#!ascii label , from subject sub-01 vox2ras=TkReg lh ROI=MFS coords=white drawn-with=delineation-helper-0.1.0
359
27668  -42.161  -45.216  -9.099 0.0000000000
28655  -35.873  -44.066  -2.835 0.0000000000
28656  -36.870  -44.184  -2.891 0.0000000000
28667  -35.188  -44.250  -3.588 0.0000000000
28668  -36.284  -44.375  -3.525 0.0000000000
28669  -37.187  -44.411  -3.608 0.0000000000
28670  -38.034  -44.326  -3.825 0.0000000000
28682  -36.597  -44.678  -4.852 0.0000000000
28683  -37.377  -44.569  -4.347 0.0000000000
28684  -38.197  -44.470  -4.617 0.0000000000
28685  -38.964  -44.261  -4.924 0.0000000000
28691  -37.497  -44.697  -5.127 0.0000000000
28692  -38.290  -44.573  -5.443 0.0000000000
28693  -39.084  -44.378  -5.733 0.0000000000
28694  -39.825  -44.146  -5.985 0.0000000000
28703  -38.384  -44.620  -6.327 0.0000000000
28704  -39.228  -44.487  -6.563 0.0000000000
28705  -40.037  -44.376  -6.736 0.0000000000
28718  -39.462  -44.593  -7.400 0.0000000000
28719  -40.341  -44.605  -7.508 0.0000000000
28720  -41.249  -44.511  -7.547 0.0000000000
28721  -42.175  -44.259  -7.637 0.0000000000
28732  -40.689  -44.894  -8.315 0.0000000000
28733  -41.685  -44.846  -8.313 0.0000000000
28734  -42.668  -44.606  -8.436 0.0000000000
28735  -43.589  -44.175  -8.797 0.0000000000
28744  -43.078  -44.932  -9.285 0.0000000000
29680  -37.094  -43.351  -1.653 0.0000000000
29681  -37.978  -43.188  -1.809 0.0000000000
29690  -35.558  -43.702  -2.159 0.0000000000
29691  -36.511  -43.758  -2.229 0.0000000000
29692  -37.450  -43.737  -2.338 0.0000000000
29693  -38.323  -43.585  -2.517 0.0000000000
29694  -39.122  -43.369  -2.771 0.0000000000
29701  -37.778  -44.107  -3.057 0.0000000000
29702  -38.609  -43.903  -3.301 0.0000000000
29703  -39.363  -43.623  -3.609 0.0000000000
29704  -40.047  -43.277  -3.976 0.0000000000
29710  -38.826  -44.123  -4.110 0.0000000000
29711  -39.525  -43.781  -4.455 0.0000000000
29712  -40.171  -43.387  -4.814 0.0000000000
29714  -39.669  -43.937  -5.241 0.0000000000
29715  -40.351  -43.588  -5.545 0.0000000000
29716  -41.065  -43.150  -5.890 0.0000000000
29719  -40.522  -43.880  -6.213 0.0000000000
29720  -41.607  -43.183  -6.427 0.0000000000
29726  -40.831  -44.210  -6.859 0.0000000000
29727  -41.663  -43.856  -6.913 0.0000000000
29728  -42.439  -43.404  -7.224 0.0000000000
29729  -43.135  -43.014  -7.675 0.0000000000
29733  -43.029  -43.829  -7.937 0.0000000000
29734  -43.715  -43.097  -8.428 0.0000000000
30652  -37.116  -42.298  -0.600 0.0000000000
30653  -37.954  -41.877  -0.782 0.0000000000
30669  -36.694  -42.929  -1.040 0.0000000000
30670  -37.561  -42.702  -1.200 0.0000000000
30671  -38.398  -42.442  -1.407 0.0000000000
30672  -39.244  -42.091  -1.616 0.0000000000
30683  -38.823  -42.964  -2.013 0.0000000000
30684  -39.538  -42.670  -2.354 0.0000000000
30685  -40.206  -42.350  -2.694 0.0000000000
30692  -39.833  -43.051  -3.128 0.0000000000
30693  -40.446  -42.640  -3.534 0.0000000000
30694  -40.957  -42.125  -3.986 0.0000000000
30698  -40.601  -42.791  -4.406 0.0000000000
30699  -41.088  -42.243  -4.859 0.0000000000
30701  -40.757  -42.923  -5.189 0.0000000000
30702  -41.239  -42.454  -5.528 0.0000000000
30705  -41.647  -42.320  -6.173 0.0000000000
30706  -42.152  -42.770  -6.719 0.0000000000
30714  -42.694  -42.439  -7.282 0.0000000000
31640  -37.790  -41.046  -0.264 0.0000000000
31641  -38.491  -41.147  -0.802 0.0000000000
31655  -39.177  -41.210  -1.240 0.0000000000
31656  -39.835  -41.360  -1.682 0.0000000000
31657  -40.292  -40.829  -1.850 0.0000000000
31668  -39.890  -42.019  -2.064 0.0000000000
31669  -40.434  -41.513  -2.309 0.0000000000
31670  -40.953  -41.286  -2.830 0.0000000000
31678  -40.785  -41.959  -3.102 0.0000000000
31679  -41.156  -41.431  -3.536 0.0000000000
31682  -41.317  -41.426  -4.479 0.0000000000
31685  -41.450  -41.683  -5.498 0.0000000000
31688  -41.824  -41.435  -6.313 0.0000000000
32641  -37.753  -40.203  -0.038 0.0000000000
32642  -38.228  -40.562  -0.569 0.0000000000
32656  -39.727  -40.477  -1.486 0.0000000000
32657  -40.417  -40.182  -1.887 0.0000000000
32670  -40.792  -40.660  -2.354 0.0000000000
32671  -41.250  -40.729  -3.075 0.0000000000
32681  -41.386  -40.840  -3.816 0.0000000000
32689  -41.494  -40.536  -4.508 0.0000000000
32696  -41.594  -40.303  -5.361 0.0000000000
32704  -41.772  -40.215  -6.196 0.0000000000
33665  -37.709  -39.594  -0.397 0.0000000000
33666  -38.261  -39.984  -0.641 0.0000000000
33675  -37.937  -39.383  -1.130 0.0000000000
33676  -38.633  -39.761  -1.134 0.0000000000
33677  -39.271  -39.762  -1.381 0.0000000000
33678  -40.006  -39.638  -1.674 0.0000000000
33690  -40.696  -39.517  -2.179 0.0000000000
33691  -41.283  -39.279  -2.866 0.0000000000
33698  -41.457  -40.017  -3.576 0.0000000000
33700  -41.573  -39.617  -4.660 0.0000000000
33702  -41.697  -39.561  -5.700 0.0000000000
33714  -47.323  -40.039  -9.064 0.0000000000
33715  -47.782  -39.223  -8.741 0.0000000000
34638  -37.113  -38.928  -0.554 0.0000000000
34653  -37.287  -38.749  -1.543 0.0000000000
34654  -38.751  -39.150  -1.554 0.0000000000
34655  -39.538  -39.162  -1.671 0.0000000000
34668  -37.555  -38.509  -2.191 0.0000000000
34669  -38.435  -38.475  -1.989 0.0000000000
34670  -39.420  -38.403  -1.941 0.0000000000
34671  -40.148  -38.870  -1.927 0.0000000000
34672  -40.797  -38.673  -2.455 0.0000000000
34677  -41.277  -38.461  -3.116 0.0000000000
34683  -41.543  -38.282  -3.978 0.0000000000
34688  -41.743  -38.270  -5.019 0.0000000000
34689  -41.975  -37.975  -5.820 0.0000000000
34704  -45.748  -38.226  -7.576 0.0000000000
34705  -46.636  -38.100  -7.683 0.0000000000
34709  -46.331  -38.966  -8.092 0.0000000000
34710  -47.205  -38.656  -8.219 0.0000000000
34711  -48.099  -38.164  -8.383 0.0000000000
35690  -37.929  -38.042  -2.579 0.0000000000
35691  -38.869  -37.732  -2.251 0.0000000000
35692  -39.706  -37.504  -2.338 0.0000000000
35693  -40.469  -37.257  -2.695 0.0000000000
35694  -40.839  -37.986  -2.716 0.0000000000
35704  -38.298  -37.214  -2.813 0.0000000000
35705  -40.918  -36.804  -3.216 0.0000000000
35706  -41.216  -37.567  -3.334 0.0000000000
35714  -41.648  -37.548  -4.297 0.0000000000
35718  -41.962  -37.461  -5.181 0.0000000000
35730  -46.046  -37.385  -7.447 0.0000000000
35731  -46.925  -37.297  -7.618 0.0000000000
35732  -47.783  -37.271  -7.921 0.0000000000
36690  -39.215  -36.929  -2.556 0.0000000000
36691  -39.878  -36.808  -2.606 0.0000000000
36700  -38.731  -36.325  -3.023 0.0000000000
36701  -40.338  -36.314  -2.993 0.0000000000
36702  -41.043  -36.158  -3.511 0.0000000000
36712  -41.735  -36.094  -4.293 0.0000000000
36713  -42.394  -35.687  -5.050 0.0000000000
36718  -42.296  -36.630  -5.323 0.0000000000
36730  -46.372  -36.537  -7.540 0.0000000000
36731  -47.285  -36.483  -7.704 0.0000000000
37608  -39.227  -35.133  -3.564 0.0000000000
37609  -39.565  -36.235  -2.860 0.0000000000
37610  -40.579  -35.661  -3.390 0.0000000000
37611  -41.168  -35.413  -3.768 0.0000000000
37619  -41.818  -35.155  -4.377 0.0000000000
37626  -42.922  -35.270  -5.762 0.0000000000
38553  -39.135  -34.518  -4.077 0.0000000000
38554  -39.840  -34.706  -3.691 0.0000000000
38555  -40.510  -35.000  -3.606 0.0000000000
38566  -39.742  -33.976  -4.330 0.0000000000
38567  -40.486  -34.290  -4.011 0.0000000000
38568  -41.179  -34.664  -4.023 0.0000000000
38575  -42.796  -34.368  -5.390 0.0000000000
38576  -43.408  -34.250  -6.078 0.0000000000
39451  -40.528  -33.484  -4.613 0.0000000000
39452  -41.489  -33.475  -4.698 0.0000000000
39453  -41.925  -34.291  -4.582 0.0000000000
39462  -41.840  -32.848  -5.165 0.0000000000
39463  -42.333  -33.567  -5.072 0.0000000000
39464  -43.027  -33.553  -5.628 0.0000000000
39466  -43.662  -33.377  -6.266 0.0000000000
40456  -41.022  -32.787  -5.064 0.0000000000
40466  -41.401  -32.178  -5.409 0.0000000000
40467  -42.123  -32.218  -5.517 0.0000000000
40468  -42.790  -32.234  -5.778 0.0000000000
41431  -35.612  -31.232  -3.231 0.0000000000
41445  -36.435  -31.374  -3.321 0.0000000000
41446  -37.124  -31.065  -3.343 0.0000000000
41447  -37.688  -30.656  -3.608 0.0000000000
42416  -34.711  -31.028  -3.349 0.0000000000
42417  -35.537  -30.602  -2.683 0.0000000000
42418  -36.423  -30.035  -2.304 0.0000000000
42428  -36.461  -30.780  -2.839 0.0000000000
42429  -37.316  -30.159  -2.940 0.0000000000
42430  -38.093  -29.995  -3.642 0.0000000000
43380  -33.687  -29.279  -2.126 0.0000000000
43381  -34.737  -29.342  -1.823 0.0000000000
43382  -35.585  -28.940  -1.533 0.0000000000
43391  -34.094  -29.942  -2.547 0.0000000000
43392  -35.337  -29.846  -2.119 0.0000000000
43393  -36.367  -29.222  -1.815 0.0000000000
43394  -37.163  -29.242  -2.358 0.0000000000
43401  -37.890  -29.065  -3.219 0.0000000000
44300  -34.207  -27.956  -0.787 0.0000000000
44301  -35.062  -27.803  -0.746 0.0000000000
44310  -34.739  -28.576  -1.268 0.0000000000
44311  -35.809  -28.025  -1.075 0.0000000000
44312  -36.302  -28.516  -1.508 0.0000000000
44319  -36.977  -28.469  -1.903 0.0000000000
44320  -37.551  -28.291  -2.644 0.0000000000
44325  -38.113  -27.993  -3.321 0.0000000000
45238  -32.668  -27.207  -0.832 0.0000000000
45239  -33.717  -27.243  -0.552 0.0000000000
45240  -34.716  -27.160  -0.485 0.0000000000
45241  -35.588  -27.119  -0.693 0.0000000000
45251  -33.081  -28.041  -1.173 0.0000000000
45252  -36.360  -27.067  -1.186 0.0000000000
45253  -36.666  -27.787  -1.550 0.0000000000
45258  -37.293  -27.572  -2.231 0.0000000000
45259  -37.776  -27.340  -2.946 0.0000000000
45264  -38.297  -27.150  -3.510 0.0000000000
46206  -32.226  -26.249  -0.746 0.0000000000
46207  -33.272  -26.378  -0.520 0.0000000000
46208  -34.240  -26.336  -0.387 0.0000000000
46209  -35.177  -26.276  -0.490 0.0000000000
46218  -36.034  -26.210  -0.901 0.0000000000
46219  -36.731  -26.170  -1.645 0.0000000000
46225  -37.505  -26.683  -2.592 0.0000000000
46229  -37.980  -26.488  -3.202 0.0000000000
47228  -32.241  -25.091  -0.787 0.0000000000
47229  -32.935  -25.566  -0.635 0.0000000000
47230  -33.721  -25.476  -0.538 0.0000000000
47231  -34.620  -25.384  -0.527 0.0000000000
47235  -35.515  -25.293  -0.762 0.0000000000
47236  -36.422  -25.167  -1.450 0.0000000000
47240  -37.141  -25.460  -2.179 0.0000000000
47241  -37.656  -25.729  -2.847 0.0000000000
48263  -33.118  -24.689  -0.851 0.0000000000
48264  -33.977  -24.503  -0.859 0.0000000000
48265  -34.892  -24.375  -0.820 0.0000000000
48269  -35.774  -24.264  -1.112 0.0000000000
49255  -34.166  -23.522  -1.250 0.0000000000
50066  -32.103  -22.094  1.160 0.0000000000
50067  -32.882  -22.292  0.854 0.0000000000
50068  -33.712  -22.084  0.735 0.0000000000
50079  -31.366  -22.330  0.612 0.0000000000
50080  -32.087  -22.540  0.257 0.0000000000
50081  -32.679  -22.649  -0.194 0.0000000000
50934  -32.676  -21.077  1.986 0.0000000000
50935  -33.309  -21.228  2.096 0.0000000000
50936  -34.100  -21.286  2.148 0.0000000000
50937  -34.973  -21.233  2.173 0.0000000000
50945  -29.499  -21.209  0.956 0.0000000000
50946  -30.215  -21.385  1.130 0.0000000000
50947  -31.211  -21.615  1.296 0.0000000000
50948  -33.517  -21.703  1.515 0.0000000000
50949  -34.346  -21.610  1.455 0.0000000000
50961  -30.545  -22.106  0.695 0.0000000000
51788  -34.228  -20.280  2.980 0.0000000000
51789  -35.071  -20.227  3.391 0.0000000000
51800  -33.040  -20.558  2.334 0.0000000000
51801  -33.789  -20.701  2.535 0.0000000000
51802  -34.602  -20.779  2.700 0.0000000000
51803  -35.504  -20.654  2.748 0.0000000000
51811  -29.772  -20.522  1.192 0.0000000000
51812  -30.654  -20.684  1.430 0.0000000000
51813  -31.482  -20.699  1.626 0.0000000000
51814  -32.181  -20.317  1.939 0.0000000000
52736  -35.373  -19.021  4.362 0.0000000000
52744  -34.246  -19.619  3.363 0.0000000000
52745  -34.615  -19.133  3.868 0.0000000000
52756  -32.809  -19.785  2.400 0.0000000000
52757  -33.541  -19.974  2.762 0.0000000000
52764  -30.208  -19.710  1.242 0.0000000000
52765  -31.052  -19.922  1.523 0.0000000000
53681  -36.609  -17.835  5.435 0.0000000000
53690  -35.218  -18.381  4.602 0.0000000000
53691  -36.029  -18.461  4.994 0.0000000000
53698  -34.005  -18.690  3.483 0.0000000000
53699  -34.648  -18.546  4.131 0.0000000000
53707  -32.847  -18.903  2.451 0.0000000000
53708  -33.373  -18.361  2.810 0.0000000000
53715  -30.796  -18.890  1.175 0.0000000000
53716  -31.614  -18.504  1.428 0.0000000000
53717  -32.280  -18.226  1.794 0.0000000000
54695  -37.535  -17.003  6.320 0.0000000000
54706  -36.000  -17.274  5.505 0.0000000000
54707  -37.129  -17.333  5.837 0.0000000000
54716  -34.751  -17.741  4.390 0.0000000000
54717  -35.540  -17.868  5.048 0.0000000000
54722  -33.737  -17.779  3.191 0.0000000000
54723  -34.226  -17.998  3.789 0.0000000000
54731  -32.839  -17.908  2.223 0.0000000000
54732  -33.310  -17.591  2.556 0.0000000000
55610  -37.296  -16.330  6.535 0.0000000000
55618  -35.749  -16.687  5.448 0.0000000000
55619  -36.530  -16.637  5.959 0.0000000000
55627  -34.658  -16.911  4.233 0.0000000000
55628  -35.209  -17.036  4.921 0.0000000000
55633  -34.188  -17.139  3.599 0.0000000000
55640  -33.641  -16.916  2.691 0.0000000000
55641  -34.161  -16.204  2.944 0.0000000000
56608  -37.208  -15.531  6.638 0.0000000000
56614  -35.932  -15.970  5.644 0.0000000000
56615  -36.429  -15.355  6.072 0.0000000000
56622  -34.947  -16.149  4.323 0.0000000000
56623  -35.493  -15.435  4.796 0.0000000000
56627  -34.699  -15.666  3.381 0.0000000000
56628  -35.149  -15.283  3.876 0.0000000000
57515  -37.075  -14.162  6.378 0.0000000000
57516  -37.423  -14.744  6.869 0.0000000000
57526  -36.005  -15.194  5.465 0.0000000000
57527  -36.461  -14.526  5.753 0.0000000000
57538  -35.963  -14.584  4.909 0.0000000000
57539  -36.383  -13.953  5.068 0.0000000000
58398  -36.874  -13.540  5.658 0.0000000000
58416  -36.120  -13.860  4.232 0.0000000000
107703  -41.411  -36.826  -3.818 0.0000000000
108690  -29.732  -21.894  0.611 0.0000000000
108859  -37.567  -44.727  -5.962 0.0000000000
109370  -46.928  -39.463  -8.573 0.0000000000
109383  -38.560  -44.588  -7.245 0.0000000000
109791  -32.097  -21.307  1.632 0.0000000000
109970  -34.497  -16.415  3.716 0.0000000000
110141  -41.496  -40.979  -5.151 0.0000000000
110417  -35.897  -44.509  -4.228 0.0000000000
111515  -35.398  -16.287  5.072 0.0000000000
111952  -41.642  -40.907  -5.863 0.0000000000
112490  -40.239  -38.086  -2.288 0.0000000000
112496  -41.502  -39.074  -3.746 0.0000000000
112900  -34.423  -30.526  -2.969 0.0000000000
114192  -42.255  -41.918  -6.774 0.0000000000
114683  -41.155  -40.043  -2.639 0.0000000000
114870  -42.572  -32.885  -5.458 0.0000000000
114896  -35.565  -14.568  3.983 0.0000000000
114971  -32.176  -19.201  1.985 0.0000000000
114992  -33.521  -19.194  2.933 0.0000000000
115025  -41.140  -34.011  -4.278 0.0000000000
116145  -36.568  -15.958  6.218 0.0000000000
116423  -41.590  -38.846  -4.522 0.0000000000
116968  -41.815  -36.910  -4.566 0.0000000000
117449  -39.891  -35.500  -3.239 0.0000000000
117590  -41.647  -39.002  -5.206 0.0000000000
118155  -38.849  -40.428  -1.030 0.0000000000
118164  -47.365  -37.926  -7.875 0.0000000000
118225  -32.783  -21.678  1.588 0.0000000000
118711  -37.024  -26.901  -1.889 0.0000000000
120107  -34.987  -19.577  3.839 0.0000000000
121924  -36.852  -14.845  6.400 0.0000000000
121938  -42.439  -34.939  -4.965 0.0000000000
122579  -33.184  -19.488  2.638 0.0000000000
123802  -37.984  -38.922  -1.719 0.0000000000
124027  -33.245  -22.481  0.036 0.0000000000
124276  -36.674  -44.554  -4.102 0.0000000000
124729  -31.568  -19.477  1.653 0.0000000000
124855  -42.700  -36.046  -5.859 0.0000000000
125375  -37.237  -26.178  -2.258 0.0000000000
125393  -37.359  -41.673  -0.299 0.0000000000
125927  -36.932  -44.750  -5.574 0.0000000000
126260  -31.736  -25.731  -0.813 0.0000000000
126558  -38.432  -28.483  -3.752 0.0000000000
126734  -43.206  -34.761  -5.939 0.0000000000
127155  -33.752  -28.552  -1.407 0.0000000000
127400  -43.148  -32.883  -5.797 0.0000000000
127474  -41.998  -43.326  -6.770 0.0000000000
127883  -31.590  -20.116  1.699 0.0000000000
127961  -41.902  -40.769  -6.479 0.0000000000
128363  -41.112  -43.660  -6.433 0.0000000000
128451  -38.676  -41.743  -1.150 0.0000000000
128521  -39.181  -35.708  -3.188 0.0000000000
128649  -40.794  -40.088  -2.222 0.0000000000
