#!ascii label , from subject sub-01 vox2ras=TkReg lh ROI=PON coords=white drawn-with=delineation-helper-0.1.0
777
16218  -35.315  -57.021  -4.109 0.0000000000
16219  -35.939  -56.960  -4.697 0.0000000000
16234  -35.454  -57.383  -4.843 0.0000000000
16249  -36.073  -57.286  -5.471 0.0000000000
16258  -35.833  -57.407  -5.959 0.0000000000
17135  -34.378  -56.754  2.487 0.0000000000
17136  -35.182  -56.611  2.644 0.0000000000
17137  -37.640  -56.049  2.157 0.0000000000
17146  -38.122  -56.552  1.556 0.0000000000
17147  -38.647  -56.283  1.163 0.0000000000
17148  -43.832  -56.100  1.269 0.0000000000
17158  -39.154  -56.496  0.555 0.0000000000
17159  -43.968  -55.972  0.429 0.0000000000
17174  -44.175  -55.857  -0.529 0.0000000000
17191  -34.314  -56.207  -2.079 0.0000000000
17204  -34.439  -56.582  -2.706 0.0000000000
17205  -34.932  -56.111  -2.793 0.0000000000
17207  -45.044  -55.773  -3.370 0.0000000000
17214  -34.806  -56.772  -3.351 0.0000000000
17215  -35.283  -56.434  -3.525 0.0000000000
17216  -35.747  -56.388  -4.052 0.0000000000
17229  -36.303  -56.328  -4.658 0.0000000000
17230  -36.901  -56.419  -5.374 0.0000000000
17245  -36.782  -57.061  -5.780 0.0000000000
17246  -37.291  -56.806  -6.020 0.0000000000
17258  -36.018  -57.219  -6.407 0.0000000000
17259  -36.765  -57.070  -6.721 0.0000000000
17260  -37.427  -56.884  -7.023 0.0000000000
17261  -37.749  -56.659  -6.661 0.0000000000
17266  -36.200  -56.768  -7.036 0.0000000000
17267  -37.021  -56.871  -7.191 0.0000000000
17268  -37.624  -56.571  -7.567 0.0000000000
17269  -38.103  -56.571  -7.372 0.0000000000
17279  -38.387  -56.411  -7.848 0.0000000000
18054  -42.355  -54.706  4.983 0.0000000000
18055  -43.083  -55.067  5.122 0.0000000000
18064  -42.587  -55.224  4.213 0.0000000000
18073  -42.560  -55.399  3.169 0.0000000000
18074  -43.255  -55.831  3.647 0.0000000000
18081  -34.077  -56.347  2.275 0.0000000000
18082  -34.644  -55.962  2.436 0.0000000000
18083  -35.511  -55.864  2.667 0.0000000000
18084  -36.287  -55.728  2.704 0.0000000000
18085  -37.069  -55.511  2.553 0.0000000000
18086  -37.722  -55.326  2.248 0.0000000000
18087  -42.615  -55.331  2.219 0.0000000000
18088  -43.210  -55.898  2.702 0.0000000000
18093  -33.942  -55.913  1.949 0.0000000000
18094  -34.213  -55.080  1.495 0.0000000000
18095  -38.318  -55.635  1.717 0.0000000000
18096  -39.026  -55.616  1.106 0.0000000000
18097  -42.656  -55.062  1.316 0.0000000000
18098  -43.208  -55.734  1.732 0.0000000000
18100  -33.668  -55.722  1.078 0.0000000000
18101  -34.024  -55.031  0.579 0.0000000000
18102  -39.565  -55.619  0.447 0.0000000000
18103  -43.272  -55.430  0.696 0.0000000000
18113  -33.657  -55.728  0.131 0.0000000000
18114  -34.140  -55.138  -0.485 0.0000000000
18117  -43.581  -54.970  -0.992 0.0000000000
18132  -33.802  -55.884  -0.689 0.0000000000
18133  -34.211  -55.712  -1.343 0.0000000000
18135  -41.222  -54.846  -1.897 0.0000000000
18136  -44.052  -54.771  -2.082 0.0000000000
18137  -44.184  -55.434  -1.619 0.0000000000
18145  -34.655  -55.524  -2.078 0.0000000000
18146  -35.206  -55.313  -2.695 0.0000000000
18147  -41.934  -55.403  -3.293 0.0000000000
18148  -44.537  -55.174  -2.971 0.0000000000
18157  -35.506  -55.814  -3.377 0.0000000000
18158  -36.025  -55.638  -4.024 0.0000000000
18160  -45.599  -54.646  -5.947 0.0000000000
18167  -36.619  -55.458  -4.707 0.0000000000
18168  -43.091  -55.351  -5.068 0.0000000000
18169  -44.087  -54.844  -6.132 0.0000000000
18178  -37.526  -56.216  -5.895 0.0000000000
18179  -38.114  -55.805  -6.432 0.0000000000
18190  -38.411  -56.358  -7.217 0.0000000000
18198  -36.730  -56.338  -7.572 0.0000000000
18199  -38.706  -56.350  -7.769 0.0000000000
18200  -39.339  -56.019  -8.116 0.0000000000
18201  -39.922  -55.688  -8.587 0.0000000000
18207  -37.179  -55.884  -8.076 0.0000000000
18208  -37.936  -56.302  -8.107 0.0000000000
18209  -39.012  -56.161  -8.318 0.0000000000
18210  -39.658  -55.861  -8.730 0.0000000000
18211  -40.277  -55.635  -9.045 0.0000000000
18212  -40.830  -55.206  -9.434 0.0000000000
18222  -39.401  -55.859  -9.023 0.0000000000
18223  -40.020  -55.676  -9.250 0.0000000000
18224  -40.554  -55.371  -9.582 0.0000000000
18225  -41.142  -55.275  -9.984 0.0000000000
18232  -40.319  -55.342  -9.888 0.0000000000
18233  -40.857  -55.336  -10.056 0.0000000000
18234  -41.225  -55.014  -10.484 0.0000000000
18994  -42.927  -53.846  6.562 0.0000000000
19006  -41.752  -54.043  5.318 0.0000000000
19015  -41.283  -53.807  4.419 0.0000000000
19022  -41.480  -54.116  3.505 0.0000000000
19023  -41.959  -54.845  3.510 0.0000000000
19030  -35.065  -54.548  2.345 0.0000000000
19031  -35.756  -54.473  2.602 0.0000000000
19032  -36.452  -54.956  2.687 0.0000000000
19033  -37.316  -54.682  2.485 0.0000000000
19034  -38.122  -54.780  2.134 0.0000000000
19035  -41.650  -54.092  2.653 0.0000000000
19036  -42.017  -54.794  2.593 0.0000000000
19039  -34.677  -54.360  1.854 0.0000000000
19040  -38.775  -54.799  1.581 0.0000000000
19041  -39.402  -54.786  0.954 0.0000000000
19042  -41.957  -54.180  1.908 0.0000000000
19043  -42.317  -54.329  1.208 0.0000000000
19045  -34.354  -54.308  1.080 0.0000000000
19046  -39.654  -53.915  0.602 0.0000000000
19047  -42.793  -54.509  0.419 0.0000000000
19048  -43.219  -54.917  -0.122 0.0000000000
19054  -34.418  -54.272  -0.724 0.0000000000
19055  -40.159  -53.926  -0.151 0.0000000000
19056  -40.525  -53.948  -0.909 0.0000000000
19057  -43.231  -54.304  -0.550 0.0000000000
19068  -34.515  -54.942  -1.384 0.0000000000
19069  -40.909  -53.950  -1.619 0.0000000000
19070  -41.308  -53.959  -2.240 0.0000000000
19071  -43.835  -54.140  -1.758 0.0000000000
19081  -34.887  -54.727  -2.117 0.0000000000
19082  -35.303  -54.583  -2.683 0.0000000000
19083  -41.603  -54.548  -2.722 0.0000000000
19084  -44.705  -54.342  -3.566 0.0000000000
19085  -45.126  -54.744  -4.463 0.0000000000
19097  -35.698  -54.908  -3.364 0.0000000000
19098  -36.202  -54.890  -4.055 0.0000000000
19099  -42.136  -54.230  -3.607 0.0000000000
19100  -42.575  -54.878  -4.302 0.0000000000
19101  -45.876  -53.579  -5.288 0.0000000000
19102  -45.613  -53.965  -5.677 0.0000000000
19109  -36.537  -54.419  -4.526 0.0000000000
19110  -43.436  -54.407  -5.388 0.0000000000
19111  -44.810  -53.950  -6.372 0.0000000000
19112  -45.542  -54.033  -6.309 0.0000000000
19115  -37.020  -54.835  -5.155 0.0000000000
19116  -37.538  -55.282  -5.713 0.0000000000
19117  -45.301  -54.628  -6.646 0.0000000000
19124  -37.859  -54.680  -6.078 0.0000000000
19125  -38.497  -54.970  -6.675 0.0000000000
19134  -36.255  -55.330  -7.906 0.0000000000
19135  -39.127  -55.338  -7.408 0.0000000000
19136  -39.805  -55.182  -8.062 0.0000000000
19144  -35.766  -54.372  -8.226 0.0000000000
19145  -36.690  -54.772  -8.443 0.0000000000
19146  -37.733  -55.467  -8.602 0.0000000000
19147  -38.665  -55.785  -8.826 0.0000000000
19148  -40.457  -55.017  -8.730 0.0000000000
19159  -37.086  -54.206  -9.023 0.0000000000
19160  -37.986  -54.692  -9.287 0.0000000000
19161  -38.865  -55.112  -9.497 0.0000000000
19162  -39.661  -55.320  -9.659 0.0000000000
19163  -41.080  -54.509  -9.296 0.0000000000
19164  -41.424  -54.903  -9.875 0.0000000000
19165  -41.914  -54.401  -10.344 0.0000000000
19173  -39.057  -54.420  -10.255 0.0000000000
19174  -39.887  -54.755  -10.431 0.0000000000
19175  -40.659  -54.998  -10.496 0.0000000000
19176  -41.603  -54.822  -10.469 0.0000000000
19177  -42.287  -54.480  -10.947 0.0000000000
19189  -40.219  -54.327  -11.222 0.0000000000
19190  -41.069  -54.680  -11.184 0.0000000000
19191  -41.826  -54.673  -11.154 0.0000000000
19192  -42.506  -54.265  -11.555 0.0000000000
19201  -36.183  -54.520  -13.448 0.0000000000
19202  -41.475  -54.303  -11.874 0.0000000000
19203  -42.117  -54.340  -11.856 0.0000000000
19211  -35.744  -54.677  -14.430 0.0000000000
19212  -37.399  -54.495  -14.819 0.0000000000
19221  -36.186  -54.571  -15.415 0.0000000000
19222  -36.889  -54.539  -15.397 0.0000000000
19223  -37.446  -54.271  -15.781 0.0000000000
19231  -35.757  -54.224  -16.059 0.0000000000
19232  -36.639  -54.253  -16.018 0.0000000000
19905  -41.838  -53.182  8.393 0.0000000000
19912  -42.107  -53.072  7.806 0.0000000000
19913  -42.451  -53.453  8.122 0.0000000000
19920  -42.242  -53.154  7.359 0.0000000000
19921  -42.764  -53.518  7.557 0.0000000000
19931  -41.897  -53.121  6.787 0.0000000000
19932  -42.664  -53.408  6.977 0.0000000000
19939  -40.892  -52.877  5.808 0.0000000000
19940  -41.424  -53.320  5.976 0.0000000000
19941  -42.221  -53.668  6.254 0.0000000000
19948  -40.981  -53.291  5.156 0.0000000000
19957  -40.900  -53.155  4.342 0.0000000000
19958  -41.083  -53.311  3.663 0.0000000000
19967  -36.613  -54.155  2.620 0.0000000000
19968  -37.296  -53.945  2.507 0.0000000000
19969  -37.808  -53.449  2.324 0.0000000000
19970  -41.350  -53.399  2.855 0.0000000000
19979  -35.288  -53.600  2.270 0.0000000000
19980  -38.612  -53.211  1.736 0.0000000000
19981  -39.335  -52.974  0.918 0.0000000000
19982  -41.744  -53.453  2.087 0.0000000000
19983  -42.115  -53.564  1.332 0.0000000000
19990  -34.664  -53.558  1.494 0.0000000000
19991  -42.511  -53.720  0.625 0.0000000000
19999  -34.407  -52.939  0.082 0.0000000000
20000  -39.834  -53.083  0.072 0.0000000000
20001  -40.262  -53.143  -0.643 0.0000000000
20002  -42.913  -53.743  -0.099 0.0000000000
20003  -43.443  -53.595  -0.881 0.0000000000
20009  -34.708  -53.180  -1.726 0.0000000000
20010  -40.628  -53.163  -1.352 0.0000000000
20011  -41.117  -53.063  -2.109 0.0000000000
20012  -44.676  -53.734  -3.107 0.0000000000
20020  -35.055  -53.817  -2.327 0.0000000000
20021  -35.371  -53.170  -2.880 0.0000000000
20022  -46.315  -53.019  -6.115 0.0000000000
20034  -35.716  -53.418  -3.429 0.0000000000
20035  -36.030  -53.256  -3.879 0.0000000000
20036  -42.407  -53.248  -3.994 0.0000000000
20037  -45.918  -53.432  -6.267 0.0000000000
20046  -36.409  -53.542  -4.405 0.0000000000
20047  -43.706  -53.668  -5.579 0.0000000000
20048  -44.601  -53.145  -6.095 0.0000000000
20049  -45.600  -53.574  -6.356 0.0000000000
20052  -36.916  -53.849  -5.113 0.0000000000
20053  -37.484  -53.776  -5.783 0.0000000000
20056  -38.091  -53.895  -6.399 0.0000000000
20057  -38.726  -54.083  -7.019 0.0000000000
20062  -39.387  -54.170  -7.596 0.0000000000
20072  -36.187  -53.932  -8.816 0.0000000000
20073  -39.992  -54.025  -8.204 0.0000000000
20074  -40.604  -53.766  -8.766 0.0000000000
20088  -37.383  -53.793  -9.748 0.0000000000
20089  -38.206  -54.042  -9.983 0.0000000000
20090  -41.247  -53.389  -9.369 0.0000000000
20091  -41.962  -53.583  -10.042 0.0000000000
20105  -36.300  -53.663  -10.763 0.0000000000
20106  -37.593  -53.585  -10.469 0.0000000000
20107  -38.283  -53.571  -11.002 0.0000000000
20108  -39.284  -53.893  -11.156 0.0000000000
20109  -42.660  -53.796  -10.737 0.0000000000
20110  -43.364  -53.425  -11.326 0.0000000000
20111  -44.028  -53.144  -11.798 0.0000000000
20123  -36.258  -53.912  -11.658 0.0000000000
20124  -37.193  -53.585  -11.398 0.0000000000
20125  -38.741  -53.541  -11.975 0.0000000000
20126  -39.633  -53.656  -12.178 0.0000000000
20127  -40.657  -54.005  -11.995 0.0000000000
20128  -42.887  -53.960  -11.369 0.0000000000
20129  -43.384  -53.604  -11.718 0.0000000000
20134  -35.699  -54.332  -12.368 0.0000000000
20135  -36.637  -54.056  -12.523 0.0000000000
20136  -37.574  -53.806  -12.706 0.0000000000
20137  -38.521  -53.643  -12.984 0.0000000000
20138  -40.241  -53.561  -13.049 0.0000000000
20139  -41.101  -53.810  -12.686 0.0000000000
20140  -41.848  -54.019  -12.487 0.0000000000
20141  -42.606  -53.985  -12.284 0.0000000000
20142  -43.658  -53.486  -12.079 0.0000000000
20143  -44.239  -53.006  -12.230 0.0000000000
20149  -37.061  -54.326  -13.665 0.0000000000
20150  -37.969  -54.123  -14.021 0.0000000000
20151  -38.872  -53.754  -14.471 0.0000000000
20152  -39.783  -53.484  -14.310 0.0000000000
20153  -40.741  -53.472  -13.640 0.0000000000
20154  -41.347  -53.257  -13.866 0.0000000000
20155  -42.885  -53.405  -12.906 0.0000000000
20156  -43.700  -53.153  -12.673 0.0000000000
20157  -44.271  -52.716  -12.670 0.0000000000
20163  -38.171  -54.132  -15.239 0.0000000000
20164  -38.843  -53.506  -15.476 0.0000000000
20165  -39.597  -53.284  -15.111 0.0000000000
20166  -40.414  -53.204  -14.491 0.0000000000
20167  -40.922  -52.708  -14.558 0.0000000000
20175  -35.222  -53.617  -16.301 0.0000000000
20176  -36.169  -53.632  -16.390 0.0000000000
20177  -37.194  -53.587  -16.308 0.0000000000
20178  -38.513  -53.201  -15.826 0.0000000000
20179  -39.256  -52.871  -15.478 0.0000000000
20789  -40.443  -52.371  9.003 0.0000000000
20790  -41.133  -52.811  8.703 0.0000000000
20796  -40.836  -52.219  8.332 0.0000000000
20797  -41.520  -52.588  8.066 0.0000000000
20807  -40.927  -52.157  7.727 0.0000000000
20808  -41.578  -52.684  7.393 0.0000000000
20820  -41.153  -52.733  6.527 0.0000000000
20829  -40.646  -52.605  5.336 0.0000000000
20838  -40.648  -52.597  4.636 0.0000000000
20846  -40.823  -52.592  3.867 0.0000000000
20847  -41.120  -52.637  3.110 0.0000000000
20850  -35.378  -52.683  2.187 0.0000000000
20851  -35.633  -51.908  2.289 0.0000000000
20852  -36.060  -52.773  2.548 0.0000000000
20853  -37.018  -52.376  2.573 0.0000000000
20854  -38.007  -52.525  2.216 0.0000000000
20855  -41.563  -52.722  2.360 0.0000000000
20865  -35.011  -52.222  1.753 0.0000000000
20866  -38.829  -52.340  1.466 0.0000000000
20867  -39.299  -52.106  0.827 0.0000000000
20868  -42.012  -52.842  1.626 0.0000000000
20869  -42.540  -52.842  0.818 0.0000000000
20885  -34.463  -52.036  0.344 0.0000000000
20886  -39.653  -52.282  0.240 0.0000000000
20887  -43.076  -52.711  0.197 0.0000000000
20888  -43.437  -52.240  0.337 0.0000000000
20902  -34.453  -52.337  -0.563 0.0000000000
20903  -40.062  -52.386  -0.412 0.0000000000
20904  -40.436  -52.446  -1.080 0.0000000000
20905  -43.668  -52.584  -0.357 0.0000000000
20906  -44.566  -52.627  -1.263 0.0000000000
20907  -47.640  -52.683  -1.742 0.0000000000
20908  -48.832  -52.598  -1.669 0.0000000000
20917  -40.777  -52.515  -1.651 0.0000000000
20918  -41.126  -52.154  -2.127 0.0000000000
20919  -44.663  -53.221  -2.332 0.0000000000
20920  -45.708  -53.030  -3.074 0.0000000000
20921  -46.856  -52.864  -3.514 0.0000000000
20922  -47.808  -52.664  -3.284 0.0000000000
20923  -48.647  -52.447  -2.835 0.0000000000
20924  -49.293  -52.192  -2.296 0.0000000000
20932  -34.784  -52.364  -1.916 0.0000000000
20933  -35.259  -52.243  -2.683 0.0000000000
20934  -41.601  -52.457  -2.793 0.0000000000
20935  -42.217  -52.043  -3.413 0.0000000000
20936  -45.927  -53.365  -4.402 0.0000000000
20937  -46.916  -52.724  -5.157 0.0000000000
20938  -47.596  -52.478  -4.545 0.0000000000
20939  -48.260  -52.229  -3.966 0.0000000000
20940  -48.857  -52.054  -3.190 0.0000000000
20947  -35.734  -52.629  -3.492 0.0000000000
20948  -42.101  -52.640  -3.498 0.0000000000
20949  -42.873  -52.418  -4.372 0.0000000000
20950  -43.847  -52.087  -5.160 0.0000000000
20951  -47.202  -52.228  -5.218 0.0000000000
20952  -47.654  -52.138  -4.740 0.0000000000
20953  -47.984  -51.805  -4.399 0.0000000000
20963  -36.280  -52.639  -4.277 0.0000000000
20964  -43.257  -53.109  -5.034 0.0000000000
20965  -44.854  -52.521  -6.001 0.0000000000
20966  -45.841  -52.580  -6.163 0.0000000000
20973  -36.738  -52.301  -4.984 0.0000000000
20974  -37.292  -52.047  -5.704 0.0000000000
20976  -37.648  -52.962  -6.120 0.0000000000
20977  -38.317  -52.981  -6.774 0.0000000000
20983  -38.887  -53.175  -7.341 0.0000000000
20984  -39.475  -53.095  -7.859 0.0000000000
20990  -40.063  -52.951  -8.387 0.0000000000
20991  -40.628  -52.697  -8.868 0.0000000000
20994  -41.116  -52.381  -9.280 0.0000000000
20995  -41.751  -52.583  -9.726 0.0000000000
20996  -42.484  -52.815  -10.275 0.0000000000
21000  -31.149  -52.103  -10.655 0.0000000000
21001  -43.241  -52.930  -10.783 0.0000000000
21002  -43.983  -52.760  -11.280 0.0000000000
21003  -44.599  -52.591  -11.639 0.0000000000
21004  -45.254  -52.150  -11.668 0.0000000000
21008  -30.805  -52.109  -11.678 0.0000000000
21009  -31.704  -51.834  -11.362 0.0000000000
21010  -44.780  -52.655  -12.010 0.0000000000
21011  -45.421  -52.064  -12.177 0.0000000000
21018  -34.090  -52.074  -13.307 0.0000000000
21019  -35.010  -52.109  -13.241 0.0000000000
21020  -44.749  -52.464  -12.422 0.0000000000
21021  -45.064  -51.971  -12.641 0.0000000000
21027  -34.567  -52.325  -14.211 0.0000000000
21028  -35.367  -52.295  -14.104 0.0000000000
21029  -37.064  -52.200  -14.756 0.0000000000
21030  -42.241  -52.264  -13.966 0.0000000000
21031  -43.955  -52.552  -13.070 0.0000000000
21032  -44.496  -52.158  -12.987 0.0000000000
21039  -35.209  -52.562  -15.243 0.0000000000
21040  -36.821  -52.558  -15.616 0.0000000000
21041  -38.563  -52.727  -15.702 0.0000000000
21042  -40.123  -52.745  -15.055 0.0000000000
21046  -35.646  -52.991  -16.126 0.0000000000
21047  -36.523  -52.964  -16.206 0.0000000000
21048  -37.930  -53.122  -16.070 0.0000000000
21709  -39.765  -51.747  9.198 0.0000000000
21710  -40.295  -51.842  8.589 0.0000000000
21720  -39.842  -51.278  8.559 0.0000000000
21721  -40.340  -51.545  8.028 0.0000000000
21734  -40.291  -51.546  7.291 0.0000000000
21743  -40.192  -51.509  6.456 0.0000000000
21751  -40.200  -51.414  5.693 0.0000000000
21761  -40.376  -51.855  5.037 0.0000000000
21775  -40.613  -51.943  4.189 0.0000000000
21776  -40.953  -51.975  3.477 0.0000000000
21786  -35.614  -51.115  2.174 0.0000000000
21787  -36.164  -51.230  2.464 0.0000000000
21788  -36.873  -51.473  2.582 0.0000000000
21789  -37.666  -51.685  2.392 0.0000000000
21790  -41.440  -51.941  2.749 0.0000000000
21791  -42.164  -51.466  2.404 0.0000000000
21792  -42.931  -51.064  2.190 0.0000000000
21804  -34.711  -51.744  1.143 0.0000000000
21805  -35.163  -51.426  1.749 0.0000000000
21806  -38.446  -51.661  1.929 0.0000000000
21807  -39.093  -51.512  1.246 0.0000000000
21808  -41.994  -52.162  2.009 0.0000000000
21809  -42.643  -51.701  1.710 0.0000000000
21810  -43.521  -51.377  1.499 0.0000000000
21811  -44.513  -51.167  1.895 0.0000000000
21826  -34.621  -51.224  0.546 0.0000000000
21827  -39.651  -51.465  0.444 0.0000000000
21828  -40.190  -51.200  -0.182 0.0000000000
21829  -42.992  -52.021  0.950 0.0000000000
21830  -43.796  -51.756  0.695 0.0000000000
21831  -45.067  -51.499  1.177 0.0000000000
21832  -45.695  -51.939  0.310 0.0000000000
21850  -34.541  -51.354  -0.380 0.0000000000
21851  -39.959  -51.784  -0.170 0.0000000000
21852  -40.386  -51.680  -0.775 0.0000000000
21853  -40.886  -51.225  -1.232 0.0000000000
21854  -44.136  -52.119  -0.091 0.0000000000
21855  -45.032  -52.126  -0.553 0.0000000000
21856  -46.170  -52.369  -1.031 0.0000000000
21857  -46.910  -52.434  -0.245 0.0000000000
21866  -34.753  -50.969  -1.304 0.0000000000
21867  -35.078  -50.693  -1.950 0.0000000000
21868  -40.741  -51.886  -1.512 0.0000000000
21869  -41.289  -51.499  -1.869 0.0000000000
21870  -41.960  -51.171  -2.213 0.0000000000
21871  -45.708  -52.610  -1.898 0.0000000000
21872  -46.802  -52.713  -2.289 0.0000000000
21873  -49.319  -51.855  -2.493 0.0000000000
21882  -34.942  -51.461  -2.099 0.0000000000
21883  -41.704  -51.766  -2.594 0.0000000000
21884  -42.451  -51.515  -3.068 0.0000000000
21885  -43.397  -51.299  -3.617 0.0000000000
21886  -48.458  -51.824  -3.784 0.0000000000
21887  -48.794  -51.568  -3.168 0.0000000000
21896  -35.685  -50.993  -3.233 0.0000000000
21897  -36.050  -51.272  -3.860 0.0000000000
21898  -43.042  -51.799  -4.116 0.0000000000
21899  -44.158  -51.638  -4.847 0.0000000000
21900  -45.650  -51.763  -5.594 0.0000000000
21901  -47.429  -51.828  -5.017 0.0000000000
21910  -36.397  -51.720  -4.440 0.0000000000
21911  -44.901  -52.053  -5.757 0.0000000000
21918  -36.862  -51.422  -5.085 0.0000000000
21919  -37.330  -51.088  -5.654 0.0000000000
21922  -37.643  -51.475  -6.145 0.0000000000
21923  -38.119  -51.387  -6.620 0.0000000000
21937  -40.017  -51.278  -8.363 0.0000000000
21938  -40.713  -51.689  -8.922 0.0000000000
21940  -31.910  -51.748  -10.104 0.0000000000
21944  -41.454  -51.690  -9.433 0.0000000000
21945  -42.275  -51.744  -9.927 0.0000000000
21946  -43.147  -51.381  -10.180 0.0000000000
21947  -44.183  -51.151  -10.297 0.0000000000
21948  -45.355  -51.271  -10.526 0.0000000000
21949  -46.215  -51.238  -10.732 0.0000000000
21950  -32.817  -51.470  -10.072 0.0000000000
21951  -33.656  -51.308  -10.138 0.0000000000
21952  -34.497  -51.172  -10.240 0.0000000000
21953  -35.260  -51.100  -10.535 0.0000000000
21954  -35.965  -51.102  -11.028 0.0000000000
21955  -42.947  -52.187  -10.414 0.0000000000
21956  -43.738  -52.115  -10.673 0.0000000000
21957  -44.766  -52.038  -11.061 0.0000000000
21958  -45.740  -51.666  -11.167 0.0000000000
21959  -46.459  -51.281  -11.195 0.0000000000
21960  -32.489  -51.654  -11.604 0.0000000000
21961  -33.300  -51.624  -11.704 0.0000000000
21962  -34.203  -51.620  -11.639 0.0000000000
21963  -35.221  -51.523  -11.440 0.0000000000
21964  -36.554  -51.095  -11.666 0.0000000000
21965  -37.155  -51.060  -12.311 0.0000000000
21966  -45.911  -51.647  -11.686 0.0000000000
21967  -46.417  -51.158  -11.722 0.0000000000
21968  -31.953  -51.742  -12.159 0.0000000000
21969  -32.619  -51.752  -12.579 0.0000000000
21970  -33.644  -51.791  -12.504 0.0000000000
21971  -34.612  -51.822  -12.387 0.0000000000
21972  -35.577  -51.747  -12.369 0.0000000000
21973  -36.533  -51.509  -12.492 0.0000000000
21974  -37.347  -51.363  -13.135 0.0000000000
21975  -43.918  -51.335  -13.217 0.0000000000
21976  -44.780  -51.463  -12.927 0.0000000000
21977  -45.488  -51.469  -12.472 0.0000000000
21980  -35.920  -52.016  -13.355 0.0000000000
21981  -36.808  -51.853  -13.704 0.0000000000
21982  -37.732  -51.753  -14.380 0.0000000000
21983  -38.629  -51.506  -14.565 0.0000000000
21984  -39.411  -51.424  -14.654 0.0000000000
21985  -40.191  -51.407  -14.576 0.0000000000
21986  -42.942  -51.653  -13.573 0.0000000000
21987  -43.857  -51.976  -13.370 0.0000000000
21988  -38.390  -52.105  -15.195 0.0000000000
21989  -39.082  -52.128  -15.276 0.0000000000
21990  -39.845  -52.150  -15.132 0.0000000000
21991  -40.590  -52.091  -14.787 0.0000000000
22663  -39.035  -50.362  9.353 0.0000000000
22674  -39.432  -50.404  8.578 0.0000000000
22675  -39.785  -50.898  8.087 0.0000000000
22689  -39.592  -50.201  7.790 0.0000000000
22690  -39.833  -50.893  7.500 0.0000000000
22697  -39.681  -50.172  7.046 0.0000000000
22698  -39.840  -50.188  6.407 0.0000000000
22703  -40.339  -50.774  5.157 0.0000000000
22720  -40.952  -50.541  4.348 0.0000000000
22737  -40.915  -51.330  3.866 0.0000000000
22738  -41.573  -50.796  3.552 0.0000000000
22739  -42.999  -50.153  3.370 0.0000000000
22740  -43.922  -50.222  3.358 0.0000000000
22748  -35.933  -50.362  2.316 0.0000000000
22749  -36.823  -50.543  2.619 0.0000000000
22750  -37.749  -50.379  2.606 0.0000000000
22751  -38.560  -50.296  2.287 0.0000000000
22752  -39.193  -50.271  1.788 0.0000000000
22753  -41.755  -51.276  2.978 0.0000000000
22754  -42.421  -50.771  2.953 0.0000000000
22755  -44.357  -50.705  2.721 0.0000000000
22763  -34.888  -50.947  1.208 0.0000000000
22764  -35.332  -50.652  1.777 0.0000000000
22765  -38.804  -50.879  1.747 0.0000000000
22766  -39.528  -50.689  1.083 0.0000000000
22767  -40.246  -50.202  0.729 0.0000000000
22778  -34.810  -50.600  0.670 0.0000000000
22779  -35.140  -50.116  1.169 0.0000000000
22780  -40.020  -50.798  0.348 0.0000000000
22781  -40.624  -50.505  -0.080 0.0000000000
22782  -41.434  -50.033  -0.190 0.0000000000
22783  -42.441  -49.678  -0.169 0.0000000000
22801  -34.680  -50.721  0.111 0.0000000000
22802  -34.962  -50.034  0.199 0.0000000000
22803  -40.606  -51.016  -0.658 0.0000000000
22804  -41.122  -50.636  -0.793 0.0000000000
22805  -41.933  -50.309  -0.883 0.0000000000
22806  -42.883  -50.122  -0.993 0.0000000000
22807  -43.869  -49.966  -1.184 0.0000000000
22808  -47.225  -49.996  -1.614 0.0000000000
22819  -34.801  -50.488  -0.562 0.0000000000
22820  -35.147  -50.128  -1.394 0.0000000000
22821  -41.536  -50.871  -1.473 0.0000000000
22822  -42.356  -50.624  -1.661 0.0000000000
22823  -43.341  -50.463  -1.861 0.0000000000
22824  -44.416  -50.336  -2.140 0.0000000000
22825  -45.597  -50.300  -2.619 0.0000000000
22826  -46.377  -49.949  -1.912 0.0000000000
22827  -47.651  -50.447  -2.637 0.0000000000
22828  -49.145  -51.197  -2.415 0.0000000000
22834  -35.438  -50.148  -2.272 0.0000000000
22835  -42.814  -50.945  -2.553 0.0000000000
22836  -43.863  -50.765  -2.925 0.0000000000
22837  -45.004  -50.660  -3.355 0.0000000000
22838  -46.040  -50.657  -3.798 0.0000000000
22839  -46.964  -50.573  -3.504 0.0000000000
22840  -48.186  -51.165  -3.736 0.0000000000
22848  -35.737  -50.276  -3.016 0.0000000000
22849  -36.136  -50.485  -3.706 0.0000000000
22850  -44.593  -51.130  -4.216 0.0000000000
22851  -45.837  -51.105  -4.655 0.0000000000
22852  -46.855  -51.195  -4.648 0.0000000000
22853  -47.582  -51.348  -4.414 0.0000000000
22864  -36.561  -50.776  -4.484 0.0000000000
22865  -37.020  -50.077  -4.868 0.0000000000
22874  -37.038  -50.697  -5.142 0.0000000000
22875  -37.497  -50.226  -5.579 0.0000000000
22878  -37.786  -50.774  -6.189 0.0000000000
22902  -35.331  -50.066  -9.639 0.0000000000
22903  -41.844  -51.012  -9.515 0.0000000000
22904  -42.523  -50.765  -9.686 0.0000000000
22910  -35.042  -50.625  -9.803 0.0000000000
22911  -35.785  -50.399  -10.342 0.0000000000
22912  -36.452  -50.470  -11.155 0.0000000000
22915  -37.011  -50.510  -11.843 0.0000000000
22916  -37.572  -50.361  -12.459 0.0000000000
22921  -38.272  -50.273  -13.095 0.0000000000
22926  -43.123  -51.069  -13.272 0.0000000000
22929  -38.110  -51.143  -13.616 0.0000000000
22930  -38.880  -50.803  -13.913 0.0000000000
22931  -39.647  -50.750  -13.967 0.0000000000
22932  -40.494  -50.809  -13.863 0.0000000000
22933  -41.390  -50.923  -13.675 0.0000000000
22934  -42.317  -51.035  -13.450 0.0000000000
23625  -39.003  -49.503  9.026 0.0000000000
23636  -39.387  -49.453  8.215 0.0000000000
23650  -39.636  -49.470  7.414 0.0000000000
23652  -39.858  -49.559  6.652 0.0000000000
23660  -41.409  -49.275  4.959 0.0000000000
23661  -42.242  -48.846  4.981 0.0000000000
23683  -40.726  -49.865  5.015 0.0000000000
23684  -41.327  -49.827  4.550 0.0000000000
23685  -43.058  -49.172  4.501 0.0000000000
23701  -37.097  -48.870  3.031 0.0000000000
23702  -37.884  -48.972  3.231 0.0000000000
23703  -38.809  -48.986  3.062 0.0000000000
23704  -41.749  -50.082  4.045 0.0000000000
23705  -42.599  -49.775  3.961 0.0000000000
23706  -43.531  -49.728  3.926 0.0000000000
23715  -35.925  -49.443  2.183 0.0000000000
23716  -36.572  -49.610  2.606 0.0000000000
23717  -37.345  -49.666  2.839 0.0000000000
23718  -38.248  -49.671  2.787 0.0000000000
23719  -39.220  -49.619  2.331 0.0000000000
23720  -40.105  -49.269  1.964 0.0000000000
23729  -35.588  -49.378  1.542 0.0000000000
23730  -39.802  -49.913  1.497 0.0000000000
23731  -40.535  -49.549  1.241 0.0000000000
23732  -41.283  -49.228  1.121 0.0000000000
23733  -42.024  -48.905  1.102 0.0000000000
23744  -35.382  -49.354  0.700 0.0000000000
23745  -40.943  -49.775  0.502 0.0000000000
23746  -41.772  -49.447  0.490 0.0000000000
23747  -42.606  -49.124  0.619 0.0000000000
23748  -44.050  -49.192  0.143 0.0000000000
23749  -44.937  -49.358  -0.334 0.0000000000
23750  -45.688  -49.206  -0.091 0.0000000000
23765  -43.429  -49.615  -0.408 0.0000000000
23766  -45.010  -49.838  -1.324 0.0000000000
23767  -45.766  -49.524  -0.815 0.0000000000
23768  -46.543  -49.611  -0.937 0.0000000000
23779  -35.581  -49.462  -1.899 0.0000000000
23784  -35.836  -49.561  -2.698 0.0000000000
23785  -36.329  -48.987  -3.062 0.0000000000
23792  -36.212  -49.719  -3.433 0.0000000000
23793  -36.724  -49.139  -3.837 0.0000000000
23800  -36.601  -49.912  -4.173 0.0000000000
23801  -37.121  -49.372  -4.565 0.0000000000
23808  -37.440  -49.586  -5.173 0.0000000000
24592  -39.852  -48.925  7.060 0.0000000000
24593  -40.284  -48.824  6.350 0.0000000000
24594  -41.158  -48.340  5.905 0.0000000000
24606  -40.781  -49.111  5.518 0.0000000000
24607  -41.562  -48.718  5.376 0.0000000000
24643  -36.933  -47.969  3.037 0.0000000000
24644  -37.653  -48.184  3.415 0.0000000000
24645  -38.484  -48.314  3.524 0.0000000000
24646  -39.402  -48.355  3.338 0.0000000000
24647  -40.411  -48.239  2.935 0.0000000000
24657  -36.005  -48.718  1.934 0.0000000000
24658  -36.493  -48.064  2.297 0.0000000000
24659  -39.716  -48.846  2.658 0.0000000000
24660  -41.106  -48.453  2.238 0.0000000000
24671  -35.800  -48.678  1.129 0.0000000000
24672  -36.262  -48.074  1.538 0.0000000000
24673  -40.831  -48.954  1.721 0.0000000000
24674  -41.563  -48.691  1.636 0.0000000000
24675  -42.770  -48.596  1.230 0.0000000000
24689  -35.732  -48.693  0.212 0.0000000000
24690  -36.243  -47.969  0.558 0.0000000000
24691  -43.493  -48.771  0.750 0.0000000000
24692  -44.904  -48.815  0.460 0.0000000000
24705  -35.760  -48.742  -0.674 0.0000000000
24706  -36.104  -48.241  -0.279 0.0000000000
24714  -35.841  -48.819  -1.515 0.0000000000
24721  -36.003  -48.915  -2.302 0.0000000000
106317  -42.087  -53.584  -13.049 0.0000000000
107297  -44.268  -51.447  1.124 0.0000000000
107858  -38.088  -53.676  -15.998 0.0000000000
107870  -48.570  -50.920  -2.910 0.0000000000
108361  -44.240  -49.573  -0.587 0.0000000000
108516  -35.810  -55.237  2.700 0.0000000000
108542  -36.060  -56.505  2.674 0.0000000000
108564  -41.889  -51.563  -13.972 0.0000000000
108567  -36.895  -56.325  2.520 0.0000000000
108715  -34.424  -53.589  0.629 0.0000000000
108978  -36.184  -52.333  -14.619 0.0000000000
109100  -39.927  -54.783  0.237 0.0000000000
109131  -31.391  -51.871  -12.199 0.0000000000
109312  -45.111  -55.241  -4.264 0.0000000000
109739  -42.263  -54.766  1.820 0.0000000000
109934  -39.481  -50.989  9.105 0.0000000000
110035  -33.888  -51.475  -10.916 0.0000000000
110151  -45.926  -51.462  -12.096 0.0000000000
110166  -40.770  -52.152  6.968 0.0000000000
110203  -39.352  -53.556  -13.332 0.0000000000
110321  -42.759  -54.360  5.826 0.0000000000
110365  -43.099  -53.906  -11.880 0.0000000000
110470  -43.610  -55.428  -0.098 0.0000000000
110748  -40.505  -52.217  5.999 0.0000000000
110802  -34.653  -54.057  -1.537 0.0000000000
110900  -34.585  -55.164  2.163 0.0000000000
111174  -37.366  -54.461  -5.558 0.0000000000
111472  -41.436  -53.600  -13.126 0.0000000000
111593  -42.225  -48.477  1.597 0.0000000000
111765  -48.282  -50.457  -1.833 0.0000000000
111899  -42.232  -53.013  -13.590 0.0000000000
111954  -37.834  -54.178  2.337 0.0000000000
112214  -36.877  -53.314  2.592 0.0000000000
112360  -41.300  -51.461  3.314 0.0000000000
112576  -45.422  -54.639  -6.646 0.0000000000
112756  -46.763  -51.766  -5.409 0.0000000000
112819  -38.980  -52.250  -7.504 0.0000000000
112848  -35.208  -55.202  2.520 0.0000000000
112854  -37.130  -57.060  -6.419 0.0000000000
113115  -38.427  -56.185  -8.301 0.0000000000
113358  -34.581  -52.701  1.072 0.0000000000
113495  -34.467  -53.302  -0.860 0.0000000000
113778  -43.198  -49.300  0.218 0.0000000000
113936  -38.437  -54.058  1.997 0.0000000000
114094  -36.037  -51.434  -11.691 0.0000000000
114162  -38.129  -51.000  2.296 0.0000000000
114173  -35.373  -49.322  -0.207 0.0000000000
114249  -39.141  -53.957  1.398 0.0000000000
114430  -37.102  -52.987  -5.437 0.0000000000
114652  -36.069  -52.672  -15.711 0.0000000000
114831  -33.076  -51.527  -10.894 0.0000000000
115076  -40.167  -49.837  5.823 0.0000000000
115834  -34.993  -52.946  -2.314 0.0000000000
115904  -36.436  -53.607  -9.707 0.0000000000
116627  -41.684  -53.414  -2.996 0.0000000000
116715  -43.372  -50.577  2.753 0.0000000000
116734  -45.815  -53.142  -6.313 0.0000000000
116760  -39.874  -50.827  6.751 0.0000000000
116767  -43.238  -53.652  -12.330 0.0000000000
116854  -37.735  -52.492  -15.559 0.0000000000
117173  -37.264  -52.895  -16.134 0.0000000000
117213  -36.475  -48.773  2.539 0.0000000000
117309  -41.841  -54.535  4.361 0.0000000000
117562  -42.813  -53.910  -4.633 0.0000000000
117942  -35.529  -53.999  -3.069 0.0000000000
118105  -34.602  -51.833  -1.277 0.0000000000
118263  -36.318  -51.951  2.539 0.0000000000
118444  -35.370  -50.830  -2.566 0.0000000000
118818  -36.009  -54.058  -3.814 0.0000000000
118897  -39.985  -50.726  5.988 0.0000000000
118946  -38.411  -52.113  -6.962 0.0000000000
119126  -34.269  -54.344  0.143 0.0000000000
119168  -40.996  -51.472  -14.299 0.0000000000
119322  -36.674  -53.058  -4.851 0.0000000000
119450  -40.573  -51.300  4.501 0.0000000000
119655  -39.631  -52.162  -8.104 0.0000000000
119694  -35.664  -51.751  -3.334 0.0000000000
119713  -37.436  -51.026  2.522 0.0000000000
119731  -36.603  -54.625  -14.527 0.0000000000
119835  -43.817  -53.000  -1.117 0.0000000000
119837  -40.405  -54.801  -0.501 0.0000000000
120061  -40.781  -54.766  -1.233 0.0000000000
120066  -35.979  -51.990  -3.905 0.0000000000
120344  -34.632  -51.415  -10.918 0.0000000000
120387  -37.867  -52.154  -6.420 0.0000000000
120815  -44.611  -51.742  0.445 0.0000000000
120864  -37.680  -50.886  -12.897 0.0000000000
120911  -38.030  -53.537  -11.977 0.0000000000
120979  -43.730  -50.920  2.177 0.0000000000
120989  -42.040  -49.455  4.467 0.0000000000
121072  -35.924  -55.892  -7.471 0.0000000000
121256  -34.940  -52.938  1.802 0.0000000000
121435  -41.391  -52.091  -14.407 0.0000000000
121537  -35.388  -51.450  -2.778 0.0000000000
121651  -43.160  -52.597  -13.372 0.0000000000
122852  -47.981  -52.620  -0.717 0.0000000000
122892  -40.438  -48.739  2.297 0.0000000000
123326  -36.473  -57.249  -6.170 0.0000000000
123493  -36.978  -53.546  -10.368 0.0000000000
123546  -36.098  -53.650  2.603 0.0000000000
123611  -46.549  -52.427  -5.695 0.0000000000
123974  -42.247  -50.286  3.557 0.0000000000
124133  -42.417  -52.319  1.405 0.0000000000
124531  -43.998  -53.490  -1.718 0.0000000000
124906  -34.385  -53.698  -0.160 0.0000000000
125058  -36.430  -56.872  -5.199 0.0000000000
125493  -41.577  -54.238  -9.760 0.0000000000
125627  -43.221  -53.099  -0.345 0.0000000000
125799  -46.119  -49.388  -0.467 0.0000000000
125851  -41.626  -52.700  -14.154 0.0000000000
125979  -41.486  -55.417  -2.461 0.0000000000
126000  -40.953  -55.323  -1.493 0.0000000000
126107  -44.174  -48.748  0.618 0.0000000000
126443  -40.194  -52.144  -8.520 0.0000000000
126463  -35.519  -49.976  1.850 0.0000000000
126697  -35.441  -49.362  -1.067 0.0000000000
126968  -41.721  -54.502  3.073 0.0000000000
127021  -37.419  -52.917  2.443 0.0000000000
127268  -34.568  -52.598  -1.284 0.0000000000
127322  -32.385  -51.641  -10.824 0.0000000000
127402  -42.810  -53.227  0.231 0.0000000000
127617  -44.285  -51.719  -13.172 0.0000000000
127671  -38.875  -56.154  -7.569 0.0000000000
127897  -42.980  -52.430  0.556 0.0000000000
127914  -38.665  -55.836  -7.057 0.0000000000
128345  -37.151  -55.655  -5.342 0.0000000000
128410  -39.260  -53.535  -14.972 0.0000000000
128476  -38.624  -52.615  -7.165 0.0000000000
128488  -35.110  -49.847  -0.610 0.0000000000
128557  -39.022  -53.529  -12.609 0.0000000000
128739  -43.804  -52.579  -5.386 0.0000000000
