#!ascii label , from subject sub-01 vox2ras=TkReg rh ROI=IOG coords=white drawn-with=delineation-helper-0.1.0
1423
5149  27.250  -71.221  -13.920 0.0000000000
5150  26.607  -71.052  -14.167 0.0000000000
5160  27.826  -70.990  -14.085 0.0000000000
5161  26.859  -71.430  -14.694 0.0000000000
5162  25.993  -71.184  -15.151 0.0000000000
5163  24.998  -70.616  -15.469 0.0000000000
5169  27.893  -71.028  -14.826 0.0000000000
5170  26.148  -71.290  -15.631 0.0000000000
5171  25.159  -71.184  -16.036 0.0000000000
5172  24.266  -70.783  -16.287 0.0000000000
5180  26.865  -71.188  -15.860 0.0000000000
5181  25.101  -71.118  -16.548 0.0000000000
5182  24.459  -71.004  -16.688 0.0000000000
5183  23.660  -70.801  -17.238 0.0000000000
5190  25.992  -70.906  -16.614 0.0000000000
5191  24.990  -70.976  -17.169 0.0000000000
5192  24.311  -70.933  -17.259 0.0000000000
5195  16.794  -69.999  -17.989 0.0000000000
5204  16.927  -70.217  -18.953 0.0000000000
5212  16.731  -70.090  -19.952 0.0000000000
5933  27.960  -70.219  -13.698 0.0000000000
5947  28.142  -70.422  -14.622 0.0000000000
5964  29.486  -69.255  -16.131 0.0000000000
5976  27.766  -70.738  -15.728 0.0000000000
5977  27.123  -70.521  -16.482 0.0000000000
5978  22.905  -70.272  -17.383 0.0000000000
5980  16.657  -69.406  -16.836 0.0000000000
5981  15.279  -69.435  -16.940 0.0000000000
5989  28.575  -69.746  -16.349 0.0000000000
5990  27.628  -69.583  -17.044 0.0000000000
5991  26.526  -69.908  -17.298 0.0000000000
5992  25.485  -70.216  -17.636 0.0000000000
5993  24.463  -70.517  -17.948 0.0000000000
5994  23.141  -70.389  -18.070 0.0000000000
5995  22.697  -69.632  -18.485 0.0000000000
5997  16.070  -69.759  -17.501 0.0000000000
5998  15.052  -69.630  -17.479 0.0000000000
6006  24.877  -69.582  -18.546 0.0000000000
6007  23.925  -69.837  -18.843 0.0000000000
6008  23.060  -69.698  -19.026 0.0000000000
6009  22.462  -68.866  -19.402 0.0000000000
6010  15.537  -69.837  -18.228 0.0000000000
6011  14.709  -69.527  -17.875 0.0000000000
6019  14.886  -69.408  -18.765 0.0000000000
6770  27.813  -69.385  -13.482 0.0000000000
6786  28.062  -69.419  -14.457 0.0000000000
6796  30.662  -68.391  -16.088 0.0000000000
6797  30.040  -68.863  -16.064 0.0000000000
6798  29.393  -69.228  -15.878 0.0000000000
6799  28.541  -69.550  -15.301 0.0000000000
6805  15.023  -67.968  -15.625 0.0000000000
6806  14.085  -68.063  -15.782 0.0000000000
6808  30.115  -68.753  -16.397 0.0000000000
6809  29.368  -69.019  -16.801 0.0000000000
6813  17.040  -68.645  -16.565 0.0000000000
6814  15.785  -68.756  -16.504 0.0000000000
6815  14.645  -68.714  -16.411 0.0000000000
6816  13.936  -68.488  -16.510 0.0000000000
6819  29.858  -68.453  -17.121 0.0000000000
6820  28.908  -68.487  -17.514 0.0000000000
6821  27.768  -68.555  -17.791 0.0000000000
6822  26.799  -68.422  -18.211 0.0000000000
6823  25.994  -69.098  -18.222 0.0000000000
6824  21.961  -68.622  -19.205 0.0000000000
6825  21.065  -67.585  -19.739 0.0000000000
6826  14.415  -69.215  -17.148 0.0000000000
6827  13.808  -68.495  -17.383 0.0000000000
6831  26.106  -68.184  -18.626 0.0000000000
6832  25.145  -68.666  -18.942 0.0000000000
6833  23.544  -68.914  -19.516 0.0000000000
6834  22.604  -68.512  -19.791 0.0000000000
6835  21.795  -68.076  -19.957 0.0000000000
6836  21.226  -67.553  -19.808 0.0000000000
6837  14.220  -68.984  -18.029 0.0000000000
6838  13.878  -68.202  -18.156 0.0000000000
7668  27.345  -67.211  -11.484 0.0000000000
7679  27.436  -67.861  -12.274 0.0000000000
7698  27.605  -68.719  -12.747 0.0000000000
7699  27.073  -67.627  -13.347 0.0000000000
7718  27.475  -68.253  -14.173 0.0000000000
7719  26.842  -67.067  -14.271 0.0000000000
7721  14.893  -67.107  -14.875 0.0000000000
7730  31.670  -67.581  -16.026 0.0000000000
7731  31.250  -67.913  -15.975 0.0000000000
7732  30.566  -68.166  -15.815 0.0000000000
7733  29.117  -68.772  -15.584 0.0000000000
7734  28.055  -68.489  -15.104 0.0000000000
7740  16.326  -67.941  -16.278 0.0000000000
7741  14.193  -67.286  -15.128 0.0000000000
7742  13.534  -67.307  -15.569 0.0000000000
7743  12.994  -66.739  -15.603 0.0000000000
7750  31.243  -67.927  -16.200 0.0000000000
7751  30.615  -68.256  -16.616 0.0000000000
7754  17.936  -66.199  -17.664 0.0000000000
7755  17.680  -66.571  -16.923 0.0000000000
7756  17.283  -67.807  -16.498 0.0000000000
7757  13.426  -67.858  -16.882 0.0000000000
7758  13.037  -67.177  -16.325 0.0000000000
7763  30.213  -67.924  -17.319 0.0000000000
7764  28.209  -67.803  -18.041 0.0000000000
7765  27.133  -67.872  -18.340 0.0000000000
7766  20.360  -67.162  -19.533 0.0000000000
7767  19.740  -66.726  -19.209 0.0000000000
7768  13.520  -67.695  -17.772 0.0000000000
7769  13.055  -67.203  -17.343 0.0000000000
7773  25.278  -67.918  -19.013 0.0000000000
7774  23.347  -68.037  -19.774 0.0000000000
7775  22.076  -67.835  -20.050 0.0000000000
7776  14.424  -68.260  -18.977 0.0000000000
7777  13.851  -67.448  -18.562 0.0000000000
7778  13.330  -67.122  -18.142 0.0000000000
8675  26.819  -67.097  -12.682 0.0000000000
8686  26.570  -66.701  -13.560 0.0000000000
8691  27.417  -67.338  -14.957 0.0000000000
8692  15.996  -66.131  -14.418 0.0000000000
8693  15.167  -66.347  -14.293 0.0000000000
8694  14.363  -66.475  -14.438 0.0000000000
8698  32.741  -66.582  -15.943 0.0000000000
8699  32.265  -67.057  -15.989 0.0000000000
8700  31.680  -67.388  -15.857 0.0000000000
8701  30.867  -67.453  -15.616 0.0000000000
8702  29.767  -67.405  -15.480 0.0000000000
8703  28.526  -67.533  -15.359 0.0000000000
8704  17.033  -66.354  -15.768 0.0000000000
8705  16.357  -66.635  -15.322 0.0000000000
8706  15.571  -66.865  -14.936 0.0000000000
8707  13.384  -66.409  -14.888 0.0000000000
8708  12.724  -66.244  -15.422 0.0000000000
8716  31.780  -67.417  -16.223 0.0000000000
8717  18.940  -66.339  -18.664 0.0000000000
8718  18.353  -65.950  -18.114 0.0000000000
8719  17.883  -65.974  -17.406 0.0000000000
8720  17.531  -66.317  -16.589 0.0000000000
8721  16.855  -67.034  -16.249 0.0000000000
8722  12.485  -66.486  -15.996 0.0000000000
8731  31.018  -67.700  -16.807 0.0000000000
8732  30.348  -67.354  -17.353 0.0000000000
8733  29.528  -67.166  -17.605 0.0000000000
8734  28.523  -67.044  -17.873 0.0000000000
8735  27.375  -67.037  -18.154 0.0000000000
8736  26.261  -66.580  -17.935 0.0000000000
8737  24.579  -66.507  -17.775 0.0000000000
8738  23.505  -66.709  -18.048 0.0000000000
8739  22.270  -66.717  -18.752 0.0000000000
8740  20.868  -66.808  -19.498 0.0000000000
8741  18.995  -65.746  -18.211 0.0000000000
8742  12.357  -66.717  -16.869 0.0000000000
8752  25.267  -67.198  -18.528 0.0000000000
8753  24.033  -67.440  -18.915 0.0000000000
8754  22.724  -67.474  -19.509 0.0000000000
8755  21.675  -67.368  -19.817 0.0000000000
9657  25.729  -65.081  -10.824 0.0000000000
9667  26.511  -66.150  -11.534 0.0000000000
9668  25.812  -65.324  -11.524 0.0000000000
9679  26.395  -66.285  -12.447 0.0000000000
9680  25.963  -65.594  -12.120 0.0000000000
9689  26.254  -65.833  -13.428 0.0000000000
9690  25.907  -65.287  -12.741 0.0000000000
9691  15.935  -64.830  -13.725 0.0000000000
9692  15.174  -65.009  -13.688 0.0000000000
9698  28.051  -65.472  -15.117 0.0000000000
9699  27.138  -65.720  -14.738 0.0000000000
9700  26.598  -66.170  -14.211 0.0000000000
9701  18.046  -64.688  -14.800 0.0000000000
9702  17.262  -65.050  -14.350 0.0000000000
9703  16.421  -65.285  -13.962 0.0000000000
9704  15.565  -65.505  -13.837 0.0000000000
9705  14.749  -65.685  -13.912 0.0000000000
9706  13.947  -65.670  -14.213 0.0000000000
9711  33.390  -65.802  -15.947 0.0000000000
9712  32.947  -66.286  -15.856 0.0000000000
9713  31.862  -66.966  -15.667 0.0000000000
9714  31.168  -66.690  -15.470 0.0000000000
9715  30.003  -66.471  -15.396 0.0000000000
9716  28.772  -66.379  -15.367 0.0000000000
9717  27.716  -66.424  -15.181 0.0000000000
9718  19.071  -65.172  -16.013 0.0000000000
9719  18.392  -65.316  -15.726 0.0000000000
9720  17.600  -65.675  -15.481 0.0000000000
9721  16.808  -65.884  -14.799 0.0000000000
9722  13.255  -65.414  -14.743 0.0000000000
9723  12.783  -65.819  -15.176 0.0000000000
9729  33.217  -66.173  -15.992 0.0000000000
9730  32.514  -66.660  -16.195 0.0000000000
9731  31.504  -67.006  -16.758 0.0000000000
9732  30.580  -66.099  -17.078 0.0000000000
9733  29.530  -65.473  -17.093 0.0000000000
9734  24.358  -65.090  -17.085 0.0000000000
9735  23.641  -65.188  -16.920 0.0000000000
9736  22.737  -65.360  -16.857 0.0000000000
9737  21.803  -65.354  -16.927 0.0000000000
9738  20.789  -65.172  -16.849 0.0000000000
9739  18.916  -65.566  -17.325 0.0000000000
9740  17.861  -65.851  -16.728 0.0000000000
9748  30.778  -67.065  -17.195 0.0000000000
9749  29.914  -66.512  -17.333 0.0000000000
9750  27.854  -66.248  -17.623 0.0000000000
9751  25.030  -65.490  -17.291 0.0000000000
9752  24.063  -65.838  -17.227 0.0000000000
9753  23.075  -66.029  -17.321 0.0000000000
9754  21.901  -66.069  -17.774 0.0000000000
9755  19.564  -65.836  -18.386 0.0000000000
10574  25.956  -64.036  -8.032 0.0000000000
10591  25.582  -64.075  -8.880 0.0000000000
10603  25.765  -64.831  -10.070 0.0000000000
10615  25.397  -64.300  -10.642 0.0000000000
10621  25.499  -64.555  -11.428 0.0000000000
10629  25.860  -64.435  -12.697 0.0000000000
10630  25.623  -64.872  -12.129 0.0000000000
10640  26.905  -64.290  -13.846 0.0000000000
10641  26.207  -64.797  -13.395 0.0000000000
10653  31.429  -64.105  -14.922 0.0000000000
10654  30.592  -64.587  -14.997 0.0000000000
10655  29.488  -64.569  -14.907 0.0000000000
10656  28.487  -64.596  -14.753 0.0000000000
10657  27.470  -64.779  -14.513 0.0000000000
10658  26.608  -65.226  -14.117 0.0000000000
10659  18.193  -63.991  -14.703 0.0000000000
10660  17.486  -64.257  -14.401 0.0000000000
10661  16.699  -64.587  -13.996 0.0000000000
10662  15.510  -64.463  -13.950 0.0000000000
10663  14.737  -64.666  -14.077 0.0000000000
10664  13.943  -64.895  -14.334 0.0000000000
10674  34.512  -64.061  -15.989 0.0000000000
10675  34.021  -64.891  -15.959 0.0000000000
10676  33.341  -65.667  -15.821 0.0000000000
10677  32.531  -66.101  -15.603 0.0000000000
10678  31.465  -65.896  -15.345 0.0000000000
10679  30.297  -65.565  -15.274 0.0000000000
10680  29.131  -65.425  -15.249 0.0000000000
10681  20.020  -63.902  -15.688 0.0000000000
10682  19.606  -64.402  -15.675 0.0000000000
10683  18.840  -64.337  -15.180 0.0000000000
10684  15.098  -64.191  -14.502 0.0000000000
10685  14.358  -64.295  -14.795 0.0000000000
10686  13.411  -64.560  -15.162 0.0000000000
10694  33.906  -65.027  -16.122 0.0000000000
10695  33.260  -65.751  -16.216 0.0000000000
10696  32.390  -65.546  -16.647 0.0000000000
10697  31.367  -65.641  -16.850 0.0000000000
10698  30.187  -65.134  -16.930 0.0000000000
10699  24.067  -64.512  -17.242 0.0000000000
10700  23.257  -64.328  -16.947 0.0000000000
10701  22.522  -64.613  -16.638 0.0000000000
10702  21.871  -64.403  -16.456 0.0000000000
10703  20.334  -64.555  -16.078 0.0000000000
10704  19.631  -65.039  -16.273 0.0000000000
10713  33.581  -64.618  -16.696 0.0000000000
10714  32.687  -64.693  -16.915 0.0000000000
10715  31.563  -64.526  -17.025 0.0000000000
10716  30.362  -64.276  -17.053 0.0000000000
10717  29.420  -64.510  -16.998 0.0000000000
10718  28.593  -64.851  -17.082 0.0000000000
10719  27.607  -65.250  -17.265 0.0000000000
10720  24.863  -64.613  -17.377 0.0000000000
10745  25.714  -64.772  -22.336 0.0000000000
10746  25.026  -65.022  -22.388 0.0000000000
10747  24.059  -65.136  -22.510 0.0000000000
10748  23.141  -65.218  -22.485 0.0000000000
10749  22.006  -65.185  -22.512 0.0000000000
10750  21.082  -65.161  -22.468 0.0000000000
10751  20.074  -65.130  -22.288 0.0000000000
10752  19.057  -65.146  -22.454 0.0000000000
10753  18.170  -64.934  -22.432 0.0000000000
10754  17.315  -64.592  -22.259 0.0000000000
10761  25.357  -64.468  -22.975 0.0000000000
10762  23.804  -64.684  -23.184 0.0000000000
10763  23.244  -65.107  -22.962 0.0000000000
10764  22.430  -65.187  -23.054 0.0000000000
10765  21.449  -65.231  -23.124 0.0000000000
10766  20.489  -65.278  -23.155 0.0000000000
10767  19.513  -65.258  -23.213 0.0000000000
10768  18.596  -65.093  -23.266 0.0000000000
10769  17.717  -64.686  -23.185 0.0000000000
10778  22.858  -64.851  -23.258 0.0000000000
10779  21.781  -64.961  -23.344 0.0000000000
10780  20.904  -64.962  -23.417 0.0000000000
10781  19.994  -64.910  -23.505 0.0000000000
10782  19.026  -64.659  -23.655 0.0000000000
10783  18.191  -64.524  -23.601 0.0000000000
11539  26.763  -63.432  -6.664 0.0000000000
11540  26.069  -63.198  -6.896 0.0000000000
11554  26.424  -63.790  -7.303 0.0000000000
11555  25.662  -63.204  -7.513 0.0000000000
11570  25.416  -63.351  -8.412 0.0000000000
11584  25.326  -64.008  -9.751 0.0000000000
11599  25.326  -63.509  -10.462 0.0000000000
11608  25.861  -63.345  -11.812 0.0000000000
11609  25.412  -63.790  -11.274 0.0000000000
11618  26.785  -63.365  -12.842 0.0000000000
11619  26.110  -63.669  -12.510 0.0000000000
11620  25.559  -64.107  -12.023 0.0000000000
11628  29.703  -63.103  -14.055 0.0000000000
11629  28.910  -63.260  -13.880 0.0000000000
11630  27.271  -63.537  -13.392 0.0000000000
11631  26.442  -63.964  -13.167 0.0000000000
11640  33.395  -63.332  -15.107 0.0000000000
11641  32.381  -63.765  -14.974 0.0000000000
11642  30.439  -63.495  -14.444 0.0000000000
11643  29.641  -63.776  -14.456 0.0000000000
11644  28.889  -63.947  -14.434 0.0000000000
11645  27.978  -63.863  -14.095 0.0000000000
11646  16.790  -63.903  -14.321 0.0000000000
11647  15.888  -63.865  -14.556 0.0000000000
11657  34.245  -63.910  -15.705 0.0000000000
11658  33.496  -64.578  -15.520 0.0000000000
11659  32.549  -64.971  -15.319 0.0000000000
11660  19.383  -63.768  -15.471 0.0000000000
11661  18.593  -63.676  -15.206 0.0000000000
11662  17.686  -63.615  -14.858 0.0000000000
11663  16.656  -63.509  -15.104 0.0000000000
11664  15.077  -63.846  -15.351 0.0000000000
11665  14.184  -63.923  -15.807 0.0000000000
11675  34.707  -63.542  -16.216 0.0000000000
11676  34.556  -63.669  -16.676 0.0000000000
11677  22.539  -63.806  -16.850 0.0000000000
11678  21.821  -63.544  -16.712 0.0000000000
11679  20.573  -63.533  -16.123 0.0000000000
11680  19.851  -63.395  -15.896 0.0000000000
11681  18.304  -63.195  -15.664 0.0000000000
11682  17.025  -63.271  -16.937 0.0000000000
11683  16.313  -63.471  -16.286 0.0000000000
11692  34.495  -63.201  -17.495 0.0000000000
11693  33.776  -63.925  -17.333 0.0000000000
11694  32.933  -64.019  -17.624 0.0000000000
11695  31.785  -63.936  -17.544 0.0000000000
11696  30.875  -63.808  -17.469 0.0000000000
11697  29.451  -63.757  -17.328 0.0000000000
11698  28.693  -63.869  -17.270 0.0000000000
11699  27.163  -63.728  -17.811 0.0000000000
11700  26.253  -63.992  -17.737 0.0000000000
11701  25.365  -64.099  -17.742 0.0000000000
11702  24.522  -64.010  -17.701 0.0000000000
11703  23.750  -63.853  -17.575 0.0000000000
11704  22.279  -63.322  -17.299 0.0000000000
11705  16.808  -63.487  -18.018 0.0000000000
11706  16.186  -63.571  -17.295 0.0000000000
11707  15.360  -63.699  -17.329 0.0000000000
11708  14.464  -63.700  -17.527 0.0000000000
11720  33.872  -63.428  -18.020 0.0000000000
11721  33.049  -63.600  -18.463 0.0000000000
11722  32.105  -63.620  -18.385 0.0000000000
11723  31.048  -63.463  -18.076 0.0000000000
11724  26.609  -63.457  -18.510 0.0000000000
11725  25.751  -63.612  -18.414 0.0000000000
11726  24.083  -63.571  -18.362 0.0000000000
11727  23.369  -63.387  -18.669 0.0000000000
11728  22.702  -63.227  -18.100 0.0000000000
11729  18.044  -63.304  -19.078 0.0000000000
11730  17.119  -63.621  -18.931 0.0000000000
11731  16.283  -63.817  -18.868 0.0000000000
11732  15.484  -63.844  -18.911 0.0000000000
11743  33.413  -63.187  -19.049 0.0000000000
11744  32.402  -63.359  -19.404 0.0000000000
11745  31.390  -63.437  -19.216 0.0000000000
11746  30.399  -63.332  -18.864 0.0000000000
11747  29.164  -63.419  -19.970 0.0000000000
11748  27.778  -63.309  -19.613 0.0000000000
11749  27.018  -63.370  -19.549 0.0000000000
11750  26.129  -63.458  -19.387 0.0000000000
11751  25.281  -63.507  -19.220 0.0000000000
11752  23.963  -63.467  -19.218 0.0000000000
11753  20.995  -63.202  -19.805 0.0000000000
11754  20.086  -63.187  -19.753 0.0000000000
11755  19.049  -63.309  -19.659 0.0000000000
11756  17.372  -63.827  -19.732 0.0000000000
11757  16.591  -63.965  -19.657 0.0000000000
11758  15.770  -63.965  -19.665 0.0000000000
11768  31.552  -63.316  -19.982 0.0000000000
11769  30.648  -63.406  -20.085 0.0000000000
11770  29.693  -63.379  -20.558 0.0000000000
11771  28.861  -63.580  -20.890 0.0000000000
11772  27.511  -63.758  -20.657 0.0000000000
11773  26.566  -63.779  -20.442 0.0000000000
11774  26.088  -64.384  -21.220 0.0000000000
11775  24.660  -63.660  -19.927 0.0000000000
11776  23.271  -64.111  -20.841 0.0000000000
11777  22.330  -63.906  -20.758 0.0000000000
11778  21.373  -63.781  -20.673 0.0000000000
11779  20.379  -63.838  -20.695 0.0000000000
11780  19.584  -63.733  -20.423 0.0000000000
11781  18.816  -64.061  -20.715 0.0000000000
11782  16.058  -64.086  -20.598 0.0000000000
11783  15.080  -63.748  -20.471 0.0000000000
11784  14.277  -63.318  -20.755 0.0000000000
11789  30.262  -63.124  -20.881 0.0000000000
11790  29.305  -63.209  -21.361 0.0000000000
11791  28.387  -63.529  -21.559 0.0000000000
11792  27.603  -63.892  -21.694 0.0000000000
11793  26.296  -64.673  -21.972 0.0000000000
11794  25.542  -64.892  -21.817 0.0000000000
11795  24.671  -65.016  -21.765 0.0000000000
11796  23.716  -64.988  -21.743 0.0000000000
11797  22.697  -64.917  -21.781 0.0000000000
11798  21.711  -64.620  -21.607 0.0000000000
11799  20.800  -64.522  -21.518 0.0000000000
11800  19.536  -64.461  -21.371 0.0000000000
11801  18.680  -64.667  -21.643 0.0000000000
11802  15.934  -64.058  -21.811 0.0000000000
11803  15.121  -63.434  -22.441 0.0000000000
11804  14.492  -63.227  -21.677 0.0000000000
11809  28.057  -63.387  -22.285 0.0000000000
11810  26.194  -64.290  -22.659 0.0000000000
11811  16.822  -64.202  -23.172 0.0000000000
11812  15.854  -63.661  -23.122 0.0000000000
11813  15.004  -62.880  -23.501 0.0000000000
11819  25.917  -63.635  -23.310 0.0000000000
11820  25.196  -63.754  -23.427 0.0000000000
11821  24.604  -64.233  -23.341 0.0000000000
11822  23.211  -64.192  -23.510 0.0000000000
11823  22.267  -64.430  -23.505 0.0000000000
11824  21.316  -64.461  -23.572 0.0000000000
11825  20.477  -64.466  -23.614 0.0000000000
11826  18.185  -63.708  -23.742 0.0000000000
11827  17.347  -63.798  -23.733 0.0000000000
11828  16.421  -63.386  -23.807 0.0000000000
11829  15.550  -62.719  -23.947 0.0000000000
12610  26.746  -62.227  -5.587 0.0000000000
12624  27.131  -62.975  -6.032 0.0000000000
12625  26.224  -62.644  -6.351 0.0000000000
12626  25.747  -62.707  -6.954 0.0000000000
12639  25.538  -62.465  -7.371 0.0000000000
12654  25.355  -62.592  -8.036 0.0000000000
12668  25.280  -62.734  -8.938 0.0000000000
12685  26.087  -62.310  -10.777 0.0000000000
12686  25.490  -62.773  -10.285 0.0000000000
12700  27.290  -62.278  -11.958 0.0000000000
12701  26.369  -62.597  -11.546 0.0000000000
12702  25.633  -63.019  -11.065 0.0000000000
12712  29.268  -61.995  -12.854 0.0000000000
12713  28.620  -62.620  -13.139 0.0000000000
12714  27.583  -62.811  -12.783 0.0000000000
12715  26.628  -62.963  -12.281 0.0000000000
12729  32.599  -62.054  -14.155 0.0000000000
12730  31.791  -62.205  -14.027 0.0000000000
12731  30.295  -62.621  -13.845 0.0000000000
12732  29.437  -62.617  -13.496 0.0000000000
12744  34.664  -62.458  -15.755 0.0000000000
12745  34.243  -62.597  -15.326 0.0000000000
12746  33.358  -62.273  -14.590 0.0000000000
12747  32.394  -62.750  -14.541 0.0000000000
12756  34.694  -63.292  -15.907 0.0000000000
12757  19.143  -63.233  -15.728 0.0000000000
12765  34.869  -62.889  -16.139 0.0000000000
12766  20.744  -62.875  -16.763 0.0000000000
12767  19.623  -62.895  -16.324 0.0000000000
12768  18.835  -62.835  -16.393 0.0000000000
12769  17.949  -62.940  -16.557 0.0000000000
12777  34.626  -62.814  -17.418 0.0000000000
12778  21.965  -62.975  -17.816 0.0000000000
12779  21.503  -62.963  -17.163 0.0000000000
12780  20.340  -62.611  -17.470 0.0000000000
12781  19.427  -62.621  -17.127 0.0000000000
12782  18.505  -62.755  -17.258 0.0000000000
12783  17.672  -63.061  -17.547 0.0000000000
12791  34.289  -62.796  -18.145 0.0000000000
12792  34.040  -62.954  -18.555 0.0000000000
12793  21.178  -62.712  -18.081 0.0000000000
12794  20.312  -62.612  -18.306 0.0000000000
12795  19.608  -62.600  -18.058 0.0000000000
12796  18.259  -62.903  -18.128 0.0000000000
12797  17.565  -63.252  -18.344 0.0000000000
12806  33.956  -62.276  -19.070 0.0000000000
12807  33.621  -62.577  -19.480 0.0000000000
12808  32.993  -62.864  -19.911 0.0000000000
12809  32.142  -62.970  -20.271 0.0000000000
12810  22.013  -62.967  -18.617 0.0000000000
12811  20.649  -62.766  -19.002 0.0000000000
12812  19.766  -62.755  -18.919 0.0000000000
12823  33.390  -62.128  -20.410 0.0000000000
12824  32.669  -62.512  -20.523 0.0000000000
12825  31.199  -62.968  -20.683 0.0000000000
12826  13.685  -62.710  -21.486 0.0000000000
12834  32.007  -62.475  -20.942 0.0000000000
12835  31.150  -62.298  -21.436 0.0000000000
12836  30.144  -62.595  -21.547 0.0000000000
12837  28.709  -63.165  -22.009 0.0000000000
12838  14.333  -62.607  -23.084 0.0000000000
12839  13.837  -62.463  -22.375 0.0000000000
12845  29.308  -62.626  -22.077 0.0000000000
12846  28.515  -62.553  -22.612 0.0000000000
12847  27.652  -62.951  -22.900 0.0000000000
12848  26.824  -63.445  -23.049 0.0000000000
12849  24.021  -62.468  -23.154 0.0000000000
12850  23.057  -62.561  -23.085 0.0000000000
12851  22.008  -62.630  -23.044 0.0000000000
12852  20.701  -62.596  -23.213 0.0000000000
12853  14.678  -62.014  -23.797 0.0000000000
12854  13.786  -61.635  -23.102 0.0000000000
12858  27.221  -62.409  -23.256 0.0000000000
12859  26.352  -62.597  -23.384 0.0000000000
12860  25.465  -62.996  -23.515 0.0000000000
12861  24.555  -63.330  -23.486 0.0000000000
12862  23.596  -63.371  -23.460 0.0000000000
12863  22.662  -63.488  -23.457 0.0000000000
12864  21.643  -63.603  -23.472 0.0000000000
12865  20.082  -63.584  -23.587 0.0000000000
12866  19.099  -63.485  -23.674 0.0000000000
12867  18.260  -62.771  -23.768 0.0000000000
12868  17.283  -62.629  -23.928 0.0000000000
13598  26.795  -61.001  -4.850 0.0000000000
13606  26.602  -61.544  -5.343 0.0000000000
13613  26.101  -61.769  -5.929 0.0000000000
13614  25.649  -61.987  -6.767 0.0000000000
13625  25.462  -61.934  -7.597 0.0000000000
13633  25.839  -61.309  -8.827 0.0000000000
13634  25.434  -61.984  -8.414 0.0000000000
13641  26.168  -61.419  -9.662 0.0000000000
13642  25.568  -62.014  -9.238 0.0000000000
13650  28.135  -60.933  -11.128 0.0000000000
13651  27.352  -61.237  -10.822 0.0000000000
13652  26.532  -61.619  -10.447 0.0000000000
13653  25.798  -62.090  -10.023 0.0000000000
13660  29.260  -61.243  -12.096 0.0000000000
13661  28.491  -61.289  -11.698 0.0000000000
13662  27.774  -61.583  -11.538 0.0000000000
13663  26.895  -61.888  -11.217 0.0000000000
13669  32.103  -61.050  -13.177 0.0000000000
13670  31.097  -61.236  -12.967 0.0000000000
13671  30.122  -61.442  -12.714 0.0000000000
13672  28.343  -61.961  -12.318 0.0000000000
13679  34.018  -60.812  -14.095 0.0000000000
13680  33.191  -60.829  -13.522 0.0000000000
13681  31.450  -61.707  -13.501 0.0000000000
13682  30.603  -61.883  -13.368 0.0000000000
13683  29.909  -62.118  -13.260 0.0000000000
13692  34.425  -61.506  -15.349 0.0000000000
13693  33.358  -61.485  -14.030 0.0000000000
13706  34.692  -62.004  -15.732 0.0000000000
13718  34.790  -62.624  -16.591 0.0000000000
13719  34.166  -61.782  -16.592 0.0000000000
13727  33.767  -61.311  -18.388 0.0000000000
13728  33.617  -61.353  -17.446 0.0000000000
13736  34.033  -61.459  -19.292 0.0000000000
13746  34.163  -61.451  -19.897 0.0000000000
13747  33.870  -61.988  -19.889 0.0000000000
13756  34.500  -60.900  -20.480 0.0000000000
13757  34.002  -61.426  -20.549 0.0000000000
13761  33.494  -61.221  -21.310 0.0000000000
13762  32.765  -61.956  -21.068 0.0000000000
13763  31.393  -61.313  -22.125 0.0000000000
13764  30.556  -61.814  -22.055 0.0000000000
13765  29.877  -62.093  -22.174 0.0000000000
13766  16.766  -61.232  -22.806 0.0000000000
13770  31.587  -59.996  -22.836 0.0000000000
13771  30.688  -60.864  -22.611 0.0000000000
13772  29.332  -61.751  -22.653 0.0000000000
13773  28.663  -61.659  -23.004 0.0000000000
13774  28.006  -62.020  -23.165 0.0000000000
13775  25.373  -61.382  -22.841 0.0000000000
13776  24.452  -61.482  -22.733 0.0000000000
13777  23.480  -61.600  -22.688 0.0000000000
13778  22.476  -61.650  -22.658 0.0000000000
13779  21.453  -61.589  -22.705 0.0000000000
13780  20.405  -61.192  -22.851 0.0000000000
13781  17.991  -61.291  -23.361 0.0000000000
13782  17.697  -61.230  -23.140 0.0000000000
13783  15.714  -61.341  -23.438 0.0000000000
13784  15.017  -61.563  -23.761 0.0000000000
13785  14.201  -61.201  -23.399 0.0000000000
13786  28.398  -60.835  -23.258 0.0000000000
13787  27.561  -61.384  -23.259 0.0000000000
13788  26.913  -61.765  -23.295 0.0000000000
13789  26.280  -61.371  -23.080 0.0000000000
13790  24.945  -62.343  -23.188 0.0000000000
13791  19.594  -61.716  -23.250 0.0000000000
13792  18.028  -61.896  -23.772 0.0000000000
13793  17.255  -61.808  -23.783 0.0000000000
13794  16.399  -61.961  -24.022 0.0000000000
13795  15.529  -62.001  -24.091 0.0000000000
14520  27.464  -60.268  -3.890 0.0000000000
14521  27.044  -60.293  -4.441 0.0000000000
14527  26.628  -60.332  -5.158 0.0000000000
14536  26.299  -60.330  -5.914 0.0000000000
14537  25.896  -61.085  -6.370 0.0000000000
14546  26.070  -60.533  -7.508 0.0000000000
14547  25.679  -61.273  -7.161 0.0000000000
14558  26.994  -60.070  -8.867 0.0000000000
14559  26.252  -60.611  -8.424 0.0000000000
14560  25.681  -61.267  -7.974 0.0000000000
14573  28.251  -59.855  -9.985 0.0000000000
14574  27.385  -60.289  -9.647 0.0000000000
14575  26.557  -60.736  -9.268 0.0000000000
14586  29.277  -60.095  -10.967 0.0000000000
14587  28.542  -60.333  -10.724 0.0000000000
14588  27.772  -60.583  -10.415 0.0000000000
14589  26.933  -60.930  -10.079 0.0000000000
14601  31.496  -60.158  -12.090 0.0000000000
14602  30.679  -60.153  -11.710 0.0000000000
14603  29.695  -60.483  -11.561 0.0000000000
14604  28.882  -60.714  -11.387 0.0000000000
14621  33.256  -59.500  -12.882 0.0000000000
14622  32.850  -60.258  -12.947 0.0000000000
14623  31.797  -60.562  -12.605 0.0000000000
14624  30.827  -60.735  -12.381 0.0000000000
14638  33.647  -60.084  -13.535 0.0000000000
14653  34.553  -61.127  -14.918 0.0000000000
14654  34.060  -60.606  -14.238 0.0000000000
14655  33.661  -60.005  -14.398 0.0000000000
14673  34.071  -61.209  -15.651 0.0000000000
14674  33.026  -60.430  -15.885 0.0000000000
14694  33.233  -60.849  -16.828 0.0000000000
14718  33.449  -60.772  -17.736 0.0000000000
14746  34.366  -60.525  -19.228 0.0000000000
14747  33.878  -60.235  -18.395 0.0000000000
14767  34.755  -60.659  -20.024 0.0000000000
14775  35.110  -60.324  -20.914 0.0000000000
14776  34.326  -60.690  -21.243 0.0000000000
14784  34.612  -59.688  -21.909 0.0000000000
14785  33.870  -60.121  -22.090 0.0000000000
14786  33.078  -60.516  -22.110 0.0000000000
14787  32.262  -60.824  -22.188 0.0000000000
14794  33.354  -59.572  -22.604 0.0000000000
14795  32.606  -59.711  -22.728 0.0000000000
14796  30.630  -59.772  -23.127 0.0000000000
14797  29.862  -60.662  -22.982 0.0000000000
14798  29.097  -61.002  -23.129 0.0000000000
14799  26.317  -59.205  -22.755 0.0000000000
14800  25.819  -60.309  -22.719 0.0000000000
14801  24.906  -60.361  -22.561 0.0000000000
14802  23.911  -60.522  -22.486 0.0000000000
14803  22.923  -60.701  -22.472 0.0000000000
14804  21.126  -60.711  -22.605 0.0000000000
14805  19.465  -60.698  -23.015 0.0000000000
14806  18.513  -60.620  -22.827 0.0000000000
14809  29.992  -59.695  -23.301 0.0000000000
14810  29.268  -59.958  -23.329 0.0000000000
14811  27.737  -60.212  -23.204 0.0000000000
14812  27.051  -60.788  -23.144 0.0000000000
14813  18.823  -60.591  -23.013 0.0000000000
15571  28.287  -58.957  -2.905 0.0000000000
15572  27.847  -58.643  -3.114 0.0000000000
15589  27.786  -59.294  -3.323 0.0000000000
15608  27.299  -59.564  -3.969 0.0000000000
15609  26.923  -59.590  -4.811 0.0000000000
15622  26.696  -59.658  -5.579 0.0000000000
15634  27.139  -58.849  -6.241 0.0000000000
15635  26.663  -59.561  -6.391 0.0000000000
15644  27.287  -59.012  -7.144 0.0000000000
15645  27.187  -59.402  -7.791 0.0000000000
15656  28.195  -58.978  -8.765 0.0000000000
15657  27.447  -59.471  -8.456 0.0000000000
15658  26.716  -59.923  -8.071 0.0000000000
15672  29.040  -59.227  -9.881 0.0000000000
15673  28.410  -59.302  -9.422 0.0000000000
15674  27.769  -59.626  -9.215 0.0000000000
15688  31.555  -58.854  -11.086 0.0000000000
15689  30.629  -59.025  -10.654 0.0000000000
15690  29.637  -59.461  -10.517 0.0000000000
15704  32.659  -58.974  -11.876 0.0000000000
15705  31.784  -59.443  -11.612 0.0000000000
15706  30.942  -59.469  -11.212 0.0000000000
15707  30.112  -59.784  -11.113 0.0000000000
15728  33.264  -59.036  -12.809 0.0000000000
15729  33.048  -59.086  -12.433 0.0000000000
15730  32.499  -59.704  -12.287 0.0000000000
15749  33.377  -59.549  -13.244 0.0000000000
15750  33.176  -59.229  -13.408 0.0000000000
15767  33.680  -59.831  -13.717 0.0000000000
15768  33.234  -59.544  -14.071 0.0000000000
15781  32.622  -59.615  -14.937 0.0000000000
15793  32.881  -59.744  -16.634 0.0000000000
15794  32.614  -59.668  -15.717 0.0000000000
15810  34.229  -59.398  -18.088 0.0000000000
15811  33.367  -60.010  -17.564 0.0000000000
15823  35.719  -59.352  -19.310 0.0000000000
15824  34.740  -59.716  -18.918 0.0000000000
15825  29.958  -59.317  -18.484 0.0000000000
15834  36.585  -58.974  -20.573 0.0000000000
15835  35.996  -59.587  -20.207 0.0000000000
15836  35.253  -60.000  -19.732 0.0000000000
15837  30.394  -59.021  -19.379 0.0000000000
15838  29.388  -59.378  -19.287 0.0000000000
15846  36.281  -58.562  -21.315 0.0000000000
15847  36.070  -59.248  -21.197 0.0000000000
15848  35.357  -59.371  -21.609 0.0000000000
15849  28.992  -58.911  -20.311 0.0000000000
15850  28.039  -59.006  -20.409 0.0000000000
15855  35.503  -58.313  -21.777 0.0000000000
15856  34.694  -58.602  -22.227 0.0000000000
15857  33.944  -58.858  -22.668 0.0000000000
15859  33.057  -58.657  -22.952 0.0000000000
15860  32.160  -58.591  -23.154 0.0000000000
15861  31.213  -58.674  -23.270 0.0000000000
15862  30.373  -58.878  -23.362 0.0000000000
15863  29.863  -58.340  -23.331 0.0000000000
15864  27.487  -58.494  -22.908 0.0000000000
15865  26.757  -58.257  -22.774 0.0000000000
15866  25.457  -59.134  -22.649 0.0000000000
15867  24.422  -59.150  -22.565 0.0000000000
15868  22.893  -58.708  -22.547 0.0000000000
15869  21.855  -59.065  -22.527 0.0000000000
15870  20.982  -59.278  -22.548 0.0000000000
15871  19.432  -59.895  -22.679 0.0000000000
15872  18.971  -59.694  -22.344 0.0000000000
15873  29.770  -59.137  -23.384 0.0000000000
15874  29.245  -58.830  -23.359 0.0000000000
15875  28.470  -59.419  -23.270 0.0000000000
15876  27.784  -59.224  -23.111 0.0000000000
15877  27.118  -59.485  -22.959 0.0000000000
16675  28.780  -58.397  -2.575 0.0000000000
16676  28.155  -58.152  -2.770 0.0000000000
16691  27.648  -57.981  -3.259 0.0000000000
16713  27.197  -58.825  -4.484 0.0000000000
16735  27.404  -58.087  -5.820 0.0000000000
16736  27.050  -58.918  -5.403 0.0000000000
16750  27.616  -58.290  -6.739 0.0000000000
16766  27.970  -58.392  -7.550 0.0000000000
16778  28.921  -58.323  -8.745 0.0000000000
16779  27.744  -58.935  -7.998 0.0000000000
16793  30.282  -58.120  -9.734 0.0000000000
16794  29.436  -58.532  -9.466 0.0000000000
16795  28.782  -58.856  -9.265 0.0000000000
16806  31.417  -58.243  -10.627 0.0000000000
16807  29.926  -58.787  -10.090 0.0000000000
16816  32.578  -58.285  -11.751 0.0000000000
16817  32.081  -58.159  -11.193 0.0000000000
16826  32.857  -58.575  -12.319 0.0000000000
16827  32.393  -58.073  -12.558 0.0000000000
16842  32.906  -58.623  -12.918 0.0000000000
16843  31.887  -58.213  -13.447 0.0000000000
16862  32.266  -59.021  -14.436 0.0000000000
16863  31.750  -58.304  -14.244 0.0000000000
16880  32.246  -58.979  -15.401 0.0000000000
16881  31.892  -58.261  -15.091 0.0000000000
16895  34.030  -58.108  -17.020 0.0000000000
16896  33.221  -58.733  -16.779 0.0000000000
16897  32.603  -58.902  -16.198 0.0000000000
16911  36.686  -58.084  -18.308 0.0000000000
16912  35.726  -58.302  -18.014 0.0000000000
16913  34.677  -58.585  -17.720 0.0000000000
16914  33.627  -59.069  -17.358 0.0000000000
16915  31.366  -58.280  -18.166 0.0000000000
16916  30.736  -58.509  -17.766 0.0000000000
16922  37.670  -58.044  -19.408 0.0000000000
16923  37.080  -58.461  -19.117 0.0000000000
16924  36.221  -58.711  -18.811 0.0000000000
16925  35.225  -58.974  -18.489 0.0000000000
16926  32.358  -58.286  -19.718 0.0000000000
16927  31.947  -58.240  -18.828 0.0000000000
16928  30.705  -58.878  -18.466 0.0000000000
16934  37.176  -58.563  -20.031 0.0000000000
16935  36.564  -59.018  -19.665 0.0000000000
16936  31.385  -58.639  -19.353 0.0000000000
16937  30.988  -58.490  -20.393 0.0000000000
16938  29.993  -58.722  -20.292 0.0000000000
16944  37.421  -57.770  -20.368 0.0000000000
16945  36.771  -58.277  -20.913 0.0000000000
16946  34.639  -57.872  -21.567 0.0000000000
16947  32.994  -58.094  -21.091 0.0000000000
16948  32.324  -57.780  -21.922 0.0000000000
16949  30.562  -57.955  -21.517 0.0000000000
16950  29.560  -58.118  -21.355 0.0000000000
16951  28.580  -58.204  -21.271 0.0000000000
16952  27.662  -58.216  -21.252 0.0000000000
16953  26.793  -58.132  -21.261 0.0000000000
16954  25.953  -57.931  -21.233 0.0000000000
16955  25.093  -57.656  -21.108 0.0000000000
16956  24.236  -57.424  -20.842 0.0000000000
16958  36.175  -58.051  -21.480 0.0000000000
16959  35.164  -57.960  -21.781 0.0000000000
16960  33.850  -57.984  -22.248 0.0000000000
16961  32.868  -57.922  -22.532 0.0000000000
16962  32.007  -57.731  -22.780 0.0000000000
16963  31.012  -57.670  -22.825 0.0000000000
16964  28.983  -57.679  -22.343 0.0000000000
16965  28.043  -57.592  -21.935 0.0000000000
16966  27.231  -57.502  -21.925 0.0000000000
16967  26.445  -57.276  -21.946 0.0000000000
16968  25.650  -56.862  -21.985 0.0000000000
16969  24.767  -56.617  -21.763 0.0000000000
16970  19.648  -58.341  -22.096 0.0000000000
16971  19.069  -58.708  -21.927 0.0000000000
16972  33.383  -58.218  -22.708 0.0000000000
16973  32.538  -58.029  -23.002 0.0000000000
16974  31.658  -57.944  -23.119 0.0000000000
16975  30.621  -57.938  -23.172 0.0000000000
16976  29.759  -57.773  -22.996 0.0000000000
16977  28.824  -57.913  -22.881 0.0000000000
16978  27.978  -58.079  -22.843 0.0000000000
16979  27.051  -57.891  -22.647 0.0000000000
16980  26.294  -57.448  -22.679 0.0000000000
16981  25.682  -57.023  -22.854 0.0000000000
16982  23.135  -57.589  -22.657 0.0000000000
16983  22.234  -58.081  -22.552 0.0000000000
16984  20.674  -57.916  -22.223 0.0000000000
16985  19.310  -59.245  -22.372 0.0000000000
16986  29.299  -58.091  -23.195 0.0000000000
16987  28.677  -58.359  -23.149 0.0000000000
16988  28.087  -58.625  -23.075 0.0000000000
17809  29.072  -57.085  -1.891 0.0000000000
17810  28.468  -56.906  -2.206 0.0000000000
17818  28.615  -57.595  -2.362 0.0000000000
17819  27.927  -57.230  -2.722 0.0000000000
17827  27.480  -57.154  -3.555 0.0000000000
17834  27.322  -57.897  -4.166 0.0000000000
17853  27.377  -57.383  -5.056 0.0000000000
17871  28.204  -57.227  -6.814 0.0000000000
17872  27.788  -57.605  -6.458 0.0000000000
17891  29.315  -57.071  -8.033 0.0000000000
17892  28.661  -57.146  -7.368 0.0000000000
17893  28.144  -57.761  -7.168 0.0000000000
17917  30.106  -57.034  -8.786 0.0000000000
17918  29.329  -57.642  -8.520 0.0000000000
17919  28.660  -57.849  -7.945 0.0000000000
17937  31.583  -56.821  -9.953 0.0000000000
17938  30.676  -57.377  -9.491 0.0000000000
17939  29.760  -57.842  -9.127 0.0000000000
17957  31.879  -57.388  -10.728 0.0000000000
17958  31.186  -57.707  -10.114 0.0000000000
17971  32.626  -57.934  -12.018 0.0000000000
17972  32.198  -57.679  -11.551 0.0000000000
17983  31.509  -57.568  -13.135 0.0000000000
17993  31.452  -57.635  -13.950 0.0000000000
18007  32.277  -57.285  -15.423 0.0000000000
18008  31.677  -57.551  -14.730 0.0000000000
18025  34.632  -57.327  -16.724 0.0000000000
18026  33.127  -57.339  -16.077 0.0000000000
18027  32.454  -58.125  -15.833 0.0000000000
18028  30.715  -57.453  -16.943 0.0000000000
18040  37.813  -57.281  -18.126 0.0000000000
18041  37.094  -57.494  -17.830 0.0000000000
18042  35.631  -57.159  -16.928 0.0000000000
18043  35.155  -57.818  -17.338 0.0000000000
18044  32.339  -57.244  -18.228 0.0000000000
18045  31.939  -57.702  -18.228 0.0000000000
18046  31.404  -57.400  -17.543 0.0000000000
18051  38.343  -57.074  -19.112 0.0000000000
18052  38.052  -57.508  -18.848 0.0000000000
18053  37.485  -57.850  -18.583 0.0000000000
18054  33.529  -57.327  -19.211 0.0000000000
18055  32.637  -57.764  -18.880 0.0000000000
18059  38.013  -57.425  -19.617 0.0000000000
18060  35.505  -56.971  -20.345 0.0000000000
18061  34.920  -57.441  -20.540 0.0000000000
18062  34.211  -57.630  -20.210 0.0000000000
18063  33.309  -57.977  -19.927 0.0000000000
18064  23.455  -57.106  -20.450 0.0000000000
18065  22.815  -56.497  -19.993 0.0000000000
18067  36.537  -57.666  -21.047 0.0000000000
18068  35.955  -57.488  -21.092 0.0000000000
18069  35.364  -57.696  -21.274 0.0000000000
18070  23.950  -56.420  -21.386 0.0000000000
18071  23.210  -56.099  -20.875 0.0000000000
18074  35.758  -57.886  -21.537 0.0000000000
18075  28.110  -57.709  -22.502 0.0000000000
18076  27.512  -57.544  -22.247 0.0000000000
18077  26.789  -57.467  -22.385 0.0000000000
18078  25.860  -56.998  -22.595 0.0000000000
18079  25.142  -56.703  -22.422 0.0000000000
18080  24.305  -56.213  -22.030 0.0000000000
18081  22.423  -56.490  -21.880 0.0000000000
18082  21.321  -56.902  -21.760 0.0000000000
18083  20.200  -57.421  -21.668 0.0000000000
18084  19.202  -57.873  -21.575 0.0000000000
18086  27.448  -57.772  -22.557 0.0000000000
18087  25.049  -56.913  -22.820 0.0000000000
18088  22.674  -57.049  -22.433 0.0000000000
18089  21.730  -57.471  -22.291 0.0000000000
18991  28.741  -56.287  -1.739 0.0000000000
19005  28.088  -56.324  -2.417 0.0000000000
19006  27.626  -56.392  -3.131 0.0000000000
19011  27.436  -56.405  -3.957 0.0000000000
19021  27.481  -56.516  -4.762 0.0000000000
19043  28.086  -56.185  -6.065 0.0000000000
19044  27.646  -56.690  -5.554 0.0000000000
19063  28.455  -56.592  -6.771 0.0000000000
19064  27.925  -56.929  -6.267 0.0000000000
19091  31.522  -56.084  -9.465 0.0000000000
19092  30.873  -56.214  -8.825 0.0000000000
19093  30.029  -56.311  -8.203 0.0000000000
19103  30.974  -56.702  -9.306 0.0000000000
19114  31.806  -56.084  -10.022 0.0000000000
19130  31.797  -56.849  -11.292 0.0000000000
19131  30.898  -56.150  -11.785 0.0000000000
19145  31.058  -56.863  -12.927 0.0000000000
19146  30.731  -56.139  -12.697 0.0000000000
19152  31.208  -56.946  -13.675 0.0000000000
19153  30.939  -56.233  -13.468 0.0000000000
19158  31.832  -56.207  -14.666 0.0000000000
19159  31.476  -56.929  -14.384 0.0000000000
19167  35.497  -55.937  -16.110 0.0000000000
19168  33.166  -56.460  -15.623 0.0000000000
19169  32.323  -56.526  -15.184 0.0000000000
19170  31.850  -56.878  -14.942 0.0000000000
19183  37.444  -56.235  -17.184 0.0000000000
19184  36.786  -56.446  -16.871 0.0000000000
19185  35.992  -56.536  -16.609 0.0000000000
19186  35.046  -56.611  -16.393 0.0000000000
19187  34.024  -56.825  -16.239 0.0000000000
19201  38.402  -56.215  -18.236 0.0000000000
19202  37.993  -56.641  -17.784 0.0000000000
19203  37.353  -56.892  -17.458 0.0000000000
19204  36.568  -57.033  -17.182 0.0000000000
19205  32.245  -56.472  -17.929 0.0000000000
19206  31.597  -56.504  -17.462 0.0000000000
19207  30.991  -56.584  -16.970 0.0000000000
19212  38.516  -56.356  -19.062 0.0000000000
19213  38.289  -56.923  -18.491 0.0000000000
19214  34.303  -56.076  -19.060 0.0000000000
19215  33.613  -56.570  -18.815 0.0000000000
19216  32.903  -56.991  -18.484 0.0000000000
19221  38.216  -56.739  -19.677 0.0000000000
19222  37.730  -56.254  -20.094 0.0000000000
19223  36.069  -56.323  -20.158 0.0000000000
19224  35.137  -56.258  -19.604 0.0000000000
19225  34.470  -56.886  -19.560 0.0000000000
19226  22.156  -55.419  -19.668 0.0000000000
19231  37.768  -57.064  -20.133 0.0000000000
19232  37.214  -57.107  -20.501 0.0000000000
19233  36.452  -57.012  -20.689 0.0000000000
19234  23.698  -56.124  -21.638 0.0000000000
19235  22.216  -55.582  -20.358 0.0000000000
19239  24.559  -56.538  -22.497 0.0000000000
19240  23.145  -56.030  -21.461 0.0000000000
19241  22.122  -55.964  -21.162 0.0000000000
19242  20.914  -56.466  -21.123 0.0000000000
19244  23.996  -56.295  -22.321 0.0000000000
19245  23.313  -56.271  -22.117 0.0000000000
20103  29.511  -55.200  -0.740 0.0000000000
20104  28.829  -55.385  -1.406 0.0000000000
20122  28.309  -55.532  -2.106 0.0000000000
20123  27.829  -55.592  -2.852 0.0000000000
20137  27.623  -55.668  -3.650 0.0000000000
20156  27.996  -55.153  -4.964 0.0000000000
20157  27.612  -55.756  -4.472 0.0000000000
20175  28.343  -55.372  -5.780 0.0000000000
20176  27.762  -55.910  -5.283 0.0000000000
20194  29.633  -55.294  -7.110 0.0000000000
20195  28.742  -55.734  -6.613 0.0000000000
20202  30.878  -54.856  -7.638 0.0000000000
20203  30.085  -55.669  -7.758 0.0000000000
20216  31.492  -55.492  -8.920 0.0000000000
20217  30.855  -55.568  -8.314 0.0000000000
20225  31.664  -55.408  -9.507 0.0000000000
20232  31.642  -55.592  -10.107 0.0000000000
20233  30.896  -55.196  -10.741 0.0000000000
20246  31.552  -56.049  -10.744 0.0000000000
20247  30.729  -55.493  -11.471 0.0000000000
20264  30.594  -55.368  -12.322 0.0000000000
20278  31.403  -55.586  -14.009 0.0000000000
20279  30.832  -55.411  -13.183 0.0000000000
20288  32.995  -55.253  -14.854 0.0000000000
20289  32.259  -55.384  -14.557 0.0000000000
20297  36.032  -55.306  -16.004 0.0000000000
20298  35.086  -55.254  -15.597 0.0000000000
20299  33.516  -55.588  -15.297 0.0000000000
20300  32.653  -55.878  -15.081 0.0000000000
20310  37.396  -55.459  -16.982 0.0000000000
20311  36.785  -55.773  -16.598 0.0000000000
20312  36.236  -56.005  -16.412 0.0000000000
20327  38.331  -55.556  -18.101 0.0000000000
20328  38.020  -55.917  -17.584 0.0000000000
20336  38.517  -55.597  -18.747 0.0000000000
20338  32.901  -56.083  -18.311 0.0000000000
20345  38.425  -55.535  -19.409 0.0000000000
20346  38.124  -55.369  -19.893 0.0000000000
20347  36.771  -55.775  -20.226 0.0000000000
20348  35.744  -55.605  -19.826 0.0000000000
20355  37.487  -55.179  -20.204 0.0000000000
21156  30.078  -54.695  -0.159 0.0000000000
21157  29.477  -54.311  -0.516 0.0000000000
21171  28.968  -54.573  -1.119 0.0000000000
21172  28.529  -54.695  -1.856 0.0000000000
21189  28.167  -54.822  -2.651 0.0000000000
21200  28.296  -54.351  -3.235 0.0000000000
21201  27.902  -54.950  -3.410 0.0000000000
21209  28.266  -54.394  -3.932 0.0000000000
21210  27.836  -55.044  -4.175 0.0000000000
21221  29.656  -54.075  -5.949 0.0000000000
21222  28.714  -54.478  -5.373 0.0000000000
21237  31.397  -53.913  -7.071 0.0000000000
21238  30.206  -54.446  -6.753 0.0000000000
21239  29.111  -54.859  -6.312 0.0000000000
21246  31.711  -54.141  -7.824 0.0000000000
21262  31.682  -54.403  -8.501 0.0000000000
21263  31.518  -54.873  -8.388 0.0000000000
21273  31.686  -54.714  -9.148 0.0000000000
21274  31.027  -54.124  -9.685 0.0000000000
21276  31.416  -54.921  -9.929 0.0000000000
21277  30.589  -54.231  -10.709 0.0000000000
21282  30.528  -54.630  -11.669 0.0000000000
21290  30.886  -54.428  -12.694 0.0000000000
21306  32.198  -54.125  -13.824 0.0000000000
21307  31.419  -54.710  -13.528 0.0000000000
21324  33.871  -53.919  -14.523 0.0000000000
21325  32.839  -54.559  -14.425 0.0000000000
21326  31.971  -54.851  -14.129 0.0000000000
21334  36.211  -54.565  -15.896 0.0000000000
21335  35.481  -54.433  -15.469 0.0000000000
21336  34.559  -54.558  -15.143 0.0000000000
21337  33.680  -54.844  -14.927 0.0000000000
21346  37.320  -54.540  -16.905 0.0000000000
21347  36.733  -54.989  -16.397 0.0000000000
21358  37.878  -55.062  -17.609 0.0000000000
21369  38.299  -54.784  -18.523 0.0000000000
21381  38.488  -55.025  -19.164 0.0000000000
21382  38.277  -54.786  -19.633 0.0000000000
21389  37.894  -54.507  -20.074 0.0000000000
22221  30.948  -53.205  1.077 0.0000000000
22241  30.697  -53.839  0.598 0.0000000000
22242  29.969  -53.878  0.124 0.0000000000
22252  29.510  -53.505  -0.504 0.0000000000
22260  29.307  -53.219  -1.221 0.0000000000
22261  28.841  -53.898  -1.577 0.0000000000
22267  29.195  -53.091  -2.073 0.0000000000
22268  28.606  -53.893  -2.567 0.0000000000
22281  29.343  -53.030  -3.007 0.0000000000
22282  28.724  -53.706  -3.565 0.0000000000
22293  31.114  -52.701  -4.957 0.0000000000
22294  29.947  -53.208  -4.714 0.0000000000
22295  28.865  -53.820  -4.521 0.0000000000
22304  31.751  -52.652  -6.033 0.0000000000
22305  31.399  -53.002  -5.722 0.0000000000
22306  30.359  -53.408  -5.479 0.0000000000
22307  29.397  -53.775  -5.235 0.0000000000
22322  31.926  -52.848  -6.646 0.0000000000
22323  31.699  -53.194  -6.492 0.0000000000
22324  30.815  -53.663  -6.270 0.0000000000
22338  31.869  -53.297  -7.225 0.0000000000
22351  30.692  -52.657  -9.074 0.0000000000
22362  31.623  -54.016  -8.786 0.0000000000
22363  30.893  -53.381  -9.338 0.0000000000
22368  30.536  -53.286  -10.278 0.0000000000
22371  30.588  -53.251  -11.226 0.0000000000
22373  31.358  -53.347  -12.542 0.0000000000
22374  30.728  -53.714  -11.970 0.0000000000
22376  33.006  -52.958  -13.678 0.0000000000
22377  32.408  -53.325  -13.482 0.0000000000
22378  31.658  -53.816  -13.201 0.0000000000
22389  34.388  -53.095  -14.447 0.0000000000
22390  33.627  -53.053  -14.037 0.0000000000
22391  32.993  -53.618  -14.015 0.0000000000
22402  35.769  -52.892  -15.427 0.0000000000
22403  35.104  -53.032  -14.874 0.0000000000
22404  34.830  -53.772  -14.929 0.0000000000
22412  37.199  -53.554  -16.859 0.0000000000
22413  36.688  -54.106  -16.262 0.0000000000
22422  37.743  -53.985  -17.787 0.0000000000
22428  38.341  -54.440  -19.228 0.0000000000
22429  38.128  -53.818  -18.857 0.0000000000
23336  31.932  -51.735  2.077 0.0000000000
23359  31.845  -52.341  1.769 0.0000000000
23360  31.255  -51.656  1.615 0.0000000000
23379  30.090  -52.415  0.197 0.0000000000
23380  29.815  -53.110  0.014 0.0000000000
23386  30.189  -51.729  -0.350 0.0000000000
23387  29.742  -52.558  -0.637 0.0000000000
23390  29.773  -52.375  -1.619 0.0000000000
23392  30.849  -51.719  -3.041 0.0000000000
23393  30.023  -52.317  -2.534 0.0000000000
23403  31.244  -51.931  -3.776 0.0000000000
23404  30.451  -52.363  -3.358 0.0000000000
23419  31.539  -52.071  -4.564 0.0000000000
23420  30.780  -52.513  -4.168 0.0000000000
23426  31.742  -52.175  -5.712 0.0000000000
23427  31.627  -52.324  -5.339 0.0000000000
23433  31.764  -52.381  -6.397 0.0000000000
23446  31.983  -52.799  -6.988 0.0000000000
23447  31.486  -52.291  -7.292 0.0000000000
23456  31.835  -53.029  -7.611 0.0000000000
23457  31.127  -52.515  -8.247 0.0000000000
23475  30.463  -52.658  -9.813 0.0000000000
23479  31.177  -52.051  -11.951 0.0000000000
23480  30.740  -52.421  -11.349 0.0000000000
23483  32.157  -51.896  -13.081 0.0000000000
23484  31.725  -52.397  -12.637 0.0000000000
23485  31.069  -52.753  -11.974 0.0000000000
23487  33.253  -52.403  -13.780 0.0000000000
23488  32.483  -52.519  -13.327 0.0000000000
23489  31.956  -53.048  -13.014 0.0000000000
23491  35.282  -52.398  -15.024 0.0000000000
23492  34.713  -52.365  -14.617 0.0000000000
23493  33.979  -52.358  -14.212 0.0000000000
23498  36.218  -52.343  -15.802 0.0000000000
23499  35.730  -52.016  -15.425 0.0000000000
23504  37.123  -52.532  -16.912 0.0000000000
23505  36.630  -52.233  -16.292 0.0000000000
24369  31.807  -51.110  2.174 0.0000000000
24394  31.386  -50.831  1.824 0.0000000000
24395  30.950  -50.849  1.291 0.0000000000
24408  30.631  -50.853  0.484 0.0000000000
24416  30.738  -51.030  -1.682 0.0000000000
24417  30.256  -51.645  -1.210 0.0000000000
24421  30.561  -51.557  -2.162 0.0000000000
24430  31.023  -51.439  -3.467 0.0000000000
24447  31.346  -51.762  -4.222 0.0000000000
24448  30.911  -51.371  -4.864 0.0000000000
24452  31.644  -51.939  -5.118 0.0000000000
24456  30.285  -51.337  -6.575 0.0000000000
24457  29.245  -50.955  -6.822 0.0000000000
24464  30.519  -51.828  -8.079 0.0000000000
24465  29.708  -51.343  -7.901 0.0000000000
24466  29.007  -50.992  -7.625 0.0000000000
24476  30.344  -51.938  -8.883 0.0000000000
24477  29.668  -51.432  -8.667 0.0000000000
24478  28.948  -51.035  -8.394 0.0000000000
24488  30.256  -51.980  -9.673 0.0000000000
24489  29.655  -51.500  -9.427 0.0000000000
24490  28.939  -51.060  -9.203 0.0000000000
24505  29.713  -51.560  -10.059 0.0000000000
24506  29.032  -51.146  -9.995 0.0000000000
24516  30.634  -51.895  -11.302 0.0000000000
24517  29.968  -51.386  -11.379 0.0000000000
24524  31.492  -51.719  -12.619 0.0000000000
24525  30.615  -51.427  -12.160 0.0000000000
24526  29.649  -50.812  -12.087 0.0000000000
24532  33.414  -51.685  -14.154 0.0000000000
24533  32.762  -51.892  -13.566 0.0000000000
24534  31.675  -51.372  -13.298 0.0000000000
24535  30.885  -51.087  -13.047 0.0000000000
24539  35.080  -51.750  -15.017 0.0000000000
24540  32.602  -51.348  -14.030 0.0000000000
24541  31.881  -51.059  -13.936 0.0000000000
24544  36.318  -51.593  -16.059 0.0000000000
24545  35.587  -51.265  -15.651 0.0000000000
24546  34.663  -50.978  -15.314 0.0000000000
25313  31.764  -50.335  2.193 0.0000000000
25330  31.302  -50.149  1.584 0.0000000000
25331  30.882  -50.116  0.850 0.0000000000
25337  30.693  -50.174  0.143 0.0000000000
25347  30.592  -50.602  -0.337 0.0000000000
25357  30.531  -50.573  -1.820 0.0000000000
25363  30.817  -51.131  -2.625 0.0000000000
25364  30.282  -50.465  -2.592 0.0000000000
25372  30.736  -50.904  -3.177 0.0000000000
25373  29.839  -50.405  -3.317 0.0000000000
25374  28.795  -49.744  -3.517 0.0000000000
25388  30.658  -50.981  -3.919 0.0000000000
25389  29.270  -50.343  -4.100 0.0000000000
25401  29.667  -50.725  -4.818 0.0000000000
25402  28.700  -50.413  -5.479 0.0000000000
25410  29.758  -51.008  -5.806 0.0000000000
25411  28.590  -50.529  -6.383 0.0000000000
25412  27.924  -50.044  -6.940 0.0000000000
25419  28.458  -50.565  -7.275 0.0000000000
25420  27.941  -50.161  -7.791 0.0000000000
25431  28.406  -50.597  -8.075 0.0000000000
25432  28.022  -50.225  -8.463 0.0000000000
25443  28.398  -50.478  -9.743 0.0000000000
25444  27.960  -50.054  -9.097 0.0000000000
25458  29.434  -51.242  -10.684 0.0000000000
25459  28.716  -50.613  -10.651 0.0000000000
25473  29.164  -50.748  -11.406 0.0000000000
25501  32.987  -50.427  -15.236 0.0000000000
25502  32.215  -50.622  -14.602 0.0000000000
25506  35.430  -50.480  -16.098 0.0000000000
25507  34.457  -50.153  -16.009 0.0000000000
25508  33.847  -50.517  -15.445 0.0000000000
26269  31.691  -49.494  2.020 0.0000000000
26284  31.205  -49.264  1.170 0.0000000000
26288  30.730  -49.441  0.273 0.0000000000
26299  30.148  -49.596  -1.136 0.0000000000
26303  30.565  -50.518  -1.073 0.0000000000
26312  29.779  -49.774  -2.001 0.0000000000
26313  29.034  -49.025  -2.218 0.0000000000
26321  29.317  -49.759  -2.740 0.0000000000
26322  28.552  -48.981  -2.964 0.0000000000
26331  28.371  -49.672  -4.332 0.0000000000
26332  27.825  -48.944  -4.699 0.0000000000
26346  28.081  -49.700  -5.147 0.0000000000
26357  27.973  -49.868  -6.026 0.0000000000
26358  27.659  -49.269  -6.660 0.0000000000
26367  27.694  -49.495  -7.564 0.0000000000
26378  27.779  -49.722  -8.412 0.0000000000
26388  28.053  -49.846  -9.735 0.0000000000
26389  27.870  -49.287  -9.173 0.0000000000
26399  28.255  -49.969  -10.446 0.0000000000
27227  31.728  -48.622  1.750 0.0000000000
27238  31.316  -48.339  1.024 0.0000000000
27239  30.524  -48.637  0.006 0.0000000000
27250  30.042  -48.630  -0.653 0.0000000000
27255  29.628  -48.703  -1.234 0.0000000000
27268  29.167  -48.393  -1.763 0.0000000000
27269  28.656  -48.176  -2.464 0.0000000000
27289  28.233  -48.161  -3.320 0.0000000000
27300  27.882  -48.065  -4.279 0.0000000000
27301  27.724  -48.333  -5.086 0.0000000000
27315  27.658  -48.952  -5.674 0.0000000000
27331  27.662  -48.440  -6.499 0.0000000000
27345  27.659  -48.695  -7.348 0.0000000000
27359  27.690  -48.951  -8.237 0.0000000000
28250  30.843  -48.063  0.411 0.0000000000
28262  30.308  -47.763  -0.286 0.0000000000
28263  29.591  -47.846  -1.153 0.0000000000
28273  30.019  -47.026  -0.838 0.0000000000
28284  29.026  -47.654  -1.940 0.0000000000
28285  28.532  -47.496  -2.896 0.0000000000
29287  30.854  -47.393  0.245 0.0000000000
29303  30.636  -46.905  -0.220 0.0000000000
107673  30.180  -51.803  -10.513 0.0000000000
107976  18.877  -62.251  -23.603 0.0000000000
108401  31.730  -54.981  -8.886 0.0000000000
108497  22.722  -55.833  -20.766 0.0000000000
108516  30.562  -51.601  -7.292 0.0000000000
108545  31.108  -51.566  -5.751 0.0000000000
108593  31.852  -57.421  -12.168 0.0000000000
108919  21.241  -64.022  -16.183 0.0000000000
109001  30.581  -51.063  -0.831 0.0000000000
109086  22.899  -63.508  -19.952 0.0000000000
109105  31.958  -58.272  -20.594 0.0000000000
109159  28.125  -48.942  -3.817 0.0000000000
109280  27.473  -58.710  -3.678 0.0000000000
109783  27.237  -58.221  -4.985 0.0000000000
109872  32.405  -61.570  -13.677 0.0000000000
109876  29.263  -67.866  -17.708 0.0000000000
110046  15.023  -63.802  -18.240 0.0000000000
110096  22.728  -63.220  -19.063 0.0000000000
110161  22.559  -55.777  -20.172 0.0000000000
110240  18.245  -65.739  -17.130 0.0000000000
110713  17.333  -63.241  -15.832 0.0000000000
110735  21.973  -63.272  -19.698 0.0000000000
111141  36.197  -57.642  -17.576 0.0000000000
111177  34.361  -64.256  -16.140 0.0000000000
111222  19.754  -65.387  -17.112 0.0000000000
111237  31.298  -51.797  -6.510 0.0000000000
111280  33.000  -51.036  -14.533 0.0000000000
111295  28.094  -63.186  -13.461 0.0000000000
111378  16.761  -61.596  -23.562 0.0000000000
111406  31.322  -62.993  -14.381 0.0000000000
111543  31.777  -56.628  -10.520 0.0000000000
111635  15.333  -63.774  -21.346 0.0000000000
111658  28.156  -49.313  -10.059 0.0000000000
111714  26.312  -61.032  -5.549 0.0000000000
111902  28.159  -63.757  -21.102 0.0000000000
111978  26.632  -59.741  -7.283 0.0000000000
112022  31.530  -57.802  -21.767 0.0000000000
112251  31.193  -56.699  -12.175 0.0000000000
112681  26.163  -60.315  -6.717 0.0000000000
112848  15.858  -63.749  -18.125 0.0000000000
112973  26.937  -69.033  -17.733 0.0000000000
113075  34.304  -51.673  -14.620 0.0000000000
113180  19.804  -66.554  -19.185 0.0000000000
113595  34.250  -55.231  -15.355 0.0000000000
113616  20.086  -62.705  -16.778 0.0000000000
113626  30.387  -51.660  0.413 0.0000000000
113641  14.743  -63.729  -19.069 0.0000000000
113791  34.113  -61.526  -14.629 0.0000000000
113889  29.591  -53.083  -3.900 0.0000000000
114097  31.940  -57.098  -17.824 0.0000000000
114496  26.875  -64.242  -21.426 0.0000000000
114589  29.133  -53.911  -0.943 0.0000000000
114608  20.349  -60.044  -22.690 0.0000000000
114744  30.304  -53.135  0.532 0.0000000000
114802  23.010  -63.614  -17.451 0.0000000000
114877  34.084  -62.287  -18.305 0.0000000000
114990  28.390  -50.569  -8.848 0.0000000000
115129  14.495  -63.575  -19.929 0.0000000000
115558  29.397  -55.970  -1.229 0.0000000000
115587  31.032  -62.260  -13.836 0.0000000000
115604  32.050  -61.724  -21.542 0.0000000000
115658  24.322  -68.355  -19.411 0.0000000000
115725  30.455  -52.379  -10.589 0.0000000000
115848  23.968  -63.995  -23.494 0.0000000000
115980  28.778  -66.038  -17.402 0.0000000000
116019  23.389  -63.497  -18.031 0.0000000000
116173  30.073  -68.720  -15.910 0.0000000000
116229  33.179  -58.078  -16.452 0.0000000000
116248  32.278  -58.702  -13.726 0.0000000000
116294  24.220  -64.281  -20.880 0.0000000000
116332  25.257  -63.183  -9.699 0.0000000000
116528  36.534  -53.071  -16.140 0.0000000000
116537  33.805  -57.507  -16.521 0.0000000000
116576  25.649  -63.747  -20.206 0.0000000000
116658  25.181  -64.393  -21.000 0.0000000000
116676  19.717  -64.368  -23.644 0.0000000000
116712  20.848  -63.785  -23.586 0.0000000000
116721  34.234  -62.152  -17.484 0.0000000000
116781  21.253  -58.468  -22.462 0.0000000000
116790  25.850  -64.605  -9.382 0.0000000000
117129  21.436  -59.949  -22.539 0.0000000000
117240  31.712  -65.157  -15.231 0.0000000000
117356  38.279  -56.063  -19.677 0.0000000000
117403  27.598  -57.329  -5.839 0.0000000000
117449  28.366  -63.492  -20.311 0.0000000000
117559  24.939  -63.665  -18.369 0.0000000000
117607  24.462  -67.867  -19.249 0.0000000000
117618  29.474  -49.094  -1.640 0.0000000000
117625  16.864  -64.131  -20.298 0.0000000000
117670  20.150  -58.980  -22.481 0.0000000000
117764  34.857  -63.137  -16.699 0.0000000000
117830  18.110  -63.831  -20.118 0.0000000000
117850  17.914  -64.439  -21.216 0.0000000000
117851  29.004  -63.316  -17.911 0.0000000000
117852  30.041  -63.435  -17.805 0.0000000000
117959  15.856  -63.616  -15.515 0.0000000000
117991  22.399  -59.831  -22.470 0.0000000000
117996  28.080  -63.400  -17.896 0.0000000000
118231  23.647  -70.546  -18.086 0.0000000000
118604  21.968  -60.763  -22.500 0.0000000000
118612  27.508  -63.259  -18.683 0.0000000000
118613  28.464  -63.130  -18.983 0.0000000000
118614  29.479  -63.195  -18.814 0.0000000000
118804  26.002  -65.626  -17.398 0.0000000000
118818  32.618  -66.636  -15.877 0.0000000000
118982  30.070  -57.671  -22.525 0.0000000000
119106  30.558  -49.949  -0.448 0.0000000000
119270  25.418  -62.582  -9.622 0.0000000000
119322  23.801  -56.047  -21.916 0.0000000000
119460  24.366  -57.762  -22.813 0.0000000000
119499  23.367  -59.636  -22.460 0.0000000000
119680  24.047  -57.023  -22.783 0.0000000000
120011  26.885  -64.154  -22.244 0.0000000000
120022  25.217  -57.774  -22.830 0.0000000000
120036  13.605  -67.874  -16.103 0.0000000000
120080  36.053  -53.811  -15.666 0.0000000000
120106  30.950  -58.004  -17.486 0.0000000000
120117  16.534  -64.277  -22.321 0.0000000000
120137  30.064  -61.460  -22.489 0.0000000000
120165  27.808  -64.212  -17.317 0.0000000000
120272  28.468  -69.941  -15.549 0.0000000000
120500  32.201  -58.735  -11.472 0.0000000000
120525  34.627  -58.102  -22.079 0.0000000000
120581  26.337  -65.726  -10.969 0.0000000000
120591  34.048  -60.562  -14.896 0.0000000000
120603  25.926  -58.050  -22.759 0.0000000000
120833  25.713  -62.194  -23.261 0.0000000000
121259  31.253  -52.568  1.419 0.0000000000
121506  27.363  -57.052  -4.294 0.0000000000
121541  27.723  -59.923  -3.514 0.0000000000
121555  33.719  -51.059  -14.831 0.0000000000
121682  16.187  -64.301  -13.983 0.0000000000
121754  31.435  -53.288  -8.460 0.0000000000
121760  26.958  -65.938  -17.551 0.0000000000
121791  20.299  -67.138  -19.514 0.0000000000
121826  36.983  -56.485  -20.442 0.0000000000
121970  20.546  -65.947  -18.389 0.0000000000
122047  29.437  -56.585  -1.556 0.0000000000
122101  26.863  -64.501  -17.419 0.0000000000
122136  15.419  -63.648  -16.329 0.0000000000
122251  23.736  -58.627  -22.610 0.0000000000
122253  22.317  -64.933  -23.301 0.0000000000
122371  27.403  -63.623  -22.491 0.0000000000
122393  30.931  -48.752  0.574 0.0000000000
122394  30.468  -51.154  -0.134 0.0000000000
122451  18.930  -62.836  -18.629 0.0000000000
122472  31.846  -53.732  -7.992 0.0000000000
122522  24.595  -64.792  -22.897 0.0000000000
122721  19.672  -62.693  -23.466 0.0000000000
122902  17.391  -67.005  -16.667 0.0000000000
122958  28.312  -58.495  -8.201 0.0000000000
123036  17.432  -64.154  -20.472 0.0000000000
123159  37.438  -53.106  -17.510 0.0000000000
123205  28.542  -69.096  -17.168 0.0000000000
123230  35.443  -53.604  -15.265 0.0000000000
123308  30.087  -60.824  -12.093 0.0000000000
123312  32.741  -61.289  -21.627 0.0000000000
123561  23.334  -63.414  -19.369 0.0000000000
123639  23.644  -57.890  -22.752 0.0000000000
123881  35.415  -60.064  -20.323 0.0000000000
123995  30.669  -51.478  1.040 0.0000000000
124012  25.316  -63.451  -9.157 0.0000000000
124045  16.295  -62.549  -24.075 0.0000000000
124074  23.726  -63.641  -20.019 0.0000000000
124115  30.512  -54.360  0.255 0.0000000000
124207  34.403  -55.980  -15.783 0.0000000000
124360  31.691  -51.958  -5.838 0.0000000000
124385  14.701  -63.715  -16.664 0.0000000000
124391  27.697  -69.730  -12.889 0.0000000000
124543  29.223  -56.260  -7.432 0.0000000000
124666  35.666  -59.798  -20.837 0.0000000000
124692  34.394  -61.016  -14.613 0.0000000000
124734  30.601  -52.326  0.999 0.0000000000
124763  28.928  -59.785  -10.430 0.0000000000
124773  26.540  -60.258  -22.879 0.0000000000
124794  25.860  -60.793  -6.915 0.0000000000
124852  28.725  -50.222  -4.769 0.0000000000
124989  15.893  -67.368  -15.626 0.0000000000
125029  28.292  -54.574  -4.606 0.0000000000
125116  20.213  -63.028  -16.328 0.0000000000
125189  27.230  -71.398  -15.132 0.0000000000
125262  16.865  -64.333  -21.233 0.0000000000
125348  34.046  -58.284  -22.421 0.0000000000
125604  26.626  -65.171  -17.296 0.0000000000
125657  18.733  -61.309  -23.382 0.0000000000
125677  30.694  -58.384  -10.228 0.0000000000
125685  27.464  -70.486  -13.244 0.0000000000
125708  29.905  -63.402  -19.740 0.0000000000
126010  25.848  -64.749  -17.377 0.0000000000
126401  25.437  -66.263  -17.633 0.0000000000
126451  26.865  -59.241  -5.903 0.0000000000
126666  15.779  -69.814  -19.221 0.0000000000
126680  21.207  -63.335  -16.570 0.0000000000
126685  15.772  -61.723  -23.886 0.0000000000
126789  21.557  -55.774  -20.608 0.0000000000
126894  34.164  -64.222  -16.643 0.0000000000
127000  14.842  -63.742  -16.058 0.0000000000
127060  15.812  -63.610  -16.857 0.0000000000
127185  30.388  -49.267  -0.379 0.0000000000
127297  21.390  -62.883  -19.039 0.0000000000
127503  23.429  -56.779  -22.530 0.0000000000
127732  18.936  -62.680  -17.850 0.0000000000
127777  25.482  -56.852  -22.778 0.0000000000
127854  16.827  -63.067  -23.973 0.0000000000
127991  24.349  -69.089  -19.204 0.0000000000
128055  19.020  -60.032  -22.624 0.0000000000
128060  15.133  -63.811  -19.587 0.0000000000
128079  30.514  -53.954  -11.431 0.0000000000
128090  24.589  -63.479  -19.017 0.0000000000
128115  27.811  -70.211  -16.386 0.0000000000
128207  33.410  -63.713  -17.878 0.0000000000
128209  15.289  -67.363  -15.248 0.0000000000
128247  30.522  -52.781  -10.869 0.0000000000
128259  33.833  -57.953  -21.066 0.0000000000
128421  20.195  -64.503  -21.442 0.0000000000
128482  20.952  -62.719  -17.353 0.0000000000
128568  14.481  -65.143  -13.929 0.0000000000
128625  29.728  -51.234  -7.254 0.0000000000
128719  30.332  -52.169  -10.118 0.0000000000
128747  28.750  -47.581  -2.413 0.0000000000
128819  15.433  -69.401  -19.434 0.0000000000
129020  30.388  -57.665  -23.003 0.0000000000
129119  27.465  -71.341  -14.484 0.0000000000
129275  30.683  -62.796  -21.122 0.0000000000
129328  26.433  -66.497  -13.032 0.0000000000
129349  29.701  -68.217  -15.599 0.0000000000
129400  32.258  -51.549  -13.534 0.0000000000
129509  26.274  -67.482  -18.520 0.0000000000
129612  27.013  -66.514  -14.738 0.0000000000
129618  34.265  -63.683  -17.196 0.0000000000
129965  32.990  -60.079  -15.250 0.0000000000
130032  31.288  -56.377  -14.086 0.0000000000
130069  22.581  -65.224  -22.519 0.0000000000
