#!ascii label , from subject sub-01 vox2ras=TkReg rh ROI=PON coords=white drawn-with=delineation-helper-0.1.0
360
14625  24.280  -60.334  -13.101 0.0000000000
14639  25.971  -59.961  -13.901 0.0000000000
14656  27.111  -59.759  -14.725 0.0000000000
14657  26.425  -60.049  -14.411 0.0000000000
14658  25.781  -60.380  -14.396 0.0000000000
14659  24.948  -60.592  -14.430 0.0000000000
14675  27.216  -60.149  -15.394 0.0000000000
14676  26.462  -60.390  -15.069 0.0000000000
14677  25.550  -60.603  -15.080 0.0000000000
14695  27.794  -60.292  -16.913 0.0000000000
14696  27.110  -60.474  -16.797 0.0000000000
14719  28.138  -60.187  -17.413 0.0000000000
15708  23.977  -59.073  -12.053 0.0000000000
15731  24.412  -59.548  -12.634 0.0000000000
15732  23.580  -60.090  -12.356 0.0000000000
15751  26.064  -59.225  -13.653 0.0000000000
15752  25.438  -59.637  -13.434 0.0000000000
15753  25.005  -59.106  -13.009 0.0000000000
15769  26.605  -59.502  -14.139 0.0000000000
15782  28.314  -59.591  -15.821 0.0000000000
15783  27.797  -59.646  -15.295 0.0000000000
15795  29.273  -59.374  -16.857 0.0000000000
15796  28.467  -59.859  -16.651 0.0000000000
15797  27.695  -60.158  -16.080 0.0000000000
15812  30.250  -58.974  -17.723 0.0000000000
15813  29.601  -59.409  -17.672 0.0000000000
15814  28.812  -59.849  -17.671 0.0000000000
15825  29.958  -59.317  -18.484 0.0000000000
15826  29.289  -59.614  -18.354 0.0000000000
15837  30.394  -59.021  -19.379 0.0000000000
15855  35.503  -58.313  -21.777 0.0000000000
16828  25.209  -58.242  -13.157 0.0000000000
16829  24.637  -58.403  -12.556 0.0000000000
16844  26.608  -58.556  -14.016 0.0000000000
16864  27.369  -58.347  -14.467 0.0000000000
16865  27.155  -59.082  -14.343 0.0000000000
16882  29.044  -58.422  -15.656 0.0000000000
16883  28.433  -58.876  -15.273 0.0000000000
16884  27.734  -59.035  -14.717 0.0000000000
16898  30.356  -58.346  -17.067 0.0000000000
16899  29.604  -58.550  -16.351 0.0000000000
16900  28.922  -59.157  -16.033 0.0000000000
16915  31.366  -58.280  -18.166 0.0000000000
16916  30.736  -58.509  -17.766 0.0000000000
16917  29.861  -58.982  -17.092 0.0000000000
16922  37.670  -58.044  -19.408 0.0000000000
16926  32.358  -58.286  -19.718 0.0000000000
16927  31.947  -58.240  -18.828 0.0000000000
16928  30.705  -58.878  -18.466 0.0000000000
16936  31.385  -58.639  -19.353 0.0000000000
16937  30.988  -58.490  -20.393 0.0000000000
16944  37.421  -57.770  -20.368 0.0000000000
16945  36.771  -58.277  -20.913 0.0000000000
16946  34.639  -57.872  -21.567 0.0000000000
16947  32.994  -58.094  -21.091 0.0000000000
16948  32.324  -57.780  -21.922 0.0000000000
16949  30.562  -57.955  -21.517 0.0000000000
16958  36.175  -58.051  -21.480 0.0000000000
16959  35.164  -57.960  -21.781 0.0000000000
16960  33.850  -57.984  -22.248 0.0000000000
16961  32.868  -57.922  -22.532 0.0000000000
16962  32.007  -57.731  -22.780 0.0000000000
16963  31.012  -57.670  -22.825 0.0000000000
17978  25.042  -57.520  -12.891 0.0000000000
17984  26.094  -57.666  -14.014 0.0000000000
17985  25.518  -57.459  -13.523 0.0000000000
17994  26.794  -57.664  -14.405 0.0000000000
17995  25.829  -56.916  -14.113 0.0000000000
18009  29.380  -57.683  -15.757 0.0000000000
18010  28.611  -57.747  -15.198 0.0000000000
18011  27.641  -57.458  -14.820 0.0000000000
18012  26.767  -56.888  -14.846 0.0000000000
18028  30.715  -57.453  -16.943 0.0000000000
18029  30.047  -57.622  -16.347 0.0000000000
18040  37.813  -57.281  -18.126 0.0000000000
18041  37.094  -57.494  -17.830 0.0000000000
18044  32.339  -57.244  -18.228 0.0000000000
18045  31.939  -57.702  -18.228 0.0000000000
18046  31.404  -57.400  -17.543 0.0000000000
18051  38.343  -57.074  -19.112 0.0000000000
18052  38.052  -57.508  -18.848 0.0000000000
18053  37.485  -57.850  -18.583 0.0000000000
18054  33.529  -57.327  -19.211 0.0000000000
18055  32.637  -57.764  -18.880 0.0000000000
18059  38.013  -57.425  -19.617 0.0000000000
18060  35.505  -56.971  -20.345 0.0000000000
18061  34.920  -57.441  -20.540 0.0000000000
18062  34.211  -57.630  -20.210 0.0000000000
18063  33.309  -57.977  -19.927 0.0000000000
18067  36.537  -57.666  -21.047 0.0000000000
18068  35.955  -57.488  -21.092 0.0000000000
18069  35.364  -57.696  -21.274 0.0000000000
18074  35.758  -57.886  -21.537 0.0000000000
19160  26.235  -56.458  -14.613 0.0000000000
19167  35.497  -55.937  -16.110 0.0000000000
19171  29.048  -56.945  -15.591 0.0000000000
19172  28.200  -56.814  -15.361 0.0000000000
19173  27.294  -56.550  -15.375 0.0000000000
19183  37.444  -56.235  -17.184 0.0000000000
19184  36.786  -56.446  -16.871 0.0000000000
19185  35.992  -56.536  -16.609 0.0000000000
19188  30.213  -56.630  -16.422 0.0000000000
19189  29.407  -56.356  -16.094 0.0000000000
19190  28.602  -56.258  -15.922 0.0000000000
19191  27.713  -56.128  -15.940 0.0000000000
19201  38.402  -56.215  -18.236 0.0000000000
19202  37.993  -56.641  -17.784 0.0000000000
19203  37.353  -56.892  -17.458 0.0000000000
19204  36.568  -57.033  -17.182 0.0000000000
19205  32.245  -56.472  -17.929 0.0000000000
19206  31.597  -56.504  -17.462 0.0000000000
19207  30.991  -56.584  -16.970 0.0000000000
19212  38.516  -56.356  -19.062 0.0000000000
19213  38.289  -56.923  -18.491 0.0000000000
19214  34.303  -56.076  -19.060 0.0000000000
19215  33.613  -56.570  -18.815 0.0000000000
19216  32.903  -56.991  -18.484 0.0000000000
19221  38.216  -56.739  -19.677 0.0000000000
19222  37.730  -56.254  -20.094 0.0000000000
19223  36.069  -56.323  -20.158 0.0000000000
19224  35.137  -56.258  -19.604 0.0000000000
19225  34.470  -56.886  -19.560 0.0000000000
19231  37.768  -57.064  -20.133 0.0000000000
19232  37.214  -57.107  -20.501 0.0000000000
19233  36.452  -57.012  -20.689 0.0000000000
20288  32.995  -55.253  -14.854 0.0000000000
20289  32.259  -55.384  -14.557 0.0000000000
20297  36.032  -55.306  -16.004 0.0000000000
20298  35.086  -55.254  -15.597 0.0000000000
20299  33.516  -55.588  -15.297 0.0000000000
20301  27.105  -55.944  -15.910 0.0000000000
20302  26.640  -56.086  -15.364 0.0000000000
20310  37.396  -55.459  -16.982 0.0000000000
20311  36.785  -55.773  -16.598 0.0000000000
20312  36.236  -56.005  -16.412 0.0000000000
20313  29.802  -55.747  -16.564 0.0000000000
20314  28.952  -55.699  -16.457 0.0000000000
20315  28.076  -55.671  -16.511 0.0000000000
20316  27.385  -55.524  -16.431 0.0000000000
20327  38.331  -55.556  -18.101 0.0000000000
20328  38.020  -55.917  -17.584 0.0000000000
20329  32.187  -55.438  -17.996 0.0000000000
20330  31.702  -55.732  -17.593 0.0000000000
20331  29.250  -55.184  -17.076 0.0000000000
20332  28.446  -55.257  -16.995 0.0000000000
20333  27.720  -55.039  -17.156 0.0000000000
20336  38.517  -55.597  -18.747 0.0000000000
20337  33.510  -55.657  -18.683 0.0000000000
20338  32.901  -56.083  -18.311 0.0000000000
20345  38.425  -55.535  -19.409 0.0000000000
20346  38.124  -55.369  -19.893 0.0000000000
20347  36.771  -55.775  -20.226 0.0000000000
20348  35.744  -55.605  -19.826 0.0000000000
20349  34.833  -55.436  -19.458 0.0000000000
20350  34.005  -55.139  -19.144 0.0000000000
20355  37.487  -55.179  -20.204 0.0000000000
21290  30.886  -54.428  -12.694 0.0000000000
21306  32.198  -54.125  -13.824 0.0000000000
21307  31.419  -54.710  -13.528 0.0000000000
21324  33.871  -53.919  -14.523 0.0000000000
21325  32.839  -54.559  -14.425 0.0000000000
21326  31.971  -54.851  -14.129 0.0000000000
21334  36.211  -54.565  -15.896 0.0000000000
21335  35.481  -54.433  -15.469 0.0000000000
21336  34.559  -54.558  -15.143 0.0000000000
21337  33.680  -54.844  -14.927 0.0000000000
21346  37.320  -54.540  -16.905 0.0000000000
21347  36.733  -54.989  -16.397 0.0000000000
21358  37.878  -55.062  -17.609 0.0000000000
21359  31.256  -54.878  -17.787 0.0000000000
21360  30.263  -54.562  -17.988 0.0000000000
21361  29.489  -54.691  -17.783 0.0000000000
21362  28.476  -54.715  -17.756 0.0000000000
21369  38.299  -54.784  -18.523 0.0000000000
21370  33.301  -54.890  -18.933 0.0000000000
21371  32.772  -55.143  -18.513 0.0000000000
21372  32.004  -54.668  -18.477 0.0000000000
21373  30.759  -54.339  -18.428 0.0000000000
21374  29.967  -54.076  -18.792 0.0000000000
21375  29.009  -54.218  -18.547 0.0000000000
21376  28.224  -54.157  -18.414 0.0000000000
21381  38.488  -55.025  -19.164 0.0000000000
21382  38.277  -54.786  -19.633 0.0000000000
21383  36.468  -54.947  -20.155 0.0000000000
21384  35.439  -54.794  -19.896 0.0000000000
21385  33.498  -54.302  -19.579 0.0000000000
21386  32.636  -54.375  -19.159 0.0000000000
21387  31.766  -54.083  -19.153 0.0000000000
21388  30.885  -53.889  -19.194 0.0000000000
21389  37.894  -54.507  -20.074 0.0000000000
21390  37.127  -54.263  -20.310 0.0000000000
21391  36.116  -54.058  -20.340 0.0000000000
21392  35.078  -53.926  -20.259 0.0000000000
21393  34.100  -53.712  -20.173 0.0000000000
22351  30.692  -52.657  -9.074 0.0000000000
22368  30.536  -53.286  -10.278 0.0000000000
22371  30.588  -53.251  -11.226 0.0000000000
22373  31.358  -53.347  -12.542 0.0000000000
22374  30.728  -53.714  -11.970 0.0000000000
22376  33.006  -52.958  -13.678 0.0000000000
22377  32.408  -53.325  -13.482 0.0000000000
22378  31.658  -53.816  -13.201 0.0000000000
22389  34.388  -53.095  -14.447 0.0000000000
22390  33.627  -53.053  -14.037 0.0000000000
22391  32.993  -53.618  -14.015 0.0000000000
22402  35.769  -52.892  -15.427 0.0000000000
22403  35.104  -53.032  -14.874 0.0000000000
22404  34.830  -53.772  -14.929 0.0000000000
22412  37.199  -53.554  -16.859 0.0000000000
22413  36.688  -54.106  -16.262 0.0000000000
22422  37.743  -53.985  -17.787 0.0000000000
22428  38.341  -54.440  -19.228 0.0000000000
22429  38.128  -53.818  -18.857 0.0000000000
22430  29.265  -53.568  -19.239 0.0000000000
22431  28.453  -53.586  -18.946 0.0000000000
22432  27.758  -53.578  -18.469 0.0000000000
22433  38.027  -53.914  -19.652 0.0000000000
22434  37.360  -53.210  -19.759 0.0000000000
22435  32.247  -53.678  -19.844 0.0000000000
22436  31.472  -53.610  -19.706 0.0000000000
22437  30.876  -53.251  -19.920 0.0000000000
22438  29.524  -53.028  -19.666 0.0000000000
22439  28.838  -52.973  -19.450 0.0000000000
22440  37.531  -53.825  -20.121 0.0000000000
22441  36.691  -53.424  -20.250 0.0000000000
22442  35.646  -53.317  -20.364 0.0000000000
22443  34.693  -53.174  -20.458 0.0000000000
22444  33.091  -53.471  -20.221 0.0000000000
22445  32.350  -53.126  -20.341 0.0000000000
22446  31.652  -53.162  -20.180 0.0000000000
22447  31.143  -52.556  -20.256 0.0000000000
23475  30.463  -52.658  -9.813 0.0000000000
23479  31.177  -52.051  -11.951 0.0000000000
23480  30.740  -52.421  -11.349 0.0000000000
23483  32.157  -51.896  -13.081 0.0000000000
23484  31.725  -52.397  -12.637 0.0000000000
23485  31.069  -52.753  -11.974 0.0000000000
23487  33.253  -52.403  -13.780 0.0000000000
23488  32.483  -52.519  -13.327 0.0000000000
23489  31.956  -53.048  -13.014 0.0000000000
23491  35.282  -52.398  -15.024 0.0000000000
23492  34.713  -52.365  -14.617 0.0000000000
23493  33.979  -52.358  -14.212 0.0000000000
23498  36.218  -52.343  -15.802 0.0000000000
23499  35.730  -52.016  -15.425 0.0000000000
23504  37.123  -52.532  -16.912 0.0000000000
23505  36.630  -52.233  -16.292 0.0000000000
23508  37.429  -52.396  -17.772 0.0000000000
23509  37.447  -52.337  -18.536 0.0000000000
23510  28.032  -52.740  -18.973 0.0000000000
23512  36.614  -52.657  -19.846 0.0000000000
23513  35.801  -52.296  -19.941 0.0000000000
23514  34.945  -52.068  -20.092 0.0000000000
23515  30.216  -52.652  -19.992 0.0000000000
23516  29.461  -52.451  -19.666 0.0000000000
23517  36.019  -52.857  -20.235 0.0000000000
23518  35.241  -52.693  -20.324 0.0000000000
23519  34.392  -52.528  -20.426 0.0000000000
24476  30.344  -51.938  -8.883 0.0000000000
24488  30.256  -51.980  -9.673 0.0000000000
24489  29.655  -51.500  -9.427 0.0000000000
24505  29.713  -51.560  -10.059 0.0000000000
24506  29.032  -51.146  -9.995 0.0000000000
24516  30.634  -51.895  -11.302 0.0000000000
24517  29.968  -51.386  -11.379 0.0000000000
24524  31.492  -51.719  -12.619 0.0000000000
24525  30.615  -51.427  -12.160 0.0000000000
24526  29.649  -50.812  -12.087 0.0000000000
24532  33.414  -51.685  -14.154 0.0000000000
24533  32.762  -51.892  -13.566 0.0000000000
24534  31.675  -51.372  -13.298 0.0000000000
24535  30.885  -51.087  -13.047 0.0000000000
24539  35.080  -51.750  -15.017 0.0000000000
24540  32.602  -51.348  -14.030 0.0000000000
24541  31.881  -51.059  -13.936 0.0000000000
24544  36.318  -51.593  -16.059 0.0000000000
24545  35.587  -51.265  -15.651 0.0000000000
24546  34.663  -50.978  -15.314 0.0000000000
24549  37.250  -51.819  -17.382 0.0000000000
24550  36.918  -51.681  -16.758 0.0000000000
24551  36.233  -50.774  -16.356 0.0000000000
24553  37.384  -51.628  -18.014 0.0000000000
24554  37.201  -51.017  -17.470 0.0000000000
24558  37.215  -51.663  -18.584 0.0000000000
24559  36.880  -51.379  -18.771 0.0000000000
24562  37.126  -52.316  -19.203 0.0000000000
24563  36.433  -51.903  -19.381 0.0000000000
24571  28.823  -52.225  -19.304 0.0000000000
24576  30.735  -51.939  -20.125 0.0000000000
25458  29.434  -51.242  -10.684 0.0000000000
25459  28.716  -50.613  -10.651 0.0000000000
25473  29.164  -50.748  -11.406 0.0000000000
25474  28.613  -49.930  -11.397 0.0000000000
25483  30.056  -50.647  -12.797 0.0000000000
25484  29.399  -50.200  -12.499 0.0000000000
25485  29.000  -49.878  -12.110 0.0000000000
25491  31.177  -50.741  -13.730 0.0000000000
25492  30.435  -50.357  -13.496 0.0000000000
25493  29.765  -49.942  -13.148 0.0000000000
25501  32.987  -50.427  -15.236 0.0000000000
25502  32.215  -50.622  -14.602 0.0000000000
25503  31.472  -50.471  -14.297 0.0000000000
25506  35.430  -50.480  -16.098 0.0000000000
25508  33.847  -50.517  -15.445 0.0000000000
25512  36.918  -50.364  -17.118 0.0000000000
25517  37.219  -50.810  -18.265 0.0000000000
26412  28.972  -49.294  -11.943 0.0000000000
26417  29.374  -49.557  -12.568 0.0000000000
26423  30.329  -49.588  -13.696 0.0000000000
26430  31.518  -49.757  -14.760 0.0000000000
26431  30.831  -50.058  -14.186 0.0000000000
27407  29.877  -49.147  -13.138 0.0000000000
27417  30.858  -49.190  -14.301 0.0000000000
107673  30.180  -51.803  -10.513 0.0000000000
108678  37.716  -53.071  -19.158 0.0000000000
108821  25.091  -60.318  -13.707 0.0000000000
108973  37.682  -53.096  -18.290 0.0000000000
109105  31.958  -58.272  -20.594 0.0000000000
110176  36.758  -51.047  -16.688 0.0000000000
111280  33.000  -51.036  -14.533 0.0000000000
111382  30.086  -53.429  -19.554 0.0000000000
111554  30.280  -55.164  -17.199 0.0000000000
112022  31.530  -57.802  -21.767 0.0000000000
112489  26.265  -57.095  -14.425 0.0000000000
112846  25.552  -56.717  -13.624 0.0000000000
113016  26.826  -60.469  -15.947 0.0000000000
113075  34.304  -51.673  -14.620 0.0000000000
113595  34.250  -55.231  -15.355 0.0000000000
113701  34.487  -54.561  -19.701 0.0000000000
114097  31.940  -57.098  -17.824 0.0000000000
114922  25.826  -58.351  -13.597 0.0000000000
115725  30.455  -52.379  -10.589 0.0000000000
116041  33.789  -52.998  -20.557 0.0000000000
116528  36.534  -53.071  -16.140 0.0000000000
116960  31.107  -55.702  -17.174 0.0000000000
117032  31.348  -54.374  -18.570 0.0000000000
117356  38.279  -56.063  -19.677 0.0000000000
120080  36.053  -53.811  -15.666 0.0000000000
120106  30.950  -58.004  -17.486 0.0000000000
120313  29.080  -50.307  -11.953 0.0000000000
120525  34.627  -58.102  -22.079 0.0000000000
121555  33.719  -51.059  -14.831 0.0000000000
121826  36.983  -56.485  -20.442 0.0000000000
122058  30.524  -55.898  -16.752 0.0000000000
123159  37.438  -53.106  -17.510 0.0000000000
123230  35.443  -53.604  -15.265 0.0000000000
123428  25.522  -58.908  -13.319 0.0000000000
123928  24.861  -59.896  -13.152 0.0000000000
124207  34.403  -55.980  -15.783 0.0000000000
125348  34.046  -58.284  -22.421 0.0000000000
125776  29.661  -57.004  -15.944 0.0000000000
126047  32.243  -49.972  -15.216 0.0000000000
126824  28.036  -58.278  -14.779 0.0000000000
128079  30.514  -53.954  -11.431 0.0000000000
128247  30.522  -52.781  -10.869 0.0000000000
128259  33.833  -57.953  -21.066 0.0000000000
128719  30.332  -52.169  -10.118 0.0000000000
128854  32.854  -53.956  -19.754 0.0000000000
129400  32.258  -51.549  -13.534 0.0000000000
129986  29.662  -54.389  -18.298 0.0000000000
