# sub-10 hemi-L FacesvsAllnoFacenoCS_scaled Cluster_56
17
58525 -38.187000 -14.298000 -6.997000 1
58541 -37.731000 -14.520000 -7.837000 1
58542 -38.348000 -14.164000 -8.070000 1
59450 -39.139000 -13.124000 -7.628000 1
60317 -39.299000 -12.418000 -7.942000 1
61236 -38.857000 -11.037000 -7.672000 1
61237 -39.103000 -11.749000 -7.396000 1
62184 -38.477000 -10.415000 -7.803000 1
62185 -39.058000 -10.601000 -8.253000 1
62192 -39.719000 -10.650000 -8.916000 1
63034 -37.926000 -9.916000 -7.607000 1
63044 -38.514000 -9.939000 -8.266000 1
63045 -39.308000 -9.929000 -8.757000 1
63884 -38.820000 -9.150000 -8.846000 1
107706 -37.895000 -9.402000 -8.265000 1
111929 -38.038000 -8.784000 -8.730000 1
112805 -38.713000 -13.726000 -7.345000 1
