# sub-10 hemi-L LimbsvsAllnoLimbsnoCS_scaled Cluster_8
22
13497 -15.057000 -64.394000 -0.598000 1
13498 -15.776000 -64.263000 -0.746000 1
13506 -15.433000 -64.668000 -1.227000 1
13507 -16.128000 -64.299000 -1.129000 1
13517 -16.045000 -64.370000 -1.777000 1
14195 -15.959000 -63.017000 0.255000 1
14196 -16.815000 -63.210000 0.065000 1
14204 -14.619000 -63.760000 -0.291000 1
14206 -16.500000 -63.807000 -0.518000 1
14207 -17.386000 -63.368000 -0.425000 1
14208 -18.043000 -63.272000 -0.855000 1
14216 -16.711000 -64.009000 -1.505000 1
14217 -17.362000 -63.652000 -1.147000 1
14227 -16.564000 -63.846000 -2.330000 1
14228 -17.241000 -63.589000 -1.962000 1
14996 -16.735000 -62.575000 0.416000 1
14997 -17.430000 -62.911000 0.171000 1
14998 -18.198000 -62.545000 0.345000 1
15012 -17.992000 -63.038000 -0.255000 1
15853 -16.040000 -62.020000 0.457000 1
15854 -16.798000 -61.761000 0.690000 1
113156 -17.378000 -62.336000 0.565000 1
