# sub-10 hemi-L RWvsPER_scaled Cluster_29
14
47761 -27.506000 -26.703000 -2.188000 1
47777 -27.650000 -26.106000 -2.983000 1
47778 -28.488000 -26.625000 -2.600000 1
48745 -26.709000 -25.985000 -2.732000 1
48752 -26.853000 -25.393000 -3.328000 1
48753 -28.471000 -26.075000 -3.423000 1
48760 -27.195000 -24.757000 -3.811000 1
48761 -28.256000 -25.203000 -3.883000 1
48762 -29.263000 -25.847000 -3.938000 1
49628 -29.149000 -24.892000 -4.256000 1
49629 -30.248000 -24.636000 -4.449000 1
50447 -30.088000 -23.463000 -4.479000 1
119321 -29.020000 -23.816000 -4.374000 1
122258 -27.683000 -25.515000 -3.472000 1
