# sub-10 hemi-L FacesvsAllnoFace_scaled Cluster_25
22
35610 -55.623000 -39.252000 2.310000 1
35631 -54.986000 -39.308000 1.686000 1
36488 -54.636000 -38.796000 2.453000 1
36489 -55.204000 -38.800000 3.086000 1
36501 -53.697000 -37.956000 2.198000 1
36502 -54.136000 -38.644000 1.748000 1
36509 -53.690000 -38.163000 1.292000 1
37297 -53.538000 -37.382000 1.707000 1
38151 -53.573000 -36.498000 1.547000 1
39030 -53.808000 -35.795000 1.404000 1
39031 -54.341000 -35.302000 0.974000 1
39037 -53.889000 -36.174000 0.662000 1
39039 -55.083000 -34.792000 0.545000 1
39913 -53.978000 -35.135000 1.788000 1
39915 -55.557000 -34.180000 0.807000 1
39925 -56.175000 -33.681000 0.500000 1
40868 -57.180000 -33.563000 -0.665000 1
40869 -57.406000 -33.272000 -0.940000 1
41743 -56.621000 -33.238000 0.058000 1
118538 -56.140000 -33.040000 0.933000 1
119770 -53.564000 -36.957000 0.966000 1
121569 -54.020000 -38.285000 2.554000 1
