# sub-10 hemi-L LimbsvsAllnoLimbsnoCS_scaled Cluster_49
11
53863 -33.214000 -19.353000 -6.470000 1
54785 -32.406000 -18.671000 -6.565000 1
54786 -33.970000 -18.871000 -6.386000 1
55704 -32.832000 -17.840000 -6.687000 1
55705 -33.879000 -17.823000 -6.623000 1
55718 -33.721000 -17.040000 -7.278000 1
56575 -31.976000 -16.433000 -7.975000 1
56576 -32.967000 -16.643000 -7.809000 1
56577 -33.953000 -16.645000 -8.050000 1
120889 -33.140000 -17.254000 -7.015000 1
127018 -33.270000 -18.487000 -6.498000 1
