# sub-10 hemi-L RWvsFF_scaled Cluster_17
62
18490 -32.338000 -58.555000 -10.844000 1
18496 -33.107000 -58.689000 -11.250000 1
19299 -32.003000 -57.131000 -9.936000 1
19301 -32.167000 -57.795000 -10.446000 1
19302 -33.685000 -57.603000 -10.617000 1
20083 -32.697000 -56.762000 -9.654000 1
20084 -33.589000 -56.637000 -9.684000 1
20085 -34.654000 -56.316000 -9.791000 1
20086 -35.722000 -56.323000 -10.311000 1
20089 -33.001000 -57.283000 -10.235000 1
20090 -34.079000 -57.039000 -10.279000 1
20894 -28.904000 -55.008000 -8.106000 1
20896 -32.832000 -55.072000 -7.885000 1
20897 -33.586000 -54.857000 -7.874000 1
20900 -29.261000 -54.721000 -8.338000 1
20902 -30.328000 -55.797000 -8.851000 1
20903 -31.316000 -55.711000 -8.834000 1
20904 -32.430000 -55.710000 -8.580000 1
20905 -33.587000 -55.554000 -8.450000 1
20906 -34.560000 -55.572000 -9.038000 1
20912 -31.881000 -56.416000 -9.324000 1
20913 -33.067000 -56.261000 -9.051000 1
20914 -35.575000 -55.520000 -9.712000 1
20918 -36.620000 -55.796000 -10.306000 1
21770 -31.872000 -53.841000 -7.676000 1
21771 -32.295000 -54.423000 -7.701000 1
21772 -33.087000 -54.361000 -7.527000 1
21773 -33.913000 -54.185000 -7.739000 1
21778 -29.948000 -54.887000 -8.540000 1
21779 -31.893000 -55.048000 -8.209000 1
21780 -34.434000 -54.791000 -8.353000 1
21781 -35.314000 -54.158000 -8.687000 1
21785 -35.168000 -54.939000 -9.045000 1
21786 -35.918000 -54.691000 -9.376000 1
22705 -32.511000 -53.701000 -7.463000 1
22706 -33.344000 -53.524000 -7.494000 1
22707 -34.184000 -53.366000 -7.787000 1
22713 -29.642000 -54.097000 -8.344000 1
22714 -30.577000 -54.041000 -8.273000 1
22715 -34.965000 -53.340000 -8.206000 1
22716 -35.705000 -53.362000 -8.598000 1
22717 -36.408000 -53.344000 -8.890000 1
22721 -36.205000 -53.963000 -9.130000 1
23617 -33.607000 -52.650000 -7.653000 1
23618 -34.445000 -52.569000 -7.938000 1
23623 -35.231000 -52.593000 -8.261000 1
23624 -36.034000 -52.677000 -8.552000 1
24533 -33.859000 -51.833000 -7.870000 1
24536 -34.090000 -51.094000 -8.131000 1
24537 -34.670000 -51.817000 -8.134000 1
24538 -35.514000 -51.871000 -8.334000 1
107845 -30.855000 -54.989000 -8.466000 1
110191 -33.928000 -56.125000 -9.117000 1
110248 -35.036000 -56.930000 -10.459000 1
112003 -33.010000 -51.935000 -7.686000 1
112303 -32.988000 -57.995000 -10.795000 1
113121 -34.911000 -51.090000 -8.303000 1
113748 -36.492000 -55.134000 -9.883000 1
114890 -32.723000 -52.812000 -7.511000 1
116996 -35.820000 -51.108000 -8.434000 1
118397 -34.611000 -53.973000 -8.128000 1
120197 -31.484000 -54.321000 -8.065000 1
