# sub-10 hemi-R RWvsAllNotext_scaled Cluster_3
17
3257 23.213000 -76.133000 6.101000 1
3696 24.530000 -75.097000 8.489000 1
3709 23.862000 -75.449000 7.309000 1
3710 23.417000 -74.561000 7.139000 1
3722 23.942000 -76.304000 6.696000 1
3723 23.292000 -75.310000 6.650000 1
4233 24.584000 -73.728000 6.225000 1
4234 23.132000 -74.582000 6.473000 1
4235 22.877000 -74.684000 5.861000 1
4245 25.125000 -74.259000 5.657000 1
4246 24.088000 -74.058000 5.628000 1
4257 24.676000 -74.582000 5.008000 1
4761 23.729000 -73.805000 6.355000 1
116063 23.301000 -74.200000 6.455000 1
123952 22.663000 -75.948000 5.592000 1
127146 24.384000 -75.558000 7.873000 1
129080 23.334000 -74.109000 6.943000 1
