# sub-10 hemi-L LimbsvsAllnoLimbsnoCS_scaled Cluster_16
13
21636 -41.769000 -54.093000 3.339000 1
22549 -40.758000 -53.095000 3.662000 1
22550 -41.241000 -53.618000 3.518000 1
22554 -41.131000 -53.205000 3.349000 1
22555 -41.504000 -53.598000 3.184000 1
22556 -41.995000 -54.101000 3.054000 1
23459 -40.215000 -52.358000 3.862000 1
23463 -40.804000 -52.718000 3.371000 1
23484 -41.221000 -53.107000 3.117000 1
24377 -39.932000 -51.283000 3.562000 1
24395 -40.071000 -51.396000 2.943000 1
24396 -40.373000 -51.969000 3.389000 1
116682 -39.997000 -51.677000 3.845000 1
