# sub-10 hemi-R FacesvsAllnoFacenoCS_scaled Cluster_11
75
5209 34.406000 -72.703000 16.184000 1
5210 34.029000 -72.828000 15.657000 1
5216 33.478000 -73.111000 14.936000 1
5788 35.112000 -71.810000 17.047000 1
5789 34.691000 -72.227000 16.560000 1
5801 34.219000 -71.722000 15.885000 1
5808 33.640000 -71.898000 15.196000 1
5809 33.090000 -71.852000 14.556000 1
6399 36.534000 -70.498000 19.298000 1
6404 36.247000 -70.289000 18.217000 1
6405 35.746000 -70.940000 17.855000 1
6418 35.296000 -70.684000 17.010000 1
6419 34.709000 -71.095000 16.438000 1
6427 34.936000 -69.986000 16.206000 1
6428 34.386000 -70.387000 15.693000 1
6429 33.799000 -70.751000 15.190000 1
6439 34.174000 -69.843000 14.861000 1
6440 33.543000 -70.249000 14.439000 1
6456 34.133000 -69.834000 13.241000 1
6457 33.342000 -70.052000 13.645000 1
6472 34.595000 -70.317000 12.342000 1
7016 37.217000 -69.163000 20.111000 1
7017 36.799000 -70.095000 20.225000 1
7027 37.225000 -68.954000 18.977000 1
7033 36.388000 -69.383000 17.665000 1
7034 35.801000 -69.969000 17.397000 1
7047 35.944000 -68.986000 16.218000 1
7048 35.519000 -69.619000 16.619000 1
7055 36.226000 -68.700000 15.404000 1
7056 35.500000 -69.254000 15.827000 1
7057 34.942000 -69.482000 15.268000 1
7067 36.284000 -68.825000 14.461000 1
7068 35.682000 -69.196000 14.341000 1
7069 34.867000 -69.479000 14.319000 1
7070 34.058000 -69.706000 14.037000 1
7088 35.693000 -69.563000 13.385000 1
7089 34.761000 -69.648000 13.624000 1
7102 35.145000 -69.940000 12.867000 1
7700 37.679000 -68.046000 20.774000 1
7709 37.610000 -68.309000 19.727000 1
7716 37.481000 -68.173000 18.567000 1
7717 36.973000 -68.696000 17.874000 1
7725 36.994000 -68.191000 16.873000 1
7736 36.967000 -68.076000 15.928000 1
7737 36.516000 -68.517000 16.259000 1
7744 36.984000 -68.067000 15.101000 1
7745 36.690000 -68.421000 14.719000 1
8410 38.092000 -67.483000 20.050000 1
8416 38.294000 -66.956000 19.161000 1
8417 37.677000 -67.394000 18.286000 1
8424 37.365000 -67.176000 17.266000 1
8435 37.200000 -67.672000 15.621000 1
8443 37.275000 -67.742000 14.757000 1
9101 38.417000 -65.868000 17.839000 1
9102 37.961000 -66.550000 18.039000 1
9112 37.653000 -66.039000 17.066000 1
9113 37.337000 -66.946000 16.275000 1
9121 37.739000 -66.085000 15.940000 1
9122 37.473000 -67.021000 15.268000 1
9126 38.123000 -66.221000 14.764000 1
9127 37.637000 -67.174000 14.331000 1
9785 38.471000 -65.596000 16.579000 1
109169 37.341000 -67.954000 17.603000 1
110416 37.837000 -67.667000 19.147000 1
116810 37.175000 -67.719000 16.476000 1
118888 36.069000 -69.143000 16.907000 1
120367 35.721000 -69.034000 15.081000 1
122446 37.473000 -68.587000 20.425000 1
122595 36.567000 -68.719000 17.122000 1
123172 36.898000 -69.648000 19.381000 1
125732 33.345000 -71.026000 14.721000 1
126131 36.711000 -68.303000 15.439000 1
126565 37.208000 -67.806000 17.025000 1
126600 38.361000 -65.700000 17.223000 1
129265 35.444000 -71.565000 17.556000 1
