# sub-10 hemi-R LimbsvsAllnoLimbsnoCS_scaled Cluster_1
14
2193 20.040000 -78.545000 30.786000 1
2194 19.577000 -78.439000 30.862000 1
2196 20.266000 -78.419000 30.332000 1
2197 20.863000 -78.402000 29.832000 1
2198 20.460000 -78.314000 29.949000 1
2591 18.840000 -78.350000 31.649000 1
2593 19.886000 -78.259000 30.380000 1
2594 19.191000 -78.192000 30.939000 1
2596 21.037000 -78.203000 29.481000 1
2597 20.253000 -77.967000 29.938000 1
3023 20.793000 -77.218000 29.750000 1
3024 20.086000 -76.981000 30.344000 1
120237 19.692000 -77.812000 30.434000 1
127335 19.123000 -78.447000 31.215000 1
