# sub-10 hemi-L FacesvsAllnoFacenoCS_scaled Cluster_1
49
7515 -38.907000 -73.172000 1.400000 1
7516 -39.609000 -72.832000 1.952000 1
7527 -39.547000 -72.341000 1.236000 1
7552 -37.041000 -72.301000 -1.074000 1
7596 -35.463000 -72.685000 -5.103000 1
8233 -40.201000 -71.550000 2.061000 1
8242 -40.001000 -71.991000 1.703000 1
8243 -40.379000 -71.185000 1.298000 1
8259 -38.747000 -71.930000 -0.001000 1
8260 -39.581000 -71.732000 0.492000 1
8261 -40.255000 -71.160000 0.623000 1
8275 -37.887000 -71.955000 -0.619000 1
8276 -39.269000 -70.849000 -0.967000 1
8277 -39.442000 -71.271000 -0.266000 1
8286 -38.395000 -71.092000 -1.158000 1
8301 -35.919000 -72.426000 -3.903000 1
8314 -35.718000 -72.006000 -4.647000 1
8315 -36.078000 -71.067000 -4.927000 1
8330 -35.613000 -71.556000 -5.517000 1
8331 -36.318000 -70.612000 -6.008000 1
8929 -40.819000 -70.544000 1.183000 1
8944 -40.764000 -70.618000 0.725000 1
8945 -41.218000 -70.085000 0.293000 1
8950 -40.072000 -70.600000 -0.650000 1
8951 -40.620000 -70.549000 0.018000 1
8952 -41.199000 -69.934000 -0.344000 1
8953 -38.022000 -70.703000 -1.928000 1
8954 -38.985000 -70.512000 -1.736000 1
8955 -39.841000 -70.290000 -1.543000 1
8956 -40.552000 -69.985000 -1.313000 1
8961 -36.821000 -70.865000 -3.134000 1
8962 -37.749000 -70.480000 -2.854000 1
8963 -38.738000 -70.263000 -2.595000 1
8979 -36.620000 -70.769000 -4.187000 1
8980 -37.555000 -70.352000 -3.850000 1
8994 -36.709000 -70.518000 -5.148000 1
9007 -37.304000 -70.046000 -5.938000 1
9008 -38.156000 -69.765000 -5.546000 1
9665 -41.207000 -69.688000 -1.084000 1
9666 -42.687000 -68.757000 -1.133000 1
9668 -41.121000 -69.547000 -1.812000 1
111845 -41.971000 -69.061000 -1.801000 1
112339 -41.833000 -69.385000 -0.735000 1
113183 -36.271000 -71.586000 -3.490000 1
117852 -40.005000 -71.692000 1.086000 1
124147 -40.030000 -71.099000 0.041000 1
124749 -38.767000 -71.404000 -0.580000 1
125147 -40.720000 -70.159000 -0.652000 1
127131 -36.071000 -71.523000 -4.209000 1
