# sub-10 hemi-L FacesvsAllnoFace_scaled Cluster_11
33
13497 -15.057000 -64.394000 -0.598000 1
13498 -15.776000 -64.263000 -0.746000 1
13505 -14.633000 -64.955000 -0.990000 1
13506 -15.433000 -64.668000 -1.227000 1
13507 -16.128000 -64.299000 -1.129000 1
13515 -14.738000 -65.091000 -1.621000 1
13517 -16.045000 -64.370000 -1.777000 1
14195 -15.959000 -63.017000 0.255000 1
14196 -16.815000 -63.210000 0.065000 1
14203 -13.781000 -63.817000 -0.409000 1
14204 -14.619000 -63.760000 -0.291000 1
14205 -15.473000 -63.721000 -0.241000 1
14206 -16.500000 -63.807000 -0.518000 1
14207 -17.386000 -63.368000 -0.425000 1
14216 -16.711000 -64.009000 -1.505000 1
14217 -17.362000 -63.652000 -1.147000 1
14227 -16.564000 -63.846000 -2.330000 1
14228 -17.241000 -63.589000 -1.962000 1
14996 -16.735000 -62.575000 0.416000 1
15009 -13.444000 -63.020000 -0.555000 1
15010 -14.239000 -63.045000 -0.209000 1
15011 -15.017000 -63.052000 0.068000 1
15028 -17.888000 -63.258000 -1.640000 1
15043 -16.998000 -63.244000 -2.754000 1
15853 -16.040000 -62.020000 0.457000 1
15854 -16.798000 -61.761000 0.690000 1
15870 -15.434000 -61.344000 0.104000 1
16716 -16.869000 -60.829000 0.889000 1
108860 -14.741000 -61.630000 -0.272000 1
113156 -17.378000 -62.336000 0.565000 1
115428 -15.282000 -62.230000 0.166000 1
122876 -13.986000 -62.094000 -0.582000 1
127331 -14.653000 -62.411000 -0.117000 1
