# sub-10 hemi-R FacesvsAllnoFacenoCS_scaled Cluster_2
13
2042 18.938000 -79.340000 4.805000 1
2390 21.234000 -77.677000 6.621000 1
2401 19.774000 -78.018000 5.893000 1
2402 18.979000 -77.950000 6.034000 1
2413 19.332000 -78.763000 5.350000 1
2414 18.438000 -78.650000 5.725000 1
2807 20.810000 -76.767000 7.004000 1
2808 20.016000 -76.810000 7.006000 1
2818 20.297000 -77.396000 6.507000 1
2819 19.505000 -77.435000 6.550000 1
3248 21.212000 -76.265000 7.511000 1
3249 20.519000 -76.333000 7.535000 1
112914 20.762000 -78.468000 5.923000 1
