# sub-10 hemi-R FacesvsAllnoFacenoCS_scaled Cluster_8
50
4425 21.086000 -73.597000 37.619000 1
4433 21.338000 -73.804000 36.730000 1
4965 21.443000 -72.943000 38.697000 1
4970 21.845000 -72.099000 37.365000 1
4971 21.411000 -72.773000 37.961000 1
4976 22.211000 -72.418000 36.432000 1
4977 21.584000 -72.917000 37.033000 1
5544 21.786000 -72.869000 39.396000 1
5551 22.201000 -71.329000 37.597000 1
5552 21.823000 -72.025000 38.499000 1
5557 23.110000 -71.203000 36.140000 1
5558 22.455000 -71.607000 36.680000 1
5570 23.666000 -71.756000 35.521000 1
5571 22.854000 -72.010000 35.869000 1
6155 23.312000 -70.329000 39.939000 1
6169 22.998000 -70.000000 37.175000 1
6176 23.382000 -70.406000 36.400000 1
6177 22.704000 -70.800000 36.928000 1
6770 25.681000 -69.790000 40.783000 1
6772 23.957000 -69.692000 40.337000 1
6782 23.416000 -69.326000 39.636000 1
6783 22.867000 -69.909000 39.184000 1
6794 23.177000 -69.091000 38.797000 1
6803 23.359000 -69.254000 37.369000 1
6811 23.636000 -69.607000 36.608000 1
7486 26.386000 -69.077000 40.796000 1
7487 25.401000 -68.716000 40.712000 1
7488 24.913000 -67.994000 40.549000 1
7489 23.874000 -68.682000 40.034000 1
7499 23.567000 -68.510000 39.255000 1
7508 23.527000 -68.450000 38.361000 1
7515 24.137000 -68.112000 37.110000 1
7516 23.654000 -68.564000 37.563000 1
7525 23.886000 -68.848000 36.828000 1
8178 26.323000 -67.852000 40.740000 1
8179 25.346000 -67.120000 40.510000 1
8188 24.481000 -67.294000 40.065000 1
8189 23.965000 -67.891000 39.630000 1
8197 24.139000 -67.122000 39.153000 1
8198 23.783000 -67.831000 38.759000 1
8203 24.314000 -67.257000 37.495000 1
8204 23.859000 -67.896000 37.887000 1
8830 26.336000 -66.862000 40.588000 1
108142 24.192000 -71.052000 40.562000 1
108841 24.639000 -68.965000 40.541000 1
108962 25.627000 -68.095000 40.706000 1
118995 24.045000 -67.334000 38.300000 1
121265 23.276000 -68.971000 38.033000 1
126648 24.321000 -68.111000 40.220000 1
126762 24.783000 -66.731000 40.156000 1
