# sub-10 hemi-L RWvsPER_scaled Cluster_24
144
35587 -44.416000 -38.764000 3.540000 1
35604 -40.180000 -38.936000 2.165000 1
35605 -40.980000 -38.826000 2.172000 1
35623 -39.534000 -39.323000 1.854000 1
35624 -40.370000 -39.542000 1.824000 1
36449 -44.739000 -38.508000 4.130000 1
36450 -45.217000 -38.545000 4.389000 1
36451 -45.989000 -38.429000 4.483000 1
36452 -46.790000 -38.355000 4.332000 1
36464 -44.367000 -37.967000 3.745000 1
36480 -38.867000 -37.923000 2.112000 1
36481 -39.567000 -38.505000 2.153000 1
36482 -40.503000 -38.179000 2.318000 1
36483 -41.583000 -38.059000 2.352000 1
36484 -42.590000 -37.756000 2.380000 1
36485 -43.651000 -37.855000 2.544000 1
36497 -38.658000 -38.842000 1.760000 1
37245 -44.869000 -37.788000 4.314000 1
37246 -45.519000 -37.261000 4.425000 1
37247 -46.302000 -37.610000 4.422000 1
37248 -47.219000 -37.625000 4.158000 1
37264 -43.797000 -37.346000 3.234000 1
37265 -47.989000 -37.713000 3.696000 1
37266 -48.651000 -37.866000 3.142000 1
37279 -39.734000 -37.667000 2.215000 1
37280 -41.100000 -37.478000 2.379000 1
37281 -41.936000 -37.234000 2.529000 1
37282 -42.953000 -37.144000 2.700000 1
37292 -37.052000 -36.944000 1.294000 1
37293 -37.674000 -37.277000 1.587000 1
37294 -38.373000 -37.311000 1.847000 1
37295 -39.127000 -37.100000 2.028000 1
38106 -44.892000 -36.047000 4.125000 1
38107 -45.558000 -36.459000 4.313000 1
38108 -46.299000 -36.188000 4.195000 1
38109 -46.799000 -36.851000 4.202000 1
38119 -43.110000 -35.740000 3.043000 1
38120 -43.827000 -36.130000 3.469000 1
38121 -47.135000 -36.077000 3.870000 1
38122 -47.636000 -36.868000 3.826000 1
38123 -48.410000 -37.002000 3.363000 1
38135 -39.948000 -36.887000 2.015000 1
38136 -40.809000 -36.749000 2.205000 1
38137 -41.652000 -36.396000 2.441000 1
38138 -42.547000 -36.507000 2.730000 1
38139 -43.346000 -36.631000 3.116000 1
38140 -49.086000 -37.197000 2.730000 1
38144 -37.024000 -36.073000 1.254000 1
38145 -37.723000 -36.445000 1.594000 1
38146 -38.525000 -36.606000 1.786000 1
38147 -39.315000 -36.303000 1.752000 1
38148 -40.210000 -36.163000 1.721000 1
38153 -36.630000 -36.566000 0.765000 1
38158 -36.343000 -36.196000 -0.062000 1
38168 -36.079000 -35.833000 -0.977000 1
38997 -45.612000 -35.654000 4.065000 1
39004 -43.956000 -35.338000 3.450000 1
39005 -45.722000 -34.847000 3.620000 1
39006 -46.470000 -35.416000 3.784000 1
39007 -47.356000 -35.299000 3.355000 1
39008 -48.066000 -36.065000 3.342000 1
39015 -41.013000 -35.930000 1.959000 1
39016 -41.727000 -35.489000 2.266000 1
39017 -42.511000 -35.072000 2.606000 1
39018 -43.390000 -34.767000 3.006000 1
39024 -37.596000 -35.652000 1.442000 1
39025 -39.566000 -35.442000 1.366000 1
39026 -40.493000 -35.571000 1.486000 1
39027 -41.143000 -35.261000 1.634000 1
39033 -36.620000 -35.643000 0.689000 1
39034 -37.114000 -35.224000 1.173000 1
39041 -36.303000 -35.247000 -0.121000 1
39053 -36.048000 -34.916000 -1.071000 1
39890 -44.282000 -34.582000 3.287000 1
39891 -46.626000 -34.620000 3.231000 1
39896 -41.859000 -34.765000 2.017000 1
39897 -42.811000 -34.228000 2.328000 1
39898 -44.703000 -33.950000 2.981000 1
39899 -45.741000 -34.019000 3.000000 1
39905 -37.848000 -34.937000 1.377000 1
39906 -38.702000 -34.751000 1.302000 1
39907 -39.512000 -34.579000 0.966000 1
39908 -40.367000 -35.021000 1.045000 1
39909 -41.170000 -34.766000 1.210000 1
39910 -41.939000 -34.251000 1.474000 1
39917 -36.751000 -34.661000 0.631000 1
39918 -37.352000 -34.550000 1.097000 1
39919 -39.535000 -33.671000 0.644000 1
39920 -40.126000 -34.462000 0.597000 1
39921 -40.635000 -34.625000 0.630000 1
39927 -36.379000 -34.319000 -0.229000 1
39939 -36.117000 -34.000000 -1.177000 1
40829 -42.818000 -33.629000 1.618000 1
40830 -43.490000 -33.652000 2.215000 1
40831 -44.283000 -33.506000 2.380000 1
40837 -37.987000 -33.997000 1.137000 1
40838 -38.583000 -33.469000 0.897000 1
40840 -42.085000 -33.822000 0.894000 1
40841 -43.795000 -33.139000 1.596000 1
40842 -44.769000 -33.043000 1.858000 1
40850 -36.844000 -33.798000 0.368000 1
40851 -37.416000 -33.560000 0.690000 1
40852 -37.939000 -33.107000 0.736000 1
40853 -40.562000 -34.187000 0.145000 1
40854 -41.045000 -34.164000 -0.607000 1
40856 -42.882000 -33.262000 0.755000 1
40861 -36.526000 -33.424000 -0.378000 1
40862 -37.155000 -32.928000 0.235000 1
40863 -40.834000 -33.955000 -0.635000 1
40877 -36.294000 -33.032000 -1.397000 1
40878 -41.542000 -34.026000 -2.137000 1
41734 -37.959000 -32.225000 0.359000 1
41735 -38.706000 -32.750000 0.679000 1
41736 -40.228000 -33.186000 0.164000 1
41747 -36.736000 -32.683000 -0.538000 1
41748 -37.262000 -32.088000 -0.320000 1
41749 -40.566000 -32.920000 -0.343000 1
41750 -40.924000 -33.368000 -1.074000 1
41771 -36.730000 -32.118000 -1.182000 1
41772 -41.288000 -33.547000 -1.820000 1
42668 -39.456000 -32.385000 0.447000 1
107289 -43.807000 -34.045000 2.786000 1
107776 -42.303000 -35.816000 2.626000 1
108410 -44.836000 -35.214000 3.733000 1
108710 -44.381000 -35.821000 3.735000 1
109178 -37.229000 -34.081000 0.840000 1
110629 -40.415000 -37.399000 2.266000 1
111286 -45.161000 -33.459000 2.451000 1
113563 -44.869000 -36.863000 4.252000 1
113925 -43.453000 -37.545000 2.732000 1
115378 -45.052000 -34.481000 3.386000 1
116549 -46.111000 -36.859000 4.383000 1
118986 -45.536000 -37.941000 4.473000 1
121035 -38.056000 -36.910000 1.742000 1
121051 -38.468000 -35.699000 1.582000 1
122524 -44.011000 -37.987000 3.120000 1
123700 -48.723000 -36.465000 2.948000 1
123785 -44.355000 -37.226000 3.817000 1
123908 -44.079000 -38.399000 2.917000 1
125089 -44.374000 -36.478000 3.813000 1
126387 -41.363000 -36.987000 2.428000 1
126669 -43.929000 -36.783000 3.478000 1
126926 -38.840000 -34.045000 1.062000 1
127096 -42.057000 -38.113000 2.311000 1
