# sub-10 hemi-L RWvsAllNotext_scaled Cluster_28
12
54794 -45.464000 -18.033000 -6.398000 1
54800 -45.662000 -17.996000 -7.123000 1
54801 -46.152000 -17.940000 -7.745000 1
55712 -45.651000 -17.405000 -6.564000 1
55723 -46.027000 -17.350000 -7.202000 1
55724 -46.859000 -17.266000 -7.744000 1
55725 -47.973000 -16.976000 -7.905000 1
55730 -48.532000 -17.517000 -8.344000 1
56584 -45.917000 -16.890000 -6.715000 1
56585 -46.465000 -16.683000 -7.117000 1
117812 -45.490000 -18.667000 -6.977000 1
124777 -45.411000 -18.714000 -6.176000 1
