# sub-10 hemi-R FacesvsAllnoFacenoCS_scaled Cluster_24
23
19808 35.389000 -53.436000 2.968000 1
20768 35.847000 -52.780000 2.963000 1
20769 35.340000 -52.957000 2.707000 1
21707 35.476000 -51.835000 2.637000 1
21724 36.639000 -51.511000 3.030000 1
21725 36.255000 -52.178000 2.937000 1
21726 35.951000 -52.377000 2.792000 1
22706 37.470000 -50.298000 2.999000 1
22718 36.957000 -50.847000 2.918000 1
22720 35.579000 -50.703000 2.646000 1
23685 37.782000 -49.669000 2.873000 1
23686 37.087000 -49.556000 2.607000 1
23687 35.501000 -49.608000 2.674000 1
25571 38.199000 -47.813000 2.635000 1
25572 36.940000 -47.635000 2.498000 1
26471 38.409000 -46.882000 2.611000 1
115270 36.494000 -50.330000 2.624000 1
115505 37.922000 -46.073000 2.456000 1
118775 37.276000 -50.222000 2.805000 1
119642 36.500000 -48.608000 2.540000 1
121658 37.786000 -48.760000 2.647000 1
126602 37.694000 -47.233000 2.498000 1
127429 36.201000 -49.357000 2.556000 1
