# sub-10 hemi-L CSvsAllNotext_scaled Cluster_5
43
6229 -28.389000 -74.470000 -6.055000 1
6239 -28.122000 -74.566000 -6.781000 1
6240 -28.983000 -74.452000 -6.810000 1
6250 -28.220000 -74.502000 -7.581000 1
6251 -29.101000 -74.317000 -7.929000 1
6889 -28.542000 -73.989000 -5.261000 1
6890 -29.428000 -73.563000 -5.601000 1
6902 -29.719000 -73.982000 -6.363000 1
6903 -30.671000 -72.831000 -6.803000 1
6916 -29.788000 -73.862000 -8.408000 1
6917 -30.508000 -73.360000 -7.833000 1
7584 -29.053000 -71.910000 -4.895000 1
7593 -28.926000 -72.995000 -4.962000 1
7594 -29.668000 -72.561000 -5.460000 1
7595 -30.356000 -72.226000 -6.042000 1
7608 -30.165000 -73.201000 -6.067000 1
7625 -31.064000 -72.422000 -7.715000 1
7626 -31.453000 -71.897000 -8.681000 1
7643 -31.400000 -71.997000 -9.964000 1
8313 -29.425000 -71.071000 -5.006000 1
8328 -29.853000 -71.605000 -5.483000 1
8329 -30.484000 -71.318000 -6.103000 1
8342 -30.861000 -71.870000 -6.803000 1
8343 -31.667000 -70.821000 -7.491000 1
8359 -31.380000 -71.557000 -7.631000 1
8371 -31.835000 -71.536000 -9.578000 1
8372 -32.296000 -71.255000 -9.800000 1
8384 -32.066000 -71.621000 -10.699000 1
8993 -29.637000 -70.479000 -5.009000 1
9006 -30.083000 -70.747000 -5.523000 1
9018 -30.714000 -70.545000 -6.156000 1
9019 -31.353000 -70.343000 -6.720000 1
9050 -31.977000 -71.189000 -8.645000 1
9051 -32.837000 -70.747000 -9.471000 1
9707 -29.515000 -69.909000 -4.636000 1
9723 -30.054000 -70.048000 -5.203000 1
9724 -30.636000 -69.589000 -5.361000 1
9739 -31.125000 -69.756000 -6.029000 1
109737 -29.819000 -74.080000 -7.326000 1
118000 -30.477000 -70.131000 -5.690000 1
120814 -31.052000 -71.050000 -6.785000 1
122227 -30.277000 -73.586000 -6.826000 1
122783 -29.084000 -74.249000 -5.948000 1
