#!ascii label , from subject sub-05 vox2ras=TkReg lh ROI=LOC-words coords=white drawn-with=delineation-helper-0.1.0
123
9498  -36.254  -75.755  -10.148 0.0000000000
9499  -36.741  -75.712  -9.970 0.0000000000
9511  -35.862  -75.828  -10.738 0.0000000000
9512  -36.334  -75.714  -10.485 0.0000000000
10316  -35.987  -75.419  -9.737 0.0000000000
10317  -36.699  -75.594  -9.654 0.0000000000
10318  -37.208  -75.520  -9.539 0.0000000000
10332  -35.626  -75.617  -10.369 0.0000000000
10348  -36.156  -75.535  -11.293 0.0000000000
10349  -36.712  -75.144  -10.772 0.0000000000
10364  -36.038  -75.186  -12.298 0.0000000000
11126  -36.447  -75.151  -9.282 0.0000000000
11163  -36.475  -74.517  -11.760 0.0000000000
11164  -37.047  -73.974  -11.239 0.0000000000
11165  -37.841  -73.609  -10.748 0.0000000000
11179  -36.859  -73.434  -12.267 0.0000000000
12061  -41.573  -72.328  -9.123 0.0000000000
12077  -38.743  -73.312  -10.306 0.0000000000
12078  -39.637  -72.892  -10.051 0.0000000000
12079  -41.263  -72.178  -9.801 0.0000000000
12093  -37.506  -72.914  -11.734 0.0000000000
12094  -38.375  -72.635  -11.201 0.0000000000
12095  -39.324  -72.381  -10.893 0.0000000000
12096  -40.251  -72.076  -10.770 0.0000000000
12107  -37.451  -72.517  -13.022 0.0000000000
12108  -38.148  -72.110  -12.145 0.0000000000
12150  -36.638  -72.087  -16.803 0.0000000000
12151  -37.162  -71.930  -16.542 0.0000000000
12161  -34.466  -72.589  -17.092 0.0000000000
12162  -35.417  -72.333  -17.037 0.0000000000
12937  -42.030  -71.757  -9.789 0.0000000000
12938  -42.668  -71.404  -9.653 0.0000000000
12945  -41.101  -71.809  -10.634 0.0000000000
12946  -41.877  -71.549  -10.522 0.0000000000
12947  -42.600  -71.214  -10.405 0.0000000000
12948  -43.286  -70.794  -10.226 0.0000000000
12957  -38.912  -71.973  -11.602 0.0000000000
12958  -39.848  -71.652  -11.712 0.0000000000
12959  -40.891  -71.495  -11.473 0.0000000000
12960  -41.714  -71.274  -11.308 0.0000000000
12961  -42.483  -70.921  -11.184 0.0000000000
12971  -38.298  -71.782  -13.221 0.0000000000
12972  -39.747  -71.255  -12.772 0.0000000000
12973  -40.679  -71.142  -12.376 0.0000000000
12974  -41.532  -70.941  -12.091 0.0000000000
12986  -37.953  -72.037  -14.482 0.0000000000
12987  -38.689  -71.378  -14.389 0.0000000000
12988  -39.513  -70.986  -13.763 0.0000000000
12989  -40.447  -70.806  -13.327 0.0000000000
12998  -36.475  -71.009  -15.856 0.0000000000
12999  -38.134  -71.487  -15.769 0.0000000000
13000  -38.645  -71.031  -15.555 0.0000000000
13001  -39.275  -70.792  -14.854 0.0000000000
13007  -36.194  -71.475  -16.461 0.0000000000
13008  -36.776  -71.424  -16.695 0.0000000000
13018  -36.096  -71.869  -16.944 0.0000000000
13838  -44.004  -70.356  -9.941 0.0000000000
13849  -43.278  -70.513  -11.078 0.0000000000
13850  -44.035  -69.955  -10.912 0.0000000000
13851  -44.781  -69.413  -10.732 0.0000000000
13861  -42.358  -70.666  -11.984 0.0000000000
13862  -44.077  -69.542  -11.828 0.0000000000
13871  -41.505  -70.604  -13.048 0.0000000000
13872  -42.171  -70.512  -12.623 0.0000000000
13873  -43.091  -69.840  -12.848 0.0000000000
13887  -36.571  -70.044  -14.117 0.0000000000
13891  -43.087  -69.353  -13.696 0.0000000000
13900  -37.210  -69.963  -14.871 0.0000000000
13901  -37.749  -70.078  -16.018 0.0000000000
13902  -38.921  -70.453  -15.887 0.0000000000
13914  -37.217  -70.779  -16.185 0.0000000000
14762  -39.002  -69.087  -7.981 0.0000000000
14763  -39.874  -69.203  -7.915 0.0000000000
14764  -40.822  -69.201  -7.923 0.0000000000
14777  -37.852  -68.867  -8.875 0.0000000000
14778  -38.618  -69.159  -8.787 0.0000000000
14779  -40.407  -69.392  -8.779 0.0000000000
14780  -41.462  -69.238  -8.903 0.0000000000
14781  -42.551  -68.749  -9.147 0.0000000000
14798  -38.275  -69.049  -9.576 0.0000000000
14799  -39.067  -69.332  -9.579 0.0000000000
14800  -39.976  -69.452  -9.633 0.0000000000
14801  -41.053  -69.356  -9.790 0.0000000000
14802  -42.228  -68.956  -10.009 0.0000000000
14821  -39.564  -69.353  -10.287 0.0000000000
14822  -40.558  -69.316  -10.672 0.0000000000
14823  -41.841  -68.977  -10.831 0.0000000000
14824  -43.120  -68.238  -11.112 0.0000000000
14825  -44.776  -68.779  -11.619 0.0000000000
14883  -36.197  -69.681  -13.866 0.0000000000
14884  -36.806  -69.442  -14.345 0.0000000000
14885  -42.915  -68.936  -14.392 0.0000000000
14908  -37.599  -69.270  -15.023 0.0000000000
15777  -38.571  -68.549  -7.354 0.0000000000
15778  -39.423  -68.694  -7.269 0.0000000000
15779  -40.294  -68.767  -7.201 0.0000000000
15780  -41.218  -68.721  -7.200 0.0000000000
15797  -38.179  -68.840  -8.094 0.0000000000
15798  -41.832  -68.950  -8.051 0.0000000000
15815  -43.381  -68.259  -10.324 0.0000000000
15872  -36.184  -68.972  -14.146 0.0000000000
15890  -36.179  -68.443  -14.846 0.0000000000
15891  -37.127  -68.515  -14.870 0.0000000000
15892  -38.111  -68.531  -15.528 0.0000000000
15904  -36.028  -68.100  -15.762 0.0000000000
15905  -37.015  -67.845  -15.639 0.0000000000
15906  -38.065  -67.629  -15.934 0.0000000000
15917  -35.007  -68.422  -17.363 0.0000000000
15918  -35.865  -67.938  -17.049 0.0000000000
16919  -36.827  -67.504  -16.829 0.0000000000
135635  -38.981  -71.371  -13.262 0.0000000000
136009  -43.264  -70.154  -11.967 0.0000000000
137244  -38.932  -71.602  -12.398 0.0000000000
138013  -36.873  -73.281  -13.268 0.0000000000
139342  -40.487  -72.467  -9.991 0.0000000000
139619  -34.971  -68.460  -15.979 0.0000000000
144152  -40.975  -72.730  -9.091 0.0000000000
144407  -45.320  -68.938  -10.503 0.0000000000
147982  -39.451  -69.345  -8.745 0.0000000000
150716  -40.617  -72.772  -9.395 0.0000000000
153479  -36.824  -70.446  -14.970 0.0000000000
155247  -35.415  -68.473  -15.048 0.0000000000
156707  -36.432  -71.669  -16.824 0.0000000000
