# sub-01 hemi-L LimbsvsAllnoLimbs_scaled Cluster_2
68
7774 -40.525000 -66.669000 1.001000 1
7775 -41.400000 -66.813000 1.288000 1
7786 -39.350000 -66.607000 0.285000 1
7788 -41.536000 -67.778000 0.551000 1
7800 -39.203000 -67.058000 -0.451000 1
8666 -41.376000 -65.854000 1.989000 1
8676 -39.611000 -65.793000 1.280000 1
8677 -40.415000 -65.838000 1.627000 1
8678 -42.276000 -66.952000 1.442000 1
9588 -40.969000 -64.665000 2.649000 1
9589 -41.971000 -64.698000 2.859000 1
9590 -42.907000 -64.844000 3.066000 1
9605 -41.896000 -65.406000 2.434000 1
10468 -41.239000 -63.876000 3.177000 1
10469 -42.171000 -63.966000 3.353000 1
10470 -43.089000 -64.071000 3.497000 1
11342 -40.681000 -62.317000 4.004000 1
11343 -41.403000 -62.219000 4.184000 1
11344 -42.707000 -62.567000 4.248000 1
11345 -43.583000 -62.662000 4.401000 1
11357 -41.474000 -63.048000 3.713000 1
11358 -42.439000 -63.264000 3.797000 1
11359 -43.313000 -63.353000 3.940000 1
12288 -42.532000 -61.088000 5.049000 1
12289 -43.436000 -61.289000 5.151000 1
12306 -40.982000 -61.460000 4.561000 1
12307 -42.023000 -61.778000 4.530000 1
12308 -43.016000 -61.859000 4.672000 1
12309 -43.908000 -62.042000 4.799000 1
13146 -46.224000 -60.110000 8.092000 1
13155 -44.758000 -60.180000 6.958000 1
13156 -45.522000 -60.160000 7.531000 1
13157 -46.481000 -60.493000 7.271000 1
13170 -41.753000 -59.837000 6.010000 1
13171 -42.605000 -59.937000 6.022000 1
13172 -43.464000 -60.148000 6.082000 1
13173 -44.329000 -60.439000 6.211000 1
13174 -45.671000 -60.562000 6.786000 1
13189 -40.564000 -60.286000 5.468000 1
13190 -42.140000 -60.393000 5.516000 1
13191 -43.005000 -60.553000 5.553000 1
13192 -43.904000 -60.804000 5.633000 1
13193 -44.903000 -61.125000 5.727000 1
13194 -45.732000 -60.978000 6.083000 1
13208 -41.655000 -60.922000 5.020000 1
14107 -44.580000 -59.768000 7.837000 1
14108 -45.430000 -59.839000 8.226000 1
14109 -46.854000 -60.007000 8.727000 1
14119 -41.715000 -59.328000 7.474000 1
14120 -42.634000 -59.509000 7.435000 1
14121 -43.576000 -59.660000 7.515000 1
14135 -41.299000 -59.512000 6.663000 1
14136 -42.170000 -59.630000 6.707000 1
14137 -43.057000 -59.740000 6.705000 1
14138 -43.891000 -59.951000 6.756000 1
14151 -40.918000 -59.793000 5.989000 1
106399 -45.941000 -59.787000 8.832000 1
108874 -43.017000 -59.448000 8.084000 1
110652 -46.418000 -60.793000 6.456000 1
114951 -44.339000 -61.575000 5.239000 1
118168 -41.332000 -60.301000 5.514000 1
119927 -44.645000 -62.218000 4.861000 1
120358 -45.080000 -60.658000 6.340000 1
120849 -41.982000 -62.588000 4.103000 1
123731 -40.962000 -60.741000 5.078000 1
124691 -39.766000 -66.428000 0.772000 1
126939 -42.128000 -67.563000 0.908000 1
128768 -44.189000 -59.853000 7.260000 1
