# sub-01 hemi-L LimbsvsAllnoLimbs_scaled Cluster_6
42
13381 -16.987000 -60.093000 -13.805000 1
13409 -16.927000 -59.945000 -14.925000 1
14356 -16.272000 -58.673000 -12.698000 1
14357 -16.916000 -59.520000 -12.900000 1
14368 -16.852000 -59.312000 -14.201000 1
15336 -13.232000 -57.712000 -9.964000 1
15337 -13.466000 -58.249000 -10.304000 1
15340 -14.312000 -57.739000 -10.610000 1
15341 -15.068000 -58.214000 -11.284000 1
15344 -15.630000 -57.922000 -12.142000 1
15345 -15.639000 -58.124000 -12.076000 1
15349 -16.058000 -58.198000 -12.713000 1
15353 -16.319000 -58.216000 -13.184000 1
16281 -14.552000 -56.770000 -9.808000 1
16286 -13.926000 -57.261000 -9.987000 1
16287 -14.481000 -57.188000 -10.463000 1
16290 -14.903000 -57.439000 -11.095000 1
16291 -15.700000 -57.516000 -11.953000 1
16295 -15.967000 -57.863000 -12.608000 1
17280 -15.850000 -56.287000 -9.741000 1
17288 -15.108000 -56.729000 -10.398000 1
17289 -15.982000 -56.418000 -10.534000 1
17290 -16.820000 -56.079000 -10.602000 1
17294 -15.403000 -57.078000 -11.274000 1
17295 -16.142000 -56.739000 -11.384000 1
18213 -16.772000 -55.932000 -9.925000 1
18226 -17.538000 -55.470000 -10.113000 1
18227 -18.371000 -54.766000 -10.176000 1
18235 -17.651000 -55.622000 -10.673000 1
18236 -18.451000 -55.169000 -10.842000 1
19166 -18.936000 -54.318000 -10.404000 1
19167 -19.311000 -53.709000 -10.082000 1
114871 -16.757000 -59.299000 -13.718000 1
115837 -15.118000 -57.841000 -11.495000 1
120806 -16.525000 -58.671000 -13.385000 1
121370 -16.681000 -58.643000 -13.699000 1
124397 -16.854000 -59.793000 -14.392000 1
125189 -18.928000 -54.076000 -10.043000 1
127909 -14.684000 -57.982000 -11.106000 1
128050 -17.458000 -55.568000 -9.882000 1
128365 -15.307000 -57.657000 -11.667000 1
128750 -15.194000 -56.476000 -9.567000 1
