# sub-01 hemi-R RWvsFF_scaled Cluster_59
19
25283 50.183000 -51.061000 3.768000 1
26229 50.818000 -50.137000 3.505000 1
27179 50.022000 -49.118000 3.676000 1
27180 49.380000 -48.254000 3.695000 1
28183 50.504000 -47.268000 3.064000 1
29241 50.465000 -46.526000 2.668000 1
29260 51.359000 -46.231000 1.929000 1
30323 50.203000 -45.739000 2.294000 1
30324 49.255000 -45.546000 2.550000 1
30325 48.425000 -45.454000 2.757000 1
30339 49.753000 -45.015000 1.825000 1
30340 48.813000 -44.925000 2.193000 1
31404 48.422000 -44.410000 1.736000 1
31405 47.621000 -44.128000 1.788000 1
32450 48.183000 -43.928000 1.077000 1
32451 47.244000 -43.656000 1.233000 1
32460 47.637000 -43.602000 0.484000 1
122155 50.502000 -48.181000 3.369000 1
122684 48.324000 -43.854000 0.324000 1
