# sub-01 hemi-R LimbsvsAllnoLimbs_scaled Cluster_20
19
14543 38.438000 -59.947000 -8.132000 1
14555 38.979000 -60.523000 -8.835000 1
15640 38.721000 -59.223000 -7.995000 1
15641 38.066000 -59.582000 -7.433000 1
15652 40.282000 -59.479000 -10.531000 1
15653 39.271000 -59.649000 -8.951000 1
15669 39.659000 -60.211000 -9.871000 1
16744 40.397000 -58.360000 -6.865000 1
16745 39.468000 -58.421000 -7.065000 1
16746 38.636000 -58.605000 -6.664000 1
16761 40.271000 -58.525000 -8.395000 1
16762 39.091000 -58.683000 -7.656000 1
16763 38.382000 -58.976000 -7.298000 1
16775 40.958000 -58.732000 -10.310000 1
16776 39.676000 -58.900000 -8.925000 1
109442 41.597000 -58.445000 -9.952000 1
113610 38.501000 -61.152000 -8.123000 1
125497 41.539000 -58.376000 -8.638000 1
127317 38.399000 -60.498000 -8.127000 1
