# sub-01 hemi-L RWvsFF_scaled Cluster_42
24
22898 -47.226000 -49.799000 -9.534000 1
23838 -46.573000 -49.177000 -9.053000 1
24761 -43.241000 -47.876000 -8.089000 1
24762 -44.163000 -47.834000 -8.171000 1
24763 -45.178000 -47.943000 -8.266000 1
24764 -46.194000 -47.927000 -8.148000 1
24777 -43.604000 -48.500000 -8.640000 1
24778 -44.464000 -48.500000 -8.714000 1
24779 -45.903000 -48.553000 -8.651000 1
24780 -46.810000 -48.563000 -8.521000 1
25675 -42.195000 -46.784000 -5.814000 1
25681 -42.541000 -47.118000 -6.560000 1
25682 -43.456000 -47.032000 -6.612000 1
25683 -44.370000 -47.008000 -6.644000 1
25684 -45.291000 -47.035000 -6.719000 1
25696 -43.813000 -47.436000 -7.352000 1
25697 -44.755000 -47.443000 -7.397000 1
25698 -45.716000 -47.485000 -7.439000 1
26650 -43.101000 -46.677000 -5.881000 1
26651 -43.992000 -46.659000 -5.924000 1
119719 -45.641000 -49.165000 -9.134000 1
120255 -46.915000 -50.381000 -9.963000 1
125031 -45.174000 -48.629000 -8.806000 1
127996 -47.014000 -48.059000 -8.073000 1
