# sub-01 hemi-L LimbsvsAllnoLimbs_scaled Cluster_21
30
29723 -47.273000 -42.847000 -7.451000 1
29724 -48.119000 -43.516000 -7.624000 1
29725 -49.209000 -42.972000 -7.801000 1
30709 -47.566000 -41.883000 -7.390000 1
30710 -48.541000 -41.797000 -7.542000 1
30711 -49.680000 -41.801000 -7.618000 1
30712 -50.936000 -41.841000 -7.607000 1
30715 -50.687000 -42.925000 -7.823000 1
31663 -49.619000 -41.533000 -1.696000 1
31674 -49.724000 -41.103000 -2.259000 1
31690 -47.086000 -41.272000 -6.950000 1
31691 -48.015000 -40.942000 -7.079000 1
31692 -49.087000 -40.900000 -7.234000 1
31693 -50.195000 -40.917000 -7.277000 1
31694 -51.329000 -40.995000 -7.266000 1
32675 -49.429000 -40.957000 -2.911000 1
32687 -50.040000 -40.617000 -3.408000 1
32693 -49.080000 -40.644000 -4.230000 1
32694 -50.367000 -40.454000 -4.111000 1
32700 -49.075000 -40.439000 -5.792000 1
32701 -50.490000 -40.455000 -5.171000 1
32707 -48.048000 -40.445000 -6.223000 1
32708 -48.755000 -40.546000 -6.649000 1
32709 -49.848000 -40.530000 -6.493000 1
109804 -48.083000 -42.607000 -7.620000 1
111108 -49.302000 -44.223000 -7.635000 1
118951 -50.994000 -40.583000 -6.527000 1
122499 -50.819000 -40.467000 -5.871000 1
123717 -49.461000 -40.526000 -4.870000 1
125379 -47.380000 -40.710000 -6.536000 1
