# sub-01 hemi-R LimbsvsAllnoLimbs_scaled Cluster_37
14
28276 51.395000 -48.614000 -3.599000 1
29259 52.416000 -46.873000 1.146000 1
29275 52.529000 -47.039000 0.175000 1
29292 52.909000 -47.833000 -0.907000 1
29308 52.740000 -48.249000 -2.379000 1
29321 52.225000 -48.509000 -3.154000 1
30337 51.674000 -45.888000 1.054000 1
30345 51.568000 -45.914000 0.332000 1
30356 51.869000 -46.561000 -0.528000 1
30357 50.987000 -45.505000 -0.196000 1
30369 52.221000 -47.420000 -1.470000 1
30370 51.125000 -46.118000 -1.240000 1
31427 50.324000 -44.987000 -0.682000 1
126412 53.061000 -48.126000 -1.680000 1
