# sub-04 hemi-L RWvsFF_scaled Cluster_33
19
42814 -36.731000 -31.507000 7.040000 1
42815 -37.600000 -31.519000 7.307000 1
43677 -36.465000 -30.452000 8.289000 1
43678 -37.314000 -30.486000 8.220000 1
43679 -37.883000 -30.050000 8.333000 1
43690 -37.021000 -31.037000 7.790000 1
43691 -37.966000 -30.840000 7.862000 1
43692 -38.627000 -30.132000 7.910000 1
44487 -37.072000 -29.207000 8.905000 1
44503 -37.137000 -29.911000 8.579000 1
44504 -37.634000 -29.437000 8.568000 1
44505 -38.336000 -29.240000 8.263000 1
45218 -36.954000 -28.368000 9.138000 1
45238 -37.658000 -28.734000 8.675000 1
101201 -36.126000 -30.954000 7.539000 1
108730 -35.579000 -30.527000 8.010000 1
109631 -35.740000 -30.141000 8.530000 1
109920 -36.320000 -29.668000 8.864000 1
117200 -36.506000 -28.988000 9.208000 1
