# sub-04 hemi-L RWvsSC_scaled Cluster_49
14
48420 -30.968000 -24.517000 10.260000 1
48421 -31.587000 -24.877000 10.515000 1
48422 -32.363000 -24.464000 10.690000 1
48429 -30.582000 -24.815000 9.675000 1
49169 -30.616000 -23.136000 9.780000 1
49170 -31.115000 -23.045000 10.322000 1
49171 -32.579000 -23.578000 10.707000 1
49177 -30.486000 -23.930000 9.483000 1
49959 -30.351000 -22.450000 9.241000 1
98006 -30.343000 -23.243000 9.148000 1
98492 -31.576000 -23.879000 10.538000 1
110592 -32.922000 -24.920000 10.673000 1
112361 -30.844000 -23.798000 10.148000 1
116992 -30.684000 -24.262000 9.969000 1
