# sub-04 hemi-L RWvsAllNotext_scaled Cluster_21
16
39990 -48.084000 -34.283000 9.517000 1
39991 -48.704000 -34.845000 9.383000 1
40942 -47.814000 -33.412000 9.612000 1
40943 -48.556000 -33.458000 9.495000 1
41884 -48.300000 -32.613000 9.583000 1
41885 -49.714000 -32.301000 9.439000 1
41886 -50.553000 -32.238000 9.276000 1
41887 -51.647000 -32.176000 9.013000 1
42801 -50.089000 -31.601000 9.436000 1
42802 -51.416000 -31.237000 9.225000 1
96818 -50.104000 -33.795000 9.120000 1
97083 -49.297000 -33.590000 9.356000 1
97268 -49.121000 -32.795000 9.475000 1
97993 -49.909000 -32.965000 9.305000 1
98086 -49.080000 -31.900000 9.558000 1
111066 -48.796000 -34.120000 9.406000 1
