# sub-04 hemi-R FacesvsAllnoFacenoCS_scaled Cluster_3
46
2002 26.402000 -86.689000 5.133000 1
2382 21.002000 -84.081000 6.588000 1
2403 27.325000 -85.667000 5.038000 1
2404 26.478000 -84.830000 4.726000 1
2757 21.818000 -82.993000 7.118000 1
2763 21.462000 -83.296000 6.618000 1
2776 22.146000 -82.955000 5.287000 1
2777 21.772000 -83.879000 5.272000 1
2789 26.254000 -83.640000 4.564000 1
3187 29.948000 -82.949000 6.372000 1
3188 29.259000 -82.135000 6.433000 1
3189 22.228000 -81.917000 6.436000 1
3190 21.841000 -82.512000 6.590000 1
3200 27.870000 -82.347000 5.395000 1
3201 22.027000 -82.166000 5.857000 1
3202 21.586000 -82.887000 5.956000 1
3213 27.452000 -82.962000 4.914000 1
3214 26.546000 -82.707000 4.674000 1
3215 25.589000 -82.588000 4.561000 1
3217 22.896000 -82.950000 4.807000 1
3681 29.074000 -81.414000 6.908000 1
3682 28.030000 -81.124000 6.552000 1
3683 23.173000 -80.834000 6.199000 1
3692 27.421000 -81.502000 5.667000 1
3693 26.436000 -81.194000 5.359000 1
3694 25.402000 -80.976000 5.168000 1
3695 24.332000 -80.935000 5.166000 1
3696 23.357000 -81.147000 5.449000 1
3697 22.565000 -81.465000 5.933000 1
3708 26.951000 -82.030000 5.009000 1
3709 25.978000 -81.803000 4.802000 1
3711 23.882000 -81.750000 4.813000 1
4146 28.800000 -80.681000 7.517000 1
4147 27.747000 -80.487000 7.215000 1
4162 27.003000 -80.734000 6.152000 1
4163 25.940000 -80.398000 5.852000 1
4164 24.854000 -80.279000 5.708000 1
4165 23.883000 -80.407000 5.823000 1
106164 27.190000 -84.495000 4.804000 1
106632 26.690000 -85.861000 5.009000 1
107503 25.789000 -85.313000 4.772000 1
112493 21.242000 -83.646000 5.919000 1
113928 22.808000 -82.051000 5.165000 1
115415 27.071000 -83.531000 4.713000 1
117651 21.664000 -83.320000 5.584000 1
118810 25.733000 -84.259000 4.563000 1
