# sub-04 hemi-L LimbsvsAllnoLimbs_scaled Cluster_6
21
9080 -34.452000 -73.977000 12.132000 1
9093 -34.128000 -74.555000 11.699000 1
9790 -33.840000 -72.960000 12.172000 1
9791 -34.698000 -73.317000 12.487000 1
9792 -35.888000 -72.949000 13.036000 1
10560 -34.187000 -72.166000 12.366000 1
10561 -35.079000 -72.688000 12.808000 1
11262 -34.137000 -70.199000 13.616000 1
11263 -34.977000 -70.383000 13.928000 1
11264 -35.770000 -70.511000 14.392000 1
11277 -33.911000 -70.562000 12.830000 1
11278 -34.808000 -70.838000 13.248000 1
11295 -34.505000 -71.381000 12.697000 1
12038 -35.741000 -69.919000 15.147000 1
12053 -33.495000 -69.861000 14.280000 1
12054 -34.905000 -69.936000 14.674000 1
12068 -33.215000 -70.053000 13.465000 1
99655 -36.652000 -70.162000 15.323000 1
102036 -34.750000 -69.648000 15.374000 1
102433 -34.277000 -69.947000 14.309000 1
107780 -35.341000 -73.383000 12.567000 1
