# sub-04 hemi-R FacesvsAllnoFace_scaled Cluster_15
12
10128 33.569000 -70.714000 38.749000 1
10900 34.297000 -69.429000 38.745000 1
10901 33.448000 -68.983000 38.505000 1
11661 34.867000 -67.949000 39.047000 1
11668 34.283000 -68.483000 38.694000 1
11669 33.438000 -68.160000 38.469000 1
12374 35.142000 -67.592000 39.503000 1
12375 34.709000 -67.136000 39.085000 1
12385 34.212000 -67.672000 38.668000 1
13148 35.118000 -67.094000 39.758000 1
101225 33.214000 -69.869000 38.546000 1
117297 33.921000 -70.067000 38.695000 1
