# sub-04 hemi-L RWvsAllnoletterstring_scaled Cluster_0
31
3758 -27.446000 -81.641000 4.283000 1
4237 -28.956000 -81.314000 7.728000 1
4255 -29.062000 -81.376000 5.593000 1
4263 -28.125000 -81.360000 4.680000 1
4274 -25.801000 -81.291000 3.356000 1
4275 -26.792000 -81.525000 3.841000 1
4291 -25.145000 -82.100000 2.867000 1
4775 -28.469000 -80.701000 6.915000 1
4776 -29.119000 -80.893000 6.320000 1
4789 -29.012000 -80.940000 5.740000 1
4800 -28.712000 -81.086000 5.188000 1
4827 -25.309000 -80.131000 3.381000 1
4828 -26.594000 -80.657000 3.813000 1
4829 -27.522000 -81.043000 4.212000 1
4840 -23.910000 -80.293000 2.005000 1
5363 -26.232000 -79.549000 3.976000 1
5383 -24.247000 -79.318000 2.178000 1
5914 -24.649000 -78.483000 2.585000 1
5928 -24.556000 -78.471000 1.767000 1
5929 -25.094000 -78.582000 0.846000 1
5939 -24.343000 -79.310000 1.111000 1
6453 -24.921000 -77.838000 2.898000 1
6465 -24.777000 -77.883000 2.277000 1
6478 -25.252000 -77.756000 1.468000 1
6491 -25.865000 -78.222000 0.681000 1
99724 -23.897000 -80.282000 0.978000 1
105517 -26.141000 -82.028000 3.479000 1
109681 -29.337000 -81.305000 6.938000 1
110187 -24.796000 -79.165000 3.092000 1
114933 -25.428000 -79.360000 3.551000 1
115221 -24.031000 -79.798000 1.639000 1
