# sub-04 hemi-L RWvsAllNotext_scaled Cluster_22
21
40056 -37.448000 -34.495000 2.581000 1
40067 -38.023000 -34.936000 1.845000 1
40078 -31.345000 -34.333000 3.420000 1
40088 -31.291000 -34.453000 2.352000 1
40984 -36.701000 -34.014000 3.236000 1
40998 -35.335000 -33.175000 3.734000 1
40999 -36.455000 -33.611000 2.747000 1
41000 -37.540000 -34.061000 1.650000 1
41018 -31.956000 -33.989000 2.600000 1
41019 -32.651000 -33.531000 3.014000 1
41020 -33.487000 -33.161000 3.437000 1
41021 -37.254000 -33.417000 1.438000 1
41036 -32.564000 -33.500000 1.656000 1
41037 -33.288000 -32.976000 2.227000 1
41943 -34.325000 -32.798000 3.173000 1
41944 -34.969000 -32.789000 3.211000 1
41945 -36.100000 -33.010000 2.240000 1
41960 -34.086000 -32.609000 2.371000 1
41961 -35.176000 -32.468000 2.039000 1
41978 -33.818000 -32.452000 1.537000 1
41990 -33.929000 -32.065000 0.936000 1
