# sub-04 hemi-R RWvsSC_scaled Cluster_2
88
4174 33.635000 -80.866000 3.842000 1
4693 33.484000 -79.898000 3.897000 1
4694 32.813000 -79.520000 4.525000 1
4703 33.954000 -80.481000 2.852000 1
4714 33.992000 -80.378000 1.639000 1
5217 37.323000 -79.092000 6.341000 1
5218 36.688000 -79.210000 6.518000 1
5219 35.931000 -79.012000 6.910000 1
5231 37.792000 -78.846000 5.475000 1
5232 37.216000 -79.022000 5.614000 1
5243 37.639000 -78.804000 4.801000 1
5256 34.069000 -78.661000 2.613000 1
5257 33.015000 -78.854000 4.157000 1
5266 34.416000 -78.456000 1.366000 1
5267 34.180000 -79.449000 1.401000 1
5276 34.564000 -78.380000 0.396000 1
5277 34.086000 -79.107000 0.337000 1
5286 34.455000 -78.328000 -0.130000 1
5794 35.243000 -78.486000 7.653000 1
5806 37.971000 -78.593000 6.253000 1
5807 36.518000 -78.521000 5.937000 1
5808 35.638000 -77.890000 6.837000 1
5820 38.143000 -78.645000 4.754000 1
5821 37.077000 -78.646000 5.065000 1
5829 37.968000 -78.597000 3.780000 1
5830 37.330000 -78.248000 4.293000 1
5838 38.269000 -78.167000 2.835000 1
5839 38.100000 -78.331000 2.937000 1
5840 33.684000 -77.564000 3.417000 1
5841 32.953000 -77.855000 4.085000 1
5848 38.071000 -77.930000 2.078000 1
5849 34.809000 -77.641000 1.339000 1
5850 34.309000 -77.586000 2.440000 1
5862 35.181000 -77.914000 0.176000 1
5874 36.582000 -77.351000 -0.535000 1
5875 35.867000 -77.601000 -0.255000 1
5876 35.178000 -77.752000 -0.362000 1
5892 35.810000 -77.385000 -0.652000 1
6437 36.142000 -76.870000 6.018000 1
6438 35.262000 -76.626000 6.798000 1
6452 38.606000 -77.816000 5.102000 1
6453 36.713000 -77.403000 5.047000 1
6462 38.518000 -78.095000 4.208000 1
6463 37.678000 -78.138000 3.069000 1
6464 37.003000 -77.015000 3.628000 1
6471 37.048000 -77.146000 2.476000 1
6472 34.429000 -75.966000 3.297000 1
6473 33.678000 -76.457000 3.629000 1
6485 37.764000 -77.856000 2.120000 1
6486 37.026000 -77.364000 1.428000 1
6487 36.044000 -76.845000 1.503000 1
6488 34.826000 -76.620000 2.438000 1
6489 34.139000 -76.829000 3.085000 1
6498 38.820000 -76.890000 1.553000 1
6499 38.277000 -77.416000 1.247000 1
6500 37.600000 -77.494000 0.826000 1
6501 36.633000 -77.521000 0.296000 1
6502 35.860000 -77.488000 0.464000 1
6503 35.432000 -77.152000 1.409000 1
7059 35.813000 -75.776000 6.096000 1
7078 36.298000 -75.496000 4.095000 1
7087 36.365000 -76.001000 3.054000 1
7088 35.626000 -75.291000 3.740000 1
7089 34.838000 -75.136000 3.784000 1
7090 33.964000 -75.430000 3.849000 1
7098 36.359000 -76.565000 2.163000 1
7099 35.879000 -76.022000 2.678000 1
7100 35.245000 -75.797000 3.090000 1
7695 36.171000 -75.251000 4.877000 1
7696 35.730000 -74.996000 5.597000 1
7705 35.515000 -74.683000 4.770000 1
7716 35.050000 -74.624000 4.415000 1
99174 36.838000 -79.381000 7.237000 1
99208 34.106000 -79.716000 2.353000 1
100429 33.786000 -79.350000 3.276000 1
101031 36.594000 -76.170000 4.573000 1
101297 38.271000 -78.412000 5.491000 1
101388 35.546000 -76.395000 2.309000 1
104045 36.282000 -79.386000 7.233000 1
104918 38.390000 -78.212000 3.434000 1
109745 34.570000 -77.755000 -0.396000 1
111036 36.288000 -75.877000 5.388000 1
112501 33.536000 -78.462000 3.561000 1
116036 37.072000 -77.484000 -0.059000 1
116301 38.066000 -77.145000 0.299000 1
116445 36.906000 -77.195000 4.344000 1
117044 38.117000 -78.417000 3.283000 1
118715 37.596000 -78.257000 3.654000 1
