# sub-04 hemi-R FacesvsAllnoFacenoCS_scaled Cluster_14
110
7641 39.439000 -74.816000 10.804000 1
7655 40.074000 -74.494000 8.810000 1
7656 39.564000 -75.124000 9.846000 1
8248 40.221000 -73.998000 12.364000 1
8259 39.558000 -73.835000 11.589000 1
8268 39.179000 -73.882000 10.860000 1
8269 38.956000 -73.291000 10.215000 1
8281 39.307000 -74.186000 9.879000 1
8282 39.044000 -73.141000 9.424000 1
8292 41.055000 -73.971000 8.448000 1
8939 40.699000 -73.065000 12.530000 1
8940 39.689000 -72.889000 11.852000 1
8949 39.079000 -72.848000 10.885000 1
8961 38.716000 -72.403000 9.940000 1
8973 38.704000 -72.210000 9.064000 1
8988 41.993000 -73.500000 8.274000 1
8989 40.849000 -73.303000 8.426000 1
8990 39.420000 -72.714000 8.584000 1
8991 38.844000 -71.935000 8.445000 1
9010 41.985000 -72.924000 8.395000 1
9011 40.962000 -72.536000 8.149000 1
9012 39.878000 -72.325000 7.972000 1
9663 40.876000 -72.042000 12.466000 1
9664 40.092000 -72.153000 12.109000 1
9674 40.222000 -71.376000 11.996000 1
9675 39.364000 -71.714000 11.272000 1
9691 38.821000 -72.033000 10.488000 1
9692 38.594000 -71.526000 9.544000 1
9703 38.603000 -71.418000 8.690000 1
9715 39.163000 -71.969000 8.078000 1
9716 38.744000 -71.388000 8.040000 1
9729 41.756000 -72.111000 8.009000 1
9730 40.281000 -71.642000 7.462000 1
9731 39.287000 -71.504000 7.633000 1
9739 39.402000 -70.984000 7.075000 1
10430 40.569000 -70.564000 11.907000 1
10431 39.796000 -70.812000 11.486000 1
10443 39.234000 -70.564000 10.772000 1
10444 38.671000 -70.650000 9.886000 1
10461 38.490000 -70.713000 9.025000 1
10484 42.719000 -71.479000 7.801000 1
10485 41.231000 -71.123000 7.194000 1
10486 38.735000 -70.691000 7.445000 1
10495 42.008000 -70.493000 6.964000 1
10496 40.026000 -70.725000 6.698000 1
10497 39.073000 -70.160000 6.620000 1
11168 44.491000 -69.885000 12.572000 1
11181 42.154000 -69.431000 12.186000 1
11182 41.426000 -69.460000 11.893000 1
11183 40.657000 -69.663000 11.587000 1
11184 39.921000 -70.048000 11.309000 1
11191 40.092000 -69.194000 11.036000 1
11192 39.013000 -69.815000 10.169000 1
11193 38.602000 -69.909000 9.370000 1
11209 38.925000 -69.072000 9.672000 1
11210 38.403000 -69.929000 8.540000 1
11220 38.374000 -69.875000 7.662000 1
11230 38.487000 -69.580000 6.872000 1
11241 41.630000 -69.667000 6.309000 1
11242 39.883000 -69.876000 6.176000 1
11243 39.270000 -69.477000 6.103000 1
11244 38.819000 -69.384000 6.331000 1
11252 40.648000 -69.402000 5.920000 1
11253 39.785000 -69.111000 5.764000 1
11959 43.837000 -68.884000 12.331000 1
11960 42.804000 -68.916000 12.164000 1
11969 43.243000 -67.984000 11.920000 1
11970 41.830000 -68.759000 11.767000 1
11971 40.948000 -68.709000 11.324000 1
11978 40.234000 -68.185000 10.572000 1
11979 39.434000 -68.235000 9.891000 1
11990 38.742000 -68.307000 9.263000 1
11991 38.228000 -68.314000 8.500000 1
11996 37.897000 -68.280000 7.745000 1
11999 38.154000 -68.972000 7.312000 1
12006 38.395000 -68.747000 6.470000 1
12007 37.872000 -68.176000 6.947000 1
12011 40.513000 -68.577000 5.596000 1
12013 39.018000 -68.820000 5.844000 1
12711 45.286000 -68.202000 12.330000 1
12712 44.225000 -68.047000 12.148000 1
12719 45.393000 -67.037000 12.148000 1
12720 44.604000 -67.327000 12.049000 1
12721 43.698000 -67.036000 11.732000 1
12722 42.686000 -67.199000 11.445000 1
12723 41.847000 -67.429000 11.184000 1
12724 41.098000 -67.737000 10.930000 1
12730 41.397000 -66.932000 10.758000 1
12731 40.646000 -67.181000 10.444000 1
12732 39.868000 -67.394000 10.035000 1
13522 44.491000 -66.517000 11.872000 1
13523 42.097000 -66.620000 11.069000 1
13530 40.955000 -66.383000 10.552000 1
99042 39.566000 -74.596000 11.422000 1
99105 40.847000 -70.227000 6.455000 1
99330 39.524000 -69.016000 10.370000 1
99371 42.308000 -68.054000 11.620000 1
102275 43.570000 -69.639000 12.471000 1
103400 41.579000 -68.128000 11.357000 1
104757 38.494000 -70.684000 8.225000 1
105071 44.771000 -69.026000 12.422000 1
105520 39.946000 -73.801000 8.864000 1
106507 38.780000 -71.370000 10.346000 1
108745 38.213000 -69.098000 8.104000 1
110378 38.482000 -69.135000 8.892000 1
113521 41.589000 -66.287000 10.802000 1
115747 42.603000 -69.927000 6.794000 1
117978 38.594000 -70.105000 7.108000 1
118010 39.537000 -69.715000 10.753000 1
118836 38.643000 -71.830000 10.061000 1
