# sub-04 hemi-L CSvsAllnoletterstring_scaled Cluster_9
16
9131 -22.196000 -73.136000 6.342000 1
9132 -22.983000 -72.962000 6.275000 1
9142 -23.379000 -73.346000 5.653000 1
9843 -21.921000 -71.870000 7.069000 1
9858 -20.863000 -72.570000 6.404000 1
9859 -21.651000 -72.495000 6.621000 1
9860 -22.479000 -72.403000 6.644000 1
9861 -23.715000 -72.594000 5.955000 1
9862 -24.037000 -71.802000 6.200000 1
9875 -19.703000 -72.688000 5.317000 1
9876 -20.212000 -72.662000 5.852000 1
10615 -22.217000 -71.208000 7.475000 1
10616 -23.012000 -70.859000 7.289000 1
10625 -22.769000 -71.673000 6.989000 1
10626 -23.562000 -71.325000 6.739000 1
102404 -23.288000 -72.173000 6.518000 1
