# sub-04 hemi-R CSvsAllNotext_scaled Cluster_14
27
31045 50.350000 -44.461000 7.257000 1
31059 52.135000 -44.274000 6.035000 1
31060 51.180000 -44.512000 6.497000 1
31071 51.832000 -44.915000 6.029000 1
31916 53.125000 -43.044000 5.920000 1
31918 51.730000 -43.592000 6.400000 1
31919 50.807000 -43.649000 6.864000 1
32739 50.519000 -42.291000 7.249000 1
32749 52.430000 -42.777000 6.346000 1
32750 51.269000 -42.734000 6.741000 1
33576 51.236000 -41.777000 6.913000 1
33577 50.498000 -41.426000 7.373000 1
33586 53.709000 -41.780000 6.302000 1
33587 52.812000 -41.849000 6.468000 1
33588 52.088000 -41.288000 6.707000 1
34450 51.258000 -40.915000 7.117000 1
34459 53.713000 -40.458000 6.537000 1
34460 52.763000 -40.739000 6.640000 1
34461 51.962000 -40.384000 6.812000 1
98870 51.948000 -42.089000 6.618000 1
99082 49.887000 -42.849000 7.666000 1
100373 54.733000 -40.691000 6.403000 1
103184 54.163000 -41.220000 6.389000 1
107127 53.336000 -41.235000 6.512000 1
110962 51.183000 -40.091000 7.209000 1
114041 50.501000 -43.031000 7.197000 1
117691 52.744000 -41.278000 6.583000 1
