# sub-04 hemi-R FacesvsAllnoFacenoCS_scaled Cluster_52
22
39654 46.021000 -34.135000 7.079000 1
39655 45.202000 -34.201000 7.278000 1
39671 46.494000 -34.784000 6.828000 1
39672 45.668000 -34.826000 7.013000 1
40504 46.323000 -33.349000 6.901000 1
40505 45.540000 -33.397000 7.188000 1
40518 46.786000 -34.055000 6.835000 1
41370 45.816000 -32.471000 6.849000 1
41380 46.708000 -32.634000 6.569000 1
42205 47.107000 -32.017000 6.177000 1
42206 46.365000 -31.802000 6.413000 1
42207 45.629000 -31.522000 6.555000 1
42229 46.704000 -31.235000 5.957000 1
43049 46.072000 -31.101000 6.211000 1
43050 45.395000 -30.684000 6.217000 1
43067 46.165000 -30.404000 5.730000 1
43068 45.431000 -30.015000 5.724000 1
43882 45.805000 -29.569000 5.260000 1
43883 44.996000 -29.514000 5.392000 1
43901 45.341000 -29.013000 4.762000 1
43902 44.482000 -29.102000 4.841000 1
99130 46.993000 -33.366000 6.666000 1
