# sub-04 hemi-R CSvsAllNotext_scaled Cluster_12
21
25323 52.522000 -51.213000 7.193000 1
26170 51.948000 -50.237000 7.219000 1
26178 52.514000 -50.778000 6.330000 1
27022 51.697000 -49.268000 8.443000 1
27046 52.109000 -49.780000 6.150000 1
27807 51.246000 -48.594000 8.400000 1
27808 50.854000 -48.238000 7.902000 1
27819 51.154000 -48.476000 7.135000 1
27832 52.294000 -48.965000 5.506000 1
27841 52.670000 -48.321000 4.997000 1
27842 51.963000 -48.072000 5.632000 1
28608 50.892000 -47.980000 8.687000 1
28609 50.484000 -47.479000 8.166000 1
28626 50.741000 -47.672000 7.334000 1
28635 51.277000 -47.757000 6.473000 1
28636 50.781000 -47.118000 6.862000 1
28641 52.569000 -47.465000 5.127000 1
29434 51.227000 -46.914000 6.367000 1
29435 50.754000 -46.293000 6.753000 1
29442 51.553000 -46.288000 6.002000 1
102528 51.289000 -48.929000 7.771000 1
