# sub-04 hemi-L RWvsAllnoletterstring_scaled Cluster_6
31
11360 -29.832000 -70.336000 5.508000 1
11361 -30.768000 -70.303000 6.320000 1
11372 -30.443000 -70.693000 5.693000 1
11383 -29.703000 -70.474000 4.756000 1
11384 -30.111000 -70.931000 5.029000 1
12119 -29.672000 -69.053000 6.653000 1
12120 -30.339000 -69.120000 7.165000 1
12132 -29.688000 -69.757000 6.039000 1
12133 -30.200000 -69.725000 6.579000 1
12134 -31.128000 -69.644000 6.939000 1
12147 -29.537000 -69.763000 5.315000 1
12158 -29.552000 -69.357000 4.677000 1
12846 -29.415000 -68.333000 6.922000 1
12847 -29.841000 -68.467000 7.316000 1
12848 -30.628000 -68.479000 7.617000 1
12861 -29.356000 -68.549000 6.322000 1
12873 -29.406000 -68.790000 5.485000 1
12884 -29.672000 -68.476000 4.646000 1
12885 -30.121000 -68.234000 4.093000 1
12896 -29.821000 -68.968000 4.023000 1
13557 -29.086000 -67.703000 6.573000 1
13573 -29.210000 -68.023000 5.871000 1
13582 -29.482000 -67.842000 5.175000 1
13583 -29.996000 -67.658000 4.475000 1
13592 -30.589000 -67.633000 3.856000 1
14311 -29.728000 -66.971000 4.853000 1
14312 -30.478000 -66.876000 4.207000 1
97884 -29.462000 -69.235000 6.012000 1
111358 -30.071000 -70.222000 6.075000 1
114024 -31.025000 -69.015000 7.422000 1
117013 -29.543000 -70.031000 4.513000 1
