#!ascii label , from subject sub-06 vox2ras=TkReg lh ROI=IOG coords=white drawn-with=delineation-helper-0.1.0
1249
5864  -16.276  -72.956  6.136 0.0000000000
5872  -16.971  -72.894  6.096 0.0000000000
5932  -31.123  -72.663  0.963 0.0000000000
6507  -14.337  -71.827  8.982 0.0000000000
6508  -15.844  -72.076  9.185 0.0000000000
6509  -16.410  -72.246  8.816 0.0000000000
6510  -17.011  -71.994  9.159 0.0000000000
6526  -14.860  -72.249  8.332 0.0000000000
6527  -15.682  -72.352  8.520 0.0000000000
6528  -17.161  -72.332  8.447 0.0000000000
6529  -18.069  -72.203  8.191 0.0000000000
6530  -32.221  -72.371  8.351 0.0000000000
6531  -33.582  -72.905  8.370 0.0000000000
6541  -15.876  -72.789  7.180 0.0000000000
6542  -16.368  -72.615  7.884 0.0000000000
6543  -17.335  -72.593  7.583 0.0000000000
6544  -18.740  -72.101  7.737 0.0000000000
6545  -19.016  -72.174  7.091 0.0000000000
6546  -34.115  -72.756  7.640 0.0000000000
6553  -16.601  -72.833  6.867 0.0000000000
6554  -17.551  -72.712  6.733 0.0000000000
6555  -18.406  -72.490  6.547 0.0000000000
6556  -19.252  -72.222  6.314 0.0000000000
6557  -19.956  -72.040  6.035 0.0000000000
6568  -17.196  -72.742  5.353 0.0000000000
6569  -18.656  -72.446  5.740 0.0000000000
6570  -19.512  -72.231  5.496 0.0000000000
6571  -20.400  -72.070  5.323 0.0000000000
6584  -18.902  -72.308  4.857 0.0000000000
6585  -19.767  -72.172  4.651 0.0000000000
6602  -19.137  -72.064  3.990 0.0000000000
6617  -33.214  -72.304  2.335 0.0000000000
6618  -34.181  -71.579  2.689 0.0000000000
6629  -31.928  -72.446  1.201 0.0000000000
6630  -32.828  -72.050  1.506 0.0000000000
6631  -33.732  -71.454  1.846 0.0000000000
6640  -30.827  -72.250  0.161 0.0000000000
6641  -31.661  -72.037  0.378 0.0000000000
6642  -32.545  -71.702  0.692 0.0000000000
6654  -29.741  -72.111  -0.858 0.0000000000
6655  -30.462  -71.883  -0.655 0.0000000000
6656  -31.362  -71.479  -0.528 0.0000000000
6672  -29.443  -71.697  -1.608 0.0000000000
7206  -13.409  -71.066  10.583 0.0000000000
7207  -14.359  -71.211  10.516 0.0000000000
7208  -15.188  -71.334  10.470 0.0000000000
7209  -15.967  -71.366  10.463 0.0000000000
7210  -16.667  -71.282  10.406 0.0000000000
7211  -17.915  -70.857  10.334 0.0000000000
7212  -18.717  -70.701  10.015 0.0000000000
7224  -12.864  -71.382  9.795 0.0000000000
7225  -13.857  -71.494  9.766 0.0000000000
7226  -14.754  -71.649  9.786 0.0000000000
7227  -15.558  -71.739  9.789 0.0000000000
7228  -16.412  -71.769  9.670 0.0000000000
7229  -17.317  -71.485  9.849 0.0000000000
7230  -18.194  -71.372  9.525 0.0000000000
7231  -31.060  -71.188  9.419 0.0000000000
7238  -17.693  -71.893  8.992 0.0000000000
7239  -18.380  -71.729  8.823 0.0000000000
7240  -19.054  -71.243  9.122 0.0000000000
7241  -20.241  -71.188  8.218 0.0000000000
7242  -21.052  -70.935  8.025 0.0000000000
7243  -31.356  -71.776  8.780 0.0000000000
7249  -18.895  -71.768  8.339 0.0000000000
7250  -19.560  -71.715  7.728 0.0000000000
7251  -20.507  -71.390  7.474 0.0000000000
7252  -21.346  -71.138  7.327 0.0000000000
7253  -22.154  -71.001  7.189 0.0000000000
7254  -22.972  -71.033  7.048 0.0000000000
7255  -24.305  -71.106  6.984 0.0000000000
7256  -25.094  -71.119  6.985 0.0000000000
7257  -25.973  -71.155  6.981 0.0000000000
7258  -26.972  -71.119  7.066 0.0000000000
7259  -31.804  -71.289  7.905 0.0000000000
7260  -32.931  -72.073  7.419 0.0000000000
7261  -34.168  -72.123  6.763 0.0000000000
7264  -19.967  -71.849  6.805 0.0000000000
7265  -20.609  -71.818  6.136 0.0000000000
7266  -21.637  -71.328  6.645 0.0000000000
7267  -22.417  -71.302  6.457 0.0000000000
7268  -23.236  -71.333  6.319 0.0000000000
7269  -24.008  -71.317  6.330 0.0000000000
7270  -25.379  -71.346  6.126 0.0000000000
7271  -26.411  -71.344  6.185 0.0000000000
7272  -27.334  -71.307  6.166 0.0000000000
7273  -28.228  -71.155  6.103 0.0000000000
7274  -29.147  -70.809  6.059 0.0000000000
7275  -33.723  -71.177  5.930 0.0000000000
7276  -34.560  -71.778  6.071 0.0000000000
7284  -21.196  -71.825  5.586 0.0000000000
7285  -21.863  -71.819  5.129 0.0000000000
7286  -22.703  -71.583  5.570 0.0000000000
7287  -23.666  -71.495  5.646 0.0000000000
7288  -24.496  -71.435  5.789 0.0000000000
7289  -25.946  -71.494  5.359 0.0000000000
7290  -27.739  -71.434  5.366 0.0000000000
7291  -28.671  -71.248  5.318 0.0000000000
7292  -29.637  -70.872  5.273 0.0000000000
7293  -34.481  -71.340  5.465 0.0000000000
7301  -20.032  -71.968  3.776 0.0000000000
7302  -21.111  -72.032  4.791 0.0000000000
7303  -21.712  -72.016  4.272 0.0000000000
7304  -24.712  -71.681  4.410 0.0000000000
7305  -25.572  -71.643  4.552 0.0000000000
7306  -27.253  -71.582  4.658 0.0000000000
7307  -28.126  -71.531  4.471 0.0000000000
7308  -29.108  -71.264  4.453 0.0000000000
7319  -20.634  -71.766  3.300 0.0000000000
7320  -21.548  -71.812  3.276 0.0000000000
7321  -22.274  -71.989  3.898 0.0000000000
7322  -23.518  -71.879  3.404 0.0000000000
7323  -24.383  -71.820  3.581 0.0000000000
7324  -25.234  -71.784  3.731 0.0000000000
7325  -26.554  -71.828  3.185 0.0000000000
7326  -27.370  -71.715  3.278 0.0000000000
7327  -27.946  -71.614  3.694 0.0000000000
7328  -28.598  -71.454  3.674 0.0000000000
7329  -34.811  -71.004  3.783 0.0000000000
7338  -19.892  -71.524  2.803 0.0000000000
7339  -21.404  -71.462  2.404 0.0000000000
7340  -22.142  -71.644  2.450 0.0000000000
7341  -23.123  -71.851  2.424 0.0000000000
7342  -24.049  -71.938  2.714 0.0000000000
7343  -24.917  -71.966  2.852 0.0000000000
7344  -26.258  -71.894  2.496 0.0000000000
7345  -26.949  -71.767  2.500 0.0000000000
7346  -28.109  -71.314  2.303 0.0000000000
7347  -28.816  -71.252  2.824 0.0000000000
7348  -34.365  -70.643  2.256 0.0000000000
7349  -34.694  -70.791  3.109 0.0000000000
7360  -21.714  -71.177  1.725 0.0000000000
7361  -22.547  -71.385  1.643 0.0000000000
7362  -24.114  -71.639  1.388 0.0000000000
7363  -24.929  -71.670  1.241 0.0000000000
7364  -27.365  -71.410  1.790 0.0000000000
7365  -28.055  -70.981  1.634 0.0000000000
7366  -33.412  -71.195  1.067 0.0000000000
7367  -34.000  -70.632  1.515 0.0000000000
7373  -23.705  -71.224  0.969 0.0000000000
7374  -24.357  -71.101  0.757 0.0000000000
7375  -25.207  -70.915  0.629 0.0000000000
7376  -26.076  -70.715  0.613 0.0000000000
7377  -33.128  -70.757  0.332 0.0000000000
7378  -33.759  -70.208  0.927 0.0000000000
7386  -30.105  -71.636  -1.266 0.0000000000
7387  -32.269  -71.247  -0.089 0.0000000000
7402  -28.821  -71.407  -2.142 0.0000000000
7403  -30.162  -71.141  -1.737 0.0000000000
7907  -11.942  -69.558  11.262 0.0000000000
7908  -12.773  -69.687  11.451 0.0000000000
7909  -13.686  -69.884  11.511 0.0000000000
7910  -14.604  -70.075  11.494 0.0000000000
7911  -15.487  -70.284  11.371 0.0000000000
7912  -16.229  -69.658  11.445 0.0000000000
7913  -17.073  -70.117  11.277 0.0000000000
7914  -17.745  -69.646  11.201 0.0000000000
7923  -11.411  -70.608  10.863 0.0000000000
7924  -13.041  -70.451  11.192 0.0000000000
7925  -14.006  -70.618  11.139 0.0000000000
7926  -14.880  -70.772  11.053 0.0000000000
7927  -15.582  -70.924  10.936 0.0000000000
7928  -16.341  -70.688  11.069 0.0000000000
7929  -17.658  -70.335  10.939 0.0000000000
7930  -18.325  -70.123  10.796 0.0000000000
7931  -19.147  -69.878  10.528 0.0000000000
7932  -20.009  -69.713  10.247 0.0000000000
7934  -31.954  -69.574  10.554 0.0000000000
7942  -19.564  -70.478  9.732 0.0000000000
7943  -20.406  -70.259  9.498 0.0000000000
7944  -21.222  -70.115  9.313 0.0000000000
7945  -22.042  -70.033  9.230 0.0000000000
7946  -22.986  -69.957  9.338 0.0000000000
7947  -23.982  -70.164  9.201 0.0000000000
7948  -25.466  -70.310  9.188 0.0000000000
7949  -26.342  -70.292  9.218 0.0000000000
7950  -27.225  -70.213  9.121 0.0000000000
7951  -28.125  -70.009  8.954 0.0000000000
7952  -31.472  -69.879  9.118 0.0000000000
7957  -19.942  -70.884  8.941 0.0000000000
7958  -20.742  -70.632  8.727 0.0000000000
7959  -21.566  -70.481  8.601 0.0000000000
7960  -22.429  -70.403  8.552 0.0000000000
7961  -23.348  -70.434  8.492 0.0000000000
7962  -24.255  -70.522  8.422 0.0000000000
7963  -25.944  -70.590  8.483 0.0000000000
7964  -26.780  -70.555  8.463 0.0000000000
7965  -27.654  -70.475  8.276 0.0000000000
7966  -28.547  -70.168  8.208 0.0000000000
7967  -29.408  -69.648  7.977 0.0000000000
7968  -31.452  -70.512  8.546 0.0000000000
7973  -21.880  -70.763  7.904 0.0000000000
7974  -22.742  -70.716  7.799 0.0000000000
7975  -23.701  -70.793  7.616 0.0000000000
7976  -24.669  -70.819  7.698 0.0000000000
7977  -25.536  -70.844  7.728 0.0000000000
7978  -26.392  -70.834  7.759 0.0000000000
7979  -27.651  -70.787  7.503 0.0000000000
7980  -28.909  -70.288  7.439 0.0000000000
7981  -29.894  -69.622  7.336 0.0000000000
7982  -31.208  -69.537  6.980 0.0000000000
7983  -31.656  -69.867  7.042 0.0000000000
7984  -32.479  -70.528  6.315 0.0000000000
7989  -27.837  -71.029  6.827 0.0000000000
7990  -28.640  -70.751  6.749 0.0000000000
7991  -30.132  -70.244  6.043 0.0000000000
7992  -31.211  -69.914  6.132 0.0000000000
7993  -31.857  -70.022  6.374 0.0000000000
8001  -30.631  -70.391  5.249 0.0000000000
8002  -32.153  -70.155  5.624 0.0000000000
8003  -32.824  -70.486  5.709 0.0000000000
8004  -33.894  -70.702  5.225 0.0000000000
8012  -30.068  -70.833  4.374 0.0000000000
8013  -32.311  -70.144  4.614 0.0000000000
8014  -33.118  -70.352  5.026 0.0000000000
8015  -34.047  -70.383  4.479 0.0000000000
8016  -34.515  -70.849  4.725 0.0000000000
8023  -29.480  -71.114  3.544 0.0000000000
8024  -30.455  -70.621  3.467 0.0000000000
8025  -32.797  -69.776  3.541 0.0000000000
8026  -34.068  -69.948  3.622 0.0000000000
8027  -34.536  -70.201  3.338 0.0000000000
8028  -34.640  -70.506  3.547 0.0000000000
8040  -20.207  -71.058  1.976 0.0000000000
8041  -20.963  -71.067  1.882 0.0000000000
8042  -28.789  -70.871  1.962 0.0000000000
8043  -29.779  -70.696  2.521 0.0000000000
8044  -30.928  -70.132  2.673 0.0000000000
8045  -32.055  -69.596  2.739 0.0000000000
8046  -34.485  -70.164  2.747 0.0000000000
8057  -20.558  -70.575  1.481 0.0000000000
8058  -21.239  -70.502  1.313 0.0000000000
8059  -22.153  -70.458  1.078 0.0000000000
8060  -23.032  -70.938  0.943 0.0000000000
8061  -26.719  -71.169  1.044 0.0000000000
8062  -27.548  -70.751  1.068 0.0000000000
8063  -28.461  -70.253  1.203 0.0000000000
8064  -29.435  -70.109  1.598 0.0000000000
8065  -30.450  -69.770  1.863 0.0000000000
8066  -34.149  -69.880  1.696 0.0000000000
8075  -23.030  -69.765  0.740 0.0000000000
8076  -23.751  -70.518  0.689 0.0000000000
8077  -24.593  -70.072  0.524 0.0000000000
8078  -25.514  -70.000  0.475 0.0000000000
8079  -26.873  -70.319  0.664 0.0000000000
8080  -27.701  -69.788  0.736 0.0000000000
8081  -28.528  -69.157  0.838 0.0000000000
8082  -33.339  -69.702  0.303 0.0000000000
8091  -31.475  -70.598  -1.167 0.0000000000
8092  -32.189  -69.780  -0.904 0.0000000000
8093  -32.719  -70.244  -0.330 0.0000000000
8105  -29.044  -70.388  -2.216 0.0000000000
8106  -30.080  -70.349  -2.031 0.0000000000
8107  -30.826  -70.450  -1.665 0.0000000000
8621  -33.331  -69.859  11.494 0.0000000000
8622  -34.113  -69.823  11.757 0.0000000000
8628  -11.805  -69.058  11.017 0.0000000000
8629  -12.539  -68.919  11.233 0.0000000000
8630  -13.405  -69.088  11.453 0.0000000000
8631  -14.294  -69.283  11.474 0.0000000000
8632  -15.216  -69.459  11.472 0.0000000000
8633  -17.074  -69.305  11.360 0.0000000000
8634  -33.066  -69.292  11.011 0.0000000000
8635  -33.854  -69.403  11.393 0.0000000000
8636  -34.438  -69.321  11.455 0.0000000000
8641  -11.196  -69.570  10.839 0.0000000000
8642  -18.588  -69.177  11.069 0.0000000000
8643  -19.577  -69.049  10.795 0.0000000000
8644  -20.443  -69.009  10.585 0.0000000000
8645  -21.268  -68.988  10.456 0.0000000000
8646  -22.171  -69.026  10.439 0.0000000000
8647  -23.553  -69.021  10.634 0.0000000000
8648  -24.400  -69.215  10.652 0.0000000000
8649  -25.338  -69.337  10.672 0.0000000000
8650  -26.286  -69.383  10.644 0.0000000000
8651  -27.223  -69.345  10.519 0.0000000000
8652  -28.180  -69.180  10.308 0.0000000000
8653  -29.170  -68.847  10.001 0.0000000000
8654  -32.124  -68.975  10.471 0.0000000000
8659  -20.852  -69.617  10.035 0.0000000000
8660  -21.662  -69.592  9.905 0.0000000000
8661  -22.956  -69.379  10.164 0.0000000000
8662  -23.777  -69.650  10.005 0.0000000000
8663  -24.796  -69.876  9.831 0.0000000000
8664  -25.839  -69.907  9.952 0.0000000000
8665  -26.765  -69.857  9.891 0.0000000000
8666  -27.681  -69.717  9.733 0.0000000000
8667  -28.620  -69.438  9.497 0.0000000000
8668  -29.582  -69.027  9.173 0.0000000000
8669  -30.471  -68.830  8.871 0.0000000000
8670  -30.987  -68.844  8.728 0.0000000000
8673  -10.214  -69.482  8.709 0.0000000000
8674  -10.974  -69.103  9.070 0.0000000000
8675  -29.023  -69.596  8.713 0.0000000000
8676  -29.928  -69.091  8.408 0.0000000000
8677  -30.748  -68.953  8.135 0.0000000000
8678  -31.187  -69.302  7.627 0.0000000000
8682  -10.760  -69.374  7.938 0.0000000000
8683  -11.705  -69.189  8.023 0.0000000000
8684  -30.173  -69.206  7.829 0.0000000000
8685  -30.700  -69.254  7.458 0.0000000000
8693  -11.385  -69.316  7.061 0.0000000000
8694  -11.981  -69.284  6.299 0.0000000000
8695  -12.568  -69.286  5.594 0.0000000000
8702  -11.776  -69.350  5.488 0.0000000000
8709  -11.556  -69.388  4.699 0.0000000000
8710  -12.363  -69.335  4.801 0.0000000000
8718  -11.451  -69.376  3.695 0.0000000000
8719  -12.383  -69.189  3.310 0.0000000000
8720  -33.051  -69.303  2.592 0.0000000000
8721  -33.731  -69.517  2.767 0.0000000000
8722  -34.317  -69.869  2.900 0.0000000000
8728  -11.000  -69.354  2.758 0.0000000000
8729  -11.855  -69.135  2.563 0.0000000000
8730  -31.527  -69.325  1.993 0.0000000000
8731  -32.624  -69.022  1.942 0.0000000000
8732  -33.490  -69.193  1.945 0.0000000000
8733  -34.101  -69.553  2.208 0.0000000000
8739  -10.735  -69.016  1.198 0.0000000000
8740  -11.288  -69.061  1.810 0.0000000000
8747  -29.161  -69.449  1.109 0.0000000000
8748  -30.039  -69.063  1.173 0.0000000000
8749  -31.109  -68.714  1.256 0.0000000000
8750  -32.117  -68.543  1.250 0.0000000000
8751  -33.014  -68.701  1.068 0.0000000000
8752  -33.652  -69.277  1.395 0.0000000000
8766  -25.873  -68.928  0.520 0.0000000000
8767  -26.888  -69.023  0.505 0.0000000000
8768  -27.857  -68.630  0.527 0.0000000000
8769  -29.438  -68.320  0.616 0.0000000000
8770  -30.700  -67.874  0.473 0.0000000000
8771  -32.378  -68.364  -0.096 0.0000000000
8772  -33.157  -68.934  0.527 0.0000000000
8785  -30.696  -69.354  -1.706 0.0000000000
8786  -32.001  -68.485  -0.795 0.0000000000
8787  -32.773  -69.083  -0.293 0.0000000000
8806  -28.642  -69.098  -2.000 0.0000000000
8807  -29.732  -69.160  -1.899 0.0000000000
8808  -31.482  -69.534  -1.367 0.0000000000
9366  -33.414  -68.461  11.509 0.0000000000
9367  -34.274  -68.754  11.516 0.0000000000
9368  -35.068  -69.092  11.734 0.0000000000
9375  -13.266  -68.673  11.189 0.0000000000
9376  -13.985  -68.745  11.259 0.0000000000
9377  -14.863  -68.867  11.271 0.0000000000
9378  -15.773  -68.936  11.302 0.0000000000
9379  -17.071  -68.709  11.144 0.0000000000
9380  -17.753  -68.885  11.255 0.0000000000
9381  -23.855  -67.579  11.030 0.0000000000
9382  -24.663  -67.887  11.431 0.0000000000
9383  -25.480  -67.996  11.676 0.0000000000
9384  -26.331  -68.115  11.807 0.0000000000
9385  -27.236  -68.227  11.796 0.0000000000
9386  -28.170  -68.225  11.632 0.0000000000
9387  -29.629  -67.920  11.517 0.0000000000
9388  -30.558  -68.101  10.997 0.0000000000
9389  -31.501  -68.480  10.512 0.0000000000
9390  -32.938  -68.835  11.042 0.0000000000
9391  -33.776  -69.021  11.194 0.0000000000
9396  -11.473  -69.007  10.576 0.0000000000
9397  -12.066  -68.718  10.656 0.0000000000
9398  -12.832  -68.494  10.706 0.0000000000
9399  -13.658  -68.445  10.742 0.0000000000
9400  -14.507  -68.517  10.862 0.0000000000
9401  -15.396  -68.598  10.954 0.0000000000
9402  -17.116  -68.418  10.609 0.0000000000
9403  -18.285  -68.350  10.931 0.0000000000
9404  -19.150  -68.345  10.854 0.0000000000
9405  -20.044  -68.331  10.725 0.0000000000
9406  -21.562  -68.139  10.668 0.0000000000
9407  -22.491  -68.190  10.712 0.0000000000
9408  -23.291  -68.270  10.853 0.0000000000
9409  -24.918  -68.597  11.252 0.0000000000
9410  -25.819  -68.733  11.314 0.0000000000
9411  -26.750  -68.812  11.251 0.0000000000
9412  -27.694  -68.781  11.093 0.0000000000
9413  -28.667  -68.609  10.841 0.0000000000
9414  -29.747  -68.340  10.603 0.0000000000
9415  -30.822  -68.410  10.042 0.0000000000
9416  -31.436  -68.801  9.793 0.0000000000
9418  -11.575  -68.769  9.941 0.0000000000
9419  -12.415  -68.529  9.903 0.0000000000
9420  -13.274  -68.422  9.910 0.0000000000
9421  -14.136  -68.448  9.986 0.0000000000
9422  -15.013  -68.591  10.085 0.0000000000
9423  -15.869  -68.627  10.179 0.0000000000
9424  -17.146  -68.399  9.717 0.0000000000
9425  -17.734  -68.125  9.475 0.0000000000
9426  -30.193  -68.594  9.619 0.0000000000
9427  -30.982  -68.692  9.309 0.0000000000
9432  -12.041  -68.844  8.987 0.0000000000
9433  -12.934  -68.651  9.030 0.0000000000
9434  -13.461  -68.850  8.363 0.0000000000
9435  -14.223  -68.922  8.295 0.0000000000
9436  -15.138  -69.105  8.352 0.0000000000
9437  -16.067  -69.224  8.481 0.0000000000
9438  -16.979  -68.877  8.656 0.0000000000
9439  -17.811  -68.338  8.603 0.0000000000
9440  -18.628  -67.906  8.262 0.0000000000
9446  -12.735  -69.004  8.007 0.0000000000
9447  -13.710  -69.040  7.476 0.0000000000
9448  -15.687  -69.324  7.542 0.0000000000
9449  -16.582  -69.304  7.647 0.0000000000
9450  -17.377  -68.943  7.623 0.0000000000
9451  -18.162  -68.475  7.479 0.0000000000
9452  -18.809  -68.096  7.313 0.0000000000
9458  -12.782  -69.212  6.389 0.0000000000
9459  -14.374  -69.064  6.665 0.0000000000
9460  -15.271  -69.053  6.607 0.0000000000
9461  -16.006  -68.783  5.992 0.0000000000
9462  -16.855  -68.869  6.253 0.0000000000
9463  -17.684  -68.759  6.604 0.0000000000
9464  -18.540  -68.343  6.595 0.0000000000
9469  -13.153  -69.233  4.887 0.0000000000
9470  -13.914  -69.074  5.009 0.0000000000
9471  -14.586  -68.864  5.101 0.0000000000
9472  -15.831  -68.431  5.190 0.0000000000
9473  -16.631  -68.458  5.506 0.0000000000
9474  -17.454  -68.478  5.742 0.0000000000
9475  -18.267  -68.326  5.903 0.0000000000
9476  -18.939  -68.128  6.015 0.0000000000
9482  -12.951  -69.194  3.984 0.0000000000
9483  -13.707  -69.046  4.253 0.0000000000
9484  -14.388  -68.779  4.375 0.0000000000
9485  -15.683  -68.105  4.405 0.0000000000
9486  -16.372  -68.019  4.831 0.0000000000
9487  -17.149  -68.003  5.102 0.0000000000
9492  -13.069  -68.969  3.099 0.0000000000
9493  -13.713  -68.849  3.412 0.0000000000
9494  -14.367  -68.519  3.591 0.0000000000
9495  -15.016  -68.293  3.968 0.0000000000
9498  -12.046  -68.559  1.540 0.0000000000
9499  -12.678  -68.841  2.391 0.0000000000
9500  -13.430  -68.490  2.453 0.0000000000
9501  -14.162  -68.169  2.708 0.0000000000
9503  -10.935  -68.490  0.684 0.0000000000
9504  -11.357  -68.691  1.143 0.0000000000
9505  -12.888  -68.048  1.645 0.0000000000
9506  -31.633  -68.093  0.660 0.0000000000
9507  -32.308  -68.269  0.476 0.0000000000
9508  -32.730  -68.534  0.464 0.0000000000
9512  -10.406  -68.190  0.266 0.0000000000
9513  -11.581  -68.103  0.815 0.0000000000
9521  -25.209  -68.025  0.376 0.0000000000
9522  -26.278  -67.966  0.245 0.0000000000
9523  -27.255  -67.939  0.208 0.0000000000
9524  -28.133  -67.779  0.146 0.0000000000
9525  -29.004  -67.615  0.099 0.0000000000
9526  -29.920  -67.322  -0.052 0.0000000000
9527  -31.649  -67.730  -0.082 0.0000000000
9542  -30.043  -67.328  -0.730 0.0000000000
9543  -31.234  -67.702  -0.728 0.0000000000
9562  -28.106  -68.150  -1.494 0.0000000000
9563  -29.218  -67.928  -1.353 0.0000000000
9564  -30.446  -68.086  -1.339 0.0000000000
10136  -30.240  -66.941  13.205 0.0000000000
10137  -31.046  -67.085  13.288 0.0000000000
10138  -31.992  -67.143  13.280 0.0000000000
10139  -33.006  -67.211  13.246 0.0000000000
10140  -34.055  -67.335  13.167 0.0000000000
10141  -35.126  -67.501  13.115 0.0000000000
10142  -36.358  -67.774  13.062 0.0000000000
10143  -37.196  -67.987  13.126 0.0000000000
10144  -37.674  -68.354  13.446 0.0000000000
10153  -26.051  -66.801  12.013 0.0000000000
10154  -26.712  -66.859  12.314 0.0000000000
10155  -27.515  -66.963  12.522 0.0000000000
10156  -28.409  -67.074  12.644 0.0000000000
10157  -29.483  -67.208  12.761 0.0000000000
10158  -30.624  -67.450  12.679 0.0000000000
10159  -31.666  -67.599  12.592 0.0000000000
10160  -32.717  -67.715  12.458 0.0000000000
10161  -33.762  -67.925  12.243 0.0000000000
10162  -34.771  -68.288  12.144 0.0000000000
10163  -35.720  -68.638  12.309 0.0000000000
10168  -24.575  -67.306  11.280 0.0000000000
10169  -25.328  -67.295  11.633 0.0000000000
10170  -26.088  -67.390  12.023 0.0000000000
10171  -26.885  -67.515  12.216 0.0000000000
10172  -27.780  -67.625  12.235 0.0000000000
10173  -28.807  -67.692  12.113 0.0000000000
10174  -30.171  -67.702  11.958 0.0000000000
10175  -31.340  -67.960  11.565 0.0000000000
10176  -32.465  -68.162  11.554 0.0000000000
10179  -17.854  -68.042  10.306 0.0000000000
10180  -18.767  -67.780  10.409 0.0000000000
10181  -19.657  -67.646  10.466 0.0000000000
10182  -20.651  -67.594  10.510 0.0000000000
10183  -22.134  -67.387  10.511 0.0000000000
10184  -22.970  -67.504  10.639 0.0000000000
10191  -19.359  -67.276  9.856 0.0000000000
10192  -20.191  -67.087  10.085 0.0000000000
10199  -19.263  -67.341  8.847 0.0000000000
10200  -20.634  -66.909  8.455 0.0000000000
10201  -21.481  -66.879  8.136 0.0000000000
10202  -22.410  -66.761  8.291 0.0000000000
10203  -23.271  -66.717  8.340 0.0000000000
10204  -24.042  -66.814  8.087 0.0000000000
10210  -19.339  -67.883  6.681 0.0000000000
10211  -20.702  -67.232  7.403 0.0000000000
10212  -21.519  -67.175  7.089 0.0000000000
10213  -22.241  -67.036  7.344 0.0000000000
10214  -23.600  -66.961  7.476 0.0000000000
10215  -24.394  -66.986  7.268 0.0000000000
10216  -25.219  -66.968  7.033 0.0000000000
10221  -20.266  -67.578  6.390 0.0000000000
10222  -21.096  -67.393  6.423 0.0000000000
10223  -23.081  -67.140  6.762 0.0000000000
10224  -23.795  -67.304  6.087 0.0000000000
10225  -24.696  -67.189  6.361 0.0000000000
10226  -25.505  -67.071  6.344 0.0000000000
10227  -26.102  -66.993  5.996 0.0000000000
10233  -17.987  -67.955  5.267 0.0000000000
10234  -18.892  -67.814  5.410 0.0000000000
10235  -20.402  -67.492  5.501 0.0000000000
10236  -21.979  -67.236  5.255 0.0000000000
10237  -22.679  -67.257  5.476 0.0000000000
10238  -23.521  -67.183  5.305 0.0000000000
10239  -24.493  -67.184  5.520 0.0000000000
10240  -25.380  -67.118  5.708 0.0000000000
10241  -26.138  -66.861  5.159 0.0000000000
10247  -16.246  -67.571  4.048 0.0000000000
10248  -17.599  -67.366  4.527 0.0000000000
10249  -18.507  -67.429  4.774 0.0000000000
10250  -19.326  -67.324  4.841 0.0000000000
10251  -20.157  -67.209  4.863 0.0000000000
10252  -21.932  -66.922  4.724 0.0000000000
10253  -22.747  -66.967  4.833 0.0000000000
10254  -24.286  -66.899  4.833 0.0000000000
10258  -14.887  -67.860  3.072 0.0000000000
10259  -15.595  -67.665  3.523 0.0000000000
10260  -16.912  -66.916  3.741 0.0000000000
10261  -17.632  -66.653  3.805 0.0000000000
10265  -14.588  -67.291  2.105 0.0000000000
10266  -15.455  -66.901  2.398 0.0000000000
10268  -12.955  -67.067  1.122 0.0000000000
10269  -13.743  -67.516  1.690 0.0000000000
10270  -14.255  -66.714  1.401 0.0000000000
10280  -9.665  -67.093  0.404 0.0000000000
10281  -10.429  -67.443  0.331 0.0000000000
10282  -11.578  -67.298  0.692 0.0000000000
10283  -12.244  -67.607  1.019 0.0000000000
10292  -25.744  -67.450  -0.007 0.0000000000
10293  -26.696  -67.586  -0.130 0.0000000000
10294  -27.619  -67.591  -0.175 0.0000000000
10295  -28.513  -67.488  -0.277 0.0000000000
10296  -29.303  -67.348  -0.374 0.0000000000
10313  -26.212  -67.438  -0.498 0.0000000000
10314  -27.133  -67.501  -0.546 0.0000000000
10315  -28.039  -67.508  -0.601 0.0000000000
10316  -28.947  -67.424  -0.734 0.0000000000
10326  -26.691  -67.521  -1.019 0.0000000000
10327  -27.588  -67.569  -1.036 0.0000000000
10328  -28.378  -67.565  -1.053 0.0000000000
10872  -28.796  -65.921  13.193 0.0000000000
10873  -29.598  -66.315  13.339 0.0000000000
10874  -30.547  -66.321  13.538 0.0000000000
10875  -31.447  -66.360  13.634 0.0000000000
10876  -32.392  -66.414  13.659 0.0000000000
10877  -33.398  -66.448  13.655 0.0000000000
10878  -34.396  -66.522  13.618 0.0000000000
10879  -36.272  -66.555  13.575 0.0000000000
10880  -37.026  -66.534  13.580 0.0000000000
10881  -37.840  -66.738  13.634 0.0000000000
10882  -38.666  -67.014  13.836 0.0000000000
10885  -26.691  -66.302  12.158 0.0000000000
10886  -27.400  -66.309  12.510 0.0000000000
10887  -28.185  -66.414  12.823 0.0000000000
10888  -28.872  -66.590  13.042 0.0000000000
10890  -24.926  -66.884  11.239 0.0000000000
10891  -25.548  -66.642  11.477 0.0000000000
10892  -26.175  -66.346  11.710 0.0000000000
10898  -21.021  -66.862  10.105 0.0000000000
10899  -21.820  -66.860  10.201 0.0000000000
10900  -22.597  -66.889  10.284 0.0000000000
10901  -23.445  -66.924  10.460 0.0000000000
10902  -24.300  -66.849  10.748 0.0000000000
10903  -25.097  -66.529  10.716 0.0000000000
10904  -25.932  -66.157  11.091 0.0000000000
10911  -21.023  -66.671  9.272 0.0000000000
10912  -21.600  -66.644  9.758 0.0000000000
10913  -22.266  -66.593  9.794 0.0000000000
10914  -23.060  -66.566  9.864 0.0000000000
10915  -23.988  -66.550  9.910 0.0000000000
10916  -24.939  -66.465  9.720 0.0000000000
10917  -26.213  -66.195  9.261 0.0000000000
10922  -21.903  -66.568  9.095 0.0000000000
10923  -22.717  -66.528  9.123 0.0000000000
10924  -23.506  -66.519  9.147 0.0000000000
10925  -24.335  -66.569  8.876 0.0000000000
10926  -25.319  -66.602  8.630 0.0000000000
10927  -27.107  -66.250  7.855 0.0000000000
10931  -24.854  -66.829  7.931 0.0000000000
10932  -25.727  -66.782  7.667 0.0000000000
10933  -26.526  -66.656  7.320 0.0000000000
10934  -27.262  -66.424  6.890 0.0000000000
10941  -9.445  -66.264  6.145 0.0000000000
10942  -25.986  -66.892  6.776 0.0000000000
10943  -26.681  -66.763  6.434 0.0000000000
10944  -27.369  -66.519  6.025 0.0000000000
10945  -27.971  -66.258  5.573 0.0000000000
10952  -8.129  -66.425  5.420 0.0000000000
10953  -8.798  -66.407  5.751 0.0000000000
10954  -26.774  -66.759  5.640 0.0000000000
10955  -27.463  -66.472  5.234 0.0000000000
10956  -28.280  -66.057  4.730 0.0000000000
10962  -7.739  -66.546  4.813 0.0000000000
10963  -8.705  -66.570  4.734 0.0000000000
10964  -9.588  -66.394  3.994 0.0000000000
10965  -10.362  -66.202  4.145 0.0000000000
10966  -18.216  -66.749  4.153 0.0000000000
10967  -18.911  -66.788  4.305 0.0000000000
10968  -19.706  -66.699  4.307 0.0000000000
10969  -20.609  -66.660  4.319 0.0000000000
10970  -22.351  -66.509  4.250 0.0000000000
10971  -23.185  -66.462  4.238 0.0000000000
10972  -24.022  -66.449  4.225 0.0000000000
10973  -24.897  -66.492  4.310 0.0000000000
10974  -25.807  -66.531  4.397 0.0000000000
10975  -26.670  -66.429  4.425 0.0000000000
10976  -27.466  -66.295  4.489 0.0000000000
10977  -28.118  -65.845  3.961 0.0000000000
10980  -7.806  -66.521  3.110 0.0000000000
10981  -8.635  -66.474  3.125 0.0000000000
10982  -9.409  -66.350  3.018 0.0000000000
10983  -10.262  -66.158  3.241 0.0000000000
10984  -16.157  -66.176  2.117 0.0000000000
10985  -16.787  -66.173  2.538 0.0000000000
10986  -18.158  -65.987  3.121 0.0000000000
10987  -19.142  -66.103  3.508 0.0000000000
10988  -20.114  -66.066  3.603 0.0000000000
10989  -21.021  -66.032  3.637 0.0000000000
10990  -21.908  -65.963  3.632 0.0000000000
10991  -22.788  -65.921  3.659 0.0000000000
10992  -23.630  -65.906  3.703 0.0000000000
10993  -24.554  -65.804  3.666 0.0000000000
10994  -25.508  -66.037  3.790 0.0000000000
10995  -26.354  -66.075  3.833 0.0000000000
10996  -27.272  -65.932  3.824 0.0000000000
11000  -7.667  -66.471  2.248 0.0000000000
11001  -8.483  -66.419  2.432 0.0000000000
11002  -9.261  -66.330  2.157 0.0000000000
11003  -10.094  -66.203  2.420 0.0000000000
11004  -14.908  -66.318  1.424 0.0000000000
11005  -15.621  -65.660  1.442 0.0000000000
11006  -16.467  -64.854  1.457 0.0000000000
11007  -17.376  -65.365  2.161 0.0000000000
11016  -8.508  -66.493  1.650 0.0000000000
11017  -9.312  -66.470  1.478 0.0000000000
11018  -10.946  -66.338  1.425 0.0000000000
11019  -11.752  -66.161  1.360 0.0000000000
11020  -13.636  -66.452  1.176 0.0000000000
11021  -14.330  -65.874  1.042 0.0000000000
11022  -15.010  -65.296  0.992 0.0000000000
11031  -9.043  -66.685  0.903 0.0000000000
11032  -10.483  -66.763  0.772 0.0000000000
11033  -11.377  -66.756  0.856 0.0000000000
11034  -12.219  -66.687  0.973 0.0000000000
11550  -30.133  -65.503  13.452 0.0000000000
11551  -31.006  -65.484  13.555 0.0000000000
11552  -31.906  -65.508  13.600 0.0000000000
11553  -32.860  -65.573  13.635 0.0000000000
11554  -33.886  -65.625  13.625 0.0000000000
11555  -35.638  -65.821  13.600 0.0000000000
11556  -36.514  -65.791  13.546 0.0000000000
11557  -38.247  -65.973  13.623 0.0000000000
11564  -27.292  -65.690  12.221 0.0000000000
11565  -28.105  -65.609  12.703 0.0000000000
11566  -28.987  -65.215  12.925 0.0000000000
11567  -37.759  -65.438  13.367 0.0000000000
11568  -38.590  -65.348  13.312 0.0000000000
11578  -26.679  -65.777  11.558 0.0000000000
11579  -27.330  -65.337  11.673 0.0000000000
11580  -38.656  -65.134  10.831 0.0000000000
11588  -26.486  -65.749  10.624 0.0000000000
11589  -27.755  -65.019  10.377 0.0000000000
11590  -28.495  -64.848  9.833 0.0000000000
11591  -36.282  -65.214  10.138 0.0000000000
11592  -37.217  -65.398  10.053 0.0000000000
11593  -38.160  -65.492  10.004 0.0000000000
11594  -39.092  -65.427  9.946 0.0000000000
11605  -26.949  -65.903  8.960 0.0000000000
11606  -27.793  -65.325  9.357 0.0000000000
11607  -35.085  -65.330  8.923 0.0000000000
11608  -35.775  -65.412  9.309 0.0000000000
11609  -36.796  -65.614  9.288 0.0000000000
11610  -37.702  -65.683  9.243 0.0000000000
11611  -38.551  -65.632  9.198 0.0000000000
11612  -39.500  -65.384  9.160 0.0000000000
11626  -27.818  -65.667  8.332 0.0000000000
11627  -28.649  -65.126  8.766 0.0000000000
11628  -29.171  -65.097  8.088 0.0000000000
11629  -34.324  -65.437  7.461 0.0000000000
11630  -34.801  -65.424  8.253 0.0000000000
11631  -35.642  -65.630  8.369 0.0000000000
11632  -36.480  -65.742  8.519 0.0000000000
11633  -37.345  -65.808  8.558 0.0000000000
11634  -38.708  -65.662  8.508 0.0000000000
11635  -39.467  -65.415  8.296 0.0000000000
11636  -40.120  -64.965  8.773 0.0000000000
11648  -28.559  -65.461  7.807 0.0000000000
11649  -30.168  -65.058  7.034 0.0000000000
11650  -30.979  -65.004  6.896 0.0000000000
11651  -31.847  -65.032  6.888 0.0000000000
11652  -33.328  -65.081  7.611 0.0000000000
11653  -35.441  -65.719  7.466 0.0000000000
11654  -36.461  -65.804  7.294 0.0000000000
11655  -37.415  -65.806  7.265 0.0000000000
11656  -38.475  -65.635  7.196 0.0000000000
11657  -39.377  -65.357  7.550 0.0000000000
11658  -40.013  -64.997  8.015 0.0000000000
11670  -14.171  -65.224  6.445 0.0000000000
11671  -28.072  -66.056  6.395 0.0000000000
11672  -28.937  -65.616  6.366 0.0000000000
11673  -30.470  -65.247  6.064 0.0000000000
11674  -31.392  -65.248  6.057 0.0000000000
11675  -32.285  -65.327  5.992 0.0000000000
11676  -33.701  -65.414  6.700 0.0000000000
11677  -34.706  -65.584  6.437 0.0000000000
11678  -36.801  -65.648  6.539 0.0000000000
11679  -37.771  -65.535  6.463 0.0000000000
11680  -38.597  -65.288  6.376 0.0000000000
11681  -39.261  -65.135  6.745 0.0000000000
11687  -10.949  -66.040  4.942 0.0000000000
11688  -11.851  -65.658  5.282 0.0000000000
11689  -12.583  -65.462  5.594 0.0000000000
11690  -13.251  -65.224  5.054 0.0000000000
11691  -14.117  -65.055  5.415 0.0000000000
11692  -28.659  -65.869  5.555 0.0000000000
11693  -29.448  -65.565  5.633 0.0000000000
11694  -30.188  -65.476  5.110 0.0000000000
11695  -31.752  -65.287  5.194 0.0000000000
11696  -32.699  -65.267  5.174 0.0000000000
11697  -33.591  -65.301  5.215 0.0000000000
11698  -34.414  -65.328  5.403 0.0000000000
11699  -35.617  -65.053  5.312 0.0000000000
11700  -37.147  -65.281  5.806 0.0000000000
11701  -38.181  -64.971  5.682 0.0000000000
11708  -11.811  -65.592  4.265 0.0000000000
11709  -12.516  -65.389  4.693 0.0000000000
11710  -13.792  -64.898  4.555 0.0000000000
11711  -28.930  -65.567  4.063 0.0000000000
11712  -30.020  -65.306  4.233 0.0000000000
11713  -33.133  -64.859  4.664 0.0000000000
11714  -34.025  -65.002  4.757 0.0000000000
11720  -11.136  -65.853  3.531 0.0000000000
11721  -11.989  -65.362  3.260 0.0000000000
11722  -12.712  -64.929  3.093 0.0000000000
11723  -13.156  -64.978  3.997 0.0000000000
11724  -18.034  -64.754  2.018 0.0000000000
11725  -18.832  -65.152  2.441 0.0000000000
11726  -19.703  -65.315  2.702 0.0000000000
11727  -20.587  -65.345  2.823 0.0000000000
11728  -22.364  -65.058  3.027 0.0000000000
11729  -24.447  -64.882  3.377 0.0000000000
11730  -25.301  -65.251  3.481 0.0000000000
11731  -26.735  -65.419  3.531 0.0000000000
11732  -27.403  -65.268  3.485 0.0000000000
11733  -28.646  -65.138  3.549 0.0000000000
11734  -29.574  -65.063  3.753 0.0000000000
11743  -10.865  -65.981  2.579 0.0000000000
11744  -11.607  -65.578  2.549 0.0000000000
11745  -12.808  -65.095  1.642 0.0000000000
11746  -15.662  -64.621  1.149 0.0000000000
11747  -17.376  -64.214  1.564 0.0000000000
11748  -18.541  -64.059  1.784 0.0000000000
11749  -19.362  -64.251  2.000 0.0000000000
11750  -20.209  -64.368  2.099 0.0000000000
11751  -21.798  -64.457  2.455 0.0000000000
11752  -22.881  -64.434  2.909 0.0000000000
11758  -10.650  -66.118  2.010 0.0000000000
11759  -11.312  -65.907  1.955 0.0000000000
11760  -12.061  -65.558  1.808 0.0000000000
11761  -13.567  -65.419  1.144 0.0000000000
11762  -14.434  -65.095  0.987 0.0000000000
11763  -14.950  -64.498  1.120 0.0000000000
12253  -29.777  -64.932  13.089 0.0000000000
12254  -30.629  -64.880  13.204 0.0000000000
12255  -31.493  -64.898  13.285 0.0000000000
12256  -32.370  -64.932  13.351 0.0000000000
12257  -33.298  -64.986  13.400 0.0000000000
12258  -35.042  -65.217  13.373 0.0000000000
12259  -36.006  -65.244  13.294 0.0000000000
12260  -36.962  -65.237  13.236 0.0000000000
12268  -27.839  -65.101  12.089 0.0000000000
12269  -28.555  -64.880  12.367 0.0000000000
12270  -30.342  -64.558  12.552 0.0000000000
12271  -31.178  -64.562  12.713 0.0000000000
12272  -31.964  -64.574  12.846 0.0000000000
12273  -32.813  -64.580  12.884 0.0000000000
12274  -34.699  -64.681  12.872 0.0000000000
12275  -35.600  -64.776  12.890 0.0000000000
12276  -36.361  -64.854  12.936 0.0000000000
12277  -37.868  -64.945  12.998 0.0000000000
12293  -28.390  -64.705  11.641 0.0000000000
12294  -29.420  -64.630  12.390 0.0000000000
12295  -30.115  -64.404  11.714 0.0000000000
12296  -31.021  -64.363  11.819 0.0000000000
12297  -32.358  -64.409  12.131 0.0000000000
12298  -33.256  -64.430  12.026 0.0000000000
12299  -34.295  -64.497  11.882 0.0000000000
12300  -35.219  -64.591  12.071 0.0000000000
12301  -36.192  -64.658  12.013 0.0000000000
12302  -38.078  -64.770  11.944 0.0000000000
12320  -27.763  -64.936  11.295 0.0000000000
12321  -28.410  -64.685  10.790 0.0000000000
12322  -31.356  -64.343  10.991 0.0000000000
12323  -32.062  -64.384  10.449 0.0000000000
12324  -33.077  -64.461  10.213 0.0000000000
12325  -33.732  -64.479  10.982 0.0000000000
12326  -35.029  -64.608  11.184 0.0000000000
12327  -36.713  -64.952  10.954 0.0000000000
12328  -37.652  -65.085  10.884 0.0000000000
12345  -30.071  -64.596  9.143 0.0000000000
12346  -31.759  -64.466  9.496 0.0000000000
12347  -32.580  -64.519  9.466 0.0000000000
12348  -33.468  -64.701  9.258 0.0000000000
12349  -34.838  -65.026  9.677 0.0000000000
12350  -35.370  -64.946  10.295 0.0000000000
12363  -29.254  -64.703  9.452 0.0000000000
12364  -30.751  -64.651  8.410 0.0000000000
12365  -31.558  -64.592  8.601 0.0000000000
12366  -32.959  -64.743  8.550 0.0000000000
12367  -33.875  -65.029  8.357 0.0000000000
12368  -34.342  -65.010  9.061 0.0000000000
12369  -40.331  -64.546  8.543 0.0000000000
12376  -15.504  -64.893  7.364 0.0000000000
12377  -16.348  -64.648  7.570 0.0000000000
12378  -17.140  -64.424  7.841 0.0000000000
12379  -18.351  -64.063  7.423 0.0000000000
12380  -30.633  -64.835  7.607 0.0000000000
12381  -31.343  -64.782  7.697 0.0000000000
12382  -32.291  -64.811  7.852 0.0000000000
12383  -39.784  -64.751  7.287 0.0000000000
12384  -40.138  -64.359  7.990 0.0000000000
12390  -15.157  -64.940  6.424 0.0000000000
12391  -16.091  -64.693  6.656 0.0000000000
12392  -17.065  -64.501  6.853 0.0000000000
12393  -17.969  -64.248  6.723 0.0000000000
12394  -39.060  -64.727  5.980 0.0000000000
12395  -39.496  -64.423  6.494 0.0000000000
12403  -15.086  -64.724  5.338 0.0000000000
12404  -15.980  -64.425  4.881 0.0000000000
12405  -17.307  -64.224  5.128 0.0000000000
12406  -17.985  -64.061  5.102 0.0000000000
12407  -36.507  -64.933  5.408 0.0000000000
12408  -37.415  -64.678  5.336 0.0000000000
12409  -38.767  -64.203  5.358 0.0000000000
12410  -39.272  -64.004  5.740 0.0000000000
12417  -13.967  -64.509  3.676 0.0000000000
12418  -14.503  -64.614  4.444 0.0000000000
12419  -15.341  -64.279  4.075 0.0000000000
12420  -16.165  -63.956  3.512 0.0000000000
12421  -16.993  -63.698  3.084 0.0000000000
12422  -32.027  -64.176  3.943 0.0000000000
12423  -33.463  -64.409  4.484 0.0000000000
12424  -34.494  -64.495  4.801 0.0000000000
12425  -35.933  -64.517  5.185 0.0000000000
12426  -36.797  -64.254  5.129 0.0000000000
12427  -37.671  -63.987  4.934 0.0000000000
12428  -38.389  -63.696  4.871 0.0000000000
12433  -13.443  -64.474  2.913 0.0000000000
12434  -14.228  -64.044  2.590 0.0000000000
12435  -15.530  -63.822  2.674 0.0000000000
12436  -16.394  -63.644  2.087 0.0000000000
12437  -17.307  -63.575  1.956 0.0000000000
12438  -23.548  -64.468  3.181 0.0000000000
12439  -24.143  -64.209  3.356 0.0000000000
12440  -25.069  -64.450  3.522 0.0000000000
12441  -26.108  -64.706  3.495 0.0000000000
12442  -27.127  -64.645  3.506 0.0000000000
12443  -27.895  -64.745  3.443 0.0000000000
12444  -29.271  -64.439  3.559 0.0000000000
12445  -30.412  -64.754  3.875 0.0000000000
12446  -31.283  -64.456  3.942 0.0000000000
12447  -31.406  -64.031  3.730 0.0000000000
12453  -13.719  -64.103  1.958 0.0000000000
12454  -14.588  -63.952  1.641 0.0000000000
12455  -15.620  -63.884  1.484 0.0000000000
12456  -16.694  -63.917  1.545 0.0000000000
12457  -17.678  -63.851  1.710 0.0000000000
12458  -18.379  -63.756  1.844 0.0000000000
12459  -19.158  -63.541  1.878 0.0000000000
12460  -20.689  -63.336  1.915 0.0000000000
12461  -21.618  -63.678  2.164 0.0000000000
12462  -22.346  -64.066  2.483 0.0000000000
12463  -14.114  -64.513  1.273 0.0000000000
13107  -19.910  -63.461  8.395 0.0000000000
13108  -20.645  -63.390  8.336 0.0000000000
13110  -22.417  -63.528  8.255 0.0000000000
13115  -40.070  -63.687  8.134 0.0000000000
13125  -19.163  -63.758  7.460 0.0000000000
13126  -20.048  -63.440  7.632 0.0000000000
13127  -20.998  -63.326  7.534 0.0000000000
13128  -21.875  -63.386  7.451 0.0000000000
13129  -22.763  -63.504  7.388 0.0000000000
13130  -23.665  -63.577  7.349 0.0000000000
13131  -24.541  -63.578  7.331 0.0000000000
13132  -25.194  -63.452  8.117 0.0000000000
13133  -26.587  -63.414  7.218 0.0000000000
13134  -27.512  -63.093  7.390 0.0000000000
13135  -39.784  -64.040  7.138 0.0000000000
13143  -18.394  -64.123  5.957 0.0000000000
13144  -19.633  -63.639  6.792 0.0000000000
13145  -20.903  -63.286  5.951 0.0000000000
13146  -21.739  -63.212  5.725 0.0000000000
13147  -26.274  -63.606  5.997 0.0000000000
13148  -28.044  -63.170  6.491 0.0000000000
13149  -28.432  -63.296  5.431 0.0000000000
13150  -39.162  -63.438  5.736 0.0000000000
13158  -18.793  -63.817  5.092 0.0000000000
13159  -19.630  -63.580  5.182 0.0000000000
13160  -20.445  -63.376  5.206 0.0000000000
13161  -22.051  -63.145  4.509 0.0000000000
13162  -22.977  -63.285  4.530 0.0000000000
13163  -23.931  -63.466  4.573 0.0000000000
13164  -25.886  -63.751  4.891 0.0000000000
13165  -27.941  -63.603  4.568 0.0000000000
13166  -28.788  -63.470  4.441 0.0000000000
13167  -29.466  -63.353  4.404 0.0000000000
13169  -38.901  -63.373  5.115 0.0000000000
13175  -17.798  -63.516  2.883 0.0000000000
13176  -18.323  -63.656  4.022 0.0000000000
13177  -19.293  -63.394  3.947 0.0000000000
13178  -20.199  -63.113  3.446 0.0000000000
13179  -21.752  -63.173  3.290 0.0000000000
13180  -24.336  -63.638  3.824 0.0000000000
13181  -25.261  -63.835  3.890 0.0000000000
13182  -26.206  -63.865  3.995 0.0000000000
13183  -27.344  -63.891  3.933 0.0000000000
13184  -28.389  -63.850  3.794 0.0000000000
13185  -29.959  -63.440  4.005 0.0000000000
13186  -30.441  -63.655  3.807 0.0000000000
13187  -31.101  -63.668  3.854 0.0000000000
13188  -31.835  -63.779  3.968 0.0000000000
13189  -33.735  -63.913  4.596 0.0000000000
13190  -35.356  -64.235  5.034 0.0000000000
13200  -18.654  -63.332  2.728 0.0000000000
13201  -19.584  -63.095  2.429 0.0000000000
13202  -20.509  -62.993  2.340 0.0000000000
13203  -21.255  -63.178  2.468 0.0000000000
13204  -21.999  -63.372  2.776 0.0000000000
13205  -23.743  -63.836  3.389 0.0000000000
13206  -24.686  -63.994  3.617 0.0000000000
13207  -25.671  -64.151  3.728 0.0000000000
13208  -26.728  -64.222  3.730 0.0000000000
13209  -27.715  -64.225  3.653 0.0000000000
13210  -29.049  -63.991  3.588 0.0000000000
13211  -29.802  -63.913  3.596 0.0000000000
13212  -30.657  -64.133  3.623 0.0000000000
13214  -18.120  -63.518  1.987 0.0000000000
13215  -18.992  -63.403  1.976 0.0000000000
13216  -20.764  -63.096  2.030 0.0000000000
13217  -21.322  -63.296  2.298 0.0000000000
13218  -22.095  -63.618  2.557 0.0000000000
13219  -22.872  -63.936  2.753 0.0000000000
13873  -39.450  -62.943  8.429 0.0000000000
13885  -27.641  -62.618  8.097 0.0000000000
13886  -28.385  -62.484  7.591 0.0000000000
13889  -38.766  -62.840  7.211 0.0000000000
13890  -39.519  -63.430  7.488 0.0000000000
13897  -28.857  -62.832  6.371 0.0000000000
13898  -29.675  -62.607  6.071 0.0000000000
13901  -38.809  -62.742  5.938 0.0000000000
13902  -39.322  -63.468  6.563 0.0000000000
13909  -29.218  -63.109  5.264 0.0000000000
13910  -30.745  -62.761  5.066 0.0000000000
13911  -31.983  -62.813  4.977 0.0000000000
13925  -30.725  -63.199  4.285 0.0000000000
13926  -31.515  -63.285  4.283 0.0000000000
13927  -32.336  -63.403  4.422 0.0000000000
13928  -33.113  -63.511  4.619 0.0000000000
111084  -19.589  -67.792  5.813 0.0000000000
111108  -29.537  -70.236  6.730 0.0000000000
111429  -20.873  -71.498  6.764 0.0000000000
111441  -15.745  -64.813  8.205 0.0000000000
111655  -19.982  -67.223  8.168 0.0000000000
111698  -30.526  -69.684  6.790 0.0000000000
111747  -10.062  -66.355  1.613 0.0000000000
111808  -36.192  -65.409  5.822 0.0000000000
111948  -25.707  -63.579  6.765 0.0000000000
112111  -32.731  -63.926  4.168 0.0000000000
112330  -22.106  -67.323  6.214 0.0000000000
112452  -21.250  -63.224  4.984 0.0000000000
112453  -24.884  -63.598  6.558 0.0000000000
112454  -24.023  -63.554  6.497 0.0000000000
112455  -23.121  -63.469  6.497 0.0000000000
112456  -22.235  -63.339  6.564 0.0000000000
112457  -21.379  -63.310  6.690 0.0000000000
112458  -14.721  -69.114  7.470 0.0000000000
112459  -14.628  -68.771  9.155 0.0000000000
112460  -13.764  -68.646  9.100 0.0000000000
112464  -26.945  -63.701  4.955 0.0000000000
112465  -25.356  -63.634  5.754 0.0000000000
112466  -24.444  -63.562  5.607 0.0000000000
112467  -23.510  -63.441  5.557 0.0000000000
112468  -22.591  -63.296  5.564 0.0000000000
112517  -38.103  -67.643  13.649 0.0000000000
112645  -37.078  -64.787  12.562 0.0000000000
112672  -23.038  -67.324  5.938 0.0000000000
112769  -26.462  -71.720  1.781 0.0000000000
112813  -15.111  -68.554  4.777 0.0000000000
112874  -20.513  -63.398  6.798 0.0000000000
112900  -12.351  -65.137  2.395 0.0000000000
113053  -18.794  -63.988  6.733 0.0000000000
113072  -13.366  -69.176  5.699 0.0000000000
113092  -15.178  -72.029  9.108 0.0000000000
113094  -19.418  -63.604  8.076 0.0000000000
113185  -15.520  -68.890  9.259 0.0000000000
113231  -31.178  -70.328  4.332 0.0000000000
113316  -16.781  -64.156  4.457 0.0000000000
113319  -32.161  -70.760  7.054 0.0000000000
113324  -31.502  -70.120  3.462 0.0000000000
113457  -32.770  -65.188  6.834 0.0000000000
113577  -31.290  -69.263  8.395 0.0000000000
113593  -12.999  -69.124  7.100 0.0000000000
113737  -32.701  -64.391  11.212 0.0000000000
113738  -31.852  -64.355  11.467 0.0000000000
113740  -30.656  -64.365  10.963 0.0000000000
113741  -23.028  -71.895  4.067 0.0000000000
113851  -25.538  -72.018  2.034 0.0000000000
113876  -23.869  -69.599  0.603 0.0000000000
114003  -18.038  -72.536  5.139 0.0000000000
114066  -16.183  -66.916  3.119 0.0000000000
114114  -23.915  -67.135  6.773 0.0000000000
114121  -26.249  -69.873  0.504 0.0000000000
114277  -31.539  -70.190  5.255 0.0000000000
114285  -29.797  -64.425  10.860 0.0000000000
114362  -17.805  -72.721  5.955 0.0000000000
114439  -12.436  -65.270  3.871 0.0000000000
114453  -24.550  -72.037  1.997 0.0000000000
114500  -29.576  -71.086  -2.058 0.0000000000
114540  -12.126  -70.265  11.216 0.0000000000
114595  -33.304  -70.073  4.290 0.0000000000
114696  -19.666  -67.540  5.264 0.0000000000
114703  -27.095  -70.774  7.824 0.0000000000
114741  -38.063  -65.772  8.646 0.0000000000
114866  -23.865  -71.749  4.246 0.0000000000
114870  -21.131  -67.167  4.914 0.0000000000
114878  -23.207  -65.189  3.293 0.0000000000
115235  -29.124  -64.556  10.361 0.0000000000
115284  -38.895  -62.921  5.225 0.0000000000
115296  -20.084  -66.908  9.246 0.0000000000
115323  -25.837  -71.488  1.124 0.0000000000
115335  -22.795  -63.665  2.999 0.0000000000
115669  -31.269  -62.799  4.895 0.0000000000
115834  -30.965  -65.327  5.335 0.0000000000
115835  -33.166  -65.401  5.961 0.0000000000
115996  -37.494  -67.412  13.474 0.0000000000
116003  -33.927  -65.476  5.908 0.0000000000
116012  -35.266  -65.414  5.696 0.0000000000
116027  -29.016  -64.501  11.201 0.0000000000
116212  -16.335  -68.598  10.972 0.0000000000
116238  -29.294  -65.638  4.712 0.0000000000
116403  -25.119  -69.141  0.539 0.0000000000
116419  -26.252  -66.497  8.396 0.0000000000
116571  -34.546  -70.455  3.936 0.0000000000
116925  -16.824  -67.575  4.506 0.0000000000
116926  -19.853  -63.494  1.799 0.0000000000
117086  -37.974  -65.871  7.995 0.0000000000
117099  -14.251  -69.014  5.819 0.0000000000
117181  -10.852  -69.245  10.175 0.0000000000
117311  -20.927  -72.058  3.966 0.0000000000
117320  -30.412  -64.436  10.106 0.0000000000
117391  -21.079  -64.411  2.236 0.0000000000
117418  -24.241  -63.566  8.169 0.0000000000
117429  -18.696  -63.842  8.105 0.0000000000
117487  -38.132  -64.354  5.173 0.0000000000
117579  -38.785  -65.668  7.922 0.0000000000
117626  -17.642  -68.443  10.932 0.0000000000
117676  -10.273  -66.150  6.087 0.0000000000
117701  -35.821  -65.682  6.544 0.0000000000
117706  -22.913  -66.935  7.642 0.0000000000
117786  -25.799  -66.179  10.117 0.0000000000
117852  -25.704  -66.390  9.210 0.0000000000
117881  -37.125  -64.757  11.689 0.0000000000
117968  -27.130  -65.292  10.959 0.0000000000
117992  -31.201  -64.401  10.243 0.0000000000
118015  -20.758  -63.180  4.273 0.0000000000
118016  -23.331  -63.595  8.224 0.0000000000
118019  -16.270  -69.260  6.818 0.0000000000
118020  -23.334  -71.696  4.878 0.0000000000
118052  -25.763  -71.920  3.028 0.0000000000
118132  -10.351  -69.497  5.779 0.0000000000
118275  -30.051  -62.993  4.938 0.0000000000
118281  -17.530  -63.894  4.151 0.0000000000
118485  -13.336  -65.346  5.974 0.0000000000
118673  -16.656  -64.474  5.725 0.0000000000
118850  -33.753  -64.614  12.883 0.0000000000
118881  -36.999  -65.872  7.913 0.0000000000
119052  -8.135  -66.651  3.973 0.0000000000
119178  -37.352  -65.861  13.554 0.0000000000
119298  -22.499  -71.856  4.648 0.0000000000
119317  -11.152  -69.354  6.145 0.0000000000
119328  -26.014  -65.556  3.557 0.0000000000
119387  -23.281  -63.457  3.627 0.0000000000
119520  -16.983  -69.213  6.935 0.0000000000
119693  -33.997  -64.686  9.942 0.0000000000
119849  -15.139  -68.790  5.648 0.0000000000
119912  -24.080  -68.453  11.076 0.0000000000
119970  -27.898  -65.456  3.585 0.0000000000
119995  -24.186  -71.588  5.035 0.0000000000
120037  -16.360  -68.769  9.419 0.0000000000
120039  -26.849  -71.489  5.404 0.0000000000
120073  -8.913  -66.530  3.765 0.0000000000
120146  -26.908  -66.630  4.986 0.0000000000
120274  -21.454  -65.284  2.923 0.0000000000
120446  -13.565  -69.130  6.519 0.0000000000
120622  -26.868  -71.703  3.955 0.0000000000
120635  -26.426  -71.610  4.645 0.0000000000
120736  -21.491  -66.580  4.285 0.0000000000
120911  -31.583  -69.943  7.761 0.0000000000
120990  -10.400  -69.469  6.901 0.0000000000
121017  -17.377  -66.270  3.072 0.0000000000
121060  -11.032  -67.779  0.468 0.0000000000
121170  -23.909  -65.268  3.399 0.0000000000
121238  -27.516  -71.644  4.024 0.0000000000
121376  -25.048  -71.542  5.219 0.0000000000
121437  -18.188  -72.437  7.328 0.0000000000
121458  -25.103  -70.585  8.443 0.0000000000
121574  -23.367  -71.547  1.532 0.0000000000
121653  -15.801  -64.675  5.846 0.0000000000
121681  -40.648  -64.382  9.197 0.0000000000
121830  -14.757  -64.129  3.295 0.0000000000
121890  -24.427  -68.829  0.557 0.0000000000
121904  -30.963  -64.477  9.350 0.0000000000
122043  -36.868  -67.207  13.466 0.0000000000
122127  -27.188  -63.443  6.296 0.0000000000
122168  -26.070  -71.747  3.863 0.0000000000
122223  -29.289  -65.287  7.249 0.0000000000
122516  -17.567  -64.331  5.945 0.0000000000
122859  -31.285  -69.025  9.068 0.0000000000
122907  -32.689  -64.347  4.282 0.0000000000
123045  -20.052  -63.338  4.478 0.0000000000
123091  -12.263  -69.198  7.140 0.0000000000
123519  -21.849  -71.557  5.925 0.0000000000
123524  -28.092  -71.577  3.048 0.0000000000
123603  -30.737  -71.246  -1.240 0.0000000000
123674  -29.248  -63.665  3.847 0.0000000000
123850  -21.036  -63.067  3.239 0.0000000000
123900  -36.227  -65.801  7.899 0.0000000000
124133  -19.328  -67.660  7.770 0.0000000000
124288  -30.773  -67.339  -0.311 0.0000000000
124303  -25.891  -63.447  7.653 0.0000000000
124306  -28.599  -68.254  0.466 0.0000000000
124379  -29.741  -64.503  10.000 0.0000000000
124567  -15.433  -72.576  7.724 0.0000000000
124663  -9.714  -66.617  0.991 0.0000000000
124864  -35.375  -66.606  13.579 0.0000000000
124894  -34.841  -65.066  5.029 0.0000000000
124967  -20.765  -71.472  2.622 0.0000000000
125057  -26.480  -65.886  9.782 0.0000000000
125108  -21.427  -67.275  10.420 0.0000000000
125111  -25.184  -66.922  4.983 0.0000000000
125128  -27.083  -65.500  9.996 0.0000000000
125336  -23.639  -71.131  6.871 0.0000000000
125341  -22.895  -68.802  10.579 0.0000000000
125458  -27.715  -63.464  5.528 0.0000000000
125473  -28.504  -64.320  3.546 0.0000000000
125525  -20.805  -68.424  10.624 0.0000000000
125621  -29.701  -65.341  6.350 0.0000000000
125624  -24.725  -70.329  9.036 0.0000000000
125640  -24.666  -71.286  6.429 0.0000000000
125695  -32.170  -68.553  10.924 0.0000000000
125838  -29.007  -68.166  11.361 0.0000000000
126179  -24.978  -63.650  4.621 0.0000000000
126216  -27.876  -65.913  7.377 0.0000000000
126517  -19.552  -71.394  8.463 0.0000000000
126615  -13.406  -64.613  1.573 0.0000000000
126626  -17.885  -64.121  8.044 0.0000000000
126656  -28.185  -70.526  7.745 0.0000000000
126684  -12.583  -65.850  1.295 0.0000000000
126991  -33.687  -69.511  0.986 0.0000000000
127210  -9.737  -66.358  5.148 0.0000000000
127267  -35.869  -64.775  11.007 0.0000000000
127376  -20.055  -63.494  6.032 0.0000000000
127448  -19.216  -63.823  5.996 0.0000000000
127491  -21.419  -63.111  4.055 0.0000000000
127553  -25.245  -63.547  7.293 0.0000000000
127568  -12.287  -70.938  10.681 0.0000000000
127761  -22.457  -63.284  3.538 0.0000000000
127785  -34.172  -65.032  13.356 0.0000000000
127792  -11.464  -70.094  11.128 0.0000000000
127883  -34.550  -64.685  10.521 0.0000000000
127900  -21.231  -71.596  6.217 0.0000000000
127966  -17.961  -64.005  1.617 0.0000000000
127987  -32.096  -64.803  4.468 0.0000000000
128126  -31.548  -69.282  9.671 0.0000000000
128246  -30.984  -65.125  4.498 0.0000000000
128317  -35.212  -64.731  5.004 0.0000000000
128458  -22.606  -71.879  3.254 0.0000000000
128588  -29.461  -64.465  11.616 0.0000000000
128637  -23.778  -66.628  8.614 0.0000000000
128641  -33.094  -71.382  6.573 0.0000000000
128812  -29.420  -65.524  13.279 0.0000000000
128859  -18.460  -67.692  9.491 0.0000000000
128872  -29.967  -64.462  3.599 0.0000000000
129241  -23.407  -63.969  3.086 0.0000000000
129282  -13.035  -64.601  2.215 0.0000000000
129305  -14.045  -68.848  3.905 0.0000000000
129916  -21.240  -67.399  5.664 0.0000000000
129948  -29.921  -64.848  8.011 0.0000000000
130073  -20.465  -72.109  4.502 0.0000000000
130127  -22.364  -69.618  9.821 0.0000000000
130263  -19.950  -63.188  1.880 0.0000000000
130349  -29.491  -65.427  4.105 0.0000000000
130481  -39.470  -63.903  6.256 0.0000000000
130701  -34.767  -65.841  13.655 0.0000000000
130747  -23.827  -71.931  1.981 0.0000000000
130894  -27.586  -71.600  2.573 0.0000000000
130905  -32.226  -64.589  8.790 0.0000000000
130935  -29.416  -64.852  8.668 0.0000000000
131008  -35.557  -64.638  11.551 0.0000000000
131013  -34.459  -65.406  13.513 0.0000000000
131173  -14.754  -68.955  6.176 0.0000000000
131259  -34.394  -64.538  11.125 0.0000000000
131325  -14.644  -65.033  5.929 0.0000000000
131360  -31.926  -70.110  3.999 0.0000000000
131373  -31.817  -67.993  -0.468 0.0000000000
131553  -31.367  -68.890  9.411 0.0000000000
131560  -19.919  -67.487  7.257 0.0000000000
131683  -11.066  -69.398  5.363 0.0000000000
131743  -16.082  -64.156  1.267 0.0000000000
131782  -25.591  -63.742  4.211 0.0000000000
131981  -20.569  -66.820  9.724 0.0000000000
132077  -31.253  -68.483  -1.255 0.0000000000
132265  -32.046  -70.744  -0.704 0.0000000000
132468  -12.150  -69.330  4.110 0.0000000000
132483  -16.498  -68.941  11.315 0.0000000000
132598  -12.968  -66.274  1.145 0.0000000000
132637  -23.556  -66.823  4.697 0.0000000000
132685  -28.232  -70.713  7.260 0.0000000000
132693  -28.540  -65.670  7.047 0.0000000000
132696  -22.571  -63.454  3.176 0.0000000000
132787  -11.024  -67.191  0.523 0.0000000000
132843  -8.967  -66.398  2.640 0.0000000000
132980  -29.939  -65.387  5.774 0.0000000000
133159  -26.411  -63.289  7.922 0.0000000000
133175  -17.671  -64.298  7.390 0.0000000000
133266  -28.944  -64.560  11.882 0.0000000000
133268  -18.597  -66.419  3.826 0.0000000000
133493  -24.540  -66.586  10.301 0.0000000000
133498  -29.490  -67.634  12.136 0.0000000000
133699  -31.667  -64.419  12.212 0.0000000000
133740  -17.180  -70.825  10.714 0.0000000000
133901  -14.941  -63.799  2.237 0.0000000000
133911  -20.760  -67.531  5.956 0.0000000000
133992  -17.414  -68.423  9.115 0.0000000000
134250  -16.568  -68.505  10.223 0.0000000000
