#!ascii label , from subject sub-06 vox2ras=TkReg lh ROI=PON coords=white drawn-with=delineation-helper-0.1.0
255
12427  -37.671  -63.987  4.934 0.0000000000
12428  -38.389  -63.696  4.871 0.0000000000
13150  -39.162  -63.438  5.736 0.0000000000
13168  -34.922  -63.547  5.235 0.0000000000
13169  -38.901  -63.373  5.115 0.0000000000
13191  -36.111  -63.637  5.147 0.0000000000
13192  -37.184  -63.474  4.800 0.0000000000
13193  -37.970  -63.264  4.496 0.0000000000
13194  -38.429  -62.938  4.552 0.0000000000
13912  -32.984  -62.694  5.313 0.0000000000
13913  -33.917  -63.121  5.302 0.0000000000
13914  -34.690  -62.436  5.554 0.0000000000
13915  -35.753  -62.581  5.319 0.0000000000
13916  -38.636  -62.611  4.683 0.0000000000
13929  -36.786  -62.808  4.764 0.0000000000
13930  -37.668  -62.717  4.307 0.0000000000
13931  -38.047  -62.639  4.136 0.0000000000
13932  -38.338  -62.276  4.174 0.0000000000
14561  -22.710  -60.815  11.054 0.0000000000
14562  -23.133  -61.131  10.753 0.0000000000
14575  -24.497  -61.050  10.202 0.0000000000
14577  -26.611  -61.070  9.140 0.0000000000
14605  -29.660  -61.366  7.393 0.0000000000
14606  -30.322  -61.138  7.114 0.0000000000
14616  -30.053  -61.955  6.740 0.0000000000
14617  -31.048  -60.893  6.764 0.0000000000
14618  -31.854  -61.204  6.299 0.0000000000
14619  -32.761  -60.876  6.241 0.0000000000
14636  -31.124  -62.096  5.825 0.0000000000
14637  -32.421  -61.944  5.764 0.0000000000
14638  -33.342  -61.628  5.907 0.0000000000
14639  -34.353  -61.380  5.766 0.0000000000
14640  -35.183  -61.797  5.500 0.0000000000
14641  -38.597  -62.271  5.125 0.0000000000
14652  -35.902  -61.630  5.072 0.0000000000
14653  -36.682  -61.506  4.247 0.0000000000
14654  -38.027  -62.075  3.804 0.0000000000
14655  -38.516  -61.793  4.264 0.0000000000
14656  -37.525  -61.361  3.632 0.0000000000
14657  -38.345  -61.740  3.862 0.0000000000
15288  -22.247  -60.673  12.413 0.0000000000
15298  -22.752  -60.151  11.000 0.0000000000
15311  -22.983  -60.269  10.496 0.0000000000
15312  -23.478  -60.580  10.258 0.0000000000
15326  -23.288  -59.917  9.879 0.0000000000
15327  -23.779  -60.236  9.558 0.0000000000
15328  -25.708  -60.801  9.355 0.0000000000
15342  -24.644  -60.157  8.428 0.0000000000
15343  -25.851  -60.421  8.591 0.0000000000
15344  -26.913  -60.643  8.545 0.0000000000
15345  -27.708  -60.810  8.411 0.0000000000
15355  -24.960  -60.077  7.475 0.0000000000
15356  -26.030  -60.137  7.722 0.0000000000
15357  -27.227  -60.178  7.947 0.0000000000
15358  -28.314  -60.498  8.025 0.0000000000
15359  -29.200  -60.565  7.681 0.0000000000
15360  -29.842  -60.608  7.420 0.0000000000
15370  -30.344  -60.148  7.233 0.0000000000
15371  -30.928  -59.636  6.897 0.0000000000
15372  -32.224  -60.088  6.487 0.0000000000
15373  -32.962  -59.893  6.230 0.0000000000
15387  -33.594  -60.586  6.028 0.0000000000
15388  -34.408  -60.086  5.549 0.0000000000
15389  -35.231  -60.943  5.355 0.0000000000
15390  -38.681  -60.915  4.133 0.0000000000
15402  -35.288  -60.024  4.785 0.0000000000
15403  -36.042  -60.728  4.453 0.0000000000
15404  -36.785  -60.896  3.786 0.0000000000
15405  -38.500  -61.189  3.820 0.0000000000
15406  -36.440  -60.219  3.736 0.0000000000
15407  -37.182  -60.563  3.449 0.0000000000
15408  -37.915  -60.775  3.342 0.0000000000
16087  -22.578  -59.929  12.950 0.0000000000
16088  -23.109  -59.543  12.520 0.0000000000
16089  -23.599  -59.263  12.121 0.0000000000
16100  -22.732  -60.121  11.917 0.0000000000
16101  -23.087  -59.702  11.415 0.0000000000
16102  -23.696  -59.234  11.110 0.0000000000
16115  -23.117  -59.791  10.523 0.0000000000
16116  -23.591  -59.415  9.992 0.0000000000
16126  -23.785  -59.631  9.133 0.0000000000
16137  -24.508  -59.781  7.570 0.0000000000
16146  -24.365  -59.333  7.462 0.0000000000
16147  -24.782  -59.592  6.796 0.0000000000
16148  -26.332  -59.769  6.911 0.0000000000
16149  -27.563  -59.697  7.298 0.0000000000
16150  -28.666  -59.792  7.466 0.0000000000
16151  -29.557  -59.844  7.391 0.0000000000
16160  -25.435  -59.177  5.642 0.0000000000
16161  -25.628  -59.455  5.973 0.0000000000
16162  -26.644  -59.383  5.924 0.0000000000
16163  -27.962  -59.300  6.603 0.0000000000
16164  -29.053  -59.226  6.903 0.0000000000
16165  -30.054  -59.132  6.929 0.0000000000
16166  -31.645  -59.236  6.544 0.0000000000
16167  -33.031  -58.969  5.882 0.0000000000
16179  -25.895  -59.182  5.356 0.0000000000
16180  -33.890  -59.084  5.376 0.0000000000
16181  -34.666  -59.266  4.758 0.0000000000
16190  -35.308  -59.345  4.050 0.0000000000
16193  -35.334  -58.909  3.597 0.0000000000
16194  -35.965  -59.444  3.594 0.0000000000
16195  -36.739  -59.829  3.391 0.0000000000
16844  -24.253  -58.845  10.470 0.0000000000
16845  -25.281  -58.505  11.075 0.0000000000
16846  -26.135  -58.130  11.539 0.0000000000
16855  -24.067  -58.953  9.442 0.0000000000
16856  -24.897  -58.460  10.029 0.0000000000
16857  -25.971  -58.213  10.611 0.0000000000
16863  -24.107  -59.116  8.482 0.0000000000
16864  -24.646  -58.526  9.020 0.0000000000
16865  -25.639  -58.147  9.644 0.0000000000
16877  -24.638  -58.572  8.073 0.0000000000
16878  -25.324  -58.134  8.780 0.0000000000
16906  -24.965  -59.217  6.161 0.0000000000
16907  -25.469  -58.850  5.513 0.0000000000
16908  -27.359  -59.057  5.531 0.0000000000
16909  -28.412  -58.830  6.008 0.0000000000
16910  -30.223  -58.465  6.121 0.0000000000
16911  -31.274  -58.545  6.162 0.0000000000
16912  -32.143  -58.707  6.081 0.0000000000
16929  -25.933  -58.868  5.109 0.0000000000
16930  -26.624  -58.881  4.911 0.0000000000
16931  -27.676  -58.710  4.830 0.0000000000
16932  -28.998  -58.465  5.252 0.0000000000
16933  -30.835  -58.193  5.409 0.0000000000
16934  -31.767  -58.279  5.501 0.0000000000
16935  -32.543  -58.448  5.495 0.0000000000
16936  -33.310  -58.402  4.959 0.0000000000
16937  -34.097  -58.700  4.605 0.0000000000
16947  -26.680  -58.314  4.521 0.0000000000
16948  -27.227  -58.407  4.320 0.0000000000
16949  -28.080  -58.291  4.033 0.0000000000
16950  -29.232  -58.160  4.177 0.0000000000
16951  -30.298  -58.040  4.371 0.0000000000
16952  -31.273  -58.049  4.547 0.0000000000
16953  -32.270  -58.151  4.530 0.0000000000
16954  -33.694  -58.326  3.892 0.0000000000
16955  -34.621  -58.707  3.859 0.0000000000
17678  -26.800  -57.797  11.084 0.0000000000
17679  -27.440  -57.429  10.555 0.0000000000
17688  -26.601  -57.839  10.127 0.0000000000
17689  -27.199  -57.473  9.590 0.0000000000
17700  -25.628  -57.870  8.020 0.0000000000
17701  -26.813  -57.417  8.632 0.0000000000
17710  -24.832  -58.693  6.997 0.0000000000
17711  -25.683  -57.920  6.871 0.0000000000
17712  -26.505  -57.345  6.594 0.0000000000
17724  -25.222  -58.599  6.174 0.0000000000
17725  -26.033  -58.335  4.989 0.0000000000
17726  -26.494  -57.417  5.382 0.0000000000
17736  -27.032  -57.622  4.152 0.0000000000
17740  -27.407  -58.057  3.950 0.0000000000
17741  -28.660  -57.917  3.664 0.0000000000
17742  -29.700  -57.784  3.782 0.0000000000
17743  -30.730  -57.793  3.829 0.0000000000
17744  -31.596  -57.904  3.819 0.0000000000
17746  -27.634  -57.533  3.733 0.0000000000
17747  -28.331  -57.499  3.518 0.0000000000
17748  -29.248  -57.424  3.493 0.0000000000
17749  -30.256  -57.414  3.562 0.0000000000
17750  -31.178  -57.482  3.589 0.0000000000
18454  -45.367  -57.355  15.289 0.0000000000
18511  -28.118  -56.887  10.886 0.0000000000
18512  -28.582  -56.095  11.220 0.0000000000
18518  -28.018  -57.070  9.938 0.0000000000
18519  -28.608  -56.414  10.232 0.0000000000
18525  -27.697  -57.054  8.989 0.0000000000
18526  -28.441  -56.564  9.255 0.0000000000
18534  -27.304  -56.881  7.378 0.0000000000
18535  -28.072  -56.591  8.184 0.0000000000
18548  -27.215  -56.772  6.368 0.0000000000
18549  -27.947  -56.367  7.135 0.0000000000
18560  -27.185  -56.691  5.451 0.0000000000
18561  -27.793  -56.175  6.134 0.0000000000
18568  -26.946  -57.071  4.644 0.0000000000
18575  -27.442  -56.812  4.118 0.0000000000
18581  -28.051  -56.686  3.695 0.0000000000
18582  -28.874  -56.684  3.498 0.0000000000
18583  -29.825  -56.729  3.450 0.0000000000
18584  -30.801  -56.834  3.454 0.0000000000
19438  -29.104  -55.662  10.447 0.0000000000
19447  -29.095  -55.964  9.533 0.0000000000
19463  -28.883  -56.080  8.532 0.0000000000
19464  -29.462  -55.429  8.809 0.0000000000
19478  -28.571  -56.084  7.696 0.0000000000
19479  -29.181  -55.468  7.692 0.0000000000
19486  -28.302  -55.532  5.826 0.0000000000
19487  -29.029  -55.019  6.476 0.0000000000
19496  -28.350  -55.361  4.867 0.0000000000
19503  -28.599  -55.789  3.820 0.0000000000
19504  -29.114  -55.002  4.008 0.0000000000
19513  -29.412  -55.824  3.643 0.0000000000
19514  -30.360  -55.930  3.583 0.0000000000
20167  -42.463  -54.649  23.555 0.0000000000
20402  -29.794  -54.781  8.141 0.0000000000
20412  -29.201  -54.389  5.639 0.0000000000
20413  -29.599  -54.192  6.482 0.0000000000
20422  -28.894  -54.687  4.919 0.0000000000
20423  -29.417  -54.005  5.063 0.0000000000
20429  -28.666  -55.165  4.340 0.0000000000
20430  -29.241  -54.545  4.593 0.0000000000
20439  -29.907  -55.026  3.937 0.0000000000
21048  -42.870  -53.764  24.472 0.0000000000
22891  -30.153  -50.885  22.716 0.0000000000
23785  -30.892  -50.853  22.916 0.0000000000
23808  -29.831  -50.564  22.006 0.0000000000
23809  -30.653  -50.205  22.273 0.0000000000
23810  -31.479  -50.381  22.613 0.0000000000
23811  -32.975  -50.586  22.454 0.0000000000
23838  -29.610  -50.413  21.194 0.0000000000
23839  -30.199  -49.961  21.545 0.0000000000
112165  -36.364  -59.247  3.311 0.0000000000
112927  -24.687  -60.573  9.529 0.0000000000
113261  -29.561  -54.707  7.254 0.0000000000
113687  -28.065  -55.949  4.233 0.0000000000
114258  -26.220  -57.772  9.161 0.0000000000
114315  -25.400  -58.330  12.120 0.0000000000
114884  -25.794  -58.076  5.826 0.0000000000
115284  -38.895  -62.921  5.225 0.0000000000
115409  -38.189  -61.347  3.586 0.0000000000
116582  -28.506  -55.785  6.855 0.0000000000
116808  -25.296  -59.774  6.707 0.0000000000
117385  -38.435  -61.327  4.809 0.0000000000
118914  -24.195  -59.693  8.253 0.0000000000
121211  -31.855  -57.615  3.609 0.0000000000
121626  -37.319  -62.114  4.132 0.0000000000
121704  -27.645  -56.162  4.954 0.0000000000
121843  -30.841  -58.894  6.623 0.0000000000
122518  -26.560  -57.360  7.639 0.0000000000
122875  -29.938  -58.212  5.108 0.0000000000
123082  -32.268  -50.843  22.710 0.0000000000
124115  -33.866  -62.255  5.677 0.0000000000
124380  -38.406  -60.695  3.525 0.0000000000
125446  -32.414  -59.329  6.300 0.0000000000
126264  -28.079  -56.635  11.641 0.0000000000
126823  -33.573  -59.688  5.847 0.0000000000
126885  -35.833  -59.919  4.086 0.0000000000
127007  -30.636  -61.721  6.474 0.0000000000
127430  -26.162  -57.874  12.259 0.0000000000
127528  -27.939  -57.987  3.586 0.0000000000
129720  -29.373  -58.739  6.348 0.0000000000
129797  -22.544  -60.611  11.551 0.0000000000
130100  -32.333  -57.920  3.734 0.0000000000
130385  -27.339  -57.064  8.177 0.0000000000
130388  -36.528  -62.140  4.743 0.0000000000
130511  -31.564  -60.171  6.694 0.0000000000
130584  -25.144  -59.429  6.160 0.0000000000
131369  -24.646  -59.308  6.777 0.0000000000
131884  -24.615  -58.738  11.457 0.0000000000
132058  -31.708  -62.258  5.549 0.0000000000
132661  -32.921  -58.176  3.946 0.0000000000
133765  -26.528  -57.797  4.594 0.0000000000
134093  -24.056  -60.036  8.862 0.0000000000
134216  -28.721  -54.960  5.520 0.0000000000
