#!ascii label  , from subject sub-09 vox2ras=TkReg
510
13495  -49.484  -73.223  5.682 13.0000000000
26289  -53.611  -58.837  7.221 13.0000000000
20477  -48.231  -65.375  8.554 13.0000000000
133580  -45.071  -67.054  5.211 13.0000000000
128849  -46.451  -71.566  8.397 13.0000000000
122222  -52.519  -65.041  6.477 13.0000000000
124549  -46.460  -60.143  6.413 13.0000000000
23365  -51.705  -62.582  9.015 13.0000000000
127201  -53.013  -66.422  9.362 13.0000000000
23400  -54.345  -61.827  6.305 13.0000000000
23396  -49.468  -62.269  6.375 13.0000000000
26307  -50.537  -59.589  5.747 13.0000000000
11102  -46.515  -77.378  6.172 13.0000000000
125341  -41.393  -64.965  7.965 13.0000000000
19558  -44.685  -66.732  7.568 13.0000000000
16890  -48.365  -69.712  6.116 13.0000000000
13523  -48.327  -73.298  3.419 13.0000000000
13457  -48.741  -73.803  8.288 13.0000000000
17727  -47.459  -68.407  8.320 13.0000000000
16012  -51.407  -70.286  9.029 13.0000000000
16892  -51.612  -69.752  6.691 13.0000000000
19576  -48.804  -66.182  6.444 13.0000000000
22411  -46.671  -63.523  6.271 13.0000000000
122893  -51.068  -55.794  7.334 13.0000000000
28051  -47.417  -57.263  6.999 13.0000000000
25305  -52.852  -60.573  7.808 13.0000000000
23367  -53.922  -62.433  7.860 13.0000000000
25338  -54.285  -60.367  6.286 13.0000000000
25336  -52.756  -60.180  5.644 13.0000000000
26309  -53.260  -58.535  6.235 13.0000000000
11926  -48.139  -75.065  6.464 13.0000000000
126602  -46.059  -77.169  4.776 13.0000000000
12698  -47.863  -74.546  4.690 13.0000000000
22371  -40.777  -63.695  8.871 13.0000000000
21441  -43.313  -64.637  7.633 13.0000000000
23346  -49.071  -62.339  10.148 13.0000000000
17755  -47.001  -68.285  6.035 13.0000000000
16905  -45.741  -69.138  4.505 13.0000000000
13455  -47.419  -73.077  8.313 13.0000000000
20475  -46.601  -65.917  8.053 13.0000000000
18653  -46.438  -67.518  7.947 13.0000000000
18654  -48.550  -67.119  8.468 13.0000000000
20499  -54.022  -66.029  7.346 13.0000000000
18638  -53.212  -67.675  9.246 13.0000000000
17732  -53.277  -68.274  7.757 13.0000000000
16036  -52.195  -70.097  7.476 13.0000000000
129908  -52.029  -68.061  6.543 13.0000000000
18688  -50.206  -67.701  6.466 13.0000000000
19578  -50.683  -66.406  6.493 13.0000000000
24358  -48.138  -61.753  6.396 13.0000000000
23394  -47.742  -62.576  6.425 13.0000000000
24356  -46.133  -61.626  6.389 13.0000000000
133599  -44.475  -61.855  6.137 13.0000000000
25329  -45.042  -60.754  6.462 13.0000000000
29665  -50.864  -54.854  8.785 13.0000000000
29692  -49.724  -55.175  7.680 13.0000000000
28053  -49.386  -56.938  6.794 13.0000000000
20526  -44.340  -65.787  5.055 13.0000000000
18722  -44.942  -67.805  4.167 13.0000000000
20547  -44.106  -65.472  3.486 13.0000000000
21406  -49.967  -64.278  9.516 13.0000000000
129944  -50.727  -65.483  9.300 13.0000000000
124044  -52.206  -64.779  9.454 13.0000000000
22398  -54.656  -63.792  7.077 13.0000000000
22417  -53.173  -63.611  6.375 13.0000000000
134395  -50.651  -63.522  6.429 13.0000000000
23398  -52.103  -61.903  6.089 13.0000000000
25334  -49.899  -60.355  5.948 13.0000000000
123585  -48.792  -59.358  6.124 13.0000000000
20495  -43.339  -65.699  7.566 13.0000000000
124803  -44.942  -65.045  7.686 13.0000000000
114018  -46.567  -65.043  8.204 13.0000000000
21428  -47.989  -64.433  8.690 13.0000000000
22354  -49.573  -63.021  10.031 13.0000000000
24329  -51.133  -61.907  8.912 13.0000000000
25304  -50.986  -60.409  8.280 13.0000000000
16062  -49.470  -71.463  5.865 13.0000000000
13509  -49.015  -73.226  4.938 13.0000000000
15221  -48.244  -71.973  4.489 13.0000000000
13469  -49.936  -73.344  7.337 13.0000000000
17744  -44.201  -68.249  7.885 13.0000000000
116527  -45.963  -68.929  8.147 13.0000000000
16865  -47.091  -69.880  8.451 13.0000000000
18656  -50.353  -67.665  8.774 13.0000000000
125366  -49.371  -69.222  8.663 13.0000000000
16024  -48.748  -70.599  8.640 13.0000000000
15192  -50.238  -71.606  8.781 13.0000000000
14345  -51.236  -71.773  7.688 13.0000000000
15210  -50.732  -71.751  6.623 13.0000000000
16891  -49.712  -69.710  6.341 13.0000000000
18687  -48.191  -67.962  6.356 13.0000000000
19575  -47.337  -66.685  6.266 13.0000000000
21456  -49.232  -64.503  6.488 13.0000000000
21454  -47.679  -64.757  6.364 13.0000000000
21452  -45.776  -64.740  5.902 13.0000000000
22440  -44.197  -64.213  5.432 13.0000000000
27202  -51.237  -58.734  8.173 13.0000000000
28035  -51.491  -56.472  8.489 13.0000000000
28907  -52.730  -56.815  7.341 13.0000000000
28070  -50.971  -57.235  6.471 13.0000000000
28068  -48.870  -57.805  6.456 13.0000000000
121996  -47.465  -58.681  6.441 13.0000000000
28049  -45.353  -57.372  7.323 13.0000000000
27217  -45.714  -58.769  6.741 13.0000000000
25315  -53.019  -59.537  7.682 13.0000000000
25316  -53.944  -60.024  7.210 13.0000000000
125091  -54.126  -59.561  6.698 13.0000000000
25337  -53.780  -59.464  6.021 13.0000000000
27224  -53.476  -58.027  6.815 13.0000000000
12683  -49.256  -73.798  6.032 13.0000000000
12681  -48.027  -74.813  5.561 13.0000000000
12682  -48.679  -74.316  5.726 13.0000000000
22333  -40.300  -62.842  10.826 13.0000000000
126950  -40.122  -63.126  9.981 13.0000000000
18709  -46.000  -68.124  5.567 13.0000000000
17776  -46.299  -68.940  5.469 13.0000000000
18708  -45.178  -67.903  4.972 13.0000000000
15189  -45.246  -71.856  7.862 13.0000000000
14339  -46.072  -72.078  8.143 13.0000000000
14340  -46.878  -72.258  8.378 13.0000000000
19539  -47.524  -66.105  8.324 13.0000000000
122428  -47.751  -66.948  8.354 13.0000000000
19540  -48.381  -66.294  8.478 13.0000000000
127907  -53.666  -66.313  6.949 13.0000000000
19560  -53.795  -66.870  7.587 13.0000000000
19581  -53.324  -67.218  6.959 13.0000000000
18689  -52.722  -67.663  6.730 13.0000000000
19580  -52.864  -66.696  6.629 13.0000000000
19579  -51.736  -66.576  6.494 13.0000000000
122996  -51.637  -65.274  6.485 13.0000000000
25332  -47.753  -60.945  6.361 13.0000000000
24357  -47.126  -61.848  6.401 13.0000000000
25331  -46.803  -60.925  6.408 13.0000000000
25330  -45.859  -60.843  6.446 13.0000000000
128036  -45.523  -60.143  6.505 13.0000000000
21473  -43.870  -64.994  4.901 13.0000000000
20537  -43.994  -65.726  4.510 13.0000000000
135258  -51.356  -63.873  9.593 13.0000000000
21408  -51.432  -64.399  9.559 13.0000000000
131917  -52.070  -64.010  9.431 13.0000000000
23401  -54.534  -61.887  6.585 13.0000000000
22397  -54.655  -63.090  7.133 13.0000000000
128229  -54.483  -62.677  6.630 13.0000000000
22419  -54.552  -63.630  6.835 13.0000000000
120499  -53.943  -62.700  6.266 13.0000000000
120267  -52.630  -62.762  6.260 13.0000000000
23399  -53.560  -61.846  6.013 13.0000000000
25335  -51.277  -60.118  5.686 13.0000000000
120265  -49.073  -60.031  6.068 13.0000000000
26306  -49.708  -59.440  5.897 13.0000000000
10267  -46.141  -78.114  5.776 13.0000000000
136058  -45.899  -76.215  4.505 13.0000000000
20494  -41.873  -65.516  7.751 13.0000000000
20496  -44.189  -65.293  7.593 13.0000000000
20474  -45.788  -65.269  7.873 13.0000000000
21426  -46.145  -64.353  8.249 13.0000000000
21427  -47.043  -64.303  8.490 13.0000000000
22377  -47.721  -63.447  9.054 13.0000000000
21405  -49.350  -63.680  9.584 13.0000000000
22353  -48.730  -62.976  9.872 13.0000000000
23347  -49.857  -62.500  9.923 13.0000000000
130845  -49.763  -61.458  9.283 13.0000000000
24328  -50.504  -61.297  8.761 13.0000000000
25303  -49.780  -60.656  8.646 13.0000000000
16045  -48.927  -70.610  6.012 13.0000000000
15222  -49.053  -72.163  5.322 13.0000000000
18727  -45.085  -67.612  3.709 13.0000000000
17797  -45.411  -68.387  3.889 13.0000000000
11923  -44.675  -76.445  6.024 13.0000000000
13458  -49.542  -73.499  8.071 13.0000000000
18670  -44.416  -67.462  7.652 13.0000000000
17726  -46.622  -68.283  8.114 13.0000000000
121295  -46.825  -69.067  8.281 13.0000000000
16864  -46.156  -69.730  8.378 13.0000000000
123012  -47.705  -69.231  8.432 13.0000000000
123661  -52.171  -66.257  9.453 13.0000000000
19519  -50.822  -66.934  8.984 13.0000000000
19520  -51.762  -67.024  9.330 13.0000000000
17711  -52.468  -68.938  9.246 13.0000000000
17710  -51.788  -68.565  9.292 13.0000000000
16851  -51.630  -69.338  9.190 13.0000000000
16867  -49.634  -70.064  8.766 13.0000000000
118536  -50.517  -70.428  8.972 13.0000000000
127858  -49.289  -71.548  8.722 13.0000000000
113214  -50.806  -71.012  8.937 13.0000000000
16893  -52.155  -69.579  6.954 13.0000000000
15203  -51.588  -71.212  7.674 13.0000000000
116929  -51.437  -70.506  6.755 13.0000000000
14357  -50.927  -72.066  7.137 13.0000000000
16046  -50.867  -71.005  6.504 13.0000000000
119014  -50.098  -70.733  6.236 13.0000000000
135073  -50.516  -69.436  6.425 13.0000000000
120839  -49.317  -67.033  6.460 13.0000000000
117645  -49.259  -67.914  6.433 13.0000000000
135083  -48.770  -67.441  6.428 13.0000000000
18686  -47.474  -67.452  6.259 13.0000000000
134685  -48.003  -66.174  6.378 13.0000000000
120269  -50.101  -62.927  6.391 13.0000000000
22414  -49.759  -63.865  6.479 13.0000000000
120270  -49.133  -63.121  6.453 13.0000000000
120189  -47.464  -63.356  6.397 13.0000000000
22412  -47.986  -63.989  6.420 13.0000000000
121836  -47.191  -64.084  6.321 13.0000000000
21453  -46.776  -64.814  6.183 13.0000000000
119842  -46.478  -64.173  6.159 13.0000000000
22441  -45.068  -64.249  5.759 13.0000000000
22409  -44.894  -63.389  5.901 13.0000000000
24354  -43.519  -61.790  5.954 13.0000000000
23391  -44.184  -62.585  5.898 13.0000000000
24353  -42.708  -61.277  5.869 13.0000000000
114991  -50.260  -58.754  8.333 13.0000000000
123021  -50.047  -57.961  8.518 13.0000000000
28874  -49.216  -55.544  9.530 13.0000000000
29694  -51.284  -55.087  7.891 13.0000000000
28876  -51.304  -55.551  8.542 13.0000000000
29679  -51.775  -55.536  8.050 13.0000000000
28906  -52.307  -56.291  7.776 13.0000000000
28921  -52.312  -56.486  7.162 13.0000000000
28071  -52.110  -56.995  6.642 13.0000000000
28920  -51.552  -56.394  6.930 13.0000000000
28052  -48.380  -57.154  6.855 13.0000000000
28067  -47.903  -57.928  6.561 13.0000000000
27219  -48.391  -58.623  6.299 13.0000000000
28066  -46.996  -58.002  6.706 13.0000000000
27200  -45.363  -58.208  6.996 13.0000000000
127848  -44.614  -58.074  7.185 13.0000000000
26302  -43.983  -59.408  6.811 13.0000000000
27199  -43.656  -58.043  7.266 13.0000000000
13508  -48.554  -73.623  4.279 13.0000000000
13507  -48.265  -74.095  4.165 13.0000000000
13522  -48.193  -73.748  3.668 13.0000000000
24330  -52.451  -61.658  8.264 13.0000000000
23366  -52.827  -62.496  8.453 13.0000000000
126180  -53.513  -61.833  7.879 13.0000000000
24342  -54.431  -60.796  7.024 13.0000000000
24363  -54.181  -61.052  5.954 13.0000000000
24362  -53.103  -61.040  5.769 13.0000000000
128620  -53.847  -60.345  5.836 13.0000000000
26308  -52.544  -59.249  5.699 13.0000000000
129076  -51.400  -59.233  5.680 13.0000000000
11103  -47.000  -76.652  6.604 13.0000000000
11114  -46.417  -77.253  5.572 13.0000000000
11924  -46.976  -76.502  6.031 13.0000000000
11942  -46.730  -75.980  5.456 13.0000000000
21424  -41.244  -64.158  8.342 13.0000000000
21440  -42.178  -64.480  7.800 13.0000000000
21425  -42.069  -63.514  8.325 13.0000000000
22393  -42.998  -63.666  7.957 13.0000000000
22394  -43.902  -63.523  8.082 13.0000000000
22349  -39.438  -63.766  9.712 13.0000000000
135709  -46.948  -69.124  5.790 13.0000000000
128577  -46.923  -70.304  5.181 13.0000000000
116913  -46.562  -69.692  5.300 13.0000000000
16906  -46.016  -69.477  4.891 13.0000000000
14341  -48.286  -73.090  8.470 13.0000000000
18672  -46.189  -66.761  7.830 13.0000000000
18671  -45.688  -67.415  7.742 13.0000000000
19538  -46.962  -66.814  8.104 13.0000000000
123011  -48.007  -67.740  8.404 13.0000000000
20480  -53.864  -66.276  8.499 13.0000000000
19521  -52.722  -67.056  9.390 13.0000000000
19543  -53.783  -66.956  8.412 13.0000000000
17713  -53.278  -68.392  8.635 13.0000000000
16853  -52.847  -69.099  8.860 13.0000000000
16869  -52.443  -69.828  8.349 13.0000000000
17745  -52.844  -68.716  7.296 13.0000000000
16894  -52.447  -69.037  6.972 13.0000000000
17760  -51.931  -68.953  6.653 13.0000000000
17759  -51.159  -68.363  6.482 13.0000000000
128236  -51.176  -67.337  6.490 13.0000000000
120274  -50.201  -66.930  6.482 13.0000000000
19577  -49.724  -66.238  6.487 13.0000000000
24359  -48.906  -61.760  6.354 13.0000000000
23395  -48.585  -62.464  6.426 13.0000000000
128767  -46.334  -62.322  6.340 13.0000000000
23392  -45.337  -62.331  6.198 13.0000000000
24355  -45.175  -61.428  6.339 13.0000000000
116827  -44.175  -61.076  6.349 13.0000000000
30446  -50.557  -54.321  8.948 13.0000000000
29693  -50.568  -54.624  8.063 13.0000000000
119895  -50.644  -55.232  7.619 13.0000000000
28904  -50.027  -56.029  7.244 13.0000000000
19599  -44.712  -66.455  5.140 13.0000000000
18707  -44.678  -67.149  4.622 13.0000000000
19598  -44.298  -66.398  4.501 13.0000000000
18721  -44.485  -66.943  3.941 13.0000000000
20455  -49.968  -65.140  9.171 13.0000000000
20478  -49.174  -65.661  8.677 13.0000000000
21407  -50.719  -64.740  9.501 13.0000000000
120178  -51.592  -65.332  9.478 13.0000000000
20457  -52.809  -65.595  9.365 13.0000000000
22380  -53.338  -63.195  8.477 13.0000000000
21430  -53.796  -63.927  8.416 13.0000000000
21431  -54.164  -64.744  8.247 13.0000000000
21432  -54.419  -64.643  7.480 13.0000000000
119119  -54.110  -64.841  6.772 13.0000000000
21459  -53.618  -64.491  6.525 13.0000000000
21458  -51.602  -64.617  6.470 13.0000000000
129590  -52.512  -64.313  6.441 13.0000000000
120268  -51.248  -62.797  6.326 13.0000000000
23397  -50.635  -61.906  6.230 13.0000000000
24361  -51.678  -61.045  5.864 13.0000000000
128438  -50.569  -60.978  5.983 13.0000000000
24360  -49.672  -61.369  6.220 13.0000000000
25333  -48.799  -60.901  6.256 13.0000000000
120266  -48.274  -60.121  6.236 13.0000000000
121143  -47.372  -60.147  6.333 13.0000000000
19557  -42.499  -66.244  7.675 13.0000000000
120025  -44.108  -66.190  7.552 13.0000000000
129077  -42.618  -65.286  7.616 13.0000000000
20497  -45.019  -65.901  7.601 13.0000000000
20498  -45.823  -66.114  7.756 13.0000000000
20476  -47.305  -65.212  8.383 13.0000000000
21429  -49.061  -64.614  8.979 13.0000000000
131183  -50.022  -63.563  9.805 13.0000000000
22355  -50.351  -63.135  9.868 13.0000000000
23348  -50.708  -62.597  9.569 13.0000000000
129039  -52.047  -60.188  7.997 13.0000000000
129947  -49.801  -72.069  5.874 13.0000000000
13494  -48.981  -73.708  5.176 13.0000000000
14378  -49.528  -72.698  5.609 13.0000000000
14377  -48.891  -72.779  4.708 13.0000000000
17788  -45.389  -68.547  4.402 13.0000000000
16925  -45.749  -69.105  4.017 13.0000000000
11911  -48.178  -75.149  7.168 13.0000000000
12666  -48.783  -74.461  6.642 13.0000000000
13481  -49.770  -73.303  6.436 13.0000000000
119609  -45.044  -67.925  7.743 13.0000000000
17724  -44.991  -68.796  8.052 13.0000000000
16862  -44.578  -69.625  8.309 13.0000000000
16863  -45.382  -69.490  8.300 13.0000000000
135306  -46.477  -70.711  8.471 13.0000000000
19541  -49.251  -66.558  8.577 13.0000000000
18655  -49.395  -67.397  8.571 13.0000000000
124747  -48.778  -67.834  8.496 13.0000000000
18636  -51.347  -67.799  9.166 13.0000000000
17729  -49.672  -68.394  8.663 13.0000000000
17728  -48.481  -68.610  8.495 13.0000000000
16866  -48.613  -69.593  8.566 13.0000000000
16023  -47.594  -70.673  8.537 13.0000000000
15191  -47.281  -71.546  8.518 13.0000000000
128555  -47.921  -71.884  8.568 13.0000000000
122109  -48.640  -72.253  8.608 13.0000000000
14342  -49.258  -73.047  8.487 13.0000000000
16035  -51.920  -70.720  8.140 13.0000000000
14344  -50.960  -72.004  8.214 13.0000000000
135482  -50.546  -72.454  8.164 13.0000000000
121339  -50.501  -72.667  7.251 13.0000000000
14367  -50.448  -72.359  6.665 13.0000000000
14379  -50.166  -72.194  6.228 13.0000000000
16063  -50.275  -71.550  6.243 13.0000000000
17758  -50.148  -68.723  6.436 13.0000000000
17757  -48.899  -68.808  6.363 13.0000000000
17756  -47.762  -68.929  6.138 13.0000000000
18685  -46.628  -67.390  6.010 13.0000000000
19574  -46.404  -66.494  6.005 13.0000000000
21457  -50.839  -65.052  6.503 13.0000000000
132078  -49.964  -64.770  6.509 13.0000000000
122965  -49.231  -65.334  6.483 13.0000000000
22413  -48.798  -63.896  6.469 13.0000000000
21455  -48.523  -64.647  6.454 13.0000000000
20508  -48.258  -65.445  6.418 13.0000000000
127426  -47.247  -65.686  6.260 13.0000000000
20507  -46.168  -65.592  5.965 13.0000000000
20528  -45.439  -66.336  5.592 13.0000000000
21474  -44.704  -65.079  5.479 13.0000000000
22439  -43.421  -63.980  4.973 13.0000000000
23423  -43.780  -63.364  5.508 13.0000000000
118396  -43.173  -63.178  5.169 13.0000000000
26281  -50.538  -59.599  8.233 13.0000000000
25314  -51.863  -59.332  8.002 13.0000000000
26288  -52.953  -58.675  7.735 13.0000000000
28875  -50.423  -55.476  9.135 13.0000000000
123638  -52.516  -57.408  8.002 13.0000000000
28055  -53.227  -57.398  7.198 13.0000000000
27223  -52.798  -57.661  6.539 13.0000000000
27222  -51.526  -57.832  6.169 13.0000000000
27221  -50.464  -58.004  6.153 13.0000000000
28069  -49.887  -57.549  6.423 13.0000000000
27220  -49.506  -58.524  6.122 13.0000000000
26305  -47.884  -59.388  6.281 13.0000000000
127658  -46.994  -59.415  6.396 13.0000000000
128057  -47.602  -55.877  7.669 13.0000000000
27218  -46.582  -58.722  6.583 13.0000000000
26304  -46.094  -59.440  6.540 13.0000000000
26303  -45.124  -59.467  6.688 13.0000000000
125542  -44.538  -60.208  6.563 13.0000000000
25328  -43.489  -60.302  6.496 13.0000000000
12699  -48.505  -74.185  4.822 13.0000000000
12697  -46.838  -75.038  4.723 13.0000000000
10266  -45.672  -78.510  5.353 13.0000000000
11093  -46.537  -77.060  6.519 13.0000000000
11910  -47.564  -75.899  6.941 13.0000000000
11925  -47.498  -75.732  6.293 13.0000000000
11941  -46.279  -76.136  4.934 13.0000000000
11943  -47.344  -75.362  5.495 13.0000000000
12655  -49.319  -73.921  7.652 13.0000000000
12667  -49.384  -73.912  6.922 13.0000000000
12712  -47.652  -74.226  3.879 13.0000000000
13456  -47.988  -73.764  8.304 13.0000000000
13459  -50.295  -72.888  7.917 13.0000000000
14343  -50.053  -72.779  8.340 13.0000000000
14354  -45.688  -72.697  7.703 13.0000000000
14356  -50.795  -72.342  7.765 13.0000000000
14366  -49.979  -72.748  6.185 13.0000000000
15193  -50.909  -71.542  8.627 13.0000000000
15194  -51.387  -71.401  8.221 13.0000000000
15211  -51.295  -71.312  7.055 13.0000000000
16025  -49.942  -70.944  8.904 13.0000000000
16026  -51.929  -70.333  8.699 13.0000000000
16047  -51.749  -70.667  7.308 13.0000000000
16852  -52.242  -69.726  9.011 13.0000000000
16868  -50.476  -69.503  8.934 13.0000000000
16879  -52.567  -69.411  7.459 13.0000000000
16907  -47.323  -69.729  5.714 13.0000000000
17712  -53.144  -68.390  9.102 13.0000000000
17725  -45.809  -68.168  7.909 13.0000000000
17730  -50.902  -68.570  9.006 13.0000000000
17731  -52.980  -69.021  8.113 13.0000000000
17761  -52.543  -68.436  6.827 13.0000000000
17775  -45.651  -68.751  5.033 13.0000000000
18637  -52.419  -67.962  9.365 13.0000000000
18639  -53.497  -67.711  8.861 13.0000000000
18657  -53.586  -67.656  8.192 13.0000000000
18673  -53.062  -68.007  7.078 13.0000000000
19522  -53.556  -66.964  9.050 13.0000000000
19542  -50.008  -66.908  8.679 13.0000000000
19544  -54.079  -66.170  7.908 13.0000000000
19559  -45.428  -66.694  7.651 13.0000000000
19600  -45.718  -67.254  5.598 13.0000000000
19609  -44.040  -66.056  3.955 13.0000000000
20456  -51.203  -66.170  9.278 13.0000000000
20458  -53.743  -65.541  8.743 13.0000000000
20479  -50.182  -66.098  8.843 13.0000000000
20481  -54.232  -65.511  8.030 13.0000000000
20500  -54.261  -65.376  7.431 13.0000000000
20509  -52.251  -65.843  6.506 13.0000000000
20510  -53.440  -65.559  6.662 13.0000000000
20511  -54.079  -65.436  6.989 13.0000000000
20512  -54.465  -64.554  6.990 13.0000000000
20527  -45.376  -65.523  5.668 13.0000000000
21409  -53.149  -64.638  9.079 13.0000000000
21460  -54.318  -64.228  6.715 13.0000000000
21484  -43.466  -64.557  4.443 13.0000000000
22309  -39.773  -63.239  11.495 13.0000000000
22348  -38.734  -63.881  10.105 13.0000000000
22356  -51.281  -63.335  9.546 13.0000000000
22357  -52.896  -63.831  8.961 13.0000000000
22378  -48.578  -63.831  9.206 13.0000000000
22379  -52.293  -63.267  9.060 13.0000000000
22381  -54.293  -63.146  7.785 13.0000000000
22382  -54.471  -63.908  7.607 13.0000000000
22410  -45.846  -63.830  6.038 13.0000000000
22415  -50.704  -64.262  6.479 13.0000000000
22416  -51.736  -63.707  6.419 13.0000000000
22418  -54.202  -63.579  6.518 13.0000000000
22438  -42.958  -63.299  4.744 13.0000000000
23379  -54.552  -62.338  7.214 13.0000000000
23380  -54.654  -62.394  6.822 13.0000000000
23393  -46.905  -62.770  6.369 13.0000000000
24315  -50.210  -61.969  9.520 13.0000000000
24331  -53.753  -61.038  7.536 13.0000000000
24332  -54.316  -61.606  7.344 13.0000000000
24343  -54.581  -61.525  6.811 13.0000000000
24364  -54.470  -61.207  6.412 13.0000000000
25317  -54.331  -60.286  6.764 13.0000000000
25318  -54.486  -60.789  6.646 13.0000000000
26290  -53.780  -58.702  6.715 13.0000000000
26301  -42.831  -59.551  6.648 13.0000000000
27203  -52.309  -58.222  8.024 13.0000000000
27204  -53.102  -57.868  7.543 13.0000000000
27205  -53.520  -58.113  7.153 13.0000000000
27216  -44.833  -58.770  6.931 13.0000000000
28036  -52.212  -56.725  8.131 13.0000000000
28054  -52.704  -57.064  7.660 13.0000000000
28886  -51.941  -56.016  8.223 13.0000000000
28905  -51.802  -55.864  7.569 13.0000000000
28919  -50.464  -56.637  6.803 13.0000000000
29678  -51.267  -55.069  8.305 13.0000000000
30456  -50.831  -54.629  8.462 13.0000000000
115412  -43.354  -66.648  7.613 13.0000000000
116011  -51.424  -70.919  8.681 13.0000000000
116613  -51.592  -61.054  8.299 13.0000000000
118441  -44.857  -65.858  5.394 13.0000000000
119102  -50.843  -70.072  6.445 13.0000000000
120271  -48.270  -63.237  6.449 13.0000000000
120478  -47.702  -72.349  8.499 13.0000000000
121217  -49.723  -72.288  8.639 13.0000000000
121871  -46.024  -63.021  6.208 13.0000000000
122150  -48.218  -71.413  8.600 13.0000000000
122690  -50.449  -72.148  8.509 13.0000000000
122793  -52.114  -58.473  5.884 13.0000000000
122963  -51.194  -65.791  6.494 13.0000000000
122964  -50.237  -65.596  6.505 13.0000000000
123359  -50.728  -63.880  9.701 13.0000000000
123546  -47.206  -67.612  8.204 13.0000000000
123644  -52.782  -56.953  6.928 13.0000000000
123699  -50.704  -58.734  5.842 13.0000000000
125728  -53.507  -66.207  9.049 13.0000000000
126475  -48.282  -66.968  6.393 13.0000000000
128324  -50.207  -72.885  6.722 13.0000000000
128564  -51.882  -70.132  6.951 13.0000000000
128643  -54.659  -63.078  6.884 13.0000000000
128705  -47.922  -69.971  8.513 13.0000000000
129395  -51.120  -69.240  6.486 13.0000000000
129913  -45.065  -67.255  7.621 13.0000000000
133002  -44.051  -58.626  7.070 13.0000000000
133778  -48.156  -73.465  3.236 13.0000000000
134979  -52.188  -67.313  6.540 13.0000000000
135697  -53.442  -67.617  7.455 13.0000000000
