#!ascii label , from subject sub-02 vox2ras=TkReg lh ROI=mOTS-words coords=white drawn-with=delineation-helper-0.1.0
108
22886  -47.440  -58.563  -0.378 0.0000000000
22901  -46.795  -58.333  -1.253 0.0000000000
23645  -47.775  -56.578  3.017 0.0000000000
23659  -46.936  -56.417  1.814 0.0000000000
23668  -46.742  -56.780  0.861 0.0000000000
23669  -47.404  -57.336  1.343 0.0000000000
23682  -45.651  -56.821  -0.885 0.0000000000
23683  -46.541  -57.456  -0.325 0.0000000000
23684  -47.202  -57.666  0.480 0.0000000000
23696  -45.661  -56.998  -2.094 0.0000000000
23697  -46.223  -57.710  -1.586 0.0000000000
24505  -46.669  -55.404  3.080 0.0000000000
24516  -45.792  -55.171  1.834 0.0000000000
24517  -46.486  -55.622  2.254 0.0000000000
24518  -47.128  -56.093  2.630 0.0000000000
24527  -45.511  -55.497  0.868 0.0000000000
24528  -46.293  -55.886  1.335 0.0000000000
24545  -44.260  -55.671  -0.703 0.0000000000
24547  -46.028  -56.294  0.298 0.0000000000
24555  -44.337  -55.610  -1.779 0.0000000000
24556  -44.951  -56.243  -1.403 0.0000000000
25476  -44.588  -54.375  3.000 0.0000000000
25489  -43.315  -54.342  1.844 0.0000000000
25490  -44.252  -54.553  2.100 0.0000000000
25491  -45.228  -54.688  2.383 0.0000000000
25492  -46.035  -54.950  2.698 0.0000000000
25508  -43.760  -54.786  1.011 0.0000000000
25509  -44.922  -54.885  1.425 0.0000000000
25524  -43.044  -54.711  0.213 0.0000000000
25525  -43.573  -55.174  -0.117 0.0000000000
25526  -44.558  -55.298  0.410 0.0000000000
25533  -42.943  -54.787  -0.707 0.0000000000
25534  -43.520  -55.265  -1.172 0.0000000000
25542  -43.223  -54.652  -1.532 0.0000000000
25543  -43.899  -54.850  -2.192 0.0000000000
26393  -43.108  -53.788  3.257 0.0000000000
26394  -43.966  -54.073  3.588 0.0000000000
26408  -42.261  -53.498  1.941 0.0000000000
26409  -42.851  -53.941  2.419 0.0000000000
26410  -43.659  -54.234  2.745 0.0000000000
26427  -42.355  -53.809  0.865 0.0000000000
26428  -42.857  -54.376  0.931 0.0000000000
26437  -42.185  -53.455  -0.112 0.0000000000
26438  -42.503  -54.175  -0.245 0.0000000000
26448  -42.843  -53.970  -1.666 0.0000000000
26454  -43.479  -54.146  -2.145 0.0000000000
27410  -41.977  -52.983  0.787 0.0000000000
27431  -43.014  -52.869  -2.500 0.0000000000
27432  -44.112  -52.817  -2.478 0.0000000000
28259  -38.955  -52.328  7.000 0.0000000000
28275  -39.675  -52.238  6.403 0.0000000000
28289  -40.197  -52.264  5.850 0.0000000000
28290  -40.526  -52.467  5.883 0.0000000000
28304  -40.889  -52.370  5.449 0.0000000000
28317  -41.398  -52.051  4.321 0.0000000000
28333  -41.600  -52.048  3.520 0.0000000000
28359  -41.432  -51.428  0.379 0.0000000000
28379  -43.400  -52.411  -2.356 0.0000000000
29196  -37.955  -51.506  7.308 0.0000000000
29197  -38.328  -52.065  6.984 0.0000000000
29198  -38.811  -52.078  6.717 0.0000000000
29211  -39.573  -52.004  6.229 0.0000000000
29212  -40.310  -51.670  5.787 0.0000000000
29222  -40.773  -51.711  5.430 0.0000000000
29235  -41.530  -51.127  4.357 0.0000000000
30041  -37.639  -49.612  8.303 0.0000000000
30042  -38.270  -50.205  7.676 0.0000000000
30057  -38.730  -50.803  7.050 0.0000000000
30058  -39.116  -51.424  6.643 0.0000000000
30066  -40.411  -50.522  6.362 0.0000000000
30080  -41.042  -49.513  5.985 0.0000000000
30895  -37.180  -48.480  8.632 0.0000000000
30896  -38.754  -48.805  8.068 0.0000000000
30910  -39.312  -49.364  7.568 0.0000000000
30911  -39.993  -48.553  7.186 0.0000000000
30919  -40.593  -48.874  6.445 0.0000000000
30933  -41.029  -48.532  5.540 0.0000000000
30934  -41.324  -49.418  5.227 0.0000000000
30944  -40.819  -47.663  5.033 0.0000000000
31788  -37.315  -47.407  8.661 0.0000000000
31789  -38.130  -47.943  8.427 0.0000000000
31790  -39.036  -47.662  7.965 0.0000000000
31799  -39.670  -47.558  7.300 0.0000000000
31813  -40.264  -47.591  6.499 0.0000000000
31828  -40.435  -47.140  5.540 0.0000000000
32670  -38.560  -46.905  8.217 0.0000000000
32680  -39.250  -46.662  7.547 0.0000000000
32696  -39.835  -46.842  6.834 0.0000000000
32697  -40.116  -46.587  6.091 0.0000000000
96609  -42.485  -52.042  -2.491 0.0000000000
96958  -41.193  -51.760  4.931 0.0000000000
97126  -41.539  -50.275  3.887 0.0000000000
99685  -41.474  -50.221  2.972 0.0000000000
100130  -47.837  -58.426  0.780 0.0000000000
104746  -39.899  -49.869  7.021 0.0000000000
104965  -37.884  -46.950  8.522 0.0000000000
106050  -41.640  -51.674  2.764 0.0000000000
107866  -42.659  -54.041  1.634 0.0000000000
109156  -41.074  -50.517  5.741 0.0000000000
109539  -37.359  -50.954  7.679 0.0000000000
109624  -41.446  -50.580  4.924 0.0000000000
109714  -41.594  -51.149  3.498 0.0000000000
110764  -41.575  -51.455  1.749 0.0000000000
113926  -40.679  -47.900  5.835 0.0000000000
114436  -39.402  -48.335  7.660 0.0000000000
114695  -41.194  -52.300  4.997 0.0000000000
114900  -41.741  -52.131  2.204 0.0000000000
115163  -38.436  -51.780  6.851 0.0000000000
