# sub-09 hemi-L RWvsFF_scaled Cluster_23
40
23285 -44.414000 -62.642000 12.611000 1
23286 -44.797000 -61.689000 12.846000 1
23300 -45.296000 -61.450000 12.286000 1
23301 -45.820000 -61.398000 11.718000 1
23325 -47.131000 -61.306000 10.847000 1
23326 -47.669000 -61.474000 10.520000 1
24266 -44.621000 -61.335000 13.053000 1
24279 -45.180000 -61.054000 12.602000 1
24280 -45.770000 -60.840000 12.092000 1
24298 -46.361000 -60.917000 11.769000 1
25241 -43.884000 -60.726000 12.750000 1
25253 -43.106000 -60.206000 11.779000 1
25254 -44.439000 -60.611000 12.149000 1
25256 -45.917000 -60.736000 11.699000 1
25288 -46.245000 -60.713000 10.999000 1
25289 -46.581000 -60.543000 10.079000 1
25290 -47.724000 -61.179000 10.435000 1
26259 -43.252000 -59.283000 10.367000 1
26265 -43.913000 -59.351000 10.016000 1
26266 -44.639000 -59.616000 9.820000 1
26268 -46.398000 -59.707000 9.232000 1
27176 -43.637000 -58.573000 9.928000 1
27177 -44.251000 -58.889000 9.696000 1
27179 -46.617000 -58.563000 9.084000 1
27187 -47.461000 -58.586000 8.828000 1
27188 -48.378000 -58.478000 8.655000 1
28019 -44.305000 -58.057000 9.697000 1
28022 -46.665000 -57.504000 9.387000 1
28032 -47.940000 -57.688000 9.033000 1
28033 -48.839000 -57.442000 8.900000 1
116888 -46.422000 -61.477000 11.116000 1
117017 -45.854000 -58.980000 9.236000 1
118827 -48.283000 -60.924000 9.736000 1
121857 -47.317000 -60.879000 10.528000 1
129154 -47.680000 -60.721000 9.822000 1
129174 -42.892000 -59.666000 10.940000 1
130263 -44.857000 -60.522000 11.338000 1
131295 -47.216000 -57.861000 9.158000 1
131774 -49.212000 -58.005000 8.655000 1
133828 -43.749000 -59.676000 10.392000 1
