# sub-09 hemi-L FacesvsAllnoFace_scaled Cluster_2
56
8726 -44.732000 -80.726000 -3.265000 1
8742 -44.893000 -80.540000 -4.041000 1
9513 -45.130000 -79.318000 0.384000 1
9527 -45.302000 -79.079000 -0.648000 1
9543 -45.271000 -79.544000 -1.678000 1
9568 -45.353000 -79.593000 -3.618000 1
9579 -45.232000 -79.667000 -4.490000 1
9594 -44.983000 -79.687000 -5.336000 1
9606 -44.450000 -80.323000 -5.957000 1
9607 -45.050000 -78.865000 -6.200000 1
10319 -45.365000 -78.239000 -0.026000 1
10335 -45.561000 -77.825000 -0.842000 1
10352 -45.629000 -78.246000 -1.495000 1
10367 -46.132000 -77.457000 -2.808000 1
10379 -45.752000 -78.438000 -3.156000 1
10380 -46.162000 -77.436000 -3.600000 1
10387 -45.720000 -78.337000 -4.137000 1
10388 -45.883000 -77.678000 -4.922000 1
10403 -45.501000 -78.251000 -5.560000 1
10404 -46.050000 -77.231000 -5.687000 1
10418 -45.600000 -77.669000 -6.295000 1
10419 -46.117000 -76.900000 -6.367000 1
11203 -46.002000 -77.417000 -2.073000 1
11214 -46.608000 -76.596000 -4.046000 1
11234 -46.575000 -76.369000 -6.000000 1
12037 -47.052000 -75.533000 -6.556000 1
12038 -47.701000 -74.853000 -6.236000 1
12042 -46.783000 -75.343000 -7.473000 1
12043 -47.484000 -74.674000 -7.112000 1
12048 -46.140000 -74.931000 -8.770000 1
12049 -46.689000 -74.809000 -8.100000 1
12061 -45.597000 -74.625000 -9.676000 1
12073 -45.393000 -74.351000 -10.568000 1
12818 -48.042000 -74.129000 -6.801000 1
12827 -46.744000 -74.157000 -8.191000 1
12828 -47.565000 -74.083000 -7.440000 1
12852 -45.580000 -74.081000 -10.089000 1
12853 -45.950000 -74.207000 -9.210000 1
13633 -47.066000 -73.215000 -6.275000 1
13634 -48.049000 -73.257000 -6.242000 1
13649 -47.407000 -73.583000 -7.046000 1
13650 -47.922000 -73.799000 -6.977000 1
13670 -46.857000 -73.720000 -7.696000 1
13671 -47.368000 -73.946000 -7.596000 1
13689 -46.101000 -73.976000 -8.897000 1
13708 -45.666000 -73.877000 -9.621000 1
115473 -46.401000 -73.785000 -8.307000 1
119278 -45.714000 -78.424000 -2.282000 1
122026 -45.492000 -78.682000 -4.907000 1
122880 -45.812000 -77.372000 -1.459000 1
124104 -47.113000 -74.517000 -7.705000 1
127435 -46.191000 -77.299000 -4.319000 1
129613 -46.481000 -76.730000 -3.315000 1
135399 -45.305000 -79.689000 -2.645000 1
135512 -46.920000 -73.924000 -7.962000 1
135705 -45.040000 -80.207000 -2.145000 1
