# sub-09 hemi-R FacesvsAllnoFace_scaled Cluster_22
28
26657 40.670000 -58.375000 -7.862000 1
27495 41.891000 -57.227000 -7.339000 1
27496 41.277000 -57.784000 -7.485000 1
27506 41.404000 -57.488000 -7.642000 1
27507 41.025000 -58.055000 -8.080000 1
27512 38.541000 -57.889000 -8.586000 1
28377 40.788000 -57.534000 -8.061000 1
28379 39.948000 -56.677000 -8.165000 1
29306 42.669000 -56.345000 -7.016000 1
29307 41.411000 -56.516000 -7.139000 1
29310 40.440000 -56.353000 -7.446000 1
29312 39.827000 -55.969000 -7.866000 1
29313 39.317000 -55.711000 -8.282000 1
30230 39.786000 -55.102000 -7.598000 1
30232 39.532000 -54.859000 -8.135000 1
31176 39.900000 -54.007000 -8.136000 1
117935 40.269000 -53.235000 -8.179000 1
120286 38.026000 -57.009000 -8.580000 1
120871 39.022000 -57.271000 -8.535000 1
122302 40.460000 -56.801000 -7.885000 1
123176 39.938000 -57.418000 -8.355000 1
123600 37.664000 -56.086000 -8.502000 1
123601 38.508000 -55.739000 -8.455000 1
125433 39.232000 -56.542000 -8.411000 1
126925 40.362000 -55.724000 -6.786000 1
127712 40.092000 -58.753000 -7.980000 1
129823 41.259000 -57.136000 -7.655000 1
132051 38.502000 -56.520000 -8.516000 1
