# sub-09 hemi-L RWvsPER_scaled Cluster_6
33
11164 -44.775000 -76.593000 0.817000 1
11177 -44.859000 -75.839000 0.153000 1
11965 -44.932000 -76.937000 2.501000 1
11966 -44.912000 -75.742000 2.839000 1
11987 -44.602000 -75.571000 0.753000 1
12001 -44.790000 -74.991000 0.157000 1
12696 -45.980000 -75.407000 4.308000 1
12710 -45.556000 -74.948000 3.548000 1
12711 -46.475000 -74.536000 3.851000 1
12712 -47.652000 -74.226000 3.879000 1
12722 -45.225000 -74.407000 2.655000 1
12723 -46.142000 -74.026000 3.127000 1
12734 -44.676000 -74.721000 1.889000 1
12746 -44.568000 -74.798000 1.032000 1
12747 -44.887000 -74.074000 0.404000 1
12758 -45.302000 -74.377000 -0.498000 1
13521 -47.786000 -73.680000 3.203000 1
13530 -45.833000 -73.592000 2.364000 1
13531 -47.070000 -73.478000 2.650000 1
13542 -44.850000 -73.974000 1.274000 1
13543 -45.508000 -73.331000 1.579000 1
13544 -46.433000 -72.995000 1.920000 1
13554 -45.317000 -73.269000 0.723000 1
14409 -47.424000 -72.931000 2.103000 1
14420 -45.986000 -72.669000 1.106000 1
14421 -46.961000 -72.477000 1.450000 1
14437 -46.599000 -72.158000 0.598000 1
15292 -47.235000 -71.584000 0.075000 1
15293 -48.106000 -71.316000 0.454000 1
15305 -47.922000 -71.242000 -0.448000 1
120919 -44.583000 -75.884000 1.645000 1
130844 -45.067000 -73.943000 1.961000 1
132915 -47.112000 -73.978000 3.336000 1
