# sub-09 hemi-L RWvsPER_scaled Cluster_17
81
17710 -51.788000 -68.565000 9.292000 1
17730 -50.902000 -68.570000 9.006000 1
18636 -51.347000 -67.799000 9.166000 1
18654 -48.550000 -67.119000 8.468000 1
18656 -50.353000 -67.665000 8.774000 1
19519 -50.822000 -66.934000 8.984000 1
19520 -51.762000 -67.024000 9.330000 1
19540 -48.381000 -66.294000 8.478000 1
19541 -49.251000 -66.558000 8.577000 1
19542 -50.008000 -66.908000 8.679000 1
20455 -49.968000 -65.140000 9.171000 1
20456 -51.203000 -66.170000 9.278000 1
20476 -47.305000 -65.212000 8.383000 1
20477 -48.231000 -65.375000 8.554000 1
20479 -50.182000 -66.098000 8.843000 1
21405 -49.350000 -63.680000 9.584000 1
21406 -49.967000 -64.278000 9.516000 1
21407 -50.719000 -64.740000 9.501000 1
21408 -51.432000 -64.399000 9.559000 1
21425 -42.069000 -63.514000 8.325000 1
21426 -46.145000 -64.353000 8.249000 1
21427 -47.043000 -64.303000 8.490000 1
21429 -49.061000 -64.614000 8.979000 1
21443 -45.281000 -64.381000 7.973000 1
22372 -41.394000 -63.276000 8.867000 1
22373 -43.396000 -62.940000 8.546000 1
22374 -44.367000 -62.810000 8.714000 1
22375 -46.006000 -62.680000 9.052000 1
22376 -46.603000 -63.460000 8.690000 1
22395 -44.769000 -63.576000 8.225000 1
22396 -45.642000 -63.540000 8.438000 1
23300 -45.296000 -61.450000 12.286000 1
23301 -45.820000 -61.398000 11.718000 1
23322 -42.637000 -62.544000 10.498000 1
23323 -43.725000 -62.511000 10.709000 1
23325 -47.131000 -61.306000 10.847000 1
23339 -41.512000 -62.734000 9.562000 1
23340 -42.310000 -62.540000 9.718000 1
23341 -43.179000 -62.445000 9.896000 1
23342 -44.203000 -62.355000 10.170000 1
23343 -45.724000 -62.248000 9.901000 1
23360 -42.096000 -62.845000 8.951000 1
23361 -42.866000 -62.634000 9.128000 1
23362 -43.729000 -62.530000 9.324000 1
23363 -45.150000 -62.600000 9.096000 1
24266 -44.621000 -61.335000 13.053000 1
24279 -45.180000 -61.054000 12.602000 1
24280 -45.770000 -60.840000 12.092000 1
24298 -46.361000 -60.917000 11.769000 1
25256 -45.917000 -60.736000 11.699000 1
25275 -46.475000 -60.873000 11.662000 1
25288 -46.245000 -60.713000 10.999000 1
25289 -46.581000 -60.543000 10.079000 1
25290 -47.724000 -61.179000 10.435000 1
26267 -45.598000 -59.990000 9.655000 1
26268 -46.398000 -59.707000 9.232000 1
26269 -47.104000 -60.296000 9.440000 1
26278 -47.129000 -59.529000 8.904000 1
27177 -44.251000 -58.889000 9.696000 1
27178 -45.049000 -58.718000 9.462000 1
27179 -46.617000 -58.563000 9.084000 1
27187 -47.461000 -58.586000 8.828000 1
28022 -46.665000 -57.504000 9.387000 1
28023 -47.488000 -57.085000 9.389000 1
28032 -47.940000 -57.688000 9.033000 1
114018 -46.567000 -65.043000 8.204000 1
116888 -46.422000 -61.477000 11.116000 1
117017 -45.854000 -58.980000 9.236000 1
117410 -46.894000 -60.973000 11.214000 1
118827 -48.283000 -60.924000 9.736000 1
121857 -47.317000 -60.879000 10.528000 1
122250 -47.788000 -59.312000 8.654000 1
122689 -45.869000 -58.024000 9.369000 1
123359 -50.728000 -63.880000 9.701000 1
127351 -42.665000 -63.061000 8.530000 1
127645 -44.694000 -62.424000 9.588000 1
128073 -45.157000 -62.969000 8.658000 1
129154 -47.680000 -60.721000 9.822000 1
129944 -50.727000 -65.483000 9.300000 1
131295 -47.216000 -57.861000 9.158000 1
135258 -51.356000 -63.873000 9.593000 1
