# sub-09 hemi-R LimbsvsAllnoLimbs_scaled Cluster_31
15
37839 32.398000 -46.666000 -2.162000 1
37844 33.194000 -46.433000 -2.976000 1
37845 31.470000 -47.205000 -2.317000 1
37855 33.160000 -46.675000 -4.254000 1
38816 32.001000 -45.884000 -1.392000 1
38817 31.078000 -45.306000 -1.394000 1
38825 31.204000 -46.306000 -1.686000 1
38826 30.015000 -45.442000 -2.011000 1
38833 33.555000 -46.098000 -3.920000 1
39739 30.333000 -44.466000 -1.770000 1
39740 29.001000 -45.000000 -2.830000 1
40679 29.907000 -43.565000 -2.211000 1
122339 29.514000 -44.332000 -2.483000 1
126543 33.100000 -46.052000 -2.004000 1
135110 32.566000 -46.055000 -1.678000 1
