# sub-09 hemi-L LimbsvsAllnoLimbs_scaled Cluster_20
206
26421 -38.743000 -59.030000 -4.151000 1
26422 -39.641000 -59.057000 -4.774000 1
27284 -37.459000 -58.074000 -0.822000 1
27296 -37.373000 -58.587000 -1.535000 1
27309 -37.454000 -58.387000 -2.419000 1
27321 -37.697000 -58.241000 -3.179000 1
27322 -38.288000 -58.222000 -3.885000 1
27330 -39.021000 -58.275000 -4.602000 1
27331 -39.820000 -58.342000 -5.258000 1
28130 -37.679000 -57.447000 -0.417000 1
28142 -37.399000 -57.258000 -1.093000 1
28152 -37.333000 -57.122000 -1.953000 1
28163 -37.491000 -57.539000 -2.734000 1
28164 -37.878000 -57.395000 -3.576000 1
28171 -38.552000 -57.469000 -4.366000 1
28172 -39.266000 -57.548000 -5.024000 1
28181 -39.956000 -57.581000 -5.668000 1
28182 -40.550000 -57.498000 -6.423000 1
28966 -37.988000 -56.827000 -0.045000 1
28967 -38.527000 -56.248000 0.250000 1
28968 -39.185000 -56.550000 0.452000 1
28981 -37.593000 -56.640000 -0.642000 1
28992 -37.386000 -56.463000 -1.368000 1
29003 -37.382000 -56.169000 -2.186000 1
29014 -37.981000 -56.033000 -3.838000 1
29021 -38.228000 -56.670000 -4.119000 1
29022 -38.871000 -56.735000 -4.836000 1
29031 -39.376000 -56.031000 -5.441000 1
29032 -40.010000 -56.750000 -5.971000 1
29041 -40.646000 -56.609000 -6.721000 1
29042 -41.290000 -56.455000 -7.511000 1
29763 -37.899000 -55.924000 -0.273000 1
29764 -38.469000 -55.378000 0.138000 1
29765 -39.288000 -55.722000 0.416000 1
29774 -37.925000 -55.003000 -0.391000 1
29784 -37.415000 -55.624000 -1.531000 1
29797 -37.486000 -55.229000 -2.320000 1
29807 -37.610000 -55.815000 -3.102000 1
29808 -38.058000 -55.282000 -3.867000 1
29813 -38.552000 -55.803000 -4.563000 1
29832 -40.838000 -55.763000 -7.013000 1
29844 -41.176000 -54.886000 -7.329000 1
29845 -41.591000 -55.703000 -7.791000 1
30556 -37.686000 -54.449000 -0.895000 1
30568 -37.512000 -54.795000 -1.559000 1
30579 -37.612000 -54.304000 -2.251000 1
30588 -37.779000 -54.678000 -3.156000 1
30594 -38.197000 -54.538000 -3.906000 1
30595 -38.964000 -54.164000 -4.976000 1
30603 -39.521000 -54.294000 -5.601000 1
30604 -40.111000 -54.361000 -6.245000 1
30614 -40.670000 -54.422000 -6.777000 1
30615 -41.122000 -54.126000 -7.164000 1
30625 -41.853000 -54.199000 -7.765000 1
30626 -42.852000 -54.326000 -8.625000 1
30634 -42.090000 -54.993000 -8.212000 1
30635 -42.939000 -55.085000 -9.173000 1
31369 -37.669000 -53.990000 -1.473000 1
31378 -37.780000 -53.453000 -2.040000 1
31389 -37.887000 -53.718000 -2.848000 1
31395 -38.561000 -53.278000 -4.040000 1
31396 -38.962000 -53.354000 -4.688000 1
31406 -39.448000 -53.458000 -5.331000 1
31407 -39.972000 -53.580000 -5.969000 1
31422 -40.659000 -53.678000 -6.633000 1
31423 -41.488000 -53.481000 -7.303000 1
31433 -42.579000 -53.419000 -8.120000 1
31443 -43.714000 -53.705000 -9.154000 1
31444 -44.201000 -53.802000 -9.992000 1
32261 -38.367000 -52.090000 -2.414000 1
32269 -38.469000 -52.375000 -3.183000 1
32280 -38.609000 -52.675000 -3.767000 1
32281 -38.939000 -52.608000 -4.339000 1
32295 -39.429000 -52.612000 -5.007000 1
32296 -39.969000 -52.745000 -5.670000 1
32311 -40.418000 -52.978000 -6.237000 1
32312 -41.059000 -52.823000 -6.763000 1
32317 -41.881000 -52.717000 -7.433000 1
32318 -42.709000 -52.630000 -8.015000 1
32327 -43.653000 -52.930000 -8.678000 1
32328 -44.328000 -53.048000 -9.677000 1
32329 -44.396000 -52.443000 -9.736000 1
32340 -44.336000 -53.120000 -10.022000 1
33226 -38.477000 -51.338000 -2.215000 1
33234 -38.632000 -51.470000 -3.095000 1
33235 -39.173000 -51.033000 -3.922000 1
33248 -38.848000 -51.982000 -3.824000 1
33263 -40.549000 -51.332000 -5.867000 1
33276 -41.099000 -51.326000 -6.455000 1
33277 -41.844000 -51.325000 -7.172000 1
33286 -42.819000 -51.405000 -7.808000 1
33287 -44.065000 -51.495000 -8.560000 1
33297 -44.261000 -52.420000 -8.924000 1
33298 -44.580000 -51.700000 -9.351000 1
34260 -38.534000 -50.616000 -2.005000 1
34285 -39.997000 -50.114000 -4.947000 1
34299 -39.761000 -50.900000 -4.832000 1
34300 -40.372000 -50.230000 -5.450000 1
34314 -40.789000 -50.568000 -6.042000 1
34315 -41.522000 -50.612000 -6.751000 1
34321 -42.341000 -50.669000 -7.395000 1
34322 -43.208000 -50.822000 -7.941000 1
34323 -43.945000 -50.650000 -8.362000 1
34330 -44.947000 -50.892000 -8.960000 1
35258 -38.592000 -49.339000 -1.502000 1
35279 -39.418000 -49.486000 -3.901000 1
35293 -39.838000 -49.405000 -4.599000 1
35294 -40.364000 -49.415000 -5.326000 1
35305 -40.930000 -49.190000 -5.951000 1
35315 -40.723000 -49.838000 -5.842000 1
35316 -41.302000 -49.801000 -6.425000 1
35317 -41.994000 -49.347000 -6.945000 1
35323 -41.957000 -50.043000 -7.079000 1
35324 -42.992000 -49.917000 -7.663000 1
35325 -44.404000 -50.057000 -8.451000 1
35326 -45.365000 -50.205000 -9.015000 1
36180 -38.681000 -48.547000 -1.146000 1
36201 -39.223000 -48.301000 -3.391000 1
36213 -39.618000 -48.612000 -4.118000 1
36214 -40.130000 -48.590000 -4.902000 1
36224 -40.688000 -48.546000 -5.539000 1
36225 -41.275000 -48.504000 -6.099000 1
36233 -41.911000 -48.586000 -6.642000 1
36239 -42.686000 -48.822000 -7.253000 1
36240 -43.779000 -49.123000 -7.860000 1
36241 -45.010000 -49.415000 -8.549000 1
37074 -38.944000 -47.813000 -0.838000 1
37075 -39.015000 -47.086000 -1.334000 1
37087 -38.775000 -47.871000 -1.677000 1
37088 -38.972000 -47.235000 -2.296000 1
37098 -39.226000 -47.519000 -3.175000 1
37113 -39.534000 -47.837000 -3.821000 1
37114 -40.010000 -47.690000 -4.487000 1
37125 -40.483000 -47.921000 -5.167000 1
37126 -41.150000 -47.730000 -5.695000 1
37127 -41.977000 -47.312000 -6.129000 1
37136 -41.721000 -47.979000 -6.295000 1
37137 -42.524000 -47.914000 -6.766000 1
37138 -42.736000 -47.132000 -6.481000 1
37144 -43.341000 -48.304000 -7.377000 1
37974 -39.903000 -46.963000 0.153000 1
37989 -39.782000 -46.255000 -0.308000 1
38000 -39.351000 -46.312000 -1.043000 1
38009 -39.178000 -46.432000 -1.986000 1
38020 -39.874000 -46.280000 -3.536000 1
38032 -39.659000 -47.100000 -3.759000 1
38033 -40.258000 -46.727000 -4.307000 1
38034 -40.984000 -46.342000 -4.775000 1
38043 -40.679000 -47.179000 -5.023000 1
38044 -41.464000 -46.806000 -5.485000 1
38045 -42.424000 -46.474000 -5.897000 1
38830 -41.422000 -45.300000 0.605000 1
38858 -39.750000 -45.577000 -0.848000 1
38859 -39.939000 -44.999000 -1.491000 1
38866 -39.538000 -45.696000 -1.710000 1
38867 -39.948000 -45.204000 -2.382000 1
38881 -39.585000 -45.923000 -2.649000 1
38882 -40.172000 -45.517000 -3.259000 1
38883 -40.863000 -45.156000 -3.761000 1
38895 -40.527000 -45.896000 -4.066000 1
38896 -41.298000 -45.550000 -4.482000 1
38897 -42.097000 -45.190000 -4.842000 1
38906 -41.769000 -45.960000 -5.213000 1
39672 -40.842000 -44.922000 0.255000 1
39692 -40.492000 -44.584000 -0.316000 1
39703 -40.317000 -44.248000 -1.186000 1
39712 -40.313000 -44.482000 -2.168000 1
39713 -40.781000 -44.162000 -2.783000 1
39726 -40.478000 -44.788000 -3.012000 1
39727 -41.166000 -44.420000 -3.471000 1
39728 -41.901000 -44.064000 -3.899000 1
39740 -41.589000 -44.784000 -4.190000 1
39741 -42.379000 -44.455000 -4.519000 1
114368 -39.342000 -46.706000 -2.933000 1
114811 -38.194000 -53.897000 -3.615000 1
115013 -40.750000 -46.680000 0.444000 1
115807 -42.626000 -45.617000 -5.472000 1
115894 -40.105000 -44.955000 -0.759000 1
116138 -38.545000 -54.010000 -4.312000 1
116225 -39.467000 -56.924000 -5.393000 1
116244 -43.635000 -54.411000 -9.643000 1
119617 -39.070000 -55.044000 -5.186000 1
119660 -40.415000 -55.068000 -6.574000 1
120675 -39.729000 -55.116000 -5.888000 1
120993 -37.363000 -57.804000 -1.482000 1
121077 -40.267000 -50.890000 -5.436000 1
121823 -37.485000 -56.721000 -2.755000 1
124538 -37.741000 -56.610000 -3.430000 1
125302 -39.249000 -48.956000 -3.523000 1
125343 -37.337000 -57.882000 -2.033000 1
125390 -43.332000 -52.140000 -8.295000 1
125519 -40.637000 -43.896000 -0.516000 1
126466 -38.589000 -49.952000 -1.947000 1
126898 -40.620000 -52.128000 -6.164000 1
126899 -41.437000 -52.046000 -6.904000 1
127091 -42.297000 -52.029000 -7.576000 1
127762 -38.292000 -53.142000 -3.353000 1
129494 -38.536000 -54.814000 -4.495000 1
129531 -40.244000 -46.206000 0.154000 1
131452 -40.142000 -55.883000 -6.250000 1
132767 -37.509000 -55.899000 -0.851000 1
132993 -37.545000 -55.202000 -0.926000 1
133315 -41.447000 -49.077000 -6.413000 1
135478 -37.593000 -57.061000 -3.143000 1
135859 -37.701000 -55.506000 -0.602000 1
136256 -40.093000 -50.534000 -5.167000 1
