# sub-09 hemi-L RWvsFF_scaled Cluster_14
64
17078 -40.103000 -69.248000 -9.620000 1
17092 -40.684000 -69.248000 -10.161000 1
17925 -40.341000 -68.333000 -8.900000 1
17926 -41.132000 -68.045000 -9.229000 1
17940 -39.879000 -68.933000 -9.153000 1
17941 -40.615000 -68.709000 -9.480000 1
17942 -42.075000 -67.668000 -9.586000 1
17957 -41.678000 -68.846000 -10.645000 1
17958 -42.269000 -68.170000 -10.268000 1
18856 -40.214000 -67.222000 -7.994000 1
18864 -39.913000 -67.963000 -8.330000 1
18865 -40.712000 -67.649000 -8.615000 1
18866 -41.548000 -67.306000 -8.894000 1
18867 -42.239000 -66.949000 -9.131000 1
18878 -42.833000 -66.896000 -9.580000 1
19766 -40.592000 -66.435000 -7.677000 1
19767 -41.510000 -65.952000 -7.927000 1
19779 -41.077000 -66.834000 -8.281000 1
19780 -42.044000 -66.350000 -8.558000 1
19781 -42.786000 -66.224000 -9.060000 1
19792 -43.450000 -66.025000 -9.598000 1
20663 -41.519000 -64.827000 -7.044000 1
20674 -41.009000 -65.608000 -7.359000 1
20675 -42.043000 -65.040000 -7.528000 1
20676 -42.922000 -64.382000 -7.745000 1
20691 -42.456000 -65.353000 -8.114000 1
20692 -43.206000 -64.680000 -8.468000 1
20704 -43.369000 -65.313000 -9.076000 1
21561 -37.635000 -64.556000 -2.520000 1
21577 -37.581000 -64.867000 -3.242000 1
21591 -38.808000 -64.054000 -4.714000 1
21600 -38.543000 -64.807000 -5.103000 1
21601 -39.498000 -64.332000 -5.462000 1
21602 -40.741000 -63.840000 -5.770000 1
21611 -41.486000 -64.199000 -6.435000 1
21612 -42.588000 -64.059000 -7.024000 1
22531 -37.617000 -63.385000 -1.851000 1
22544 -37.587000 -63.700000 -2.546000 1
22545 -37.881000 -63.570000 -3.399000 1
22554 -38.566000 -63.440000 -4.118000 1
22555 -39.411000 -63.307000 -4.631000 1
22556 -40.386000 -62.807000 -4.822000 1
22563 -39.984000 -63.533000 -5.170000 1
22564 -41.237000 -63.027000 -5.381000 1
22565 -42.239000 -62.550000 -5.703000 1
22571 -42.007000 -63.316000 -5.938000 1
23507 -37.601000 -62.895000 -2.363000 1
23516 -37.755000 -63.068000 -3.006000 1
23517 -38.408000 -62.743000 -3.628000 1
23528 -39.406000 -62.705000 -4.350000 1
23529 -41.517000 -62.256000 -5.008000 1
23530 -41.814000 -61.794000 -5.045000 1
23537 -42.117000 -62.032000 -5.362000 1
24469 -37.965000 -61.636000 -3.013000 1
24478 -39.358000 -61.945000 -4.068000 1
116345 -42.795000 -65.603000 -8.623000 1
117631 -40.486000 -62.133000 -4.554000 1
117768 -37.657000 -65.252000 -2.704000 1
120733 -37.613000 -64.192000 -3.122000 1
126772 -41.298000 -61.731000 -4.765000 1
127007 -38.435000 -62.043000 -3.473000 1
127070 -41.437000 -68.476000 -9.864000 1
130879 -42.610000 -62.960000 -6.228000 1
132087 -42.494000 -63.403000 -6.501000 1
