# sub-09 hemi-R FacesvsAllnoFace_scaled Cluster_23
15
28216 43.213000 -57.336000 4.551000 1
28233 44.358000 -57.436000 3.355000 1
28234 43.614000 -56.978000 3.787000 1
28235 42.718000 -56.219000 3.940000 1
28252 43.774000 -56.576000 2.861000 1
28253 43.176000 -56.196000 3.202000 1
29123 41.259000 -56.056000 5.061000 1
29140 41.823000 -55.709000 4.280000 1
29141 40.950000 -55.241000 4.312000 1
29157 42.046000 -55.486000 3.483000 1
29158 41.253000 -55.044000 3.485000 1
29175 42.544000 -55.647000 2.939000 1
29176 41.714000 -55.190000 2.672000 1
134687 43.715000 -57.689000 4.324000 1
135774 40.701000 -54.877000 3.789000 1
