# sub-09 hemi-L LimbsvsAllnoLimbs_scaled Cluster_10
88
15376 -26.654000 -71.400000 -8.122000 1
15390 -26.521000 -71.490000 -8.948000 1
16179 -21.651000 -70.016000 -7.493000 1
16180 -22.090000 -70.070000 -6.861000 1
16181 -22.911000 -70.276000 -6.772000 1
16182 -23.813000 -70.394000 -6.679000 1
16183 -24.856000 -70.427000 -6.610000 1
16184 -25.818000 -70.583000 -6.862000 1
16195 -22.455000 -70.306000 -7.415000 1
16196 -23.328000 -70.508000 -7.413000 1
16197 -24.265000 -70.661000 -7.381000 1
16198 -25.178000 -70.738000 -7.444000 1
16199 -26.088000 -70.950000 -7.646000 1
16200 -26.969000 -71.102000 -7.378000 1
16207 -22.047000 -70.199000 -8.055000 1
16208 -22.802000 -70.382000 -8.181000 1
16209 -23.813000 -70.577000 -8.358000 1
16210 -24.658000 -70.771000 -8.068000 1
16211 -25.366000 -70.901000 -8.332000 1
16212 -26.010000 -71.125000 -8.643000 1
16220 -23.102000 -70.161000 -9.113000 1
16221 -23.978000 -70.248000 -9.437000 1
16222 -24.803000 -70.196000 -9.986000 1
16223 -25.428000 -70.759000 -9.300000 1
17024 -22.093000 -69.325000 -5.960000 1
17025 -22.970000 -69.446000 -5.821000 1
17026 -24.296000 -68.961000 -5.459000 1
17027 -25.173000 -69.199000 -5.555000 1
17028 -26.110000 -69.206000 -5.608000 1
17036 -20.034000 -69.064000 -7.689000 1
17037 -20.402000 -69.388000 -7.026000 1
17038 -21.821000 -69.686000 -6.477000 1
17039 -22.539000 -69.854000 -6.330000 1
17040 -23.370000 -70.009000 -6.196000 1
17041 -24.220000 -70.062000 -6.106000 1
17042 -25.022000 -69.937000 -5.953000 1
17051 -20.820000 -69.577000 -7.621000 1
17056 -20.528000 -69.216000 -8.232000 1
17057 -21.340000 -69.647000 -8.387000 1
17058 -22.229000 -69.914000 -8.814000 1
17066 -21.660000 -69.107000 -9.369000 1
17067 -22.568000 -69.386000 -9.683000 1
17068 -23.405000 -69.607000 -9.954000 1
17069 -24.089000 -69.744000 -10.207000 1
17085 -22.976000 -68.701000 -10.478000 1
17086 -23.708000 -69.057000 -10.763000 1
17087 -24.463000 -69.389000 -10.884000 1
17888 -19.704000 -68.202000 -5.734000 1
17889 -20.649000 -68.538000 -5.761000 1
17890 -21.605000 -68.528000 -5.636000 1
17891 -22.596000 -68.690000 -5.570000 1
17903 -18.631000 -67.613000 -6.709000 1
17904 -19.268000 -68.362000 -6.569000 1
17905 -20.092000 -68.913000 -6.397000 1
17906 -21.103000 -69.264000 -6.272000 1
17914 -19.269000 -68.047000 -7.604000 1
17921 -20.078000 -68.431000 -8.412000 1
17922 -20.825000 -68.751000 -8.957000 1
17931 -20.590000 -67.386000 -9.251000 1
17932 -21.366000 -67.842000 -9.741000 1
17933 -22.186000 -68.290000 -10.146000 1
17949 -21.980000 -66.820000 -10.515000 1
17950 -22.737000 -67.402000 -10.891000 1
17951 -23.410000 -67.946000 -11.231000 1
17952 -24.107000 -68.412000 -11.490000 1
17965 -23.759000 -67.355000 -11.936000 1
18829 -20.430000 -67.659000 -5.240000 1
18841 -18.652000 -67.450000 -5.672000 1
18852 -19.183000 -66.418000 -8.166000 1
18861 -19.810000 -66.967000 -8.680000 1
18872 -21.217000 -66.226000 -9.993000 1
18882 -22.452000 -66.304000 -11.271000 1
18883 -23.119000 -66.775000 -11.624000 1
19773 -19.662000 -65.474000 -8.892000 1
19774 -20.429000 -65.857000 -9.498000 1
19784 -20.046000 -65.311000 -9.643000 1
19785 -20.789000 -65.531000 -10.139000 1
19786 -21.588000 -65.880000 -10.750000 1
20681 -19.287000 -65.068000 -8.961000 1
114341 -24.686000 -70.627000 -8.917000 1
124785 -26.537000 -70.747000 -6.982000 1
127499 -21.039000 -68.116000 -5.467000 1
128189 -21.288000 -69.746000 -6.923000 1
130440 -19.710000 -68.915000 -7.127000 1
131632 -25.712000 -70.161000 -6.251000 1
132530 -23.802000 -69.549000 -5.742000 1
135316 -24.502000 -69.583000 -5.738000 1
136080 -25.680000 -69.699000 -5.837000 1
