# sub-09 hemi-R FacesvsAllnoFace_scaled Cluster_1
13
2181 24.836000 -88.455000 -4.627000 1
2196 25.308000 -88.878000 -5.031000 1
2197 24.845000 -88.521000 -5.217000 1
2207 25.208000 -88.963000 -5.820000 1
2738 24.768000 -88.172000 -5.805000 1
2749 25.415000 -88.195000 -7.286000 1
2763 25.851000 -87.762000 -8.051000 1
3267 25.194000 -86.399000 -6.713000 1
3268 24.688000 -87.169000 -5.808000 1
3281 25.453000 -87.116000 -7.427000 1
3836 24.927000 -85.965000 -5.820000 1
117725 25.040000 -87.650000 -6.591000 1
127348 25.573000 -86.046000 -7.514000 1
