# sub-09 hemi-R RWvsAllNotext_scaled Cluster_22
24
21109 40.051000 -63.798000 -5.595000 1
23104 39.707000 -61.878000 -4.633000 1
23119 40.336000 -62.741000 -5.178000 1
23989 38.881000 -61.668000 -4.461000 1
23990 38.151000 -61.829000 -4.488000 1
23991 36.951000 -60.984000 -5.026000 1
23992 36.853000 -61.868000 -4.858000 1
24004 36.507000 -61.573000 -5.579000 1
24872 38.340000 -60.821000 -4.407000 1
24873 37.672000 -60.463000 -4.765000 1
24884 37.260000 -60.309000 -5.521000 1
24885 36.692000 -60.879000 -6.005000 1
24891 37.198000 -60.379000 -6.769000 1
24897 37.412000 -60.560000 -7.915000 1
25758 37.876000 -59.707000 -5.129000 1
25767 38.272000 -59.246000 -5.930000 1
25771 38.256000 -59.554000 -6.956000 1
25772 37.671000 -59.749000 -6.209000 1
25781 37.878000 -60.001000 -7.515000 1
117354 38.440000 -59.874000 -4.561000 1
130194 37.454000 -61.254000 -4.654000 1
131853 37.467000 -62.034000 -4.605000 1
132826 39.198000 -61.099000 -4.326000 1
134931 39.112000 -62.723000 -4.735000 1
