# sub-09 hemi-R LimbsvsAllnoLimbsnoCS_scaled Cluster_18
49
15606 43.175000 -69.355000 9.904000 1
15619 44.798000 -69.441000 10.143000 1
15620 44.109000 -69.529000 9.988000 1
15676 45.316000 -69.968000 4.469000 1
16645 45.394000 -69.125000 10.073000 1
16646 44.665000 -69.098000 9.684000 1
16647 43.679000 -69.078000 9.539000 1
16648 42.186000 -68.906000 9.557000 1
16658 44.933000 -68.265000 9.135000 1
16659 44.156000 -68.514000 9.174000 1
16660 42.872000 -68.931000 9.398000 1
16661 41.485000 -68.589000 8.978000 1
16662 40.853000 -68.446000 8.923000 1
16703 44.699000 -68.987000 4.426000 1
17696 45.838000 -67.951000 9.199000 1
17697 44.254000 -67.836000 8.675000 1
17698 43.267000 -68.179000 8.753000 1
17699 42.332000 -67.865000 8.253000 1
17700 40.905000 -68.181000 8.420000 1
17713 46.369000 -67.103000 8.408000 1
17714 45.078000 -67.349000 8.350000 1
17716 42.362000 -67.376000 7.394000 1
17717 41.603000 -67.726000 7.851000 1
17734 44.324000 -67.031000 5.878000 1
17755 45.724000 -67.396000 4.955000 1
17756 44.723000 -67.475000 5.077000 1
17757 43.743000 -67.548000 5.247000 1
17773 45.324000 -68.264000 4.533000 1
17774 44.157000 -68.093000 4.673000 1
18753 47.315000 -66.960000 8.766000 1
18763 47.359000 -66.282000 7.072000 1
18764 46.531000 -66.507000 7.317000 1
18765 45.558000 -66.714000 7.498000 1
18766 44.684000 -66.851000 7.482000 1
18776 48.715000 -65.621000 7.027000 1
18778 46.786000 -66.407000 6.275000 1
18779 45.857000 -66.539000 6.474000 1
18780 44.921000 -66.674000 6.635000 1
18800 46.223000 -66.788000 5.525000 1
18801 45.260000 -66.875000 5.679000 1
121257 45.580000 -69.272000 4.378000 1
124913 41.650000 -68.255000 8.529000 1
125756 49.214000 -65.305000 7.734000 1
129657 47.923000 -66.343000 7.897000 1
131421 42.993000 -67.472000 7.883000 1
132597 42.241000 -68.606000 8.919000 1
133627 48.032000 -66.060000 6.805000 1
135633 47.176000 -66.645000 7.955000 1
136386 45.445000 -68.673000 9.635000 1
