# sub-09 hemi-R RWvsAllNotext_scaled Cluster_4
15
4506 24.530000 -84.763000 -16.472000 1
4518 24.370000 -84.723000 -17.200000 1
4529 26.330000 -84.754000 -17.733000 1
4530 24.889000 -84.610000 -17.680000 1
5165 27.699000 -83.772000 -17.712000 1
5167 25.690000 -84.044000 -18.062000 1
5785 27.179000 -82.397000 -17.288000 1
5792 27.228000 -83.133000 -17.694000 1
5793 26.373000 -82.851000 -17.852000 1
5794 25.272000 -82.810000 -17.990000 1
6357 26.362000 -81.823000 -17.162000 1
6366 25.404000 -81.659000 -17.357000 1
123712 23.769000 -84.523000 -16.700000 1
127709 25.561000 -84.910000 -17.579000 1
134226 25.869000 -82.225000 -17.681000 1
