# sub-09 hemi-R LimbsvsAllnoLimbsnoCS_scaled Cluster_14
67
13082 41.563000 -72.270000 -6.481000 1
13962 42.339000 -71.720000 -6.898000 1
13963 41.256000 -71.335000 -6.136000 1
14847 41.009000 -70.427000 -5.770000 1
14857 41.964000 -70.737000 -6.535000 1
15802 40.205000 -69.404000 -4.698000 1
15815 41.689000 -69.820000 -6.132000 1
15816 40.883000 -69.558000 -5.406000 1
15832 42.257000 -69.281000 -6.385000 1
16780 39.228000 -68.346000 -0.966000 1
16819 40.393000 -68.381000 -4.219000 1
16843 41.694000 -67.998000 -5.210000 1
16844 40.814000 -68.719000 -4.895000 1
16845 40.131000 -68.870000 -4.308000 1
16863 42.522000 -68.482000 -6.200000 1
16864 41.594000 -68.954000 -5.723000 1
16877 43.289000 -68.548000 -6.868000 1
17842 39.282000 -67.561000 -1.318000 1
17856 39.485000 -67.512000 -2.180000 1
17868 40.365000 -67.767000 -3.727000 1
17869 40.050000 -67.216000 -2.961000 1
17884 42.190000 -67.091000 -5.003000 1
17885 41.262000 -67.247000 -4.327000 1
17907 43.693000 -67.282000 -6.155000 1
17908 42.745000 -67.609000 -5.747000 1
17925 43.985000 -67.510000 -6.824000 1
17926 43.381000 -67.954000 -6.506000 1
18895 39.694000 -66.551000 -2.271000 1
18905 41.152000 -66.438000 -3.785000 1
18906 40.436000 -66.448000 -3.105000 1
18917 42.612000 -66.412000 -4.854000 1
18918 41.862000 -66.461000 -4.400000 1
18939 44.027000 -66.619000 -5.850000 1
18940 43.104000 -66.862000 -5.464000 1
18954 44.399000 -66.246000 -6.221000 1
18955 44.148000 -66.929000 -6.474000 1
19965 39.098000 -65.254000 -1.455000 1
19966 38.904000 -65.461000 -0.598000 1
19979 40.131000 -65.732000 -2.636000 1
19980 39.505000 -65.765000 -1.998000 1
19991 41.684000 -65.747000 -3.912000 1
19992 40.893000 -65.686000 -3.325000 1
20005 45.115000 -64.877000 -5.302000 1
20006 44.699000 -65.248000 -5.165000 1
20007 43.953000 -65.508000 -4.895000 1
20008 42.376000 -65.876000 -4.428000 1
20023 44.729000 -65.457000 -5.720000 1
20024 44.339000 -65.870000 -5.540000 1
21055 39.185000 -64.346000 -1.752000 1
21056 38.671000 -64.658000 -0.855000 1
21066 41.256000 -64.261000 -3.175000 1
21067 40.564000 -64.829000 -2.864000 1
21093 43.044000 -65.594000 -4.605000 1
21107 45.335000 -64.358000 -5.410000 1
22129 40.651000 -63.786000 -2.713000 1
22130 39.734000 -63.636000 -2.240000 1
113211 39.634000 -67.969000 -2.899000 1
113481 42.690000 -70.052000 -6.988000 1
113688 39.396000 -66.941000 -1.567000 1
115360 40.909000 -68.009000 -4.490000 1
115469 43.431000 -66.141000 -5.141000 1
116384 40.658000 -67.022000 -3.588000 1
119449 39.255000 -66.155000 -1.289000 1
127443 42.957000 -69.148000 -6.950000 1
130239 39.932000 -64.333000 -2.406000 1
132623 39.671000 -65.055000 -2.238000 1
135816 42.838000 -66.008000 -4.747000 1
