# sub-09 hemi-R RWvsPER_scaled Cluster_28
150
21020 40.804000 -64.036000 0.597000 1
21021 39.725000 -63.936000 0.588000 1
21022 38.943000 -64.102000 0.284000 1
21036 38.595000 -63.926000 -0.345000 1
21055 39.185000 -64.346000 -1.752000 1
22084 40.291000 -62.616000 0.746000 1
22085 39.255000 -63.188000 0.502000 1
22086 38.812000 -63.416000 0.243000 1
22103 38.544000 -62.951000 -0.207000 1
22117 39.031000 -63.474000 -1.666000 1
22118 38.561000 -63.262000 -1.035000 1
22130 39.734000 -63.636000 -2.240000 1
22139 43.382000 -63.557000 -3.602000 1
23048 39.822000 -62.017000 0.803000 1
23049 38.939000 -62.561000 0.412000 1
23063 38.575000 -61.953000 0.045000 1
23074 39.013000 -62.149000 -1.625000 1
23075 38.556000 -62.316000 -0.941000 1
23087 43.252000 -61.940000 -2.807000 1
23088 42.544000 -62.417000 -2.904000 1
23090 40.350000 -62.375000 -2.374000 1
23091 39.537000 -62.782000 -2.054000 1
23099 43.302000 -62.670000 -3.205000 1
23924 39.399000 -61.374000 0.839000 1
23925 38.692000 -60.982000 0.295000 1
23938 38.551000 -60.573000 -0.207000 1
23949 39.165000 -61.392000 -1.629000 1
23950 38.566000 -61.291000 -0.625000 1
23961 47.543000 -61.354000 -3.394000 1
23965 43.917000 -61.352000 -2.640000 1
23966 42.008000 -61.338000 -2.494000 1
23968 39.701000 -61.930000 -2.062000 1
24794 39.310000 -60.580000 1.272000 1
24795 38.866000 -59.945000 1.466000 1
24802 38.703000 -60.175000 0.525000 1
24815 38.563000 -59.765000 -0.283000 1
24824 40.057000 -59.797000 -1.844000 1
24825 39.364000 -60.485000 -1.617000 1
24826 38.751000 -60.080000 -1.086000 1
24840 48.512000 -60.369000 -3.383000 1
24841 47.836000 -60.704000 -3.103000 1
24847 41.848000 -60.444000 -2.312000 1
24848 40.977000 -60.132000 -2.113000 1
24849 39.934000 -61.189000 -2.022000 1
25672 38.516000 -59.563000 1.921000 1
25673 37.865000 -59.025000 2.203000 1
25701 38.604000 -58.841000 -0.472000 1
25709 41.706000 -58.732000 -1.919000 1
25710 40.867000 -59.274000 -1.922000 1
25711 39.978000 -58.914000 -1.719000 1
25712 38.892000 -58.695000 -1.084000 1
25724 48.148000 -60.023000 -2.866000 1
25726 44.673000 -59.574000 -2.287000 1
25727 43.864000 -59.453000 -2.210000 1
25728 43.079000 -59.367000 -2.140000 1
25729 41.747000 -59.632000 -2.134000 1
26542 37.616000 -58.314000 2.119000 1
26548 37.944000 -58.547000 1.645000 1
26567 38.761000 -58.029000 -0.651000 1
26580 42.156000 -57.899000 -1.805000 1
26581 40.741000 -58.408000 -1.748000 1
26582 39.288000 -57.960000 -1.173000 1
26594 48.514000 -59.224000 -2.779000 1
26595 47.321000 -59.350000 -2.563000 1
26596 46.178000 -59.122000 -2.385000 1
26597 45.225000 -58.990000 -2.245000 1
26598 44.353000 -58.858000 -2.145000 1
26599 43.517000 -58.760000 -2.046000 1
26600 42.673000 -58.694000 -1.969000 1
27410 38.340000 -56.811000 0.532000 1
27419 39.168000 -57.126000 -0.762000 1
27433 45.372000 -57.222000 -2.026000 1
27434 44.448000 -57.165000 -1.891000 1
27435 43.540000 -57.142000 -1.779000 1
27436 42.605000 -57.111000 -1.681000 1
27437 41.560000 -57.087000 -1.581000 1
27438 40.668000 -57.564000 -1.561000 1
27439 39.888000 -57.294000 -1.299000 1
27450 49.131000 -57.517000 -2.591000 1
27451 48.223000 -57.522000 -2.403000 1
27452 46.758000 -58.365000 -2.385000 1
27453 45.764000 -58.227000 -2.252000 1
27454 44.850000 -58.115000 -2.110000 1
27455 43.968000 -58.023000 -2.003000 1
27456 43.076000 -57.937000 -1.881000 1
28266 48.317000 -56.961000 1.374000 1
28267 46.553000 -57.098000 1.555000 1
28271 38.311000 -56.050000 1.069000 1
28282 49.179000 -56.350000 0.947000 1
28283 48.020000 -55.961000 0.676000 1
28284 46.328000 -56.111000 0.857000 1
28285 45.586000 -55.825000 0.589000 1
28286 44.740000 -55.800000 0.681000 1
28287 39.206000 -55.953000 0.091000 1
28288 38.703000 -56.153000 0.422000 1
28296 39.401000 -56.377000 -0.430000 1
28297 38.840000 -56.579000 -0.120000 1
28309 48.652000 -55.855000 -1.744000 1
28310 47.843000 -55.969000 -1.709000 1
28311 46.942000 -56.054000 -1.678000 1
28312 44.956000 -56.368000 -1.646000 1
28314 43.134000 -56.436000 -1.454000 1
28316 40.645000 -56.768000 -1.288000 1
28317 39.907000 -56.526000 -0.898000 1
28329 47.591000 -56.684000 -2.030000 1
28330 46.306000 -57.407000 -2.170000 1
29200 50.684000 -55.699000 0.125000 1
29201 49.583000 -55.702000 0.247000 1
29202 48.655000 -55.692000 0.283000 1
29203 47.022000 -55.688000 0.384000 1
29204 46.111000 -55.543000 0.106000 1
29205 45.287000 -55.513000 -0.065000 1
29211 39.598000 -55.532000 0.532000 1
29212 38.919000 -55.640000 0.754000 1
29219 50.990000 -55.514000 -0.744000 1
29222 47.786000 -55.469000 -0.268000 1
29223 46.698000 -55.437000 -0.564000 1
29224 45.785000 -55.492000 -0.730000 1
29230 39.936000 -55.863000 -0.263000 1
29245 48.203000 -55.531000 -1.257000 1
29246 47.262000 -55.601000 -1.274000 1
29247 46.333000 -55.702000 -1.299000 1
113428 43.016000 -61.277000 -2.565000 1
114575 44.870000 -60.175000 -2.392000 1
114636 43.352000 -60.004000 -2.282000 1
114637 44.148000 -60.083000 -2.330000 1
116057 40.264000 -63.088000 -2.444000 1
117310 38.749000 -60.908000 -1.204000 1
120024 41.356000 -57.919000 -1.737000 1
122119 40.779000 -63.100000 0.647000 1
122878 38.616000 -60.539000 -0.734000 1
123683 48.902000 -58.357000 -2.705000 1
123790 39.216000 -59.413000 -1.417000 1
123819 46.001000 -56.366000 -1.757000 1
126167 47.281000 -56.525000 1.136000 1
126563 47.839000 -58.429000 -2.510000 1
127044 38.709000 -59.356000 -0.939000 1
127506 45.409000 -55.794000 -1.314000 1
127720 48.675000 -56.558000 -2.192000 1
129893 46.526000 -59.823000 -2.508000 1
130013 38.714000 -61.622000 -1.234000 1
130077 42.527000 -61.838000 -2.671000 1
130365 41.119000 -61.918000 -2.486000 1
131153 38.857000 -62.812000 -1.511000 1
132570 40.242000 -60.542000 -2.008000 1
132734 47.237000 -57.543000 -2.278000 1
132841 39.949000 -58.099000 -1.540000 1
133592 40.402000 -61.697000 -2.280000 1
136203 39.407000 -58.610000 -1.392000 1
136768 46.799000 -56.773000 -1.975000 1
