# sub-09 hemi-R FacesvsAllnoFacenoCS_scaled Cluster_12
55
10511 41.534000 -75.476000 1.464000 1
10522 42.565000 -75.311000 -0.426000 1
10523 41.790000 -75.765000 0.412000 1
10539 42.198000 -76.083000 -0.567000 1
11282 41.538000 -75.251000 2.771000 1
11293 42.080000 -74.274000 1.004000 1
11294 41.671000 -74.766000 1.574000 1
11307 42.462000 -74.615000 0.166000 1
11308 41.927000 -74.980000 0.657000 1
12070 41.924000 -74.540000 3.810000 1
12086 41.765000 -74.218000 2.195000 1
12101 43.753000 -73.534000 -0.566000 1
12102 42.825000 -73.940000 0.141000 1
12118 44.319000 -73.892000 -1.707000 1
12119 43.630000 -74.352000 -1.075000 1
12925 42.817000 -72.958000 3.317000 1
12937 43.321000 -72.122000 2.589000 1
12938 42.748000 -72.670000 1.838000 1
12952 44.386000 -71.972000 0.049000 1
12953 43.951000 -72.689000 -0.155000 1
12954 43.091000 -73.006000 0.613000 1
12967 45.169000 -72.680000 -1.822000 1
12968 44.527000 -73.157000 -1.249000 1
13837 44.125000 -71.758000 3.436000 1
13848 44.571000 -70.929000 1.412000 1
13849 43.870000 -71.450000 1.968000 1
13863 45.762000 -70.964000 -0.791000 1
13864 44.865000 -71.238000 0.188000 1
13873 45.986000 -71.328000 -2.006000 1
13874 45.322000 -71.882000 -1.109000 1
14755 45.408000 -70.744000 3.492000 1
14769 45.953000 -70.296000 2.913000 1
14770 45.279000 -70.499000 2.156000 1
14779 46.238000 -70.110000 -0.263000 1
14780 45.405000 -70.487000 0.684000 1
14785 46.783000 -69.722000 -1.268000 1
14786 46.338000 -70.517000 -1.640000 1
15702 47.042000 -69.461000 2.920000 1
15703 46.530000 -69.868000 2.930000 1
15712 46.904000 -69.386000 1.927000 1
15713 46.137000 -69.922000 1.567000 1
15717 47.563000 -68.624000 -0.197000 1
15718 46.904000 -69.342000 0.248000 1
15728 47.273000 -69.086000 -1.146000 1
115609 42.149000 -73.605000 2.914000 1
115654 41.417000 -76.211000 1.303000 1
116480 47.449000 -68.833000 1.091000 1
119276 41.394000 -76.212000 2.403000 1
121928 42.323000 -73.477000 1.523000 1
122415 43.509000 -72.104000 1.056000 1
123834 42.412000 -73.117000 2.329000 1
124953 42.990000 -74.670000 -0.525000 1
125280 44.685000 -71.120000 2.822000 1
136195 44.151000 -71.492000 0.929000 1
136572 44.705000 -72.507000 -0.837000 1
