# sub-09 hemi-L FacesvsAllnoFacenoCS_scaled Cluster_9
23
12696 -45.980000 -75.407000 4.308000 1
12697 -46.838000 -75.038000 4.723000 1
12698 -47.863000 -74.546000 4.690000 1
12699 -48.505000 -74.185000 4.822000 1
12712 -47.652000 -74.226000 3.879000 1
13494 -48.981000 -73.708000 5.176000 1
13507 -48.265000 -74.095000 4.165000 1
13508 -48.554000 -73.623000 4.279000 1
13509 -49.015000 -73.226000 4.938000 1
13521 -47.786000 -73.680000 3.203000 1
13522 -48.193000 -73.748000 3.668000 1
13523 -48.327000 -73.298000 3.419000 1
13531 -47.070000 -73.478000 2.650000 1
13532 -48.116000 -73.108000 2.630000 1
14400 -48.575000 -73.027000 3.909000 1
14409 -47.424000 -72.931000 2.103000 1
14410 -48.392000 -72.681000 2.815000 1
14422 -48.027000 -72.507000 1.811000 1
14423 -48.541000 -72.324000 2.087000 1
15261 -48.757000 -71.995000 2.204000 1
15274 -48.453000 -71.828000 1.396000 1
132915 -47.112000 -73.978000 3.336000 1
133778 -48.156000 -73.465000 3.236000 1
