# sub-09 hemi-R FacesvsAllnoFace_scaled Cluster_20
84
24886 34.338000 -60.009000 -6.383000 1
24892 33.866000 -60.034000 -7.312000 1
24899 33.047000 -60.174000 -8.788000 1
25759 35.198000 -59.081000 -4.594000 1
25760 34.832000 -59.752000 -4.573000 1
25768 34.857000 -59.525000 -5.452000 1
25773 34.187000 -59.396000 -7.420000 1
25782 33.976000 -58.997000 -8.440000 1
25783 33.580000 -59.668000 -8.212000 1
25791 33.551000 -59.528000 -8.995000 1
26601 35.052000 -58.780000 -3.047000 1
26613 35.308000 -58.593000 -3.851000 1
26630 35.444000 -58.289000 -4.676000 1
26641 35.237000 -58.698000 -5.544000 1
26642 34.753000 -59.067000 -6.530000 1
26649 35.093000 -58.050000 -6.687000 1
26650 34.444000 -58.543000 -7.675000 1
26659 34.373000 -58.433000 -8.519000 1
26664 35.095000 -58.389000 -9.007000 1
26665 34.422000 -58.664000 -8.891000 1
26666 34.815000 -59.255000 -9.223000 1
27440 34.533000 -57.292000 -1.396000 1
27457 35.180000 -57.566000 -2.557000 1
27458 34.724000 -58.016000 -1.905000 1
27470 35.347000 -57.946000 -3.267000 1
27485 35.526000 -57.914000 -4.041000 1
27491 35.547000 -57.274000 -6.025000 1
27497 35.207000 -57.080000 -7.275000 1
27498 34.688000 -57.709000 -7.963000 1
27508 35.065000 -56.995000 -8.071000 1
27509 34.825000 -57.844000 -8.498000 1
27513 37.476000 -57.612000 -8.645000 1
27514 36.262000 -57.426000 -8.674000 1
27515 35.362000 -57.108000 -8.369000 1
28298 34.327000 -56.576000 -0.948000 1
28318 34.879000 -56.563000 -1.679000 1
28331 35.342000 -56.684000 -2.494000 1
28332 34.983000 -57.244000 -2.003000 1
28355 35.868000 -56.581000 -4.332000 1
28360 35.832000 -56.577000 -5.389000 1
28371 35.613000 -56.443000 -6.577000 1
28378 35.434000 -56.341000 -7.632000 1
28380 36.930000 -56.682000 -8.554000 1
28381 35.956000 -56.466000 -8.397000 1
28382 35.503000 -56.384000 -8.111000 1
29252 35.270000 -55.703000 -2.006000 1
29253 34.807000 -54.878000 -1.374000 1
29276 36.099000 -54.957000 -3.576000 1
29277 35.841000 -55.666000 -3.283000 1
29288 36.272000 -55.134000 -4.473000 1
29289 36.110000 -55.863000 -4.883000 1
29297 36.299000 -55.142000 -5.408000 1
29298 35.998000 -55.810000 -5.956000 1
29308 36.197000 -55.070000 -6.485000 1
29309 35.755000 -55.704000 -7.089000 1
29311 36.152000 -55.238000 -8.034000 1
29315 36.578000 -55.667000 -8.339000 1
30213 36.390000 -54.366000 -4.226000 1
30221 36.517000 -54.307000 -5.891000 1
30228 36.365000 -54.355000 -7.044000 1
30229 36.090000 -55.100000 -7.477000 1
30231 36.464000 -54.527000 -7.777000 1
30236 36.725000 -54.728000 -8.169000 1
31171 36.962000 -53.205000 -7.152000 1
31175 36.726000 -53.789000 -7.473000 1
114241 35.873000 -59.124000 -9.052000 1
115595 35.403000 -57.765000 -8.717000 1
118415 35.629000 -57.262000 -3.794000 1
118572 35.662000 -57.422000 -4.784000 1
118843 36.072000 -58.325000 -8.888000 1
121170 35.025000 -58.236000 -2.609000 1
121544 35.386000 -54.833000 -2.003000 1
122253 37.124000 -58.322000 -8.750000 1
122585 36.439000 -54.563000 -4.954000 1
123023 35.600000 -55.939000 -2.774000 1
125458 34.607000 -55.791000 -1.212000 1
126709 36.047000 -55.801000 -3.962000 1
129143 35.884000 -55.858000 -8.171000 1
129806 38.004000 -58.350000 -8.605000 1
130451 35.465000 -57.194000 -3.090000 1
131065 34.013000 -58.926000 -8.911000 1
132256 35.467000 -57.969000 -5.510000 1
132283 35.735000 -55.742000 -7.862000 1
132674 35.703000 -56.458000 -3.382000 1
