# sub-09 hemi-L RWvsSC_scaled Cluster_24
69
25513 -48.851000 -60.945000 -10.327000 1
26479 -48.798000 -59.964000 -10.353000 1
27367 -48.002000 -58.489000 -9.433000 1
27374 -48.412000 -59.208000 -10.029000 1
27381 -48.990000 -59.069000 -10.398000 1
28209 -48.094000 -57.656000 -8.944000 1
28218 -48.640000 -57.731000 -9.792000 1
28219 -49.436000 -57.420000 -10.281000 1
28228 -49.235000 -58.292000 -10.329000 1
28229 -49.939000 -57.967000 -10.440000 1
29052 -47.576000 -56.783000 -7.019000 1
29053 -47.970000 -56.183000 -7.396000 1
29061 -47.897000 -57.093000 -8.018000 1
29062 -48.523000 -56.859000 -8.986000 1
29063 -49.109000 -56.368000 -9.406000 1
29072 -49.035000 -56.943000 -9.809000 1
29073 -49.638000 -56.463000 -10.057000 1
29074 -50.356000 -56.309000 -10.310000 1
29082 -50.114000 -57.111000 -10.468000 1
29833 -47.621000 -55.943000 -6.622000 1
29834 -48.105000 -55.326000 -6.944000 1
29846 -48.483000 -55.618000 -7.774000 1
29855 -48.827000 -55.986000 -8.660000 1
29856 -49.505000 -55.616000 -9.297000 1
29867 -50.123000 -55.657000 -9.945000 1
30627 -48.647000 -54.746000 -7.387000 1
30628 -49.350000 -54.313000 -7.883000 1
30637 -49.105000 -55.172000 -8.300000 1
30649 -50.687000 -54.994000 -9.853000 1
31434 -48.824000 -53.834000 -7.020000 1
31435 -49.593000 -53.343000 -7.483000 1
31436 -50.369000 -53.206000 -8.216000 1
32319 -50.172000 -52.594000 -7.520000 1
33280 -50.279000 -51.388000 -6.716000 1
33288 -50.074000 -52.036000 -6.978000 1
33289 -50.692000 -51.902000 -7.514000 1
34303 -50.138000 -50.146000 -5.799000 1
34316 -49.803000 -50.922000 -6.129000 1
34317 -50.541000 -50.611000 -6.432000 1
34324 -51.000000 -51.091000 -7.119000 1
35297 -49.037000 -49.204000 -4.586000 1
35306 -49.714000 -49.506000 -5.198000 1
35307 -50.486000 -49.465000 -5.593000 1
35308 -51.204000 -49.107000 -5.782000 1
36204 -49.000000 -48.384000 -4.106000 1
36215 -49.731000 -48.637000 -4.646000 1
36216 -50.333000 -48.105000 -4.632000 1
36226 -50.556000 -48.712000 -5.163000 1
37090 -47.465000 -47.574000 -2.724000 1
37091 -48.200000 -47.377000 -3.034000 1
37102 -49.940000 -47.076000 -3.816000 1
37115 -49.791000 -47.865000 -4.213000 1
37128 -51.018000 -47.836000 -4.881000 1
37129 -51.768000 -47.431000 -5.213000 1
38010 -47.886000 -46.713000 -2.469000 1
38011 -48.669000 -46.744000 -2.923000 1
38012 -49.232000 -46.145000 -2.961000 1
38021 -48.786000 -47.283000 -3.310000 1
38022 -49.302000 -46.851000 -3.353000 1
38023 -49.911000 -46.261000 -3.458000 1
38868 -47.972000 -45.854000 -2.083000 1
38869 -48.500000 -45.455000 -2.259000 1
38870 -49.058000 -45.465000 -2.598000 1
38884 -49.777000 -45.410000 -3.095000 1
38885 -50.425000 -45.659000 -3.582000 1
125346 -48.563000 -46.067000 -2.525000 1
131482 -48.629000 -58.578000 -10.090000 1
132864 -50.067000 -55.061000 -9.501000 1
134561 -48.334000 -56.349000 -8.156000 1
