# sub-09 hemi-R FacesvsAllnoFacenoCS_scaled Cluster_47
13
64230 38.666000 -19.084000 -4.364000 1
64231 37.014000 -18.321000 -4.057000 1
65117 37.265000 -17.366000 -3.125000 1
65137 38.565000 -17.562000 -4.367000 1
65138 37.676000 -17.855000 -4.055000 1
65139 36.725000 -17.869000 -3.465000 1
65152 38.586000 -18.348000 -4.441000 1
66069 38.367000 -16.416000 -3.267000 1
66085 38.631000 -16.786000 -4.222000 1
66086 38.017000 -17.124000 -3.635000 1
67083 39.052000 -15.209000 -3.945000 1
67084 38.760000 -16.015000 -4.022000 1
134897 39.145000 -18.613000 -4.368000 1
