# sub-09 hemi-R RWvsPER_scaled Cluster_0
16
1750 29.012000 -89.631000 -6.421000 1
2204 31.310000 -88.504000 -6.641000 1
2212 30.543000 -88.933000 -6.954000 1
2213 29.811000 -89.317000 -6.581000 1
2722 33.158000 -87.214000 -5.619000 1
2723 32.454000 -87.645000 -5.606000 1
2724 31.762000 -88.057000 -5.590000 1
2736 32.097000 -88.103000 -6.304000 1
3251 33.236000 -86.688000 -5.058000 1
3801 34.556000 -85.514000 -4.752000 1
3815 34.546000 -85.919000 -5.319000 1
3816 33.906000 -86.081000 -4.874000 1
3834 34.564000 -85.987000 -6.416000 1
127797 28.248000 -89.829000 -6.362000 1
129606 32.689000 -87.177000 -5.179000 1
130563 33.895000 -86.581000 -5.696000 1
