# sub-09 hemi-R CSvsAllNotext_scaled Cluster_2
19
2722 33.158000 -87.214000 -5.619000 1
2723 32.454000 -87.645000 -5.606000 1
2735 32.857000 -87.559000 -6.362000 1
2747 32.561000 -87.653000 -7.220000 1
2748 31.836000 -88.044000 -7.352000 1
2758 32.141000 -87.401000 -7.991000 1
2759 31.347000 -87.740000 -8.070000 1
2760 30.516000 -88.077000 -8.335000 1
3265 34.015000 -86.448000 -7.047000 1
3266 33.468000 -87.051000 -6.553000 1
3815 34.546000 -85.919000 -5.319000 1
3833 35.024000 -85.305000 -7.103000 1
3834 34.564000 -85.987000 -6.416000 1
3844 34.407000 -85.701000 -7.660000 1
4430 35.398000 -84.554000 -7.651000 1
4431 34.772000 -84.948000 -8.068000 1
4443 35.154000 -84.239000 -8.294000 1
130563 33.895000 -86.581000 -5.696000 1
136500 33.095000 -87.283000 -7.199000 1
