# sub-09 hemi-R RWvsPER_scaled Cluster_51
13
48294 52.696000 -35.191000 4.801000 1
48324 53.195000 -35.054000 1.922000 1
48346 52.992000 -35.591000 1.210000 1
48347 52.094000 -35.568000 1.251000 1
48362 52.676000 -36.042000 0.635000 1
48363 51.776000 -36.006000 0.683000 1
49275 53.216000 -34.713000 4.398000 1
49276 52.309000 -34.710000 4.364000 1
49291 53.797000 -34.468000 3.769000 1
49292 52.800000 -34.471000 3.731000 1
49310 53.431000 -34.594000 2.854000 1
127115 52.422000 -35.172000 1.800000 1
128048 52.350000 -34.656000 2.710000 1
