# sub-09 hemi-L RWvsFF_scaled Cluster_2
23
7189 -40.283000 -82.643000 -10.758000 1
7190 -40.754000 -82.391000 -10.312000 1
7191 -41.752000 -81.951000 -9.739000 1
7204 -39.879000 -82.913000 -11.394000 1
7205 -40.714000 -82.624000 -11.070000 1
7206 -41.284000 -82.233000 -10.344000 1
7217 -40.264000 -82.769000 -11.766000 1
7995 -40.880000 -81.852000 -11.621000 1
7996 -41.369000 -81.775000 -11.060000 1
8009 -40.541000 -82.271000 -11.864000 1
8859 -40.893000 -80.481000 -11.719000 1
8896 -39.875000 -79.587000 -13.298000 1
8908 -40.973000 -79.278000 -15.484000 1
9674 -40.911000 -78.961000 -11.723000 1
9675 -41.549000 -78.409000 -11.236000 1
9682 -40.400000 -79.322000 -12.449000 1
9683 -40.836000 -78.246000 -12.569000 1
9694 -40.584000 -78.670000 -13.467000 1
9705 -41.502000 -78.583000 -14.727000 1
10504 -41.475000 -77.961000 -13.607000 1
10519 -42.247000 -77.920000 -14.474000 1
128966 -40.420000 -79.216000 -14.412000 1
136625 -41.186000 -77.939000 -11.887000 1
