# sub-09 hemi-L RWvsSC_scaled Cluster_14
32
16997 -49.458000 -69.416000 -1.704000 1
16998 -49.610000 -69.784000 -1.774000 1
17845 -48.760000 -68.212000 -0.717000 1
17846 -49.672000 -68.455000 -0.746000 1
17859 -49.237000 -68.824000 -1.321000 1
17860 -49.815000 -69.146000 -1.159000 1
18765 -50.080000 -67.100000 0.285000 1
18776 -49.297000 -67.686000 -0.229000 1
18777 -50.306000 -67.983000 -0.127000 1
18778 -51.139000 -67.838000 0.632000 1
19657 -49.444000 -66.206000 0.550000 1
19658 -50.766000 -66.399000 0.796000 1
19659 -51.674000 -66.506000 1.416000 1
20581 -48.886000 -65.260000 0.702000 1
21521 -47.909000 -64.572000 0.501000 1
21522 -49.118000 -64.267000 0.718000 1
21568 -50.625000 -64.282000 -3.431000 1
22486 -48.228000 -63.908000 0.318000 1
22505 -48.535000 -63.478000 0.049000 1
22506 -49.010000 -63.256000 -0.521000 1
22522 -48.556000 -63.555000 -1.297000 1
22523 -49.813000 -63.304000 -1.325000 1
22524 -50.947000 -63.354000 -1.834000 1
22525 -52.221000 -63.120000 -1.716000 1
22535 -49.067000 -63.796000 -2.023000 1
22536 -50.049000 -63.829000 -2.470000 1
22549 -51.442000 -63.785000 -3.262000 1
23465 -49.559000 -63.216000 0.082000 1
125170 -51.114000 -67.113000 0.734000 1
127995 -50.147000 -68.658000 -0.507000 1
133284 -49.851000 -64.365000 -3.170000 1
134168 -50.702000 -67.554000 0.385000 1
