#!ascii label  , from subject sub-05 vox2ras=TkReg
945
20945  -39.734  -63.122  -11.759 0.5000000000
20909  -37.494  -63.481  -9.896 0.8000000119
21909  -36.665  -62.457  -9.419 0.8000000119
20908  -36.829  -63.110  -9.550 0.8000000119
21912  -38.824  -62.803  -10.716 0.8000000119
20929  -40.065  -63.631  -11.555 0.5000000000
20927  -38.492  -63.615  -10.675 0.5000000000
21913  -39.472  -62.704  -11.157 0.6000000238
134589  -36.443  -60.697  -9.276 0.6999999881
22902  -37.010  -61.716  -9.285 0.6999999881
21911  -38.152  -62.791  -10.323 0.8000000119
22906  -40.230  -62.110  -10.324 0.6999999881
20930  -40.836  -63.575  -11.745 0.6000000238
20946  -40.313  -63.235  -12.056 0.5000000000
21944  -40.322  -62.880  -12.126 0.6000000238
23942  -36.201  -59.551  -10.054 0.6999999881
21928  -39.687  -62.935  -11.748 0.6000000238
22933  -40.727  -62.413  -12.257 0.6000000238
23931  -36.178  -60.106  -9.737 0.6999999881
22901  -35.461  -60.822  -9.653 0.6999999881
22903  -37.857  -62.222  -9.488 0.6999999881
158121  -40.673  -62.103  -11.707 0.6000000238
22922  -41.300  -61.613  -11.618 0.6000000238
22904  -38.638  -62.341  -9.708 0.8000000119
22905  -39.427  -62.313  -9.983 0.8000000119
22907  -40.950  -61.787  -10.723 0.6999999881
21962  -42.754  -62.525  -13.004 0.4000000060
22945  -41.847  -62.004  -13.332 0.6000000238
24941  -36.225  -59.276  -9.844 0.6999999881
23955  -41.811  -61.283  -12.399 0.6000000238
22877  -36.850  -60.756  -8.852 0.6999999881
145926  -37.630  -61.590  -8.736 0.6999999881
22879  -38.516  -61.870  -8.500 0.6999999881
22880  -39.468  -61.974  -8.695 0.6000000238
22882  -40.963  -61.481  -9.515 0.6999999881
24933  -41.209  -59.270  -9.326 0.5000000000
22867  -38.485  -61.438  -7.404 0.6000000238
22868  -39.239  -61.568  -7.695 0.6000000238
23915  -40.694  -61.059  -8.457 0.6000000238
24921  -41.061  -60.133  -8.745 0.6000000238
23902  -40.167  -60.896  -7.694 0.6000000238
24910  -40.431  -60.026  -7.851 0.5000000000
21963  -43.498  -62.044  -13.430 0.4000000060
143296  -42.584  -61.976  -13.747 0.5000000000
24948  -36.339  -58.894  -11.933 0.6999999881
22946  -42.553  -61.456  -13.932 0.6000000238
23956  -42.289  -60.866  -13.387 0.6000000238
23914  -36.738  -60.598  -8.191 0.6999999881
23944  -42.114  -60.459  -11.879 0.6000000238
22878  -37.363  -61.175  -8.043 0.6999999881
24942  -41.890  -60.303  -10.675 0.5000000000
25923  -41.626  -59.354  -10.275 0.6000000238
22853  -38.219  -61.062  -6.720 0.6999999881
22854  -38.950  -61.156  -6.948 0.6000000238
139237  -40.685  -59.112  -8.512 0.5000000000
25913  -41.262  -58.601  -9.928 0.5000000000
136292  -39.756  -59.505  -7.234 0.5000000000
26975  -36.802  -57.757  -13.862 0.6000000238
26965  -35.831  -57.459  -12.433 0.6000000238
23967  -44.554  -60.831  -13.514 0.5000000000
134064  -44.378  -60.283  -14.261 0.5000000000
26957  -36.197  -58.055  -12.069 0.6999999881
25930  -36.407  -58.506  -12.310 0.6999999881
23980  -43.181  -60.908  -14.518 0.5000000000
23979  -42.775  -60.671  -14.384 0.5000000000
24973  -43.131  -59.816  -14.853 0.4000000060
25911  -36.050  -58.947  -9.583 0.6999999881
24960  -42.659  -59.872  -14.101 0.5000000000
24932  -36.236  -59.449  -9.135 0.6999999881
146146  -36.120  -59.941  -8.182 0.6999999881
25931  -42.231  -58.992  -13.255 0.5000000000
23900  -36.888  -60.882  -7.127 0.6999999881
153705  -38.011  -60.713  -6.357 0.6000000238
24949  -42.017  -59.418  -11.615 0.5000000000
23886  -38.586  -60.485  -6.430 0.6000000238
139283  -41.518  -58.345  -10.986 0.5000000000
23872  -38.226  -59.712  -5.958 0.5000000000
25869  -39.186  -59.146  -6.733 0.5000000000
25885  -39.521  -58.542  -7.302 0.5000000000
25912  -40.783  -58.261  -9.229 0.5000000000
25899  -40.266  -58.182  -8.399 0.5000000000
28044  -40.253  -56.851  -9.664 0.3000000119
26970  -43.953  -58.126  -14.387 0.3000000119
28093  -35.738  -56.143  -13.819 0.6000000238
26974  -36.110  -57.127  -13.329 0.6000000238
25940  -44.274  -58.987  -14.367 0.4000000060
25947  -43.706  -58.865  -14.852 0.4000000060
26946  -35.564  -57.994  -10.819 0.6000000238
25939  -42.734  -58.561  -14.627 0.5000000000
25922  -36.027  -58.698  -10.278 0.6999999881
24920  -35.614  -59.335  -8.448 0.6999999881
155176  -41.812  -58.399  -12.313 0.5000000000
23899  -36.158  -60.436  -6.599 0.5000000000
23870  -36.956  -60.331  -5.820 0.5000000000
26948  -41.150  -57.485  -10.996 0.4000000060
26936  -41.028  -57.871  -10.131 0.3000000119
26947  -40.708  -57.124  -10.403 0.4000000060
25898  -39.806  -58.098  -7.830 0.5000000000
26921  -39.761  -57.463  -8.242 0.4000000060
29054  -35.061  -55.580  -13.372 0.6000000238
28085  -35.400  -56.593  -12.886 0.6000000238
28076  -35.104  -57.000  -12.014 0.6000000238
26955  -34.887  -57.313  -11.200 0.6000000238
26945  -34.662  -57.539  -10.400 0.6000000238
26968  -42.465  -57.203  -14.423 0.3000000119
25938  -41.977  -57.835  -13.706 0.4000000060
135600  -34.653  -58.374  -8.838 0.6000000238
26967  -41.783  -56.742  -13.934 0.3000000119
25896  -34.847  -58.919  -8.192 0.6000000238
24907  -35.613  -60.124  -7.080 0.6999999881
28078  -41.178  -56.277  -13.116 0.3000000119
24892  -34.877  -59.583  -6.666 0.6000000238
28077  -40.593  -55.768  -12.346 0.3000000119
26958  -41.429  -57.404  -12.347 0.3000000119
24874  -34.799  -59.469  -5.790 0.5000000000
24893  -35.457  -60.035  -6.198 0.5000000000
23869  -36.140  -60.254  -5.864 0.5000000000
28066  -39.822  -55.602  -10.574 0.3000000119
28068  -40.889  -56.724  -11.604 0.3000000119
24877  -37.444  -59.633  -5.614 0.5000000000
25868  -38.567  -58.936  -6.297 0.5000000000
28056  -39.812  -56.094  -9.734 0.3000000119
25849  -37.139  -58.693  -5.396 0.5000000000
28030  -39.280  -56.875  -8.035 0.4000000060
28043  -39.677  -56.670  -8.811 0.3000000119
29053  -34.390  -54.907  -12.893 0.5000000000
28084  -34.676  -56.081  -12.436 0.6000000238
28075  -34.392  -56.500  -11.546 0.5000000000
26920  -33.981  -57.834  -8.752 0.6000000238
26919  -33.471  -57.410  -8.269 0.5000000000
29047  -40.459  -54.845  -12.848 0.3000000119
25895  -33.977  -58.260  -7.943 0.6000000238
30006  -39.318  -54.100  -11.370 0.3000000119
29041  -40.047  -55.311  -11.666 0.3000000119
25883  -34.393  -58.991  -7.228 0.6000000238
24876  -36.464  -59.515  -5.339 0.5000000000
155997  -37.594  -57.876  -5.807 0.5000000000
26893  -38.524  -57.344  -6.886 0.4000000060
28013  -38.116  -56.637  -6.885 0.4000000060
29045  -34.058  -55.576  -11.919 0.5000000000
28074  -33.692  -56.015  -11.065 0.5000000000
28064  -33.484  -56.326  -10.213 0.5000000000
28065  -34.124  -56.827  -10.727 0.5000000000
28055  -33.290  -56.538  -9.425 0.5000000000
31941  -39.619  -52.297  -12.186 0.3000000119
30013  -39.751  -53.629  -12.416 0.3000000119
25866  -34.190  -59.014  -6.203 0.6000000238
24858  -34.938  -59.115  -5.053 0.5000000000
24860  -36.339  -58.525  -4.995 0.5000000000
28042  -38.959  -56.179  -8.275 0.4000000060
28990  -37.963  -55.962  -7.178 0.4000000060
29039  -33.154  -55.394  -10.429 0.5000000000
29029  -33.055  -55.914  -9.710 0.5000000000
28040  -32.806  -55.948  -9.013 0.5000000000
32921  -39.689  -51.864  -11.964 0.4000000060
32931  -39.209  -51.384  -12.033 0.4000000060
26906  -33.356  -57.604  -7.373 0.5000000000
31940  -39.165  -51.738  -12.137 0.4000000060
146800  -38.838  -52.290  -11.811 0.3000000119
151749  -32.959  -57.080  -6.988 0.4000000060
30941  -38.472  -52.884  -10.687 0.3000000119
25865  -33.661  -58.308  -5.623 0.5000000000
25836  -34.028  -58.385  -4.911 0.4000000060
25837  -35.060  -58.553  -4.660 0.4000000060
28012  -37.547  -56.261  -6.484 0.4000000060
30003  -32.750  -54.536  -10.120 0.5000000000
29028  -32.750  -55.276  -9.526 0.5000000000
29013  -32.517  -55.197  -8.697 0.5000000000
32920  -39.401  -51.062  -11.763 0.4000000060
28028  -32.999  -56.838  -7.741 0.5000000000
28027  -32.644  -55.940  -8.035 0.4000000060
33894  -38.714  -50.238  -11.816 0.4000000060
31927  -38.567  -51.598  -11.600 0.4000000060
28988  -32.558  -56.046  -6.264 0.4000000060
26877  -33.174  -57.421  -5.496 0.4000000060
154602  -38.475  -52.245  -11.178 0.4000000060
26878  -33.659  -57.811  -4.820 0.4000000060
26863  -34.413  -57.944  -4.495 0.4000000060
143151  -35.672  -57.094  -4.473 0.4000000060
155671  -36.822  -56.782  -5.507 0.4000000060
144663  -36.339  -56.952  -5.004 0.4000000060
28978  -37.151  -55.618  -6.232 0.4000000060
29955  -37.402  -54.687  -7.100 0.4000000060
28989  -37.474  -55.428  -6.822 0.4000000060
30940  -32.190  -53.796  -9.041 0.5000000000
29981  -32.302  -54.420  -8.478 0.4000000060
34849  -38.842  -49.093  -10.894 0.4000000060
152865  -38.833  -50.104  -11.779 0.4000000060
135423  -32.361  -54.988  -7.869 0.5000000000
29001  -32.462  -55.510  -7.114 0.4000000060
27994  -32.803  -56.574  -5.414 0.4000000060
33881  -37.606  -50.008  -10.718 0.4000000060
27995  -33.285  -57.015  -4.732 0.4000000060
157113  -34.371  -57.320  -4.254 0.4000000060
29969  -37.751  -54.413  -7.875 0.3000000119
27996  -36.593  -56.274  -5.321 0.4000000060
30926  -32.111  -53.683  -8.233 0.4000000060
152200  -32.244  -54.267  -7.796 0.5000000000
29968  -32.307  -54.551  -7.024 0.4000000060
34865  -38.153  -49.176  -11.643 0.4000000060
144433  -32.482  -54.624  -5.542 0.4000000060
28976  -32.601  -55.658  -5.427 0.4000000060
27970  -32.989  -56.169  -4.634 0.4000000060
27949  -34.101  -55.978  -3.672 0.4000000060
27973  -35.249  -56.506  -4.035 0.4000000060
27974  -36.051  -56.133  -4.639 0.4000000060
149283  -37.072  -54.123  -6.656 0.4000000060
28977  -36.655  -55.395  -5.524 0.4000000060
29944  -37.067  -54.927  -6.390 0.4000000060
144460  -32.011  -52.952  -6.934 0.4000000060
30898  -32.280  -53.771  -6.303 0.4000000060
29942  -32.448  -53.823  -5.369 0.4000000060
29929  -32.698  -54.208  -4.500 0.4000000060
28962  -32.801  -55.236  -4.583 0.4000000060
28945  -33.912  -55.184  -3.460 0.4000000060
30900  -37.171  -53.352  -7.066 0.4000000060
28946  -34.686  -55.367  -3.526 0.4000000060
28964  -35.449  -55.547  -3.921 0.4000000060
29916  -35.249  -54.724  -3.549 0.4000000060
142850  -36.113  -55.126  -4.595 0.4000000060
29932  -36.472  -54.608  -5.127 0.4000000060
31865  -32.173  -52.821  -6.139 0.4000000060
30886  -32.359  -53.233  -5.622 0.4000000060
30871  -32.529  -53.290  -4.843 0.4000000060
30857  -32.832  -53.434  -3.957 0.4000000060
30858  -33.505  -53.479  -3.225 0.4000000060
29914  -33.748  -54.355  -3.271 0.4000000060
29915  -34.556  -54.569  -3.253 0.4000000060
136253  -35.167  -53.954  -3.200 0.4000000060
30899  -36.797  -53.365  -6.081 0.3000000119
30873  -36.245  -53.384  -4.235 0.4000000060
29943  -36.766  -54.377  -5.853 0.4000000060
32871  -31.861  -51.806  -6.172 0.4000000060
32856  -32.089  -51.769  -5.614 0.4000000060
143760  -32.101  -51.092  -5.295 0.4000000060
32844  -32.366  -51.753  -4.862 0.4000000060
31836  -32.645  -52.530  -4.286 0.4000000060
30842  -34.052  -53.045  -2.760 0.4000000060
30843  -34.632  -52.942  -2.699 0.4000000060
32872  -37.064  -51.913  -7.250 0.4000000060
31876  -36.971  -52.530  -6.729 0.3000000119
30861  -35.681  -53.323  -3.429 0.4000000060
30887  -36.576  -52.938  -5.098 0.5000000000
31875  -36.719  -52.375  -5.822 0.4000000060
31839  -36.088  -52.731  -3.679 0.5000000000
34805  -31.818  -49.770  -5.359 0.4000000060
34791  -32.232  -49.595  -4.614 0.4000000060
144627  -32.416  -51.010  -4.521 0.4000000060
33823  -32.512  -50.293  -4.158 0.4000000060
135679  -32.669  -51.652  -4.048 0.4000000060
31838  -35.654  -52.561  -3.069 0.4000000060
31853  -36.418  -52.468  -4.320 0.5000000000
35768  -31.428  -48.501  -5.809 0.4000000060
35769  -31.824  -48.973  -5.173 0.4000000060
35755  -32.350  -48.650  -4.332 0.4000000060
32834  -36.231  -51.900  -3.509 0.5000000000
36830  -31.389  -47.608  -5.831 0.4000000060
36831  -31.849  -47.001  -5.112 0.4000000060
36817  -32.311  -47.649  -4.422 0.4000000060
32820  -36.143  -51.023  -2.953 0.5000000000
41075  -31.561  -44.005  -6.054 0.4000000060
133475  -31.178  -45.844  -6.329 0.4000000060
38999  -31.495  -45.262  -5.823 0.4000000060
37927  -31.628  -46.040  -5.459 0.4000000060
39000  -31.939  -45.310  -5.082 0.4000000060
38986  -32.419  -45.277  -4.414 0.5000000000
39012  -31.114  -45.042  -6.665 0.4000000060
26892  -37.892  -57.165  -6.384 0.5000000000
28029  -38.623  -56.603  -7.513 0.4000000060
20928  -39.187  -63.634  -11.119 0.5000000000
21888  -36.038  -62.717  -9.188 0.8000000119
21908  -35.886  -61.708  -9.337 0.8000000119
22900  -34.473  -61.132  -9.884 0.6999999881
132691  -41.469  -63.739  -10.742 0.5000000000
23930  -35.389  -60.274  -10.283 0.6999999881
21929  -43.107  -62.856  -10.893 0.5000000000
23954  -35.540  -59.735  -11.624 0.6999999881
21947  -43.748  -62.254  -12.372 0.4000000060
20931  -41.998  -63.354  -11.645 0.4000000060
24947  -36.216  -59.099  -11.354 0.6999999881
26966  -36.434  -57.916  -12.809 0.6999999881
22936  -44.707  -61.244  -12.466 0.4000000060
23957  -44.894  -60.516  -12.450 0.4000000060
26982  -37.024  -57.099  -14.841 0.6000000238
25932  -44.545  -58.792  -13.393 0.4000000060
29062  -35.511  -55.089  -14.279 0.6000000238
29061  -34.925  -54.502  -13.830 0.5000000000
29052  -33.854  -54.720  -12.212 0.5000000000
29044  -33.516  -55.076  -11.425 0.5000000000
30004  -33.137  -54.369  -11.033 0.4000000060
31904  -31.928  -52.903  -8.921 0.4000000060
31903  -31.628  -52.125  -8.386 0.4000000060
31890  -31.897  -52.947  -7.852 0.4000000060
31889  -31.692  -52.215  -7.376 0.4000000060
32870  -31.574  -51.498  -6.782 0.4000000060
33837  -31.718  -50.444  -5.757 0.4000000060
153386  -31.468  -49.330  -5.854 0.4000000060
146006  -31.016  -48.117  -6.487 0.4000000060
36839  -30.903  -47.272  -6.624 0.4000000060
41090  -31.368  -43.533  -6.906 0.4000000060
20885  -36.346  -63.378  -8.945 0.8000000119
21910  -37.439  -62.755  -9.878 0.8000000119
20947  -41.050  -63.035  -12.503 0.5000000000
22935  -41.915  -61.676  -13.340 0.6000000238
23933  -41.557  -61.089  -10.205 0.6999999881
22881  -40.266  -61.827  -9.004 0.6999999881
24950  -42.325  -59.933  -12.770 0.6000000238
24934  -41.538  -60.223  -9.635 0.6000000238
153089  -41.273  -60.871  -9.210 0.6000000238
25929  -36.146  -58.571  -11.380 0.6999999881
26956  -35.700  -57.757  -11.625 0.6000000238
135725  -44.775  -60.204  -13.356 0.5000000000
24974  -43.695  -60.211  -14.822 0.5000000000
149660  -43.318  -58.226  -14.880 0.3000000119
25884  -38.921  -58.231  -6.799 0.5000000000
26944  -33.863  -57.099  -9.926 0.6000000238
24859  -35.666  -59.019  -4.925 0.5000000000
25867  -38.257  -58.044  -6.305 0.5000000000
26880  -37.314  -56.957  -5.885 0.4000000060
26865  -36.078  -57.765  -4.740 0.4000000060
150201  -38.123  -55.058  -8.083 0.4000000060
27950  -34.785  -56.062  -3.714 0.4000000060
31874  -31.875  -52.263  -6.553 0.4000000060
30872  -35.744  -54.084  -3.750 0.4000000060
37912  -32.203  -46.114  -4.638 0.4000000060
16957  -32.294  -66.804  -17.733 0.4000000060
17975  -33.001  -66.730  -15.843 0.4000000060
17961  -33.097  -66.800  -14.443 0.4000000060
147970  -33.816  -66.552  -14.086 0.4000000060
150905  -32.229  -67.149  -14.270 0.4000000060
16877  -32.561  -67.094  -13.596 0.4000000060
17936  -32.938  -67.040  -12.725 0.4000000060
131877  -32.871  -67.091  -11.919 0.4000000060
132802  -33.787  -67.196  -10.655 0.5000000000
140981  -31.504  -67.352  -13.648 0.4000000060
132400  -32.049  -67.282  -12.947 0.4000000060
16845  -32.465  -67.082  -11.269 0.5000000000
16831  -32.958  -66.987  -10.537 0.5000000000
16787  -32.872  -66.927  -8.819 0.6000000238
16875  -30.377  -67.476  -13.187 0.4000000060
16876  -31.152  -67.404  -12.666 0.4000000060
16829  -31.182  -67.101  -10.379 0.4000000060
16811  -33.505  -67.155  -9.661 0.5000000000
21930  -44.129  -62.187  -10.990 0.4000000060
157853  -44.959  -60.206  -11.577 0.3000000119
16812  -34.387  -67.512  -9.221 0.5000000000
137048  -40.668  -64.318  -8.318 0.5000000000
20911  -41.810  -63.643  -9.469 0.4000000060
17914  -28.934  -66.212  -10.913 0.4000000060
16830  -32.067  -66.985  -10.474 0.5000000000
16810  -32.512  -66.909  -9.696 0.5000000000
16827  -29.222  -66.893  -11.112 0.4000000060
139748  -30.588  -67.249  -10.934 0.4000000060
16788  -33.742  -67.232  -8.584 0.6000000238
16773  -34.838  -67.358  -7.404 0.6000000238
16751  -35.140  -67.066  -6.686 0.6999999881
19917  -40.341  -64.303  -9.543 0.5000000000
16774  -35.647  -67.535  -7.173 0.6999999881
17868  -37.150  -66.476  -6.158 0.6999999881
19881  -39.337  -64.816  -7.647 0.6999999881
17867  -36.298  -66.626  -6.125 0.6999999881
18868  -37.019  -65.614  -6.162 0.6999999881
17901  -31.137  -66.752  -9.153 0.5000000000
17891  -31.899  -66.751  -8.848 0.6000000238
17892  -33.111  -66.907  -7.896 0.6000000238
17881  -33.376  -66.727  -7.048 0.6000000238
17915  -29.425  -66.514  -10.380 0.4000000060
17900  -30.371  -66.477  -9.115 0.5000000000
140745  -31.668  -66.484  -7.956 0.6000000238
17864  -33.769  -66.415  -6.403 0.6000000238
17846  -35.010  -66.069  -5.837 0.6000000238
24951  -44.849  -59.652  -12.533 0.3000000119
17882  -34.281  -66.915  -6.871 0.6000000238
17847  -35.834  -66.086  -5.859 0.6999999881
19901  -39.679  -64.553  -8.788 0.6000000238
19933  -40.640  -63.948  -11.090 0.5000000000
19928  -29.572  -64.983  -10.286 0.6000000238
19913  -30.044  -64.749  -9.360 0.6000000238
19896  -30.396  -64.661  -8.476 0.6999999881
17880  -31.381  -66.000  -7.366 0.6000000238
17862  -32.005  -65.771  -6.674 0.6000000238
18867  -33.414  -65.933  -6.062 0.6000000238
18903  -29.260  -65.824  -10.226 0.5000000000
17890  -31.022  -66.462  -8.417 0.6000000238
18849  -35.404  -65.478  -5.817 0.6000000238
151466  -36.469  -65.084  -6.205 0.6999999881
19879  -37.568  -64.585  -7.460 0.6999999881
19931  -39.435  -64.340  -10.144 0.6000000238
19900  -38.763  -64.579  -8.627 0.6999999881
20924  -30.407  -64.127  -10.133 0.6000000238
153846  -30.732  -64.131  -8.502 0.6999999881
155679  -31.260  -64.175  -7.373 0.6999999881
19876  -31.106  -64.713  -7.147 0.6999999881
19833  -33.375  -64.726  -5.862 0.6000000238
19930  -38.655  -64.122  -10.363 0.5000000000
19835  -34.975  -64.791  -5.877 0.6999999881
139394  -36.233  -64.531  -6.574 0.6999999881
19899  -37.964  -64.450  -8.534 0.6000000238
21884  -32.952  -62.618  -8.563 0.6999999881
20883  -34.672  -62.969  -8.107 0.6999999881
20882  -32.096  -63.123  -8.392 0.6999999881
20866  -32.942  -63.342  -7.194 0.6000000238
20867  -34.349  -63.312  -7.401 0.5000000000
20848  -31.664  -64.075  -6.928 0.6999999881
20850  -33.061  -63.739  -6.553 0.6000000238
19856  -35.337  -64.221  -6.473 0.6999999881
19914  -37.627  -64.072  -9.428 0.5000000000
19834  -34.135  -64.727  -5.814 0.6000000238
19878  -36.699  -64.215  -7.482 0.6999999881
19898  -37.254  -64.156  -8.464 0.6000000238
21885  -33.593  -62.399  -8.670 0.6999999881
21887  -35.085  -62.466  -8.881 0.6999999881
150069  -33.899  -62.055  -9.047 0.6999999881
153462  -36.682  -63.833  -8.460 0.6000000238
20884  -35.543  -63.161  -8.487 0.6999999881
19918  -40.926  -64.048  -10.127 0.5000000000
20868  -35.217  -63.568  -7.448 0.6000000238
16899  -32.379  -67.027  -15.061 0.4000000060
16846  -33.303  -67.076  -11.344 0.4000000060
133133  -29.490  -67.453  -12.754 0.4000000060
16857  -31.999  -67.251  -12.078 0.4000000060
16808  -30.794  -66.898  -9.742 0.4000000060
16828  -29.869  -67.048  -10.649 0.4000000060
132740  -37.739  -65.970  -6.218 0.6999999881
19858  -37.917  -65.322  -6.630 0.6999999881
134542  -32.364  -66.452  -7.314 0.6000000238
17863  -32.892  -66.199  -6.511 0.6000000238
17888  -29.969  -65.868  -8.878 0.6999999881
18885  -30.406  -65.484  -8.195 0.6000000238
19852  -31.807  -64.854  -6.471 0.6000000238
20865  -32.185  -63.435  -7.418 0.6999999881
19854  -33.703  -64.092  -6.191 0.6000000238
21870  -33.640  -62.872  -7.891 0.6000000238
20906  -31.150  -63.556  -9.627 0.5000000000
19944  -29.346  -64.837  -11.228 0.4000000060
19929  -29.952  -64.387  -10.873 0.5000000000
21905  -31.810  -63.038  -10.037 0.6000000238
19952  -29.315  -64.626  -12.087 0.4000000060
19953  -30.160  -64.033  -12.614 0.5000000000
19945  -30.027  -64.213  -11.665 0.5000000000
20942  -30.639  -63.855  -11.145 0.5000000000
21941  -31.938  -63.070  -10.951 0.5000000000
21942  -32.501  -62.629  -11.348 0.5000000000
20925  -31.232  -63.488  -10.586 0.5000000000
151218  -32.464  -62.644  -9.388 0.6000000238
134577  -32.942  -62.162  -9.927 0.5000000000
21924  -32.422  -62.577  -10.392 0.5000000000
21925  -32.993  -62.083  -10.729 0.6999999881
21943  -33.087  -62.180  -11.755 0.6000000238
22931  -33.544  -61.470  -11.073 0.6000000238
19964  -29.849  -64.097  -13.297 0.5000000000
20970  -31.597  -63.438  -13.393 0.5000000000
20971  -32.376  -63.099  -13.245 0.5000000000
137190  -32.966  -62.721  -13.183 0.5000000000
20944  -31.734  -63.340  -12.463 0.5000000000
22899  -33.935  -61.709  -9.490 0.6000000238
21960  -33.311  -62.330  -12.724 0.6000000238
22943  -33.659  -61.658  -12.146 0.5000000000
23953  -34.893  -60.253  -11.115 0.6000000238
20976  -31.391  -63.487  -14.210 0.5000000000
20977  -32.239  -63.260  -14.079 0.5000000000
21996  -33.800  -62.688  -15.250 0.5000000000
21979  -32.960  -62.887  -13.894 0.5000000000
21980  -33.512  -62.462  -13.575 0.5000000000
22963  -33.941  -61.938  -13.159 0.5000000000
23965  -34.773  -60.413  -12.038 0.6000000238
20985  -31.646  -63.430  -15.698 0.5000000000
132918  -31.993  -63.347  -14.918 0.5000000000
20987  -33.360  -62.972  -16.053 0.5000000000
22008  -34.842  -62.422  -17.178 0.5000000000
23009  -36.144  -61.615  -17.714 0.6000000238
149657  -34.327  -62.468  -15.458 0.4000000060
24029  -37.116  -60.410  -17.821 0.4000000060
136825  -35.900  -61.625  -16.430 0.5000000000
139818  -35.588  -61.515  -15.363 0.5000000000
136091  -34.307  -62.367  -14.901 0.4000000060
24030  -37.400  -59.809  -17.398 0.4000000060
24018  -37.443  -59.696  -16.444 0.5000000000
23998  -36.139  -60.857  -15.076 0.5000000000
25959  -37.385  -58.453  -17.149 0.4000000060
22983  -35.407  -61.236  -14.454 0.6000000238
22965  -35.296  -60.874  -13.761 0.6000000238
23966  -35.492  -60.004  -12.515 0.6000000238
24970  -36.166  -59.571  -12.977 0.6000000238
23000  -36.295  -61.132  -15.917 0.5000000000
24989  -37.667  -58.989  -16.008 0.5000000000
24972  -37.483  -58.787  -15.025 0.5000000000
134566  -36.907  -60.413  -15.913 0.5000000000
157873  -37.217  -57.082  -16.425 0.4000000060
26983  -37.368  -57.310  -15.564 0.5000000000
24984  -37.070  -59.342  -14.372 0.6000000238
23999  -36.676  -60.111  -14.766 0.6000000238
24971  -36.786  -59.155  -13.458 0.6000000238
25951  -37.370  -57.981  -14.802 0.5000000000
30039  -35.341  -54.485  -15.044 0.3000000119
29073  -36.384  -55.737  -15.941 0.4000000060
28110  -36.814  -56.298  -16.139 0.4000000060
28102  -37.059  -56.645  -15.548 0.5000000000
25945  -37.148  -58.631  -14.059 0.5000000000
25937  -36.734  -58.527  -13.155 0.6000000238
30949  -32.799  -53.621  -10.723 0.3000000119
30959  -33.205  -53.326  -11.670 0.3000000119
30012  -33.521  -54.097  -11.943 0.4000000060
30022  -34.426  -53.980  -13.513 0.4000000060
31914  -31.757  -51.882  -9.442 0.3000000119
33861  -31.201  -50.687  -7.252 0.3000000119
32885  -31.348  -51.383  -7.863 0.3000000119
151280  -30.908  -50.002  -7.569 0.3000000119
34804  -31.235  -49.933  -6.537 0.3000000119
35776  -31.090  -48.960  -6.496 0.3000000119
37936  -30.803  -46.409  -6.941 0.3000000119
28100  -36.151  -55.634  -14.723 0.5000000000
31915  -32.125  -52.394  -9.988 0.3000000119
21906  -33.344  -62.173  -9.287 0.5000000000
20958  -30.844  -63.726  -12.048 0.5000000000
22964  -34.679  -61.469  -13.694 0.5000000000
23977  -35.665  -60.256  -13.381 0.6000000238
19902  -41.183  -63.941  -8.923 0.3000000119
151566  -37.956  -66.549  -6.272 0.6000000238
18869  -38.980  -65.349  -6.820 0.6000000238
22883  -44.974  -61.189  -8.653 0.3000000119
21889  -44.642  -61.688  -8.848 0.3000000119
20889  -43.487  -62.627  -8.960 0.3000000119
20913  -43.691  -62.501  -9.925 0.3000000119
154306  -43.496  -62.741  -7.940 0.3000000119
18870  -39.583  -65.902  -6.419 0.6000000238
19882  -40.225  -64.706  -7.574 0.5000000000
23904  -44.646  -60.687  -7.646 0.3000000119
23917  -45.132  -60.985  -9.265 0.3000000119
156676  -44.763  -61.510  -10.257 0.3000000119
22923  -44.809  -61.393  -11.020 0.3000000119
20888  -42.671  -63.192  -8.750 0.3000000119
20887  -42.006  -63.595  -8.335 0.3000000119
19883  -41.022  -64.483  -7.250 0.4000000060
18916  -28.992  -65.539  -10.952 0.4000000060
23890  -44.408  -60.739  -6.849 0.3000000119
23916  -44.875  -60.696  -8.560 0.3000000119
24923  -44.557  -59.981  -8.914 0.3000000119
23935  -45.150  -61.027  -10.191 0.3000000119
17939  -35.262  -66.694  -12.898 0.5000000000
16861  -36.012  -67.135  -12.496 0.5000000000
17976  -33.526  -66.548  -15.232 0.4000000060
17962  -33.861  -66.468  -14.669 0.4000000060
17950  -34.933  -66.361  -13.611 0.4000000060
17951  -35.682  -66.267  -13.697 0.5000000000
15813  -36.480  -68.358  -9.400 0.5000000000
16834  -35.947  -67.957  -11.033 0.5000000000
139301  -34.755  -67.290  -11.601 0.5000000000
16848  -35.345  -67.601  -11.294 0.5000000000
17938  -34.553  -66.628  -13.024 0.4000000060
15776  -37.716  -68.364  -7.454 0.6000000238
15795  -36.535  -68.301  -8.488 0.6000000238
15812  -35.980  -68.149  -8.975 0.5000000000
16833  -35.508  -67.874  -10.498 0.5000000000
16858  -33.604  -66.984  -12.112 0.3000000119
16847  -34.090  -67.137  -11.473 0.4000000060
134674  -34.661  -67.478  -10.789 0.5000000000
15755  -38.121  -67.923  -6.775 0.6000000238
16775  -36.443  -67.678  -7.005 0.6000000238
16790  -35.379  -67.755  -7.971 0.6000000238
133530  -34.973  -67.714  -9.856 0.4000000060
16813  -35.271  -67.860  -8.908 0.5000000000
17869  -39.426  -66.654  -6.308 0.6000000238
157213  -42.725  -63.257  -7.863 0.3000000119
19859  -40.623  -64.965  -6.650 0.4000000060
16754  -37.649  -67.218  -6.419 0.6000000238
143346  -43.296  -63.114  -7.128 0.3000000119
21871  -44.346  -62.120  -8.140 0.3000000119
20870  -41.475  -63.979  -7.793 0.3000000119
16755  -38.610  -67.151  -6.353 0.6000000238
16776  -37.266  -67.793  -6.902 0.6000000238
19884  -41.861  -64.184  -6.683 0.3000000119
15777  -38.571  -68.549  -7.354 0.5000000000
15757  -39.860  -68.230  -6.659 0.5000000000
16756  -39.546  -67.496  -6.402 0.5000000000
16757  -40.350  -67.661  -6.342 0.4000000060
17870  -40.161  -66.979  -6.218 0.5000000000
15779  -40.294  -68.767  -7.201 0.5000000000
14762  -39.002  -69.087  -7.981 0.5000000000
15758  -40.707  -68.255  -6.616 0.4000000060
16737  -41.366  -66.993  -5.853 0.4000000060
16736  -40.763  -67.154  -6.095 0.4000000060
131603  -40.084  -66.347  -6.254 0.5000000000
145522  -37.145  -68.611  -9.064 0.5000000000
15797  -38.179  -68.840  -8.094 0.5000000000
18852  -41.224  -65.450  -5.930 0.4000000060
15905  -37.015  -67.845  -15.639 0.3000000119
15906  -38.065  -67.629  -15.934 0.3000000119
16921  -39.013  -67.428  -16.655 0.3000000119
15919  -39.851  -66.909  -17.398 0.3000000119
16942  -41.516  -66.557  -17.064 0.4000000060
136398  -38.785  -66.591  -17.478 0.3000000119
17993  -38.681  -65.435  -18.278 0.3000000119
15922  -41.945  -67.277  -16.387 0.4000000060
17996  -41.108  -65.531  -17.391 0.4000000060
17995  -40.371  -65.282  -17.899 0.3000000119
140785  -38.880  -64.870  -18.133 0.3000000119
16902  -42.246  -66.782  -15.520 0.4000000060
16901  -41.449  -66.524  -15.198 0.4000000060
18953  -40.667  -64.947  -17.307 0.4000000060
18952  -39.891  -64.501  -17.236 0.4000000060
18964  -38.465  -64.558  -17.731 0.4000000060
18951  -38.935  -64.335  -17.016 0.4000000060
136933  -43.812  -67.835  -12.841 0.3000000119
16882  -42.074  -67.065  -14.659 0.4000000060
15875  -41.299  -67.708  -13.674 0.4000000060
16900  -39.851  -66.662  -14.528 0.4000000060
17967  -39.330  -65.502  -15.383 0.4000000060
18941  -38.442  -64.768  -15.902 0.4000000060
14824  -43.120  -68.238  -11.112 0.3000000119
15858  -41.866  -67.986  -13.148 0.4000000060
15874  -40.035  -67.994  -13.274 0.4000000060
16881  -40.695  -67.286  -14.148 0.4000000060
147986  -39.619  -67.482  -13.648 0.4000000060
16880  -38.803  -67.257  -13.558 0.4000000060
17953  -38.481  -66.459  -14.206 0.4000000060
16879  -37.866  -67.091  -13.324 0.4000000060
139015  -37.950  -65.596  -14.810 0.4000000060
18940  -37.390  -65.023  -15.466 0.4000000060
14823  -41.841  -68.977  -10.831 0.4000000060
15845  -39.994  -68.861  -11.917 0.4000000060
15856  -38.367  -68.250  -12.154 0.4000000060
17966  -36.945  -65.648  -14.517 0.4000000060
148127  -37.400  -66.342  -13.890 0.4000000060
18949  -36.861  -64.893  -16.118 0.4000000060
14844  -39.690  -69.205  -11.071 0.4000000060
15844  -39.006  -68.805  -11.522 0.4000000060
15843  -37.419  -68.171  -11.655 0.4000000060
16878  -36.852  -66.971  -13.027 0.4000000060
17965  -36.133  -65.757  -14.427 0.4000000060
17940  -36.031  -66.637  -13.166 0.4000000060
14820  -38.749  -69.103  -10.487 0.4000000060
145668  -37.829  -68.800  -10.217 0.4000000060
15814  -37.110  -68.565  -9.878 0.4000000060
14763  -39.874  -69.203  -7.915 0.4000000060
14799  -39.067  -69.332  -9.579 0.4000000060
14778  -38.618  -69.159  -8.787 0.4000000060
16759  -41.893  -67.491  -6.079 0.3000000119
17851  -42.650  -66.312  -5.569 0.3000000119
15842  -36.606  -68.077  -11.270 0.4000000060
147982  -39.451  -69.345  -8.745 0.4000000060
18853  -42.252  -65.499  -5.571 0.3000000119
156044  -37.632  -68.784  -9.520 0.4000000060
154312  -41.597  -65.966  -16.747 0.4000000060
17980  -41.262  -65.450  -16.745 0.4000000060
17968  -40.854  -65.749  -15.791 0.4000000060
154216  -39.399  -64.664  -16.409 0.4000000060
15847  -42.398  -68.153  -12.562 0.4000000060
15831  -44.017  -67.706  -12.004 0.3000000119
14802  -42.228  -68.956  -10.009 0.3000000119
14846  -41.471  -68.828  -11.591 0.4000000060
15846  -41.062  -68.627  -12.224 0.4000000060
136744  -39.445  -68.428  -12.417 0.4000000060
14822  -40.558  -69.316  -10.672 0.4000000060
15830  -38.077  -68.651  -11.128 0.4000000060
15829  -37.233  -68.457  -10.745 0.4000000060
14886  -43.482  -68.293  -14.003 0.3000000119
14935  -41.429  -69.095  -15.610 0.3000000119
14934  -40.354  -69.100  -16.255 0.3000000119
15910  -42.314  -67.957  -15.805 0.3000000119
15893  -42.806  -67.672  -15.061 0.3000000119
15909  -41.345  -68.285  -16.393 0.3000000119
16923  -42.408  -67.199  -15.615 0.3000000119
15877  -43.338  -67.746  -14.070 0.3000000119
16883  -42.719  -67.212  -14.949 0.3000000119
15859  -43.220  -67.731  -13.517 0.3000000119
14780  -41.462  -69.238  -8.903 0.3000000119
14779  -40.407  -69.392  -8.779 0.3000000119
15780  -41.218  -68.721  -7.200 0.3000000119
15860  -43.617  -67.937  -13.530 0.3000000119
14800  -39.976  -69.452  -9.633 0.3000000119
14764  -40.822  -69.201  -7.923 0.3000000119
14777  -37.852  -68.867  -8.875 0.5000000000
14798  -38.275  -69.049  -9.576 0.4000000060
14801  -41.053  -69.356  -9.790 0.4000000060
14821  -39.564  -69.353  -10.287 0.4000000060
14845  -40.505  -69.071  -11.485 0.4000000060
14847  -42.824  -68.240  -11.880 0.4000000060
15756  -39.002  -68.079  -6.689 0.5000000000
15759  -41.579  -68.162  -6.576 0.3000000119
15774  -36.121  -67.940  -7.750 0.6000000238
15775  -36.897  -68.149  -7.607 0.6000000238
15778  -39.423  -68.694  -7.269 0.5000000000
15794  -35.858  -68.018  -8.418 0.5000000000
15796  -37.369  -68.568  -8.250 0.5000000000
15827  -35.763  -68.074  -9.661 0.5000000000
15828  -36.374  -68.248  -10.350 0.5000000000
15857  -40.545  -68.363  -12.767 0.4000000060
15873  -39.038  -67.901  -12.962 0.4000000060
15876  -42.716  -67.480  -14.162 0.3000000119
15894  -43.194  -68.042  -14.549 0.3000000119
16752  -35.962  -67.180  -6.532 0.6999999881
16753  -36.791  -67.210  -6.458 0.6000000238
16758  -41.102  -67.637  -6.235 0.4000000060
16772  -33.990  -67.139  -7.655 0.6000000238
16789  -34.600  -67.511  -8.283 0.6000000238
16809  -31.622  -66.891  -9.721 0.5000000000
16832  -34.258  -67.418  -10.047 0.5000000000
16843  -29.845  -67.299  -11.424 0.4000000060
16844  -31.537  -67.199  -11.163 0.4000000060
16849  -35.981  -67.629  -11.721 0.5000000000
16850  -36.729  -67.638  -12.123 0.4000000060
16854  -28.974  -67.228  -11.996 0.4000000060
16855  -30.073  -67.464  -12.285 0.4000000060
16856  -30.855  -67.372  -11.765 0.4000000060
16859  -34.476  -66.953  -12.302 0.4000000060
16860  -35.288  -67.238  -12.066 0.5000000000
16862  -37.568  -67.659  -12.518 0.4000000060
16863  -38.293  -67.665  -12.879 0.4000000060
16884  -43.021  -67.607  -14.557 0.3000000119
16922  -41.953  -66.596  -16.230 0.4000000060
16938  -32.618  -66.782  -16.774 0.4000000060
16941  -40.616  -66.178  -17.617 0.3000000119
17845  -34.152  -66.021  -5.903 0.6000000238
17848  -36.511  -66.085  -5.946 0.6999999881
17849  -40.811  -66.431  -5.986 0.5000000000
17850  -41.704  -66.274  -5.659 0.3000000119
17865  -34.638  -66.528  -6.279 0.6000000238
17866  -35.487  -66.608  -6.172 0.6999999881
17879  -30.808  -66.006  -7.877 0.6000000238
17889  -30.445  -66.102  -8.438 0.6000000238
17899  -29.676  -66.193  -9.601 0.4000000060
17926  -28.739  -66.580  -11.489 0.4000000060
17937  -33.874  -66.757  -12.852 0.3000000119
17948  -33.426  -66.785  -13.528 0.4000000060
17949  -34.201  -66.540  -13.539 0.4000000060
17952  -36.487  -66.254  -13.756 0.4000000060
17963  -34.538  -66.289  -14.337 0.4000000060
17969  -41.771  -66.131  -16.151 0.4000000060
17979  -40.361  -64.981  -16.529 0.4000000060
17994  -39.594  -64.983  -18.145 0.4000000060
18847  -33.698  -65.383  -5.791 0.6000000238
18848  -34.558  -65.421  -5.749 0.6000000238
18850  -36.185  -65.548  -5.950 0.6999999881
18851  -40.372  -65.720  -6.291 0.5000000000
18866  -32.751  -65.378  -6.073 0.6000000238
18879  -30.878  -65.421  -7.469 0.6000000238
18880  -31.352  -65.372  -6.937 0.6000000238
18881  -39.875  -65.217  -6.855 0.5000000000
18891  -29.682  -65.487  -9.499 0.5000000000
18892  -30.022  -65.256  -8.848 0.6999999881
18939  -36.609  -65.291  -15.132 0.4000000060
18950  -37.889  -64.520  -16.670 0.4000000060
18965  -39.373  -64.562  -17.794 0.4000000060
18966  -40.155  -64.793  -17.773 0.4000000060
18967  -40.618  -65.077  -17.635 0.3000000119
19836  -35.799  -64.897  -6.037 0.6999999881
19853  -32.683  -64.367  -6.212 0.6000000238
19855  -34.523  -64.308  -6.139 0.6000000238
19857  -37.021  -64.850  -6.628 0.6999999881
19860  -41.275  -64.721  -6.437 0.3000000119
19875  -30.623  -64.891  -7.722 0.6999999881
19877  -35.947  -63.992  -7.124 0.6999999881
19880  -38.429  -64.795  -7.527 0.6999999881
19897  -30.879  -64.242  -7.856 0.6999999881
19915  -38.289  -64.315  -9.558 0.6000000238
19916  -38.934  -64.451  -9.585 0.6000000238
19932  -40.068  -64.167  -10.745 0.5000000000
20849  -32.393  -63.801  -6.713 0.6999999881
20851  -34.483  -63.764  -6.677 0.6000000238
20864  -31.485  -63.721  -7.706 0.6999999881
20869  -36.072  -63.696  -8.006 0.6000000238
20871  -42.329  -63.616  -7.335 0.3000000119
20881  -31.194  -63.657  -8.612 0.6999999881
20886  -37.020  -63.692  -9.237 0.8000000119
20905  -30.607  -64.109  -9.111 0.6999999881
20907  -31.744  -63.169  -9.221 0.6000000238
20910  -38.045  -63.868  -10.197 0.5000000000
20912  -42.633  -63.235  -10.054 0.4000000060
20926  -38.021  -63.264  -10.427 0.8000000119
20943  -31.427  -63.421  -11.507 0.5000000000
20948  -42.065  -62.955  -12.601 0.4000000060
20968  -29.935  -63.956  -13.946 0.5000000000
20969  -30.662  -63.728  -13.527 0.5000000000
21869  -32.746  -63.008  -7.882 0.6999999881
21886  -34.225  -62.402  -8.623 0.6999999881
21907  -34.629  -61.724  -9.297 0.6999999881
21914  -44.453  -61.889  -9.751 0.3000000119
21926  -38.662  -63.173  -10.830 0.6000000238
21927  -39.256  -63.064  -11.350 0.5000000000
21931  -44.486  -61.695  -11.855 0.4000000060
21945  -41.194  -62.456  -12.601 0.6000000238
21946  -43.009  -62.816  -11.983 0.4000000060
21948  -44.200  -61.806  -12.784 0.4000000060
21959  -32.595  -62.787  -12.380 0.5000000000
21961  -41.819  -62.510  -13.070 0.5000000000
21984  -32.942  -63.034  -14.879 0.5000000000
21985  -33.626  -62.614  -14.403 0.5000000000
21986  -34.176  -62.180  -14.054 0.5000000000
21997  -34.980  -62.194  -15.823 0.4000000060
22009  -35.528  -62.046  -17.030 0.6000000238
22866  -37.729  -61.250  -7.209 0.6999999881
22869  -40.003  -61.499  -8.022 0.6000000238
22908  -44.929  -61.319  -9.472 0.3000000119
22919  -33.603  -61.588  -10.051 0.6000000238
22920  -34.268  -60.890  -10.592 0.6999999881
22921  -40.158  -62.528  -11.675 0.6000000238
22932  -34.145  -60.917  -11.529 0.6000000238
22934  -41.301  -62.028  -12.861 0.6000000238
22944  -34.307  -61.205  -12.611 0.6000000238
22947  -44.125  -61.504  -13.607 0.5000000000
22966  -43.354  -61.540  -14.141 0.4000000060
22982  -34.836  -61.853  -14.701 0.5000000000
23010  -36.723  -60.991  -17.038 0.4000000060
23871  -37.798  -60.350  -5.991 0.5000000000
23884  -36.680  -60.562  -6.342 0.5000000000
23885  -37.445  -60.795  -6.472 0.6000000238
23887  -39.254  -60.694  -6.869 0.6000000238
23889  -43.543  -60.234  -6.564 0.3000000119
23901  -39.579  -61.093  -7.354 0.6000000238
23932  -36.405  -59.888  -9.380 0.6999999881
23934  -44.968  -60.538  -9.553 0.3000000119
23943  -41.841  -60.950  -11.201 0.6000000238
23976  -34.943  -60.672  -13.007 0.6000000238
23978  -36.418  -59.825  -13.847 0.6000000238
23981  -43.948  -60.997  -14.403 0.5000000000
24875  -35.522  -59.648  -5.494 0.5000000000
24894  -38.806  -59.666  -6.371 0.5000000000
24895  -39.311  -60.026  -6.689 0.6000000238
24906  -35.215  -59.509  -7.625 0.6000000238
24908  -36.309  -60.467  -7.407 0.6999999881
24909  -39.769  -60.404  -7.244 0.5000000000
24913  -44.351  -60.103  -8.092 0.3000000119
24940  -36.237  -59.069  -10.556 0.6999999881
24958  -36.065  -59.331  -12.146 0.6000000238
24959  -36.553  -59.020  -12.596 0.6999999881
24961  -44.583  -59.611  -13.839 0.4000000060
24975  -44.113  -59.584  -14.721 0.4000000060
24988  -37.296  -59.542  -15.390 0.5000000000
24992  -37.573  -59.145  -16.922 0.4000000060
25838  -35.694  -58.377  -4.696 0.4000000060
25848  -34.311  -58.850  -5.369 0.5000000000
25850  -37.911  -58.834  -5.810 0.5000000000
25882  -33.712  -58.374  -6.789 0.6000000238
25886  -40.135  -58.880  -7.803 0.5000000000
25897  -35.547  -58.885  -8.979 0.6999999881
25910  -35.400  -58.472  -9.571 0.6999999881
25921  -35.274  -58.103  -10.127 0.6000000238
25946  -43.236  -58.795  -14.953 0.4000000060
25952  -37.626  -58.146  -15.817 0.5000000000
25955  -37.505  -57.976  -16.568 0.4000000060
26864  -35.313  -57.879  -4.439 0.4000000060
26879  -36.816  -57.647  -5.332 0.4000000060
26891  -33.234  -57.640  -6.414 0.4000000060
26907  -39.231  -57.564  -7.492 0.5000000000
26922  -40.253  -57.470  -8.958 0.4000000060
26933  -33.629  -57.250  -9.107 0.6000000238
26934  -34.449  -57.825  -9.545 0.6000000238
26935  -40.601  -57.514  -9.637 0.3000000119
26985  -37.415  -57.406  -16.273 0.5000000000
26989  -37.244  -57.522  -16.765 0.4000000060
27971  -33.619  -56.518  -4.155 0.4000000060
27972  -34.388  -56.744  -3.964 0.4000000060
27997  -37.013  -56.190  -5.853 0.4000000060
28011  -32.824  -56.880  -6.271 0.4000000060
28041  -33.102  -56.652  -8.606 0.5000000000
28067  -40.328  -56.222  -10.787 0.3000000119
28094  -36.422  -56.678  -14.272 0.6000000238
28101  -36.681  -56.219  -15.151 0.5000000000
28106  -36.765  -56.113  -15.838 0.4000000060
28107  -37.172  -56.721  -16.124 0.4000000060
28111  -37.033  -56.827  -16.446 0.4000000060
28963  -33.379  -55.701  -3.959 0.4000000060
29002  -37.797  -55.212  -7.491 0.4000000060
29003  -38.341  -55.723  -7.826 0.4000000060
29014  -38.604  -55.398  -8.531 0.4000000060
29046  -39.838  -54.463  -12.192 0.3000000119
29067  -35.809  -54.869  -15.006 0.6000000238
29068  -36.300  -55.518  -15.455 0.4000000060
29072  -35.872  -55.105  -15.498 0.4000000060
29913  -33.124  -54.090  -3.689 0.4000000060
29930  -33.204  -54.835  -3.824 0.4000000060
29931  -35.754  -54.758  -4.006 0.4000000060
29954  -32.441  -55.147  -6.296 0.4000000060
30005  -38.756  -53.808  -10.515 0.3000000119
30021  -33.980  -53.806  -12.823 0.4000000060
30032  -35.154  -54.379  -14.566 0.3000000119
30859  -34.429  -53.699  -2.903 0.4000000060
30860  -35.144  -53.177  -2.889 0.4000000060
30912  -32.146  -53.693  -7.360 0.5000000000
30950  -39.112  -53.129  -11.797 0.3000000119
30960  -39.760  -52.908  -12.464 0.3000000119
31852  -32.324  -52.513  -5.347 0.4000000060
31917  -38.184  -52.175  -10.527 0.4000000060
31942  -40.087  -52.537  -12.232 0.4000000060
31947  -40.078  -52.994  -12.533 0.3000000119
32832  -32.761  -50.951  -3.741 0.4000000060
32855  -31.786  -51.238  -5.991 0.4000000060
32905  -38.018  -51.499  -10.720 0.4000000060
32919  -38.249  -50.665  -11.486 0.4000000060
32930  -38.923  -50.924  -12.022 0.4000000060
33838  -32.143  -50.366  -4.960 0.4000000060
33852  -31.495  -50.770  -6.437 0.4000000060
33895  -39.176  -50.252  -11.505 0.4000000060
33904  -38.504  -49.724  -11.647 0.4000000060
33905  -38.994  -50.601  -11.947 0.4000000060
34860  -38.794  -49.685  -11.513 0.4000000060
35815  -38.065  -48.608  -11.570 0.4000000060
37926  -31.289  -46.702  -6.005 0.4000000060
40036  -31.431  -44.662  -6.137 0.4000000060
40049  -31.216  -44.304  -6.821 0.4000000060
131421  -32.461  -53.808  -9.835 0.5000000000
132281  -37.368  -54.021  -7.325 0.4000000060
132624  -33.891  -57.272  -4.354 0.4000000060
134093  -32.684  -56.389  -7.083 0.4000000060
134208  -38.116  -65.131  -18.258 0.4000000060
134495  -39.730  -65.785  -18.030 0.3000000119
135022  -44.175  -62.159  -9.119 0.3000000119
135045  -36.547  -53.833  -5.137 0.4000000060
135507  -31.170  -63.517  -14.993 0.5000000000
135598  -36.600  -60.038  -8.887 0.6999999881
135630  -38.600  -66.090  -6.355 0.6000000238
135912  -34.201  -62.620  -16.136 0.5000000000
136081  -32.211  -53.204  -9.612 0.3000000119
137242  -32.466  -54.530  -9.264 0.4000000060
137424  -34.899  -57.285  -4.188 0.4000000060
139998  -31.836  -48.055  -5.108 0.4000000060
140612  -42.959  -57.831  -14.792 0.3000000119
141199  -31.018  -63.641  -12.819 0.5000000000
142723  -35.851  -59.565  -10.783 0.6999999881
142779  -39.154  -49.659  -10.902 0.4000000060
143001  -44.952  -61.033  -7.970 0.3000000119
143822  -37.241  -60.288  -16.962 0.5000000000
145106  -36.188  -54.299  -4.453 0.4000000060
147579  -32.066  -63.085  -11.748 0.5000000000
148054  -42.069  -66.871  -5.698 0.3000000119
148357  -37.594  -58.551  -16.514 0.5000000000
148602  -43.559  -59.458  -14.971 0.5000000000
149635  -30.015  -66.747  -9.911 0.5000000000
150050  -35.916  -60.544  -14.214 0.6000000238
150991  -32.379  -66.718  -8.156 0.6000000238
151283  -39.375  -52.401  -12.198 0.4000000060
151503  -44.059  -67.745  -11.313 0.3000000119
152012  -37.989  -61.542  -7.929 0.6000000238
152429  -34.529  -58.595  -4.843 0.4000000060
152567  -30.491  -67.453  -14.193 0.4000000060
153410  -33.687  -63.475  -6.927 0.5000000000
153970  -32.060  -52.234  -5.969 0.4000000060
154676  -32.990  -66.768  -15.132 0.4000000060
154791  -31.549  -49.880  -5.853 0.4000000060
154910  -42.914  -61.510  -14.162 0.5000000000
156492  -31.185  -66.269  -7.872 0.6000000238
157216  -32.088  -64.267  -6.514 0.6999999881
157459  -32.374  -54.513  -6.312 0.4000000060
158272  -30.466  -67.050  -10.299 0.4000000060
