#!ascii label  , from subject sub-05 vox2ras=TkReg
1354
23754  -41.034  -60.464  3.384 0.0000000000
23755  -41.855  -60.485  3.345 0.0000000000
23771  -40.828  -60.172  2.800 0.0000000000
23772  -41.541  -60.311  2.643 0.0000000000
23773  -42.290  -60.440  2.477 0.0000000000
23774  -43.135  -60.551  2.325 0.0000000000
23788  -41.914  -60.212  1.998 0.0000000000
23789  -42.638  -60.326  1.672 0.0000000000
23790  -43.551  -60.497  1.469 0.0000000000
23791  -45.216  -60.748  1.034 0.0000000000
23799  -44.001  -60.338  0.786 0.0000000000
23800  -44.704  -60.294  0.575 0.0000000000
23801  -45.328  -60.550  0.644 0.0000000000
24777  -41.262  -59.948  2.245 0.0000000000
24787  -40.885  -59.341  2.116 0.0000000000
24788  -41.637  -59.571  1.722 0.0000000000
24789  -42.380  -59.595  1.269 0.0000000000
24790  -43.128  -60.073  1.013 0.0000000000
24798  -42.874  -59.356  0.812 0.0000000000
24799  -43.504  -59.474  0.577 0.0000000000
24800  -44.378  -59.518  0.264 0.0000000000
24801  -45.206  -60.056  0.230 0.0000000000
24811  -45.155  -59.218  -0.216 0.0000000000
25746  -40.394  -58.631  2.199 0.0000000000
25756  -41.091  -58.744  1.742 0.0000000000
25757  -41.782  -58.798  1.347 0.0000000000
25758  -42.402  -58.706  0.901 0.0000000000
25771  -43.018  -58.640  0.510 0.0000000000
25785  -44.461  -58.445  -0.241 0.0000000000
26766  -40.607  -57.861  1.841 0.0000000000
26767  -41.866  -58.004  1.062 0.0000000000
26779  -41.909  -57.175  0.845 0.0000000000
26780  -42.517  -57.823  0.576 0.0000000000
26781  -43.168  -57.857  0.211 0.0000000000
26882  -41.270  -57.638  -6.267 0.0000000000
26908  -41.641  -57.235  -6.937 0.0000000000
27870  -40.508  -56.864  1.702 0.0000000000
27871  -41.288  -56.554  1.190 0.0000000000
27885  -42.011  -56.282  0.575 0.0000000000
27912  -37.276  -56.155  -0.946 0.0000000000
27930  -37.660  -56.165  -1.901 0.0000000000
27931  -37.904  -56.862  -2.403 0.0000000000
27951  -38.514  -56.807  -3.131 0.0000000000
27952  -39.110  -56.847  -3.855 0.0000000000
27975  -39.738  -57.058  -4.625 0.0000000000
27976  -40.479  -56.300  -5.655 0.0000000000
27998  -40.941  -56.845  -6.162 0.0000000000
28014  -40.825  -55.882  -6.218 0.0000000000
28015  -41.376  -56.230  -6.888 0.0000000000
28031  -41.858  -56.499  -7.616 0.0000000000
28870  -39.350  -55.446  1.864 0.0000000000
28871  -40.480  -55.820  1.542 0.0000000000
28872  -41.344  -55.811  1.014 0.0000000000
28886  -37.590  -54.977  0.459 0.0000000000
28887  -40.987  -55.062  1.141 0.0000000000
28888  -41.782  -55.328  0.554 0.0000000000
28899  -37.463  -55.220  -0.600 0.0000000000
28915  -37.642  -55.443  -1.491 0.0000000000
28931  -38.357  -55.323  -2.732 0.0000000000
28947  -38.787  -54.922  -3.377 0.0000000000
28948  -39.289  -55.240  -4.048 0.0000000000
28965  -39.811  -55.295  -4.805 0.0000000000
28979  -40.358  -55.580  -5.540 0.0000000000
28991  -40.759  -55.025  -6.141 0.0000000000
28992  -41.254  -55.296  -6.832 0.0000000000
29004  -41.664  -55.654  -7.591 0.0000000000
29016  -41.890  -55.184  -8.341 0.0000000000
29847  -38.116  -54.739  1.263 0.0000000000
29848  -38.871  -54.689  1.609 0.0000000000
29849  -39.925  -54.723  1.515 0.0000000000
29859  -38.039  -54.077  0.753 0.0000000000
29860  -40.607  -54.309  1.131 0.0000000000
29861  -41.394  -54.434  0.661 0.0000000000
29869  -37.658  -54.399  -0.390 0.0000000000
29882  -37.733  -54.642  -1.230 0.0000000000
29883  -38.139  -54.121  -1.873 0.0000000000
29897  -38.001  -54.927  -2.041 0.0000000000
29898  -38.423  -54.533  -2.667 0.0000000000
29917  -38.766  -54.195  -3.261 0.0000000000
29918  -39.279  -54.361  -3.961 0.0000000000
29945  -40.374  -53.946  -5.547 0.0000000000
29956  -40.682  -54.327  -6.043 0.0000000000
29957  -41.143  -54.331  -6.732 0.0000000000
29971  -41.533  -54.757  -7.545 0.0000000000
29983  -41.661  -54.385  -8.357 0.0000000000
30785  -38.578  -54.050  1.210 0.0000000000
30786  -39.859  -53.826  1.265 0.0000000000
30798  -38.523  -53.404  0.785 0.0000000000
30799  -39.045  -52.749  0.772 0.0000000000
30800  -41.733  -53.672  0.268 0.0000000000
30811  -37.832  -53.737  -0.262 0.0000000000
30812  -38.104  -52.987  -0.517 0.0000000000
30813  -41.977  -52.877  -0.096 0.0000000000
30828  -37.861  -53.809  -0.986 0.0000000000
30829  -38.259  -53.128  -1.724 0.0000000000
30844  -38.521  -53.720  -2.655 0.0000000000
30862  -39.015  -53.444  -3.511 0.0000000000
30874  -39.592  -53.519  -4.385 0.0000000000
30875  -40.059  -53.527  -5.062 0.0000000000
30888  -40.446  -53.150  -5.639 0.0000000000
30901  -40.817  -53.599  -6.302 0.0000000000
30914  -41.071  -53.032  -6.945 0.0000000000
30915  -41.365  -53.807  -7.516 0.0000000000
30929  -41.416  -53.643  -8.454 0.0000000000
31777  -38.956  -51.884  0.343 0.0000000000
31778  -39.713  -52.172  0.632 0.0000000000
31779  -40.608  -52.110  0.483 0.0000000000
31780  -41.410  -52.084  0.114 0.0000000000
31794  -38.448  -52.061  -0.294 0.0000000000
31795  -42.256  -52.021  -0.428 0.0000000000
31809  -38.304  -52.196  -1.186 0.0000000000
31827  -38.658  -52.888  -2.752 0.0000000000
31840  -39.036  -52.651  -3.405 0.0000000000
31841  -39.430  -52.740  -4.063 0.0000000000
31854  -39.979  -52.703  -4.947 0.0000000000
31867  -40.462  -52.340  -5.775 0.0000000000
31877  -40.722  -52.258  -6.554 0.0000000000
31892  -40.849  -52.295  -7.379 0.0000000000
31893  -41.180  -53.008  -7.863 0.0000000000
32773  -39.525  -51.464  0.334 0.0000000000
32774  -40.147  -51.445  0.395 0.0000000000
32775  -40.836  -51.502  0.251 0.0000000000
32792  -38.773  -51.377  -0.188 0.0000000000
32793  -39.193  -51.066  0.040 0.0000000000
32794  -41.459  -51.177  -0.132 0.0000000000
32795  -42.295  -51.054  -0.597 0.0000000000
32806  -38.517  -51.397  -0.843 0.0000000000
32807  -42.981  -50.984  -1.095 0.0000000000
32808  -43.610  -50.961  -1.603 0.0000000000
32821  -38.722  -50.938  -2.250 0.0000000000
32822  -39.057  -51.234  -3.203 0.0000000000
32823  -44.184  -50.913  -2.127 0.0000000000
32835  -38.834  -52.114  -2.961 0.0000000000
32846  -39.581  -51.210  -4.322 0.0000000000
32858  -40.085  -51.628  -5.203 0.0000000000
32859  -40.455  -51.573  -6.078 0.0000000000
32873  -40.567  -51.581  -6.878 0.0000000000
32888  -40.499  -51.602  -7.781 0.0000000000
33749  -39.796  -50.836  0.161 0.0000000000
33750  -40.579  -50.781  0.109 0.0000000000
33765  -38.902  -50.655  -0.569 0.0000000000
33766  -39.499  -50.346  -0.259 0.0000000000
33767  -40.102  -50.126  -0.110 0.0000000000
33768  -40.784  -50.043  -0.156 0.0000000000
33769  -41.601  -50.248  -0.381 0.0000000000
33782  -38.655  -50.796  -1.396 0.0000000000
33783  -42.471  -50.211  -0.830 0.0000000000
33784  -43.192  -50.188  -1.326 0.0000000000
33799  -43.848  -50.189  -1.870 0.0000000000
33800  -44.408  -50.210  -2.455 0.0000000000
33814  -39.382  -50.529  -3.784 0.0000000000
33815  -44.933  -50.342  -3.033 0.0000000000
33825  -39.672  -50.283  -4.548 0.0000000000
33840  -40.178  -50.875  -5.694 0.0000000000
33854  -39.982  -50.300  -6.687 0.0000000000
33855  -40.294  -50.928  -6.408 0.0000000000
33863  -39.829  -50.250  -7.626 0.0000000000
33864  -40.243  -50.933  -7.218 0.0000000000
33872  -39.662  -50.183  -8.819 0.0000000000
33873  -40.057  -50.914  -8.217 0.0000000000
34732  -39.287  -49.856  -0.740 0.0000000000
34733  -39.796  -49.552  -0.462 0.0000000000
34734  -40.399  -49.382  -0.368 0.0000000000
34735  -41.111  -49.358  -0.374 0.0000000000
34736  -41.914  -49.395  -0.662 0.0000000000
34747  -38.910  -50.101  -1.231 0.0000000000
34748  -39.558  -49.099  -0.883 0.0000000000
34749  -42.684  -49.394  -1.109 0.0000000000
34750  -43.413  -49.397  -1.615 0.0000000000
34765  -38.806  -50.330  -1.907 0.0000000000
34766  -39.022  -49.675  -1.928 0.0000000000
34767  -44.074  -49.422  -2.213 0.0000000000
34768  -44.678  -49.503  -2.854 0.0000000000
34780  -39.662  -49.403  -4.684 0.0000000000
34781  -45.269  -49.640  -3.486 0.0000000000
34792  -39.735  -49.390  -5.390 0.0000000000
34807  -39.825  -49.641  -6.075 0.0000000000
34818  -39.683  -49.566  -7.039 0.0000000000
34826  -39.520  -49.480  -8.161 0.0000000000
34836  -39.304  -49.377  -9.652 0.0000000000
34846  -36.967  -48.922  -9.575 0.0000000000
34849  -38.842  -49.093  -10.894 0.0000000000
35696  -40.143  -48.710  -0.650 0.0000000000
35697  -40.713  -48.681  -0.547 0.0000000000
35698  -41.385  -48.629  -0.627 0.0000000000
35711  -39.790  -48.309  -1.161 0.0000000000
35712  -40.421  -47.951  -0.920 0.0000000000
35713  -42.153  -48.602  -0.918 0.0000000000
35714  -42.920  -48.595  -1.390 0.0000000000
35728  -39.497  -48.157  -2.143 0.0000000000
35729  -43.633  -48.623  -1.926 0.0000000000
35730  -44.304  -48.563  -2.593 0.0000000000
35744  -39.520  -48.240  -3.326 0.0000000000
35745  -44.960  -48.801  -3.318 0.0000000000
35746  -45.170  -48.037  -3.829 0.0000000000
35757  -39.583  -48.434  -4.440 0.0000000000
35771  -39.666  -48.891  -5.102 0.0000000000
35778  -39.650  -48.891  -5.705 0.0000000000
35784  -36.666  -48.714  -8.487 0.0000000000
35785  -39.432  -48.786  -7.507 0.0000000000
35794  -36.746  -48.252  -9.536 0.0000000000
35795  -39.234  -48.700  -8.677 0.0000000000
35805  -37.177  -48.272  -10.618 0.0000000000
35806  -38.403  -48.337  -11.145 0.0000000000
35807  -38.922  -48.538  -9.916 0.0000000000
35814  -37.791  -48.142  -11.417 0.0000000000
35815  -38.065  -48.608  -11.570 0.0000000000
36758  -40.976  -47.948  -0.745 0.0000000000
36759  -41.647  -48.012  -0.859 0.0000000000
36774  -40.075  -47.387  -1.604 0.0000000000
36775  -40.899  -47.123  -1.199 0.0000000000
36776  -41.567  -47.340  -1.108 0.0000000000
36777  -42.355  -47.753  -1.232 0.0000000000
36778  -43.194  -47.861  -1.689 0.0000000000
36791  -39.688  -47.365  -2.725 0.0000000000
36792  -42.816  -47.206  -1.611 0.0000000000
36793  -43.475  -47.162  -2.124 0.0000000000
36794  -44.162  -47.636  -2.668 0.0000000000
36808  -39.600  -47.515  -3.856 0.0000000000
36809  -44.570  -47.359  -3.341 0.0000000000
36820  -39.577  -47.629  -4.760 0.0000000000
36821  -44.967  -47.119  -4.060 0.0000000000
36822  -45.406  -47.630  -4.502 0.0000000000
36833  -39.519  -47.519  -5.532 0.0000000000
36834  -45.737  -47.687  -5.251 0.0000000000
36840  -36.681  -47.287  -6.300 0.0000000000
36841  -39.401  -47.360  -6.396 0.0000000000
36842  -45.806  -47.506  -6.153 0.0000000000
36848  -39.199  -47.285  -7.443 0.0000000000
36856  -38.526  -46.958  -10.014 0.0000000000
36857  -38.872  -47.282  -8.744 0.0000000000
36867  -36.524  -46.692  -9.789 0.0000000000
36868  -38.654  -47.754  -10.042 0.0000000000
36877  -37.273  -47.388  -11.093 0.0000000000
36878  -37.725  -47.431  -11.259 0.0000000000
36879  -38.179  -47.416  -11.089 0.0000000000
37866  -36.460  -46.749  -1.797 0.0000000000
37867  -40.578  -46.659  -1.647 0.0000000000
37868  -41.098  -46.283  -1.599 0.0000000000
37869  -41.586  -46.548  -1.449 0.0000000000
37870  -42.213  -46.859  -1.423 0.0000000000
37882  -37.031  -46.686  -2.408 0.0000000000
37883  -40.109  -46.602  -2.260 0.0000000000
37884  -40.649  -46.044  -1.980 0.0000000000
37885  -42.818  -46.526  -1.797 0.0000000000
37886  -43.378  -46.265  -2.337 0.0000000000
37887  -44.014  -46.795  -2.804 0.0000000000
37900  -37.341  -46.493  -3.219 0.0000000000
37901  -39.758  -46.560  -3.355 0.0000000000
37902  -43.854  -45.940  -3.022 0.0000000000
37903  -44.430  -46.521  -3.555 0.0000000000
37914  -37.329  -46.316  -4.197 0.0000000000
37915  -39.581  -46.322  -4.859 0.0000000000
37916  -44.734  -46.329  -4.397 0.0000000000
37917  -45.217  -46.966  -4.863 0.0000000000
37928  -37.149  -46.157  -5.221 0.0000000000
37929  -39.452  -46.590  -5.749 0.0000000000
37930  -44.934  -46.255  -5.289 0.0000000000
37931  -45.359  -46.907  -5.726 0.0000000000
37937  -36.657  -46.558  -6.618 0.0000000000
37938  -39.268  -46.512  -6.823 0.0000000000
37939  -44.983  -46.240  -6.198 0.0000000000
37940  -45.360  -46.897  -6.595 0.0000000000
37946  -36.513  -46.440  -7.516 0.0000000000
37947  -38.772  -45.827  -8.288 0.0000000000
37948  -38.956  -46.496  -7.896 0.0000000000
37949  -44.937  -46.319  -7.229 0.0000000000
37960  -36.443  -46.228  -8.704 0.0000000000
37961  -38.671  -46.393  -9.016 0.0000000000
37971  -36.489  -46.031  -10.046 0.0000000000
37972  -38.358  -46.237  -10.136 0.0000000000
37980  -36.788  -46.578  -10.890 0.0000000000
37981  -37.253  -46.686  -11.290 0.0000000000
37982  -37.347  -45.979  -11.271 0.0000000000
38930  -35.493  -45.245  -1.435 0.0000000000
38931  -36.272  -45.042  -1.447 0.0000000000
38932  -36.772  -45.425  -1.687 0.0000000000
38933  -37.211  -44.987  -1.887 0.0000000000
38934  -41.158  -45.700  -1.926 0.0000000000
38935  -41.653  -45.780  -1.787 0.0000000000
38936  -42.226  -46.070  -1.698 0.0000000000
38951  -36.884  -46.089  -1.905 0.0000000000
38952  -37.294  -45.962  -2.551 0.0000000000
38953  -40.202  -45.865  -2.686 0.0000000000
38954  -40.778  -45.405  -2.345 0.0000000000
38955  -41.496  -45.066  -2.251 0.0000000000
38956  -42.347  -45.180  -2.226 0.0000000000
38957  -43.196  -45.461  -2.529 0.0000000000
38970  -37.512  -45.584  -3.450 0.0000000000
38971  -39.900  -45.684  -3.561 0.0000000000
38972  -40.349  -45.133  -2.975 0.0000000000
38973  -42.998  -44.768  -2.721 0.0000000000
38974  -43.651  -45.041  -3.308 0.0000000000
38975  -44.275  -45.695  -3.836 0.0000000000
38987  -37.399  -45.498  -4.650 0.0000000000
38988  -39.702  -45.563  -4.440 0.0000000000
38989  -44.122  -45.025  -4.125 0.0000000000
38990  -44.530  -45.489  -4.821 0.0000000000
39001  -36.861  -45.921  -6.120 0.0000000000
39002  -37.182  -45.346  -5.613 0.0000000000
39003  -39.530  -45.638  -5.348 0.0000000000
39004  -44.719  -45.668  -5.721 0.0000000000
39013  -36.896  -45.039  -6.478 0.0000000000
39014  -39.280  -45.072  -6.628 0.0000000000
39015  -44.662  -45.423  -6.621 0.0000000000
39026  -36.488  -45.735  -7.747 0.0000000000
39027  -38.723  -45.043  -8.182 0.0000000000
39028  -39.077  -45.638  -7.312 0.0000000000
39029  -44.642  -45.534  -7.666 0.0000000000
39040  -36.429  -45.479  -9.306 0.0000000000
39041  -38.494  -45.519  -9.259 0.0000000000
39051  -36.483  -45.258  -10.320 0.0000000000
39052  -37.974  -45.525  -10.628 0.0000000000
39061  -36.742  -45.096  -11.237 0.0000000000
39062  -36.971  -45.269  -11.466 0.0000000000
39063  -37.291  -45.122  -11.313 0.0000000000
39072  -36.901  -44.719  -11.436 0.0000000000
39985  -35.766  -44.416  -1.403 0.0000000000
39986  -36.559  -44.291  -1.483 0.0000000000
39987  -37.164  -44.304  -1.719 0.0000000000
39996  -37.529  -44.445  -2.226 0.0000000000
39997  -40.912  -44.805  -2.606 0.0000000000
39998  -41.408  -44.300  -2.728 0.0000000000
39999  -41.966  -44.460  -2.509 0.0000000000
40009  -37.731  -44.656  -3.058 0.0000000000
40010  -40.021  -44.870  -3.803 0.0000000000
40011  -40.645  -44.383  -3.159 0.0000000000
40012  -42.503  -44.284  -2.781 0.0000000000
40013  -43.184  -44.218  -3.276 0.0000000000
40026  -37.633  -44.784  -4.103 0.0000000000
40027  -39.739  -44.649  -4.842 0.0000000000
40028  -40.275  -43.981  -3.965 0.0000000000
40029  -43.751  -44.381  -3.992 0.0000000000
40030  -44.194  -44.622  -4.791 0.0000000000
40038  -37.429  -44.760  -5.106 0.0000000000
40039  -39.645  -44.019  -5.649 0.0000000000
40040  -43.814  -43.875  -4.701 0.0000000000
40041  -44.195  -44.122  -5.525 0.0000000000
40050  -36.813  -44.315  -7.063 0.0000000000
40051  -37.166  -44.208  -6.306 0.0000000000
40052  -39.382  -44.344  -6.492 0.0000000000
40053  -44.416  -44.334  -6.506 0.0000000000
40067  -36.531  -44.295  -8.049 0.0000000000
40068  -38.863  -44.331  -7.826 0.0000000000
40069  -39.090  -44.736  -7.251 0.0000000000
40070  -44.501  -44.487  -7.740 0.0000000000
40080  -36.419  -44.600  -9.354 0.0000000000
40081  -38.565  -44.263  -8.717 0.0000000000
40092  -36.490  -44.415  -10.705 0.0000000000
40093  -37.677  -44.031  -10.610 0.0000000000
40094  -38.193  -44.702  -9.808 0.0000000000
40102  -36.721  -44.253  -11.273 0.0000000000
40103  -37.188  -44.296  -11.351 0.0000000000
40104  -37.676  -44.763  -10.848 0.0000000000
40110  -36.900  -44.198  -11.423 0.0000000000
41015  -35.248  -43.704  -1.535 0.0000000000
41016  -36.143  -43.625  -1.386 0.0000000000
41017  -36.968  -43.509  -1.503 0.0000000000
41018  -37.543  -43.696  -1.918 0.0000000000
41029  -38.156  -42.942  -2.712 0.0000000000
41030  -41.969  -43.782  -2.913 0.0000000000
41042  -37.873  -44.008  -3.721 0.0000000000
41043  -38.169  -43.148  -3.561 0.0000000000
41044  -41.175  -43.557  -3.367 0.0000000000
41045  -42.633  -43.539  -3.450 0.0000000000
41046  -43.333  -43.666  -3.965 0.0000000000
41061  -37.685  -43.482  -5.148 0.0000000000
41062  -40.019  -43.627  -4.805 0.0000000000
41063  -40.650  -43.148  -4.148 0.0000000000
41064  -42.872  -42.525  -4.654 0.0000000000
41065  -43.414  -43.171  -4.653 0.0000000000
41077  -37.432  -43.470  -5.993 0.0000000000
41078  -39.884  -43.161  -5.478 0.0000000000
41079  -40.324  -42.914  -4.811 0.0000000000
41080  -43.824  -43.406  -5.406 0.0000000000
41081  -44.136  -43.640  -6.095 0.0000000000
41092  -36.779  -43.716  -7.472 0.0000000000
41093  -37.122  -43.573  -6.804 0.0000000000
41094  -39.540  -43.397  -6.377 0.0000000000
41095  -43.844  -42.983  -6.107 0.0000000000
41096  -44.208  -43.396  -6.882 0.0000000000
41111  -36.602  -43.371  -8.191 0.0000000000
41112  -36.975  -43.013  -7.436 0.0000000000
41113  -38.878  -43.625  -7.961 0.0000000000
41114  -39.252  -43.075  -7.245 0.0000000000
41115  -44.306  -43.466  -7.818 0.0000000000
41124  -36.440  -43.770  -8.930 0.0000000000
41125  -38.532  -43.303  -8.900 0.0000000000
41126  -44.347  -43.647  -8.680 0.0000000000
41137  -36.422  -43.675  -10.048 0.0000000000
41138  -37.243  -43.517  -11.247 0.0000000000
41147  -36.510  -43.547  -11.034 0.0000000000
41148  -36.923  -43.534  -11.419 0.0000000000
41156  -36.729  -43.523  -11.283 0.0000000000
42009  -35.635  -42.820  -1.460 0.0000000000
42010  -36.327  -42.271  -1.345 0.0000000000
42011  -37.086  -42.548  -1.442 0.0000000000
42012  -37.747  -42.405  -1.801 0.0000000000
42023  -37.868  -43.026  -2.140 0.0000000000
42024  -38.201  -42.270  -2.366 0.0000000000
42037  -38.368  -42.495  -3.082 0.0000000000
42038  -41.375  -42.803  -3.927 0.0000000000
42039  -41.949  -43.112  -3.516 0.0000000000
42052  -38.038  -42.904  -4.598 0.0000000000
42053  -38.362  -42.320  -3.885 0.0000000000
42054  -40.879  -42.489  -4.507 0.0000000000
42055  -41.556  -42.273  -4.420 0.0000000000
42056  -42.183  -42.261  -4.451 0.0000000000
42065  -37.754  -42.760  -5.516 0.0000000000
42066  -38.183  -42.121  -4.880 0.0000000000
42067  -39.841  -42.673  -5.943 0.0000000000
42068  -40.381  -42.345  -5.287 0.0000000000
42069  -42.440  -41.864  -5.068 0.0000000000
42070  -43.443  -42.689  -5.356 0.0000000000
42079  -37.424  -42.657  -6.533 0.0000000000
42080  -39.606  -42.482  -6.589 0.0000000000
42081  -40.077  -41.950  -6.010 0.0000000000
42082  -43.438  -42.171  -6.129 0.0000000000
42083  -43.848  -42.659  -6.739 0.0000000000
42094  -37.158  -42.162  -7.449 0.0000000000
42095  -38.937  -42.743  -8.055 0.0000000000
42096  -39.356  -42.173  -7.342 0.0000000000
42097  -43.624  -42.059  -7.070 0.0000000000
42098  -44.015  -42.737  -7.472 0.0000000000
42109  -36.691  -42.530  -8.246 0.0000000000
42110  -38.540  -42.351  -8.942 0.0000000000
42111  -43.761  -42.114  -7.960 0.0000000000
42112  -44.117  -42.847  -8.346 0.0000000000
42125  -36.398  -42.771  -10.699 0.0000000000
42126  -36.967  -42.692  -11.357 0.0000000000
42127  -37.737  -42.921  -10.227 0.0000000000
42128  -43.810  -42.245  -8.879 0.0000000000
42129  -44.119  -43.020  -9.252 0.0000000000
42138  -36.542  -42.718  -11.136 0.0000000000
42139  -36.494  -41.965  -11.187 0.0000000000
42994  -36.088  -41.480  -1.210 0.0000000000
42995  -36.847  -41.690  -1.251 0.0000000000
42996  -37.503  -41.768  -1.520 0.0000000000
42997  -38.079  -41.662  -1.881 0.0000000000
43007  -38.355  -41.540  -2.342 0.0000000000
43024  -41.112  -41.881  -4.904 0.0000000000
43025  -41.799  -41.754  -4.891 0.0000000000
43031  -37.885  -41.922  -5.804 0.0000000000
43032  -38.308  -41.263  -5.102 0.0000000000
43033  -40.753  -41.571  -5.558 0.0000000000
43034  -41.400  -41.462  -5.352 0.0000000000
43035  -42.001  -41.253  -5.580 0.0000000000
43036  -42.769  -41.586  -5.800 0.0000000000
43048  -37.581  -41.650  -6.688 0.0000000000
43049  -38.103  -41.045  -6.030 0.0000000000
43050  -39.826  -41.612  -6.708 0.0000000000
43051  -40.484  -41.224  -6.250 0.0000000000
43052  -42.408  -41.002  -6.306 0.0000000000
43053  -43.101  -41.452  -6.630 0.0000000000
43065  -37.313  -41.324  -7.543 0.0000000000
43066  -39.030  -41.803  -8.107 0.0000000000
43067  -39.557  -41.196  -7.432 0.0000000000
43068  -42.682  -40.849  -7.112 0.0000000000
43069  -43.295  -41.426  -7.537 0.0000000000
43080  -36.475  -41.105  -9.499 0.0000000000
43081  -36.975  -41.014  -8.313 0.0000000000
43082  -38.654  -41.498  -8.822 0.0000000000
43083  -39.160  -40.715  -8.326 0.0000000000
43084  -42.866  -40.815  -8.060 0.0000000000
43085  -43.414  -41.498  -8.486 0.0000000000
43093  -36.052  -41.149  -10.907 0.0000000000
43094  -37.195  -41.776  -11.001 0.0000000000
43095  -38.035  -41.729  -9.731 0.0000000000
43096  -42.990  -40.874  -9.065 0.0000000000
43097  -43.441  -41.631  -9.453 0.0000000000
43104  -36.201  -41.268  -11.131 0.0000000000
43105  -36.634  -41.327  -11.262 0.0000000000
43106  -42.978  -41.016  -10.106 0.0000000000
43107  -43.371  -41.807  -10.411 0.0000000000
43113  -36.244  -41.073  -11.191 0.0000000000
43956  -36.247  -40.117  -0.827 0.0000000000
43957  -36.922  -39.961  -0.827 0.0000000000
43958  -37.586  -39.551  -1.150 0.0000000000
43972  -36.657  -40.800  -1.000 0.0000000000
43973  -37.446  -40.469  -1.192 0.0000000000
43974  -37.863  -41.045  -1.564 0.0000000000
43985  -38.364  -40.899  -2.010 0.0000000000
44002  -38.517  -40.592  -4.347 0.0000000000
44009  -38.400  -40.374  -5.310 0.0000000000
44010  -41.239  -40.955  -5.946 0.0000000000
44011  -41.821  -40.771  -6.207 0.0000000000
44021  -37.738  -40.780  -6.872 0.0000000000
44022  -38.205  -40.164  -6.244 0.0000000000
44023  -40.196  -40.769  -6.880 0.0000000000
44024  -40.806  -40.626  -6.527 0.0000000000
44025  -41.341  -40.455  -6.614 0.0000000000
44026  -41.993  -40.476  -6.776 0.0000000000
44038  -37.416  -40.530  -7.744 0.0000000000
44039  -39.882  -40.230  -7.569 0.0000000000
44040  -40.693  -40.055  -7.166 0.0000000000
44041  -41.429  -40.024  -7.293 0.0000000000
44042  -42.163  -40.298  -7.613 0.0000000000
44052  -36.505  -40.151  -9.711 0.0000000000
44053  -36.932  -40.323  -8.716 0.0000000000
44054  -38.834  -39.849  -9.152 0.0000000000
44055  -39.625  -39.698  -8.357 0.0000000000
44056  -41.595  -39.732  -8.113 0.0000000000
44057  -42.333  -40.261  -8.602 0.0000000000
44065  -36.159  -40.329  -10.712 0.0000000000
44066  -37.707  -40.977  -10.245 0.0000000000
44067  -37.994  -40.098  -10.181 0.0000000000
44068  -41.799  -39.671  -9.148 0.0000000000
44069  -42.446  -40.304  -9.666 0.0000000000
44076  -37.114  -40.529  -11.119 0.0000000000
44077  -37.397  -39.544  -10.963 0.0000000000
44078  -42.459  -40.359  -10.751 0.0000000000
44083  -36.423  -40.418  -11.254 0.0000000000
44959  -36.345  -39.468  -0.675 0.0000000000
44960  -37.000  -39.285  -0.718 0.0000000000
44972  -38.226  -39.481  -1.732 0.0000000000
44983  -38.511  -39.468  -2.579 0.0000000000
44994  -38.539  -39.688  -4.598 0.0000000000
45001  -38.444  -39.464  -5.557 0.0000000000
45012  -37.887  -39.935  -7.136 0.0000000000
45013  -38.279  -39.277  -6.528 0.0000000000
45014  -43.177  -38.656  -7.270 0.0000000000
45015  -44.038  -39.046  -7.029 0.0000000000
45016  -44.846  -39.116  -7.056 0.0000000000
45029  -37.487  -39.687  -8.111 0.0000000000
45030  -38.016  -39.044  -7.481 0.0000000000
45031  -40.250  -39.525  -7.925 0.0000000000
45032  -40.887  -39.502  -7.857 0.0000000000
45033  -43.688  -39.031  -7.733 0.0000000000
45034  -44.338  -39.291  -7.736 0.0000000000
45035  -45.144  -39.390  -7.801 0.0000000000
45036  -45.897  -39.230  -7.958 0.0000000000
45044  -36.342  -39.561  -10.484 0.0000000000
45045  -36.892  -39.381  -9.374 0.0000000000
45046  -39.447  -39.109  -9.179 0.0000000000
45047  -40.397  -39.135  -8.509 0.0000000000
45048  -41.066  -39.229  -8.682 0.0000000000
45049  -43.787  -39.121  -8.447 0.0000000000
45050  -44.506  -39.425  -8.600 0.0000000000
45051  -45.387  -39.573  -8.648 0.0000000000
45052  -46.216  -39.438  -8.698 0.0000000000
45053  -46.879  -39.179  -8.903 0.0000000000
45061  -36.221  -39.005  -10.993 0.0000000000
45062  -36.541  -38.861  -10.501 0.0000000000
45063  -38.362  -39.062  -10.326 0.0000000000
45064  -39.246  -38.413  -10.221 0.0000000000
45065  -40.501  -38.788  -9.346 0.0000000000
45066  -41.235  -39.109  -9.718 0.0000000000
45067  -41.925  -39.671  -10.255 0.0000000000
45068  -43.848  -39.016  -9.395 0.0000000000
45069  -44.630  -39.438  -9.718 0.0000000000
45070  -45.669  -39.732  -9.432 0.0000000000
45071  -46.483  -39.654  -9.449 0.0000000000
45072  -47.246  -39.435  -9.611 0.0000000000
45077  -36.201  -39.466  -11.137 0.0000000000
45078  -37.071  -39.609  -11.327 0.0000000000
45079  -37.342  -38.693  -11.208 0.0000000000
45081  -45.223  -39.674  -10.431 0.0000000000
45088  -36.308  -39.755  -11.232 0.0000000000
45902  -35.712  -38.920  -0.616 0.0000000000
45903  -36.551  -38.732  -0.597 0.0000000000
45904  -37.290  -38.675  -0.846 0.0000000000
45913  -37.888  -38.671  -1.420 0.0000000000
45914  -38.356  -38.671  -2.092 0.0000000000
45925  -38.512  -38.545  -2.901 0.0000000000
45931  -38.531  -38.294  -3.849 0.0000000000
45936  -38.534  -38.659  -4.851 0.0000000000
45945  -38.439  -38.544  -5.925 0.0000000000
45946  -44.113  -38.370  -5.629 0.0000000000
45947  -45.008  -38.260  -5.668 0.0000000000
45957  -38.309  -38.351  -6.872 0.0000000000
45958  -42.988  -38.375  -6.488 0.0000000000
45959  -43.679  -38.626  -6.372 0.0000000000
45960  -44.534  -38.722  -6.334 0.0000000000
45961  -45.264  -38.639  -6.535 0.0000000000
45962  -45.816  -38.452  -6.855 0.0000000000
45972  -37.584  -38.739  -8.550 0.0000000000
45973  -38.084  -38.063  -7.871 0.0000000000
45974  -42.421  -38.018  -7.106 0.0000000000
45975  -45.543  -38.941  -7.263 0.0000000000
45976  -46.245  -38.558  -7.469 0.0000000000
45977  -46.795  -38.282  -7.930 0.0000000000
45986  -37.081  -38.360  -9.855 0.0000000000
45987  -37.682  -37.740  -9.014 0.0000000000
45988  -39.938  -38.718  -9.170 0.0000000000
45989  -42.505  -38.140  -8.120 0.0000000000
45990  -43.192  -38.680  -8.279 0.0000000000
45991  -46.525  -38.913  -8.225 0.0000000000
45992  -47.132  -38.471  -8.513 0.0000000000
46000  -36.386  -38.963  -11.118 0.0000000000
46001  -36.707  -38.226  -10.994 0.0000000000
46002  -38.199  -38.144  -11.093 0.0000000000
46003  -39.857  -38.179  -10.433 0.0000000000
46004  -40.696  -38.552  -10.527 0.0000000000
46005  -42.540  -37.423  -10.144 0.0000000000
46006  -43.223  -38.204  -10.079 0.0000000000
46007  -43.914  -38.673  -10.522 0.0000000000
46008  -47.503  -38.707  -9.199 0.0000000000
46009  -47.978  -38.191  -9.458 0.0000000000
46012  -36.777  -38.589  -11.186 0.0000000000
46013  -37.619  -37.809  -11.199 0.0000000000
46014  -38.828  -37.413  -11.181 0.0000000000
46015  -40.445  -37.683  -11.401 0.0000000000
46016  -41.250  -38.227  -11.710 0.0000000000
46017  -43.052  -37.407  -10.817 0.0000000000
46018  -43.452  -37.790  -11.283 0.0000000000
46025  -36.405  -39.270  -11.233 0.0000000000
46842  -35.123  -37.672  -0.697 0.0000000000
46843  -35.706  -37.176  -0.566 0.0000000000
46844  -36.399  -37.413  -0.576 0.0000000000
46845  -37.006  -37.167  -0.741 0.0000000000
46856  -38.134  -37.788  -1.828 0.0000000000
46865  -38.389  -37.304  -2.528 0.0000000000
46872  -38.499  -37.142  -4.060 0.0000000000
46878  -38.459  -37.086  -4.888 0.0000000000
46879  -43.949  -37.384  -4.528 0.0000000000
46880  -44.759  -37.326  -4.549 0.0000000000
46881  -45.437  -37.131  -4.851 0.0000000000
46890  -38.400  -36.901  -6.251 0.0000000000
46891  -42.942  -37.670  -5.527 0.0000000000
46892  -43.603  -37.833  -5.176 0.0000000000
46893  -44.446  -37.865  -5.048 0.0000000000
46894  -45.578  -37.593  -5.561 0.0000000000
46895  -46.137  -37.413  -6.186 0.0000000000
46905  -38.284  -37.202  -7.176 0.0000000000
46906  -41.837  -37.118  -6.862 0.0000000000
46907  -42.591  -37.816  -6.225 0.0000000000
46908  -43.304  -38.211  -5.818 0.0000000000
46909  -45.700  -38.081  -6.244 0.0000000000
46910  -46.239  -37.952  -6.815 0.0000000000
46922  -38.077  -37.036  -8.317 0.0000000000
46923  -41.480  -36.646  -7.696 0.0000000000
46924  -41.889  -37.384  -7.876 0.0000000000
46925  -46.697  -37.757  -7.443 0.0000000000
46926  -47.248  -37.553  -8.144 0.0000000000
46935  -37.350  -37.425  -10.300 0.0000000000
46936  -37.792  -36.762  -9.413 0.0000000000
46937  -41.444  -36.618  -8.546 0.0000000000
46938  -42.031  -37.325  -9.089 0.0000000000
46942  -37.375  -37.307  -10.860 0.0000000000
46943  -37.682  -36.577  -10.362 0.0000000000
46944  -41.510  -36.489  -9.485 0.0000000000
46945  -41.937  -36.625  -10.288 0.0000000000
46946  -47.678  -37.857  -8.908 0.0000000000
46947  -48.171  -37.439  -9.434 0.0000000000
46950  -37.309  -37.578  -11.041 0.0000000000
46951  -38.207  -36.801  -11.166 0.0000000000
46952  -39.313  -36.635  -11.336 0.0000000000
46953  -40.371  -36.713  -11.503 0.0000000000
46954  -42.386  -36.807  -11.165 0.0000000000
46959  -39.915  -36.102  -11.287 0.0000000000
46960  -41.412  -37.057  -11.795 0.0000000000
46961  -42.463  -36.981  -11.729 0.0000000000
46962  -42.985  -37.163  -11.755 0.0000000000
46966  -42.267  -37.078  -12.184 0.0000000000
47888  -34.955  -36.859  -0.741 0.0000000000
47889  -35.614  -36.346  -0.630 0.0000000000
47890  -36.401  -36.720  -0.616 0.0000000000
47899  -37.453  -36.917  -1.100 0.0000000000
47900  -37.829  -36.302  -1.474 0.0000000000
47905  -38.533  -36.851  -3.216 0.0000000000
47911  -38.755  -36.269  -3.886 0.0000000000
47912  -44.024  -36.182  -3.606 0.0000000000
47913  -44.777  -36.191  -3.590 0.0000000000
47914  -45.479  -35.945  -3.789 0.0000000000
47922  -38.617  -36.373  -4.790 0.0000000000
47923  -42.704  -36.117  -4.561 0.0000000000
47924  -43.554  -36.625  -4.198 0.0000000000
47925  -44.411  -36.795  -4.054 0.0000000000
47926  -45.153  -36.696  -4.153 0.0000000000
47927  -45.917  -36.290  -4.648 0.0000000000
47935  -38.484  -36.621  -5.537 0.0000000000
47936  -41.559  -35.638  -5.667 0.0000000000
47937  -42.161  -36.194  -5.375 0.0000000000
47938  -42.985  -37.096  -4.909 0.0000000000
47939  -46.037  -36.886  -5.473 0.0000000000
47947  -38.471  -36.162  -6.166 0.0000000000
47948  -41.561  -36.040  -6.337 0.0000000000
47949  -42.309  -37.036  -5.836 0.0000000000
47950  -46.548  -37.176  -6.876 0.0000000000
47951  -46.846  -36.329  -6.975 0.0000000000
47963  -38.254  -36.146  -7.852 0.0000000000
47964  -40.110  -35.056  -7.830 0.0000000000
47965  -40.898  -35.759  -8.058 0.0000000000
47966  -46.996  -36.920  -7.527 0.0000000000
47967  -47.268  -36.088  -7.640 0.0000000000
47976  -37.989  -35.942  -9.583 0.0000000000
47977  -40.189  -35.204  -8.864 0.0000000000
47978  -40.905  -35.921  -9.199 0.0000000000
47979  -47.793  -36.809  -8.784 0.0000000000
47981  -37.823  -36.664  -10.865 0.0000000000
47982  -38.071  -35.853  -10.395 0.0000000000
47983  -40.382  -35.444  -9.886 0.0000000000
47984  -41.217  -35.980  -10.322 0.0000000000
47985  -41.764  -36.280  -10.940 0.0000000000
47986  -48.322  -36.540  -9.556 0.0000000000
47989  -38.432  -35.993  -10.941 0.0000000000
47990  -39.320  -35.679  -10.977 0.0000000000
47991  -40.371  -35.767  -11.025 0.0000000000
47992  -41.231  -35.987  -11.039 0.0000000000
47997  -41.111  -36.282  -11.398 0.0000000000
47998  -41.852  -36.513  -11.369 0.0000000000
48902  -34.794  -35.980  -0.884 0.0000000000
48903  -35.691  -35.408  -0.737 0.0000000000
48904  -36.707  -35.374  -0.805 0.0000000000
48905  -37.083  -36.259  -0.815 0.0000000000
48912  -34.334  -35.449  -1.434 0.0000000000
48913  -34.905  -35.178  -0.976 0.0000000000
48914  -37.177  -34.642  -1.074 0.0000000000
48915  -37.502  -35.432  -1.177 0.0000000000
48916  -38.228  -35.480  -1.685 0.0000000000
48921  -38.784  -35.585  -2.380 0.0000000000
48922  -39.255  -35.198  -2.570 0.0000000000
48923  -43.987  -34.977  -2.845 0.0000000000
48924  -44.750  -35.010  -2.702 0.0000000000
48929  -39.123  -35.758  -3.387 0.0000000000
48930  -39.656  -35.376  -3.219 0.0000000000
48931  -41.260  -35.032  -3.677 0.0000000000
48932  -42.079  -34.941  -3.680 0.0000000000
48933  -42.848  -35.120  -3.563 0.0000000000
48934  -43.638  -35.438  -3.348 0.0000000000
48935  -44.414  -35.580  -3.197 0.0000000000
48936  -45.109  -35.517  -3.170 0.0000000000
48937  -45.794  -35.167  -3.453 0.0000000000
48946  -39.039  -35.807  -4.650 0.0000000000
48947  -39.722  -35.486  -4.867 0.0000000000
48948  -40.633  -35.320  -4.525 0.0000000000
48949  -41.608  -35.287  -4.423 0.0000000000
48950  -42.398  -35.423  -4.201 0.0000000000
48951  -43.212  -35.829  -3.892 0.0000000000
48952  -46.138  -35.444  -4.154 0.0000000000
48960  -38.731  -35.820  -5.628 0.0000000000
48961  -39.289  -35.533  -5.434 0.0000000000
48962  -40.182  -35.337  -5.673 0.0000000000
48963  -41.175  -35.383  -5.305 0.0000000000
48964  -41.966  -35.565  -4.972 0.0000000000
48965  -46.434  -36.100  -5.548 0.0000000000
48972  -38.682  -35.647  -6.559 0.0000000000
48973  -39.280  -35.361  -6.198 0.0000000000
48974  -40.008  -35.113  -6.843 0.0000000000
48975  -40.837  -35.415  -7.084 0.0000000000
48976  -46.769  -35.789  -6.364 0.0000000000
48977  -47.143  -35.447  -7.096 0.0000000000
48987  -38.647  -35.421  -7.549 0.0000000000
48988  -39.322  -34.945  -7.681 0.0000000000
48989  -47.411  -35.252  -7.844 0.0000000000
48995  -38.405  -35.481  -8.709 0.0000000000
48996  -38.799  -34.955  -9.227 0.0000000000
48997  -39.517  -34.993  -9.602 0.0000000000
48998  -47.575  -35.937  -8.353 0.0000000000
49000  -38.784  -35.256  -10.299 0.0000000000
49001  -39.804  -35.371  -10.486 0.0000000000
49002  -47.940  -35.793  -9.064 0.0000000000
49814  -35.395  -34.529  -1.009 0.0000000000
49822  -34.577  -34.639  -1.439 0.0000000000
49823  -36.305  -34.601  -0.899 0.0000000000
49824  -37.604  -33.931  -1.305 0.0000000000
49825  -38.057  -34.635  -1.464 0.0000000000
49826  -38.850  -34.166  -1.750 0.0000000000
49831  -34.161  -34.133  -2.073 0.0000000000
49832  -38.746  -34.898  -1.926 0.0000000000
49833  -39.458  -34.515  -2.188 0.0000000000
49834  -40.301  -34.263  -2.422 0.0000000000
49835  -41.184  -34.134  -2.560 0.0000000000
49836  -42.006  -34.052  -2.624 0.0000000000
49837  -43.400  -34.322  -2.637 0.0000000000
49838  -44.283  -34.405  -2.429 0.0000000000
49839  -45.031  -34.340  -2.322 0.0000000000
49840  -45.670  -33.987  -2.517 0.0000000000
49846  -39.978  -34.907  -2.779 0.0000000000
49847  -40.808  -34.697  -2.964 0.0000000000
49848  -41.664  -34.570  -3.045 0.0000000000
49849  -42.565  -34.532  -3.032 0.0000000000
49850  -43.289  -34.842  -3.116 0.0000000000
49851  -45.431  -34.785  -2.819 0.0000000000
49852  -46.165  -34.310  -3.221 0.0000000000
49872  -46.864  -34.584  -5.475 0.0000000000
49873  -47.239  -33.854  -6.362 0.0000000000
49879  -47.042  -34.906  -6.406 0.0000000000
49880  -47.322  -34.476  -7.277 0.0000000000
49889  -47.471  -34.546  -8.063 0.0000000000
49894  -47.585  -34.134  -8.706 0.0000000000
49896  -47.884  -34.009  -9.557 0.0000000000
50662  -35.034  -33.717  -1.496 0.0000000000
50663  -35.829  -33.111  -1.478 0.0000000000
50664  -37.192  -33.240  -1.357 0.0000000000
50665  -38.029  -33.275  -1.472 0.0000000000
50666  -38.834  -33.421  -1.629 0.0000000000
50667  -39.709  -33.695  -1.930 0.0000000000
50668  -41.180  -33.001  -1.928 0.0000000000
50669  -42.013  -32.982  -1.956 0.0000000000
50670  -42.904  -33.012  -1.849 0.0000000000
50671  -43.923  -33.213  -1.731 0.0000000000
50672  -44.886  -33.174  -1.650 0.0000000000
50677  -34.460  -33.304  -2.298 0.0000000000
50678  -35.190  -32.874  -1.927 0.0000000000
50679  -40.714  -33.602  -2.161 0.0000000000
50680  -41.578  -33.549  -2.257 0.0000000000
50681  -42.387  -33.530  -2.265 0.0000000000
50682  -43.188  -33.645  -2.230 0.0000000000
50683  -44.563  -33.787  -2.026 0.0000000000
50684  -45.731  -33.224  -2.194 0.0000000000
50685  -46.225  -33.417  -2.795 0.0000000000
50690  -46.589  -33.472  -3.608 0.0000000000
50700  -46.895  -33.415  -4.572 0.0000000000
50708  -47.063  -33.664  -5.382 0.0000000000
50709  -47.246  -32.877  -5.854 0.0000000000
50716  -47.370  -33.606  -7.202 0.0000000000
50726  -47.426  -33.112  -8.446 0.0000000000
50728  -47.735  -33.322  -9.691 0.0000000000
51464  -35.816  -32.548  -1.821 0.0000000000
51465  -36.611  -32.518  -1.617 0.0000000000
51466  -37.628  -32.556  -1.558 0.0000000000
51467  -38.535  -32.609  -1.623 0.0000000000
51468  -39.446  -32.823  -1.701 0.0000000000
51469  -40.781  -32.318  -1.830 0.0000000000
51470  -41.605  -32.353  -1.808 0.0000000000
51471  -42.458  -32.340  -1.675 0.0000000000
51472  -44.540  -32.434  -1.356 0.0000000000
51473  -46.224  -31.486  -2.157 0.0000000000
51481  -35.434  -32.250  -2.333 0.0000000000
51482  -36.051  -32.079  -2.070 0.0000000000
51483  -46.206  -32.564  -2.430 0.0000000000
51489  -46.523  -32.011  -2.871 0.0000000000
51499  -46.873  -32.680  -4.068 0.0000000000
51500  -47.116  -32.639  -4.967 0.0000000000
51513  -47.361  -32.933  -6.814 0.0000000000
51518  -47.348  -32.219  -7.265 0.0000000000
51523  -47.311  -32.297  -7.994 0.0000000000
51525  -47.462  -32.715  -9.302 0.0000000000
52336  -44.123  -30.944  -0.778 0.0000000000
52337  -44.758  -30.944  -0.817 0.0000000000
52350  -37.313  -31.937  -1.776 0.0000000000
52351  -38.120  -31.881  -1.783 0.0000000000
52352  -39.191  -31.862  -1.814 0.0000000000
52353  -40.263  -31.509  -1.957 0.0000000000
52354  -41.190  -31.600  -1.876 0.0000000000
52355  -41.988  -31.638  -1.698 0.0000000000
52356  -43.526  -31.316  -1.091 0.0000000000
52357  -44.289  -31.611  -1.042 0.0000000000
52358  -45.075  -31.667  -1.164 0.0000000000
52359  -45.629  -31.503  -1.509 0.0000000000
52367  -35.796  -31.639  -2.611 0.0000000000
52368  -36.670  -31.597  -2.226 0.0000000000
52369  -37.621  -31.347  -2.209 0.0000000000
52370  -38.548  -31.192  -2.194 0.0000000000
52371  -39.495  -30.998  -2.223 0.0000000000
52372  -40.245  -30.771  -2.289 0.0000000000
52377  -36.268  -31.034  -2.981 0.0000000000
52378  -46.651  -31.284  -3.120 0.0000000000
52387  -46.980  -31.164  -4.004 0.0000000000
52388  -47.064  -31.888  -4.534 0.0000000000
52396  -47.271  -31.834  -5.579 0.0000000000
52401  -47.352  -31.301  -6.346 0.0000000000
52405  -47.339  -31.576  -6.971 0.0000000000
52410  -46.920  -31.148  -9.028 0.0000000000
52411  -47.197  -31.688  -8.433 0.0000000000
52414  -47.209  -31.872  -9.186 0.0000000000
53216  -43.027  -29.799  -0.815 0.0000000000
53217  -43.482  -30.464  -0.804 0.0000000000
53218  -44.326  -30.283  -0.614 0.0000000000
53219  -45.062  -30.225  -0.725 0.0000000000
53234  -40.908  -30.875  -2.143 0.0000000000
53235  -41.615  -30.916  -1.844 0.0000000000
53236  -42.690  -30.317  -1.208 0.0000000000
53237  -45.649  -30.142  -1.309 0.0000000000
53238  -46.190  -30.442  -1.955 0.0000000000
53247  -37.137  -30.848  -2.753 0.0000000000
53248  -38.046  -30.689  -2.695 0.0000000000
53249  -38.969  -30.505  -2.669 0.0000000000
53250  -39.872  -30.319  -2.641 0.0000000000
53251  -40.673  -30.224  -2.505 0.0000000000
53252  -41.348  -30.213  -2.183 0.0000000000
53253  -46.506  -30.584  -2.689 0.0000000000
53257  -36.761  -30.448  -3.492 0.0000000000
53258  -37.649  -30.293  -3.345 0.0000000000
53259  -38.567  -30.121  -3.261 0.0000000000
53260  -46.776  -30.471  -3.500 0.0000000000
53270  -47.075  -30.318  -4.390 0.0000000000
53271  -47.279  -30.318  -5.332 0.0000000000
53279  -47.351  -30.500  -6.171 0.0000000000
53286  -47.315  -30.787  -7.015 0.0000000000
53292  -47.168  -30.629  -7.857 0.0000000000
53298  -46.826  -30.407  -8.800 0.0000000000
53303  -46.422  -30.584  -9.779 0.0000000000
54132  -42.975  -29.182  -0.726 0.0000000000
54133  -43.702  -29.521  -0.554 0.0000000000
54134  -44.584  -29.499  -0.564 0.0000000000
54135  -45.265  -29.454  -0.873 0.0000000000
54148  -41.616  -29.371  -1.947 0.0000000000
54149  -42.397  -29.439  -1.230 0.0000000000
54150  -45.707  -29.327  -1.422 0.0000000000
54151  -46.107  -29.625  -1.861 0.0000000000
54166  -40.382  -29.657  -2.990 0.0000000000
54167  -41.063  -29.569  -2.627 0.0000000000
54168  -46.409  -29.844  -2.468 0.0000000000
54172  -38.205  -29.705  -3.940 0.0000000000
54173  -39.515  -29.897  -3.188 0.0000000000
54174  -40.194  -29.232  -3.876 0.0000000000
54175  -46.563  -29.295  -2.964 0.0000000000
54188  -46.834  -29.543  -3.759 0.0000000000
54189  -47.192  -29.371  -4.826 0.0000000000
54204  -47.347  -29.645  -5.830 0.0000000000
54216  -47.350  -29.893  -6.691 0.0000000000
54240  -46.664  -29.543  -8.970 0.0000000000
54241  -47.119  -29.828  -8.091 0.0000000000
54253  -46.056  -29.945  -9.758 0.0000000000
55060  -42.537  -28.446  -0.838 0.0000000000
55061  -43.327  -28.637  -0.568 0.0000000000
55062  -44.118  -28.723  -0.472 0.0000000000
55063  -44.918  -28.722  -0.687 0.0000000000
55072  -41.490  -28.410  -1.858 0.0000000000
55073  -41.966  -28.678  -1.396 0.0000000000
55074  -45.476  -28.709  -1.210 0.0000000000
55075  -46.014  -28.748  -1.870 0.0000000000
55087  -40.771  -29.025  -3.308 0.0000000000
55088  -41.185  -28.853  -2.625 0.0000000000
55089  -46.403  -28.483  -2.722 0.0000000000
55099  -46.661  -28.798  -3.432 0.0000000000
55114  -46.903  -28.651  -4.126 0.0000000000
55115  -47.354  -28.714  -5.524 0.0000000000
55137  -47.417  -28.993  -6.396 0.0000000000
55156  -47.497  -28.282  -6.935 0.0000000000
55172  -47.404  -28.301  -7.790 0.0000000000
55184  -46.589  -28.688  -9.051 0.0000000000
55185  -47.072  -28.249  -8.469 0.0000000000
56157  -41.972  -26.966  -0.799 0.0000000000
56158  -42.459  -27.530  -0.705 0.0000000000
56159  -43.976  -27.196  -0.581 0.0000000000
56160  -45.178  -27.975  -1.014 0.0000000000
56169  -40.788  -27.070  -2.242 0.0000000000
56170  -41.773  -27.720  -1.228 0.0000000000
56171  -44.757  -27.189  -0.935 0.0000000000
56172  -45.472  -27.259  -1.607 0.0000000000
56173  -46.021  -27.844  -2.150 0.0000000000
56181  -40.696  -27.404  -3.001 0.0000000000
56182  -41.099  -27.908  -2.376 0.0000000000
56183  -45.940  -27.002  -2.413 0.0000000000
56184  -46.348  -27.536  -2.915 0.0000000000
56190  -46.573  -27.205  -3.685 0.0000000000
56199  -46.931  -27.735  -4.346 0.0000000000
56200  -47.340  -27.734  -5.251 0.0000000000
56217  -47.488  -27.345  -5.915 0.0000000000
56224  -47.522  -27.467  -6.628 0.0000000000
56234  -47.485  -27.580  -7.423 0.0000000000
56242  -46.632  -27.846  -9.016 0.0000000000
56243  -47.263  -27.524  -8.227 0.0000000000
57298  -41.898  -26.170  -0.773 0.0000000000
57299  -42.549  -26.744  -0.628 0.0000000000
57300  -43.383  -26.413  -0.626 0.0000000000
57301  -44.261  -26.433  -0.859 0.0000000000
57312  -40.776  -26.367  -1.776 0.0000000000
57313  -41.443  -26.707  -1.224 0.0000000000
57314  -44.960  -26.425  -1.405 0.0000000000
57325  -40.544  -26.423  -2.651 0.0000000000
57326  -45.522  -26.388  -2.073 0.0000000000
57327  -46.268  -26.701  -3.121 0.0000000000
57342  -46.962  -26.427  -4.679 0.0000000000
57343  -47.148  -27.107  -4.774 0.0000000000
57364  -47.114  -25.845  -5.214 0.0000000000
57365  -47.341  -26.728  -5.421 0.0000000000
57382  -47.493  -26.716  -6.296 0.0000000000
57397  -47.484  -26.789  -7.229 0.0000000000
57409  -46.708  -26.979  -8.873 0.0000000000
57410  -47.293  -26.708  -8.101 0.0000000000
58332  -41.655  -25.316  -0.945 0.0000000000
58333  -42.294  -25.564  -0.713 0.0000000000
58334  -43.080  -25.444  -0.732 0.0000000000
58335  -43.836  -25.792  -0.851 0.0000000000
58343  -40.628  -25.389  -1.791 0.0000000000
58344  -41.193  -25.826  -1.262 0.0000000000
58345  -43.860  -25.068  -1.130 0.0000000000
58346  -44.462  -25.694  -1.302 0.0000000000
58347  -45.128  -25.660  -1.898 0.0000000000
58359  -40.418  -25.497  -2.606 0.0000000000
58360  -45.631  -25.734  -2.583 0.0000000000
58361  -46.108  -25.917  -3.202 0.0000000000
58386  -46.671  -25.646  -4.520 0.0000000000
58411  -47.130  -25.171  -5.763 0.0000000000
58412  -47.389  -25.975  -5.953 0.0000000000
58420  -47.450  -26.022  -6.765 0.0000000000
58423  -47.015  -25.160  -8.007 0.0000000000
58424  -47.331  -25.970  -7.666 0.0000000000
58427  -46.764  -25.991  -8.662 0.0000000000
59305  -42.304  -24.860  -0.839 0.0000000000
59306  -43.114  -24.508  -1.009 0.0000000000
59315  -40.762  -24.487  -1.652 0.0000000000
59316  -41.477  -24.442  -1.185 0.0000000000
59317  -42.308  -24.018  -1.045 0.0000000000
59318  -43.925  -24.216  -1.460 0.0000000000
59332  -40.422  -24.603  -2.365 0.0000000000
59333  -44.537  -24.003  -1.958 0.0000000000
59334  -45.058  -24.241  -2.432 0.0000000000
59346  -45.546  -24.441  -3.042 0.0000000000
59347  -46.006  -24.572  -3.707 0.0000000000
59364  -46.436  -24.748  -4.492 0.0000000000
59384  -46.707  -24.562  -5.321 0.0000000000
59386  -46.918  -24.466  -5.972 0.0000000000
59387  -47.157  -24.816  -6.517 0.0000000000
59390  -46.999  -24.540  -7.314 0.0000000000
59391  -47.301  -25.303  -7.118 0.0000000000
59394  -46.563  -24.283  -8.251 0.0000000000
60175  -40.985  -23.837  -1.536 0.0000000000
60176  -41.596  -23.576  -1.299 0.0000000000
60177  -42.286  -23.316  -1.230 0.0000000000
60178  -43.150  -23.535  -1.313 0.0000000000
60179  -44.100  -23.368  -1.753 0.0000000000
60199  -40.547  -23.645  -2.079 0.0000000000
60200  -44.837  -23.358  -2.443 0.0000000000
60217  -40.367  -23.057  -2.830 0.0000000000
60218  -45.684  -23.840  -3.532 0.0000000000
60219  -46.111  -23.896  -4.239 0.0000000000
60231  -45.795  -23.110  -3.984 0.0000000000
60232  -46.392  -24.016  -4.918 0.0000000000
60249  -46.547  -23.744  -5.721 0.0000000000
60257  -46.470  -23.268  -6.593 0.0000000000
60260  -46.626  -23.726  -7.389 0.0000000000
60265  -46.042  -23.816  -8.797 0.0000000000
61228  -40.646  -22.668  -2.173 0.0000000000
61229  -41.761  -22.793  -1.384 0.0000000000
61230  -42.640  -22.716  -1.378 0.0000000000
61231  -43.518  -22.652  -1.623 0.0000000000
61232  -44.317  -22.519  -2.112 0.0000000000
61248  -40.403  -22.355  -2.804 0.0000000000
61249  -44.987  -22.412  -2.805 0.0000000000
61266  -40.269  -22.583  -3.568 0.0000000000
61267  -45.451  -22.356  -3.615 0.0000000000
61277  -40.069  -22.173  -4.287 0.0000000000
61278  -45.798  -22.307  -4.448 0.0000000000
61279  -46.183  -23.129  -4.896 0.0000000000
61294  -46.016  -22.176  -5.277 0.0000000000
61295  -46.242  -22.783  -5.870 0.0000000000
61308  -45.997  -21.905  -6.177 0.0000000000
61309  -46.208  -22.552  -6.622 0.0000000000
61312  -45.974  -22.065  -7.083 0.0000000000
61313  -46.236  -22.846  -7.418 0.0000000000
61318  -45.958  -22.825  -8.234 0.0000000000
61319  -46.273  -23.436  -8.162 0.0000000000
62204  -41.199  -22.093  -1.724 0.0000000000
62205  -43.139  -21.221  -1.676 0.0000000000
62206  -43.743  -21.811  -1.844 0.0000000000
62218  -40.643  -21.818  -2.377 0.0000000000
62219  -41.109  -21.068  -2.035 0.0000000000
62220  -43.817  -20.988  -2.036 0.0000000000
62221  -44.479  -21.551  -2.465 0.0000000000
62222  -45.132  -21.586  -3.238 0.0000000000
62236  -40.277  -21.728  -3.301 0.0000000000
62237  -44.808  -20.823  -2.960 0.0000000000
62238  -45.267  -20.837  -3.676 0.0000000000
62245  -39.984  -21.347  -4.151 0.0000000000
62246  -45.561  -20.828  -4.463 0.0000000000
62274  -45.676  -21.625  -7.574 0.0000000000
63215  -41.708  -20.679  -1.781 0.0000000000
63216  -42.426  -20.722  -1.667 0.0000000000
63217  -43.219  -20.431  -1.828 0.0000000000
63227  -40.812  -20.286  -2.628 0.0000000000
63228  -41.411  -20.316  -2.062 0.0000000000
63229  -43.880  -20.200  -2.190 0.0000000000
63230  -44.470  -20.116  -2.699 0.0000000000
63246  -40.325  -19.973  -3.525 0.0000000000
63247  -44.966  -20.119  -3.350 0.0000000000
63253  -39.907  -20.523  -4.158 0.0000000000
63254  -45.372  -20.112  -4.072 0.0000000000
63262  -45.598  -20.095  -4.889 0.0000000000
63275  -45.639  -20.093  -5.869 0.0000000000
63286  -45.584  -20.533  -6.775 0.0000000000
64155  -42.014  -20.077  -1.818 0.0000000000
64156  -42.676  -20.024  -1.816 0.0000000000
64169  -41.550  -19.540  -2.325 0.0000000000
64170  -42.438  -19.443  -2.041 0.0000000000
64171  -43.253  -19.575  -2.075 0.0000000000
64172  -44.023  -19.451  -2.466 0.0000000000
64184  -40.838  -19.356  -2.987 0.0000000000
64185  -41.424  -18.824  -2.747 0.0000000000
64186  -44.612  -19.406  -3.030 0.0000000000
64187  -45.110  -19.395  -3.694 0.0000000000
64194  -39.864  -19.726  -4.274 0.0000000000
64195  -40.323  -19.158  -3.780 0.0000000000
64196  -45.431  -19.385  -4.426 0.0000000000
64202  -45.598  -19.301  -5.248 0.0000000000
64223  -45.504  -19.711  -6.763 0.0000000000
65118  -42.202  -18.709  -2.439 0.0000000000
65119  -43.528  -18.741  -2.496 0.0000000000
65120  -44.200  -18.832  -2.796 0.0000000000
65131  -40.914  -18.555  -3.340 0.0000000000
65132  -41.693  -18.119  -2.965 0.0000000000
65133  -42.545  -17.926  -2.781 0.0000000000
65134  -44.730  -18.564  -3.392 0.0000000000
65135  -45.242  -18.766  -4.020 0.0000000000
66063  -43.341  -17.954  -2.757 0.0000000000
66064  -44.056  -18.133  -2.910 0.0000000000
131443  -47.249  -31.463  -7.677 0.0000000000
131476  -46.814  -26.953  -4.268 0.0000000000
131553  -46.486  -35.457  -4.985 0.0000000000
131905  -39.185  -29.556  -3.885 0.0000000000
132242  -41.169  -27.262  -1.719 0.0000000000
132326  -38.525  -51.519  -1.704 0.0000000000
132463  -38.423  -36.151  -2.150 0.0000000000
132609  -38.453  -40.818  -9.347 0.0000000000
132658  -38.582  -39.893  -3.560 0.0000000000
132987  -39.422  -34.877  -8.590 0.0000000000
133107  -38.565  -39.133  -4.038 0.0000000000
133189  -42.423  -42.821  -3.980 0.0000000000
133250  -45.304  -20.056  -7.588 0.0000000000
133375  -47.380  -32.989  -7.602 0.0000000000
133391  -45.442  -18.997  -6.990 0.0000000000
133409  -40.718  -53.526  0.852 0.0000000000
133426  -44.541  -44.852  -8.061 0.0000000000
133430  -42.789  -45.858  -2.041 0.0000000000
133448  -46.516  -26.309  -3.901 0.0000000000
133516  -45.523  -21.570  -4.044 0.0000000000
133535  -35.920  -38.043  -0.511 0.0000000000
133665  -44.458  -44.190  -8.113 0.0000000000
133726  -38.529  -40.402  -2.661 0.0000000000
133815  -36.447  -45.232  -8.365 0.0000000000
133941  -44.443  -44.097  -7.403 0.0000000000
134060  -39.920  -50.797  -5.053 0.0000000000
134170  -39.718  -35.536  -4.025 0.0000000000
134204  -41.264  -57.427  1.343 0.0000000000
134339  -39.322  -49.112  -2.825 0.0000000000
134374  -35.915  -39.682  -10.999 0.0000000000
134385  -38.221  -36.882  -1.988 0.0000000000
134478  -36.326  -41.989  -10.210 0.0000000000
134483  -38.467  -41.485  -4.123 0.0000000000
134527  -45.574  -19.136  -6.124 0.0000000000
134545  -39.073  -50.213  -2.824 0.0000000000
134548  -38.485  -52.722  0.302 0.0000000000
134562  -44.312  -20.736  -2.453 0.0000000000
134668  -37.709  -46.783  -11.161 0.0000000000
134781  -36.329  -36.008  -0.656 0.0000000000
134795  -38.088  -36.206  -8.751 0.0000000000
134805  -46.394  -25.068  -8.905 0.0000000000
135076  -40.583  -21.121  -2.670 0.0000000000
135133  -38.561  -39.077  -3.375 0.0000000000
135211  -42.990  -27.984  -0.555 0.0000000000
135287  -36.591  -45.057  -7.405 0.0000000000
135303  -39.337  -48.935  -1.645 0.0000000000
135658  -40.316  -54.751  -5.465 0.0000000000
135693  -40.323  -32.991  -1.841 0.0000000000
135719  -40.614  -35.678  -10.638 0.0000000000
135739  -44.540  -44.794  -7.341 0.0000000000
136121  -36.306  -41.909  -11.049 0.0000000000
136172  -46.284  -25.378  -3.816 0.0000000000
136280  -35.964  -33.833  -1.119 0.0000000000
136436  -38.798  -55.905  -3.471 0.0000000000
136545  -45.342  -30.920  -1.114 0.0000000000
136570  -39.754  -37.282  -11.316 0.0000000000
136724  -38.382  -36.154  -6.889 0.0000000000
136789  -38.846  -34.996  -8.348 0.0000000000
136794  -39.741  -53.035  0.983 0.0000000000
136995  -40.917  -35.342  -6.195 0.0000000000
137262  -40.798  -28.321  -3.274 0.0000000000
137432  -41.336  -36.167  -7.219 0.0000000000
137516  -44.626  -50.860  -2.618 0.0000000000
137591  -36.702  -47.462  -10.092 0.0000000000
137668  -39.882  -50.099  -5.371 0.0000000000
137670  -38.957  -48.059  -9.041 0.0000000000
137766  -44.492  -39.117  -10.991 0.0000000000
137934  -40.282  -20.816  -3.390 0.0000000000
137967  -43.739  -42.426  -9.810 0.0000000000
137991  -38.017  -48.012  -11.442 0.0000000000
138032  -39.360  -45.729  -6.279 0.0000000000
138212  -41.072  -25.079  -1.324 0.0000000000
138269  -39.985  -56.220  -5.064 0.0000000000
138360  -38.565  -40.865  -3.394 0.0000000000
138451  -38.177  -43.853  -9.638 0.0000000000
138509  -36.858  -46.766  -5.773 0.0000000000
138558  -40.737  -52.854  -6.251 0.0000000000
138593  -44.645  -48.076  -3.145 0.0000000000
138625  -47.325  -32.335  -8.637 0.0000000000
138743  -36.157  -45.947  -1.476 0.0000000000
138949  -43.725  -58.591  0.194 0.0000000000
138957  -36.490  -47.139  -8.125 0.0000000000
138978  -37.839  -37.131  -1.505 0.0000000000
139022  -41.173  -52.825  0.443 0.0000000000
139038  -45.653  -28.097  -1.560 0.0000000000
139098  -43.167  -27.306  -0.549 0.0000000000
139229  -41.005  -23.089  -1.630 0.0000000000
139316  -47.492  -28.093  -6.088 0.0000000000
139495  -38.502  -37.766  -4.615 0.0000000000
139529  -39.398  -48.081  -6.946 0.0000000000
139530  -39.537  -48.175  -6.032 0.0000000000
139626  -39.439  -56.098  -4.318 0.0000000000
139652  -38.292  -33.890  -1.509 0.0000000000
139680  -39.554  -47.003  -5.055 0.0000000000
139711  -40.295  -23.870  -3.023 0.0000000000
139717  -39.615  -46.884  -4.353 0.0000000000
139734  -43.667  -27.968  -0.498 0.0000000000
139776  -38.742  -36.181  -2.974 0.0000000000
139892  -38.465  -37.628  -5.468 0.0000000000
139946  -39.187  -48.023  -8.021 0.0000000000
139994  -45.811  -29.222  -9.764 0.0000000000
140006  -47.432  -27.136  -7.756 0.0000000000
140136  -47.136  -28.976  -8.287 0.0000000000
140175  -40.086  -50.359  -6.031 0.0000000000
140190  -38.072  -40.278  -1.594 0.0000000000
140243  -46.553  -34.783  -4.521 0.0000000000
140315  -46.323  -29.191  -2.359 0.0000000000
140493  -37.205  -55.777  -0.078 0.0000000000
140620  -36.437  -42.882  -9.327 0.0000000000
140699  -43.771  -47.957  -2.182 0.0000000000
140798  -38.954  -36.174  -11.206 0.0000000000
140890  -46.471  -36.639  -6.241 0.0000000000
140896  -40.373  -35.186  -3.509 0.0000000000
140921  -38.065  -53.476  0.262 0.0000000000
140955  -45.547  -48.931  -3.963 0.0000000000
141034  -38.501  -37.690  -3.166 0.0000000000
141085  -41.997  -30.208  -1.687 0.0000000000
141095  -43.352  -38.667  -9.054 0.0000000000
141336  -42.964  -43.103  -4.088 0.0000000000
141405  -37.906  -43.723  -2.699 0.0000000000
141559  -44.454  -27.959  -0.616 0.0000000000
141724  -36.566  -47.273  -7.103 0.0000000000
141770  -42.732  -38.174  -9.127 0.0000000000
141804  -45.729  -48.312  -4.544 0.0000000000
141824  -39.184  -43.925  -7.181 0.0000000000
141865  -41.321  -58.165  1.456 0.0000000000
141923  -39.592  -48.277  -5.256 0.0000000000
142102  -44.636  -24.836  -1.789 0.0000000000
142227  -36.844  -37.967  -0.643 0.0000000000
142251  -46.827  -24.081  -6.579 0.0000000000
142379  -37.447  -45.219  -2.485 0.0000000000
142432  -45.380  -23.150  -3.206 0.0000000000
142644  -42.519  -57.016  0.392 0.0000000000
142653  -41.399  -39.078  -10.907 0.0000000000
142746  -45.846  -30.912  -1.578 0.0000000000
142895  -39.272  -52.013  -3.734 0.0000000000
142980  -36.622  -45.771  -6.958 0.0000000000
143008  -36.794  -33.920  -1.132 0.0000000000
143080  -47.342  -32.115  -6.497 0.0000000000
143126  -36.551  -48.013  -7.684 0.0000000000
143487  -38.405  -37.749  -6.328 0.0000000000
143495  -45.451  -20.964  -7.601 0.0000000000
143536  -41.770  -21.321  -1.628 0.0000000000
143551  -37.379  -56.932  -1.626 0.0000000000
143553  -36.832  -44.828  -1.615 0.0000000000
143567  -36.919  -45.905  -11.318 0.0000000000
143597  -46.621  -28.059  -3.546 0.0000000000
143707  -42.152  -60.001  1.640 0.0000000000
144064  -46.778  -31.953  -3.626 0.0000000000
144320  -42.960  -21.976  -1.523 0.0000000000
144420  -47.931  -34.877  -9.330 0.0000000000
144466  -42.318  -30.943  -1.519 0.0000000000
144560  -39.463  -44.909  -5.870 0.0000000000
144619  -45.958  -39.948  -10.040 0.0000000000
144686  -42.102  -22.038  -1.426 0.0000000000
144851  -36.158  -40.344  -11.137 0.0000000000
144866  -39.584  -48.867  -6.507 0.0000000000
144980  -45.312  -25.005  -2.475 0.0000000000
145169  -37.538  -37.764  -1.096 0.0000000000
145340  -37.649  -44.112  -4.688 0.0000000000
145352  -38.501  -41.094  -2.665 0.0000000000
145365  -47.267  -30.092  -7.390 0.0000000000
145382  -35.665  -42.028  -1.423 0.0000000000
145628  -47.630  -35.083  -8.578 0.0000000000
145672  -39.662  -52.059  -4.463 0.0000000000
145785  -36.560  -47.791  -8.825 0.0000000000
145850  -36.471  -42.964  -1.412 0.0000000000
145897  -47.317  -31.002  -5.707 0.0000000000
145932  -36.808  -41.707  -8.308 0.0000000000
146053  -46.607  -34.175  -4.046 0.0000000000
146306  -36.663  -45.801  -10.961 0.0000000000
146423  -45.064  -37.700  -5.068 0.0000000000
146486  -40.351  -56.966  -5.372 0.0000000000
146614  -37.425  -44.120  -5.541 0.0000000000
146740  -45.771  -21.528  -4.832 0.0000000000
146900  -38.497  -41.735  -3.087 0.0000000000
146921  -47.202  -31.078  -4.946 0.0000000000
146922  -45.755  -21.347  -6.864 0.0000000000
146923  -45.709  -20.845  -5.264 0.0000000000
147057  -45.223  -33.635  -2.035 0.0000000000
147104  -46.634  -29.943  -3.067 0.0000000000
147244  -38.509  -52.242  -2.133 0.0000000000
147245  -42.694  -34.008  -2.571 0.0000000000
147498  -36.747  -42.880  -11.268 0.0000000000
147568  -42.630  -26.067  -0.630 0.0000000000
147731  -39.851  -54.323  -4.801 0.0000000000
147805  -47.431  -33.808  -7.881 0.0000000000
147830  -45.809  -22.214  -7.922 0.0000000000
148004  -43.483  -32.247  -1.417 0.0000000000
148095  -38.425  -40.134  -2.031 0.0000000000
148099  -44.476  -44.940  -5.664 0.0000000000
148279  -43.873  -33.878  -2.194 0.0000000000
149014  -38.363  -35.412  -9.679 0.0000000000
149275  -38.697  -51.612  -2.456 0.0000000000
149400  -38.387  -38.005  -2.481 0.0000000000
149653  -37.294  -41.161  -1.257 0.0000000000
149769  -36.477  -33.324  -1.321 0.0000000000
150117  -37.647  -48.663  -11.287 0.0000000000
150392  -45.814  -25.169  -3.153 0.0000000000
150394  -39.447  -49.744  -3.813 0.0000000000
150544  -47.392  -36.655  -8.100 0.0000000000
150586  -44.720  -60.606  0.897 0.0000000000
150641  -39.520  -48.985  -3.867 0.0000000000
150742  -45.846  -21.495  -5.513 0.0000000000
150783  -47.192  -28.437  -4.811 0.0000000000
150818  -39.114  -53.489  1.155 0.0000000000
150868  -47.072  -31.066  -8.311 0.0000000000
150876  -46.559  -32.696  -3.200 0.0000000000
150977  -39.115  -35.183  -6.960 0.0000000000
151114  -38.175  -46.736  -10.812 0.0000000000
151134  -36.483  -47.074  -9.088 0.0000000000
151238  -42.777  -31.593  -1.421 0.0000000000
151557  -45.745  -59.860  -0.165 0.0000000000
151766  -40.298  -23.271  -3.630 0.0000000000
151812  -46.302  -34.808  -3.829 0.0000000000
151861  -37.460  -43.052  -1.729 0.0000000000
151916  -40.015  -32.306  -1.771 0.0000000000
151947  -37.180  -45.558  -2.039 0.0000000000
152312  -40.548  -48.306  -0.707 0.0000000000
152464  -44.399  -60.625  1.289 0.0000000000
153160  -45.731  -21.041  -6.065 0.0000000000
153179  -38.205  -56.101  -2.632 0.0000000000
153467  -37.887  -43.533  -4.367 0.0000000000
153610  -42.835  -57.420  0.285 0.0000000000
153662  -45.541  -32.438  -1.694 0.0000000000
153735  -39.949  -39.137  -8.514 0.0000000000
153760  -39.188  -49.510  -1.234 0.0000000000
154151  -36.500  -42.045  -9.070 0.0000000000
154155  -41.934  -36.759  -11.663 0.0000000000
154249  -41.917  -42.604  -3.993 0.0000000000
154404  -46.720  -35.358  -5.777 0.0000000000
154806  -38.500  -44.890  -8.948 0.0000000000
154812  -36.767  -41.987  -11.275 0.0000000000
154877  -47.362  -29.213  -7.361 0.0000000000
154999  -39.551  -54.815  -4.403 0.0000000000
155064  -45.333  -23.808  -2.922 0.0000000000
155099  -46.815  -25.195  -5.061 0.0000000000
155104  -42.816  -51.652  -0.879 0.0000000000
155129  -42.871  -18.939  -2.225 0.0000000000
155376  -41.158  -53.661  -6.873 0.0000000000
155392  -37.772  -54.098  0.212 0.0000000000
155465  -47.584  -33.474  -9.120 0.0000000000
155654  -47.328  -25.446  -6.409 0.0000000000
155735  -42.898  -18.424  -2.478 0.0000000000
155752  -42.480  -21.449  -1.546 0.0000000000
156014  -40.512  -25.909  -2.118 0.0000000000
156055  -42.948  -30.942  -1.212 0.0000000000
156122  -37.006  -44.742  -11.492 0.0000000000
156137  -37.934  -55.577  -2.173 0.0000000000
156148  -46.808  -34.132  -4.786 0.0000000000
156511  -40.691  -59.743  2.493 0.0000000000
156618  -39.694  -46.206  -4.135 0.0000000000
156680  -47.111  -33.149  -5.196 0.0000000000
156685  -45.376  -19.473  -7.315 0.0000000000
156757  -39.222  -54.117  1.418 0.0000000000
156931  -37.931  -46.276  -10.927 0.0000000000
157140  -45.349  -33.144  -1.844 0.0000000000
157151  -41.108  -50.547  -0.100 0.0000000000
157611  -43.027  -42.118  -5.359 0.0000000000
157821  -38.473  -36.656  -2.578 0.0000000000
157862  -37.232  -44.698  -5.842 0.0000000000
158075  -45.904  -26.336  -2.680 0.0000000000
158251  -40.389  -52.713  0.743 0.0000000000
158312  -41.372  -27.828  -1.763 0.0000000000
