#!ascii label  , from subject sub-03 vox2ras=TkReg
451
104194  -32.059  -75.995  -1.785 7.0000000000
5752  -23.268  -80.705  7.658 7.0000000000
113192  -32.425  -79.289  -9.250 7.0000000000
10664  -26.695  -72.946  10.050 7.0000000000
5255  -29.235  -81.365  -0.986 7.0000000000
117430  -27.528  -77.367  2.791 7.0000000000
9435  -28.349  -74.938  -5.988 7.0000000000
8668  -27.748  -76.912  -1.707 7.0000000000
5849  -28.795  -80.179  0.949 7.0000000000
8647  -28.808  -76.602  0.265 7.0000000000
5319  -34.232  -81.396  -7.902 7.0000000000
6606  -29.135  -79.810  -4.683 7.0000000000
7320  -29.827  -77.203  -8.215 7.0000000000
10795  -36.532  -73.904  -1.234 7.0000000000
9371  -34.590  -75.710  0.221 7.0000000000
7301  -32.301  -78.345  -5.547 7.0000000000
8732  -31.428  -75.946  -6.917 7.0000000000
7800  -24.144  -77.456  9.434 7.0000000000
5163  -26.852  -81.671  3.096 7.0000000000
6469  -26.693  -79.700  5.544 7.0000000000
108415  -32.755  -77.575  2.679 7.0000000000
7870  -29.090  -77.544  4.731 7.0000000000
7827  -26.092  -76.835  6.569 7.0000000000
7272  -28.222  -78.413  -3.553 7.0000000000
9411  -29.618  -75.272  -3.349 7.0000000000
10850  -31.064  -73.333  -7.782 7.0000000000
10153  -32.647  -73.489  -5.779 7.0000000000
10133  -34.329  -74.421  -3.597 7.0000000000
9381  -29.279  -75.912  -1.879 7.0000000000
8659  -28.232  -76.621  -0.656 7.0000000000
103047  -30.878  -76.606  -0.653 7.0000000000
112577  -33.220  -79.814  -9.181 7.0000000000
5955  -31.045  -80.129  -8.238 7.0000000000
6631  -30.379  -79.150  -7.990 7.0000000000
7321  -30.562  -78.130  -8.802 7.0000000000
5112  -23.375  -81.202  5.727 7.0000000000
8708  -33.169  -76.689  -5.072 7.0000000000
9964  -24.164  -74.859  9.645 7.0000000000
106348  -22.451  -75.850  8.805 7.0000000000
6510  -27.677  -78.679  2.162 7.0000000000
5165  -28.293  -81.220  2.365 7.0000000000
5816  -27.762  -80.668  3.761 7.0000000000
5128  -26.800  -81.053  4.705 7.0000000000
7154  -26.889  -77.856  3.994 7.0000000000
9350  -35.172  -74.950  1.456 7.0000000000
8640  -33.694  -76.834  1.463 7.0000000000
8590  -30.659  -76.744  6.045 7.0000000000
8588  -26.840  -76.639  5.533 7.0000000000
8565  -28.586  -76.345  7.103 7.0000000000
9267  -27.259  -75.764  7.763 7.0000000000
119159  -28.817  -78.238  -5.194 7.0000000000
6605  -28.644  -79.194  -4.122 7.0000000000
115781  -28.128  -77.217  -4.392 7.0000000000
8694  -27.840  -76.056  -3.475 7.0000000000
9423  -28.333  -75.008  -4.664 7.0000000000
9457  -30.611  -74.246  -7.931 7.0000000000
10168  -33.356  -73.326  -8.205 7.0000000000
10835  -33.860  -72.608  -6.798 7.0000000000
10825  -35.581  -73.197  -5.197 7.0000000000
10143  -33.317  -74.063  -4.776 7.0000000000
10818  -35.807  -73.604  -4.147 7.0000000000
10810  -36.896  -73.673  -2.784 7.0000000000
6561  -28.816  -79.712  -1.441 7.0000000000
5867  -29.066  -80.432  0.135 7.0000000000
7229  -28.240  -78.804  -0.342 7.0000000000
7937  -27.641  -77.491  0.845 7.0000000000
7922  -27.952  -76.869  1.481 7.0000000000
4635  -34.249  -82.769  -6.580 7.0000000000
5947  -29.836  -80.078  -6.002 7.0000000000
7299  -29.286  -78.493  -6.050 7.0000000000
118676  -28.831  -76.075  -7.051 7.0000000000
103674  -33.936  -75.482  -1.700 7.0000000000
8674  -33.464  -76.049  -0.982 7.0000000000
9372  -35.032  -75.192  -0.388 7.0000000000
7323  -32.241  -78.515  -8.674 7.0000000000
8037  -30.681  -77.342  -8.478 7.0000000000
8012  -31.799  -76.755  -6.195 7.0000000000
8718  -32.826  -76.054  -5.970 7.0000000000
6432  -23.534  -79.620  8.648 7.0000000000
112395  -28.600  -81.482  1.038 7.0000000000
5189  -26.632  -81.732  2.303 7.0000000000
5815  -25.038  -81.010  4.181 7.0000000000
5798  -24.408  -80.657  4.959 7.0000000000
109124  -24.522  -80.465  6.431 7.0000000000
117101  -32.000  -77.224  0.349 7.0000000000
7925  -31.127  -77.661  1.595 7.0000000000
7905  -29.447  -77.418  2.432 7.0000000000
109820  -30.515  -77.988  4.057 7.0000000000
100023  -27.358  -77.385  3.589 7.0000000000
7867  -26.920  -77.319  4.470 7.0000000000
7128  -26.130  -78.164  6.382 7.0000000000
6442  -25.139  -79.036  7.952 7.0000000000
7814  -25.303  -77.363  8.336 7.0000000000
9244  -26.108  -75.424  8.588 7.0000000000
5906  -28.989  -80.571  -3.141 7.0000000000
5894  -28.917  -80.113  -2.342 7.0000000000
7958  -27.787  -77.561  -2.140 7.0000000000
9396  -28.905  -75.577  -2.780 7.0000000000
9412  -30.771  -75.446  -3.084 7.0000000000
8745  -30.137  -76.209  -8.140 7.0000000000
110072  -29.873  -75.414  -7.985 7.0000000000
10159  -29.064  -74.095  -7.036 7.0000000000
10844  -33.289  -72.582  -7.595 7.0000000000
10833  -31.937  -72.948  -6.786 7.0000000000
105324  -29.171  -74.127  -5.634 7.0000000000
10141  -31.457  -74.409  -4.710 7.0000000000
10132  -32.169  -74.807  -3.913 7.0000000000
9400  -33.342  -75.369  -2.478 7.0000000000
10121  -35.552  -74.303  -2.612 7.0000000000
112690  -37.511  -73.441  -1.860 7.0000000000
9383  -31.183  -76.049  -1.797 7.0000000000
101826  -29.788  -76.264  -1.024 7.0000000000
8672  -31.597  -76.369  -1.179 7.0000000000
5965  -33.151  -80.136  -9.281 7.0000000000
5964  -32.583  -80.227  -9.257 7.0000000000
5956  -31.885  -80.455  -8.813 7.0000000000
5963  -31.723  -79.592  -9.170 7.0000000000
6639  -30.961  -79.008  -9.071 7.0000000000
7326  -31.122  -78.477  -9.227 7.0000000000
5093  -23.054  -81.413  6.616 7.0000000000
107562  -23.519  -74.323  9.530 7.0000000000
7178  -27.422  -77.712  2.244 7.0000000000
6503  -28.081  -79.593  2.537 7.0000000000
6502  -27.516  -78.745  2.827 7.0000000000
6489  -27.438  -79.161  3.782 7.0000000000
7161  -27.224  -77.821  3.119 7.0000000000
9349  -34.683  -75.482  2.063 7.0000000000
7846  -29.857  -76.900  6.382 7.0000000000
111498  -28.375  -76.856  -5.199 7.0000000000
8000  -28.523  -77.683  -4.965 7.0000000000
8706  -27.910  -76.106  -4.430 7.0000000000
9422  -28.163  -75.258  -5.025 7.0000000000
9459  -33.077  -74.319  -7.983 7.0000000000
10169  -34.249  -73.306  -8.226 7.0000000000
10837  -36.172  -72.647  -5.844 7.0000000000
10145  -35.088  -73.630  -4.589 7.0000000000
10827  -37.205  -73.175  -4.469 7.0000000000
7242  -28.161  -78.544  -1.689 7.0000000000
107275  -28.440  -79.036  -0.989 7.0000000000
7228  -27.944  -78.223  -0.874 7.0000000000
8646  -28.263  -76.727  0.115 7.0000000000
7949  -27.887  -76.909  -0.160 7.0000000000
7938  -27.852  -76.951  0.719 7.0000000000
7921  -27.635  -77.260  1.468 7.0000000000
7939  -29.306  -76.846  0.798 7.0000000000
4641  -34.355  -82.200  -7.630 7.0000000000
4650  -34.220  -82.551  -8.278 7.0000000000
5941  -30.125  -81.054  -5.956 7.0000000000
7310  -29.787  -78.261  -7.654 7.0000000000
6630  -29.808  -79.289  -6.654 7.0000000000
8026  -29.266  -77.443  -7.011 7.0000000000
100985  -29.238  -76.442  -7.581 7.0000000000
10112  -35.987  -74.286  -1.718 7.0000000000
9385  -34.772  -75.165  -1.314 7.0000000000
10097  -36.136  -74.190  -0.702 7.0000000000
6622  -32.599  -79.134  -6.309 7.0000000000
6632  -32.911  -79.078  -7.962 7.0000000000
7312  -32.153  -78.279  -7.137 7.0000000000
7300  -31.808  -77.449  -6.504 7.0000000000
116133  -23.497  -78.510  9.236 7.0000000000
119301  -22.582  -79.010  8.906 7.0000000000
7090  -22.818  -78.283  9.123 7.0000000000
109051  -24.464  -72.254  8.795 7.0000000000
5219  -29.041  -80.993  0.716 7.0000000000
5834  -28.692  -80.865  1.631 7.0000000000
5164  -27.697  -81.526  2.692 7.0000000000
116930  -27.188  -81.746  2.515 7.0000000000
102525  -25.892  -81.475  2.822 7.0000000000
5144  -26.026  -81.471  3.663 7.0000000000
5785  -26.483  -80.493  5.366 7.0000000000
5799  -25.421  -80.886  5.055 7.0000000000
5784  -25.838  -80.595  5.629 7.0000000000
5783  -24.955  -80.577  5.716 7.0000000000
103315  -25.430  -80.277  6.286 7.0000000000
8662  -33.872  -76.205  -0.104 7.0000000000
8661  -33.034  -76.565  -0.327 7.0000000000
107785  -33.461  -76.706  0.512 7.0000000000
7927  -33.027  -77.408  1.694 7.0000000000
7926  -32.179  -77.672  1.713 7.0000000000
7924  -29.965  -77.381  1.539 7.0000000000
7906  -30.737  -77.812  2.362 7.0000000000
7871  -30.223  -77.762  4.977 7.0000000000
7872  -31.259  -77.687  4.602 7.0000000000
116171  -29.390  -77.658  4.052 7.0000000000
7886  -28.075  -77.136  3.870 7.0000000000
7868  -27.339  -77.062  4.439 7.0000000000
8578  -26.448  -76.759  5.965 7.0000000000
103642  -26.542  -77.118  5.237 7.0000000000
7844  -26.233  -77.293  6.029 7.0000000000
6453  -25.785  -78.805  7.067 7.0000000000
7111  -25.542  -78.073  7.712 7.0000000000
118480  -24.746  -78.882  8.443 7.0000000000
7826  -25.734  -77.053  7.357 7.0000000000
9246  -27.870  -75.181  8.390 7.0000000000
9266  -26.431  -75.863  7.821 7.0000000000
9245  -26.932  -75.274  8.506 7.0000000000
9967  -26.431  -74.588  9.344 7.0000000000
5940  -29.558  -80.425  -5.260 7.0000000000
5923  -29.325  -80.770  -4.481 7.0000000000
6594  -28.927  -80.160  -3.903 7.0000000000
6593  -28.539  -79.468  -3.185 7.0000000000
6580  -28.499  -79.264  -2.279 7.0000000000
7259  -28.119  -78.442  -2.663 7.0000000000
9410  -28.640  -75.194  -3.850 7.0000000000
9395  -28.264  -75.765  -3.177 7.0000000000
9397  -29.911  -75.635  -2.505 7.0000000000
8027  -31.211  -76.714  -7.406 7.0000000000
8746  -30.539  -75.991  -7.862 7.0000000000
115354  -30.827  -73.683  -7.924 7.0000000000
10165  -30.296  -73.770  -7.767 7.0000000000
9455  -29.378  -74.926  -7.657 7.0000000000
10160  -29.739  -73.693  -7.321 7.0000000000
11531  -35.074  -72.324  -7.747 7.0000000000
10846  -35.175  -72.220  -7.206 7.0000000000
10154  -33.617  -73.350  -5.756 7.0000000000
10834  -32.908  -72.755  -6.829 7.0000000000
10832  -30.853  -73.268  -6.676 7.0000000000
10152  -31.618  -73.663  -5.722 7.0000000000
99542  -30.389  -73.931  -5.543 7.0000000000
10142  -32.411  -74.234  -4.792 7.0000000000
100717  -33.761  -74.407  -3.978 7.0000000000
99345  -33.057  -74.621  -3.950 7.0000000000
10120  -33.736  -74.848  -3.199 7.0000000000
9414  -32.794  -75.148  -3.197 7.0000000000
108056  -34.657  -74.660  -2.775 7.0000000000
8669  -28.141  -76.520  -1.431 7.0000000000
8658  -27.813  -76.908  -0.948 7.0000000000
8670  -28.706  -76.246  -1.220 7.0000000000
8660  -28.838  -76.416  -0.405 7.0000000000
8648  -29.873  -76.683  -0.029 7.0000000000
110206  -34.042  -80.846  -8.470 7.0000000000
5957  -33.707  -80.668  -9.017 7.0000000000
5948  -30.334  -80.165  -6.901 7.0000000000
99937  -37.500  -73.149  -0.922 7.0000000000
7284  -32.528  -78.098  -4.686 7.0000000000
8013  -32.211  -77.486  -5.448 7.0000000000
8525  -24.197  -76.607  9.507 7.0000000000
7798  -22.824  -77.262  9.223 7.0000000000
9216  -23.331  -75.286  9.501 7.0000000000
9215  -22.666  -75.207  9.104 7.0000000000
9984  -22.547  -74.305  8.745 7.0000000000
6511  -28.334  -79.658  1.777 7.0000000000
5825  -28.370  -80.535  2.487 7.0000000000
5147  -28.148  -81.035  3.095 7.0000000000
5146  -27.491  -81.356  3.480 7.0000000000
5145  -26.806  -81.470  3.947 7.0000000000
5129  -27.321  -81.158  4.129 7.0000000000
5800  -27.393  -80.334  4.497 7.0000000000
6477  -27.056  -79.133  4.818 7.0000000000
9359  -34.754  -75.661  1.154 7.0000000000
8651  -34.170  -76.263  0.826 7.0000000000
8641  -34.309  -76.190  1.701 7.0000000000
118345  -33.961  -76.574  2.206 7.0000000000
7908  -33.481  -77.081  2.389 7.0000000000
7858  -31.016  -77.331  5.390 7.0000000000
7856  -29.381  -77.448  5.492 7.0000000000
8589  -27.468  -76.817  5.247 7.0000000000
7845  -28.628  -77.112  5.871 7.0000000000
107975  -27.813  -76.634  6.278 7.0000000000
8579  -26.827  -76.394  6.314 7.0000000000
100020  -26.657  -76.178  7.069 7.0000000000
8564  -27.567  -76.243  7.103 7.0000000000
7283  -28.979  -78.923  -4.961 7.0000000000
103514  -28.459  -78.225  -4.424 7.0000000000
108974  -28.028  -77.619  -3.810 7.0000000000
7987  -27.799  -76.775  -3.658 7.0000000000
9409  -28.079  -75.491  -4.097 7.0000000000
115860  -29.370  -74.872  -4.081 7.0000000000
9446  -32.061  -75.520  -6.864 7.0000000000
9445  -31.146  -74.918  -7.692 7.0000000000
9458  -32.171  -74.455  -7.834 7.0000000000
10167  -32.448  -73.419  -8.104 7.0000000000
10851  -31.922  -72.999  -7.886 7.0000000000
11521  -36.784  -72.222  -6.475 7.0000000000
107452  -34.643  -72.462  -6.778 7.0000000000
10836  -35.353  -72.602  -6.290 7.0000000000
10824  -34.637  -73.151  -5.707 7.0000000000
10144  -34.283  -73.929  -4.544 7.0000000000
10134  -35.124  -74.099  -3.610 7.0000000000
10135  -36.044  -73.882  -3.216 7.0000000000
10819  -36.623  -73.507  -3.791 7.0000000000
5885  -29.190  -80.525  -0.725 7.0000000000
5242  -29.188  -81.155  -0.120 7.0000000000
6540  -28.811  -79.697  -0.517 7.0000000000
6523  -28.561  -79.472  0.268 7.0000000000
7948  -27.732  -77.423  -0.542 7.0000000000
111653  -27.714  -77.394  0.179 7.0000000000
7195  -28.250  -79.150  0.980 7.0000000000
7194  -27.618  -78.184  1.393 7.0000000000
7903  -27.734  -77.119  2.151 7.0000000000
6621  -29.426  -79.497  -5.545 7.0000000000
7298  -28.835  -77.604  -5.751 7.0000000000
8730  -28.565  -75.614  -6.557 7.0000000000
9384  -32.972  -75.828  -1.766 7.0000000000
8673  -32.541  -76.308  -1.096 7.0000000000
9370  -34.298  -75.654  -0.723 7.0000000000
9360  -35.197  -75.115  0.573 7.0000000000
5950  -33.896  -80.736  -7.540 7.0000000000
114597  -33.542  -79.988  -8.540 7.0000000000
6640  -32.872  -79.174  -9.019 7.0000000000
7328  -32.179  -78.715  -9.186 7.0000000000
7322  -31.508  -78.209  -9.040 7.0000000000
7311  -31.531  -77.653  -8.116 7.0000000000
8707  -32.406  -76.763  -5.501 7.0000000000
8733  -32.060  -76.228  -6.164 7.0000000000
9447  -32.875  -75.238  -7.070 7.0000000000
5743  -23.082  -80.290  8.267 7.0000000000
5751  -22.579  -80.817  7.757 7.0000000000
5742  -22.294  -80.196  8.253 7.0000000000
6430  -22.084  -79.366  8.525 7.0000000000
5218  -28.849  -81.546  0.291 7.0000000000
117854  -28.380  -81.896  0.563 7.0000000000
5216  -27.275  -82.067  0.945 7.0000000000
5191  -28.241  -81.565  1.744 7.0000000000
5190  -27.484  -81.843  1.904 7.0000000000
104200  -23.921  -80.509  4.107 7.0000000000
5127  -26.078  -81.282  4.447 7.0000000000
5797  -23.706  -80.727  4.863 7.0000000000
5782  -24.057  -80.624  5.681 7.0000000000
5765  -23.719  -80.826  6.484 7.0000000000
5766  -24.042  -80.437  7.232 7.0000000000
117078  -32.006  -76.795  -0.389 7.0000000000
103264  -31.153  -77.083  0.114 7.0000000000
8650  -33.131  -77.169  0.976 7.0000000000
7941  -31.585  -77.453  0.889 7.0000000000
7940  -30.509  -77.264  0.775 7.0000000000
7923  -28.689  -76.901  1.513 7.0000000000
7904  -28.163  -76.933  2.202 7.0000000000
111567  -32.708  -77.292  3.612 7.0000000000
8607  -32.462  -76.854  4.297 7.0000000000
7873  -32.058  -77.496  4.168 7.0000000000
7889  -32.112  -77.770  3.357 7.0000000000
105094  -30.583  -77.942  3.186 7.0000000000
105227  -28.595  -77.245  3.062 7.0000000000
7885  -27.796  -77.132  2.864 7.0000000000
108033  -26.645  -78.765  5.456 7.0000000000
7855  -26.884  -76.928  4.896 7.0000000000
7143  -26.360  -77.909  5.630 7.0000000000
6454  -26.327  -79.120  6.204 7.0000000000
5767  -25.719  -79.699  6.681 7.0000000000
107973  -25.004  -80.123  6.998 7.0000000000
5753  -24.642  -79.816  7.712 7.0000000000
6433  -24.338  -79.356  8.457 7.0000000000
7103  -24.430  -78.654  8.828 7.0000000000
7813  -24.647  -77.884  8.981 7.0000000000
8562  -25.686  -76.617  7.875 7.0000000000
8540  -25.322  -76.458  8.572 7.0000000000
8526  -24.810  -76.152  9.206 7.0000000000
9218  -24.868  -75.333  9.406 7.0000000000
9966  -25.645  -74.287  9.710 7.0000000000
5907  -29.211  -81.166  -3.743 7.0000000000
103531  -29.218  -80.687  -1.586 7.0000000000
7986  -27.757  -76.603  -3.028 7.0000000000
7972  -27.739  -76.824  -2.421 7.0000000000
119689  -27.978  -76.454  -2.046 7.0000000000
119395  -30.749  -75.784  -2.313 7.0000000000
9398  -31.529  -75.716  -2.419 7.0000000000
8041  -30.999  -78.085  -9.084 7.0000000000
8036  -30.413  -77.260  -8.423 7.0000000000
102128  -30.259  -75.216  -7.933 7.0000000000
8744  -29.734  -76.102  -8.047 7.0000000000
8731  -28.997  -75.630  -7.463 7.0000000000
9444  -28.691  -74.809  -6.920 7.0000000000
10158  -28.663  -74.397  -6.369 7.0000000000
10854  -34.658  -72.672  -8.026 7.0000000000
10852  -32.813  -72.796  -7.938 7.0000000000
10843  -32.364  -72.740  -7.557 7.0000000000
10842  -31.436  -72.981  -7.446 7.0000000000
10841  -30.464  -73.324  -7.335 7.0000000000
10151  -29.645  -73.633  -6.613 7.0000000000
10150  -28.874  -74.061  -6.292 7.0000000000
10140  -29.740  -74.489  -4.722 7.0000000000
10130  -30.272  -74.978  -3.925 7.0000000000
10131  -31.244  -74.980  -3.875 7.0000000000
9413  -31.855  -75.335  -3.155 7.0000000000
9399  -32.439  -75.585  -2.460 7.0000000000
118046  -34.063  -75.110  -2.458 7.0000000000
10111  -35.174  -74.705  -1.920 7.0000000000
10122  -36.245  -74.028  -2.460 7.0000000000
104336  -36.692  -73.848  -1.922 7.0000000000
5079  -23.356  -81.021  7.125 7.0000000000
5113  -26.144  -80.970  5.068 7.0000000000
5217  -28.022  -81.951  1.130 7.0000000000
5744  -23.843  -80.132  8.086 7.0000000000
5754  -25.300  -79.537  7.310 7.0000000000
5768  -26.203  -80.060  6.030 7.0000000000
6421  -23.189  -79.066  9.071 7.0000000000
6431  -22.790  -79.641  8.681 7.0000000000
6434  -25.017  -78.359  8.429 7.0000000000
6490  -28.052  -80.130  3.170 7.0000000000
6645  -31.519  -78.868  -9.312 7.0000000000
7091  -23.857  -78.960  9.029 7.0000000000
7092  -24.043  -78.268  9.287 7.0000000000
7153  -26.618  -77.806  4.834 7.0000000000
7212  -27.826  -78.274  0.424 7.0000000000
7327  -31.592  -78.568  -9.256 7.0000000000
7799  -23.464  -77.803  9.381 7.0000000000
7843  -25.929  -77.649  6.839 7.0000000000
7857  -30.167  -77.363  5.801 7.0000000000
7869  -28.203  -77.133  4.932 7.0000000000
7887  -29.732  -77.728  3.368 7.0000000000
7888  -31.402  -77.937  3.777 7.0000000000
7890  -33.269  -77.096  3.138 7.0000000000
7907  -31.774  -77.880  2.473 7.0000000000
7942  -32.482  -77.393  0.976 7.0000000000
7957  -27.777  -77.522  -1.315 7.0000000000
7973  -27.798  -77.426  -3.031 7.0000000000
8025  -28.722  -76.570  -6.383 7.0000000000
8523  -22.865  -76.193  9.299 7.0000000000
8524  -23.488  -76.929  9.497 7.0000000000
8538  -22.395  -76.684  8.754 7.0000000000
8539  -24.769  -77.014  9.103 7.0000000000
8541  -25.860  -76.058  8.095 7.0000000000
8563  -26.043  -76.395  7.219 7.0000000000
8580  -29.024  -76.857  6.497 7.0000000000
8591  -31.361  -76.531  5.484 7.0000000000
8634  -34.225  -76.086  2.384 7.0000000000
8649  -32.715  -77.030  0.319 7.0000000000
8671  -30.765  -76.284  -1.297 7.0000000000
8682  -28.428  -76.112  -2.141 7.0000000000
8717  -28.255  -75.802  -5.535 7.0000000000
9217  -24.170  -75.750  9.569 7.0000000000
9219  -25.587  -74.993  9.266 7.0000000000
9243  -25.459  -75.720  8.840 7.0000000000
9382  -30.278  -75.986  -1.795 7.0000000000
9401  -34.536  -75.043  -2.050 7.0000000000
9456  -29.962  -74.598  -7.897 7.0000000000
9963  -22.906  -74.564  9.286 7.0000000000
9996  -28.731  -75.020  8.135 7.0000000000
10068  -35.021  -74.744  2.080 7.0000000000
10069  -35.421  -74.130  1.755 7.0000000000
10096  -35.476  -74.718  -1.024 7.0000000000
10139  -28.821  -74.661  -4.751 7.0000000000
10149  -28.547  -74.584  -5.555 7.0000000000
10164  -29.629  -74.144  -7.573 7.0000000000
10166  -31.420  -73.703  -7.987 7.0000000000
10845  -34.333  -72.413  -7.574 7.0000000000
10853  -33.742  -72.712  -8.032 7.0000000000
11352  -23.525  -72.704  8.667 7.0000000000
103231  -26.349  -76.523  6.557 7.0000000000
103666  -28.348  -76.750  0.827 7.0000000000
103968  -35.662  -74.411  0.890 7.0000000000
105837  -30.668  -74.581  -4.528 7.0000000000
108016  -23.581  -76.162  9.544 7.0000000000
113118  -27.748  -77.973  -0.239 7.0000000000
113841  -36.994  -73.576  -1.290 7.0000000000
114293  -27.954  -76.215  -2.672 7.0000000000
114354  -29.476  -77.221  6.073 7.0000000000
116590  -27.030  -80.218  5.092 7.0000000000
117544  -31.382  -77.989  3.045 7.0000000000
117930  -27.986  -81.592  2.210 7.0000000000
