# sub-06 hemi-L LimbsvsAllnoLimbsnoCS_scaled Cluster_23
67
23054 -29.931000 -51.013000 12.974000 1
23071 -30.354000 -51.114000 12.220000 1
23138 -31.340000 -51.228000 7.340000 1
23148 -30.769000 -51.931000 6.159000 1
23149 -31.289000 -51.188000 6.428000 1
23972 -30.381000 -50.502000 12.930000 1
23987 -30.797000 -50.537000 12.329000 1
23988 -31.330000 -50.193000 12.083000 1
24006 -31.653000 -50.319000 11.183000 1
24007 -32.307000 -49.669000 11.168000 1
24021 -31.637000 -50.646000 10.176000 1
24022 -32.218000 -50.008000 10.439000 1
24029 -31.739000 -50.684000 9.322000 1
24030 -32.245000 -50.172000 9.563000 1
24036 -31.664000 -50.828000 8.648000 1
24037 -32.221000 -50.280000 8.529000 1
24047 -31.763000 -50.699000 7.822000 1
24048 -32.310000 -50.215000 7.451000 1
24059 -31.760000 -50.607000 6.862000 1
24060 -32.381000 -50.269000 6.635000 1
24854 -31.113000 -49.274000 13.274000 1
24870 -30.955000 -50.005000 12.831000 1
24871 -31.542000 -49.542000 12.589000 1
24872 -32.144000 -49.116000 12.363000 1
24888 -31.913000 -49.713000 11.860000 1
24889 -32.423000 -49.286000 11.730000 1
24900 -32.733000 -49.593000 9.868000 1
24901 -33.171000 -49.114000 10.261000 1
24906 -33.328000 -49.148000 9.377000 1
24912 -32.884000 -49.744000 8.029000 1
24925 -32.807000 -49.973000 7.185000 1
25715 -31.808000 -48.105000 13.379000 1
25730 -31.734000 -48.858000 13.030000 1
25731 -32.374000 -48.426000 12.775000 1
25732 -33.089000 -48.070000 12.426000 1
25741 -32.762000 -48.762000 12.039000 1
25742 -33.379000 -48.375000 11.568000 1
25752 -33.558000 -48.551000 10.660000 1
25753 -34.180000 -48.120000 10.072000 1
25757 -33.965000 -48.665000 9.341000 1
25765 -33.689000 -49.096000 8.861000 1
26540 -31.774000 -47.273000 13.583000 1
26541 -33.083000 -46.935000 13.195000 1
26551 -33.361000 -47.342000 12.700000 1
26552 -33.961000 -46.961000 12.312000 1
26560 -33.975000 -47.916000 11.060000 1
26568 -34.542000 -47.411000 10.617000 1
27343 -31.714000 -46.353000 13.611000 1
27344 -32.496000 -46.711000 13.461000 1
27345 -33.231000 -46.220000 13.336000 1
27360 -33.554000 -46.727000 12.901000 1
28230 -30.513000 -45.884000 13.385000 1
28231 -31.317000 -45.681000 13.483000 1
28232 -32.498000 -45.936000 13.565000 1
28233 -33.029000 -45.544000 13.548000 1
28247 -30.139000 -45.468000 12.890000 1
29159 -30.967000 -45.159000 13.192000 1
29178 -30.575000 -44.782000 12.597000 1
113583 -32.774000 -49.663000 8.978000 1
115057 -32.922000 -49.068000 11.162000 1
117312 -31.958000 -45.589000 13.578000 1
120327 -33.727000 -47.686000 11.952000 1
123465 -33.650000 -48.688000 9.893000 1
125063 -32.595000 -47.565000 13.158000 1
128125 -33.257000 -49.391000 8.679000 1
129637 -31.272000 -48.593000 13.503000 1
131270 -32.672000 -49.502000 10.590000 1
