# sub-06 hemi-L FacesvsAllnoFacenoCS_scaled Cluster_9
12
10098 -38.732000 -67.427000 15.890000 1
10099 -39.465000 -67.035000 15.554000 1
10838 -40.000000 -65.944000 17.182000 1
10839 -40.508000 -65.754000 16.616000 1
10851 -39.306000 -66.653000 16.481000 1
10852 -40.057000 -66.340000 16.164000 1
10853 -40.639000 -65.874000 15.969000 1
10865 -40.198000 -66.466000 15.310000 1
10866 -40.794000 -65.839000 15.391000 1
11528 -40.816000 -65.319000 17.269000 1
11540 -41.035000 -65.266000 16.534000 1
11543 -41.167000 -65.329000 15.795000 1
