# sub-06 hemi-L RWvsAllnoletterstring_scaled Cluster_4
22
6441 -31.957000 -72.400000 14.236000 1
7150 -31.886000 -70.766000 14.933000 1
7151 -32.641000 -71.730000 15.455000 1
7162 -31.902000 -71.675000 14.658000 1
7860 -33.576000 -70.742000 16.684000 1
7870 -32.341000 -70.268000 15.480000 1
7880 -31.615000 -70.633000 14.126000 1
7881 -32.220000 -70.029000 13.843000 1
7894 -31.871000 -70.319000 13.050000 1
8574 -32.807000 -70.119000 16.184000 1
8575 -33.249000 -69.510000 16.552000 1
8586 -32.743000 -69.451000 15.789000 1
8587 -33.167000 -68.879000 15.918000 1
8597 -32.677000 -69.573000 14.782000 1
8598 -34.052000 -69.652000 13.753000 1
9327 -33.664000 -68.751000 16.639000 1
9345 -33.474000 -69.064000 15.096000 1
9346 -34.708000 -69.267000 14.516000 1
112206 -33.037000 -71.120000 16.151000 1
112937 -33.107000 -69.834000 13.460000 1
130153 -31.972000 -70.139000 14.672000 1
133565 -32.949000 -69.146000 15.461000 1
