# sub-06 hemi-L LimbsvsAllnoLimbs_scaled Cluster_32
13
47285 -30.241000 -24.256000 6.270000 1
48129 -29.734000 -23.528000 5.760000 1
48130 -30.935000 -23.689000 6.110000 1
48146 -29.404000 -22.806000 5.332000 1
48147 -30.276000 -22.835000 5.766000 1
48148 -31.711000 -23.124000 5.964000 1
49030 -29.861000 -21.949000 5.326000 1
49031 -31.140000 -22.206000 5.734000 1
49889 -29.928000 -21.145000 5.116000 1
49890 -30.844000 -21.186000 5.485000 1
50777 -30.295000 -20.400000 5.155000 1
50778 -31.356000 -20.233000 5.449000 1
50779 -32.649000 -20.126000 5.614000 1
