# sub-06 hemi-L LimbsvsAllnoLimbs_scaled Cluster_0
469
3164 -28.140000 -77.651000 36.635000 1
3214 -27.147000 -77.534000 31.549000 1
3215 -28.292000 -76.973000 31.746000 1
3228 -26.043000 -78.560000 31.199000 1
3229 -27.121000 -77.213000 30.605000 1
3239 -25.489000 -79.336000 29.381000 1
3240 -26.264000 -77.824000 29.901000 1
3253 -25.560000 -79.123000 28.354000 1
3254 -26.136000 -77.789000 28.753000 1
3263 -26.087000 -77.818000 27.717000 1
3273 -26.114000 -77.952000 26.719000 1
3274 -26.803000 -77.292000 26.140000 1
3283 -26.063000 -78.303000 25.608000 1
3284 -27.069000 -77.551000 25.081000 1
3285 -28.589000 -76.909000 24.626000 1
3687 -29.529000 -76.508000 37.557000 1
3693 -27.991000 -77.361000 37.012000 1
3694 -28.743000 -77.086000 37.297000 1
3695 -29.729000 -76.677000 36.585000 1
3704 -29.155000 -77.191000 36.171000 1
3705 -30.064000 -76.427000 35.283000 1
3715 -30.376000 -76.051000 33.867000 1
3728 -29.651000 -76.521000 32.478000 1
3729 -30.369000 -76.082000 32.578000 1
3741 -29.616000 -76.539000 31.424000 1
3742 -30.305000 -76.246000 30.955000 1
3753 -27.960000 -76.884000 30.955000 1
3754 -29.052000 -76.668000 30.713000 1
3766 -27.444000 -76.892000 29.793000 1
3767 -29.481000 -76.684000 29.782000 1
3782 -26.906000 -76.865000 28.076000 1
3783 -28.245000 -76.685000 28.377000 1
3784 -29.541000 -76.852000 28.577000 1
3786 -30.296000 -76.320000 28.737000 1
3795 -26.751000 -77.031000 27.094000 1
3796 -27.817000 -76.658000 27.434000 1
3797 -29.054000 -76.724000 27.754000 1
3798 -30.004000 -76.832000 28.006000 1
3808 -28.541000 -76.639000 26.713000 1
3809 -29.420000 -76.525000 26.405000 1
3810 -30.223000 -76.225000 26.198000 1
3819 -27.767000 -76.961000 25.826000 1
3820 -28.629000 -76.755000 25.660000 1
3821 -30.252000 -76.047000 25.058000 1
3832 -29.327000 -76.526000 24.306000 1
4306 -28.074000 -76.636000 37.070000 1
4307 -30.565000 -76.016000 35.848000 1
4316 -30.836000 -75.674000 34.635000 1
4317 -31.481000 -75.055000 34.253000 1
4326 -31.037000 -75.425000 33.730000 1
4334 -30.849000 -75.518000 32.980000 1
4344 -30.471000 -75.830000 31.129000 1
4345 -30.490000 -75.942000 31.700000 1
4356 -30.188000 -75.562000 30.465000 1
4357 -30.364000 -76.112000 30.476000 1
4371 -29.813000 -75.371000 29.578000 1
4386 -30.160000 -75.866000 29.055000 1
4403 -30.865000 -75.966000 27.027000 1
4415 -31.010000 -75.772000 26.007000 1
4416 -31.673000 -75.237000 25.740000 1
4417 -32.282000 -74.696000 25.371000 1
4427 -29.971000 -76.130000 23.872000 1
4428 -30.736000 -75.602000 24.376000 1
4429 -31.494000 -75.169000 24.841000 1
4440 -30.443000 -75.605000 23.416000 1
4441 -31.258000 -75.168000 23.915000 1
4454 -30.030000 -75.473000 22.635000 1
4928 -28.677000 -75.444000 36.911000 1
4929 -29.178000 -74.269000 36.595000 1
4958 -30.943000 -75.060000 32.515000 1
4969 -30.298000 -75.107000 31.367000 1
4970 -30.565000 -75.409000 31.866000 1
4980 -29.378000 -74.644000 30.107000 1
4990 -29.073000 -74.481000 29.357000 1
4997 -28.858000 -74.221000 28.820000 1
4998 -29.583000 -75.001000 28.790000 1
4999 -30.419000 -75.712000 28.408000 1
5005 -30.098000 -74.826000 27.966000 1
5006 -30.897000 -75.274000 27.618000 1
5007 -31.691000 -74.676000 27.128000 1
5036 -32.449000 -74.369000 24.629000 1
5037 -33.059000 -73.973000 24.906000 1
5045 -30.906000 -75.071000 23.066000 1
5046 -31.770000 -74.547000 23.721000 1
5047 -32.636000 -73.883000 24.047000 1
5060 -30.359000 -74.799000 22.406000 1
5061 -31.207000 -74.386000 22.872000 1
5548 -29.593000 -73.243000 36.541000 1
5561 -28.658000 -74.375000 35.597000 1
5562 -29.188000 -73.319000 35.581000 1
5573 -28.744000 -73.338000 34.662000 1
5592 -31.147000 -74.168000 32.808000 1
5593 -31.751000 -73.255000 33.461000 1
5603 -29.892000 -73.946000 31.498000 1
5604 -30.611000 -74.604000 32.084000 1
5610 -28.797000 -73.919000 29.789000 1
5611 -29.103000 -73.696000 30.555000 1
5616 -28.511000 -73.725000 29.187000 1
5621 -28.503000 -73.597000 28.501000 1
5622 -29.159000 -74.215000 28.246000 1
5631 -28.772000 -73.460000 27.747000 1
5632 -29.733000 -73.917000 27.542000 1
5633 -31.028000 -74.184000 27.307000 1
5634 -32.125000 -74.056000 27.147000 1
5635 -32.840000 -73.651000 26.995000 1
5658 -33.522000 -73.460000 24.808000 1
6146 -30.288000 -72.353000 37.746000 1
6160 -29.863000 -72.197000 36.859000 1
6169 -29.508000 -72.350000 35.727000 1
6202 -32.433000 -72.653000 33.725000 1
6203 -33.345000 -72.382000 34.006000 1
6233 -28.380000 -73.040000 29.823000 1
6234 -28.839000 -72.676000 30.583000 1
6241 -27.817000 -72.118000 28.477000 1
6242 -28.066000 -72.958000 28.911000 1
6249 -27.935000 -72.027000 27.703000 1
6250 -28.125000 -72.853000 28.073000 1
6258 -30.995000 -73.137000 26.918000 1
6259 -32.044000 -73.442000 27.072000 1
6269 -32.945000 -72.796000 26.945000 1
6282 -34.137000 -72.913000 24.905000 1
6294 -33.604000 -72.404000 24.191000 1
6891 -29.831000 -71.161000 37.069000 1
6936 -32.238000 -71.934000 33.417000 1
6937 -32.958000 -71.856000 33.557000 1
6938 -33.818000 -71.676000 33.641000 1
6954 -33.382000 -71.182000 33.151000 1
6955 -34.302000 -71.105000 33.130000 1
6956 -35.190000 -71.054000 33.096000 1
6974 -28.552000 -71.853000 30.229000 1
6980 -28.031000 -72.066000 29.356000 1
7014 -34.472000 -72.360000 24.740000 1
7015 -35.149000 -71.896000 24.926000 1
7026 -33.278000 -71.401000 23.617000 1
7027 -34.198000 -71.659000 24.218000 1
7617 -29.674000 -70.225000 37.306000 1
7661 -34.757000 -70.635000 32.561000 1
7662 -35.719000 -70.599000 32.454000 1
7683 -36.454000 -70.311000 32.025000 1
7725 -34.139000 -70.524000 26.159000 1
7726 -35.104000 -70.623000 26.303000 1
7736 -35.771000 -71.253000 24.865000 1
7751 -33.971000 -70.754000 23.661000 1
7752 -34.950000 -70.551000 23.992000 1
7753 -36.074000 -70.353000 24.397000 1
8298 -28.898000 -68.792000 36.927000 1
8299 -29.441000 -69.241000 37.431000 1
8316 -29.286000 -69.739000 36.250000 1
8383 -36.214000 -69.702000 31.574000 1
8384 -37.049000 -69.837000 31.708000 1
8428 -34.348000 -69.912000 25.888000 1
8429 -35.528000 -70.014000 26.075000 1
8431 -36.828000 -69.925000 25.435000 1
8453 -37.369000 -69.015000 24.890000 1
8467 -34.297000 -70.131000 23.325000 1
8468 -35.071000 -69.985000 23.366000 1
8469 -36.674000 -69.659000 24.189000 1
8470 -37.232000 -69.101000 23.641000 1
8483 -34.263000 -69.734000 22.560000 1
8484 -35.305000 -69.642000 22.626000 1
8485 -36.315000 -69.365000 22.837000 1
8486 -36.968000 -68.946000 22.530000 1
8498 -34.879000 -69.669000 21.765000 1
8499 -35.763000 -69.559000 21.818000 1
8500 -36.427000 -69.259000 21.723000 1
8518 -34.626000 -69.994000 20.985000 1
9086 -28.760000 -68.097000 37.553000 1
9164 -37.607000 -69.166000 31.435000 1
9182 -37.254000 -68.422000 30.973000 1
9183 -38.139000 -68.487000 31.140000 1
9184 -38.871000 -68.401000 31.347000 1
9223 -33.450000 -69.219000 25.315000 1
9224 -34.658000 -69.228000 25.527000 1
9225 -35.880000 -69.355000 25.645000 1
9226 -36.777000 -69.496000 25.440000 1
9227 -37.106000 -69.411000 25.201000 1
9247 -36.303000 -68.634000 25.218000 1
9248 -37.208000 -68.774000 25.062000 1
9249 -37.685000 -68.429000 24.580000 1
9257 -38.228000 -68.138000 24.053000 1
9262 -37.601000 -68.497000 22.566000 1
9865 -28.882000 -67.570000 37.723000 1
9876 -27.078000 -66.946000 36.467000 1
9877 -28.115000 -67.336000 37.202000 1
9884 -26.161000 -67.699000 35.534000 1
9885 -26.802000 -67.504000 35.580000 1
9965 -36.813000 -67.551000 30.670000 1
9966 -37.761000 -67.726000 30.749000 1
9967 -38.633000 -67.792000 30.900000 1
9968 -39.350000 -67.750000 31.151000 1
10029 -36.782000 -67.923000 24.792000 1
10030 -37.513000 -68.053000 24.664000 1
10042 -38.084000 -67.757000 24.308000 1
10043 -38.522000 -67.470000 23.855000 1
10049 -38.265000 -67.873000 22.481000 1
10050 -38.696000 -67.367000 23.229000 1
10059 -38.842000 -67.119000 22.369000 1
10716 -38.224000 -66.991000 30.636000 1
10717 -39.125000 -67.120000 30.795000 1
10769 -37.442000 -67.229000 24.341000 1
10786 -38.801000 -66.824000 23.433000 1
10793 -39.047000 -66.549000 22.778000 1
10794 -39.419000 -65.836000 22.253000 1
10800 -39.313000 -66.310000 22.116000 1
10801 -39.659000 -65.585000 21.716000 1
10809 -39.820000 -65.553000 20.953000 1
11406 -39.640000 -66.432000 30.822000 1
11407 -40.166000 -65.733000 30.784000 1
11481 -37.047000 -65.684000 23.270000 1
11482 -38.525000 -66.381000 23.340000 1
11489 -36.442000 -64.926000 22.833000 1
11490 -37.562000 -65.072000 22.683000 1
11491 -39.039000 -66.146000 22.791000 1
11497 -40.178000 -65.008000 21.234000 1
11506 -40.406000 -64.736000 20.494000 1
11515 -40.093000 -65.264000 20.089000 1
11516 -40.578000 -64.700000 19.653000 1
12127 -41.048000 -64.907000 30.614000 1
12128 -42.004000 -64.817000 30.567000 1
12201 -36.818000 -64.335000 22.346000 1
12202 -38.449000 -64.799000 22.256000 1
12203 -39.302000 -65.292000 22.132000 1
12209 -37.152000 -63.977000 21.898000 1
12210 -38.086000 -64.210000 21.797000 1
12211 -39.050000 -64.483000 21.725000 1
12212 -39.827000 -64.665000 21.377000 1
12223 -40.281000 -64.407000 20.693000 1
12224 -40.650000 -64.224000 20.051000 1
12229 -40.880000 -64.183000 19.243000 1
12240 -41.402000 -64.018000 16.814000 1
12849 -41.477000 -64.055000 30.374000 1
12850 -42.370000 -64.049000 30.255000 1
12863 -40.870000 -63.246000 30.131000 1
12864 -41.851000 -63.377000 29.893000 1
12865 -42.737000 -63.437000 29.721000 1
12931 -33.711000 -62.705000 21.664000 1
12932 -34.539000 -62.934000 21.856000 1
12933 -35.747000 -63.416000 21.807000 1
12934 -37.514000 -63.791000 21.400000 1
12935 -38.511000 -63.974000 21.317000 1
12936 -39.375000 -64.155000 21.231000 1
12946 -31.432000 -62.966000 19.947000 1
12947 -32.112000 -63.144000 20.129000 1
12948 -33.536000 -63.127000 20.662000 1
12950 -36.013000 -63.373000 21.204000 1
12951 -36.901000 -63.486000 20.962000 1
12954 -39.982000 -63.936000 20.767000 1
12955 -40.487000 -63.985000 20.269000 1
12963 -31.632000 -63.312000 19.250000 1
12964 -32.496000 -63.474000 19.394000 1
12965 -33.343000 -63.487000 19.722000 1
12966 -34.770000 -63.480000 20.019000 1
12967 -35.538000 -63.529000 19.899000 1
12976 -32.073000 -63.574000 18.454000 1
12977 -33.158000 -63.699000 18.629000 1
12978 -34.160000 -63.762000 18.333000 1
12979 -35.718000 -63.753000 18.254000 1
12980 -36.789000 -63.676000 18.336000 1
12981 -38.020000 -63.571000 18.325000 1
12984 -40.989000 -63.891000 18.612000 1
12990 -31.830000 -63.387000 17.679000 1
12991 -32.340000 -63.300000 17.190000 1
12992 -33.523000 -63.703000 17.637000 1
12993 -34.377000 -63.688000 17.490000 1
12994 -36.182000 -63.715000 17.446000 1
12995 -37.184000 -63.674000 17.468000 1
12996 -38.044000 -63.616000 17.441000 1
12997 -38.952000 -63.506000 17.802000 1
12998 -40.724000 -63.605000 18.049000 1
12999 -41.162000 -63.853000 17.726000 1
13003 -33.076000 -63.357000 16.919000 1
13008 -39.191000 -63.507000 16.252000 1
13009 -40.462000 -63.534000 16.274000 1
13010 -41.444000 -63.942000 15.879000 1
13015 -37.215000 -63.473000 15.935000 1
13016 -38.633000 -63.423000 15.544000 1
13640 -40.501000 -62.490000 29.567000 1
13641 -41.372000 -62.690000 29.435000 1
13642 -42.254000 -62.854000 29.226000 1
13656 -40.914000 -62.072000 28.878000 1
13657 -41.782000 -62.280000 28.686000 1
13658 -42.647000 -62.409000 28.543000 1
13659 -43.466000 -62.394000 28.550000 1
13735 -33.371000 -62.576000 22.480000 1
13736 -34.015000 -62.780000 22.319000 1
13745 -31.169000 -62.095000 21.218000 1
13746 -32.113000 -62.123000 21.842000 1
13754 -31.745000 -62.616000 20.754000 1
13755 -32.738000 -62.718000 21.076000 1
13761 -29.723000 -62.037000 18.900000 1
13762 -30.234000 -62.414000 19.550000 1
13763 -30.871000 -62.955000 19.316000 1
13767 -30.335000 -62.597000 18.626000 1
13768 -31.125000 -63.215000 18.314000 1
13774 -30.572000 -62.512000 17.734000 1
13775 -31.276000 -62.909000 17.391000 1
13776 -31.863000 -63.059000 17.090000 1
13779 -31.630000 -62.539000 16.752000 1
13780 -32.383000 -62.814000 16.573000 1
13798 -38.059000 -62.624000 14.086000 1
13799 -39.171000 -62.803000 13.936000 1
13812 -38.669000 -62.208000 13.365000 1
14353 -40.044000 -61.866000 29.085000 1
14376 -38.486000 -61.182000 28.707000 1
14377 -39.536000 -61.325000 28.544000 1
14378 -40.442000 -61.499000 28.351000 1
14379 -41.313000 -61.703000 28.158000 1
14380 -42.189000 -61.875000 28.009000 1
14381 -43.063000 -61.964000 27.944000 1
14382 -44.505000 -61.668000 28.396000 1
14383 -45.162000 -61.268000 29.067000 1
14395 -40.849000 -61.129000 27.753000 1
14396 -41.727000 -61.270000 27.613000 1
14397 -42.629000 -61.379000 27.496000 1
14398 -43.479000 -61.435000 27.478000 1
14399 -44.257000 -61.330000 27.597000 1
14449 -29.743000 -61.332000 21.148000 1
14450 -30.626000 -61.569000 21.661000 1
14459 -29.393000 -61.456000 20.178000 1
14460 -30.213000 -61.971000 20.534000 1
14470 -29.218000 -61.344000 19.226000 1
14475 -29.500000 -61.463000 18.450000 1
14476 -29.911000 -61.976000 18.065000 1
14481 -29.689000 -61.142000 17.770000 1
14482 -30.345000 -61.573000 17.249000 1
14483 -30.965000 -62.221000 16.961000 1
14486 -30.979000 -61.462000 16.562000 1
14487 -31.418000 -61.955000 16.487000 1
14488 -32.005000 -62.096000 16.197000 1
14494 -31.597000 -61.423000 16.059000 1
14495 -32.323000 -61.471000 15.636000 1
15140 -37.714000 -60.714000 28.422000 1
15141 -39.112000 -60.753000 28.076000 1
15142 -39.985000 -60.938000 27.917000 1
15143 -44.995000 -61.029000 28.018000 1
15144 -45.692000 -60.443000 28.768000 1
15154 -37.894000 -60.206000 27.908000 1
15155 -38.688000 -60.171000 27.698000 1
15156 -39.573000 -60.279000 27.573000 1
15157 -40.451000 -60.451000 27.490000 1
15158 -42.186000 -60.643000 27.197000 1
15159 -43.146000 -60.834000 27.059000 1
15160 -43.881000 -60.942000 27.078000 1
15161 -44.664000 -60.545000 27.143000 1
15162 -45.351000 -60.380000 27.732000 1
15174 -42.810000 -60.117000 26.805000 1
15175 -43.800000 -60.203000 26.638000 1
15222 -29.001000 -60.858000 20.656000 1
15233 -28.443000 -60.232000 20.115000 1
15234 -28.866000 -60.927000 19.855000 1
15238 -28.661000 -59.790000 18.717000 1
15239 -29.142000 -60.628000 18.377000 1
15242 -30.055000 -60.746000 17.191000 1
15247 -30.555000 -60.765000 16.672000 1
15902 -36.577000 -59.993000 28.201000 1
15903 -37.269000 -60.282000 28.167000 1
15904 -45.826000 -59.900000 27.975000 1
15905 -46.454000 -59.594000 28.800000 1
15906 -47.258000 -59.025000 29.325000 1
15922 -36.111000 -59.325000 28.075000 1
15923 -37.294000 -59.762000 27.844000 1
15924 -38.073000 -59.502000 27.520000 1
15927 -45.500000 -59.779000 27.085000 1
15928 -46.233000 -59.300000 27.681000 1
15951 -44.728000 -59.735000 26.451000 1
15952 -45.403000 -59.279000 26.389000 1
16039 -29.104000 -59.636000 17.941000 1
16044 -29.595000 -60.258000 17.526000 1
16050 -29.641000 -59.386000 17.247000 1
16051 -30.187000 -59.951000 16.815000 1
16052 -30.784000 -60.111000 16.291000 1
16057 -30.659000 -59.286000 16.163000 1
16666 -46.904000 -58.846000 28.319000 1
16667 -47.605000 -58.374000 28.888000 1
16681 -46.058000 -59.039000 26.790000 1
16682 -46.648000 -58.584000 27.469000 1
16683 -47.272000 -58.273000 28.059000 1
16695 -37.945000 -58.253000 27.005000 1
16700 -44.097000 -59.318000 26.113000 1
16701 -44.915000 -58.987000 25.886000 1
16784 -29.217000 -58.764000 17.618000 1
16789 -29.718000 -58.590000 16.959000 1
16790 -30.264000 -58.492000 16.386000 1
17468 -47.884000 -57.698000 28.496000 1
17605 -29.381000 -57.993000 17.301000 1
111096 -30.917000 -62.550000 20.233000 1
111746 -28.330000 -76.740000 30.162000 1
111946 -27.154000 -76.868000 29.039000 1
112444 -39.906000 -63.443000 17.254000 1
112445 -38.609000 -63.574000 16.919000 1
112652 -34.040000 -63.406000 20.139000 1
113194 -32.824000 -63.248000 20.209000 1
113426 -32.952000 -62.353000 21.977000 1
113485 -29.978000 -73.268000 37.437000 1
113597 -35.554000 -69.965000 20.977000 1
113649 -40.899000 -65.783000 30.818000 1
113849 -38.136000 -63.530000 16.090000 1
113906 -33.871000 -63.518000 16.964000 1
114360 -36.583000 -63.630000 21.570000 1
114562 -35.211000 -63.216000 21.485000 1
114736 -40.680000 -64.054000 30.484000 1
114857 -39.397000 -66.094000 21.459000 1
114981 -37.265000 -59.104000 27.572000 1
115188 -36.740000 -59.380000 27.861000 1
115479 -30.147000 -76.462000 27.160000 1
115620 -29.459000 -76.876000 34.842000 1
115679 -37.798000 -58.825000 27.312000 1
115798 -41.287000 -60.616000 27.397000 1
115876 -39.563000 -62.416000 13.315000 1
116004 -35.241000 -63.698000 17.423000 1
116091 -31.683000 -74.038000 33.422000 1
116506 -30.313000 -73.372000 38.022000 1
116877 -35.090000 -63.199000 22.008000 1
117070 -33.047000 -73.085000 24.018000 1
117318 -31.874000 -73.980000 23.327000 1
117516 -28.723000 -76.772000 29.250000 1
117784 -35.887000 -69.775000 23.449000 1
117840 -28.627000 -77.556000 35.722000 1
118047 -37.482000 -63.528000 19.255000 1
118048 -36.262000 -63.604000 19.322000 1
118050 -34.075000 -63.615000 19.296000 1
118412 -43.096000 -62.913000 29.116000 1
119602 -32.909000 -74.215000 25.373000 1
120192 -30.169000 -76.262000 29.625000 1
120442 -37.622000 -64.420000 22.192000 1
121023 -29.485000 -76.612000 27.250000 1
121185 -32.621000 -63.619000 17.723000 1
121419 -29.176000 -68.525000 37.610000 1
121498 -43.854000 -61.931000 28.006000 1
121611 -29.414000 -76.505000 25.379000 1
121790 -38.715000 -66.264000 30.684000 1
121970 -30.083000 -59.137000 16.696000 1
121987 -29.712000 -74.641000 30.833000 1
122123 -41.622000 -60.149000 27.131000 1
122422 -39.260000 -65.506000 30.727000 1
122511 -29.617000 -71.435000 36.031000 1
122639 -38.381000 -60.611000 28.136000 1
122710 -30.378000 -76.020000 37.678000 1
123146 -38.588000 -65.612000 22.761000 1
123200 -30.101000 -70.799000 37.672000 1
124191 -37.788000 -63.276000 15.242000 1
125100 -28.714000 -60.500000 19.265000 1
125317 -27.955000 -77.152000 24.992000 1
125618 -35.784000 -70.163000 31.850000 1
125696 -39.134000 -59.482000 27.279000 1
125751 -28.415000 -59.808000 19.413000 1
126268 -29.702000 -61.916000 19.672000 1
126522 -27.590000 -77.488000 23.990000 1
127541 -34.889000 -63.778000 18.088000 1
128192 -29.599000 -74.087000 37.316000 1
128584 -38.489000 -67.741000 23.688000 1
129460 -39.947000 -63.422000 18.198000 1
129635 -39.717000 -65.282000 21.732000 1
129987 -28.565000 -76.848000 37.429000 1
130181 -30.259000 -76.278000 36.920000 1
130967 -30.212000 -73.447000 27.046000 1
131102 -31.039000 -75.552000 25.213000 1
131269 -37.375000 -68.769000 23.037000 1
131298 -40.240000 -65.101000 20.788000 1
132122 -31.858000 -74.789000 24.491000 1
132157 -27.507000 -76.804000 26.616000 1
132208 -33.592000 -73.021000 24.477000 1
132711 -40.548000 -65.281000 30.710000 1
132906 -30.130000 -71.565000 37.518000 1
132949 -37.928000 -63.003000 14.662000 1
133042 -31.448000 -73.694000 33.165000 1
133099 -29.577000 -70.660000 36.423000 1
133166 -34.799000 -71.205000 24.309000 1
133713 -37.954000 -65.811000 23.221000 1
