# sub-06 hemi-L FacesvsAllnoFace_scaled Cluster_41
17
56618 -55.100000 -14.110000 8.077000 1
56619 -55.913000 -14.131000 8.237000 1
56636 -53.910000 -14.504000 7.266000 1
56637 -54.654000 -14.717000 7.672000 1
56638 -55.454000 -14.808000 7.911000 1
56639 -56.322000 -14.824000 7.946000 1
56665 -52.778000 -14.069000 5.214000 1
56666 -53.191000 -14.830000 5.495000 1
57534 -54.832000 -13.502000 8.035000 1
57548 -53.752000 -13.696000 7.254000 1
57549 -54.387000 -13.956000 7.733000 1
57568 -53.216000 -13.399000 6.556000 1
57584 -52.732000 -13.419000 5.754000 1
57585 -53.042000 -14.187000 6.089000 1
58558 -54.293000 -13.106000 7.660000 1
58572 -53.393000 -12.401000 6.568000 1
130399 -56.634000 -15.451000 7.699000 1
