# sub-06 hemi-R RWvsAllnoletterstring_scaled Cluster_8
14
18935 45.753000 -51.631000 14.234000 1
18936 45.082000 -51.233000 14.041000 1
19847 46.887000 -50.357000 15.293000 1
19848 45.876000 -50.487000 15.279000 1
19849 44.990000 -50.280000 15.225000 1
19861 46.411000 -51.183000 14.807000 1
19862 45.422000 -50.976000 14.737000 1
19863 44.841000 -50.707000 14.530000 1
19870 44.647000 -50.529000 13.731000 1
19881 44.961000 -50.729000 12.869000 1
19882 44.701000 -49.859000 13.021000 1
20834 44.400000 -50.110000 14.595000 1
20856 45.339000 -50.006000 12.335000 1
128379 45.019000 -51.194000 13.359000 1
