# sub-06 hemi-L LimbsvsAllnoLimbsnoCS_scaled Cluster_12
129
11603 -12.678000 -65.277000 9.427000 1
11604 -13.505000 -65.294000 9.475000 1
11623 -13.365000 -65.388000 8.676000 1
11624 -14.344000 -65.219000 8.905000 1
12289 -13.872000 -64.091000 11.446000 1
12290 -15.172000 -64.085000 11.684000 1
12291 -16.018000 -64.157000 11.492000 1
12292 -16.893000 -64.083000 11.257000 1
12313 -11.959000 -64.175000 10.197000 1
12314 -13.069000 -64.222000 11.038000 1
12315 -13.900000 -64.730000 10.821000 1
12316 -15.478000 -64.510000 10.958000 1
12317 -16.367000 -64.392000 10.605000 1
12318 -17.259000 -64.163000 10.360000 1
12319 -18.099000 -63.910000 10.261000 1
12338 -11.516000 -64.570000 9.614000 1
12339 -12.204000 -64.858000 9.960000 1
12340 -13.080000 -65.014000 10.271000 1
12341 -15.740000 -64.689000 10.025000 1
12342 -16.697000 -64.434000 9.523000 1
12360 -16.529000 -64.559000 8.475000 1
13033 -16.726000 -62.996000 13.170000 1
13034 -17.548000 -63.111000 13.193000 1
13035 -18.406000 -63.185000 13.099000 1
13036 -19.391000 -62.500000 13.534000 1
13045 -15.379000 -63.110000 12.602000 1
13046 -16.177000 -63.338000 12.713000 1
13047 -17.022000 -63.460000 12.688000 1
13048 -17.901000 -63.499000 12.548000 1
13049 -19.347000 -63.111000 12.963000 1
13050 -20.212000 -63.032000 12.476000 1
13058 -12.923000 -63.346000 11.173000 1
13059 -13.458000 -63.583000 11.423000 1
13060 -14.574000 -62.746000 12.249000 1
13061 -15.652000 -63.711000 12.193000 1
13062 -16.520000 -63.806000 12.080000 1
13063 -17.393000 -63.782000 11.910000 1
13064 -18.250000 -63.699000 11.733000 1
13065 -19.078000 -63.623000 11.553000 1
13066 -20.421000 -63.314000 11.700000 1
13075 -12.449000 -63.764000 10.687000 1
13076 -17.745000 -63.905000 11.062000 1
13078 -19.430000 -63.626000 10.695000 1
13079 -20.456000 -63.543000 10.852000 1
13090 -11.420000 -63.847000 9.754000 1
13091 -11.957000 -63.391000 10.246000 1
13092 -19.353000 -63.602000 9.760000 1
13807 -16.529000 -62.400000 13.287000 1
13808 -17.308000 -62.522000 13.450000 1
13809 -18.086000 -62.666000 13.509000 1
13818 -14.768000 -61.839000 12.180000 1
13819 -15.334000 -62.434000 12.702000 1
13820 -15.983000 -62.811000 13.014000 1
13821 -20.103000 -62.653000 13.168000 1
13830 -13.522000 -62.911000 11.540000 1
13839 -12.485000 -62.972000 10.725000 1
13840 -13.001000 -62.721000 11.112000 1
13854 -11.542000 -63.035000 9.661000 1
13855 -12.207000 -62.623000 10.061000 1
13856 -12.956000 -62.234000 10.487000 1
13868 -12.034000 -62.308000 9.214000 1
14506 -18.648000 -61.492000 13.894000 1
14520 -16.276000 -61.726000 13.167000 1
14521 -17.138000 -61.736000 13.500000 1
14535 -15.585000 -61.743000 12.718000 1
14536 -16.124000 -61.152000 12.561000 1
14546 -13.508000 -62.251000 11.197000 1
14547 -14.090000 -62.391000 11.750000 1
14548 -15.504000 -61.199000 12.060000 1
14549 -16.109000 -60.754000 11.890000 1
14559 -14.249000 -61.646000 11.228000 1
14560 -15.018000 -61.039000 10.608000 1
14571 -12.758000 -61.998000 9.548000 1
14572 -13.529000 -61.662000 9.782000 1
14573 -14.284000 -61.348000 10.137000 1
14574 -15.126000 -60.941000 9.540000 1
14585 -13.096000 -61.619000 7.950000 1
14586 -13.997000 -61.439000 7.963000 1
14587 -14.359000 -61.318000 8.946000 1
14588 -15.415000 -60.938000 8.400000 1
14601 -14.581000 -61.326000 7.100000 1
14602 -15.361000 -61.106000 7.337000 1
14603 -16.122000 -60.802000 7.589000 1
15272 -16.757000 -61.068000 13.069000 1
15273 -17.971000 -61.211000 13.686000 1
15286 -16.655000 -60.581000 12.258000 1
15287 -17.276000 -60.419000 12.756000 1
15295 -15.786000 -60.740000 11.139000 1
15296 -16.600000 -60.371000 11.376000 1
15297 -17.206000 -60.051000 11.807000 1
15308 -15.850000 -60.635000 10.054000 1
15309 -16.582000 -60.320000 10.444000 1
15310 -17.229000 -59.901000 10.812000 1
15323 -16.000000 -60.635000 9.082000 1
15324 -16.662000 -60.347000 9.497000 1
15325 -17.316000 -59.989000 9.823000 1
15339 -16.746000 -60.403000 8.658000 1
15352 -16.804000 -60.516000 7.852000 1
15367 -16.813000 -60.699000 6.930000 1
16098 -17.770000 -59.781000 12.392000 1
16113 -17.778000 -59.493000 11.368000 1
16114 -17.980000 -59.428000 10.168000 1
111622 -17.936000 -62.007000 13.751000 1
112046 -15.026000 -61.272000 11.484000 1
112493 -13.652000 -61.787000 10.618000 1
113032 -13.406000 -61.632000 8.828000 1
113639 -20.700000 -62.578000 12.709000 1
113800 -14.083000 -63.353000 11.819000 1
114657 -20.052000 -63.518000 10.090000 1
114932 -18.780000 -63.471000 12.376000 1
114953 -14.848000 -64.836000 10.452000 1
116254 -19.797000 -63.517000 11.403000 1
117196 -15.845000 -64.736000 9.071000 1
117309 -14.837000 -63.495000 12.143000 1
117688 -15.050000 -64.995000 9.532000 1
120033 -12.528000 -64.442000 10.467000 1
120373 -14.751000 -61.238000 7.962000 1
120884 -19.615000 -63.388000 12.113000 1
122105 -18.674000 -62.218000 13.751000 1
122355 -14.126000 -65.169000 9.956000 1
124556 -14.623000 -64.424000 11.244000 1
126835 -15.904000 -62.269000 13.078000 1
126965 -12.672000 -61.862000 8.739000 1
129408 -16.231000 -60.650000 8.323000 1
129757 -15.214000 -64.979000 8.743000 1
130591 -17.411000 -60.955000 13.359000 1
133379 -14.043000 -62.856000 11.889000 1
134165 -14.496000 -63.904000 11.716000 1
134278 -18.770000 -62.779000 13.418000 1
