# sub-11 hemi-R LimbsvsAllnoLimbsnoCS_scaled Cluster_30
57
30209 38.866000 -49.493000 2.107000 1
30210 37.970000 -49.640000 2.060000 1
30223 40.029000 -49.357000 0.891000 1
30224 39.347000 -49.865000 1.336000 1
31225 38.778000 -48.415000 3.240000 1
31226 37.961000 -48.620000 3.306000 1
31227 37.229000 -48.508000 2.887000 1
31237 39.223000 -48.796000 2.585000 1
31238 38.389000 -49.050000 2.727000 1
31239 37.592000 -49.088000 2.497000 1
31240 36.779000 -48.839000 1.806000 1
31253 39.669000 -49.106000 1.811000 1
32124 36.940000 -47.088000 5.080000 1
32133 38.027000 -47.520000 4.446000 1
32134 37.224000 -47.548000 4.445000 1
32144 39.193000 -47.552000 3.505000 1
32145 38.393000 -47.981000 3.841000 1
32146 37.551000 -48.086000 3.824000 1
32147 36.841000 -47.802000 3.464000 1
32160 40.127000 -47.461000 2.244000 1
32161 39.566000 -47.932000 2.825000 1
32162 36.604000 -48.043000 1.884000 1
32172 40.435000 -47.532000 1.337000 1
32173 39.959000 -48.259000 2.097000 1
33080 38.036000 -46.363000 5.300000 1
33081 37.308000 -46.470000 5.678000 1
33088 39.109000 -46.298000 4.164000 1
33089 38.481000 -46.561000 4.699000 1
33090 37.639000 -47.029000 5.018000 1
33103 39.430000 -46.546000 3.601000 1
33104 38.798000 -47.147000 4.117000 1
33105 36.349000 -47.142000 3.564000 1
33106 36.117000 -46.317000 2.700000 1
33119 40.384000 -46.723000 1.841000 1
33120 39.907000 -46.839000 2.803000 1
33121 36.569000 -47.491000 2.485000 1
33135 40.588000 -46.591000 0.842000 1
34036 39.040000 -45.561000 4.421000 1
34037 38.507000 -45.659000 5.045000 1
34049 39.468000 -45.599000 3.749000 1
34050 36.057000 -45.196000 1.964000 1
34064 40.314000 -45.924000 2.188000 1
34065 39.920000 -45.761000 3.035000 1
35004 39.391000 -44.743000 3.993000 1
35017 39.806000 -44.856000 3.275000 1
35026 40.285000 -44.929000 2.406000 1
35028 35.686000 -44.094000 1.481000 1
35035 40.519000 -44.542000 1.557000 1
35044 40.676000 -44.660000 0.594000 1
36033 40.379000 -43.914000 2.120000 1
36051 40.756000 -43.743000 0.237000 1
116949 40.268000 -48.503000 1.222000 1
123034 40.312000 -43.003000 2.198000 1
126993 40.620000 -43.892000 1.161000 1
129762 36.410000 -46.767000 2.081000 1
132979 40.503000 -47.941000 0.541000 1
135909 40.495000 -43.312000 1.562000 1
