# sub-11 hemi-L FacesvsAllnoFacenoCS_scaled Cluster_1
22
8169 -39.939000 -75.780000 2.394000 1
8170 -40.377000 -75.657000 2.913000 1
8182 -39.139000 -75.815000 0.932000 1
8183 -39.557000 -75.885000 1.727000 1
8194 -38.653000 -75.740000 0.113000 1
8225 -37.433000 -75.520000 -1.686000 1
8991 -40.937000 -74.996000 2.986000 1
9006 -39.242000 -74.494000 2.083000 1
9007 -39.915000 -74.807000 2.281000 1
9008 -40.350000 -75.136000 2.524000 1
9031 -38.774000 -75.101000 0.643000 1
9040 -37.799000 -75.233000 -1.124000 1
9055 -37.079000 -74.832000 -1.521000 1
9831 -40.769000 -73.577000 2.913000 1
9847 -39.904000 -74.123000 2.665000 1
9848 -40.614000 -74.496000 2.720000 1
10697 -41.351000 -72.744000 2.978000 1
121014 -37.560000 -74.723000 -0.870000 1
132125 -39.813000 -75.290000 2.102000 1
133578 -38.830000 -74.682000 1.324000 1
134299 -39.370000 -75.126000 1.526000 1
135140 -38.224000 -74.974000 -0.316000 1
