# sub-11 hemi-R RWvsAllnoletterstring_scaled Cluster_17
48
28455 35.670000 -51.510000 1.382000 1
29325 35.382000 -50.783000 1.855000 1
29326 35.127000 -50.090000 2.464000 1
29339 35.659000 -50.951000 0.893000 1
30177 29.869000 -49.185000 6.441000 1
30198 33.885000 -48.589000 4.889000 1
30199 29.416000 -49.209000 5.009000 1
30203 34.814000 -49.656000 3.046000 1
30212 35.525000 -49.817000 1.396000 1
31200 31.114000 -48.337000 6.768000 1
31201 30.361000 -48.591000 6.512000 1
31202 29.840000 -48.698000 6.068000 1
31210 33.315000 -48.299000 5.553000 1
31211 32.525000 -47.994000 6.053000 1
31212 30.125000 -48.147000 5.861000 1
31213 29.681000 -48.575000 5.461000 1
31219 34.251000 -48.857000 4.092000 1
31220 33.802000 -48.177000 4.240000 1
31228 34.617000 -48.562000 2.591000 1
31229 34.224000 -48.344000 3.397000 1
31241 35.058000 -48.268000 1.731000 1
32114 31.595000 -47.821000 6.265000 1
32115 30.771000 -47.891000 6.166000 1
32125 32.907000 -47.709000 5.302000 1
32127 31.234000 -47.335000 5.695000 1
32128 30.536000 -47.528000 5.509000 1
32136 33.285000 -47.537000 4.564000 1
32137 32.541000 -47.068000 4.972000 1
32148 34.445000 -47.816000 2.491000 1
32149 33.746000 -47.423000 3.563000 1
32163 34.257000 -46.800000 2.404000 1
33084 31.700000 -46.859000 5.170000 1
33085 30.965000 -46.895000 5.135000 1
33093 32.961000 -46.774000 4.217000 1
33094 32.167000 -46.459000 4.564000 1
33095 31.458000 -46.474000 4.635000 1
33096 30.813000 -46.610000 4.447000 1
33107 33.392000 -46.310000 3.337000 1
33108 32.532000 -46.012000 3.870000 1
33109 31.292000 -46.184000 4.144000 1
33110 30.789000 -46.267000 3.575000 1
34040 31.877000 -45.974000 4.145000 1
34054 31.551000 -45.771000 3.642000 1
116563 35.015000 -49.176000 2.186000 1
128401 29.409000 -49.902000 5.398000 1
129290 34.658000 -49.534000 3.886000 1
129441 34.554000 -49.062000 3.207000 1
134061 33.462000 -48.075000 4.901000 1
