# sub-11 hemi-L CSvsAllNotext_scaled Cluster_20
25
39043 -44.295000 -39.440000 4.405000 1
39051 -44.699000 -39.496000 3.929000 1
39053 -45.396000 -39.481000 3.423000 1
39057 -46.180000 -39.674000 2.939000 1
39058 -47.127000 -39.649000 2.430000 1
39065 -45.820000 -39.556000 2.853000 1
39066 -46.490000 -39.571000 2.425000 1
39926 -42.834000 -39.295000 5.293000 1
39927 -43.564000 -39.469000 4.988000 1
39939 -43.270000 -39.301000 4.849000 1
39940 -44.025000 -39.355000 4.447000 1
39952 -44.517000 -39.242000 3.802000 1
39953 -45.249000 -39.383000 3.162000 1
39954 -46.910000 -39.481000 3.300000 1
39964 -45.948000 -39.300000 2.327000 1
40845 -42.589000 -39.093000 5.246000 1
40858 -43.830000 -38.985000 4.312000 1
40859 -44.553000 -38.267000 3.841000 1
40871 -45.059000 -38.613000 3.201000 1
40882 -45.490000 -38.822000 2.623000 1
41826 -45.313000 -37.417000 3.442000 1
41834 -45.625000 -37.810000 2.649000 1
42773 -45.679000 -36.282000 3.873000 1
42774 -46.218000 -35.403000 3.476000 1
43714 -46.473000 -34.485000 3.156000 1
