# sub-11 hemi-R LimbsvsAllnoLimbsnoCS_scaled Cluster_11
160
11592 40.068000 -69.032000 10.306000 1
11593 38.967000 -69.282000 10.801000 1
11594 37.258000 -69.478000 11.392000 1
11607 41.323000 -69.393000 9.729000 1
11608 39.821000 -69.771000 9.999000 1
11622 40.452000 -70.247000 9.611000 1
12505 40.435000 -68.265000 10.617000 1
12506 39.409000 -68.496000 11.110000 1
12507 38.527000 -68.629000 11.440000 1
12518 41.792000 -68.707000 9.917000 1
12519 41.040000 -68.847000 9.898000 1
13434 43.405000 -66.809000 11.100000 1
13436 38.979000 -67.143000 12.205000 1
13437 37.992000 -67.413000 12.334000 1
13445 42.101000 -67.221000 10.515000 1
13446 40.835000 -67.450000 10.960000 1
13447 39.734000 -67.685000 11.475000 1
13448 38.719000 -67.964000 11.807000 1
13453 42.321000 -67.982000 10.212000 1
13454 41.526000 -68.114000 10.219000 1
14291 43.686000 -66.009000 11.497000 1
14293 39.955000 -65.933000 12.166000 1
14294 39.123000 -66.252000 12.390000 1
14295 38.160000 -66.558000 12.522000 1
14304 40.990000 -65.966000 11.611000 1
14305 40.104000 -66.755000 11.811000 1
14308 42.849000 -67.192000 10.629000 1
15126 43.989000 -65.282000 11.961000 1
15127 40.271000 -65.238000 12.074000 1
15128 39.284000 -65.405000 12.336000 1
15129 38.212000 -65.608000 12.513000 1
15130 37.219000 -65.546000 12.520000 1
15140 43.053000 -65.496000 11.117000 1
15141 42.200000 -65.674000 11.174000 1
15142 41.299000 -64.989000 11.645000 1
15143 32.269000 -65.685000 11.349000 1
16003 44.044000 -64.272000 13.012000 1
16017 44.078000 -64.643000 12.364000 1
16018 40.493000 -64.578000 11.840000 1
16019 39.627000 -64.668000 12.114000 1
16020 38.646000 -64.790000 12.265000 1
16021 37.681000 -64.900000 12.302000 1
16022 36.730000 -64.983000 12.337000 1
16023 35.791000 -64.996000 12.430000 1
16025 33.816000 -65.038000 12.474000 1
16029 43.884000 -64.691000 11.810000 1
16032 41.382000 -63.989000 11.480000 1
16033 40.111000 -64.010000 11.740000 1
16034 39.052000 -64.080000 11.888000 1
16035 37.146000 -64.386000 11.835000 1
16036 36.242000 -64.407000 11.946000 1
16037 35.266000 -64.380000 12.128000 1
16038 34.259000 -64.342000 12.233000 1
16039 33.324000 -64.459000 12.122000 1
16040 32.639000 -64.897000 11.850000 1
16043 32.152000 -64.744000 11.108000 1
16913 40.671000 -63.282000 11.283000 1
16914 39.534000 -63.422000 11.413000 1
16915 38.327000 -63.516000 11.232000 1
16916 37.403000 -63.827000 11.195000 1
16917 36.655000 -63.947000 11.250000 1
16918 35.790000 -63.857000 11.456000 1
16919 34.758000 -63.754000 11.712000 1
16920 33.710000 -63.708000 11.761000 1
16921 32.700000 -63.981000 11.485000 1
16923 39.028000 -62.854000 10.904000 1
16924 38.155000 -63.143000 10.488000 1
16925 37.465000 -63.504000 10.291000 1
16926 36.977000 -63.613000 9.912000 1
16927 36.307000 -63.495000 10.453000 1
16928 34.276000 -63.115000 11.216000 1
16933 37.824000 -63.219000 9.660000 1
16934 37.318000 -63.506000 9.208000 1
16935 36.768000 -63.474000 9.455000 1
16936 36.161000 -63.115000 9.718000 1
16944 37.760000 -63.463000 8.633000 1
16945 37.505000 -63.555000 8.412000 1
16958 37.858000 -63.650000 7.969000 1
17809 41.019000 -62.431000 10.844000 1
17810 40.045000 -62.820000 11.024000 1
17811 41.066000 -61.697000 10.645000 1
17812 38.612000 -62.589000 10.201000 1
17813 35.190000 -62.847000 10.374000 1
17819 39.195000 -61.795000 9.900000 1
17820 38.249000 -62.715000 9.315000 1
17821 36.562000 -63.180000 8.924000 1
17822 35.642000 -62.576000 9.442000 1
17832 38.051000 -63.441000 8.279000 1
17834 36.043000 -62.490000 8.603000 1
17846 38.071000 -63.579000 7.635000 1
17863 39.391000 -63.473000 5.928000 1
17864 38.835000 -63.420000 6.277000 1
17865 38.216000 -63.401000 6.591000 1
17866 37.470000 -63.130000 6.839000 1
17879 38.278000 -63.091000 5.788000 1
18751 41.300000 -61.254000 10.799000 1
18752 40.476000 -61.212000 10.303000 1
18757 39.764000 -60.954000 9.813000 1
18758 38.849000 -61.472000 9.256000 1
18775 38.264000 -62.782000 8.456000 1
18791 38.565000 -62.959000 7.467000 1
18792 36.654000 -62.424000 7.069000 1
18803 39.630000 -63.300000 6.159000 1
18804 38.985000 -63.357000 6.588000 1
18805 37.539000 -62.737000 6.175000 1
18806 36.305000 -61.436000 6.702000 1
18823 37.517000 -61.992000 5.536000 1
19737 40.336000 -60.410000 10.348000 1
19745 39.563000 -60.318000 9.688000 1
19746 38.927000 -60.619000 9.033000 1
19757 38.524000 -61.583000 8.406000 1
19767 38.710000 -61.544000 7.472000 1
19780 39.697000 -61.870000 6.168000 1
19781 39.131000 -62.337000 6.754000 1
19795 41.242000 -61.640000 5.279000 1
20709 38.744000 -59.439000 7.984000 1
20719 39.338000 -58.790000 6.816000 1
20720 38.977000 -59.625000 7.158000 1
20732 39.014000 -60.860000 6.854000 1
20748 40.831000 -59.981000 5.325000 1
20749 40.151000 -59.559000 5.768000 1
21670 38.925000 -58.648000 7.600000 1
21683 40.379000 -57.937000 6.074000 1
21684 39.904000 -58.765000 6.169000 1
21701 40.583000 -58.808000 5.627000 1
22592 39.495000 -57.215000 7.143000 1
22606 41.840000 -57.459000 5.714000 1
22607 40.937000 -57.220000 6.074000 1
22608 40.176000 -57.210000 6.545000 1
22623 41.145000 -58.069000 5.583000 1
23507 41.674000 -56.540000 6.301000 1
23508 40.673000 -56.542000 6.588000 1
23509 40.030000 -56.657000 6.918000 1
115848 40.235000 -60.834000 5.656000 1
116823 39.533000 -59.951000 6.309000 1
117104 39.950000 -62.151000 10.508000 1
117339 35.291000 -63.391000 11.068000 1
118276 41.929000 -66.423000 10.947000 1
118526 36.923000 -61.717000 6.065000 1
118698 36.913000 -66.115000 12.644000 1
119507 36.923000 -63.524000 8.882000 1
119518 38.439000 -63.412000 6.877000 1
120532 39.716000 -57.951000 6.631000 1
120554 36.952000 -63.736000 10.577000 1
120556 38.710000 -60.341000 8.359000 1
122129 39.109000 -60.001000 9.219000 1
122365 42.729000 -66.436000 10.810000 1
122589 37.533000 -66.105000 12.615000 1
124989 38.776000 -60.305000 7.521000 1
125374 44.014000 -63.944000 12.155000 1
126206 37.893000 -69.070000 11.402000 1
126225 38.037000 -64.235000 11.837000 1
128024 41.173000 -66.758000 11.172000 1
128235 43.216000 -66.247000 11.018000 1
128739 41.416000 -59.163000 5.230000 1
128749 40.695000 -69.555000 9.719000 1
130399 39.226000 -58.036000 7.215000 1
135868 36.950000 -62.345000 6.518000 1
136559 38.864000 -62.697000 7.094000 1
137835 38.994000 -63.486000 5.748000 1
