# sub-11 hemi-L CSvsAllnoletterstring_scaled Cluster_20
44
39043 -44.295000 -39.440000 4.405000 1
39051 -44.699000 -39.496000 3.929000 1
39053 -45.396000 -39.481000 3.423000 1
39057 -46.180000 -39.674000 2.939000 1
39058 -47.127000 -39.649000 2.430000 1
39065 -45.820000 -39.556000 2.853000 1
39902 -42.148000 -39.192000 6.207000 1
39911 -42.787000 -39.367000 5.661000 1
39926 -42.834000 -39.295000 5.293000 1
39927 -43.564000 -39.469000 4.988000 1
39939 -43.270000 -39.301000 4.849000 1
39940 -44.025000 -39.355000 4.447000 1
39952 -44.517000 -39.242000 3.802000 1
39953 -45.249000 -39.383000 3.162000 1
39954 -46.910000 -39.481000 3.300000 1
39964 -45.948000 -39.300000 2.327000 1
40793 -40.026000 -38.172000 8.208000 1
40794 -40.805000 -38.159000 8.439000 1
40805 -40.038000 -38.212000 7.679000 1
40806 -40.572000 -38.450000 7.729000 1
40807 -41.450000 -38.424000 7.945000 1
40818 -41.373000 -38.838000 7.016000 1
40819 -42.572000 -38.809000 6.983000 1
40828 -41.010000 -38.575000 6.775000 1
40829 -41.670000 -38.964000 6.282000 1
40845 -42.589000 -39.093000 5.246000 1
40858 -43.830000 -38.985000 4.312000 1
40859 -44.553000 -38.267000 3.841000 1
40871 -45.059000 -38.613000 3.201000 1
40882 -45.490000 -38.822000 2.623000 1
41737 -39.602000 -37.487000 9.148000 1
41738 -40.245000 -37.752000 8.973000 1
41739 -41.843000 -37.759000 8.653000 1
41826 -45.313000 -37.417000 3.442000 1
41834 -45.625000 -37.810000 2.649000 1
42773 -45.679000 -36.282000 3.873000 1
42774 -46.218000 -35.403000 3.476000 1
43714 -46.473000 -34.485000 3.156000 1
44645 -46.518000 -33.626000 2.878000 1
115140 -46.480000 -32.813000 2.551000 1
121859 -41.479000 -37.417000 9.218000 1
123882 -42.230000 -38.481000 7.626000 1
127052 -40.023000 -37.305000 9.705000 1
130571 -39.770000 -37.791000 8.531000 1
