# sub-11 hemi-R RWvsSC_scaled Cluster_12
41
7142 31.857000 -75.560000 4.987000 1
7158 32.890000 -75.736000 4.028000 1
7159 32.444000 -76.025000 4.434000 1
7924 31.587000 -74.427000 5.095000 1
7941 32.733000 -74.851000 4.051000 1
7942 32.270000 -75.120000 4.477000 1
8606 31.214000 -73.334000 5.120000 1
9287 30.679000 -72.537000 5.004000 1
9295 32.448000 -72.910000 4.123000 1
9296 31.532000 -72.682000 4.627000 1
9297 30.144000 -72.103000 4.684000 1
9298 29.736000 -71.930000 4.149000 1
9313 33.762000 -72.341000 3.238000 1
9314 32.859000 -72.141000 3.692000 1
9341 31.144000 -72.036000 1.043000 1
9354 31.686000 -72.738000 0.229000 1
10045 31.860000 -71.883000 4.082000 1
10046 30.937000 -71.954000 4.481000 1
10047 30.473000 -71.710000 4.078000 1
10054 33.208000 -71.573000 3.251000 1
10055 32.460000 -71.388000 3.452000 1
10056 31.647000 -71.292000 3.504000 1
10057 30.883000 -71.408000 3.492000 1
10058 30.169000 -71.677000 3.530000 1
10071 33.969000 -71.437000 2.701000 1
10072 33.016000 -70.987000 2.919000 1
10073 31.418000 -71.046000 2.783000 1
10074 30.542000 -71.489000 2.848000 1
10091 32.190000 -70.923000 1.175000 1
10092 31.537000 -71.358000 1.346000 1
10093 30.936000 -71.488000 1.955000 1
10107 31.820000 -71.665000 0.595000 1
10854 32.227000 -70.888000 3.010000 1
10861 33.522000 -70.715000 2.169000 1
10862 32.720000 -70.752000 2.522000 1
10863 32.164000 -70.769000 2.465000 1
10874 33.472000 -70.576000 1.458000 1
10875 32.694000 -70.598000 1.863000 1
10876 31.774000 -70.874000 1.954000 1
127118 33.388000 -73.187000 3.573000 1
137013 31.135000 -71.579000 3.969000 1
