#!ascii label  , from subject sub-11 vox2ras=TkReg
444
25197  -27.616  -55.208  6.338 0.6999999881
117917  -28.275  -54.742  6.296 0.6000000238
26026  -29.333  -54.561  6.362 0.6000000238
26027  -31.173  -54.850  7.140 0.4000000060
118131  -30.530  -54.371  11.909 0.6999999881
27484  -30.699  -52.628  11.722 0.6999999881
26753  -30.448  -54.069  11.155 0.6999999881
27492  -30.371  -53.141  10.814 0.6000000238
25974  -30.219  -54.602  10.503 0.6999999881
26752  -29.922  -53.818  10.222 0.6000000238
25141  -29.953  -55.074  10.005 0.6000000238
120165  -29.605  -53.127  9.867 0.6000000238
25151  -28.437  -54.891  8.538 0.6000000238
26764  -29.161  -53.631  9.368 0.6000000238
27502  -28.975  -52.764  9.135 0.5000000000
25993  -27.913  -54.285  8.074 0.5000000000
27501  -28.340  -52.819  8.246 0.5000000000
118873  -28.179  -52.889  7.471 0.6000000238
26008  -27.521  -54.855  6.921 0.6000000238
114600  -27.995  -53.564  7.102 0.6000000238
116185  -28.572  -53.225  6.516 0.6000000238
26794  -28.446  -53.958  6.535 0.6000000238
28294  -30.889  -51.460  10.964 0.6000000238
28283  -30.523  -52.226  10.856 0.6000000238
28293  -30.194  -51.657  10.067 0.6000000238
28301  -29.905  -51.162  9.359 0.6000000238
27491  -29.812  -52.454  9.972 0.6000000238
28300  -29.272  -51.424  8.695 0.6000000238
28311  -28.774  -51.603  8.116 0.6000000238
26771  -27.980  -53.556  7.785 0.6000000238
28310  -28.402  -52.182  7.807 0.6999999881
27522  -28.329  -52.270  6.987 0.6000000238
136162  -28.326  -52.873  6.890 0.6000000238
26795  -29.484  -53.635  6.412 0.5000000000
26784  -30.641  -53.452  6.772 0.5000000000
126881  -30.787  -52.026  12.395 0.6000000238
28284  -31.208  -51.315  11.938 0.6000000238
29172  -31.361  -50.709  11.219 0.6000000238
29171  -30.745  -50.812  10.142 0.6000000238
29181  -31.071  -50.186  9.790 0.6000000238
29180  -30.419  -50.428  9.204 0.6000000238
29179  -29.718  -50.836  8.753 0.6000000238
28292  -29.413  -51.909  9.306 0.6000000238
29191  -29.235  -50.908  8.023 0.6999999881
27532  -28.653  -52.463  6.249 0.6000000238
27533  -29.179  -52.897  6.189 0.6000000238
26010  -30.411  -54.321  6.752 0.4000000060
29154  -31.218  -50.790  12.667 0.6000000238
29165  -31.506  -50.577  12.028 0.6000000238
30077  -31.822  -49.909  11.665 0.6000000238
30088  -31.542  -49.563  9.935 0.6000000238
30100  -31.401  -49.143  9.153 0.5000000000
128804  -31.033  -49.847  9.333 0.6000000238
30113  -30.352  -49.630  8.038 0.6999999881
29203  -28.985  -50.699  7.052 0.6000000238
28323  -28.577  -51.484  7.295 0.6000000238
28332  -28.504  -51.752  6.366 0.6000000238
27544  -28.785  -51.765  5.584 0.6000000238
27545  -29.361  -52.225  5.658 0.6000000238
27534  -29.983  -52.857  6.205 0.6000000238
27535  -30.980  -52.632  6.615 0.4000000060
132203  -31.056  -50.289  13.264 0.5000000000
30060  -31.933  -49.356  12.543 0.6000000238
30089  -32.037  -49.319  10.814 0.5000000000
31068  -32.036  -48.777  10.001 0.5000000000
31092  -31.386  -48.521  8.460 0.6000000238
128346  -30.947  -49.220  8.416 0.6999999881
130444  -30.107  -49.390  7.229 0.6999999881
30112  -29.656  -50.143  7.608 0.6999999881
30120  -29.759  -49.189  6.322 0.6000000238
30119  -29.405  -49.948  6.729 0.6000000238
29215  -28.754  -50.508  6.045 0.6000000238
29214  -28.569  -51.148  6.492 0.6000000238
122013  -28.560  -51.210  5.720 0.6000000238
28333  -30.416  -52.142  5.855 0.5000000000
30047  -31.399  -49.534  13.222 0.6000000238
30061  -32.239  -48.703  12.465 0.6000000238
30078  -32.274  -49.027  11.753 0.5000000000
31069  -32.428  -48.387  10.961 0.6000000238
129826  -32.548  -47.548  10.682 0.5000000000
31078  -32.344  -47.923  10.009 0.6000000238
32869  -32.360  -46.347  9.450 0.5000000000
31077  -31.894  -48.233  9.246 0.6000000238
32044  -32.200  -46.873  9.037 0.5000000000
117126  -31.779  -47.558  8.532 0.5000000000
32053  -31.456  -47.151  7.596 0.5000000000
31101  -31.261  -48.040  7.678 0.6000000238
32064  -30.957  -46.864  6.597 0.5000000000
134990  -31.019  -47.631  6.949 0.5000000000
31100  -30.541  -48.467  6.822 0.6000000238
32901  -30.371  -46.303  5.896 0.4000000060
118086  -30.309  -47.018  5.715 0.4000000060
135226  -29.423  -48.427  4.938 0.5000000000
30128  -29.305  -49.185  5.299 0.6000000238
119671  -29.231  -48.868  4.389 0.5000000000
29225  -28.851  -50.033  5.227 0.6000000238
30150  -29.135  -49.332  3.979 0.5000000000
29237  -28.812  -50.662  4.446 0.6000000238
28346  -30.944  -51.457  5.434 0.5000000000
30136  -28.780  -50.253  4.597 0.6000000238
28352  -29.011  -51.011  4.356 0.6000000238
28345  -29.952  -51.659  5.070 0.6000000238
31043  -31.841  -48.657  13.155 0.5000000000
31057  -32.497  -48.280  11.970 0.5000000000
32017  -32.692  -46.774  11.020 0.5000000000
32856  -32.565  -46.023  10.197 0.4000000060
32880  -32.138  -46.150  8.819 0.4000000060
121037  -31.833  -46.640  8.303 0.5000000000
33731  -31.565  -45.354  7.955 0.5000000000
34706  -29.617  -45.103  5.402 0.4000000060
33754  -30.346  -45.386  6.147 0.4000000060
32910  -29.681  -46.605  5.076 0.5000000000
32073  -29.625  -47.560  5.018 0.5000000000
136287  -29.403  -46.834  4.373 0.5000000000
131103  -29.365  -48.125  4.376 0.5000000000
31124  -29.332  -48.393  3.984 0.5000000000
29254  -30.484  -50.157  3.568 0.5000000000
28354  -30.493  -51.084  4.594 0.5000000000
29252  -29.131  -50.241  3.820 0.6000000238
28353  -29.587  -51.139  4.408 0.5000000000
32879  -31.821  -45.950  8.256 0.4000000060
34686  -31.218  -44.638  7.624 0.5000000000
33744  -31.087  -45.347  7.117 0.5000000000
34685  -30.629  -44.595  6.818 0.5000000000
33764  -29.677  -45.804  5.260 0.4000000060
32072  -29.353  -47.455  4.130 0.5000000000
135181  -29.970  -49.790  3.409 0.5000000000
29240  -30.964  -50.523  4.105 0.3000000119
33770  -29.253  -45.511  4.055 0.5000000000
30161  -29.845  -49.216  3.455 0.5000000000
135788  -30.827  -44.060  7.363 0.4000000060
35603  -30.194  -43.713  6.664 0.4000000060
34705  -29.241  -44.490  5.057 0.4000000060
34700  -29.846  -44.509  5.939 0.4000000060
33763  -29.359  -45.249  4.659 0.4000000060
35610  -28.948  -43.715  4.783 0.4000000060
30162  -30.766  -49.436  3.412 0.4000000060
30151  -31.387  -49.927  3.748 0.4000000060
32083  -29.426  -47.525  3.951 0.5000000000
31130  -30.388  -48.559  3.398 0.5000000000
129772  -29.353  -46.090  3.905 0.5000000000
32084  -29.916  -47.664  3.585 0.5000000000
31129  -29.635  -48.430  3.698 0.5000000000
36414  -28.733  -42.808  4.805 0.4000000060
121897  -29.101  -44.003  4.296 0.4000000060
32085  -31.024  -47.680  3.402 0.4000000060
34716  -29.296  -44.634  4.052 0.5000000000
32919  -29.555  -46.817  3.802 0.5000000000
35613  -29.016  -43.327  4.401 0.4000000060
32921  -31.010  -46.642  3.477 0.4000000060
114251  -32.033  -47.059  3.489 0.3000000119
33772  -29.497  -45.393  3.836 0.5000000000
135679  -30.223  -46.990  3.539 0.5000000000
36419  -28.955  -42.571  4.505 0.4000000060
114883  -30.958  -45.885  3.534 0.3000000119
114145  -31.855  -46.115  3.564 0.3000000119
36425  -29.314  -43.005  4.214 0.4000000060
33773  -30.385  -45.297  3.605 0.5000000000
35621  -29.433  -43.765  3.976 0.4000000060
34717  -29.833  -44.576  3.729 0.5000000000
37312  -28.928  -41.823  4.597 0.4000000060
33774  -31.555  -45.255  3.693 0.3000000119
34719  -32.320  -44.794  3.981 0.3000000119
118754  -29.459  -42.327  4.347 0.4000000060
134773  -31.163  -43.976  3.966 0.4000000060
35622  -30.430  -43.849  3.829 0.4000000060
38169  -28.960  -41.090  4.759 0.5000000000
34710  -31.869  -44.149  4.107 0.3000000119
35615  -32.525  -43.466  4.526 0.4000000060
34711  -32.884  -44.205  4.263 0.4000000060
37313  -29.600  -41.534  4.538 0.4000000060
129860  -31.271  -42.412  4.486 0.5000000000
35614  -31.404  -43.340  4.210 0.4000000060
113916  -30.393  -41.990  4.425 0.5000000000
36420  -30.193  -42.939  4.097 0.5000000000
136016  -31.237  -41.739  4.828 0.5000000000
124747  -32.215  -42.696  4.776 0.4000000060
36421  -32.747  -42.192  5.251 0.4000000060
35616  -33.457  -43.597  4.604 0.3000000119
38170  -29.672  -40.868  4.807 0.5000000000
37314  -30.643  -41.150  4.942 0.5000000000
38164  -32.417  -40.550  5.533 0.4000000060
38165  -33.263  -40.604  5.303 0.3000000119
39919  -29.279  -38.707  5.472 0.5000000000
37308  -31.763  -41.237  5.359 0.4000000060
37315  -32.031  -41.957  5.110 0.4000000060
36416  -33.414  -41.961  5.264 0.4000000060
37316  -34.053  -42.393  4.907 0.3000000119
38161  -29.298  -40.312  5.109 0.5000000000
38162  -30.379  -40.288  5.281 0.5000000000
39041  -33.051  -39.794  5.251 0.4000000060
113608  -29.475  -37.812  5.488 0.5000000000
130955  -33.529  -41.230  5.218 0.3000000119
39038  -30.024  -39.364  5.452 0.5000000000
39921  -30.963  -38.682  5.588 0.5000000000
39039  -31.148  -39.557  5.569 0.5000000000
38163  -31.421  -40.435  5.479 0.5000000000
39046  -32.806  -38.896  5.081 0.4000000060
113208  -28.638  -37.461  5.454 0.5000000000
128170  -30.880  -37.941  5.526 0.5000000000
39047  -33.673  -39.119  4.338 0.3000000119
113827  -33.640  -39.986  4.747 0.3000000119
41791  -29.562  -36.794  5.441 0.5000000000
40840  -30.337  -37.439  5.495 0.5000000000
39920  -30.180  -38.325  5.529 0.5000000000
26025  -27.773  -54.394  6.822 0.6000000238
25984  -28.715  -54.294  8.914 0.6000000238
30099  -30.678  -49.778  8.749 0.6999999881
31091  -30.790  -48.889  7.775 0.6999999881
28344  -29.151  -51.501  4.959 0.6000000238
31109  -29.921  -48.431  5.734 0.5000000000
29224  -28.650  -50.675  5.126 0.6000000238
32890  -31.441  -46.183  7.501 0.5000000000
33755  -30.921  -46.016  6.631 0.5000000000
32052  -30.480  -47.658  6.114 0.4000000060
127104  -29.402  -49.061  3.769 0.5000000000
29253  -29.688  -50.247  3.606 0.5000000000
32909  -29.369  -46.088  4.404 0.5000000000
34718  -30.963  -44.537  3.755 0.4000000060
36422  -33.212  -42.814  5.022 0.3000000119
20166  -31.790  -61.525  6.759 0.5000000000
20182  -32.131  -61.083  6.046 0.5000000000
21829  -31.149  -58.784  3.210 0.5000000000
21824  -31.856  -59.525  3.911 0.5000000000
21036  -31.819  -59.888  4.864 0.4000000060
20165  -31.007  -61.244  7.298 0.5000000000
21814  -31.020  -59.627  5.256 0.6000000238
21022  -30.729  -60.127  6.040 0.6000000238
21823  -31.183  -59.146  4.343 0.5000000000
22639  -30.792  -57.309  1.115 0.4000000060
20143  -30.163  -60.872  9.151 0.6999999881
20983  -30.244  -60.837  8.319 0.6999999881
21004  -29.736  -60.049  7.075 0.6999999881
21813  -30.012  -59.578  5.518 0.5000000000
21803  -29.810  -59.867  6.289 0.6999999881
22632  -30.035  -58.032  2.105 0.5000000000
22623  -30.232  -58.626  3.556 0.5000000000
21822  -30.211  -59.115  4.668 0.5000000000
24370  -29.818  -56.510  1.197 0.5000000000
22636  -30.408  -57.631  1.291 0.5000000000
20961  -29.772  -60.890  11.045 0.5000000000
20978  -30.084  -60.961  10.150 0.6999999881
116009  -30.161  -60.259  9.726 0.6999999881
119393  -30.011  -60.175  8.968 0.6999999881
20989  -30.302  -60.663  7.593 0.6000000238
21812  -29.021  -59.391  5.621 0.6999999881
21802  -29.067  -59.526  6.455 0.6000000238
22631  -28.909  -57.230  1.646 0.5000000000
116270  -28.875  -58.031  2.695 0.6000000238
22622  -29.047  -58.653  3.983 0.6000000238
23516  -29.195  -56.639  1.146 0.5000000000
132404  -31.228  -56.286  2.080 0.5000000000
128277  -29.765  -60.090  11.455 0.5000000000
21754  -30.106  -60.219  10.602 0.6999999881
21777  -29.657  -59.676  8.227 0.6999999881
22579  -29.504  -58.815  8.431 0.6999999881
21770  -30.001  -59.487  9.260 0.6999999881
21787  -28.550  -59.026  6.628 0.6999999881
22617  -28.134  -58.757  4.709 0.6000000238
22616  -27.539  -58.540  5.204 0.6999999881
22630  -28.153  -57.297  2.235 0.6999999881
22621  -27.736  -57.853  3.294 0.6000000238
24364  -30.014  -56.264  1.699 0.6000000238
24369  -28.992  -56.356  1.505 0.6000000238
118621  -30.720  -56.329  2.998 0.6000000238
20938  -29.190  -59.959  12.116 0.5000000000
22536  -29.589  -58.523  12.207 0.6000000238
21742  -30.007  -58.682  11.573 0.6000000238
21755  -30.208  -59.319  10.985 0.6000000238
22573  -30.242  -58.880  10.137 0.6999999881
124680  -29.512  -58.043  8.691 0.6999999881
22572  -29.954  -58.503  9.326 0.6000000238
22592  -29.002  -58.942  7.489 0.6999999881
23461  -28.829  -57.998  7.828 0.6999999881
21811  -28.271  -59.034  5.771 0.6999999881
24362  -27.452  -56.567  2.860 0.6999999881
120087  -29.076  -56.172  2.540 0.6999999881
24363  -28.104  -56.369  2.172 0.6999999881
21731  -29.021  -59.077  12.483 0.5000000000
23407  -30.317  -57.345  11.459 0.6000000238
22559  -30.338  -58.240  10.944 0.6000000238
120687  -30.289  -58.001  10.054 0.6000000238
22591  -28.198  -58.350  6.830 0.8000000119
23447  -28.382  -56.997  7.773 0.5000000000
23448  -29.244  -57.209  8.573 0.6000000238
22607  -27.055  -57.951  5.269 0.6999999881
23481  -27.362  -57.795  6.172 0.6999999881
24353  -27.202  -56.562  3.650 0.6999999881
23508  -26.849  -56.737  4.186 0.6999999881
24355  -30.185  -56.459  4.289 0.5000000000
24335  -30.878  -56.519  5.635 0.5000000000
22523  -29.142  -58.132  12.712 0.5000000000
23398  -29.369  -57.247  12.884 0.5000000000
24236  -30.321  -56.553  11.949 0.6000000238
23399  -29.991  -57.263  12.263 0.6000000238
24243  -30.445  -56.617  11.085 0.6000000238
25142  -30.368  -55.357  10.665 0.6000000238
24259  -30.291  -56.616  10.193 0.6000000238
25153  -30.070  -55.804  9.950 0.6000000238
122461  -27.668  -56.680  7.140 0.6000000238
24293  -27.968  -56.044  7.650 0.5000000000
136330  -29.974  -56.326  9.696 0.5000000000
24308  -27.096  -56.325  5.900 0.6000000238
23459  -27.270  -56.876  6.387 0.6000000238
25212  -27.787  -55.787  5.545 0.6000000238
24331  -26.928  -56.628  5.008 0.6000000238
126014  -30.371  -55.258  6.576 0.5000000000
24235  -29.840  -56.491  12.656 0.6000000238
25125  -30.459  -55.759  11.527 0.6000000238
24282  -28.706  -56.508  8.300 0.5000000000
25152  -29.294  -55.181  9.278 0.5000000000
25177  -27.484  -55.319  7.145 0.4000000060
25161  -27.899  -55.116  7.896 0.5000000000
136230  -28.068  -55.207  5.995 0.6000000238
23384  -28.826  -56.906  13.292 0.5000000000
25112  -29.721  -55.711  13.000 0.6000000238
125192  -30.085  -54.989  12.860 0.6000000238
25961  -30.427  -55.024  12.200 0.6000000238
26009  -27.720  -54.222  7.350 0.5000000000
24222  -28.578  -56.231  13.427 0.5000000000
25102  -29.126  -55.640  13.381 0.5000000000
25946  -29.523  -54.970  13.271 0.6000000238
26745  -30.591  -53.550  12.014 0.6000000238
25100  -27.660  -56.002  13.443 0.5000000000
25101  -28.346  -55.447  13.512 0.5000000000
25932  -29.060  -54.295  13.518 0.6000000238
26727  -30.278  -53.445  12.919 0.6000000238
25929  -26.942  -55.437  13.319 0.5000000000
25931  -28.120  -54.569  13.567 0.5000000000
26707  -29.266  -53.481  13.525 0.5000000000
26708  -29.854  -53.266  13.328 0.6000000238
25930  -27.078  -54.627  13.439 0.5000000000
26706  -28.436  -53.666  13.601 0.5000000000
26704  -26.436  -53.954  13.245 0.5000000000
135520  -30.510  -52.288  12.921 0.5000000000
131640  -27.982  -53.107  13.632 0.5000000000
27461  -29.461  -52.685  13.562 0.5000000000
26726  -25.929  -53.251  13.013 0.5000000000
27458  -27.299  -52.842  13.528 0.5000000000
28261  -28.850  -52.029  13.755 0.5000000000
28263  -30.450  -51.760  13.189 0.4000000060
27473  -26.423  -52.493  13.241 0.5000000000
28260  -28.016  -51.790  13.677 0.5000000000
123310  -29.308  -51.234  13.742 0.4000000060
29143  -30.089  -51.152  13.620 0.4000000060
29140  -27.391  -51.168  13.517 0.4000000060
29142  -28.849  -50.533  13.774 0.4000000060
30045  -29.934  -49.831  13.830 0.4000000060
25176  -27.418  -55.584  6.458 0.6000000238
25198  -29.140  -55.504  5.916 0.5000000000
132150  -30.592  -56.043  6.288 0.4000000060
120320  -29.547  -56.056  9.277 0.6000000238
29144  -30.371  -50.428  13.599 0.4000000060
120534  -31.087  -48.911  13.643 0.4000000060
20988  -29.833  -60.169  7.849 0.6999999881
23509  -26.937  -57.060  3.470 0.6999999881
120206  -27.101  -57.982  4.330 0.6999999881
24271  -29.812  -56.807  9.396 0.6000000238
119869  -28.905  -56.264  4.148 0.6999999881
23460  -27.910  -57.476  7.039 0.6999999881
24309  -28.862  -56.148  5.249 0.6000000238
24310  -29.934  -56.232  5.747 0.6000000238
20092  -29.224  -61.458  11.407 0.5000000000
20102  -29.678  -61.745  10.574 0.6999999881
20153  -31.527  -61.942  7.346 0.5000000000
21005  -30.498  -60.454  6.819 0.5000000000
21006  -31.347  -60.777  6.478 0.6000000238
21023  -31.617  -60.357  5.691 0.6000000238
21024  -32.333  -60.707  5.219 0.4000000060
21037  -32.376  -60.378  4.280 0.5000000000
21771  -30.214  -59.651  10.153 0.6999999881
21788  -29.304  -59.542  7.275 0.6999999881
21821  -29.241  -59.166  4.938 0.6000000238
22522  -28.448  -58.436  12.857 0.5000000000
22524  -29.624  -57.839  12.411 0.6000000238
22537  -30.042  -57.999  11.838 0.6000000238
22608  -27.725  -58.525  5.982 0.6999999881
22635  -29.589  -57.207  1.163 0.5000000000
23424  -30.372  -57.359  10.608 0.6000000238
23436  -29.889  -57.654  9.334 0.6000000238
23437  -30.236  -57.300  9.919 0.6000000238
23480  -26.906  -57.123  5.502 0.6999999881
23500  -26.755  -57.241  4.546 0.6999999881
23513  -27.657  -56.831  2.519 0.6999999881
23514  -28.419  -56.618  1.725 0.6000000238
23517  -29.958  -56.866  0.973 0.5000000000
24223  -29.300  -56.387  13.182 0.6000000238
24283  -29.258  -56.465  8.800 0.6000000238
24292  -27.339  -56.053  6.731 0.6000000238
24332  -27.174  -56.377  4.690 0.6999999881
24333  -27.807  -56.210  4.353 0.6999999881
24334  -29.813  -56.445  5.179 0.6000000238
24354  -27.914  -56.284  3.085 0.6999999881
24356  -31.577  -56.538  4.454 0.6000000238
24375  -30.674  -56.729  1.147 0.4000000060
25113  -30.199  -55.766  12.436 0.6000000238
25162  -28.720  -55.752  8.551 0.6000000238
25196  -27.285  -56.023  5.677 0.6000000238
25933  -29.848  -54.115  13.205 0.6000000238
25975  -30.481  -54.873  11.352 0.6999999881
25985  -29.563  -54.429  9.705 0.6000000238
26705  -27.408  -53.718  13.528 0.5000000000
26763  -28.398  -53.529  8.577 0.5000000000
27459  -28.040  -52.451  13.659 0.5000000000
27460  -28.689  -52.894  13.664 0.5000000000
27462  -30.163  -52.587  13.244 0.5000000000
27474  -30.531  -52.762  12.590 0.6000000238
27508  -28.765  -52.098  8.586 0.6000000238
28259  -27.282  -52.063  13.512 0.5000000000
28262  -29.760  -51.904  13.588 0.4000000060
28270  -26.530  -51.624  13.227 0.5000000000
28271  -30.925  -51.387  12.712 0.6000000238
28343  -28.739  -51.210  4.928 0.6000000238
29153  -30.698  -50.969  13.233 0.5000000000
29192  -29.984  -50.293  8.407 0.6999999881
29238  -28.975  -50.541  4.062 0.6000000238
29239  -29.339  -50.658  3.978 0.5000000000
29251  -28.884  -50.083  4.032 0.6000000238
30046  -30.701  -49.705  13.620 0.4000000060
30137  -28.940  -49.650  4.486 0.6000000238
30160  -29.331  -49.731  3.652 0.5000000000
32029  -32.482  -47.011  9.939 0.5000000000
32043  -32.191  -47.517  9.340 0.5000000000
32915  -29.287  -46.584  4.012 0.5000000000
32920  -30.001  -46.157  3.581 0.5000000000
34709  -29.209  -44.573  4.413 0.4000000060
37309  -32.741  -41.428  5.431 0.4000000060
117149  -30.089  -50.700  3.935 0.5000000000
117166  -26.663  -53.251  13.353 0.5000000000
117378  -27.641  -54.718  7.434 0.5000000000
117440  -29.671  -59.296  11.867 0.6000000238
118708  -31.492  -50.108  10.568 0.6000000238
120167  -28.423  -51.208  13.721 0.4000000060
120344  -28.879  -54.995  13.495 0.5000000000
120991  -31.546  -50.093  12.626 0.6000000238
122017  -30.323  -54.266  12.583 0.6000000238
124979  -30.420  -56.035  10.689 0.6000000238
125097  -30.017  -60.343  8.512 0.6999999881
125488  -32.615  -47.622  11.489 0.5000000000
125584  -27.612  -55.215  13.486 0.5000000000
127604  -29.201  -49.775  5.944 0.6000000238
128133  -29.654  -50.536  13.761 0.4000000060
129961  -30.857  -51.942  11.573 0.6000000238
134960  -31.703  -44.682  3.883 0.3000000119
