#!ascii label  , from subject sub-01 vox2ras=TkReg
1096
21867  -35.078  -50.693  -1.950 0.0000000000
21939  -41.226  -50.894  -9.149 0.0000000000
22802  -34.962  -50.034  0.199 0.0000000000
22819  -34.801  -50.488  -0.562 0.0000000000
22820  -35.147  -50.128  -1.394 0.0000000000
22834  -35.438  -50.148  -2.272 0.0000000000
22848  -35.737  -50.276  -3.016 0.0000000000
22893  -40.293  -50.341  -8.380 0.0000000000
22894  -40.996  -50.188  -8.812 0.0000000000
22895  -41.837  -50.174  -9.245 0.0000000000
22896  -42.764  -49.920  -9.403 0.0000000000
22903  -41.844  -51.012  -9.515 0.0000000000
22904  -42.523  -50.765  -9.686 0.0000000000
22905  -43.369  -50.538  -9.779 0.0000000000
23744  -35.382  -49.354  0.700 0.0000000000
23779  -35.581  -49.462  -1.899 0.0000000000
23784  -35.836  -49.561  -2.698 0.0000000000
23785  -36.329  -48.987  -3.062 0.0000000000
23792  -36.212  -49.719  -3.433 0.0000000000
23793  -36.724  -49.139  -3.837 0.0000000000
23816  -39.054  -49.292  -6.910 0.0000000000
23822  -39.364  -49.818  -7.449 0.0000000000
23823  -41.058  -48.899  -8.212 0.0000000000
23832  -39.984  -49.702  -7.965 0.0000000000
23833  -40.671  -49.604  -8.366 0.0000000000
23834  -41.445  -49.475  -8.682 0.0000000000
23835  -42.287  -49.334  -8.908 0.0000000000
23836  -43.140  -49.177  -9.054 0.0000000000
23837  -43.981  -49.089  -9.152 0.0000000000
23845  -43.603  -49.780  -9.446 0.0000000000
24671  -35.800  -48.678  1.129 0.0000000000
24689  -35.732  -48.693  0.212 0.0000000000
24705  -35.760  -48.742  -0.674 0.0000000000
24706  -36.104  -48.241  -0.279 0.0000000000
24714  -35.841  -48.819  -1.515 0.0000000000
24715  -36.291  -48.183  -1.120 0.0000000000
24721  -36.003  -48.915  -2.302 0.0000000000
24722  -36.527  -48.415  -2.538 0.0000000000
24723  -36.993  -47.896  -2.605 0.0000000000
24731  -36.968  -48.330  -3.353 0.0000000000
24739  -37.333  -48.622  -4.252 0.0000000000
24740  -37.993  -48.164  -4.708 0.0000000000
24744  -37.648  -48.920  -5.033 0.0000000000
24745  -38.314  -48.521  -5.499 0.0000000000
24746  -39.033  -48.132  -5.935 0.0000000000
24750  -38.658  -48.899  -6.256 0.0000000000
24751  -39.392  -48.531  -6.652 0.0000000000
24752  -40.195  -48.121  -6.970 0.0000000000
24757  -39.806  -48.976  -7.425 0.0000000000
24758  -40.654  -48.504  -7.624 0.0000000000
24759  -41.478  -48.234  -7.809 0.0000000000
24760  -42.334  -48.011  -7.981 0.0000000000
24761  -43.241  -47.876  -8.089 0.0000000000
24762  -44.163  -47.834  -8.171 0.0000000000
24775  -41.871  -48.736  -8.397 0.0000000000
24776  -42.733  -48.597  -8.537 0.0000000000
24777  -43.604  -48.500  -8.640 0.0000000000
25631  -36.558  -47.662  -0.347 0.0000000000
25632  -37.061  -47.130  -0.486 0.0000000000
25641  -36.914  -47.489  -1.180 0.0000000000
25646  -36.702  -47.935  -1.916 0.0000000000
25647  -37.443  -47.338  -2.063 0.0000000000
25648  -38.169  -46.995  -2.658 0.0000000000
25655  -37.557  -47.602  -3.022 0.0000000000
25656  -38.285  -47.254  -3.441 0.0000000000
25657  -39.019  -46.929  -3.758 0.0000000000
25665  -37.694  -47.862  -3.887 0.0000000000
25666  -38.465  -47.495  -4.246 0.0000000000
25667  -39.148  -47.179  -4.435 0.0000000000
25668  -39.639  -47.153  -4.926 0.0000000000
25671  -38.802  -47.694  -5.104 0.0000000000
25672  -39.497  -47.566  -5.570 0.0000000000
25673  -40.313  -47.150  -5.515 0.0000000000
25674  -41.282  -46.920  -5.714 0.0000000000
25675  -42.195  -46.784  -5.814 0.0000000000
25678  -39.814  -47.782  -6.221 0.0000000000
25679  -40.710  -47.480  -6.360 0.0000000000
25680  -41.629  -47.270  -6.477 0.0000000000
25681  -42.541  -47.118  -6.560 0.0000000000
25682  -43.456  -47.032  -6.612 0.0000000000
25683  -44.370  -47.008  -6.644 0.0000000000
25684  -45.291  -47.035  -6.719 0.0000000000
25693  -41.082  -47.820  -7.131 0.0000000000
25694  -41.974  -47.613  -7.246 0.0000000000
25695  -42.890  -47.495  -7.307 0.0000000000
25696  -43.813  -47.436  -7.352 0.0000000000
25697  -44.755  -47.443  -7.397 0.0000000000
26586  -38.081  -46.220  -0.493 0.0000000000
26596  -37.637  -46.799  -1.104 0.0000000000
26597  -38.527  -46.232  -1.277 0.0000000000
26598  -38.957  -46.250  -1.924 0.0000000000
26607  -38.231  -46.664  -1.920 0.0000000000
26608  -38.708  -46.570  -2.411 0.0000000000
26609  -39.320  -46.323  -2.520 0.0000000000
26610  -40.065  -46.049  -2.616 0.0000000000
26611  -40.872  -45.783  -2.686 0.0000000000
26620  -38.840  -46.715  -3.016 0.0000000000
26621  -39.594  -46.483  -3.224 0.0000000000
26622  -40.426  -46.235  -3.360 0.0000000000
26623  -41.359  -45.966  -3.454 0.0000000000
26624  -42.138  -45.915  -3.811 0.0000000000
26632  -39.843  -46.713  -4.088 0.0000000000
26633  -40.765  -46.426  -4.138 0.0000000000
26634  -41.594  -46.275  -4.306 0.0000000000
26635  -42.365  -46.191  -4.482 0.0000000000
26636  -43.094  -46.089  -4.538 0.0000000000
26637  -43.810  -45.863  -4.454 0.0000000000
26641  -41.020  -46.643  -4.922 0.0000000000
26642  -41.877  -46.545  -5.052 0.0000000000
26643  -42.731  -46.441  -5.140 0.0000000000
26644  -43.668  -46.361  -5.136 0.0000000000
26645  -44.857  -46.165  -5.313 0.0000000000
26646  -45.537  -46.000  -5.594 0.0000000000
26647  -46.289  -46.132  -6.201 0.0000000000
26650  -43.101  -46.677  -5.881 0.0000000000
26651  -43.992  -46.659  -5.924 0.0000000000
26652  -44.914  -46.574  -5.928 0.0000000000
26653  -45.803  -46.579  -6.297 0.0000000000
27604  -39.113  -45.180  -0.012 0.0000000000
27609  -38.988  -45.661  -0.717 0.0000000000
27610  -39.659  -45.163  -0.522 0.0000000000
27617  -39.662  -45.904  -1.954 0.0000000000
27618  -40.810  -45.080  -1.379 0.0000000000
27619  -41.980  -45.131  -2.129 0.0000000000
27620  -42.546  -44.951  -2.280 0.0000000000
27628  -40.444  -45.601  -1.977 0.0000000000
27629  -41.648  -45.551  -2.692 0.0000000000
27630  -42.326  -45.337  -2.724 0.0000000000
27631  -42.910  -45.083  -2.752 0.0000000000
27640  -42.048  -45.674  -3.200 0.0000000000
27641  -43.354  -45.182  -3.340 0.0000000000
27642  -43.891  -45.250  -3.920 0.0000000000
27649  -42.721  -45.885  -4.036 0.0000000000
27650  -43.268  -45.670  -3.946 0.0000000000
27651  -44.423  -45.359  -4.507 0.0000000000
27652  -44.839  -44.799  -4.882 0.0000000000
27654  -44.942  -45.611  -5.051 0.0000000000
27655  -45.417  -45.110  -5.421 0.0000000000
27656  -46.002  -45.375  -6.011 0.0000000000
27658  -46.774  -45.585  -6.527 0.0000000000
28612  -39.092  -44.194  1.473 0.0000000000
28618  -39.994  -44.429  0.208 0.0000000000
28631  -39.718  -44.812  -0.081 0.0000000000
28632  -40.408  -44.701  -0.524 0.0000000000
28633  -41.880  -44.185  -0.942 0.0000000000
28644  -41.187  -44.577  -0.964 0.0000000000
28645  -42.383  -44.540  -1.677 0.0000000000
28657  -42.955  -44.557  -2.206 0.0000000000
28671  -43.349  -44.570  -2.812 0.0000000000
28672  -43.804  -44.530  -3.465 0.0000000000
28686  -44.310  -44.447  -4.222 0.0000000000
28695  -44.614  -43.997  -4.896 0.0000000000
28696  -45.135  -44.117  -5.554 0.0000000000
28697  -45.717  -44.632  -5.957 0.0000000000
28706  -45.694  -43.901  -6.320 0.0000000000
28707  -47.369  -45.023  -7.047 0.0000000000
28708  -48.187  -44.556  -7.452 0.0000000000
29629  -39.558  -43.391  1.835 0.0000000000
29630  -40.357  -43.339  1.039 0.0000000000
29631  -40.947  -43.350  0.537 0.0000000000
29643  -39.799  -43.966  0.872 0.0000000000
29644  -40.581  -43.946  0.242 0.0000000000
29645  -41.567  -43.030  0.379 0.0000000000
29646  -42.140  -43.053  -0.111 0.0000000000
29663  -41.731  -43.594  -0.296 0.0000000000
29664  -42.338  -43.469  -0.663 0.0000000000
29682  -42.514  -43.915  -1.197 0.0000000000
29683  -42.963  -43.935  -1.674 0.0000000000
29695  -43.337  -43.931  -2.300 0.0000000000
29705  -43.681  -43.857  -2.978 0.0000000000
29706  -44.030  -43.662  -3.703 0.0000000000
29713  -44.348  -43.398  -4.491 0.0000000000
29717  -44.675  -43.238  -5.292 0.0000000000
29718  -45.197  -43.066  -6.111 0.0000000000
29721  -45.825  -43.227  -6.670 0.0000000000
29722  -46.435  -43.043  -7.117 0.0000000000
29723  -47.273  -42.847  -7.451 0.0000000000
29724  -48.119  -43.516  -7.624 0.0000000000
30605  -40.483  -42.030  2.456 0.0000000000
30606  -41.018  -42.109  1.715 0.0000000000
30607  -48.094  -42.659  1.822 0.0000000000
30608  -48.746  -42.892  2.023 0.0000000000
30620  -40.333  -42.684  1.776 0.0000000000
30621  -41.631  -42.250  1.060 0.0000000000
30622  -42.290  -41.651  1.049 0.0000000000
30623  -47.971  -42.914  0.835 0.0000000000
30624  -48.584  -43.407  1.125 0.0000000000
30639  -42.216  -42.411  0.396 0.0000000000
30640  -47.977  -42.951  -0.277 0.0000000000
30641  -48.529  -43.665  -0.036 0.0000000000
30642  -50.881  -43.001  -0.546 0.0000000000
30654  -42.733  -42.565  -0.381 0.0000000000
30655  -43.287  -42.331  -1.122 0.0000000000
30656  -48.132  -42.737  -1.178 0.0000000000
30657  -48.672  -43.515  -1.022 0.0000000000
30658  -49.216  -43.713  -1.352 0.0000000000
30673  -42.888  -43.257  -1.124 0.0000000000
30674  -43.371  -43.050  -1.853 0.0000000000
30675  -48.782  -42.974  -1.577 0.0000000000
30676  -49.171  -42.785  -1.677 0.0000000000
30686  -43.751  -42.427  -2.590 0.0000000000
30687  -44.062  -42.035  -3.391 0.0000000000
30695  -43.827  -42.988  -3.207 0.0000000000
30696  -44.132  -42.708  -3.964 0.0000000000
30700  -44.477  -42.379  -4.790 0.0000000000
30703  -44.832  -42.494  -5.546 0.0000000000
30704  -45.225  -42.090  -6.003 0.0000000000
30707  -45.840  -42.381  -6.669 0.0000000000
30708  -46.707  -42.129  -7.151 0.0000000000
30709  -47.566  -41.883  -7.390 0.0000000000
30710  -48.541  -41.797  -7.542 0.0000000000
31575  -47.045  -41.480  2.916 0.0000000000
31590  -41.642  -41.076  2.592 0.0000000000
31591  -42.394  -40.758  2.371 0.0000000000
31592  -46.900  -41.716  2.101 0.0000000000
31593  -47.581  -42.018  2.381 0.0000000000
31594  -48.270  -42.171  2.599 0.0000000000
31608  -41.729  -41.524  1.780 0.0000000000
31609  -42.423  -41.055  1.692 0.0000000000
31610  -46.807  -41.694  1.208 0.0000000000
31611  -47.438  -42.258  1.533 0.0000000000
31625  -42.824  -41.689  0.347 0.0000000000
31626  -43.361  -41.050  0.346 0.0000000000
31627  -46.760  -41.559  0.249 0.0000000000
31628  -47.387  -42.267  0.540 0.0000000000
31629  -50.769  -41.718  0.152 0.0000000000
31630  -51.491  -41.898  0.293 0.0000000000
31642  -43.390  -41.489  -0.427 0.0000000000
31643  -46.753  -41.379  -0.785 0.0000000000
31644  -47.462  -42.159  -0.453 0.0000000000
31645  -49.807  -41.940  -1.032 0.0000000000
31646  -50.121  -42.612  -0.785 0.0000000000
31658  -43.686  -41.470  -1.218 0.0000000000
31659  -44.122  -41.072  -1.759 0.0000000000
31660  -47.266  -41.524  -1.669 0.0000000000
31661  -48.208  -42.165  -1.895 0.0000000000
31662  -48.972  -42.133  -1.978 0.0000000000
31663  -49.619  -41.533  -1.696 0.0000000000
31671  -43.693  -41.911  -1.866 0.0000000000
31672  -47.687  -41.485  -2.379 0.0000000000
31673  -48.724  -41.592  -2.517 0.0000000000
31674  -49.724  -41.103  -2.259 0.0000000000
31680  -44.575  -41.102  -3.695 0.0000000000
31681  -45.059  -40.833  -4.297 0.0000000000
31683  -44.710  -41.417  -4.547 0.0000000000
31684  -45.175  -41.024  -4.974 0.0000000000
31686  -44.892  -41.737  -5.298 0.0000000000
31687  -45.421  -41.325  -5.665 0.0000000000
31689  -46.304  -41.493  -6.643 0.0000000000
31690  -47.086  -41.272  -6.950 0.0000000000
31691  -48.015  -40.942  -7.079 0.0000000000
31692  -49.087  -40.900  -7.234 0.0000000000
31693  -50.195  -40.917  -7.277 0.0000000000
32593  -43.802  -40.407  2.484 0.0000000000
32594  -44.759  -40.505  2.211 0.0000000000
32595  -45.663  -40.827  2.342 0.0000000000
32596  -46.381  -41.206  2.615 0.0000000000
32609  -43.161  -40.616  1.829 0.0000000000
32610  -44.054  -40.458  1.632 0.0000000000
32611  -45.356  -40.692  1.477 0.0000000000
32612  -46.219  -41.231  1.783 0.0000000000
32613  -51.003  -40.049  1.168 0.0000000000
32614  -51.784  -40.203  1.225 0.0000000000
32615  -52.646  -40.260  1.175 0.0000000000
32626  -43.738  -40.657  0.847 0.0000000000
32627  -44.443  -40.568  0.246 0.0000000000
32628  -45.247  -40.609  0.550 0.0000000000
32629  -46.091  -41.072  0.887 0.0000000000
32630  -50.214  -40.235  0.353 0.0000000000
32631  -50.679  -40.617  0.565 0.0000000000
32632  -51.282  -40.861  0.706 0.0000000000
32633  -52.075  -40.995  0.759 0.0000000000
32643  -43.880  -40.771  -0.076 0.0000000000
32644  -44.428  -40.620  -0.414 0.0000000000
32645  -45.068  -40.531  -0.259 0.0000000000
32646  -45.947  -40.906  -0.031 0.0000000000
32647  -50.135  -40.702  -0.413 0.0000000000
32648  -50.324  -41.297  -0.147 0.0000000000
32658  -44.574  -40.710  -1.553 0.0000000000
32659  -45.359  -40.593  -1.747 0.0000000000
32660  -46.372  -40.939  -1.562 0.0000000000
32661  -50.266  -40.327  -1.891 0.0000000000
32672  -44.682  -40.705  -2.262 0.0000000000
32673  -47.021  -40.954  -2.761 0.0000000000
32674  -48.141  -41.203  -3.042 0.0000000000
32675  -49.429  -40.957  -2.911 0.0000000000
32676  -50.609  -40.178  -2.636 0.0000000000
32677  -50.928  -39.910  -3.046 0.0000000000
32682  -44.813  -40.711  -3.008 0.0000000000
32683  -45.410  -40.620  -3.662 0.0000000000
32684  -46.229  -40.629  -3.190 0.0000000000
32685  -47.333  -40.752  -3.541 0.0000000000
32686  -48.647  -40.829  -3.576 0.0000000000
32687  -50.040  -40.617  -3.408 0.0000000000
32688  -50.838  -39.743  -3.417 0.0000000000
32690  -45.651  -40.631  -4.555 0.0000000000
32691  -46.463  -40.517  -4.178 0.0000000000
32692  -47.737  -40.579  -4.293 0.0000000000
32693  -49.080  -40.644  -4.230 0.0000000000
32694  -50.367  -40.454  -4.111 0.0000000000
32695  -51.230  -40.047  -4.267 0.0000000000
32697  -45.772  -40.754  -5.307 0.0000000000
32698  -46.438  -40.570  -5.593 0.0000000000
32699  -47.242  -40.420  -5.835 0.0000000000
32700  -49.075  -40.439  -5.792 0.0000000000
32701  -50.490  -40.455  -5.171 0.0000000000
32702  -51.556  -40.172  -5.420 0.0000000000
32703  -51.970  -40.118  -6.009 0.0000000000
32705  -45.972  -40.981  -6.048 0.0000000000
32706  -46.684  -40.799  -6.346 0.0000000000
32707  -48.048  -40.445  -6.223 0.0000000000
32708  -48.755  -40.546  -6.649 0.0000000000
32709  -49.848  -40.530  -6.493 0.0000000000
32710  -51.867  -40.489  -6.568 0.0000000000
33640  -49.944  -39.262  1.250 0.0000000000
33641  -50.653  -39.160  1.481 0.0000000000
33642  -51.486  -39.414  1.500 0.0000000000
33643  -52.289  -39.492  1.495 0.0000000000
33644  -53.171  -39.376  1.417 0.0000000000
33653  -48.212  -39.231  0.191 0.0000000000
33654  -49.069  -39.400  0.498 0.0000000000
33655  -49.737  -39.624  0.772 0.0000000000
33656  -50.338  -39.833  1.012 0.0000000000
33667  -48.315  -39.302  -0.675 0.0000000000
33668  -49.246  -39.628  -0.314 0.0000000000
33669  -49.783  -39.978  0.051 0.0000000000
33679  -48.479  -39.197  -1.587 0.0000000000
33680  -49.550  -39.638  -1.226 0.0000000000
33681  -49.971  -40.207  -0.980 0.0000000000
33692  -48.452  -38.994  -2.270 0.0000000000
33693  -49.770  -39.499  -2.071 0.0000000000
33694  -50.644  -39.980  -2.408 0.0000000000
33699  -50.314  -39.510  -2.779 0.0000000000
33701  -51.106  -39.912  -3.837 0.0000000000
33703  -51.444  -39.966  -4.683 0.0000000000
33704  -51.780  -39.961  -5.485 0.0000000000
34604  -44.964  -37.905  0.843 0.0000000000
34605  -45.722  -38.146  0.889 0.0000000000
34606  -46.628  -38.390  0.921 0.0000000000
34607  -47.541  -38.428  1.176 0.0000000000
34608  -49.210  -38.985  1.198 0.0000000000
34609  -49.906  -38.513  1.573 0.0000000000
34610  -50.725  -38.124  1.805 0.0000000000
34611  -51.619  -38.066  1.862 0.0000000000
34612  -52.419  -38.174  1.771 0.0000000000
34613  -53.133  -38.452  1.600 0.0000000000
34622  -44.663  -37.934  0.293 0.0000000000
34623  -45.251  -38.212  0.288 0.0000000000
34624  -46.007  -38.478  0.275 0.0000000000
34625  -47.427  -38.781  0.588 0.0000000000
34626  -48.285  -38.925  0.893 0.0000000000
34639  -44.758  -38.027  -0.326 0.0000000000
34640  -45.486  -38.358  -0.431 0.0000000000
34641  -46.389  -38.652  -0.545 0.0000000000
34642  -47.342  -38.923  -1.105 0.0000000000
34656  -44.972  -38.029  -1.194 0.0000000000
34657  -45.528  -38.210  -1.698 0.0000000000
34658  -46.357  -38.528  -1.639 0.0000000000
34659  -47.465  -38.767  -2.006 0.0000000000
34673  -45.752  -38.138  -2.366 0.0000000000
34674  -46.638  -38.406  -2.559 0.0000000000
34675  -47.692  -38.616  -2.750 0.0000000000
34676  -48.926  -38.988  -2.805 0.0000000000
34678  -46.025  -37.970  -3.147 0.0000000000
34679  -46.880  -38.276  -3.354 0.0000000000
34680  -47.976  -38.503  -3.480 0.0000000000
34681  -49.297  -38.848  -3.453 0.0000000000
34682  -50.596  -39.465  -3.444 0.0000000000
34684  -48.267  -38.375  -4.228 0.0000000000
34685  -49.477  -38.667  -4.196 0.0000000000
34686  -50.580  -39.201  -4.259 0.0000000000
34687  -51.185  -39.603  -4.506 0.0000000000
34690  -48.530  -38.218  -4.862 0.0000000000
34691  -49.397  -38.321  -5.204 0.0000000000
34692  -50.627  -38.803  -5.120 0.0000000000
34693  -51.421  -39.437  -5.282 0.0000000000
34694  -51.835  -39.563  -5.952 0.0000000000
34697  -50.758  -38.540  -5.930 0.0000000000
34698  -51.411  -38.737  -6.323 0.0000000000
35621  -43.999  -37.244  1.946 0.0000000000
35622  -44.869  -37.298  1.961 0.0000000000
35623  -45.793  -37.261  1.860 0.0000000000
35624  -46.801  -37.239  1.744 0.0000000000
35625  -47.715  -36.841  1.748 0.0000000000
35635  -43.741  -37.325  1.194 0.0000000000
35636  -44.528  -37.549  1.362 0.0000000000
35637  -45.346  -37.694  1.391 0.0000000000
35638  -46.184  -37.844  1.380 0.0000000000
35639  -47.646  -37.719  1.551 0.0000000000
35640  -48.469  -37.312  1.648 0.0000000000
35641  -49.392  -37.768  1.670 0.0000000000
35642  -50.218  -37.304  1.686 0.0000000000
35643  -51.191  -37.380  1.746 0.0000000000
35644  -52.098  -37.437  1.692 0.0000000000
35645  -53.002  -37.653  1.586 0.0000000000
35657  -43.581  -37.292  0.392 0.0000000000
35658  -44.250  -37.659  0.685 0.0000000000
35670  -43.573  -37.178  -0.429 0.0000000000
35671  -44.121  -37.685  -0.045 0.0000000000
35680  -43.689  -36.943  -1.289 0.0000000000
35681  -44.351  -37.386  -1.723 0.0000000000
35695  -44.570  -37.111  -2.582 0.0000000000
35696  -45.032  -37.787  -2.103 0.0000000000
35707  -44.921  -36.819  -3.397 0.0000000000
35708  -45.615  -37.315  -3.788 0.0000000000
35709  -46.321  -37.816  -3.801 0.0000000000
35715  -46.177  -37.367  -4.415 0.0000000000
35716  -47.634  -37.848  -4.980 0.0000000000
35720  -48.237  -37.706  -5.558 0.0000000000
35721  -48.805  -37.611  -6.042 0.0000000000
35722  -49.782  -37.904  -6.228 0.0000000000
35724  -50.623  -37.823  -6.838 0.0000000000
36616  -43.003  -36.080  2.989 0.0000000000
36617  -43.855  -36.351  3.190 0.0000000000
36618  -44.827  -36.344  3.167 0.0000000000
36619  -45.765  -36.179  2.978 0.0000000000
36625  -44.389  -36.818  2.546 0.0000000000
36626  -45.317  -36.763  2.465 0.0000000000
36627  -46.250  -36.638  2.301 0.0000000000
36628  -47.142  -36.388  2.086 0.0000000000
36639  -42.691  -36.192  1.406 0.0000000000
36640  -43.071  -36.833  0.875 0.0000000000
36641  -49.195  -36.731  1.555 0.0000000000
36642  -49.991  -36.377  1.343 0.0000000000
36643  -50.709  -36.083  1.078 0.0000000000
36644  -51.619  -36.618  1.371 0.0000000000
36645  -52.688  -36.853  1.297 0.0000000000
36656  -42.699  -36.174  0.462 0.0000000000
36657  -43.088  -36.725  0.051 0.0000000000
36658  -51.371  -35.768  0.670 0.0000000000
36671  -42.805  -36.095  -0.249 0.0000000000
36672  -43.203  -36.472  -0.745 0.0000000000
36682  -43.408  -36.013  -1.615 0.0000000000
36683  -43.959  -36.627  -2.125 0.0000000000
36692  -43.813  -35.864  -2.351 0.0000000000
36693  -44.316  -36.195  -2.957 0.0000000000
36703  -44.764  -36.098  -3.701 0.0000000000
36704  -45.328  -36.457  -4.217 0.0000000000
36714  -45.975  -36.598  -4.966 0.0000000000
36720  -47.417  -36.469  -6.089 0.0000000000
36721  -48.128  -36.918  -6.295 0.0000000000
36722  -49.017  -37.061  -6.540 0.0000000000
36724  -49.923  -36.777  -7.126 0.0000000000
37510  -42.812  -34.875  4.063 0.0000000000
37511  -43.287  -35.129  4.292 0.0000000000
37512  -43.991  -35.367  4.450 0.0000000000
37513  -44.864  -35.393  4.379 0.0000000000
37514  -45.795  -35.258  4.184 0.0000000000
37524  -42.905  -35.388  3.615 0.0000000000
37525  -43.530  -35.725  3.729 0.0000000000
37526  -44.359  -35.851  3.793 0.0000000000
37527  -45.302  -35.782  3.683 0.0000000000
37528  -46.215  -35.594  3.450 0.0000000000
37529  -47.039  -35.327  3.117 0.0000000000
37540  -42.605  -35.771  2.235 0.0000000000
37541  -46.644  -35.948  2.703 0.0000000000
37542  -47.420  -35.654  2.348 0.0000000000
37543  -47.984  -35.295  1.981 0.0000000000
37555  -42.443  -35.218  1.477 0.0000000000
37556  -48.495  -35.298  1.505 0.0000000000
37557  -49.166  -35.167  0.991 0.0000000000
37558  -49.912  -35.410  0.717 0.0000000000
37559  -50.634  -35.407  0.479 0.0000000000
37568  -42.523  -35.522  0.793 0.0000000000
37569  -49.851  -34.573  0.465 0.0000000000
37570  -50.386  -34.720  0.100 0.0000000000
37583  -42.610  -35.254  -0.056 0.0000000000
37584  -42.970  -35.621  -0.861 0.0000000000
37595  -43.262  -35.112  -1.451 0.0000000000
37601  -43.602  -35.125  -2.103 0.0000000000
37602  -44.075  -35.205  -2.780 0.0000000000
37612  -44.541  -35.339  -3.499 0.0000000000
37613  -45.054  -35.521  -4.179 0.0000000000
37620  -45.556  -35.652  -4.855 0.0000000000
37621  -46.211  -35.610  -5.458 0.0000000000
37622  -46.817  -35.515  -5.889 0.0000000000
37628  -47.206  -35.860  -6.128 0.0000000000
37629  -47.898  -35.860  -6.416 0.0000000000
37630  -48.993  -35.996  -6.750 0.0000000000
38441  -44.203  -33.914  6.151 0.0000000000
38442  -44.822  -33.968  6.094 0.0000000000
38451  -43.110  -33.978  5.438 0.0000000000
38452  -43.695  -34.002  5.840 0.0000000000
38453  -44.312  -34.355  5.645 0.0000000000
38454  -45.092  -34.429  5.511 0.0000000000
38455  -45.941  -34.310  5.305 0.0000000000
38456  -46.789  -34.044  5.013 0.0000000000
38466  -42.903  -34.413  4.669 0.0000000000
38467  -43.671  -34.659  5.089 0.0000000000
38468  -44.516  -34.891  5.019 0.0000000000
38469  -45.407  -34.845  4.848 0.0000000000
38470  -46.290  -34.656  4.602 0.0000000000
38471  -47.123  -34.361  4.280 0.0000000000
38472  -47.854  -33.939  3.858 0.0000000000
38484  -42.571  -34.737  3.521 0.0000000000
38485  -46.664  -35.008  3.888 0.0000000000
38486  -47.431  -34.656  3.483 0.0000000000
38487  -48.123  -34.264  3.011 0.0000000000
38498  -42.421  -34.338  2.829 0.0000000000
38499  -47.719  -34.960  2.635 0.0000000000
38500  -48.388  -34.634  2.046 0.0000000000
38501  -48.998  -34.111  1.673 0.0000000000
38509  -42.418  -34.156  1.530 0.0000000000
38510  -48.845  -34.758  1.315 0.0000000000
38511  -49.355  -34.395  0.954 0.0000000000
38512  -49.907  -33.924  0.503 0.0000000000
38520  -42.497  -34.573  0.724 0.0000000000
38530  -42.749  -33.989  -0.059 0.0000000000
38531  -43.021  -34.595  -0.839 0.0000000000
38540  -43.547  -34.142  -1.647 0.0000000000
38546  -43.973  -34.326  -2.451 0.0000000000
38556  -44.462  -34.319  -3.162 0.0000000000
38557  -44.980  -34.615  -3.963 0.0000000000
38569  -45.385  -34.908  -4.570 0.0000000000
38570  -45.888  -34.782  -5.135 0.0000000000
38571  -46.709  -34.687  -5.702 0.0000000000
38577  -47.437  -35.033  -6.231 0.0000000000
38578  -48.638  -34.818  -6.609 0.0000000000
39315  -42.835  -33.011  6.704 0.0000000000
39316  -43.413  -33.061  6.997 0.0000000000
39317  -44.109  -33.170  7.105 0.0000000000
39318  -44.845  -33.135  7.103 0.0000000000
39325  -42.279  -33.001  6.163 0.0000000000
39326  -43.748  -33.535  6.511 0.0000000000
39327  -44.494  -33.560  6.604 0.0000000000
39328  -45.289  -33.444  6.613 0.0000000000
39329  -46.122  -33.324  6.379 0.0000000000
39330  -46.928  -33.038  6.091 0.0000000000
39338  -42.078  -33.137  5.400 0.0000000000
39339  -42.516  -33.700  5.053 0.0000000000
39340  -43.088  -33.500  6.158 0.0000000000
39341  -45.608  -33.896  5.948 0.0000000000
39342  -46.440  -33.684  5.694 0.0000000000
39343  -47.267  -33.364  5.384 0.0000000000
39344  -47.998  -32.966  5.004 0.0000000000
39356  -42.006  -33.196  4.617 0.0000000000
39357  -42.372  -33.753  4.279 0.0000000000
39358  -47.571  -33.652  4.639 0.0000000000
39359  -48.286  -33.255  4.248 0.0000000000
39360  -48.950  -32.867  3.877 0.0000000000
39371  -42.040  -33.118  3.802 0.0000000000
39372  -42.346  -33.735  3.450 0.0000000000
39373  -48.522  -33.528  3.439 0.0000000000
39374  -49.167  -33.146  3.080 0.0000000000
39375  -49.832  -32.811  2.811 0.0000000000
39382  -42.127  -32.916  2.993 0.0000000000
39383  -42.359  -33.339  2.582 0.0000000000
39384  -48.731  -33.814  2.555 0.0000000000
39385  -49.381  -33.432  2.234 0.0000000000
39395  -42.486  -33.183  1.787 0.0000000000
39396  -49.608  -33.687  1.360 0.0000000000
39407  -42.651  -33.325  0.828 0.0000000000
39418  -43.041  -32.937  0.018 0.0000000000
39419  -43.347  -33.347  -0.784 0.0000000000
39430  -43.740  -33.123  -1.512 0.0000000000
39431  -44.110  -33.336  -2.196 0.0000000000
39437  -44.605  -33.235  -2.964 0.0000000000
39438  -45.048  -33.669  -3.682 0.0000000000
39454  -45.619  -33.995  -4.465 0.0000000000
39455  -46.380  -33.885  -5.140 0.0000000000
39456  -47.283  -33.658  -5.693 0.0000000000
40297  -43.283  -31.881  8.104 0.0000000000
40298  -44.195  -32.107  8.061 0.0000000000
40299  -44.901  -32.169  7.960 0.0000000000
40306  -40.373  -31.734  6.729 0.0000000000
40307  -41.274  -32.115  7.042 0.0000000000
40308  -42.799  -32.506  7.395 0.0000000000
40309  -43.713  -32.601  7.569 0.0000000000
40310  -44.518  -32.647  7.569 0.0000000000
40311  -45.347  -32.586  7.485 0.0000000000
40312  -46.212  -32.282  7.417 0.0000000000
40313  -47.028  -32.014  7.123 0.0000000000
40320  -40.878  -32.311  6.269 0.0000000000
40321  -41.608  -32.550  6.442 0.0000000000
40322  -45.827  -32.905  6.981 0.0000000000
40323  -46.584  -32.657  6.757 0.0000000000
40324  -47.344  -32.387  6.459 0.0000000000
40325  -48.060  -32.061  6.171 0.0000000000
40335  -39.953  -32.186  5.104 0.0000000000
40336  -40.711  -32.445  5.471 0.0000000000
40337  -41.491  -32.708  5.809 0.0000000000
40338  -47.681  -32.684  5.749 0.0000000000
40339  -48.427  -32.339  5.432 0.0000000000
40340  -49.178  -31.995  5.122 0.0000000000
40354  -39.859  -32.186  4.135 0.0000000000
40355  -40.658  -32.504  4.607 0.0000000000
40356  -41.396  -32.786  5.014 0.0000000000
40357  -48.711  -32.603  4.653 0.0000000000
40358  -49.447  -32.303  4.354 0.0000000000
40359  -50.183  -32.038  4.077 0.0000000000
40369  -40.115  -32.261  3.320 0.0000000000
40370  -40.730  -32.503  3.732 0.0000000000
40371  -41.423  -32.786  4.182 0.0000000000
40372  -49.662  -32.569  3.592 0.0000000000
40385  -39.899  -32.093  2.647 0.0000000000
40386  -40.820  -32.432  2.818 0.0000000000
40387  -42.171  -32.711  2.127 0.0000000000
40399  -39.619  -31.787  1.970 0.0000000000
40400  -40.375  -32.204  1.992 0.0000000000
40401  -41.330  -32.439  2.042 0.0000000000
40409  -40.813  -32.240  1.298 0.0000000000
40410  -41.266  -32.231  0.650 0.0000000000
40416  -41.822  -32.179  0.120 0.0000000000
40417  -42.570  -32.608  0.391 0.0000000000
40418  -43.095  -32.392  -0.583 0.0000000000
40426  -42.422  -31.886  -1.056 0.0000000000
40427  -43.484  -32.467  -1.247 0.0000000000
40434  -43.898  -32.387  -1.881 0.0000000000
40435  -44.382  -32.373  -2.546 0.0000000000
40443  -44.860  -32.319  -3.186 0.0000000000
40444  -45.408  -32.284  -3.715 0.0000000000
40457  -46.064  -32.250  -4.308 0.0000000000
40458  -46.711  -32.460  -4.893 0.0000000000
40459  -47.440  -32.647  -5.466 0.0000000000
41298  -41.951  -31.172  8.246 0.0000000000
41299  -42.668  -31.343  8.302 0.0000000000
41300  -44.745  -31.527  8.322 0.0000000000
41301  -45.371  -31.019  8.408 0.0000000000
41302  -46.191  -31.027  8.182 0.0000000000
41310  -39.917  -31.026  7.134 0.0000000000
41311  -40.715  -31.359  7.469 0.0000000000
41312  -41.542  -31.601  7.730 0.0000000000
41313  -42.353  -31.802  7.898 0.0000000000
41314  -45.654  -31.774  8.015 0.0000000000
41315  -46.615  -31.531  7.700 0.0000000000
41316  -47.548  -31.260  7.319 0.0000000000
41317  -48.331  -30.656  7.097 0.0000000000
41329  -39.620  -31.406  6.356 0.0000000000
41330  -47.665  -31.819  6.757 0.0000000000
41331  -48.289  -31.388  6.653 0.0000000000
41332  -49.138  -30.805  6.442 0.0000000000
41344  -38.939  -31.374  5.221 0.0000000000
41345  -39.447  -31.673  5.574 0.0000000000
41346  -40.092  -32.037  5.951 0.0000000000
41347  -48.812  -31.665  5.911 0.0000000000
41348  -49.643  -31.301  5.599 0.0000000000
41349  -50.554  -31.015  5.192 0.0000000000
41359  -38.743  -31.319  4.542 0.0000000000
41360  -39.328  -31.776  4.781 0.0000000000
41361  -49.929  -31.692  4.791 0.0000000000
41362  -50.575  -31.534  4.492 0.0000000000
41371  -38.693  -31.310  3.688 0.0000000000
41372  -39.376  -31.823  3.317 0.0000000000
41384  -38.767  -31.328  2.841 0.0000000000
41385  -39.297  -31.667  2.548 0.0000000000
41393  -38.920  -31.287  1.986 0.0000000000
41394  -39.385  -31.464  1.419 0.0000000000
41395  -39.992  -31.856  1.315 0.0000000000
41404  -39.587  -31.389  0.752 0.0000000000
41405  -40.368  -31.832  0.601 0.0000000000
41406  -40.848  -31.865  -0.097 0.0000000000
41415  -39.943  -31.265  -0.144 0.0000000000
41416  -41.488  -31.800  -0.779 0.0000000000
41423  -40.828  -31.132  -1.463 0.0000000000
41424  -41.654  -31.463  -1.700 0.0000000000
41425  -42.557  -31.624  -1.922 0.0000000000
41426  -43.398  -31.880  -1.790 0.0000000000
41432  -41.823  -31.151  -2.400 0.0000000000
41433  -42.415  -31.141  -2.821 0.0000000000
41434  -43.853  -31.722  -2.528 0.0000000000
41435  -44.524  -31.754  -3.113 0.0000000000
41448  -43.178  -31.197  -3.163 0.0000000000
41449  -44.015  -31.252  -3.426 0.0000000000
41450  -44.761  -31.258  -3.761 0.0000000000
42302  -40.955  -30.048  8.251 0.0000000000
42303  -41.745  -30.433  8.372 0.0000000000
42304  -43.018  -30.208  8.524 0.0000000000
42305  -43.853  -30.244  8.545 0.0000000000
42306  -44.869  -30.262  8.495 0.0000000000
42307  -45.824  -30.392  8.334 0.0000000000
42308  -47.051  -30.068  7.953 0.0000000000
42321  -39.677  -30.149  7.317 0.0000000000
42322  -40.395  -30.520  7.726 0.0000000000
42323  -41.161  -30.877  8.071 0.0000000000
42324  -46.963  -30.814  7.880 0.0000000000
42325  -47.659  -30.414  7.554 0.0000000000
42326  -48.244  -29.973  7.345 0.0000000000
42336  -39.256  -30.618  6.624 0.0000000000
42337  -48.887  -29.963  6.972 0.0000000000
42338  -49.632  -29.898  6.527 0.0000000000
42339  -50.276  -29.723  6.190 0.0000000000
42348  -38.490  -30.806  5.191 0.0000000000
42349  -38.949  -31.081  5.887 0.0000000000
42350  -50.061  -30.490  5.982 0.0000000000
42351  -50.901  -30.016  5.675 0.0000000000
42359  -38.241  -30.554  4.208 0.0000000000
42366  -38.343  -30.680  3.187 0.0000000000
42371  -38.504  -30.809  2.438 0.0000000000
42379  -38.564  -30.531  1.738 0.0000000000
42380  -38.949  -31.016  1.156 0.0000000000
42388  -38.689  -30.259  0.903 0.0000000000
42389  -39.203  -30.725  0.360 0.0000000000
42397  -39.467  -30.363  -0.456 0.0000000000
42398  -40.109  -30.729  -1.024 0.0000000000
42406  -39.713  -29.867  -1.227 0.0000000000
42407  -40.403  -30.195  -1.887 0.0000000000
42408  -41.148  -30.767  -2.243 0.0000000000
42419  -40.932  -30.020  -2.578 0.0000000000
42420  -41.639  -30.378  -2.964 0.0000000000
42421  -42.537  -30.337  -3.523 0.0000000000
43287  -40.917  -29.180  8.117 0.0000000000
43288  -41.757  -29.578  8.358 0.0000000000
43289  -42.678  -29.549  8.407 0.0000000000
43290  -43.405  -29.653  8.432 0.0000000000
43291  -44.186  -29.434  8.317 0.0000000000
43292  -45.596  -29.704  8.280 0.0000000000
43293  -46.874  -29.251  7.793 0.0000000000
43305  -38.932  -28.833  7.041 0.0000000000
43306  -39.541  -29.274  7.376 0.0000000000
43307  -40.215  -29.552  7.788 0.0000000000
43308  -47.677  -29.606  7.571 0.0000000000
43315  -38.461  -29.204  6.378 0.0000000000
43316  -39.042  -29.710  6.838 0.0000000000
43317  -48.438  -29.168  7.212 0.0000000000
43318  -49.238  -29.150  6.784 0.0000000000
43319  -49.965  -29.110  6.436 0.0000000000
43328  -38.035  -29.336  5.581 0.0000000000
43329  -50.676  -29.108  6.046 0.0000000000
43330  -51.374  -29.149  5.614 0.0000000000
43334  -37.778  -29.207  4.726 0.0000000000
43335  -37.903  -29.735  4.269 0.0000000000
43341  -37.789  -29.093  3.885 0.0000000000
43342  -38.016  -29.832  3.511 0.0000000000
43349  -38.225  -29.935  2.519 0.0000000000
43356  -38.385  -29.668  1.554 0.0000000000
43364  -38.549  -29.413  0.722 0.0000000000
43365  -38.888  -29.923  0.105 0.0000000000
43372  -38.752  -29.074  -0.010 0.0000000000
43373  -39.217  -29.464  -0.589 0.0000000000
43383  -39.495  -28.863  -1.264 0.0000000000
43384  -40.008  -29.352  -1.796 0.0000000000
43395  -40.530  -29.315  -2.397 0.0000000000
43396  -41.221  -29.333  -3.052 0.0000000000
43397  -41.882  -29.569  -3.489 0.0000000000
44228  -41.540  -28.828  8.127 0.0000000000
44229  -42.291  -28.876  8.176 0.0000000000
44230  -44.740  -29.015  8.088 0.0000000000
44231  -45.432  -29.019  8.008 0.0000000000
44232  -46.096  -29.306  8.025 0.0000000000
44240  -38.829  -27.977  7.145 0.0000000000
44241  -39.556  -28.421  7.456 0.0000000000
44242  -40.280  -28.689  7.758 0.0000000000
44243  -41.003  -28.188  7.879 0.0000000000
44244  -42.672  -28.232  7.756 0.0000000000
44245  -43.413  -28.209  7.615 0.0000000000
44246  -44.160  -28.568  7.787 0.0000000000
44247  -45.477  -28.424  7.501 0.0000000000
44248  -47.650  -28.792  7.383 0.0000000000
44251  -37.787  -28.004  5.862 0.0000000000
44252  -38.366  -28.389  6.545 0.0000000000
44253  -46.753  -27.864  6.718 0.0000000000
44254  -47.572  -28.100  6.898 0.0000000000
44255  -48.834  -28.410  6.739 0.0000000000
44256  -49.554  -28.445  6.469 0.0000000000
44257  -50.261  -28.427  6.169 0.0000000000
44261  -37.747  -28.629  5.256 0.0000000000
44262  -51.044  -28.338  5.698 0.0000000000
44268  -37.649  -28.421  4.332 0.0000000000
44274  -37.730  -28.394  3.485 0.0000000000
44275  -37.950  -29.056  3.042 0.0000000000
44281  -37.648  -27.585  3.227 0.0000000000
44282  -37.865  -28.291  2.676 0.0000000000
44288  -38.034  -28.223  1.863 0.0000000000
44294  -38.443  -28.562  0.599 0.0000000000
44302  -39.098  -28.065  -0.870 0.0000000000
44313  -40.055  -28.484  -2.054 0.0000000000
44321  -40.790  -28.442  -2.767 0.0000000000
45165  -38.652  -27.147  7.217 0.0000000000
45166  -39.333  -27.449  7.463 0.0000000000
45167  -40.531  -27.052  7.720 0.0000000000
45168  -41.256  -27.309  7.694 0.0000000000
45169  -42.147  -27.508  7.547 0.0000000000
45170  -43.895  -27.738  7.136 0.0000000000
45171  -44.747  -28.105  7.314 0.0000000000
45172  -46.137  -28.178  7.158 0.0000000000
45176  -37.689  -27.055  6.149 0.0000000000
45177  -38.232  -27.585  6.668 0.0000000000
45178  -43.888  -27.155  6.386 0.0000000000
45179  -46.347  -27.490  5.779 0.0000000000
45180  -47.444  -27.616  6.204 0.0000000000
45181  -48.341  -27.814  6.408 0.0000000000
45182  -49.849  -27.939  6.155 0.0000000000
45186  -37.550  -27.417  5.196 0.0000000000
45187  -45.711  -27.297  4.795 0.0000000000
45188  -47.469  -27.432  5.302 0.0000000000
45189  -48.989  -27.455  5.626 0.0000000000
45190  -49.789  -27.536  5.640 0.0000000000
45191  -50.411  -27.823  5.776 0.0000000000
45196  -37.556  -27.631  4.262 0.0000000000
45197  -45.168  -26.982  4.063 0.0000000000
45198  -46.727  -27.429  4.605 0.0000000000
45199  -47.828  -27.430  4.208 0.0000000000
45215  -37.670  -27.014  2.478 0.0000000000
45216  -37.805  -27.632  2.264 0.0000000000
45224  -37.978  -27.592  1.491 0.0000000000
45233  -38.260  -27.624  0.589 0.0000000000
45242  -38.634  -27.234  -0.427 0.0000000000
45243  -39.296  -27.347  -1.279 0.0000000000
45254  -39.850  -27.558  -1.962 0.0000000000
45255  -40.439  -27.752  -2.474 0.0000000000
46123  -37.847  -25.521  7.246 0.0000000000
46124  -38.358  -26.367  7.247 0.0000000000
46125  -39.055  -26.576  7.572 0.0000000000
46126  -39.804  -26.851  7.679 0.0000000000
46127  -41.031  -26.448  7.743 0.0000000000
46128  -41.840  -26.596  7.470 0.0000000000
46129  -42.716  -26.735  7.093 0.0000000000
46134  -37.791  -26.304  6.681 0.0000000000
46135  -38.139  -26.898  6.829 0.0000000000
46136  -43.356  -26.495  6.402 0.0000000000
46137  -43.856  -26.657  5.841 0.0000000000
46138  -44.509  -27.081  5.761 0.0000000000
46143  -37.416  -26.672  5.275 0.0000000000
46144  -43.591  -26.150  5.719 0.0000000000
46145  -43.967  -26.419  5.068 0.0000000000
46146  -44.797  -26.973  4.869 0.0000000000
46150  -37.329  -26.354  4.406 0.0000000000
46151  -44.338  -26.454  4.111 0.0000000000
46162  -37.341  -26.112  3.442 0.0000000000
46163  -44.128  -25.950  3.325 0.0000000000
46173  -37.505  -26.330  2.565 0.0000000000
46185  -37.672  -26.571  1.872 0.0000000000
46186  -37.914  -26.865  1.152 0.0000000000
46198  -37.704  -26.168  1.308 0.0000000000
46199  -37.933  -26.134  0.612 0.0000000000
46210  -38.382  -26.099  -0.304 0.0000000000
46211  -39.017  -26.458  -1.129 0.0000000000
47129  -39.105  -24.916  8.160 0.0000000000
47130  -40.184  -24.942  8.220 0.0000000000
47131  -41.067  -24.960  7.975 0.0000000000
47142  -38.704  -25.726  7.696 0.0000000000
47143  -39.662  -25.883  7.896 0.0000000000
47144  -40.632  -25.716  7.925 0.0000000000
47145  -41.596  -25.625  7.612 0.0000000000
47146  -42.814  -25.791  6.782 0.0000000000
47154  -37.341  -25.647  6.347 0.0000000000
47155  -42.971  -24.783  6.696 0.0000000000
47156  -43.305  -25.593  6.189 0.0000000000
47163  -37.149  -25.793  5.258 0.0000000000
47164  -43.579  -25.391  5.292 0.0000000000
47169  -37.068  -25.554  4.212 0.0000000000
47170  -43.802  -25.708  4.242 0.0000000000
47181  -37.052  -25.197  3.412 0.0000000000
47194  -37.299  -25.533  2.651 0.0000000000
47206  -37.510  -25.835  1.886 0.0000000000
47215  -37.629  -25.338  1.036 0.0000000000
47216  -37.997  -25.427  0.208 0.0000000000
48144  -37.775  -23.717  8.068 0.0000000000
48145  -38.358  -24.303  8.123 0.0000000000
48146  -39.675  -24.321  8.409 0.0000000000
48147  -41.264  -24.265  8.096 0.0000000000
48148  -41.910  -23.856  7.897 0.0000000000
48159  -37.661  -24.488  7.548 0.0000000000
48160  -38.321  -25.007  7.786 0.0000000000
48161  -41.818  -24.660  7.687 0.0000000000
48162  -42.503  -24.154  7.339 0.0000000000
48163  -43.012  -23.912  6.866 0.0000000000
48174  -36.771  -24.230  6.239 0.0000000000
48175  -37.210  -24.867  6.747 0.0000000000
48186  -36.661  -24.261  5.271 0.0000000000
48187  -36.867  -24.989  5.787 0.0000000000
48188  -43.561  -24.323  5.423 0.0000000000
48196  -36.681  -24.160  4.306 0.0000000000
48197  -36.776  -24.961  4.805 0.0000000000
48198  -43.698  -24.711  4.486 0.0000000000
48199  -43.887  -25.122  3.523 0.0000000000
48213  -36.862  -23.428  3.619 0.0000000000
48214  -36.846  -24.371  3.476 0.0000000000
48228  -37.070  -24.662  2.715 0.0000000000
48242  -37.294  -24.963  1.909 0.0000000000
48251  -37.429  -24.253  1.197 0.0000000000
48252  -37.872  -24.395  0.217 0.0000000000
49149  -38.368  -23.541  8.455 0.0000000000
49150  -39.690  -23.599  8.628 0.0000000000
49151  -40.446  -23.000  8.720 0.0000000000
49152  -41.283  -23.499  8.325 0.0000000000
49153  -41.975  -23.117  8.149 0.0000000000
49163  -37.244  -23.672  7.539 0.0000000000
49164  -42.377  -23.423  7.689 0.0000000000
49165  -42.849  -23.321  7.257 0.0000000000
49170  -36.755  -23.390  6.737 0.0000000000
49171  -37.039  -24.168  7.017 0.0000000000
49172  -43.309  -23.236  6.624 0.0000000000
49178  -36.642  -23.480  5.665 0.0000000000
49179  -43.665  -23.301  5.694 0.0000000000
49180  -43.967  -23.050  4.959 0.0000000000
49187  -36.680  -23.520  4.772 0.0000000000
49188  -43.776  -23.765  4.770 0.0000000000
49189  -43.960  -24.055  3.823 0.0000000000
49203  -36.886  -22.860  4.207 0.0000000000
49984  -38.915  -22.391  9.142 0.0000000000
49985  -39.860  -22.235  9.214 0.0000000000
49986  -40.759  -22.059  9.070 0.0000000000
50001  -37.813  -23.015  8.459 0.0000000000
50002  -38.397  -22.880  8.741 0.0000000000
50003  -39.577  -22.898  8.892 0.0000000000
50004  -41.376  -22.661  8.566 0.0000000000
50005  -43.065  -21.918  7.743 0.0000000000
50014  -36.977  -22.905  7.549 0.0000000000
50015  -37.390  -23.175  8.032 0.0000000000
50016  -42.592  -22.686  7.812 0.0000000000
50017  -43.240  -22.548  7.175 0.0000000000
50023  -36.762  -22.333  6.800 0.0000000000
50024  -43.796  -22.327  6.361 0.0000000000
50029  -36.845  -22.634  4.977 0.0000000000
50031  -44.160  -22.469  5.448 0.0000000000
50041  -44.467  -22.540  4.571 0.0000000000
50042  -44.886  -22.337  3.713 0.0000000000
50896  -43.644  -21.718  7.146 0.0000000000
50897  -44.244  -21.349  6.592 0.0000000000
50908  -44.439  -21.702  5.845 0.0000000000
50909  -44.959  -21.257  5.337 0.0000000000
50918  -44.623  -21.910  5.156 0.0000000000
50919  -45.062  -21.632  4.503 0.0000000000
50928  -45.367  -21.562  3.533 0.0000000000
51771  -44.827  -20.885  6.056 0.0000000000
51772  -45.326  -20.501  5.458 0.0000000000
51782  -45.563  -20.861  4.111 0.0000000000
52739  -45.786  -20.119  4.697 0.0000000000
106284  -36.984  -23.790  2.832 0.0000000000
106303  -48.446  -27.307  4.971 0.0000000000
106344  -41.247  -45.356  -2.041 0.0000000000
106382  -46.179  -40.721  -2.323 0.0000000000
106571  -38.032  -30.008  5.031 0.0000000000
106690  -36.824  -24.866  4.034 0.0000000000
106995  -43.322  -24.065  6.265 0.0000000000
107162  -43.041  -27.596  7.310 0.0000000000
107237  -45.364  -27.499  6.220 0.0000000000
107575  -45.336  -33.033  7.066 0.0000000000
107818  -44.619  -27.554  6.630 0.0000000000
108062  -40.493  -24.030  8.377 0.0000000000
108074  -42.942  -41.016  1.012 0.0000000000
108166  -42.564  -35.298  2.933 0.0000000000
108346  -44.819  -40.565  -0.971 0.0000000000
108691  -42.122  -32.590  6.876 0.0000000000
108751  -45.279  -37.546  -2.914 0.0000000000
108834  -45.385  -40.594  -2.702 0.0000000000
108901  -46.891  -28.454  7.335 0.0000000000
109067  -46.722  -37.336  -5.093 0.0000000000
109177  -48.178  -40.432  -5.179 0.0000000000
109203  -46.169  -28.753  7.681 0.0000000000
109304  -49.506  -43.413  -1.353 0.0000000000
109483  -42.545  -34.331  4.039 0.0000000000
109575  -51.961  -38.755  1.726 0.0000000000
109579  -50.305  -39.957  -1.758 0.0000000000
109686  -38.134  -28.971  2.178 0.0000000000
109804  -48.083  -42.607  -7.620 0.0000000000
109888  -45.705  -40.728  -0.883 0.0000000000
110353  -45.588  -33.028  -4.015 0.0000000000
110394  -48.523  -38.276  1.452 0.0000000000
110442  -40.958  -42.771  1.062 0.0000000000
110489  -44.080  -40.846  -0.932 0.0000000000
110766  -41.185  -44.112  -0.414 0.0000000000
110885  -44.560  -40.514  1.027 0.0000000000
110954  -41.556  -32.699  3.364 0.0000000000
111088  -44.327  -41.873  -4.106 0.0000000000
111162  -48.133  -27.480  5.764 0.0000000000
111224  -44.202  -37.590  -0.851 0.0000000000
111256  -38.290  -28.830  1.346 0.0000000000
111271  -41.988  -32.178  7.415 0.0000000000
111479  -46.998  -40.395  -5.002 0.0000000000
111677  -49.223  -27.829  6.251 0.0000000000
111767  -43.397  -24.831  6.031 0.0000000000
111803  -40.156  -27.745  7.669 0.0000000000
111811  -37.129  -24.035  2.037 0.0000000000
112219  -38.858  -25.491  -1.124 0.0000000000
112243  -46.725  -38.698  0.264 0.0000000000
112387  -43.278  -36.834  1.696 0.0000000000
113193  -46.763  -33.142  -5.163 0.0000000000
113212  -45.711  -38.395  -1.110 0.0000000000
113375  -36.261  -48.447  -1.890 0.0000000000
113536  -43.089  -31.954  -1.226 0.0000000000
113579  -40.314  -46.790  -4.726 0.0000000000
113663  -37.476  -27.008  4.567 0.0000000000
113691  -42.391  -34.836  2.201 0.0000000000
114038  -46.935  -37.981  1.386 0.0000000000
114071  -38.369  -25.029  -0.477 0.0000000000
114092  -39.173  -31.712  4.090 0.0000000000
114173  -35.373  -49.322  -0.207 0.0000000000
114229  -45.367  -20.889  4.856 0.0000000000
114279  -38.979  -23.232  8.739 0.0000000000
114293  -41.596  -44.827  -1.513 0.0000000000
114315  -42.946  -36.383  2.196 0.0000000000
114369  -39.003  -24.018  8.478 0.0000000000
114378  -42.278  -25.968  7.219 0.0000000000
114592  -47.075  -43.909  -7.279 0.0000000000
114706  -46.197  -33.128  -4.618 0.0000000000
114760  -48.193  -28.394  7.001 0.0000000000
114843  -44.414  -23.159  3.755 0.0000000000
114989  -42.047  -22.464  8.354 0.0000000000
115021  -47.340  -38.993  -0.169 0.0000000000
115192  -42.709  -45.573  -3.376 0.0000000000
115208  -37.491  -26.926  3.818 0.0000000000
115233  -45.132  -31.750  -3.583 0.0000000000
115265  -46.257  -43.736  -6.822 0.0000000000
115327  -47.985  -34.083  -6.251 0.0000000000
115359  -41.859  -28.251  7.880 0.0000000000
115455  -42.500  -30.722  8.451 0.0000000000
115569  -38.660  -28.214  -0.144 0.0000000000
115664  -42.451  -21.942  8.289 0.0000000000
115684  -52.611  -38.836  1.641 0.0000000000
115775  -44.386  -46.366  -5.403 0.0000000000
115848  -39.041  -28.721  -0.586 0.0000000000
116265  -39.905  -45.425  -1.220 0.0000000000
116910  -50.774  -36.774  1.531 0.0000000000
117144  -44.968  -29.475  8.290 0.0000000000
117280  -46.756  -36.405  -5.674 0.0000000000
117311  -42.369  -25.150  7.237 0.0000000000
117573  -43.583  -43.271  -2.569 0.0000000000
117617  -43.533  -36.670  2.451 0.0000000000
117647  -38.516  -30.163  6.000 0.0000000000
117759  -49.312  -35.863  1.191 0.0000000000
118444  -35.370  -50.830  -2.566 0.0000000000
118516  -49.761  -34.921  -7.100 0.0000000000
118598  -37.612  -28.029  4.982 0.0000000000
118831  -47.610  -42.028  -1.231 0.0000000000
118951  -50.994  -40.583  -6.527 0.0000000000
119061  -43.357  -31.011  8.509 0.0000000000
119531  -49.998  -35.695  -7.274 0.0000000000
119616  -40.630  -50.864  -8.729 0.0000000000
119793  -44.271  -30.943  8.530 0.0000000000
119919  -46.348  -29.857  8.155 0.0000000000
119979  -42.375  -32.725  1.235 0.0000000000
120129  -48.683  -35.891  1.384 0.0000000000
120243  -45.639  -31.776  -4.023 0.0000000000
120440  -39.300  -44.645  0.607 0.0000000000
120483  -43.364  -27.162  6.837 0.0000000000
120788  -43.972  -31.515  8.372 0.0000000000
120791  -36.755  -22.506  5.895 0.0000000000
120870  -40.319  -26.397  7.805 0.0000000000
121121  -48.365  -36.517  1.603 0.0000000000
121445  -50.087  -37.900  1.735 0.0000000000
121517  -41.220  -43.625  0.073 0.0000000000
121614  -50.002  -40.850  -1.114 0.0000000000
121809  -47.399  -37.175  -5.683 0.0000000000
121811  -38.190  -26.796  0.316 0.0000000000
121910  -39.665  -26.704  -1.833 0.0000000000
121962  -39.882  -28.989  7.613 0.0000000000
122006  -41.746  -32.619  2.683 0.0000000000
122072  -42.459  -32.231  -0.297 0.0000000000
122186  -42.388  -33.947  2.186 0.0000000000
122266  -43.094  -31.543  -2.434 0.0000000000
122298  -40.598  -31.391  -0.733 0.0000000000
122369  -48.940  -33.764  -6.562 0.0000000000
122439  -41.807  -32.429  1.372 0.0000000000
122499  -50.819  -40.467  -5.871 0.0000000000
122587  -37.423  -26.315  6.022 0.0000000000
122697  -45.405  -27.883  6.937 0.0000000000
122838  -42.079  -32.411  0.780 0.0000000000
122922  -46.233  -40.489  -4.921 0.0000000000
122963  -46.894  -41.120  -2.123 0.0000000000
123117  -42.332  -30.097  8.480 0.0000000000
123717  -49.461  -40.526  -4.870 0.0000000000
123833  -37.541  -26.805  3.097 0.0000000000
123910  -46.388  -44.602  -6.571 0.0000000000
123955  -43.259  -28.922  8.134 0.0000000000
123970  -37.795  -27.135  1.854 0.0000000000
124006  -44.180  -41.339  -2.670 0.0000000000
124139  -47.057  -38.031  -4.252 0.0000000000
124212  -40.719  -27.568  7.734 0.0000000000
124230  -46.073  -27.323  3.900 0.0000000000
124431  -41.121  -41.600  2.299 0.0000000000
124452  -46.494  -30.443  8.135 0.0000000000
124462  -39.218  -45.872  -1.434 0.0000000000
124513  -45.698  -41.621  -6.264 0.0000000000
124694  -36.724  -23.520  4.224 0.0000000000
125243  -38.012  -28.727  5.960 0.0000000000
125379  -47.380  -40.710  -6.536 0.0000000000
125415  -38.185  -28.151  1.181 0.0000000000
125429  -44.110  -23.305  4.377 0.0000000000
125518  -47.946  -35.960  1.718 0.0000000000
125644  -45.111  -32.877  -3.481 0.0000000000
125691  -41.562  -27.827  7.738 0.0000000000
125897  -49.590  -27.320  5.240 0.0000000000
125916  -45.708  -36.970  -4.391 0.0000000000
125987  -46.014  -27.777  6.581 0.0000000000
126021  -49.257  -38.382  1.513 0.0000000000
126409  -44.282  -33.813  -2.685 0.0000000000
126428  -51.300  -38.683  1.723 0.0000000000
126629  -44.915  -28.626  7.759 0.0000000000
126639  -41.639  -29.037  -3.445 0.0000000000
126678  -45.321  -27.299  5.490 0.0000000000
126697  -35.441  -49.362  -1.067 0.0000000000
126802  -42.841  -32.554  -0.106 0.0000000000
126886  -44.818  -30.952  8.499 0.0000000000
126983  -39.545  -28.062  -1.495 0.0000000000
127104  -40.416  -49.114  -7.956 0.0000000000
127342  -37.623  -28.003  3.813 0.0000000000
127361  -44.692  -40.512  1.572 0.0000000000
127544  -47.323  -34.356  -5.996 0.0000000000
127559  -42.631  -33.480  5.669 0.0000000000
127942  -43.279  -33.294  6.599 0.0000000000
128121  -40.774  -24.554  8.191 0.0000000000
128488  -35.110  -49.847  -0.610 0.0000000000
128505  -42.051  -41.083  2.116 0.0000000000
128873  -44.385  -46.040  -4.906 0.0000000000
