#!ascii label  , from subject sub-01 vox2ras=TkReg
396
10488  -43.923  -64.140  0.304 13.0000000000
17105  -49.118  -56.619  5.555 13.0000000000
13176  -47.676  -60.481  6.593 13.0000000000
15301  -45.307  -57.687  -6.681 13.0000000000
126740  -44.204  -64.492  3.331 13.0000000000
14211  -49.865  -58.753  -0.371 13.0000000000
17175  -44.994  -56.548  -0.549 13.0000000000
15166  -50.813  -58.141  5.579 13.0000000000
14167  -49.175  -59.052  3.398 13.0000000000
16132  -49.595  -57.254  2.550 13.0000000000
16179  -48.583  -57.540  -1.061 13.0000000000
16117  -46.276  -57.202  2.870 13.0000000000
8703  -42.593  -67.649  -0.504 13.0000000000
15136  -42.827  -59.279  8.764 13.0000000000
13173  -44.329  -60.439  6.211 13.0000000000
123441  -45.498  -59.951  -1.542 13.0000000000
11371  -42.506  -62.504  1.191 13.0000000000
9622  -45.284  -64.882  1.161 13.0000000000
12310  -45.714  -61.989  4.590 13.0000000000
12322  -46.734  -61.862  1.766 13.0000000000
120622  -46.984  -62.256  -1.444 13.0000000000
15273  -48.804  -58.398  -4.105 13.0000000000
17221  -46.802  -57.055  -4.722 13.0000000000
18056  -45.355  -55.456  5.847 13.0000000000
18088  -43.210  -55.898  2.702 13.0000000000
17106  -50.169  -56.990  5.848 13.0000000000
15173  -50.600  -57.861  4.126 13.0000000000
17127  -48.958  -56.938  3.990 13.0000000000
16131  -48.331  -57.280  2.418 13.0000000000
17126  -47.705  -56.905  3.841 13.0000000000
9630  -43.403  -65.912  -0.162 13.0000000000
7802  -41.976  -67.315  -1.024 13.0000000000
9629  -42.326  -65.458  0.010 13.0000000000
15126  -43.863  -59.312  10.009 13.0000000000
107553  -44.868  -59.614  8.899 13.0000000000
14112  -51.115  -58.469  8.744 13.0000000000
15258  -45.620  -58.884  -3.445 13.0000000000
15257  -44.414  -58.457  -2.809 13.0000000000
9593  -45.080  -64.799  2.263 13.0000000000
110652  -46.418  -60.793  6.456 13.0000000000
13193  -44.903  -61.125  5.727 13.0000000000
13195  -46.933  -60.756  5.313 13.0000000000
116978  -49.751  -58.937  1.537 13.0000000000
125061  -47.411  -60.196  2.890 13.0000000000
13240  -48.061  -60.545  0.950 13.0000000000
121169  -47.355  -61.701  0.301 13.0000000000
13266  -48.562  -60.263  -1.065 13.0000000000
13287  -47.773  -60.580  -2.784 13.0000000000
14240  -49.590  -58.731  -1.758 13.0000000000
16177  -45.948  -57.062  -0.631 13.0000000000
16193  -47.414  -57.369  -2.639 13.0000000000
17176  -45.450  -56.611  -1.547 13.0000000000
17207  -45.044  -55.773  -3.370 13.0000000000
18137  -44.184  -55.434  -1.619 13.0000000000
127440  -44.773  -54.853  6.712 13.0000000000
107198  -43.911  -55.346  5.235 13.0000000000
17110  -43.962  -56.085  4.037 13.0000000000
16250  -44.919  -56.999  -7.020 13.0000000000
15283  -43.717  -57.675  -5.154 13.0000000000
17232  -43.705  -56.384  -5.870 13.0000000000
14139  -49.455  -59.432  6.427 13.0000000000
14161  -48.254  -59.727  4.929 13.0000000000
14163  -50.248  -58.465  4.917 13.0000000000
15177  -50.281  -58.209  3.132 13.0000000000
15206  -50.275  -57.892  1.345 13.0000000000
15231  -50.084  -57.939  -0.976 13.0000000000
16163  -48.435  -57.473  0.589 13.0000000000
16162  -47.148  -57.441  0.854 13.0000000000
120693  -44.957  -56.828  1.020 13.0000000000
14121  -43.576  -59.660  7.515 13.0000000000
14108  -45.430  -59.839  8.226 13.0000000000
106634  -47.122  -60.325  7.997 13.0000000000
13159  -48.745  -60.224  7.927 13.0000000000
14123  -50.501  -59.204  7.745 13.0000000000
16090  -50.955  -57.849  7.511 13.0000000000
17080  -49.450  -56.877  6.780 13.0000000000
13252  -45.417  -62.228  -0.981 13.0000000000
11372  -43.376  -62.887  1.086 13.0000000000
13239  -44.007  -61.517  1.090 13.0000000000
128614  -44.989  -64.753  -0.347 13.0000000000
12289  -43.436  -61.289  5.151 13.0000000000
12309  -43.908  -62.042  4.799 13.0000000000
11360  -44.854  -63.308  4.039 13.0000000000
13217  -47.331  -60.211  3.805 13.0000000000
11361  -46.048  -61.981  3.605 13.0000000000
11366  -45.534  -63.519  2.925 13.0000000000
11374  -45.909  -63.490  1.928 13.0000000000
11385  -46.166  -63.556  -0.632 13.0000000000
12352  -45.650  -63.162  -1.306 13.0000000000
13276  -46.418  -61.662  -2.143 13.0000000000
115196  -47.374  -59.871  -3.910 13.0000000000
15286  -47.570  -58.490  -5.920 13.0000000000
16209  -49.390  -57.943  -2.752 13.0000000000
16223  -48.547  -57.854  -4.557 13.0000000000
17250  -46.619  -57.205  -6.821 13.0000000000
17233  -46.059  -55.973  -6.543 13.0000000000
17092  -47.365  -56.232  6.862 13.0000000000
116438  -45.935  -55.511  6.896 13.0000000000
17103  -47.048  -56.290  5.290 13.0000000000
111455  -45.163  -56.539  3.939 13.0000000000
17139  -44.591  -56.669  2.468 13.0000000000
17148  -43.832  -56.100  1.269 13.0000000000
18097  -42.656  -55.062  1.316 13.0000000000
110470  -43.610  -55.428  -0.098 13.0000000000
17116  -50.095  -56.964  5.013 13.0000000000
17115  -49.311  -56.777  4.685 13.0000000000
17114  -48.112  -56.591  4.784 13.0000000000
9620  -43.869  -65.154  0.020 13.0000000000
8702  -42.085  -66.353  -0.499 13.0000000000
118430  -44.071  -58.816  12.217 13.0000000000
15089  -43.808  -58.946  11.396 13.0000000000
15109  -43.499  -59.081  10.641 13.0000000000
15270  -45.746  -58.621  -4.739 13.0000000000
15269  -44.795  -58.373  -4.033 13.0000000000
9590  -42.907  -64.844  3.066 13.0000000000
9591  -43.781  -64.842  3.171 13.0000000000
9592  -44.551  -64.862  2.913 13.0000000000
13175  -47.021  -60.683  6.744 13.0000000000
107077  -47.067  -60.749  6.098 13.0000000000
14196  -49.185  -59.540  0.938 13.0000000000
14210  -49.585  -59.214  0.268 13.0000000000
13254  -48.433  -60.409  -0.032 13.0000000000
114521  -49.203  -59.589  -0.404 13.0000000000
14224  -49.450  -59.249  -1.105 13.0000000000
14225  -49.984  -58.313  -1.083 13.0000000000
108968  -46.572  -57.184  -1.544 13.0000000000
17194  -44.748  -55.914  -2.179 13.0000000000
122775  -44.625  -56.108  -1.248 13.0000000000
18181  -45.598  -55.361  -6.854 13.0000000000
16235  -43.972  -57.094  -6.117 13.0000000000
14153  -50.216  -58.735  5.953 13.0000000000
14152  -49.040  -59.411  5.557 13.0000000000
109963  -50.364  -57.484  3.613 13.0000000000
15178  -50.456  -57.743  3.126 13.0000000000
15188  -50.332  -57.872  2.274 13.0000000000
16133  -50.037  -57.589  1.822 13.0000000000
16147  -50.085  -57.761  0.828 13.0000000000
109621  -49.249  -57.356  1.883 13.0000000000
16130  -47.060  -57.377  2.288 13.0000000000
16145  -48.015  -57.425  1.547 13.0000000000
16144  -46.770  -57.403  1.606 13.0000000000
16161  -45.935  -57.259  1.138 13.0000000000
16143  -46.036  -57.277  2.091 13.0000000000
7813  -41.378  -68.776  -1.497 13.0000000000
8714  -40.932  -66.661  -1.416 13.0000000000
14120  -42.634  -59.509  7.435 13.0000000000
108874  -43.017  -59.448  8.084 13.0000000000
106399  -45.941  -59.787  8.832 13.0000000000
13146  -46.224  -60.110  8.092 13.0000000000
14109  -46.854  -60.007  8.727 13.0000000000
13148  -48.772  -60.195  8.755 13.0000000000
14110  -50.037  -59.735  9.077 13.0000000000
13149  -49.661  -59.817  8.241 13.0000000000
14111  -50.756  -59.220  8.532 13.0000000000
15148  -51.130  -58.088  7.951 13.0000000000
16089  -50.348  -57.328  7.099 13.0000000000
16076  -50.396  -57.700  7.913 13.0000000000
14238  -46.118  -60.617  -2.275 13.0000000000
13264  -45.125  -61.047  -0.386 13.0000000000
16221  -43.094  -57.637  -4.227 13.0000000000
15256  -43.299  -58.137  -2.938 13.0000000000
6969  -41.359  -68.414  -0.029 13.0000000000
9632  -45.274  -64.690  -0.040 13.0000000000
12291  -45.734  -61.453  5.408 13.0000000000
114951  -44.339  -61.575  5.239 13.0000000000
12290  -45.123  -61.899  5.125 13.0000000000
11346  -44.434  -62.746  4.484 13.0000000000
14166  -48.165  -59.649  4.109 13.0000000000
13210  -47.496  -60.252  4.733 13.0000000000
127506  -48.030  -59.691  3.352 13.0000000000
125479  -46.937  -61.011  2.320 13.0000000000
13216  -46.633  -60.984  3.403 13.0000000000
13225  -46.420  -61.844  2.632 13.0000000000
11367  -45.907  -62.697  2.799 13.0000000000
109086  -46.368  -62.679  1.770 13.0000000000
13253  -47.477  -61.644  -0.519 13.0000000000
12353  -46.716  -62.753  -0.883 13.0000000000
11395  -46.009  -63.334  -1.414 13.0000000000
12369  -46.264  -62.737  -1.602 13.0000000000
12379  -46.133  -62.316  -1.825 13.0000000000
12380  -46.588  -62.164  -1.892 13.0000000000
14254  -48.803  -59.095  -3.493 13.0000000000
14253  -47.943  -59.985  -3.506 13.0000000000
14269  -48.209  -59.224  -4.395 13.0000000000
14268  -47.502  -59.213  -4.935 13.0000000000
14283  -48.060  -58.753  -5.235 13.0000000000
16195  -49.655  -57.875  -1.672 13.0000000000
16194  -48.814  -57.643  -2.277 13.0000000000
17208  -46.375  -56.853  -3.492 13.0000000000
109995  -47.683  -57.403  -4.022 13.0000000000
16237  -47.348  -57.684  -6.263 13.0000000000
17234  -46.657  -56.955  -6.118 13.0000000000
17249  -46.165  -56.495  -7.162 13.0000000000
17220  -46.099  -56.463  -4.894 13.0000000000
18148  -44.537  -55.174  -2.971 13.0000000000
109312  -45.111  -55.241  -4.264 13.0000000000
19085  -45.126  -54.744  -4.463 13.0000000000
17079  -47.919  -56.718  7.282 13.0000000000
114564  -47.061  -56.520  7.426 13.0000000000
18023  -44.918  -55.402  7.683 13.0000000000
109846  -44.589  -55.054  6.049 13.0000000000
18045  -45.322  -55.187  6.694 13.0000000000
108248  -46.039  -55.582  6.445 13.0000000000
17102  -46.096  -55.886  5.529 13.0000000000
127588  -46.281  -56.329  4.793 13.0000000000
17112  -45.552  -56.249  4.649 13.0000000000
18074  -43.255  -55.831  3.647 13.0000000000
17123  -44.501  -56.391  3.758 13.0000000000
17122  -43.992  -56.330  3.160 13.0000000000
17149  -44.450  -56.554  1.630 13.0000000000
17138  -43.862  -56.258  2.174 13.0000000000
18103  -43.272  -55.430  0.696 13.0000000000
19048  -43.219  -54.917  -0.122 13.0000000000
18117  -43.581  -54.970  -0.992 13.0000000000
19057  -43.231  -54.304  -0.550 13.0000000000
11382  -42.363  -63.581  0.767 13.0000000000
10493  -41.874  -64.127  0.429 13.0000000000
16112  -50.801  -57.592  5.778 13.0000000000
110314  -50.804  -57.910  5.079 13.0000000000
16115  -50.495  -57.449  4.561 13.0000000000
16114  -50.050  -57.035  4.138 13.0000000000
16119  -49.847  -57.137  3.319 13.0000000000
113533  -48.661  -57.107  3.190 13.0000000000
16118  -47.364  -57.214  3.052 13.0000000000
17125  -46.580  -56.930  3.617 13.0000000000
8690  -43.133  -66.828  -0.279 13.0000000000
125849  -41.752  -67.989  -1.432 13.0000000000
15125  -43.372  -59.307  9.396 13.0000000000
14106  -43.754  -59.503  8.556 13.0000000000
14092  -44.094  -59.446  9.353 13.0000000000
14093  -44.682  -59.437  9.842 13.0000000000
14094  -45.627  -59.596  9.622 13.0000000000
15107  -41.892  -58.730  10.311 13.0000000000
14237  -45.474  -59.330  -2.354 13.0000000000
9608  -44.746  -65.455  1.697 13.0000000000
13174  -45.671  -60.562  6.786 13.0000000000
120358  -45.080  -60.658  6.340 13.0000000000
13194  -45.732  -60.978  6.083 13.0000000000
110789  -46.391  -61.042  5.737 13.0000000000
12292  -46.310  -61.312  4.997 13.0000000000
14178  -48.467  -59.569  2.603 13.0000000000
14195  -48.853  -59.580  1.716 13.0000000000
110980  -47.772  -60.308  1.953 13.0000000000
12323  -47.259  -61.336  1.335 13.0000000000
127485  -47.764  -61.053  0.225 13.0000000000
13265  -47.706  -61.277  -1.144 13.0000000000
13277  -47.767  -60.955  -1.944 13.0000000000
13278  -48.770  -59.827  -2.022 13.0000000000
13288  -48.552  -59.740  -2.906 13.0000000000
15259  -49.287  -58.189  -3.126 13.0000000000
16178  -47.086  -57.386  -0.763 13.0000000000
118740  -47.669  -57.442  -1.644 13.0000000000
16192  -46.207  -56.897  -2.310 13.0000000000
123365  -45.576  -56.239  -3.784 13.0000000000
17195  -45.467  -56.390  -2.693 13.0000000000
18044  -44.209  -54.521  6.687 13.0000000000
18066  -44.654  -55.609  5.216 13.0000000000
17111  -44.714  -56.123  4.477 13.0000000000
119940  -44.124  -55.773  4.669 13.0000000000
15284  -44.689  -58.118  -5.361 13.0000000000
16220  -43.119  -57.142  -4.863 13.0000000000
13177  -48.542  -60.004  6.485 13.0000000000
119795  -47.830  -60.269  5.701 13.0000000000
14162  -49.118  -59.117  4.478 13.0000000000
15172  -50.024  -58.469  3.960 13.0000000000
14179  -49.758  -58.754  2.296 13.0000000000
14180  -50.169  -58.331  1.684 13.0000000000
123871  -50.089  -58.404  0.239 13.0000000000
15232  -50.181  -58.092  -0.285 13.0000000000
16165  -50.094  -57.891  -0.059 13.0000000000
16164  -49.605  -57.587  0.259 13.0000000000
119262  -48.872  -57.492  -0.192 13.0000000000
114577  -47.693  -57.470  -0.054 13.0000000000
112446  -46.481  -57.306  0.163 13.0000000000
17161  -45.450  -56.940  0.253 13.0000000000
14137  -43.057  -59.740  6.705 13.0000000000
14138  -43.891  -59.951  6.756 13.0000000000
14107  -44.580  -59.768  7.837 13.0000000000
13155  -44.758  -60.180  6.958 13.0000000000
13156  -45.522  -60.160  7.531 13.0000000000
13157  -46.481  -60.493  7.271 13.0000000000
107440  -47.403  -60.504  7.298 13.0000000000
13158  -47.990  -60.396  7.986 13.0000000000
108770  -48.243  -60.327  7.267 13.0000000000
14122  -49.319  -59.760  7.295 13.0000000000
14140  -50.366  -58.976  6.870 13.0000000000
15157  -50.980  -58.130  6.422 13.0000000000
14141  -51.021  -58.334  7.416 13.0000000000
16102  -50.934  -57.685  6.342 13.0000000000
111467  -50.800  -57.571  6.764 13.0000000000
17095  -50.274  -57.171  6.508 13.0000000000
17094  -49.551  -56.796  6.277 13.0000000000
12351  -45.141  -62.937  -0.709 13.0000000000
11373  -44.146  -63.286  0.517 13.0000000000
12335  -44.443  -62.504  0.466 13.0000000000
12334  -43.693  -62.106  1.185 13.0000000000
15268  -43.709  -58.032  -4.015 13.0000000000
15245  -43.453  -58.348  -1.951 13.0000000000
126069  -43.558  -66.515  -0.041 13.0000000000
9631  -44.587  -64.947  -0.143 13.0000000000
10489  -44.712  -64.342  -0.356 13.0000000000
13192  -43.904  -60.804  5.633 13.0000000000
12308  -43.016  -61.859  4.672 13.0000000000
11345  -43.583  -62.662  4.401 13.0000000000
13209  -46.741  -60.777  4.425 13.0000000000
12311  -46.252  -61.407  4.229 13.0000000000
114880  -45.455  -62.890  3.799 13.0000000000
10473  -45.136  -63.730  3.428 13.0000000000
128388  -45.318  -63.985  2.968 13.0000000000
10482  -45.477  -64.211  2.230 13.0000000000
10490  -45.716  -64.248  0.891 13.0000000000
12336  -46.760  -62.579  0.589 13.0000000000
11375  -46.201  -63.579  0.628 13.0000000000
10496  -45.663  -64.129  -0.302 13.0000000000
11384  -45.537  -63.696  -0.959 13.0000000000
11383  -44.895  -63.675  -0.541 13.0000000000
14223  -45.764  -61.436  -1.531 13.0000000000
13286  -47.025  -61.494  -2.519 13.0000000000
14239  -46.734  -60.969  -2.769 13.0000000000
113855  -46.346  -59.937  -3.068 13.0000000000
14267  -46.691  -59.438  -4.178 13.0000000000
15271  -46.759  -58.805  -5.476 13.0000000000
15285  -45.923  -58.347  -6.093 13.0000000000
15246  -49.756  -58.094  -1.994 13.0000000000
16224  -48.993  -57.988  -3.788 13.0000000000
16208  -48.748  -57.743  -3.413 13.0000000000
15288  -48.615  -58.023  -4.783 13.0000000000
16238  -48.191  -57.960  -5.560 13.0000000000
16252  -46.943  -57.665  -6.735 13.0000000000
15302  -46.364  -57.793  -6.900 13.0000000000
112740  -45.815  -57.018  -7.261 13.0000000000
18171  -45.910  -55.789  -7.086 13.0000000000
18170  -45.559  -55.245  -6.756 13.0000000000
17219  -45.594  -55.661  -5.054 13.0000000000
112576  -45.422  -54.639  -6.646 13.0000000000
16088  -49.068  -57.181  7.463 13.0000000000
126043  -48.474  -56.618  6.932 13.0000000000
17093  -48.429  -56.503  6.413 13.0000000000
18035  -44.765  -54.866  7.173 13.0000000000
18057  -47.052  -56.017  6.267 13.0000000000
17104  -47.953  -56.380  5.725 13.0000000000
17113  -46.899  -56.600  4.403 13.0000000000
123703  -45.970  -56.622  4.131 13.0000000000
17124  -45.645  -56.875  3.407 13.0000000000
109216  -44.834  -56.686  3.233 13.0000000000
17140  -45.371  -57.018  2.668 13.0000000000
17150  -45.172  -57.000  1.850 13.0000000000
17160  -44.634  -56.441  0.268 13.0000000000
19023  -41.959  -54.845  3.510 13.0000000000
17159  -43.968  -55.972  0.429 13.0000000000
17174  -44.175  -55.857  -0.529 13.0000000000
18136  -44.052  -54.771  -2.082 13.0000000000
10494  -42.733  -64.715  0.414 13.0000000000
8701  -41.034  -65.857  -0.792 13.0000000000
9621  -44.813  -65.232  0.266 13.0000000000
10472  -44.559  -64.043  3.476 13.0000000000
10487  -43.102  -63.843  0.775 13.0000000000
10495  -45.178  -64.263  -0.555 13.0000000000
11347  -45.071  -62.576  4.552 13.0000000000
12368  -45.887  -62.739  -1.624 13.0000000000
12381  -47.169  -61.802  -1.901 13.0000000000
13251  -44.688  -61.539  0.295 13.0000000000
14124  -51.064  -58.547  8.123 13.0000000000
14197  -50.046  -58.537  0.963 13.0000000000
14252  -47.192  -60.670  -3.179 13.0000000000
15108  -42.732  -58.929  10.466 13.0000000000
15167  -50.909  -57.833  5.712 13.0000000000
15174  -50.750  -57.702  5.128 13.0000000000
15220  -50.274  -57.992  0.511 13.0000000000
15272  -48.445  -58.480  -4.878 13.0000000000
15287  -48.203  -58.189  -5.542 13.0000000000
15303  -47.177  -58.081  -6.594 13.0000000000
15304  -47.704  -58.014  -6.268 13.0000000000
16101  -50.667  -57.413  6.142 13.0000000000
16111  -50.582  -57.375  5.432 13.0000000000
16120  -50.199  -57.513  2.775 13.0000000000
16146  -49.417  -57.468  1.128 13.0000000000
16180  -49.681  -57.720  -0.629 13.0000000000
16207  -42.801  -57.840  -3.382 13.0000000000
16222  -47.678  -57.504  -5.290 13.0000000000
16236  -44.418  -57.591  -6.142 13.0000000000
16251  -46.351  -57.179  -7.088 13.0000000000
17247  -44.709  -56.237  -6.845 13.0000000000
17248  -45.676  -56.256  -7.197 13.0000000000
18067  -45.265  -55.866  5.130 13.0000000000
109249  -43.997  -66.218  0.112 13.0000000000
111014  -43.197  -59.166  10.035 13.0000000000
112090  -49.284  -58.843  -2.577 13.0000000000
113845  -41.006  -67.651  -1.979 13.0000000000
116781  -46.806  -58.369  -6.364 13.0000000000
117597  -51.103  -57.847  7.089 13.0000000000
119927  -44.645  -62.218  4.861 13.0000000000
120592  -46.902  -60.315  -3.426 13.0000000000
123024  -44.359  -56.397  0.928 13.0000000000
123933  -45.072  -64.335  2.984 13.0000000000
128768  -44.189  -59.853  7.260 13.0000000000
