#!ascii label  , from subject sub-01 vox2ras=TkReg
870
20179  -39.256  -52.871  -15.478 0.5000000000
21988  -38.390  -52.105  -15.195 0.8000000119
22921  -38.272  -50.273  -13.095 0.8000000119
22930  -38.880  -50.803  -13.913 0.8000000119
21984  -39.411  -51.424  -14.654 0.8000000119
20164  -38.843  -53.506  -15.476 0.5000000000
21990  -39.845  -52.150  -15.132 0.5000000000
21985  -40.191  -51.407  -14.576 0.6000000238
23856  -39.028  -49.300  -11.829 0.6999999881
23867  -39.395  -49.764  -12.511 0.6999999881
22931  -39.647  -50.750  -13.967 0.8000000119
20152  -39.783  -53.484  -14.310 0.6000000238
20165  -39.597  -53.284  -15.111 0.5000000000
20167  -40.922  -52.708  -14.558 0.6000000238
25728  -37.588  -47.850  -11.163 0.6999999881
21991  -40.590  -52.091  -14.787 0.6000000238
121435  -41.391  -52.091  -14.407 0.6000000238
24804  -38.284  -48.227  -11.160 0.6999999881
23855  -38.130  -48.981  -11.882 0.6999999881
23868  -40.222  -49.970  -12.284 0.6999999881
119168  -40.996  -51.472  -14.299 0.6000000238
21986  -42.942  -51.653  -13.573 0.6000000238
22924  -40.795  -50.431  -12.961 0.8000000119
22933  -41.390  -50.923  -13.675 0.8000000119
22934  -42.317  -51.035  -13.450 0.6999999881
20153  -40.741  -53.472  -13.640 0.4000000060
20154  -41.347  -53.257  -13.866 0.6000000238
25719  -38.265  -47.372  -10.801 0.6999999881
21987  -43.857  -51.976  -13.370 0.6000000238
128570  -38.752  -47.842  -10.813 0.6999999881
24805  -39.728  -49.001  -11.108 0.6999999881
118832  -39.746  -49.555  -11.774 0.6999999881
22917  -41.117  -50.160  -12.023 0.6000000238
23870  -42.662  -50.624  -12.723 0.6999999881
122786  -45.387  -49.819  -12.103 0.5000000000
23858  -41.436  -49.613  -11.306 0.6000000238
23859  -42.409  -49.539  -11.344 0.6000000238
23869  -42.066  -50.216  -11.922 0.6000000238
23861  -44.498  -49.480  -11.782 0.6000000238
23860  -43.443  -49.393  -11.498 0.6000000238
128543  -43.932  -48.947  -11.405 0.5000000000
111472  -41.436  -53.600  -13.126 0.4000000060
26678  -37.856  -46.475  -10.618 0.6999999881
111899  -42.232  -53.013  -13.590 0.6000000238
121651  -43.160  -52.597  -13.372 0.6000000238
24796  -40.149  -48.053  -10.619 0.6999999881
21975  -43.918  -51.335  -13.217 0.6000000238
24797  -41.183  -47.991  -10.617 0.6999999881
22927  -44.529  -50.788  -12.837 0.5000000000
23873  -45.784  -50.380  -12.303 0.6000000238
24807  -41.778  -48.789  -10.814 0.6999999881
24808  -42.702  -48.589  -10.945 0.6000000238
113632  -45.251  -49.098  -11.652 0.5000000000
23862  -46.142  -49.764  -11.948 0.5000000000
24809  -43.479  -48.416  -11.112 0.5000000000
28740  -36.281  -44.390  -9.315 0.6000000238
28741  -37.683  -44.464  -9.439 0.6000000238
19203  -42.117  -54.340  -11.856 0.5000000000
20141  -42.606  -53.985  -12.284 0.5000000000
27675  -37.983  -44.958  -10.019 0.6999999881
27686  -37.452  -45.630  -10.332 0.6999999881
20155  -42.885  -53.405  -12.906 0.5000000000
20156  -43.700  -53.153  -12.673 0.5000000000
21010  -44.780  -52.655  -12.010 0.4000000060
26679  -38.807  -46.490  -10.558 0.6999999881
21020  -44.749  -52.464  -12.422 0.5000000000
119439  -40.156  -47.095  -10.548 0.6999999881
25721  -40.759  -47.300  -10.556 0.6999999881
110151  -45.926  -51.462  -12.096 0.5000000000
24798  -42.080  -47.773  -10.710 0.6000000238
22918  -46.362  -50.402  -12.034 0.5000000000
25730  -43.611  -47.554  -11.039 0.6000000238
23863  -46.909  -50.149  -11.729 0.5000000000
26690  -43.757  -46.867  -11.098 0.5000000000
25731  -44.307  -47.423  -11.136 0.5000000000
112018  -45.069  -48.108  -11.281 0.5000000000
25725  -46.827  -48.394  -11.115 0.5000000000
25732  -45.706  -47.708  -11.094 0.5000000000
25726  -47.868  -47.472  -10.345 0.3000000119
21002  -43.983  -52.760  -11.280 0.3000000119
28728  -36.542  -44.103  -8.779 0.6000000238
28729  -37.383  -44.211  -8.804 0.6000000238
20129  -43.384  -53.604  -11.718 0.4000000060
21003  -44.599  -52.591  -11.639 0.4000000060
27676  -38.848  -45.151  -10.050 0.6000000238
21966  -45.911  -51.647  -11.686 0.5000000000
27688  -39.303  -45.730  -10.382 0.6999999881
26680  -39.772  -46.410  -10.539 0.6999999881
22919  -46.700  -50.645  -11.731 0.5000000000
25722  -41.496  -47.045  -10.634 0.5000000000
22920  -47.261  -50.419  -11.386 0.5000000000
25724  -43.114  -46.813  -10.969 0.5000000000
126948  -48.107  -49.662  -11.042 0.4000000060
113481  -46.941  -49.445  -11.545 0.3000000119
118809  -48.584  -48.386  -10.267 0.4000000060
26686  -46.284  -47.178  -10.814 0.5000000000
116850  -47.129  -47.656  -10.700 0.4000000060
28716  -36.991  -44.221  -8.038 0.6000000238
28717  -37.933  -44.430  -8.031 0.6000000238
28730  -38.248  -44.388  -8.876 0.6000000238
28731  -39.103  -44.633  -9.005 0.6000000238
27666  -40.012  -44.991  -9.268 0.6000000238
21959  -46.459  -51.281  -11.195 0.3000000119
21967  -46.417  -51.158  -11.722 0.4000000060
27678  -40.604  -45.425  -10.001 0.6000000238
22908  -46.961  -50.803  -10.616 0.3000000119
27690  -41.159  -45.856  -10.397 0.6000000238
26682  -41.764  -46.314  -10.604 0.6999999881
23851  -48.299  -49.929  -10.211 0.3000000119
22914  -47.721  -50.402  -10.826 0.3000000119
27691  -42.092  -45.836  -10.439 0.6000000238
24791  -49.116  -48.916  -9.480 0.3000000119
116663  -48.213  -49.814  -10.740 0.3000000119
111584  -42.837  -45.631  -10.478 0.5000000000
26683  -42.748  -46.155  -10.770 0.5000000000
26684  -43.585  -46.215  -11.052 0.5000000000
26673  -49.458  -47.040  -9.462 0.3000000119
24800  -49.052  -48.853  -9.940 0.3000000119
108620  -44.239  -45.763  -11.089 0.5000000000
126875  -44.706  -46.058  -11.119 0.5000000000
26689  -48.535  -47.092  -9.866 0.3000000119
27693  -44.373  -45.044  -10.863 0.5000000000
27696  -47.569  -45.465  -10.150 0.4000000060
27697  -48.699  -46.068  -9.747 0.3000000119
28702  -37.530  -44.576  -7.025 0.5000000000
109383  -38.560  -44.588  -7.245 0.6000000238
108495  -38.852  -44.581  -8.132 0.5000000000
27667  -41.134  -45.232  -9.126 0.6000000238
28733  -41.685  -44.846  -8.313 0.5000000000
25706  -49.987  -47.803  -8.555 0.3000000119
27679  -41.592  -45.506  -9.969 0.6000000238
26667  -50.998  -46.647  -8.099 0.3000000119
25714  -49.916  -47.630  -9.079 0.3000000119
27680  -42.521  -45.399  -9.978 0.6000000238
27692  -43.538  -45.521  -10.787 0.5000000000
28753  -45.234  -44.475  -10.661 0.5000000000
117196  -46.855  -45.860  -10.413 0.4000000060
28755  -47.316  -44.545  -10.212 0.4000000060
28704  -39.228  -44.487  -6.563 0.5000000000
28718  -39.462  -44.593  -7.400 0.5000000000
28719  -40.341  -44.605  -7.508 0.5000000000
106366  -39.749  -44.755  -8.262 0.5000000000
28720  -41.249  -44.511  -7.547 0.5000000000
26657  -50.500  -46.840  -7.725 0.3000000119
26662  -50.970  -46.644  -7.989 0.3000000119
27668  -42.161  -45.216  -9.099 0.6000000238
28744  -43.078  -44.932  -9.285 0.6000000238
28745  -43.825  -44.504  -9.728 0.5000000000
28756  -48.370  -44.930  -9.914 0.4000000060
29743  -48.668  -43.391  -9.785 0.4000000060
29719  -40.522  -43.880  -6.213 0.5000000000
29726  -40.831  -44.210  -6.859 0.5000000000
29728  -42.439  -43.404  -7.224 0.5000000000
27661  -50.062  -46.245  -7.465 0.4000000060
28722  -50.626  -45.021  -7.555 0.4000000060
28734  -42.668  -44.606  -8.436 0.5000000000
126716  -51.618  -44.888  -7.771 0.4000000060
28736  -51.969  -44.885  -8.176 0.3000000119
29733  -43.029  -43.829  -7.937 0.4000000060
28750  -51.956  -44.732  -8.402 0.3000000119
28735  -43.589  -44.175  -8.797 0.5000000000
128542  -44.013  -44.052  -9.338 0.4000000060
29747  -44.995  -43.705  -10.213 0.4000000060
29742  -47.679  -43.139  -9.960 0.4000000060
29716  -41.065  -43.150  -5.890 0.5000000000
29720  -41.607  -43.183  -6.427 0.5000000000
30706  -42.152  -42.770  -6.719 0.5000000000
111108  -49.302  -44.223  -7.635 0.4000000060
29729  -43.135  -43.014  -7.675 0.5000000000
30714  -42.694  -42.439  -7.282 0.4000000060
29731  -51.969  -44.016  -7.912 0.4000000060
29732  -52.400  -43.385  -8.173 0.4000000060
116467  -43.340  -42.079  -7.998 0.4000000060
29734  -43.715  -43.097  -8.428 0.4000000060
29736  -52.220  -43.968  -8.425 0.4000000060
29735  -44.321  -42.700  -9.120 0.4000000060
29739  -44.712  -43.169  -9.651 0.4000000060
120987  -45.907  -42.348  -9.845 0.4000000060
30730  -46.119  -42.870  -10.110 0.4000000060
30723  -46.539  -42.359  -9.863 0.4000000060
112138  -47.833  -41.802  -9.668 0.4000000060
30726  -49.254  -42.817  -9.647 0.4000000060
112189  -48.769  -42.018  -9.639 0.4000000060
30702  -41.239  -42.454  -5.528 0.5000000000
30705  -41.647  -42.320  -6.173 0.4000000060
29725  -49.209  -42.972  -7.801 0.4000000060
30715  -50.687  -42.925  -7.823 0.4000000060
114192  -42.255  -41.918  -6.774 0.5000000000
31696  -42.721  -41.484  -7.472 0.4000000060
30719  -43.915  -42.167  -8.705 0.4000000060
30718  -52.838  -42.427  -8.386 0.4000000060
30721  -44.503  -41.833  -9.149 0.4000000060
31703  -45.009  -41.332  -9.208 0.4000000060
30727  -49.912  -42.184  -9.575 0.3000000119
30724  -47.333  -42.424  -9.834 0.4000000060
127961  -41.902  -40.769  -6.479 0.4000000060
114072  -42.235  -41.046  -6.969 0.5000000000
32713  -42.671  -40.484  -7.666 0.4000000060
30713  -52.026  -41.908  -7.653 0.4000000060
33707  -42.962  -39.709  -7.948 0.4000000060
31697  -43.152  -41.120  -8.034 0.4000000060
33708  -43.653  -39.908  -8.240 0.4000000060
31700  -43.778  -41.317  -8.580 0.4000000060
31701  -44.405  -41.161  -8.911 0.4000000060
32721  -45.381  -40.937  -9.117 0.4000000060
31704  -45.732  -41.374  -9.400 0.4000000060
31705  -46.507  -41.309  -9.490 0.4000000060
31707  -49.221  -41.346  -9.581 0.4000000060
111363  -47.947  -41.161  -9.555 0.4000000060
31706  -48.434  -41.408  -9.587 0.4000000060
33705  -41.947  -39.510  -6.630 0.4000000060
33706  -42.405  -39.575  -7.441 0.4000000060
114451  -43.354  -39.107  -7.872 0.4000000060
118406  -44.460  -40.097  -8.502 0.4000000060
32718  -45.410  -40.310  -8.745 0.4000000060
31708  -50.326  -41.257  -9.544 0.4000000060
33713  -45.832  -39.600  -8.396 0.4000000060
32723  -46.879  -40.706  -9.308 0.4000000060
109370  -46.928  -39.463  -8.573 0.4000000060
33714  -47.323  -40.039  -9.064 0.4000000060
33718  -48.210  -39.876  -9.251 0.4000000060
116842  -42.218  -38.784  -7.110 0.4000000060
118259  -42.738  -38.888  -7.650 0.4000000060
126778  -43.675  -37.934  -7.612 0.4000000060
34702  -43.969  -38.519  -7.732 0.4000000060
33709  -44.130  -39.385  -8.058 0.4000000060
34703  -44.854  -38.329  -7.596 0.4000000060
34708  -45.406  -38.965  -7.887 0.4000000060
34709  -46.331  -38.966  -8.092 0.4000000060
34705  -46.636  -38.100  -7.683 0.4000000060
33719  -49.189  -39.706  -9.422 0.3000000119
33715  -47.782  -39.223  -8.741 0.4000000060
32725  -48.577  -40.665  -9.504 0.4000000060
34696  -42.215  -38.045  -6.649 0.4000000060
34700  -42.638  -38.103  -7.352 0.4000000060
36726  -43.134  -36.703  -7.148 0.4000000060
35728  -43.576  -37.347  -7.537 0.4000000060
120469  -44.216  -37.724  -7.570 0.4000000060
34704  -45.748  -38.226  -7.576 0.4000000060
35731  -46.925  -37.297  -7.618 0.4000000060
32726  -50.856  -40.365  -9.510 0.4000000060
33720  -50.256  -39.593  -9.496 0.3000000119
34710  -47.205  -38.656  -8.219 0.4000000060
34714  -48.844  -38.839  -9.028 0.5000000000
34715  -49.831  -37.977  -9.168 0.4000000060
34711  -48.099  -38.164  -8.383 0.5000000000
37631  -43.109  -35.956  -6.547 0.4000000060
36723  -43.616  -35.896  -7.139 0.4000000060
126738  -43.328  -37.006  -7.421 0.4000000060
37633  -44.228  -35.864  -7.498 0.4000000060
36731  -47.285  -36.483  -7.704 0.4000000060
34712  -49.011  -37.890  -8.719 0.5000000000
126734  -43.206  -34.761  -5.939 0.4000000060
37627  -43.504  -35.094  -6.546 0.4000000060
38583  -44.098  -35.120  -7.235 0.4000000060
36734  -48.208  -36.429  -8.125 0.4000000060
35733  -48.656  -37.224  -8.415 0.5000000000
38576  -43.408  -34.250  -6.078 0.4000000060
38580  -43.962  -34.312  -6.773 0.4000000060
118023  -48.756  -35.475  -8.435 0.5000000000
115258  -42.354  -31.526  -5.777 0.4000000060
39464  -43.027  -33.553  -5.628 0.4000000060
40468  -42.790  -32.234  -5.778 0.4000000060
40471  -43.441  -32.403  -6.128 0.4000000060
115653  -43.806  -31.745  -6.407 0.5000000000
114870  -42.572  -32.885  -5.458 0.4000000060
118877  -45.075  -45.521  -10.999 0.5000000000
28754  -46.311  -44.244  -10.458 0.5000000000
28747  -48.023  -43.970  -9.987 0.4000000060
20178  -38.513  -53.201  -15.826 0.5000000000
22929  -38.110  -51.143  -13.616 0.8000000119
22916  -37.572  -50.361  -12.459 0.8000000119
120327  -37.382  -49.815  -12.064 0.6999999881
20151  -38.872  -53.754  -14.471 0.5000000000
24803  -37.443  -48.430  -11.525 0.6999999881
110203  -39.352  -53.556  -13.332 0.5000000000
25727  -36.885  -47.915  -11.313 0.6999999881
20139  -41.101  -53.810  -12.686 0.4000000060
25718  -37.320  -47.242  -10.929 0.6999999881
27674  -37.009  -44.819  -9.821 0.6999999881
19202  -41.475  -54.303  -11.874 0.4000000060
19192  -42.506  -54.265  -11.555 0.4000000060
28727  -35.528  -44.058  -8.763 0.6000000238
20110  -43.364  -53.425  -11.326 0.4000000060
28701  -36.490  -44.367  -7.216 0.6000000238
28703  -38.384  -44.620  -6.327 0.5000000000
28694  -39.825  -44.146  -5.985 0.5000000000
29715  -40.351  -43.588  -5.545 0.4000000060
31685  -41.450  -41.683  -5.498 0.4000000060
32696  -41.594  -40.303  -5.361 0.4000000060
32704  -41.772  -40.215  -6.196 0.4000000060
33702  -41.697  -39.561  -5.700 0.4000000060
34695  -41.878  -38.730  -6.056 0.4000000060
36719  -42.708  -36.682  -6.399 0.4000000060
124855  -42.700  -36.046  -5.859 0.4000000060
37626  -42.922  -35.270  -5.762 0.4000000060
121938  -42.439  -34.939  -4.965 0.4000000060
40467  -42.123  -32.218  -5.517 0.4000000060
21982  -37.732  -51.753  -14.380 0.8000000119
22923  -39.911  -50.292  -13.140 0.8000000119
20166  -40.414  -53.204  -14.491 0.5000000000
23866  -38.596  -49.639  -12.554 0.6999999881
24806  -40.786  -48.934  -10.800 0.6999999881
125851  -41.626  -52.700  -14.154 0.6000000238
22926  -43.123  -51.069  -13.272 0.6999999881
22925  -41.729  -50.560  -12.800 0.6999999881
21032  -44.496  -52.158  -12.987 0.6000000238
115052  -43.614  -50.700  -12.830 0.6000000238
23871  -44.058  -50.146  -12.272 0.6000000238
27687  -38.381  -45.664  -10.378 0.6999999881
21976  -44.780  -51.463  -12.927 0.5000000000
28742  -38.511  -44.687  -9.543 0.6000000238
20142  -43.658  -53.486  -12.079 0.5000000000
21958  -45.740  -51.666  -11.167 0.3000000119
26685  -45.268  -46.579  -10.999 0.5000000000
28732  -40.689  -44.894  -8.315 0.6000000238
28752  -44.461  -44.408  -10.350 0.5000000000
27694  -45.921  -45.115  -10.693 0.5000000000
29741  -46.846  -42.960  -10.055 0.4000000060
111873  -47.295  -41.244  -9.545 0.4000000060
32722  -46.052  -40.814  -9.188 0.4000000060
39466  -43.662  -33.377  -6.266 0.4000000060
16301  -21.811  -57.175  -13.197 0.4000000060
17316  -22.593  -56.656  -13.749 0.4000000060
17317  -23.327  -56.213  -14.291 0.4000000060
18257  -24.059  -55.892  -14.827 0.4000000060
18251  -23.857  -55.718  -13.458 0.4000000060
18252  -24.586  -55.365  -13.980 0.4000000060
18253  -25.222  -55.122  -14.308 0.4000000060
19205  -25.782  -54.461  -13.871 0.4000000060
19214  -27.016  -54.652  -14.873 0.5000000000
18247  -24.356  -55.008  -12.795 0.4000000060
19204  -25.045  -54.653  -13.317 0.4000000060
19206  -26.557  -54.061  -13.992 0.5000000000
19207  -27.272  -53.776  -14.126 0.5000000000
20158  -27.881  -53.516  -14.180 0.6000000238
19194  -24.688  -53.873  -12.395 0.4000000060
19195  -25.425  -53.728  -12.798 0.4000000060
20133  -27.249  -52.636  -12.775 0.4000000060
19215  -27.841  -54.223  -14.775 0.5000000000
20126  -39.633  -53.656  -12.178 0.4000000060
19177  -42.287  -54.480  -10.947 0.3000000119
20168  -29.293  -54.199  -15.284 0.5000000000
119731  -36.603  -54.625  -14.527 0.5000000000
20136  -37.574  -53.806  -12.706 0.4000000060
20120  -28.278  -52.976  -11.322 0.4000000060
20146  -27.555  -53.040  -13.521 0.5000000000
20147  -28.238  -52.968  -13.776 0.5000000000
123664  -27.522  -52.856  -11.617 0.4000000060
20132  -26.514  -52.828  -12.533 0.4000000060
20160  -29.419  -53.400  -14.762 0.6000000238
20169  -29.896  -53.870  -15.356 0.6000000238
20171  -31.362  -53.855  -15.713 0.6999999881
19212  -37.399  -54.495  -14.819 0.5000000000
120821  -33.333  -54.242  -15.810 0.6999999881
19221  -36.186  -54.571  -15.415 0.6999999881
20173  -33.267  -53.791  -16.105 0.6999999881
19229  -34.024  -54.156  -15.922 0.6999999881
21012  -27.977  -52.478  -13.068 0.5000000000
21023  -29.260  -52.397  -13.378 0.6000000238
21033  -29.730  -52.664  -14.162 0.6000000238
21025  -32.136  -52.445  -14.552 0.6000000238
21006  -28.645  -52.540  -11.946 0.4000000060
113864  -29.336  -52.409  -12.086 0.5000000000
21014  -30.170  -52.187  -13.381 0.6000000238
21034  -30.614  -52.597  -14.392 0.6000000238
21036  -32.825  -52.740  -15.266 0.6000000238
21043  -32.848  -53.286  -15.775 0.6000000238
20128  -42.887  -53.960  -11.369 0.3000000119
20162  -30.959  -53.269  -15.234 0.6000000238
20174  -34.268  -53.632  -16.186 0.6999999881
19223  -37.446  -54.271  -15.781 0.6000000238
20163  -38.171  -54.132  -15.239 0.5000000000
20999  -30.481  -52.375  -10.706 0.6000000238
21009  -31.704  -51.834  -11.362 0.6000000238
109131  -31.391  -51.871  -12.199 0.6999999881
21016  -31.707  -51.834  -12.870 0.6000000238
21017  -32.277  -52.008  -13.588 0.6000000238
21037  -33.416  -52.560  -15.038 0.6000000238
107507  -29.939  -52.438  -11.439 0.5000000000
122018  -29.502  -52.241  -12.781 0.6000000238
21038  -34.163  -52.579  -15.201 0.6000000238
21045  -34.666  -52.991  -15.951 0.6999999881
21046  -35.646  -52.991  -16.126 0.6999999881
20175  -35.222  -53.617  -16.301 0.6999999881
107858  -38.088  -53.676  -15.998 0.6000000238
20176  -36.169  -53.632  -16.390 0.6999999881
127322  -32.385  -51.641  -10.824 0.6000000238
21960  -32.489  -51.654  -11.604 0.6999999881
21961  -33.300  -51.624  -11.704 0.6999999881
21969  -32.619  -51.752  -12.579 0.6999999881
21979  -33.173  -51.983  -13.424 0.6000000238
21041  -38.563  -52.727  -15.702 0.5000000000
21039  -35.209  -52.562  -15.243 0.6999999881
114652  -36.069  -52.672  -15.711 0.6999999881
20177  -37.194  -53.587  -16.308 0.6000000238
21963  -35.221  -51.523  -11.440 0.6999999881
21973  -36.533  -51.509  -12.492 0.6999999881
21962  -34.203  -51.620  -11.639 0.6999999881
21972  -35.577  -51.747  -12.369 0.6000000238
21980  -35.920  -52.016  -13.355 0.5000000000
21970  -33.644  -51.791  -12.504 0.6999999881
21018  -34.090  -52.074  -13.307 0.6000000238
108978  -36.184  -52.333  -14.619 0.6999999881
116854  -37.735  -52.492  -15.559 0.5000000000
21026  -33.694  -52.294  -14.233 0.6000000238
21040  -36.821  -52.558  -15.616 0.6999999881
117173  -37.264  -52.895  -16.134 0.6000000238
21964  -36.554  -51.095  -11.666 0.6999999881
120864  -37.680  -50.886  -12.897 0.6999999881
22915  -37.011  -50.510  -11.843 0.6999999881
21029  -37.064  -52.200  -14.756 0.6000000238
21974  -37.347  -51.363  -13.135 0.6999999881
20150  -37.969  -54.123  -14.021 0.5000000000
21981  -36.808  -51.853  -13.704 0.6000000238
19213  -26.300  -54.744  -14.645 0.4000000060
20118  -26.192  -52.692  -11.937 0.4000000060
20144  -26.136  -53.482  -13.117 0.4000000060
21013  -28.719  -52.369  -12.688 0.4000000060
21005  -27.869  -52.514  -12.252 0.4000000060
120878  -34.569  -54.454  -15.533 0.6999999881
19231  -35.757  -54.224  -16.059 0.6999999881
21024  -31.294  -52.141  -13.775 0.6000000238
107843  -32.898  -52.304  -14.341 0.6000000238
21008  -30.805  -52.109  -11.678 0.6999999881
21007  -30.104  -52.194  -12.370 0.6000000238
21028  -35.367  -52.295  -14.104 0.6000000238
114094  -36.037  -51.434  -11.691 0.6000000238
114831  -33.076  -51.527  -10.894 0.5000000000
20998  -29.743  -52.689  -10.448 0.4000000060
21940  -31.910  -51.748  -10.104 0.5000000000
21952  -34.497  -51.172  -10.240 0.6000000238
20069  -29.414  -52.859  -9.398 0.4000000060
20989  -30.839  -52.061  -8.788 0.5000000000
20993  -31.144  -52.102  -9.679 0.5000000000
21941  -32.511  -51.347  -9.143 0.5000000000
21942  -33.371  -51.072  -9.313 0.5000000000
22900  -33.832  -50.421  -8.809 0.5000000000
21950  -32.817  -51.470  -10.072 0.5000000000
120344  -34.632  -51.415  -10.918 0.6000000238
21953  -35.260  -51.100  -10.535 0.5000000000
22910  -35.042  -50.625  -9.803 0.5000000000
22911  -35.785  -50.399  -10.342 0.6999999881
22902  -35.331  -50.066  -9.639 0.6000000238
23850  -36.344  -49.574  -10.817 0.6000000238
20987  -29.153  -52.608  -8.458 0.5000000000
21935  -31.228  -51.386  -8.226 0.5000000000
108524  -32.116  -51.030  -8.276 0.5000000000
22912  -36.452  -50.470  -11.155 0.6000000238
22901  -34.673  -50.110  -9.127 0.6000000238
23849  -35.713  -49.526  -10.043 0.5000000000
24802  -36.723  -48.683  -11.431 0.6000000238
21929  -30.725  -51.007  -7.879 0.5000000000
21930  -31.463  -50.509  -7.879 0.5000000000
22885  -31.766  -49.826  -7.841 0.5000000000
22890  -32.478  -50.166  -7.965 0.5000000000
23843  -34.473  -49.341  -8.887 0.5000000000
23853  -36.909  -49.659  -11.584 0.6000000238
24790  -35.426  -48.826  -9.895 0.5000000000
24794  -35.951  -48.559  -10.720 0.6000000238
117664  -29.897  -50.967  -7.787 0.5000000000
22884  -30.486  -50.306  -7.836 0.5000000000
23828  -31.309  -49.044  -8.352 0.5000000000
120551  -31.281  -48.106  -9.352 0.5000000000
114227  -31.382  -47.378  -9.700 0.6000000238
24772  -32.301  -48.707  -8.525 0.4000000060
25711  -31.822  -46.584  -9.694 0.4000000060
126936  -32.005  -48.003  -9.385 0.5000000000
24788  -33.261  -48.073  -9.365 0.5000000000
23830  -32.954  -49.435  -8.133 0.4000000060
26670  -32.751  -46.044  -9.672 0.4000000060
25715  -33.938  -47.212  -10.096 0.5000000000
113801  -32.604  -45.129  -9.258 0.4000000060
25713  -34.562  -47.607  -10.138 0.6000000238
24793  -35.209  -48.047  -10.370 0.6000000238
25717  -36.482  -47.313  -10.956 0.6000000238
26677  -36.931  -46.503  -10.642 0.6000000238
25712  -33.100  -47.161  -9.859 0.5000000000
27671  -33.570  -45.319  -9.536 0.5000000000
26672  -34.433  -45.933  -10.017 0.5000000000
26671  -33.691  -46.486  -9.997 0.5000000000
28725  -33.494  -43.955  -8.318 0.4000000060
28738  -34.792  -44.217  -9.097 0.5000000000
123069  -35.790  -45.864  -10.243 0.6000000238
121817  -34.427  -46.875  -10.336 0.6000000238
107910  -35.978  -46.633  -10.640 0.6000000238
28739  -35.414  -44.583  -9.444 0.5000000000
106864  -35.867  -44.423  -6.527 0.3000000119
106863  -35.669  -44.184  -7.326 0.4000000060
28714  -35.097  -43.911  -7.884 0.4000000060
111196  -36.053  -45.091  -9.837 0.5000000000
27685  -36.533  -45.731  -10.277 0.6000000238
30701  -40.757  -42.923  -5.189 0.3000000119
29712  -40.171  -43.387  -4.814 0.3000000119
28693  -39.084  -44.378  -5.733 0.4000000060
108859  -37.567  -44.727  -5.962 0.4000000060
32689  -41.494  -40.536  -4.508 0.3000000119
117590  -41.647  -39.002  -5.206 0.3000000119
33700  -41.573  -39.617  -4.660 0.3000000119
35718  -41.962  -37.461  -5.181 0.3000000119
35719  -42.319  -37.377  -6.075 0.3000000119
36718  -42.296  -36.630  -5.323 0.3000000119
36713  -42.394  -35.687  -5.050 0.3000000119
37619  -41.818  -35.155  -4.377 0.3000000119
39463  -42.333  -33.567  -5.072 0.3000000119
28715  -36.052  -44.075  -8.055 0.5000000000
31682  -41.317  -41.426  -4.479 0.3000000119
21954  -35.965  -51.102  -11.028 0.5000000000
115160  -31.669  -51.698  -8.957 0.5000000000
24774  -34.006  -48.621  -8.915 0.5000000000
26675  -35.060  -47.264  -10.523 0.6000000238
19201  -36.183  -54.520  -13.448 0.3000000119
19219  -33.886  -54.531  -15.298 0.6000000238
19210  -34.723  -54.654  -14.498 0.6000000238
20089  -38.206  -54.042  -9.983 0.3000000119
20107  -38.283  -53.571  -11.002 0.3000000119
20124  -37.193  -53.585  -11.398 0.3000000119
20125  -38.741  -53.541  -11.975 0.3000000119
120911  -38.030  -53.537  -11.977 0.3000000119
128557  -39.022  -53.529  -12.609 0.3000000119
19209  -33.727  -54.688  -14.169 0.6000000238
19161  -38.865  -55.112  -9.497 0.3000000119
19173  -39.057  -54.420  -10.255 0.3000000119
20108  -39.284  -53.893  -11.156 0.3000000119
19189  -40.219  -54.327  -11.222 0.3000000119
20123  -36.258  -53.912  -11.658 0.3000000119
20135  -36.637  -54.056  -12.523 0.3000000119
19200  -35.304  -54.610  -13.377 0.4000000060
125760  -28.691  -53.082  -10.794 0.4000000060
19147  -38.665  -55.785  -8.826 0.3000000119
19162  -39.661  -55.320  -9.659 0.3000000119
18232  -40.319  -55.342  -9.888 0.3000000119
19175  -40.659  -54.998  -10.496 0.3000000119
17327  -23.935  -56.807  -15.943 0.5000000000
107960  -24.600  -56.916  -15.825 0.5000000000
17322  -22.843  -56.607  -15.176 0.4000000060
17323  -23.602  -56.417  -15.469 0.4000000060
17326  -23.229  -56.826  -15.940 0.4000000060
16323  -23.788  -57.345  -15.982 0.5000000000
18262  -28.343  -55.518  -15.040 0.5000000000
16325  -26.103  -56.389  -15.302 0.5000000000
18266  -25.453  -55.833  -15.548 0.5000000000
17329  -25.705  -56.128  -15.629 0.5000000000
17324  -24.281  -56.261  -15.592 0.4000000060
110781  -29.648  -55.347  -14.753 0.6000000238
114752  -29.038  -55.224  -15.130 0.6000000238
18269  -28.413  -55.149  -15.340 0.5000000000
17331  -26.884  -55.803  -15.342 0.5000000000
18259  -25.730  -55.302  -14.975 0.3000000119
18260  -26.409  -55.247  -15.207 0.4000000060
128107  -26.512  -55.699  -15.390 0.5000000000
18256  -31.149  -55.145  -14.146 0.6000000238
19216  -30.543  -54.698  -15.323 0.6000000238
18270  -29.221  -54.851  -15.390 0.6000000238
19224  -27.731  -54.962  -15.303 0.4000000060
109693  -32.830  -54.758  -13.847 0.6000000238
19188  -34.963  -54.519  -12.551 0.4000000060
114825  -32.106  -54.461  -15.456 0.6000000238
119911  -28.538  -54.600  -15.224 0.4000000060
20105  -36.300  -53.663  -10.763 0.3000000119
123493  -36.978  -53.546  -10.368 0.3000000119
20134  -35.699  -54.332  -12.368 0.3000000119
19199  -34.428  -54.609  -13.229 0.5000000000
19227  -31.753  -54.222  -15.754 0.6000000238
19217  -32.057  -54.809  -14.648 0.6000000238
18264  -30.450  -55.081  -14.948 0.6000000238
19187  -34.300  -54.496  -12.089 0.3000000119
18255  -30.234  -55.446  -14.070 0.5000000000
120136  -30.648  -55.421  -13.279 0.5000000000
19208  -32.001  -54.965  -13.451 0.5000000000
18249  -30.608  -55.457  -12.404 0.4000000060
18250  -31.271  -55.217  -12.895 0.5000000000
108946  -29.934  -55.715  -12.990 0.5000000000
17315  -29.068  -56.012  -13.262 0.5000000000
17304  -29.316  -56.073  -12.124 0.4000000060
18244  -31.211  -55.165  -11.897 0.4000000060
19196  -31.940  -54.929  -12.339 0.4000000060
19198  -33.508  -54.637  -12.872 0.5000000000
17325  -27.918  -56.018  -14.707 0.5000000000
17321  -28.828  -55.727  -14.425 0.5000000000
126733  -33.083  -54.637  -12.307 0.4000000060
119931  -23.531  -61.506  -19.332 0.3000000119
119732  -24.033  -61.700  -19.602 0.3000000119
12530  -24.186  -61.080  -19.438 0.3000000119
13447  -24.640  -60.659  -18.788 0.3000000119
115123  -25.413  -60.354  -17.838 0.4000000060
12520  -23.501  -61.145  -18.590 0.3000000119
112025  -22.741  -61.285  -17.644 0.3000000119
13441  -25.962  -60.373  -16.905 0.4000000060
13440  -24.398  -60.802  -17.622 0.4000000060
12511  -23.505  -61.157  -17.113 0.3000000119
13428  -25.720  -60.690  -15.877 0.4000000060
13427  -24.614  -61.070  -15.526 0.4000000060
12501  -23.586  -61.193  -15.852 0.4000000060
113641  -22.768  -61.177  -16.441 0.4000000060
12510  -21.908  -61.231  -17.326 0.4000000060
13402  -26.240  -61.016  -13.514 0.3000000119
109810  -25.395  -60.945  -14.725 0.4000000060
13414  -24.662  -60.994  -13.777 0.4000000060
13413  -24.401  -61.082  -14.481 0.4000000060
108723  -23.003  -60.634  -14.406 0.4000000060
12500  -22.923  -61.025  -15.319 0.4000000060
12499  -22.175  -60.893  -15.996 0.4000000060
13367  -25.416  -60.636  -11.570 0.3000000119
13401  -25.118  -60.989  -13.099 0.4000000060
13384  -23.678  -59.916  -12.868 0.4000000060
13400  -24.056  -60.518  -12.986 0.4000000060
13399  -23.178  -60.133  -13.621 0.4000000060
14370  -23.263  -59.678  -13.485 0.4000000060
13398  -22.533  -60.112  -14.444 0.4000000060
14369  -22.743  -59.678  -14.185 0.4000000060
13411  -22.092  -60.098  -15.115 0.4000000060
14347  -24.798  -59.650  -11.568 0.4000000060
14346  -24.227  -59.623  -12.291 0.4000000060
15358  -23.794  -58.548  -13.872 0.4000000060
15361  -23.509  -58.160  -15.406 0.4000000060
14382  -22.182  -59.595  -15.139 0.4000000060
15356  -22.658  -58.796  -15.253 0.4000000060
14396  -21.526  -59.574  -15.921 0.4000000060
15352  -24.816  -58.496  -12.275 0.4000000060
16302  -24.588  -58.139  -13.499 0.4000000060
16312  -25.226  -57.490  -14.366 0.4000000060
16318  -24.419  -57.648  -15.188 0.4000000060
15366  -23.044  -57.782  -16.096 0.4000000060
16303  -25.335  -57.771  -12.946 0.4000000060
17318  -26.512  -56.702  -14.437 0.4000000060
115899  -26.981  -56.161  -15.064 0.4000000060
17314  -28.479  -56.393  -12.535 0.4000000060
17312  -26.795  -56.947  -13.258 0.4000000060
17320  -28.223  -56.236  -13.645 0.4000000060
18243  -30.514  -55.442  -11.535 0.3000000119
18231  -31.096  -55.112  -10.999 0.3000000119
107369  -25.130  -57.122  -15.407 0.4000000060
17313  -27.648  -56.679  -12.871 0.4000000060
19184  -31.847  -54.833  -11.385 0.3000000119
107812  -25.093  -60.741  -16.695 0.4000000060
127762  -24.248  -61.059  -16.515 0.4000000060
12492  -23.674  -61.081  -14.824 0.4000000060
126253  -25.528  -60.997  -13.890 0.4000000060
106572  -25.731  -61.034  -12.447 0.3000000119
106356  -23.742  -60.765  -13.903 0.4000000060
122970  -25.111  -60.112  -11.280 0.3000000119
13386  -24.786  -60.605  -12.304 0.4000000060
13385  -24.217  -60.126  -12.376 0.4000000060
15350  -23.633  -59.322  -13.093 0.4000000060
15346  -24.545  -59.122  -11.947 0.4000000060
16313  -25.982  -57.234  -13.736 0.4000000060
16319  -25.757  -56.958  -14.945 0.4000000060
16304  -26.188  -57.464  -12.508 0.4000000060
13430  -27.280  -60.387  -15.598 0.3000000119
14410  -27.523  -59.727  -17.403 0.3000000119
13450  -27.173  -59.711  -18.359 0.3000000119
13442  -26.716  -59.994  -17.320 0.3000000119
112764  -26.607  -60.359  -16.238 0.3000000119
126298  -26.095  -60.170  -17.567 0.3000000119
13429  -26.402  -60.646  -15.219 0.3000000119
13415  -26.153  -60.836  -14.372 0.3000000119
15347  -25.135  -59.003  -11.356 0.3000000119
16293  -25.582  -58.140  -11.819 0.3000000119
16305  -27.058  -57.156  -12.156 0.3000000119
17303  -28.644  -56.419  -11.689 0.3000000119
13416  -27.076  -60.697  -14.505 0.3000000119
13366  -24.660  -60.131  -11.802 0.4000000060
13412  -22.405  -60.501  -15.055 0.4000000060
15351  -24.152  -58.830  -12.689 0.4000000060
15357  -23.100  -59.056  -14.057 0.4000000060
16324  -25.364  -56.603  -15.598 0.5000000000
17319  -27.351  -56.464  -14.021 0.4000000060
17328  -24.904  -56.345  -15.675 0.5000000000
17330  -26.382  -56.028  -15.525 0.5000000000
18224  -40.554  -55.371  -9.582 0.3000000119
18242  -29.791  -55.753  -11.313 0.3000000119
18248  -30.048  -55.725  -12.046 0.4000000060
18254  -29.550  -55.687  -13.930 0.5000000000
18258  -24.880  -55.713  -15.178 0.3000000119
18261  -27.611  -55.597  -15.254 0.5000000000
18263  -29.834  -54.964  -15.262 0.6000000238
18265  -31.292  -54.692  -15.237 0.6000000238
18267  -26.012  -55.719  -15.507 0.5000000000
18268  -27.013  -55.356  -15.298 0.5000000000
19174  -39.887  -54.755  -10.431 0.3000000119
19197  -32.680  -54.765  -12.750 0.4000000060
19211  -35.744  -54.677  -14.430 0.5000000000
19218  -32.932  -54.578  -15.163 0.6000000238
19220  -35.323  -54.522  -15.436 0.6999999881
19222  -36.889  -54.539  -15.397 0.6000000238
19225  -30.070  -54.475  -15.492 0.6000000238
19226  -30.952  -54.348  -15.597 0.6000000238
19228  -32.594  -54.184  -15.850 0.6999999881
19230  -34.868  -54.169  -16.011 0.6999999881
19232  -36.639  -54.253  -16.018 0.6000000238
20106  -37.593  -53.585  -10.469 0.3000000119
20111  -44.028  -53.144  -11.798 0.4000000060
20122  -35.558  -54.035  -11.351 0.3000000119
20127  -40.657  -54.005  -11.995 0.4000000060
20131  -25.769  -52.964  -12.304 0.4000000060
20137  -38.521  -53.643  -12.984 0.5000000000
20138  -40.241  -53.561  -13.049 0.4000000060
20140  -41.848  -54.019  -12.487 0.5000000000
20143  -44.239  -53.006  -12.230 0.4000000060
20145  -26.848  -53.226  -13.338 0.5000000000
20148  -28.939  -52.848  -14.025 0.5000000000
20149  -37.061  -54.326  -13.665 0.3000000119
20157  -44.271  -52.716  -12.670 0.5000000000
20159  -28.577  -53.662  -14.638 0.5000000000
20161  -30.184  -53.262  -14.940 0.6000000238
20170  -30.566  -53.888  -15.530 0.6000000238
20172  -32.255  -53.739  -15.870 0.6999999881
20988  -29.963  -52.342  -8.677 0.5000000000
20992  -30.364  -52.431  -9.643 0.5000000000
20997  -29.117  -52.789  -11.206 0.5000000000
21000  -31.149  -52.103  -10.655 0.6000000238
21004  -45.254  -52.150  -11.668 0.3000000119
21011  -45.421  -52.064  -12.177 0.5000000000
21015  -30.885  -51.957  -12.743 0.6000000238
21019  -35.010  -52.109  -13.241 0.6000000238
21021  -45.064  -51.971  -12.641 0.5000000000
21022  -28.599  -52.542  -13.364 0.6000000238
21027  -34.567  -52.325  -14.211 0.6000000238
21030  -42.241  -52.264  -13.966 0.6000000238
21031  -43.955  -52.552  -13.070 0.6000000238
21035  -31.460  -52.721  -14.848 0.6000000238
21042  -40.123  -52.745  -15.055 0.5000000000
21044  -33.619  -53.024  -15.813 0.6000000238
21047  -36.523  -52.964  -16.206 0.6999999881
21048  -37.930  -53.122  -16.070 0.6000000238
21928  -29.329  -51.588  -7.878 0.5000000000
21934  -30.272  -51.691  -8.134 0.5000000000
21936  -32.996  -50.697  -8.505 0.5000000000
21943  -34.226  -50.830  -9.504 0.5000000000
21949  -46.215  -51.238  -10.732 0.3000000119
21951  -33.656  -51.308  -10.138 0.6000000238
21965  -37.155  -51.060  -12.311 0.6999999881
21968  -31.953  -51.742  -12.159 0.6999999881
21971  -34.612  -51.822  -12.387 0.6000000238
21977  -45.488  -51.469  -12.472 0.5000000000
21978  -46.079  -50.929  -12.218 0.5000000000
21983  -38.629  -51.506  -14.565 0.8000000119
21989  -39.082  -52.128  -15.276 0.5000000000
22891  -33.396  -50.028  -8.285 0.5000000000
22892  -34.065  -49.890  -8.646 0.5000000000
22909  -47.648  -50.252  -10.148 0.3000000119
22913  -47.049  -50.884  -11.261 0.3000000119
22922  -39.081  -50.137  -13.296 0.8000000119
22928  -45.353  -50.885  -12.637 0.5000000000
22932  -40.494  -50.809  -13.863 0.8000000119
23820  -31.074  -49.791  -7.881 0.5000000000
23829  -32.219  -49.464  -7.995 0.5000000000
23831  -33.729  -49.376  -8.505 0.5000000000
23844  -35.148  -49.438  -9.391 0.6000000238
23848  -48.671  -49.389  -9.636 0.3000000119
23852  -48.675  -49.411  -10.135 0.3000000119
23854  -37.388  -49.076  -11.947 0.6000000238
23857  -40.487  -49.588  -11.470 0.6999999881
23864  -47.693  -49.953  -11.317 0.5000000000
23865  -37.903  -49.586  -12.416 0.6999999881
23872  -45.005  -50.256  -12.436 0.6000000238
24773  -33.225  -48.722  -8.598 0.5000000000
24787  -32.357  -47.573  -9.600 0.5000000000
24789  -34.764  -48.534  -9.489 0.5000000000
24792  -49.464  -48.306  -9.217 0.3000000119
24795  -39.171  -48.260  -10.871 0.6999999881
24799  -48.416  -49.245  -10.624 0.4000000060
24801  -49.182  -47.976  -9.683 0.3000000119
24810  -44.304  -48.437  -11.297 0.5000000000
24811  -46.016  -48.777  -11.503 0.5000000000
24812  -47.808  -48.439  -10.763 0.3000000119
25716  -35.723  -47.541  -10.809 0.6000000238
25720  -39.298  -47.381  -10.634 0.6999999881
25723  -42.336  -46.869  -10.783 0.5000000000
25729  -42.881  -47.620  -10.877 0.6000000238
26658  -50.963  -46.267  -7.786 0.3000000119
26661  -50.511  -47.226  -8.022 0.3000000119
26666  -50.459  -47.181  -8.485 0.3000000119
26676  -35.174  -46.443  -10.395 0.6000000238
26681  -40.770  -46.466  -10.541 0.6999999881
26687  -46.942  -46.740  -10.517 0.5000000000
26688  -47.692  -46.411  -10.162 0.3000000119
26691  -44.364  -46.555  -11.133 0.5000000000
27665  -32.988  -44.472  -8.884 0.4000000060
27669  -51.340  -46.131  -8.030 0.3000000119
27672  -34.570  -44.920  -9.542 0.5000000000
27673  -35.236  -45.447  -9.950 0.5000000000
27677  -39.692  -45.285  -10.052 0.6000000238
27681  -43.282  -45.140  -10.160 0.5000000000
27684  -51.321  -46.064  -8.249 0.3000000119
27689  -40.219  -45.787  -10.397 0.6999999881
27695  -46.698  -45.110  -10.423 0.5000000000
28692  -38.290  -44.573  -5.443 0.4000000060
28705  -40.037  -44.376  -6.736 0.5000000000
28709  -49.380  -45.321  -7.455 0.4000000060
28710  -50.587  -45.728  -7.561 0.3000000119
28721  -42.175  -44.259  -7.637 0.5000000000
28723  -51.497  -45.611  -7.860 0.4000000060
28726  -34.484  -43.929  -8.469 0.5000000000
28737  -33.962  -44.317  -9.056 0.5000000000
28743  -39.221  -44.907  -9.631 0.6000000238
28746  -44.401  -43.906  -9.759 0.4000000060
28748  -49.188  -44.351  -9.739 0.4000000060
28751  -43.883  -44.899  -10.469 0.5000000000
29714  -39.669  -43.937  -5.241 0.3000000119
29727  -41.663  -43.856  -6.913 0.5000000000
29730  -50.619  -44.033  -7.755 0.4000000060
29737  -52.711  -43.042  -8.575 0.4000000060
29738  -44.145  -43.532  -9.175 0.4000000060
29740  -45.407  -42.842  -9.898 0.4000000060
29748  -45.726  -43.564  -10.331 0.4000000060
29749  -46.399  -43.443  -10.270 0.4000000060
29750  -47.077  -43.693  -10.189 0.5000000000
30699  -41.088  -42.243  -4.859 0.3000000119
30716  -51.932  -42.876  -7.841 0.4000000060
30722  -45.363  -41.979  -9.560 0.4000000060
30725  -48.228  -42.576  -9.762 0.4000000060
31688  -41.824  -41.435  -6.313 0.4000000060
31699  -52.968  -41.793  -8.417 0.4000000060
32714  -43.356  -40.493  -8.221 0.4000000060
32716  -44.035  -40.614  -8.611 0.4000000060
32717  -44.769  -40.764  -8.867 0.4000000060
32719  -46.420  -40.120  -8.826 0.4000000060
32724  -47.693  -40.639  -9.399 0.4000000060
33712  -44.969  -39.565  -8.240 0.4000000060
34689  -41.975  -37.975  -5.820 0.3000000119
34701  -43.179  -38.165  -7.658 0.4000000060
34707  -44.655  -38.969  -7.841 0.4000000060
35723  -42.635  -37.374  -6.975 0.4000000060
35727  -43.039  -37.432  -7.429 0.4000000060
35730  -46.046  -37.385  -7.447 0.4000000060
35732  -47.783  -37.271  -7.921 0.4000000060
36727  -43.678  -36.574  -7.431 0.4000000060
38575  -42.796  -34.368  -5.390 0.4000000060
106317  -42.087  -53.584  -13.049 0.5000000000
107569  -33.972  -47.842  -9.672 0.6000000238
108168  -46.065  -46.040  -10.731 0.5000000000
108564  -41.889  -51.563  -13.972 0.6000000238
110035  -33.888  -51.475  -10.916 0.5000000000
110141  -41.496  -40.979  -5.151 0.4000000060
110365  -43.099  -53.906  -11.880 0.5000000000
110414  -26.981  -52.583  -12.086 0.4000000060
110456  -49.678  -40.479  -9.536 0.4000000060
111698  -36.980  -44.288  -9.271 0.6000000238
111952  -41.642  -40.907  -5.863 0.4000000060
112832  -46.154  -41.851  -9.667 0.4000000060
113509  -38.855  -48.760  -11.345 0.6999999881
114496  -36.317  -47.972  -11.161 0.6999999881
114646  -46.938  -41.821  -9.694 0.4000000060
115324  -51.476  -45.469  -8.490 0.3000000119
115564  -44.914  -47.242  -11.118 0.5000000000
115856  -51.705  -45.526  -8.071 0.3000000119
115936  -32.180  -52.992  -15.443 0.6000000238
116199  -35.049  -54.366  -11.891 0.3000000119
116767  -43.238  -53.652  -12.330 0.5000000000
116834  -32.683  -48.252  -9.089 0.5000000000
117308  -42.113  -40.260  -6.956 0.5000000000
118164  -47.365  -37.926  -7.875 0.4000000060
121003  -43.045  -50.179  -12.017 0.6000000238
121457  -31.655  -53.347  -15.498 0.6000000238
123834  -48.574  -47.747  -10.070 0.4000000060
125275  -47.748  -49.286  -11.181 0.4000000060
126165  -35.442  -46.989  -10.672 0.6000000238
126683  -30.796  -52.280  -10.169 0.5000000000
127120  -52.169  -44.572  -8.270 0.4000000060
127351  -46.394  -39.559  -8.489 0.4000000060
127400  -43.148  -32.883  -5.797 0.4000000060
127474  -41.998  -43.326  -6.770 0.5000000000
127617  -44.285  -51.719  -13.172 0.6000000238
128302  -46.363  -45.516  -10.570 0.5000000000
128363  -41.112  -43.660  -6.433 0.5000000000
128410  -39.260  -53.535  -14.972 0.5000000000
128753  -44.866  -42.468  -9.529 0.4000000060
128862  -50.226  -47.012  -9.040 0.3000000119
