# sub-02 hemi-L LimbsvsAllnoLimbsnoCS_scaled Cluster_7
221
11294 -39.522000 -70.896000 1.717000 1
11304 -37.816000 -71.362000 0.708000 1
12167 -37.013000 -70.183000 2.834000 1
12168 -38.065000 -70.179000 2.938000 1
12169 -39.053000 -70.177000 2.974000 1
12170 -40.115000 -70.192000 2.902000 1
12182 -36.596000 -70.441000 2.050000 1
12183 -37.560000 -70.609000 2.240000 1
12184 -38.623000 -70.563000 2.356000 1
12185 -40.224000 -70.539000 2.220000 1
12186 -41.253000 -70.397000 2.320000 1
12187 -42.351000 -70.531000 2.184000 1
12199 -36.545000 -70.266000 1.153000 1
12200 -37.213000 -70.839000 1.459000 1
12201 -38.250000 -71.009000 1.591000 1
12203 -41.917000 -70.730000 1.510000 1
12214 -36.720000 -70.096000 0.308000 1
13016 -36.173000 -69.150000 3.994000 1
13017 -37.194000 -69.031000 4.182000 1
13018 -38.293000 -69.091000 4.071000 1
13038 -34.908000 -69.044000 2.998000 1
13039 -35.629000 -69.394000 3.311000 1
13040 -36.593000 -69.631000 3.443000 1
13041 -37.628000 -69.660000 3.516000 1
13042 -38.658000 -69.683000 3.488000 1
13058 -35.441000 -69.365000 2.460000 1
13059 -36.100000 -69.949000 2.666000 1
13070 -35.934000 -69.720000 1.670000 1
13082 -36.411000 -69.490000 0.740000 1
13097 -36.806000 -69.550000 -0.013000 1
13830 -35.246000 -68.183000 4.980000 1
13831 -36.094000 -68.156000 5.058000 1
13832 -36.862000 -67.995000 5.111000 1
13833 -38.457000 -67.811000 5.128000 1
13834 -39.446000 -67.736000 5.080000 1
13835 -40.607000 -67.653000 5.068000 1
13849 -33.806000 -67.892000 4.409000 1
13850 -34.408000 -68.151000 4.733000 1
13851 -35.635000 -68.709000 4.395000 1
13852 -36.538000 -68.581000 4.601000 1
13853 -37.937000 -68.429000 4.644000 1
13854 -38.909000 -68.436000 4.574000 1
13855 -40.051000 -68.402000 4.525000 1
13856 -41.302000 -68.286000 4.485000 1
13872 -34.289000 -68.339000 3.801000 1
13873 -35.004000 -68.930000 3.715000 1
13886 -34.530000 -68.428000 2.981000 1
13887 -35.056000 -68.464000 2.266000 1
13899 -35.531000 -68.878000 1.717000 1
13900 -36.069000 -68.765000 1.077000 1
13915 -36.641000 -68.919000 0.392000 1
13916 -37.263000 -68.540000 0.261000 1
13917 -38.100000 -68.227000 0.331000 1
14602 -35.849000 -66.767000 13.552000 1
14603 -36.645000 -66.896000 13.995000 1
14604 -37.529000 -67.013000 14.293000 1
14605 -38.420000 -67.045000 14.547000 1
14622 -35.670000 -66.740000 12.750000 1
14623 -36.357000 -66.987000 12.747000 1
14638 -35.740000 -66.643000 11.980000 1
14653 -36.029000 -66.560000 11.089000 1
14654 -36.798000 -66.774000 10.850000 1
14655 -37.618000 -66.941000 10.564000 1
14656 -38.554000 -67.037000 10.364000 1
14657 -39.742000 -67.047000 10.312000 1
14665 -37.027000 -66.644000 9.997000 1
14666 -37.885000 -66.771000 9.739000 1
14667 -40.526000 -66.810000 9.651000 1
14673 -38.064000 -66.594000 8.800000 1
14674 -39.327000 -66.660000 8.775000 1
14675 -40.459000 -66.675000 8.856000 1
14676 -41.788000 -66.715000 9.401000 1
14684 -34.202000 -66.842000 7.070000 1
14685 -35.102000 -66.791000 7.023000 1
14686 -36.921000 -66.602000 7.040000 1
14687 -37.714000 -66.560000 7.215000 1
14688 -39.095000 -66.608000 7.124000 1
14689 -40.277000 -66.602000 7.308000 1
14698 -33.026000 -67.085000 6.093000 1
14699 -33.741000 -67.134000 6.477000 1
14700 -34.493000 -67.229000 6.411000 1
14701 -35.429000 -67.234000 6.327000 1
14702 -36.485000 -67.161000 6.224000 1
14703 -37.588000 -66.856000 6.426000 1
14704 -38.550000 -66.810000 6.342000 1
14705 -40.721000 -66.727000 6.447000 1
14706 -41.832000 -66.777000 6.404000 1
14707 -43.003000 -66.781000 6.733000 1
14715 -32.747000 -66.863000 5.292000 1
14716 -33.795000 -67.452000 5.860000 1
14717 -34.696000 -67.731000 5.609000 1
14718 -35.748000 -67.704000 5.628000 1
14719 -36.483000 -67.685000 5.534000 1
14720 -38.045000 -67.306000 5.724000 1
14721 -38.962000 -67.202000 5.680000 1
14722 -40.010000 -67.092000 5.647000 1
14723 -41.221000 -67.039000 5.675000 1
14724 -42.535000 -66.991000 5.807000 1
14725 -43.868000 -67.033000 6.100000 1
14735 -33.236000 -67.290000 4.620000 1
14736 -33.805000 -67.756000 5.128000 1
14741 -33.676000 -67.499000 3.791000 1
14742 -34.204000 -67.651000 3.101000 1
14749 -34.673000 -67.788000 2.550000 1
14750 -35.289000 -67.450000 2.149000 1
14751 -36.129000 -67.167000 1.901000 1
14759 -35.766000 -68.009000 1.536000 1
14760 -36.668000 -67.664000 1.315000 1
14761 -37.665000 -67.389000 1.415000 1
14762 -38.503000 -67.203000 1.545000 1
14763 -39.516000 -67.236000 1.336000 1
14776 -36.668000 -68.289000 0.805000 1
14777 -37.422000 -67.918000 0.802000 1
14778 -38.580000 -67.669000 0.880000 1
15426 -34.664000 -66.450000 13.507000 1
15440 -33.722000 -66.067000 12.508000 1
15441 -34.565000 -66.338000 12.664000 1
15442 -35.246000 -66.508000 12.472000 1
15453 -34.231000 -66.074000 11.798000 1
15454 -35.000000 -66.288000 11.868000 1
15462 -34.709000 -66.072000 10.973000 1
15473 -36.497000 -66.416000 9.444000 1
15474 -37.231000 -66.522000 9.193000 1
15485 -34.986000 -66.277000 8.619000 1
15486 -35.707000 -66.358000 8.350000 1
15499 -33.741000 -66.567000 7.708000 1
15500 -34.799000 -66.477000 7.837000 1
15501 -36.381000 -66.474000 7.732000 1
15502 -37.360000 -66.462000 7.960000 1
15517 -33.307000 -66.835000 6.932000 1
15533 -32.325000 -66.062000 5.196000 1
15550 -32.804000 -66.444000 4.611000 1
15551 -33.313000 -66.626000 3.930000 1
15565 -33.963000 -66.779000 3.286000 1
15566 -35.266000 -66.240000 2.917000 1
15575 -34.717000 -66.908000 2.675000 1
15576 -35.669000 -66.668000 2.469000 1
15577 -37.514000 -66.457000 2.470000 1
15578 -38.408000 -66.375000 2.512000 1
15579 -39.544000 -66.238000 2.502000 1
15589 -37.066000 -66.989000 1.901000 1
15590 -37.992000 -66.881000 1.994000 1
16364 -32.567000 -65.390000 4.848000 1
16365 -33.081000 -65.744000 4.251000 1
16366 -33.740000 -65.233000 4.029000 1
16375 -33.785000 -65.917000 3.604000 1
16376 -34.542000 -65.299000 3.733000 1
16377 -35.353000 -65.626000 3.376000 1
16378 -36.912000 -65.366000 3.544000 1
16380 -38.936000 -65.212000 3.552000 1
16381 -42.013000 -64.971000 3.032000 1
16394 -36.150000 -65.928000 3.018000 1
16395 -37.167000 -65.933000 2.969000 1
16396 -38.715000 -65.806000 3.048000 1
16397 -39.776000 -65.551000 3.163000 1
16398 -41.059000 -65.489000 2.848000 1
16399 -43.020000 -65.167000 1.816000 1
17178 -34.300000 -64.579000 4.330000 1
17179 -36.173000 -64.330000 4.551000 1
17180 -37.078000 -64.261000 4.553000 1
17181 -37.984000 -64.181000 4.491000 1
17182 -38.930000 -64.110000 4.340000 1
17183 -40.130000 -63.964000 4.011000 1
17188 -35.562000 -64.920000 3.964000 1
17189 -36.574000 -64.830000 4.066000 1
17191 -38.437000 -64.729000 4.018000 1
17192 -41.668000 -64.195000 3.500000 1
17193 -43.031000 -64.278000 2.900000 1
17203 -43.317000 -64.566000 2.168000 1
17970 -34.412000 -63.407000 5.453000 1
17971 -35.332000 -63.314000 5.480000 1
17972 -36.191000 -63.210000 5.448000 1
17973 -36.981000 -63.046000 5.281000 1
17982 -33.860000 -63.981000 4.864000 1
17983 -34.818000 -63.870000 4.898000 1
17984 -35.763000 -63.817000 5.012000 1
17985 -36.629000 -63.716000 4.976000 1
17986 -37.469000 -63.575000 4.833000 1
17987 -38.399000 -63.383000 4.653000 1
17988 -39.295000 -63.469000 4.389000 1
18000 -43.544000 -63.306000 2.911000 1
18779 -37.738000 -62.802000 4.991000 1
98053 -38.478000 -66.548000 7.822000 1
98071 -38.263000 -66.605000 6.956000 1
99954 -38.190000 -67.216000 11.010000 1
100094 -39.381000 -64.647000 3.848000 1
100342 -34.871000 -68.542000 4.352000 1
100540 -34.559000 -66.124000 3.209000 1
101324 -33.898000 -66.250000 13.461000 1
101857 -39.726000 -66.584000 8.030000 1
103297 -37.182000 -67.455000 5.685000 1
103298 -35.998000 -66.717000 6.959000 1
103309 -35.264000 -64.369000 4.474000 1
103399 -35.197000 -66.600000 13.149000 1
103588 -39.539000 -66.761000 6.381000 1
106136 -36.974000 -70.738000 0.717000 1
106724 -41.037000 -66.618000 8.354000 1
106950 -36.606000 -66.518000 2.449000 1
107053 -33.871000 -65.888000 11.063000 1
107836 -36.115000 -65.332000 3.597000 1
108401 -39.473000 -70.463000 2.466000 1
108519 -42.149000 -66.661000 8.757000 1
108947 -39.518000 -69.784000 3.383000 1
108975 -41.073000 -69.993000 3.028000 1
109001 -44.321000 -67.655000 5.603000 1
109011 -37.932000 -66.026000 2.938000 1
109294 -41.936000 -66.625000 7.553000 1
109693 -40.493000 -64.872000 3.504000 1
111080 -33.283000 -67.352000 5.406000 1
111428 -35.608000 -66.539000 7.570000 1
112477 -39.489000 -69.156000 3.937000 1
112773 -38.988000 -66.826000 9.600000 1
112896 -37.615000 -67.880000 5.163000 1
112922 -33.249000 -64.753000 4.546000 1
113841 -34.662000 -68.709000 3.360000 1
114166 -32.632000 -65.916000 4.687000 1
114232 -34.903000 -64.774000 4.096000 1
114281 -36.268000 -68.162000 1.163000 1
114399 -37.230000 -68.376000 4.743000 1
114808 -35.585000 -69.100000 3.855000 1
115259 -39.602000 -65.086000 3.563000 1
