# sub-02 hemi-R FacesvsAllnoFacenoCS_scaled Cluster_36
42
47797 37.060000 -26.253000 4.498000 1
47798 36.390000 -26.312000 4.611000 1
48680 36.209000 -25.123000 5.336000 1
48708 38.093000 -25.373000 3.936000 1
48709 36.746000 -25.601000 5.050000 1
48710 35.958000 -25.721000 5.031000 1
48725 37.589000 -26.055000 4.110000 1
49543 36.833000 -24.707000 5.416000 1
49555 38.241000 -24.592000 4.258000 1
49556 37.655000 -24.695000 4.916000 1
49571 38.545000 -24.621000 3.423000 1
50379 37.434000 -23.862000 5.373000 1
50391 38.235000 -23.754000 4.684000 1
50404 39.052000 -23.168000 3.458000 1
50405 38.681000 -23.888000 3.853000 1
50414 39.190000 -23.103000 2.579000 1
50415 38.928000 -23.876000 2.986000 1
51176 36.752000 -22.250000 6.032000 1
51204 36.241000 -22.939000 5.999000 1
51219 38.807000 -21.996000 4.401000 1
51220 38.545000 -22.799000 4.583000 1
51233 39.006000 -22.561000 3.944000 1
51234 38.753000 -23.242000 4.127000 1
51247 39.315000 -22.272000 3.147000 1
51254 39.325000 -22.326000 2.109000 1
52116 39.453000 -21.489000 2.536000 1
52961 39.329000 -20.539000 3.633000 1
53825 38.880000 -19.936000 4.443000 1
53847 39.239000 -19.079000 3.500000 1
54721 38.915000 -18.310000 3.857000 1
97175 39.511000 -20.654000 2.861000 1
98579 39.365000 -21.331000 3.382000 1
101585 39.452000 -19.859000 3.173000 1
102665 36.545000 -23.758000 5.745000 1
102927 39.068000 -21.157000 4.174000 1
103270 37.111000 -23.036000 5.726000 1
106091 37.479000 -25.494000 4.637000 1
111920 39.201000 -19.831000 3.910000 1
112515 37.201000 -25.173000 5.097000 1
112920 37.903000 -25.057000 4.466000 1
115286 39.160000 -21.863000 3.821000 1
115297 39.081000 -20.402000 4.196000 1
