# sub-02 hemi-R CSvsAllnoletterstring_scaled Cluster_8
20
10607 38.743000 -69.697000 1.010000 1
10659 38.245000 -69.607000 -2.796000 1
11418 39.215000 -69.172000 0.538000 1
11424 40.940000 -68.504000 -0.110000 1
11426 39.717000 -68.761000 0.065000 1
11433 40.150000 -68.425000 -0.422000 1
11434 37.792000 -68.012000 -0.317000 1
11435 36.952000 -68.600000 -0.467000 1
11439 38.174000 -68.398000 -2.033000 1
11440 37.462000 -69.041000 -1.590000 1
11446 38.680000 -68.972000 -3.189000 1
12186 38.686000 -67.886000 -0.508000 1
12192 40.503000 -67.848000 -1.070000 1
12193 39.161000 -67.660000 -1.154000 1
12194 38.473000 -67.825000 -1.280000 1
12201 40.365000 -67.177000 -2.258000 1
12202 39.383000 -67.497000 -2.265000 1
12203 38.857000 -68.008000 -2.807000 1
12210 39.960000 -67.030000 -3.440000 1
111215 37.688000 -68.219000 -1.041000 1
