# sub-02 hemi-R RWvsAllnoletterstring_scaled Cluster_12
21
9720 34.779000 -70.633000 9.787000 1
10509 35.112000 -69.695000 10.033000 1
10514 34.230000 -69.479000 9.611000 1
11300 34.845000 -68.866000 9.841000 1
11308 35.078000 -68.156000 9.688000 1
11309 34.355000 -68.385000 9.389000 1
11366 35.375000 -67.940000 6.058000 1
12056 35.806000 -67.811000 9.941000 1
12067 35.754000 -67.170000 9.165000 1
12068 34.689000 -67.669000 9.091000 1
12076 35.139000 -67.201000 8.702000 1
12108 36.175000 -67.445000 6.432000 1
12109 35.177000 -67.364000 6.527000 1
12867 36.314000 -66.745000 8.801000 1
12877 36.271000 -66.498000 7.989000 1
12878 35.670000 -66.806000 8.357000 1
12892 35.648000 -66.728000 7.578000 1
12903 35.635000 -66.944000 6.924000 1
103970 36.466000 -68.435000 6.036000 1
111272 35.287000 -67.571000 9.348000 1
113187 36.784000 -69.375000 6.047000 1
