# sub-02 hemi-L LimbsvsAllnoLimbsnoCS_scaled Cluster_15
14
18052 -27.727000 -63.279000 -3.319000 1
18834 -28.614000 -62.750000 -1.572000 1
18844 -27.600000 -62.356000 -2.429000 1
18845 -28.341000 -62.902000 -2.162000 1
18856 -28.077000 -63.086000 -2.728000 1
19668 -27.370000 -61.549000 -1.458000 1
19678 -26.739000 -61.392000 -2.456000 1
19679 -27.208000 -61.645000 -2.083000 1
19680 -27.821000 -62.282000 -1.866000 1
19691 -27.042000 -61.936000 -2.812000 1
20504 -26.991000 -61.187000 -1.672000 1
20515 -26.714000 -61.058000 -2.026000 1
109003 -27.466000 -62.585000 -2.890000 1
113309 -27.531000 -61.863000 -1.689000 1
