# sub-02 hemi-L LimbsvsAllnoLimbsnoCS_scaled Cluster_18
19
19549 -43.580000 -62.158000 8.539000 1
19550 -44.679000 -62.042000 8.335000 1
19551 -45.978000 -62.111000 8.233000 1
19552 -46.971000 -62.074000 8.362000 1
19571 -44.257000 -61.944000 8.279000 1
20368 -41.498000 -62.309000 9.188000 1
20369 -42.853000 -62.371000 9.303000 1
20370 -44.435000 -61.722000 9.480000 1
20371 -45.951000 -61.374000 9.605000 1
20372 -47.391000 -61.426000 9.666000 1
20382 -42.699000 -62.369000 8.805000 1
20383 -43.819000 -62.301000 8.767000 1
20384 -45.235000 -62.106000 8.846000 1
20404 -43.106000 -62.165000 8.564000 1
20405 -45.649000 -61.893000 7.946000 1
21202 -42.713000 -61.890000 8.542000 1
108396 -42.224000 -62.285000 8.824000 1
110770 -46.602000 -62.030000 7.957000 1
111060 -42.095000 -62.260000 9.937000 1
