# sub-02 hemi-R CSvsAllnoletterstring_scaled Cluster_7
32
8973 34.546000 -71.646000 9.633000 1
9720 34.779000 -70.633000 9.787000 1
10509 35.112000 -69.695000 10.033000 1
10514 34.230000 -69.479000 9.611000 1
11300 34.845000 -68.866000 9.841000 1
11308 35.078000 -68.156000 9.688000 1
11309 34.355000 -68.385000 9.389000 1
11365 37.308000 -68.167000 6.250000 1
11366 35.375000 -67.940000 6.058000 1
12067 35.754000 -67.170000 9.165000 1
12068 34.689000 -67.669000 9.091000 1
12076 35.139000 -67.201000 8.702000 1
12077 34.455000 -67.305000 8.323000 1
12108 36.175000 -67.445000 6.432000 1
12109 35.177000 -67.364000 6.527000 1
12867 36.314000 -66.745000 8.801000 1
12877 36.271000 -66.498000 7.989000 1
12878 35.670000 -66.806000 8.357000 1
12879 35.005000 -66.904000 7.919000 1
12891 36.406000 -66.623000 7.282000 1
12892 35.648000 -66.728000 7.578000 1
12902 36.678000 -66.850000 6.820000 1
12903 35.635000 -66.944000 6.924000 1
97514 37.608000 -69.275000 6.355000 1
100479 37.127000 -67.334000 6.477000 1
101562 36.805000 -66.450000 8.421000 1
102250 35.327000 -71.723000 9.899000 1
103970 36.466000 -68.435000 6.036000 1
111153 36.999000 -66.324000 7.686000 1
111272 35.287000 -67.571000 9.348000 1
113187 36.784000 -69.375000 6.047000 1
113715 35.035000 -66.922000 7.279000 1
