# sub-02 hemi-R CSvsAllNotext_scaled Cluster_2
15
4171 28.908000 -79.343000 10.971000 1
4189 28.708000 -79.563000 9.884000 1
4207 29.293000 -79.417000 8.640000 1
4208 28.512000 -79.505000 8.963000 1
4216 29.083000 -79.055000 8.141000 1
4718 31.045000 -78.436000 8.525000 1
4719 30.032000 -79.069000 8.409000 1
4733 30.326000 -78.089000 8.145000 1
4734 29.373000 -78.456000 7.917000 1
4735 28.440000 -78.534000 7.816000 1
5264 28.935000 -77.799000 7.567000 1
96286 30.372000 -79.673000 9.157000 1
97026 29.477000 -79.733000 9.303000 1
107340 29.705000 -77.734000 7.810000 1
113430 30.181000 -79.849000 9.588000 1
