# sub-02 hemi-R FacesvsAllnoFace_scaled Cluster_15
41
11093 34.673000 -68.437000 28.915000 1
11107 34.960000 -68.412000 28.250000 1
11121 35.740000 -68.143000 26.858000 1
11136 36.524000 -68.379000 26.524000 1
11844 34.488000 -67.094000 28.466000 1
11857 35.304000 -68.291000 27.644000 1
11858 34.776000 -67.646000 27.911000 1
11871 34.946000 -67.438000 27.074000 1
11881 38.214000 -68.162000 25.945000 1
11882 36.884000 -67.971000 25.772000 1
11883 35.878000 -67.633000 25.755000 1
11884 35.028000 -67.164000 25.988000 1
11895 38.822000 -67.338000 25.192000 1
11896 37.337000 -67.414000 24.918000 1
11897 36.177000 -67.311000 24.875000 1
12614 34.496000 -66.810000 27.603000 1
12629 34.530000 -66.614000 26.641000 1
12645 35.293000 -67.016000 25.052000 1
12646 34.520000 -66.431000 25.839000 1
12661 39.726000 -66.566000 24.796000 1
12662 37.989000 -66.684000 24.408000 1
12663 36.718000 -66.696000 24.273000 1
12664 35.659000 -66.566000 24.376000 1
12665 34.848000 -66.297000 24.681000 1
12682 38.763000 -65.927000 24.142000 1
12683 37.345000 -65.972000 23.864000 1
12684 36.214000 -65.907000 23.818000 1
12685 35.246000 -65.745000 24.050000 1
13463 39.527000 -65.165000 23.921000 1
13464 37.963000 -65.190000 23.706000 1
13465 36.825000 -65.133000 23.604000 1
13466 35.797000 -65.038000 23.663000 1
14232 38.304000 -64.202000 23.583000 1
14233 36.464000 -63.964000 23.538000 1
95249 34.671000 -67.839000 28.534000 1
96232 34.179000 -65.776000 26.264000 1
98684 37.458000 -63.795000 23.496000 1
101724 34.488000 -67.598000 29.154000 1
102692 37.382000 -64.460000 23.559000 1
105733 34.262000 -65.981000 27.267000 1
111916 34.759000 -66.590000 25.300000 1
