# sub-02 hemi-R RWvsSC_scaled Cluster_14
71
13686 34.988000 -65.222000 1.559000 1
13687 33.569000 -65.371000 1.831000 1
13702 35.978000 -65.335000 0.490000 1
13718 37.076000 -65.011000 -0.791000 1
13719 36.343000 -65.540000 -0.338000 1
14479 32.803000 -64.323000 2.995000 1
14492 34.587000 -64.479000 2.307000 1
14493 33.888000 -64.727000 2.436000 1
14494 33.103000 -64.772000 2.517000 1
14495 32.348000 -64.516000 2.540000 1
14496 31.713000 -63.873000 2.791000 1
14506 35.910000 -64.251000 1.344000 1
14507 35.224000 -64.540000 1.838000 1
14508 34.458000 -65.039000 1.980000 1
14510 31.710000 -64.261000 1.999000 1
14522 36.370000 -64.471000 0.665000 1
14523 35.619000 -64.981000 1.196000 1
14534 37.009000 -64.341000 -0.105000 1
14535 36.594000 -64.967000 0.030000 1
15365 33.846000 -63.569000 3.321000 1
15366 32.987000 -63.819000 3.435000 1
15367 32.306000 -63.913000 3.256000 1
15368 31.691000 -63.239000 3.582000 1
15374 35.058000 -63.840000 2.358000 1
15375 34.787000 -63.104000 2.920000 1
15376 33.456000 -64.272000 2.958000 1
15383 36.431000 -63.432000 1.038000 1
15384 35.741000 -63.648000 1.769000 1
15385 31.369000 -63.632000 2.174000 1
15397 37.320000 -63.473000 -0.233000 1
15398 36.846000 -63.740000 0.369000 1
15409 37.641000 -64.081000 -0.965000 1
16225 33.735000 -62.315000 4.195000 1
16226 32.794000 -62.624000 4.376000 1
16227 31.979000 -62.726000 4.377000 1
16228 31.282000 -62.436000 4.044000 1
16245 34.220000 -62.710000 3.597000 1
16246 33.326000 -63.093000 3.837000 1
16247 32.458000 -63.290000 3.852000 1
16248 31.098000 -62.674000 3.350000 1
16257 31.138000 -63.090000 2.700000 1
16258 30.822000 -62.393000 2.861000 1
16270 36.162000 -62.704000 1.634000 1
16271 35.553000 -62.967000 2.262000 1
16272 31.036000 -63.047000 1.784000 1
16273 30.766000 -62.357000 2.140000 1
16286 37.011000 -62.820000 0.293000 1
16297 37.492000 -62.463000 -0.469000 1
17014 34.158000 -61.497000 4.472000 1
17015 33.244000 -61.888000 4.784000 1
17016 32.338000 -62.096000 4.927000 1
17017 31.603000 -61.974000 4.765000 1
17018 30.849000 -61.465000 4.225000 1
17027 34.971000 -62.125000 3.217000 1
17028 34.543000 -61.820000 3.811000 1
17029 30.783000 -62.019000 3.433000 1
17036 35.952000 -61.345000 2.270000 1
17047 36.341000 -61.683000 1.544000 1
17048 35.933000 -62.167000 2.087000 1
17049 30.901000 -62.236000 1.155000 1
17064 37.244000 -61.628000 -0.020000 1
17813 34.913000 -60.953000 3.988000 1
94771 35.709000 -60.837000 2.830000 1
98781 37.760000 -63.106000 -0.848000 1
99228 35.461000 -62.215000 2.624000 1
106130 35.223000 -61.272000 3.372000 1
106549 31.407000 -63.682000 1.481000 1
106909 36.664000 -62.214000 0.887000 1
107530 34.278000 -64.053000 2.770000 1
110675 35.479000 -61.536000 2.873000 1
114727 34.434000 -65.523000 1.550000 1
