# sub-02 hemi-R RWvsSC_scaled Cluster_40
54
35329 27.279000 -40.644000 -0.447000 1
36061 27.589000 -39.159000 0.021000 1
36062 27.372000 -39.974000 -0.216000 1
36076 27.121000 -39.471000 -0.503000 1
36824 30.246000 -37.779000 2.006000 1
36834 27.406000 -38.647000 -0.366000 1
36846 26.586000 -38.393000 -0.595000 1
36847 25.668000 -38.259000 -0.328000 1
37789 32.002000 -38.296000 2.314000 1
37790 31.230000 -37.874000 2.295000 1
37807 32.568000 -37.960000 1.755000 1
37808 30.906000 -37.194000 1.736000 1
37820 28.983000 -37.255000 0.384000 1
37821 28.391000 -37.705000 0.114000 1
37831 27.800000 -37.850000 -0.389000 1
37832 27.333000 -37.592000 -0.725000 1
37833 26.767000 -37.679000 -0.789000 1
37834 25.970000 -37.691000 -0.646000 1
37835 24.993000 -37.619000 -0.340000 1
38720 29.737000 -36.843000 0.738000 1
38743 30.100000 -36.137000 0.389000 1
38744 29.154000 -36.533000 -0.087000 1
38745 28.401000 -37.173000 -0.289000 1
38758 28.957000 -36.021000 -0.546000 1
38759 28.357000 -36.471000 -0.695000 1
38760 27.105000 -36.995000 -1.013000 1
38761 26.245000 -37.073000 -0.929000 1
38762 25.329000 -37.064000 -0.691000 1
38777 27.952000 -35.952000 -1.136000 1
38778 27.258000 -36.180000 -1.230000 1
38779 26.478000 -36.370000 -1.172000 1
38780 25.592000 -36.443000 -0.971000 1
39659 30.179000 -35.562000 0.040000 1
39660 29.578000 -35.804000 -0.231000 1
39675 29.923000 -35.066000 -0.345000 1
39676 29.156000 -35.438000 -0.632000 1
39690 28.220000 -35.186000 -1.220000 1
39691 27.481000 -35.335000 -1.367000 1
40679 30.677000 -35.127000 0.161000 1
40693 29.249000 -34.739000 -0.751000 1
40712 28.645000 -34.404000 -1.146000 1
40713 27.750000 -34.327000 -1.434000 1
101746 27.790000 -37.140000 -0.720000 1
102595 28.068000 -38.382000 0.281000 1
103149 28.299000 -33.508000 -1.415000 1
103623 27.038000 -38.896000 -0.618000 1
104721 28.553000 -35.721000 -0.873000 1
104850 27.184000 -38.200000 -0.628000 1
106093 31.833000 -37.362000 1.943000 1
106319 27.694000 -36.576000 -0.976000 1
106780 30.612000 -35.644000 0.413000 1
111846 30.182000 -37.164000 1.380000 1
114833 28.753000 -35.126000 -0.934000 1
114969 26.838000 -38.966000 -0.590000 1
