# sub-02 hemi-L CSvsAllnoletterstring_scaled Cluster_5
70
7115 -37.545000 -76.613000 0.188000 1
7126 -35.504000 -76.661000 -0.774000 1
7127 -36.425000 -77.074000 -0.573000 1
7139 -31.640000 -76.533000 -1.772000 1
7140 -32.591000 -76.621000 -1.777000 1
7141 -33.591000 -76.757000 -1.707000 1
7142 -35.191000 -77.313000 -1.313000 1
7164 -30.434000 -77.179000 -1.955000 1
7165 -31.347000 -77.222000 -2.146000 1
7166 -32.203000 -77.214000 -2.128000 1
7854 -37.121000 -75.273000 1.391000 1
7855 -37.787000 -75.695000 1.327000 1
7856 -38.564000 -75.850000 1.191000 1
7863 -36.841000 -76.534000 0.128000 1
7864 -37.217000 -75.985000 0.827000 1
7865 -38.021000 -76.308000 0.770000 1
7875 -30.348000 -75.340000 -0.866000 1
7876 -31.339000 -75.237000 -0.906000 1
7877 -32.276000 -75.176000 -0.875000 1
7878 -33.250000 -75.097000 -0.757000 1
7879 -35.840000 -75.893000 -0.104000 1
7890 -30.891000 -75.921000 -1.438000 1
7891 -31.938000 -75.825000 -1.388000 1
7892 -32.895000 -75.815000 -1.359000 1
7893 -33.773000 -75.912000 -1.265000 1
7894 -34.586000 -76.172000 -1.085000 1
8676 -39.459000 -74.782000 2.169000 1
8677 -40.442000 -74.544000 2.009000 1
8689 -35.613000 -74.466000 1.435000 1
8690 -36.643000 -74.553000 1.830000 1
8691 -37.508000 -74.911000 1.781000 1
8692 -38.265000 -75.238000 1.738000 1
8706 -30.236000 -74.218000 0.110000 1
8707 -31.263000 -74.141000 0.112000 1
8708 -32.235000 -74.176000 0.109000 1
8709 -33.249000 -74.328000 -0.015000 1
8710 -34.892000 -74.490000 0.747000 1
8711 -35.699000 -75.068000 0.630000 1
8712 -36.452000 -75.177000 1.145000 1
8726 -30.772000 -74.694000 -0.427000 1
8727 -31.741000 -74.641000 -0.419000 1
8728 -32.543000 -74.638000 -0.409000 1
8729 -34.100000 -74.816000 -0.394000 1
8730 -34.933000 -74.898000 0.001000 1
9522 -32.800000 -73.247000 1.960000 1
9523 -33.608000 -73.371000 2.176000 1
9524 -34.451000 -73.442000 2.446000 1
9525 -35.315000 -73.434000 2.743000 1
9529 -39.802000 -74.175000 2.708000 1
9544 -32.509000 -73.443000 1.277000 1
9545 -33.250000 -73.585000 1.384000 1
9546 -34.141000 -73.768000 1.560000 1
9547 -35.029000 -73.871000 1.975000 1
9548 -35.894000 -73.963000 2.236000 1
9561 -30.731000 -73.637000 0.624000 1
9562 -31.800000 -73.585000 0.766000 1
9563 -32.788000 -73.798000 0.668000 1
9564 -33.642000 -73.954000 0.757000 1
10424 -31.875000 -73.063000 1.697000 1
101963 -34.820000 -75.546000 -0.573000 1
103721 -34.175000 -74.382000 0.279000 1
105393 -32.405000 -72.825000 2.544000 1
107534 -30.890000 -76.623000 -1.815000 1
107829 -39.083000 -75.349000 1.650000 1
109477 -34.765000 -74.152000 1.336000 1
110564 -34.074000 -75.428000 -0.838000 1
113016 -38.688000 -74.843000 2.114000 1
114049 -36.436000 -75.719000 0.534000 1
114310 -34.295000 -74.136000 0.920000 1
115809 -34.351000 -76.764000 -1.470000 1
