# sub-02 hemi-L FacesvsAllnoFacenoCS_scaled Cluster_18
49
18068 -31.512000 -62.600000 -5.380000 1
18859 -31.803000 -61.770000 -5.014000 1
19672 -31.868000 -60.745000 -2.153000 1
19693 -32.121000 -60.865000 -3.946000 1
19694 -32.822000 -60.605000 -4.419000 1
19697 -32.351000 -61.133000 -4.788000 1
19699 -34.193000 -61.089000 -5.438000 1
20488 -31.975000 -60.074000 0.228000 1
20495 -31.682000 -60.643000 -0.284000 1
20496 -32.368000 -60.055000 -0.677000 1
20506 -32.396000 -60.261000 -1.678000 1
20507 -33.020000 -59.844000 -2.089000 1
20516 -32.474000 -60.341000 -2.599000 1
20517 -33.161000 -59.957000 -3.013000 1
20524 -32.608000 -60.419000 -3.515000 1
20525 -33.326000 -60.094000 -3.984000 1
20526 -34.186000 -59.820000 -4.405000 1
20528 -33.643000 -60.426000 -4.840000 1
20529 -34.608000 -60.333000 -5.135000 1
21302 -31.926000 -59.321000 0.582000 1
21303 -32.461000 -59.340000 -0.066000 1
21311 -32.986000 -59.293000 -0.722000 1
21322 -32.867000 -59.745000 -1.315000 1
21323 -33.550000 -59.126000 -1.459000 1
21324 -34.266000 -58.564000 -2.069000 1
21333 -33.788000 -59.393000 -2.440000 1
21334 -34.582000 -58.895000 -2.901000 1
21338 -33.965000 -59.575000 -3.416000 1
22072 -30.641000 -58.216000 1.927000 1
22073 -31.235000 -58.357000 1.320000 1
22084 -31.743000 -58.483000 0.742000 1
22085 -32.305000 -58.510000 0.215000 1
22102 -32.832000 -58.525000 -0.340000 1
22103 -33.359000 -58.540000 -0.837000 1
22115 -33.832000 -57.945000 -1.393000 1
22116 -34.496000 -57.625000 -2.215000 1
22873 -31.007000 -57.636000 1.280000 1
22884 -32.048000 -57.837000 0.273000 1
22897 -32.497000 -57.716000 -0.258000 1
22898 -33.162000 -57.717000 -0.734000 1
22905 -32.467000 -56.683000 -0.990000 1
22906 -33.364000 -57.090000 -1.318000 1
22907 -34.043000 -56.930000 -1.880000 1
101877 -33.296000 -56.337000 -1.751000 1
103993 -30.849000 -58.988000 1.796000 1
104084 -30.407000 -59.027000 2.265000 1
106925 -35.148000 -57.351000 -3.076000 1
110049 -31.765000 -61.338000 -4.275000 1
115304 -34.818000 -58.145000 -2.657000 1
