# sub-02 hemi-L RWvsSC_scaled Cluster_9
16
11884 -41.797000 -70.387000 23.346000 1
12808 -41.583000 -69.474000 23.884000 1
13651 -41.997000 -68.586000 24.110000 1
14477 -41.766000 -67.611000 23.500000 1
14478 -42.881000 -68.038000 24.156000 1
15325 -42.924000 -66.493000 22.006000 1
15331 -38.961000 -66.697000 21.426000 1
15332 -39.780000 -66.318000 21.456000 1
15333 -40.596000 -66.034000 21.453000 1
15334 -42.856000 -66.163000 20.767000 1
15343 -41.130000 -65.589000 20.740000 1
15344 -41.984000 -65.760000 20.661000 1
100416 -40.232000 -65.671000 20.867000 1
102877 -41.993000 -66.136000 21.585000 1
107166 -42.892000 -67.142000 23.190000 1
112842 -41.335000 -65.900000 21.320000 1
