# sub-02 hemi-L RWvsFF_scaled Cluster_32
167
31839 -42.905000 -47.075000 3.995000 1
31840 -44.056000 -47.213000 4.362000 1
31841 -44.693000 -47.148000 4.299000 1
32707 -44.012000 -46.006000 5.126000 1
32716 -42.612000 -46.039000 3.749000 1
32717 -43.713000 -46.588000 4.670000 1
32718 -44.568000 -46.493000 4.723000 1
32719 -45.158000 -46.690000 4.366000 1
32720 -45.604000 -46.208000 4.304000 1
32735 -45.707000 -46.735000 3.871000 1
33558 -42.719000 -44.718000 4.586000 1
33559 -43.404000 -45.450000 5.131000 1
33560 -44.175000 -45.319000 5.414000 1
33568 -42.603000 -45.262000 3.972000 1
33569 -45.166000 -45.896000 4.825000 1
33570 -45.861000 -45.601000 4.472000 1
33581 -42.790000 -45.227000 2.540000 1
33582 -46.520000 -45.293000 3.975000 1
34385 -43.510000 -44.748000 5.448000 1
34396 -42.692000 -44.003000 4.181000 1
34398 -46.135000 -44.880000 4.685000 1
34412 -42.865000 -44.482000 3.025000 1
35212 -42.840000 -43.359000 3.850000 1
35226 -43.997000 -43.263000 2.039000 1
35242 -44.246000 -43.148000 0.810000 1
35981 -42.815000 -41.633000 5.672000 1
35982 -43.346000 -42.203000 6.175000 1
36001 -42.706000 -42.816000 4.823000 1
36021 -43.383000 -42.584000 3.191000 1
36049 -44.927000 -41.783000 0.675000 1
36063 -45.366000 -41.124000 0.419000 1
36891 -42.796000 -40.743000 5.756000 1
36892 -43.283000 -41.237000 6.234000 1
36893 -43.826000 -41.621000 6.454000 1
36907 -42.744000 -42.045000 4.758000 1
36927 -43.395000 -41.626000 3.327000 1
36961 -45.251000 -41.187000 0.416000 1
37796 -43.271000 -40.339000 6.292000 1
37797 -43.932000 -40.799000 6.539000 1
37805 -42.563000 -40.261000 5.022000 1
37820 -43.266000 -40.614000 3.363000 1
37850 -45.201000 -40.637000 0.462000 1
38605 -42.766000 -39.749000 5.866000 1
38606 -43.312000 -39.519000 6.345000 1
38607 -43.872000 -39.932000 6.548000 1
38635 -44.353000 -39.436000 1.471000 1
38651 -44.667000 -39.392000 0.980000 1
38652 -48.887000 -39.096000 3.096000 1
39444 -42.289000 -38.092000 3.229000 1
39445 -43.113000 -38.829000 2.633000 1
39458 -43.028000 -38.300000 2.035000 1
39459 -44.277000 -38.948000 1.112000 1
39460 -48.487000 -38.245000 3.268000 1
39461 -49.203000 -38.360000 2.555000 1
39472 -43.789000 -38.804000 0.609000 1
39473 -44.196000 -38.839000 0.939000 1
39486 -51.433000 -38.530000 0.242000 1
39494 -51.651000 -38.264000 -0.712000 1
39501 -51.714000 -38.110000 -1.946000 1
40317 -42.207000 -36.763000 5.145000 1
40319 -43.021000 -37.165000 5.881000 1
40322 -46.029000 -37.602000 5.265000 1
40329 -41.844000 -37.292000 4.224000 1
40330 -42.187000 -37.649000 5.099000 1
40340 -41.991000 -37.520000 2.945000 1
40350 -42.617000 -37.801000 1.745000 1
40351 -43.946000 -38.630000 0.975000 1
40352 -48.633000 -37.518000 2.796000 1
40360 -43.232000 -38.144000 0.694000 1
40369 -43.083000 -38.316000 -0.492000 1
40370 -49.892000 -36.945000 0.717000 1
40371 -50.452000 -37.355000 0.322000 1
40372 -51.042000 -37.754000 -0.139000 1
40377 -50.567000 -37.041000 -0.617000 1
40378 -51.124000 -37.478000 -1.188000 1
41257 -42.383000 -35.947000 5.218000 1
41258 -43.467000 -36.385000 5.709000 1
41259 -44.414000 -36.640000 5.705000 1
41260 -45.382000 -36.982000 5.454000 1
41261 -46.151000 -37.036000 5.023000 1
41265 -41.847000 -36.146000 4.661000 1
41266 -45.866000 -36.367000 4.918000 1
41273 -41.524000 -36.493000 3.676000 1
41274 -47.032000 -36.202000 3.885000 1
41275 -47.640000 -36.550000 3.403000 1
41276 -48.215000 -36.851000 3.003000 1
41280 -41.374000 -36.263000 1.902000 1
41281 -41.694000 -36.849000 2.529000 1
41282 -47.981000 -36.207000 2.743000 1
41283 -48.648000 -36.719000 2.276000 1
41291 -41.387000 -36.278000 1.006000 1
41292 -42.165000 -37.127000 0.932000 1
41293 -48.822000 -36.245000 1.448000 1
41294 -49.365000 -36.552000 1.070000 1
41304 -48.939000 -35.886000 0.637000 1
41305 -49.476000 -36.226000 0.254000 1
41306 -50.064000 -36.608000 -0.142000 1
42178 -42.723000 -35.213000 5.241000 1
42179 -43.434000 -35.485000 5.439000 1
42180 -44.183000 -35.800000 5.494000 1
42181 -45.025000 -36.072000 5.318000 1
42185 -41.520000 -35.452000 4.155000 1
42186 -42.065000 -35.241000 4.791000 1
42187 -44.704000 -35.298000 5.060000 1
42188 -45.517000 -35.578000 4.723000 1
42189 -46.329000 -35.889000 4.347000 1
42193 -41.244000 -34.936000 3.746000 1
42194 -45.947000 -35.141000 4.109000 1
42195 -46.661000 -35.499000 3.667000 1
42196 -47.344000 -35.832000 3.207000 1
42199 -40.787000 -35.215000 2.474000 1
42200 -46.935000 -35.175000 2.806000 1
42201 -47.593000 -35.534000 2.347000 1
42202 -48.256000 -35.885000 1.913000 1
42207 -40.748000 -35.429000 1.446000 1
42208 -47.762000 -35.301000 1.320000 1
42209 -48.377000 -35.599000 0.972000 1
43062 -43.416000 -34.601000 5.084000 1
43063 -44.014000 -35.105000 5.259000 1
43067 -41.684000 -34.496000 4.267000 1
43068 -42.507000 -34.340000 4.771000 1
43069 -44.315000 -34.618000 4.814000 1
43070 -45.139000 -34.837000 4.482000 1
43074 -41.166000 -34.297000 3.612000 1
43075 -41.526000 -33.822000 3.916000 1
43076 -44.721000 -34.127000 4.206000 1
43077 -45.523000 -34.452000 3.772000 1
43078 -46.266000 -34.806000 3.297000 1
43082 -40.659000 -34.248000 2.857000 1
43083 -45.877000 -34.167000 2.811000 1
43084 -46.545000 -34.553000 2.243000 1
43085 -47.175000 -34.917000 1.750000 1
43090 -46.816000 -34.442000 0.892000 1
43971 -42.032000 -33.695000 4.276000 1
43972 -42.712000 -33.515000 4.417000 1
43973 -43.403000 -33.400000 4.320000 1
43974 -43.872000 -33.975000 4.549000 1
43977 -41.100000 -33.567000 3.416000 1
43978 -41.669000 -33.199000 3.770000 1
43979 -42.294000 -33.004000 4.008000 1
43982 -45.136000 -33.756000 3.383000 1
43988 -45.576000 -33.576000 2.240000 1
43989 -46.210000 -34.058000 1.503000 1
44937 -42.959000 -32.887000 4.086000 1
96117 -40.481000 -34.675000 2.039000 1
97122 -42.314000 -38.556000 5.077000 1
97128 -43.776000 -44.449000 1.138000 1
97380 -46.159000 -46.047000 3.846000 1
99243 -45.074000 -39.869000 0.509000 1
100763 -42.690000 -41.172000 4.841000 1
104201 -43.492000 -38.506000 0.140000 1
104327 -42.903000 -35.902000 5.500000 1
105623 -43.143000 -43.826000 2.947000 1
105987 -42.989000 -37.874000 0.235000 1
106657 -42.724000 -36.549000 5.537000 1
106713 -44.560000 -45.784000 5.135000 1
107576 -43.925000 -43.850000 1.439000 1
108359 -42.864000 -44.234000 5.180000 1
109516 -41.175000 -35.726000 3.157000 1
109878 -40.929000 -34.868000 3.221000 1
111449 -42.560000 -37.194000 5.509000 1
112184 -42.154000 -37.231000 1.572000 1
112667 -43.241000 -45.980000 4.740000 1
113382 -43.107000 -38.797000 -1.018000 1
113835 -40.499000 -35.162000 0.866000 1
115159 -45.347000 -41.284000 0.486000 1
115344 -43.165000 -33.921000 4.710000 1
