# sub-02 hemi-R FacesvsAllnoFacenoCS_scaled Cluster_14
76
13758 31.168000 -65.058000 -5.939000 1
13759 29.369000 -65.394000 -5.639000 1
14565 29.889000 -63.898000 -5.168000 1
14571 31.016000 -64.100000 -5.643000 1
14572 29.898000 -64.676000 -5.486000 1
15429 26.339000 -63.559000 -3.273000 1
15437 27.764000 -63.154000 -4.235000 1
15438 26.656000 -63.579000 -4.141000 1
15444 30.531000 -63.234000 -5.026000 1
15445 29.342000 -63.449000 -4.763000 1
15446 28.214000 -63.481000 -4.782000 1
15451 31.562000 -63.302000 -5.680000 1
16307 27.492000 -62.357000 -1.833000 1
16308 25.637000 -62.774000 -1.680000 1
16320 29.186000 -62.248000 -2.750000 1
16321 28.133000 -62.458000 -2.448000 1
16322 26.981000 -62.849000 -2.496000 1
16323 25.976000 -63.378000 -2.401000 1
16329 30.365000 -62.142000 -3.928000 1
16330 29.515000 -62.525000 -3.619000 1
16331 28.476000 -62.745000 -3.461000 1
16332 27.363000 -62.990000 -3.378000 1
16337 31.534000 -62.042000 -5.077000 1
16338 30.777000 -62.452000 -4.626000 1
16339 29.913000 -62.838000 -4.353000 1
16340 28.858000 -63.053000 -4.226000 1
16345 31.272000 -62.701000 -5.209000 1
17086 28.920000 -61.180000 -1.557000 1
17087 28.177000 -61.903000 -1.584000 1
17088 27.259000 -61.832000 -1.282000 1
17089 26.273000 -61.873000 -1.279000 1
17090 24.705000 -61.288000 -1.458000 1
17101 30.291000 -61.036000 -2.828000 1
17102 29.573000 -61.538000 -2.319000 1
17103 28.907000 -61.966000 -1.985000 1
17109 31.294000 -60.882000 -4.246000 1
17110 30.659000 -61.362000 -3.648000 1
17111 30.058000 -61.866000 -3.090000 1
17118 31.809000 -61.260000 -4.944000 1
17119 31.061000 -61.693000 -4.381000 1
17854 29.103000 -60.274000 -1.687000 1
17855 28.378000 -60.359000 -1.358000 1
17856 26.853000 -60.979000 -1.015000 1
17857 26.038000 -60.161000 -1.301000 1
17858 25.074000 -60.336000 -1.386000 1
17869 30.310000 -59.963000 -2.813000 1
17870 29.679000 -60.645000 -2.161000 1
17874 31.481000 -60.015000 -4.238000 1
17875 30.821000 -60.480000 -3.552000 1
17879 32.076000 -60.431000 -4.895000 1
18639 28.692000 -59.377000 -1.710000 1
18640 27.915000 -58.687000 -1.555000 1
18641 27.079000 -58.977000 -1.425000 1
18642 26.257000 -59.273000 -1.330000 1
18653 30.474000 -58.950000 -3.174000 1
18654 29.539000 -59.699000 -2.172000 1
18657 31.644000 -59.110000 -4.327000 1
18658 30.968000 -59.536000 -3.629000 1
19439 28.040000 -57.905000 -1.667000 1
19445 29.937000 -58.386000 -2.811000 1
19446 29.266000 -57.942000 -2.505000 1
19447 28.624000 -58.335000 -1.990000 1
20251 29.358000 -57.141000 -2.588000 1
20252 28.695000 -57.538000 -2.115000 1
97025 27.915000 -61.164000 -1.134000 1
99377 26.918000 -59.876000 -1.272000 1
100126 29.337000 -58.803000 -2.287000 1
100198 28.757000 -64.787000 -5.459000 1
101328 25.261000 -62.064000 -1.441000 1
101806 26.635000 -62.541000 -1.720000 1
103805 31.121000 -58.607000 -3.824000 1
104891 25.751000 -61.143000 -1.211000 1
106971 30.333000 -65.417000 -5.760000 1
108330 27.579000 -60.424000 -1.188000 1
112063 27.773000 -59.597000 -1.381000 1
114423 29.944000 -59.160000 -2.619000 1
