#!ascii label  , from subject sub-03 vox2ras=TkReg coords=white rater=tiger surface-annotate=0.1.0
1285
20269  -53.761  -61.168  6.327 1.0000000000
20280  -53.948  -61.138  5.838 1.0000000000
21041  -51.601  -60.221  7.936 1.0000000000
21042  -52.509  -60.604  7.666 1.0000000000
21052  -52.312  -60.625  7.296 1.0000000000
21053  -54.124  -61.070  6.680 1.0000000000
21054  -55.134  -60.619  6.387 1.0000000000
21065  -52.733  -60.905  6.802 1.0000000000
21066  -53.319  -61.060  6.329 1.0000000000
21067  -54.688  -61.063  5.909 1.0000000000
21068  -55.849  -60.343  5.878 1.0000000000
21069  -56.431  -59.737  5.325 1.0000000000
21076  -54.554  -60.735  5.214 1.0000000000
21077  -55.440  -60.514  5.149 1.0000000000
21087  -55.102  -60.066  4.419 1.0000000000
21805  -49.784  -58.663  9.721 1.0000000000
21806  -50.616  -58.806  10.253 1.0000000000
21816  -50.285  -59.055  9.364 1.0000000000
21817  -50.746  -59.475  9.016 1.0000000000
21818  -51.381  -59.824  8.755 1.0000000000
21829  -49.729  -58.633  8.933 1.0000000000
21830  -50.227  -58.869  8.565 1.0000000000
21831  -50.883  -59.606  8.282 1.0000000000
21832  -52.114  -60.097  8.487 1.0000000000
21833  -53.076  -60.075  8.211 1.0000000000
21834  -54.241  -59.650  7.727 1.0000000000
21843  -51.103  -59.715  7.912 1.0000000000
21844  -51.671  -60.053  7.508 1.0000000000
21845  -53.542  -60.701  7.397 1.0000000000
21846  -54.848  -60.310  7.059 1.0000000000
21847  -56.199  -59.649  6.536 1.0000000000
21848  -57.374  -58.764  6.623 1.0000000000
21857  -52.254  -60.350  6.899 1.0000000000
21858  -52.927  -60.526  6.297 1.0000000000
21859  -56.730  -59.526  6.075 1.0000000000
21869  -53.772  -60.573  5.569 1.0000000000
21870  -54.577  -59.968  4.645 1.0000000000
21880  -55.047  -59.214  3.761 1.0000000000
21881  -55.793  -59.789  4.429 1.0000000000
21882  -56.362  -59.256  4.486 1.0000000000
21888  -55.467  -58.699  3.203 1.0000000000
21889  -55.955  -59.099  3.733 1.0000000000
22607  -47.866  -57.348  11.570 1.0000000000
22608  -48.931  -57.713  12.074 1.0000000000
22609  -49.722  -57.612  12.197 1.0000000000
22621  -47.627  -57.387  10.191 1.0000000000
22622  -48.485  -57.672  11.098 1.0000000000
22623  -49.317  -58.066  11.206 1.0000000000
22624  -50.346  -57.854  11.614 1.0000000000
22625  -51.035  -58.054  10.959 1.0000000000
22638  -48.421  -57.782  10.135 1.0000000000
22639  -49.152  -58.262  10.001 1.0000000000
22640  -50.079  -58.504  10.786 1.0000000000
22641  -51.312  -58.610  10.206 1.0000000000
22642  -51.992  -58.214  9.877 1.0000000000
22651  -48.518  -57.730  9.272 1.0000000000
22652  -49.138  -58.255  9.072 1.0000000000
22653  -51.410  -59.252  9.567 1.0000000000
22654  -52.068  -59.280  9.282 1.0000000000
22655  -52.749  -57.909  9.344 1.0000000000
22665  -49.460  -58.202  8.721 1.0000000000
22666  -49.964  -58.062  8.390 1.0000000000
22667  -50.586  -58.965  8.072 1.0000000000
22668  -52.836  -59.108  8.834 1.0000000000
22669  -53.768  -58.759  8.373 1.0000000000
22670  -54.955  -58.259  7.890 1.0000000000
22671  -56.569  -58.164  7.699 1.0000000000
22672  -57.933  -58.099  7.631 1.0000000000
22673  -58.782  -57.607  7.899 1.0000000000
22680  -51.267  -58.873  7.589 1.0000000000
22681  -55.698  -59.123  7.304 1.0000000000
22682  -57.236  -58.721  7.142 1.0000000000
22683  -58.140  -58.121  7.362 1.0000000000
22684  -58.555  -57.702  7.672 1.0000000000
22693  -51.970  -59.254  7.016 1.0000000000
22694  -52.711  -59.389  6.388 1.0000000000
22695  -57.939  -58.290  6.804 1.0000000000
22705  -53.474  -58.276  5.794 1.0000000000
22706  -54.295  -58.058  4.623 1.0000000000
22707  -56.824  -58.863  5.023 1.0000000000
22718  -54.879  -58.507  3.401 1.0000000000
22719  -56.466  -58.622  3.990 1.0000000000
22725  -55.280  -58.184  2.766 1.0000000000
22726  -55.693  -58.140  2.619 1.0000000000
22727  -56.071  -58.466  3.062 1.0000000000
23420  -45.603  -56.325  14.266 1.0000000000
23423  -47.858  -56.376  14.382 1.0000000000
23426  -45.639  -56.288  12.208 1.0000000000
23427  -46.294  -56.510  13.627 1.0000000000
23428  -47.245  -56.752  13.592 1.0000000000
23429  -48.174  -56.819  13.601 1.0000000000
23430  -49.051  -56.585  13.372 1.0000000000
23434  -45.246  -56.281  10.656 1.0000000000
23435  -46.092  -56.536  11.456 1.0000000000
23436  -46.862  -56.858  11.498 1.0000000000
23437  -48.529  -57.317  12.792 1.0000000000
23438  -49.212  -57.327  12.708 1.0000000000
23439  -49.729  -56.642  12.699 1.0000000000
23450  -45.965  -56.507  10.287 1.0000000000
23451  -46.795  -57.038  10.261 1.0000000000
23452  -50.368  -56.839  12.066 1.0000000000
23453  -50.950  -56.954  11.410 1.0000000000
23460  -46.347  -56.568  9.882 1.0000000000
23461  -46.942  -56.935  9.594 1.0000000000
23462  -47.746  -57.260  9.403 1.0000000000
23463  -51.518  -56.946  10.758 1.0000000000
23464  -52.130  -56.964  10.146 1.0000000000
23473  -47.379  -56.869  9.354 1.0000000000
23474  -48.155  -57.253  9.135 1.0000000000
23475  -49.269  -57.675  8.677 1.0000000000
23476  -49.797  -57.002  8.621 1.0000000000
23477  -52.863  -56.616  9.615 1.0000000000
23478  -53.575  -56.978  9.039 1.0000000000
23479  -54.788  -56.452  8.918 1.0000000000
23480  -57.878  -56.665  9.165 1.0000000000
23481  -59.376  -56.586  8.807 1.0000000000
23482  -59.592  -56.328  8.802 1.0000000000
23490  -50.776  -57.874  7.985 1.0000000000
23491  -54.295  -57.501  8.519 1.0000000000
23492  -55.671  -57.344  8.330 1.0000000000
23493  -59.355  -56.966  8.207 1.0000000000
23500  -51.794  -57.060  7.565 1.0000000000
23501  -58.301  -57.516  7.331 1.0000000000
23510  -52.615  -56.905  6.966 1.0000000000
23511  -53.270  -57.000  6.321 1.0000000000
23512  -57.180  -57.649  6.120 1.0000000000
23520  -53.876  -57.000  5.517 1.0000000000
23521  -54.384  -56.866  4.553 1.0000000000
23522  -56.806  -58.079  4.391 1.0000000000
23530  -54.677  -57.681  3.550 1.0000000000
23531  -56.185  -57.739  2.459 1.0000000000
23538  -55.085  -57.566  2.577 1.0000000000
23539  -55.656  -57.492  2.071 1.0000000000
23540  -56.031  -57.205  1.660 1.0000000000
24208  -44.150  -55.783  14.248 1.0000000000
24225  -44.894  -55.986  13.761 1.0000000000
24232  -43.401  -55.326  13.682 1.0000000000
24233  -44.200  -55.568  13.075 1.0000000000
24234  -44.858  -55.889  12.547 1.0000000000
24235  -48.593  -55.984  14.117 1.0000000000
24236  -49.157  -55.596  13.814 1.0000000000
24242  -43.561  -55.143  12.306 1.0000000000
24243  -44.175  -55.543  11.702 1.0000000000
24244  -44.672  -56.048  11.100 1.0000000000
24245  -50.228  -55.750  12.396 1.0000000000
24255  -44.364  -55.529  10.853 1.0000000000
24256  -44.835  -56.007  10.374 1.0000000000
24257  -45.294  -56.151  10.074 1.0000000000
24258  -50.750  -55.893  11.695 1.0000000000
24259  -51.356  -55.982  11.080 1.0000000000
24267  -45.200  -55.986  10.030 1.0000000000
24268  -45.792  -56.245  9.936 1.0000000000
24269  -46.580  -56.393  9.737 1.0000000000
24270  -47.635  -55.941  9.675 1.0000000000
24271  -51.929  -56.011  10.514 1.0000000000
24272  -52.487  -56.016  10.097 1.0000000000
24273  -53.102  -55.558  9.876 1.0000000000
24286  -48.221  -56.526  9.317 1.0000000000
24287  -48.874  -57.005  8.883 1.0000000000
24288  -49.803  -56.011  9.067 1.0000000000
24289  -53.752  -56.014  9.407 1.0000000000
24290  -54.642  -55.666  9.489 1.0000000000
24291  -57.242  -55.714  9.886 1.0000000000
24302  -50.662  -55.947  8.603 1.0000000000
24303  -51.231  -56.483  8.136 1.0000000000
24304  -58.685  -56.090  8.086 1.0000000000
24312  -51.869  -55.886  7.789 1.0000000000
24313  -52.517  -55.808  7.265 1.0000000000
24314  -56.261  -55.690  6.897 1.0000000000
24315  -57.708  -56.512  7.395 1.0000000000
24316  -59.191  -56.955  7.852 1.0000000000
24323  -53.549  -55.470  6.041 1.0000000000
24324  -56.202  -55.543  5.887 1.0000000000
24325  -56.826  -56.658  6.513 1.0000000000
24332  -54.028  -56.033  5.341 1.0000000000
24333  -54.418  -56.015  4.263 1.0000000000
24334  -56.637  -56.490  5.304 1.0000000000
24345  -54.809  -56.457  2.754 1.0000000000
24346  -57.130  -56.039  3.449 1.0000000000
24356  -55.122  -56.396  1.438 1.0000000000
24357  -55.589  -56.581  1.258 1.0000000000
24358  -56.602  -56.743  2.378 1.0000000000
24372  -55.197  -56.119  0.786 1.0000000000
24373  -56.295  -56.402  1.469 1.0000000000
24386  -55.918  -56.004  0.725 1.0000000000
24957  -42.902  -54.795  12.912 1.0000000000
24970  -43.134  -54.635  11.831 1.0000000000
24971  -43.709  -55.051  11.145 1.0000000000
24972  -49.658  -55.451  13.190 1.0000000000
24973  -50.266  -54.706  12.700 1.0000000000
24974  -50.829  -54.203  12.218 1.0000000000
24986  -43.364  -54.384  11.340 1.0000000000
24987  -43.898  -54.980  10.911 1.0000000000
24988  -44.710  -55.381  10.659 1.0000000000
24989  -45.636  -55.060  10.635 1.0000000000
24990  -46.676  -54.686  10.829 1.0000000000
24991  -47.543  -54.368  10.844 1.0000000000
24992  -50.623  -55.065  12.051 1.0000000000
24993  -51.240  -54.931  11.463 1.0000000000
25005  -46.009  -55.741  10.050 1.0000000000
25006  -47.140  -55.329  10.275 1.0000000000
25007  -48.252  -54.636  10.392 1.0000000000
25008  -49.284  -54.350  10.045 1.0000000000
25009  -51.778  -55.272  10.849 1.0000000000
25011  -53.374  -54.722  10.305 1.0000000000
25023  -48.704  -55.406  9.733 1.0000000000
25024  -49.629  -55.101  9.493 1.0000000000
25025  -50.547  -54.886  9.056 1.0000000000
25026  -53.987  -55.188  9.822 1.0000000000
25027  -55.027  -55.120  9.945 1.0000000000
25038  -51.373  -54.317  8.558 1.0000000000
25048  -51.947  -54.476  8.022 1.0000000000
25049  -52.464  -54.162  7.426 1.0000000000
25050  -55.798  -54.757  7.209 1.0000000000
25065  -52.957  -54.335  6.732 1.0000000000
25066  -53.422  -54.612  6.062 1.0000000000
25067  -55.746  -54.017  6.423 1.0000000000
25077  -53.990  -55.049  5.149 1.0000000000
25078  -56.211  -54.488  5.629 1.0000000000
25079  -56.728  -55.360  4.735 1.0000000000
25092  -53.966  -54.273  4.555 1.0000000000
25093  -54.414  -55.214  3.842 1.0000000000
25094  -57.375  -54.831  3.628 1.0000000000
25108  -54.632  -55.494  2.437 1.0000000000
25109  -57.063  -55.544  2.505 1.0000000000
25123  -54.801  -55.755  1.057 1.0000000000
25124  -56.737  -55.217  1.609 1.0000000000
25137  -54.990  -55.704  0.387 1.0000000000
25138  -55.380  -55.549  0.273 1.0000000000
25139  -56.211  -55.071  0.630 1.0000000000
25716  -45.997  -53.134  12.094 1.0000000000
25731  -45.083  -53.372  11.792 1.0000000000
25732  -46.241  -53.934  11.531 1.0000000000
25733  -47.251  -53.739  11.399 1.0000000000
25754  -48.958  -53.542  10.612 1.0000000000
25755  -49.753  -53.383  10.136 1.0000000000
25769  -50.129  -54.099  9.608 1.0000000000
25770  -50.409  -53.128  9.635 1.0000000000
25771  -50.965  -52.757  9.123 1.0000000000
25784  -50.856  -53.741  9.133 1.0000000000
25785  -51.459  -53.203  8.584 1.0000000000
25800  -51.987  -53.652  7.999 1.0000000000
25801  -52.427  -53.224  7.291 1.0000000000
25811  -52.782  -53.647  6.799 1.0000000000
25812  -53.216  -53.696  6.056 1.0000000000
25822  -53.519  -53.434  5.023 1.0000000000
25823  -56.251  -53.439  5.651 1.0000000000
25824  -57.289  -53.187  4.763 1.0000000000
25838  -54.277  -54.413  3.443 1.0000000000
25839  -57.819  -53.646  3.834 1.0000000000
25840  -58.034  -52.903  3.596 1.0000000000
25852  -54.033  -53.663  3.113 1.0000000000
25853  -54.399  -54.672  2.121 1.0000000000
25854  -57.555  -54.130  2.825 1.0000000000
25867  -54.091  -53.921  1.747 1.0000000000
25868  -54.551  -55.036  0.653 1.0000000000
25869  -56.935  -54.110  1.696 1.0000000000
25875  -54.056  -54.220  0.215 1.0000000000
25876  -54.729  -54.797  -0.192 1.0000000000
25877  -55.260  -54.121  -0.317 1.0000000000
25878  -56.153  -54.148  0.545 1.0000000000
25882  -53.936  -53.900  -0.694 1.0000000000
25883  -54.353  -53.855  -0.813 1.0000000000
26569  -50.547  -52.248  9.561 1.0000000000
26585  -51.398  -52.273  8.586 1.0000000000
26597  -51.951  -52.609  7.860 1.0000000000
26598  -52.358  -52.453  7.073 1.0000000000
26606  -52.762  -52.875  6.438 1.0000000000
26620  -52.846  -52.304  5.709 1.0000000000
26621  -56.774  -52.702  5.425 1.0000000000
26622  -57.775  -52.372  4.912 1.0000000000
26623  -58.387  -51.947  4.444 1.0000000000
26634  -53.209  -52.582  5.022 1.0000000000
26635  -58.152  -52.695  4.187 1.0000000000
26636  -58.383  -52.276  3.978 1.0000000000
26644  -53.673  -52.957  2.729 1.0000000000
26645  -57.666  -53.058  2.857 1.0000000000
26646  -58.191  -52.379  3.664 1.0000000000
26654  -53.621  -53.229  1.338 1.0000000000
26655  -55.688  -53.285  0.293 1.0000000000
26656  -56.620  -53.181  1.633 1.0000000000
26661  -53.483  -53.434  -0.164 1.0000000000
26665  -53.658  -53.386  -1.153 1.0000000000
26666  -54.113  -53.292  -1.214 1.0000000000
26667  -54.850  -53.307  -0.705 1.0000000000
26670  -52.913  -52.676  -1.223 1.0000000000
26671  -53.501  -52.817  -1.353 1.0000000000
27367  -51.655  -51.698  8.030 1.0000000000
27368  -52.052  -51.808  7.315 1.0000000000
27380  -52.423  -51.850  6.441 1.0000000000
27392  -52.571  -51.541  5.564 1.0000000000
27393  -52.919  -51.970  5.115 1.0000000000
27394  -58.244  -51.610  5.103 1.0000000000
27395  -58.620  -51.212  4.697 1.0000000000
27403  -52.670  -51.416  4.769 1.0000000000
27404  -53.107  -52.046  4.406 1.0000000000
27405  -57.026  -51.450  3.597 1.0000000000
27406  -58.415  -51.736  4.113 1.0000000000
27415  -52.748  -51.448  3.821 1.0000000000
27416  -53.242  -52.153  3.385 1.0000000000
27417  -56.596  -51.919  2.848 1.0000000000
27418  -57.781  -52.080  3.390 1.0000000000
27426  -52.721  -51.891  1.644 1.0000000000
27427  -53.070  -52.592  0.856 1.0000000000
27428  -56.400  -52.352  2.086 1.0000000000
27429  -57.078  -52.538  2.611 1.0000000000
27434  -52.343  -51.966  0.397 1.0000000000
27435  -52.835  -52.760  -0.642 1.0000000000
27436  -55.192  -52.377  -0.077 1.0000000000
27441  -51.353  -51.325  -1.036 1.0000000000
27442  -51.910  -52.015  -1.003 1.0000000000
27443  -54.345  -52.590  -1.095 1.0000000000
27446  -52.082  -51.950  -1.201 1.0000000000
27447  -52.802  -52.215  -1.424 1.0000000000
28177  -52.186  -50.972  6.081 1.0000000000
28189  -52.286  -50.827  5.221 1.0000000000
28190  -55.405  -50.023  4.756 1.0000000000
28202  -51.809  -50.186  4.761 1.0000000000
28203  -52.294  -50.771  4.258 1.0000000000
28204  -54.651  -50.046  4.017 1.0000000000
28205  -55.907  -50.789  4.029 1.0000000000
28206  -57.849  -50.861  4.217 1.0000000000
28207  -58.558  -50.950  4.489 1.0000000000
28215  -51.602  -50.153  3.562 1.0000000000
28216  -52.175  -50.830  3.053 1.0000000000
28217  -54.895  -50.466  3.176 1.0000000000
28218  -55.742  -51.267  3.072 1.0000000000
28227  -50.925  -50.748  0.756 1.0000000000
28228  -52.018  -51.154  1.548 1.0000000000
28229  -55.088  -50.864  2.178 1.0000000000
28230  -55.761  -51.709  2.096 1.0000000000
28235  -49.576  -50.247  -0.128 1.0000000000
28236  -50.372  -50.731  -0.102 1.0000000000
28237  -51.332  -51.385  -0.101 1.0000000000
28238  -54.706  -50.291  1.047 1.0000000000
28239  -55.253  -51.452  0.982 1.0000000000
28243  -50.558  -50.677  -0.519 1.0000000000
28244  -51.137  -51.283  -0.829 1.0000000000
28245  -53.595  -51.022  -0.985 1.0000000000
28246  -54.537  -51.353  -0.325 1.0000000000
28251  -52.174  -51.608  -1.329 1.0000000000
28252  -52.914  -51.651  -1.458 1.0000000000
28253  -53.619  -52.006  -1.431 1.0000000000
29077  -50.843  -49.047  5.779 1.0000000000
29078  -51.346  -49.709  6.241 1.0000000000
29086  -50.613  -48.973  4.694 1.0000000000
29087  -51.337  -49.603  5.288 1.0000000000
29100  -50.083  -48.948  3.434 1.0000000000
29101  -51.119  -49.529  4.160 1.0000000000
29102  -54.480  -49.557  4.601 1.0000000000
29115  -49.060  -49.209  2.184 1.0000000000
29117  -54.372  -49.488  3.143 1.0000000000
29124  -48.716  -49.264  1.337 1.0000000000
29125  -49.468  -49.686  1.467 1.0000000000
29126  -54.476  -49.375  1.571 1.0000000000
29131  -49.054  -49.641  0.542 1.0000000000
29132  -49.783  -50.288  0.562 1.0000000000
29133  -53.599  -49.519  0.174 1.0000000000
29134  -54.272  -49.412  0.909 1.0000000000
29139  -49.171  -49.994  -0.043 1.0000000000
29140  -49.999  -50.327  -0.320 1.0000000000
29141  -51.083  -50.022  -0.695 1.0000000000
29142  -52.400  -49.901  -0.627 1.0000000000
29143  -54.152  -50.218  0.020 1.0000000000
29147  -50.821  -50.736  -0.805 1.0000000000
29148  -51.589  -50.879  -1.186 1.0000000000
29149  -52.638  -50.909  -1.252 1.0000000000
29947  -49.763  -48.225  7.582 1.0000000000
29948  -50.351  -48.665  7.173 1.0000000000
29960  -49.731  -48.051  6.611 1.0000000000
29961  -50.320  -48.518  6.215 1.0000000000
29969  -49.476  -47.962  5.525 1.0000000000
29970  -50.078  -48.437  5.143 1.0000000000
29971  -53.571  -48.027  5.094 1.0000000000
29983  -48.895  -48.072  4.340 1.0000000000
29984  -49.504  -48.494  3.927 1.0000000000
29985  -53.783  -48.289  4.105 1.0000000000
29986  -54.022  -49.174  3.966 1.0000000000
29998  -48.202  -48.284  3.175 1.0000000000
29999  -48.713  -48.668  2.635 1.0000000000
30000  -54.202  -48.521  3.164 1.0000000000
30005  -48.421  -48.973  1.774 1.0000000000
30006  -54.449  -48.808  2.227 1.0000000000
30010  -48.721  -48.881  1.268 1.0000000000
30011  -49.023  -49.587  0.613 1.0000000000
30012  -51.166  -48.397  0.508 1.0000000000
30013  -52.660  -48.336  0.646 1.0000000000
30014  -53.824  -48.666  1.000 1.0000000000
30015  -54.327  -48.811  1.529 1.0000000000
30019  -49.842  -49.600  -0.121 1.0000000000
30020  -51.593  -49.127  -0.119 1.0000000000
30021  -52.888  -49.042  0.238 1.0000000000
30774  -49.165  -47.743  7.983 1.0000000000
30788  -48.556  -47.288  7.345 1.0000000000
30789  -49.122  -47.592  6.983 1.0000000000
30799  -47.978  -47.154  6.159 1.0000000000
30800  -48.804  -47.541  5.868 1.0000000000
30810  -47.388  -47.500  4.929 1.0000000000
30811  -48.134  -47.745  4.649 1.0000000000
30812  -53.416  -47.275  5.073 1.0000000000
30825  -47.223  -47.575  4.104 1.0000000000
30826  -47.686  -47.937  3.688 1.0000000000
30827  -53.688  -47.419  4.282 1.0000000000
30838  -47.472  -47.696  3.697 1.0000000000
30839  -47.857  -48.089  3.153 1.0000000000
30840  -54.292  -47.432  3.151 1.0000000000
30845  -48.630  -48.443  2.020 1.0000000000
30846  -49.880  -47.831  1.633 1.0000000000
30847  -51.538  -46.871  1.740 1.0000000000
30848  -53.359  -47.069  1.649 1.0000000000
30849  -54.241  -47.300  2.211 1.0000000000
30850  -54.375  -47.955  2.471 1.0000000000
30854  -51.152  -47.651  1.191 1.0000000000
30855  -52.421  -47.621  1.110 1.0000000000
30856  -53.611  -47.784  1.388 1.0000000000
30857  -54.308  -48.124  1.803 1.0000000000
31518  -43.086  -46.277  9.031 1.0000000000
31519  -44.309  -46.552  9.276 1.0000000000
31520  -45.245  -46.510  9.149 1.0000000000
31530  -43.815  -46.217  8.477 1.0000000000
31531  -44.283  -46.181  7.868 1.0000000000
31532  -44.814  -46.371  7.780 1.0000000000
31533  -45.982  -46.477  8.434 1.0000000000
31547  -44.526  -46.089  7.389 1.0000000000
31548  -44.983  -46.216  6.930 1.0000000000
31549  -45.597  -46.404  6.461 1.0000000000
31550  -46.496  -46.683  6.652 1.0000000000
31551  -47.681  -46.836  7.032 1.0000000000
31559  -45.400  -46.179  6.327 1.0000000000
31560  -46.032  -46.655  5.640 1.0000000000
31561  -46.611  -47.027  5.687 1.0000000000
31569  -45.987  -46.536  5.396 1.0000000000
31570  -46.227  -47.049  4.989 1.0000000000
31571  -46.727  -47.242  4.524 1.0000000000
31585  -46.527  -47.007  4.481 1.0000000000
31586  -46.982  -47.338  4.065 1.0000000000
31587  -47.587  -46.997  3.693 1.0000000000
31588  -53.566  -46.716  4.559 1.0000000000
31591  -47.958  -47.512  3.286 1.0000000000
31592  -49.137  -46.881  3.012 1.0000000000
31593  -50.505  -46.320  2.728 1.0000000000
31594  -54.161  -46.587  3.529 1.0000000000
31598  -48.266  -47.949  2.662 1.0000000000
31599  -49.452  -47.403  2.392 1.0000000000
31600  -52.955  -46.443  1.815 1.0000000000
31601  -53.941  -46.595  2.191 1.0000000000
31605  -52.310  -47.053  1.465 1.0000000000
32196  -43.463  -45.854  8.598 1.0000000000
32197  -44.054  -45.873  7.933 1.0000000000
32198  -44.493  -45.689  7.514 1.0000000000
32210  -44.893  -45.847  6.926 1.0000000000
32211  -45.486  -45.617  6.450 1.0000000000
32219  -45.677  -46.085  5.788 1.0000000000
32220  -46.169  -45.869  5.452 1.0000000000
32232  -46.262  -46.539  4.961 1.0000000000
32233  -46.960  -46.087  4.667 1.0000000000
32234  -48.179  -45.487  4.804 1.0000000000
32249  -47.269  -46.584  4.213 1.0000000000
32250  -48.574  -45.922  4.250 1.0000000000
32251  -49.924  -45.270  4.193 1.0000000000
32254  -48.909  -46.403  3.670 1.0000000000
32255  -50.193  -45.866  3.440 1.0000000000
32256  -51.165  -45.526  2.912 1.0000000000
32257  -52.067  -44.955  2.653 1.0000000000
32258  -54.305  -45.700  3.193 1.0000000000
32262  -52.055  -45.852  2.181 1.0000000000
32263  -53.274  -45.037  2.432 1.0000000000
32264  -54.129  -44.963  2.807 1.0000000000
32883  -43.701  -45.293  8.473 1.0000000000
32884  -44.295  -44.876  8.170 1.0000000000
32885  -44.908  -44.957  7.546 1.0000000000
32891  -45.380  -45.051  7.073 1.0000000000
32892  -46.109  -44.609  6.945 1.0000000000
32893  -47.011  -44.197  6.759 1.0000000000
32904  -46.221  -45.224  6.181 1.0000000000
32905  -47.195  -44.837  5.944 1.0000000000
32906  -48.379  -44.092  6.028 1.0000000000
32907  -49.611  -44.085  5.300 1.0000000000
32920  -46.819  -45.666  5.209 1.0000000000
32921  -47.811  -45.111  5.401 1.0000000000
32922  -49.298  -44.926  4.851 1.0000000000
32923  -50.155  -44.294  4.699 1.0000000000
32925  -53.115  -44.535  5.155 1.0000000000
32930  -50.667  -44.435  4.120 1.0000000000
32931  -51.256  -44.107  3.691 1.0000000000
32932  -54.117  -44.480  4.089 1.0000000000
32933  -54.424  -43.844  3.344 1.0000000000
32938  -51.007  -44.907  3.477 1.0000000000
32939  -51.910  -44.219  3.016 1.0000000000
32940  -52.873  -44.296  2.527 1.0000000000
32941  -54.333  -44.732  3.294 1.0000000000
32945  -53.796  -44.258  2.634 1.0000000000
32946  -54.324  -44.038  2.949 1.0000000000
33590  -47.785  -43.858  6.538 1.0000000000
33592  -49.002  -43.231  6.123 1.0000000000
33601  -49.595  -43.306  5.582 1.0000000000
33602  -50.194  -43.453  5.029 1.0000000000
33609  -50.893  -43.574  4.232 1.0000000000
33610  -53.168  -43.078  4.983 1.0000000000
33611  -53.794  -43.702  4.411 1.0000000000
33615  -51.697  -43.515  3.372 1.0000000000
33616  -52.581  -43.605  2.708 1.0000000000
33617  -54.468  -43.188  3.530 1.0000000000
33622  -53.371  -43.728  2.559 1.0000000000
33623  -54.139  -43.467  2.682 1.0000000000
33624  -54.648  -43.146  2.989 1.0000000000
34421  -49.999  -42.788  5.310 1.0000000000
34428  -50.599  -42.618  4.608 1.0000000000
34429  -51.404  -42.777  3.746 1.0000000000
34430  -53.597  -42.403  4.483 1.0000000000
34431  -54.426  -42.386  3.609 1.0000000000
34437  -51.887  -42.137  3.208 1.0000000000
34438  -52.817  -42.248  2.557 1.0000000000
34439  -54.744  -42.091  3.027 1.0000000000
34440  -54.766  -42.491  3.012 1.0000000000
34445  -53.363  -42.986  2.533 1.0000000000
34446  -54.411  -42.573  2.712 1.0000000000
34452  -43.543  -42.965  0.090 1.0000000000
34453  -44.231  -43.369  0.086 1.0000000000
34454  -45.162  -43.468  0.089 1.0000000000
34459  -44.292  -43.340  -0.508 1.0000000000
34460  -44.792  -43.870  -0.795 1.0000000000
34461  -45.620  -43.853  -0.843 1.0000000000
34465  -44.848  -43.907  -1.312 1.0000000000
34466  -45.289  -44.078  -1.623 1.0000000000
34467  -46.097  -43.958  -1.590 1.0000000000
34470  -45.327  -43.690  -2.228 1.0000000000
34471  -45.936  -43.967  -2.277 1.0000000000
34472  -47.101  -43.465  -1.849 1.0000000000
34473  -45.729  -43.389  -3.066 1.0000000000
35173  -53.086  -41.754  4.762 1.0000000000
35174  -53.680  -41.132  4.154 1.0000000000
35178  -51.456  -41.347  3.415 1.0000000000
35179  -52.334  -41.458  2.696 1.0000000000
35180  -54.489  -41.586  3.395 1.0000000000
35181  -54.636  -41.129  2.738 1.0000000000
35185  -42.637  -41.769  1.234 1.0000000000
35186  -43.054  -42.155  1.529 1.0000000000
35187  -43.876  -42.128  2.085 1.0000000000
35188  -45.529  -41.862  1.831 1.0000000000
35189  -53.446  -41.531  2.344 1.0000000000
35190  -54.441  -41.546  2.593 1.0000000000
35191  -54.718  -42.009  2.936 1.0000000000
35195  -43.110  -42.249  0.593 1.0000000000
35196  -43.683  -42.726  0.990 1.0000000000
35197  -44.779  -42.796  0.990 1.0000000000
35198  -46.083  -42.336  1.042 1.0000000000
35199  -47.118  -42.203  0.483 1.0000000000
35200  -48.211  -41.290  0.729 1.0000000000
35205  -43.380  -42.554  0.173 1.0000000000
35206  -43.598  -42.921  -0.120 1.0000000000
35207  -44.055  -42.947  -0.477 1.0000000000
35208  -46.182  -43.066  0.073 1.0000000000
35209  -46.922  -43.149  -0.713 1.0000000000
35210  -48.841  -41.588  -0.389 1.0000000000
35214  -44.716  -43.554  -1.277 1.0000000000
35215  -45.188  -43.189  -2.339 1.0000000000
35216  -48.132  -42.433  -1.788 1.0000000000
35217  -49.212  -41.641  -1.331 1.0000000000
35221  -45.559  -42.958  -3.351 1.0000000000
35222  -46.689  -43.407  -2.577 1.0000000000
35223  -47.743  -42.344  -2.446 1.0000000000
35224  -49.246  -41.488  -1.871 1.0000000000
35225  -45.617  -42.692  -3.667 1.0000000000
35226  -46.358  -42.785  -3.384 1.0000000000
35891  -52.828  -40.428  4.623 1.0000000000
35897  -42.526  -40.726  3.361 1.0000000000
35898  -43.290  -40.677  3.677 1.0000000000
35901  -53.686  -40.427  3.920 1.0000000000
35902  -54.429  -40.757  3.320 1.0000000000
35906  -41.857  -40.783  1.804 1.0000000000
35907  -42.208  -41.172  2.407 1.0000000000
35908  -42.893  -41.249  2.956 1.0000000000
35909  -43.808  -40.955  3.421 1.0000000000
35910  -45.469  -40.646  3.239 1.0000000000
35911  -46.518  -39.988  3.493 1.0000000000
35914  -51.694  -40.598  2.802 1.0000000000
35915  -52.910  -40.694  2.158 1.0000000000
35919  -42.188  -40.635  1.098 1.0000000000
35920  -42.262  -41.259  1.484 1.0000000000
35921  -42.587  -41.667  1.999 1.0000000000
35922  -43.386  -41.646  2.531 1.0000000000
35923  -45.001  -41.557  2.474 1.0000000000
35924  -46.508  -41.360  1.869 1.0000000000
35925  -47.402  -40.551  2.278 1.0000000000
35926  -48.506  -40.239  2.247 1.0000000000
35927  -49.348  -40.116  1.973 1.0000000000
35928  -53.849  -40.030  1.539 1.0000000000
35929  -54.638  -40.674  2.303 1.0000000000
35930  -54.769  -40.032  2.123 1.0000000000
35934  -42.606  -41.075  0.909 1.0000000000
35935  -43.208  -41.861  0.382 1.0000000000
35936  -44.134  -41.288  0.391 1.0000000000
35937  -45.282  -40.621  0.451 1.0000000000
35938  -47.232  -41.365  1.402 1.0000000000
35939  -48.911  -40.533  1.389 1.0000000000
35940  -50.115  -40.153  1.012 1.0000000000
35941  -54.091  -39.281  1.068 1.0000000000
35942  -54.487  -39.515  1.583 1.0000000000
35947  -43.568  -42.385  -0.010 1.0000000000
35948  -44.519  -41.833  -0.230 1.0000000000
35949  -45.545  -41.266  -0.556 1.0000000000
35950  -49.438  -40.835  0.278 1.0000000000
35951  -50.618  -40.529  -0.488 1.0000000000
35952  -51.395  -39.792  -0.013 1.0000000000
35957  -44.876  -42.656  -1.058 1.0000000000
35958  -45.487  -42.007  -1.692 1.0000000000
35959  -50.470  -40.802  -1.521 1.0000000000
35963  -45.454  -42.147  -3.091 1.0000000000
35964  -48.754  -41.162  -2.500 1.0000000000
35965  -50.231  -40.640  -2.042 1.0000000000
35966  -45.503  -41.892  -4.013 1.0000000000
35967  -45.924  -42.001  -4.043 1.0000000000
35968  -47.260  -41.658  -3.349 1.0000000000
35969  -45.615  -41.117  -4.268 1.0000000000
35970  -46.727  -40.764  -4.101 1.0000000000
36719  -41.928  -39.466  4.643 1.0000000000
36730  -41.584  -39.717  3.634 1.0000000000
36731  -42.229  -40.112  3.952 1.0000000000
36732  -43.072  -40.216  4.229 1.0000000000
36733  -44.039  -40.172  4.278 1.0000000000
36739  -53.077  -39.746  4.197 1.0000000000
36740  -54.114  -39.916  3.372 1.0000000000
36745  -41.563  -40.089  2.307 1.0000000000
36746  -41.876  -40.585  2.906 1.0000000000
36747  -44.777  -40.412  3.756 1.0000000000
36748  -45.806  -39.810  4.012 1.0000000000
36751  -50.842  -39.998  2.855 1.0000000000
36752  -53.392  -38.924  3.628 1.0000000000
36753  -54.432  -39.197  2.523 1.0000000000
36757  -41.884  -39.961  0.978 1.0000000000
36758  -42.369  -39.345  0.747 1.0000000000
36759  -43.296  -39.741  1.448 1.0000000000
36760  -44.512  -39.516  1.843 1.0000000000
36761  -45.301  -39.113  1.877 1.0000000000
36762  -48.208  -39.864  3.137 1.0000000000
36763  -49.236  -39.912  2.753 1.0000000000
36764  -50.135  -39.867  2.110 1.0000000000
36765  -51.156  -39.713  2.000 1.0000000000
36766  -53.284  -39.392  1.081 1.0000000000
36767  -54.581  -38.928  1.604 1.0000000000
36769  -42.200  -40.044  0.774 1.0000000000
36770  -42.449  -40.126  0.858 1.0000000000
36771  -43.338  -40.671  0.886 1.0000000000
36772  -44.893  -40.139  1.241 1.0000000000
36773  -45.858  -39.473  0.982 1.0000000000
36774  -50.971  -39.702  1.316 1.0000000000
36775  -51.949  -39.381  0.746 1.0000000000
36776  -52.961  -39.076  0.332 1.0000000000
36777  -53.746  -38.803  0.637 1.0000000000
36778  -54.342  -38.766  1.048 1.0000000000
36782  -46.054  -40.199  0.020 1.0000000000
36783  -51.508  -40.036  -1.310 1.0000000000
36784  -52.176  -39.163  -0.372 1.0000000000
36785  -53.094  -38.785  0.299 1.0000000000
36789  -51.268  -39.847  -1.665 1.0000000000
36790  -51.540  -39.736  -1.211 1.0000000000
36794  -45.426  -40.858  -3.676 1.0000000000
36795  -49.197  -40.181  -2.620 1.0000000000
36796  -50.614  -40.071  -2.106 1.0000000000
36797  -45.518  -40.546  -4.208 1.0000000000
36798  -47.962  -39.948  -3.623 1.0000000000
36799  -45.816  -40.076  -4.462 1.0000000000
36800  -46.917  -39.594  -4.370 1.0000000000
37710  -41.466  -38.904  5.238 1.0000000000
37722  -40.728  -38.192  3.730 1.0000000000
37723  -41.064  -38.859  4.335 1.0000000000
37728  -41.236  -39.192  3.022 1.0000000000
37729  -45.014  -37.680  3.218 1.0000000000
37730  -53.668  -37.927  2.853 1.0000000000
37731  -54.274  -38.019  1.798 1.0000000000
37736  -41.563  -39.192  1.534 1.0000000000
37737  -42.504  -38.518  1.055 1.0000000000
37738  -43.253  -39.039  2.014 1.0000000000
37739  -44.161  -38.824  2.563 1.0000000000
37740  -44.980  -38.535  2.578 1.0000000000
37741  -45.630  -38.338  2.142 1.0000000000
37742  -54.317  -37.953  0.997 1.0000000000
37745  -42.029  -38.895  0.210 1.0000000000
37746  -42.050  -38.552  0.067 1.0000000000
37747  -45.993  -38.480  1.537 1.0000000000
37752  -49.562  -38.422  -0.457 1.0000000000
37753  -52.103  -38.945  -0.494 1.0000000000
37754  -52.836  -38.502  0.124 1.0000000000
37758  -46.495  -38.379  -0.498 1.0000000000
37762  -49.286  -39.352  -2.325 1.0000000000
37763  -47.935  -39.220  -3.938 1.0000000000
37764  -45.992  -38.841  -4.663 1.0000000000
37765  -47.301  -38.638  -4.436 1.0000000000
37766  -45.739  -37.842  -4.614 1.0000000000
38600  -43.077  -37.459  3.295 1.0000000000
38601  -43.715  -37.410  3.734 1.0000000000
38606  -41.179  -37.294  1.722 1.0000000000
38607  -41.236  -38.324  2.318 1.0000000000
38608  -42.673  -37.752  1.940 1.0000000000
38609  -43.293  -38.243  2.750 1.0000000000
38610  -44.163  -38.052  3.268 1.0000000000
38612  -53.531  -36.707  1.629 1.0000000000
38617  -41.696  -38.106  0.743 1.0000000000
38620  -50.164  -37.240  1.833 1.0000000000
38621  -51.355  -37.035  1.679 1.0000000000
38622  -53.697  -37.103  0.955 1.0000000000
38627  -42.148  -37.509  0.126 1.0000000000
38628  -42.170  -37.685  0.142 1.0000000000
38630  -49.155  -37.630  0.527 1.0000000000
38631  -49.581  -37.447  1.273 1.0000000000
38632  -50.690  -37.714  1.013 1.0000000000
38633  -52.023  -37.655  0.683 1.0000000000
38634  -53.064  -37.685  0.457 1.0000000000
38638  -50.060  -38.213  0.339 1.0000000000
38639  -51.547  -38.379  0.011 1.0000000000
38640  -52.476  -38.248  0.079 1.0000000000
38644  -46.497  -37.403  -1.197 1.0000000000
38645  -48.645  -37.742  -1.112 1.0000000000
38649  -48.644  -38.155  -2.139 1.0000000000
38650  -48.366  -38.541  -3.493 1.0000000000
38651  -45.669  -37.272  -4.507 1.0000000000
38652  -46.510  -37.859  -4.731 1.0000000000
38653  -47.723  -37.650  -4.260 1.0000000000
38654  -45.746  -37.100  -4.790 1.0000000000
39402  -42.700  -36.858  3.166 1.0000000000
39403  -43.246  -36.819  4.101 1.0000000000
39404  -43.949  -36.722  4.358 1.0000000000
39413  -39.828  -35.959  3.070 1.0000000000
39414  -40.636  -36.347  2.106 1.0000000000
39415  -42.416  -36.887  0.726 1.0000000000
39416  -44.449  -37.195  3.848 1.0000000000
39428  -41.606  -36.095  0.141 1.0000000000
39429  -41.786  -37.036  0.134 1.0000000000
39433  -49.338  -36.765  2.106 1.0000000000
39434  -50.363  -36.690  2.566 1.0000000000
39435  -52.391  -36.396  1.859 1.0000000000
39436  -53.171  -36.364  1.691 1.0000000000
39440  -41.943  -36.298  -0.295 1.0000000000
39441  -42.110  -36.575  -0.190 1.0000000000
39442  -48.890  -36.857  1.374 1.0000000000
39443  -52.751  -36.874  1.089 1.0000000000
39446  -48.645  -36.987  0.407 1.0000000000
39450  -46.326  -36.583  -2.399 1.0000000000
39451  -48.479  -36.869  -0.748 1.0000000000
39454  -45.759  -36.811  -3.822 1.0000000000
39455  -48.460  -37.198  -1.869 1.0000000000
39456  -45.629  -36.847  -4.583 1.0000000000
39457  -48.071  -36.573  -4.075 1.0000000000
39458  -45.702  -36.611  -4.670 1.0000000000
39459  -46.878  -35.925  -4.791 1.0000000000
39460  -45.953  -36.304  -4.949 1.0000000000
40215  -42.466  -35.485  4.449 1.0000000000
40216  -42.869  -36.049  4.454 1.0000000000
40228  -39.764  -35.313  2.213 1.0000000000
40229  -40.760  -35.681  1.148 1.0000000000
40230  -42.505  -36.277  2.218 1.0000000000
40241  -39.127  -34.760  2.168 1.0000000000
40242  -41.205  -35.408  0.127 1.0000000000
40243  -41.831  -35.764  -0.200 1.0000000000
40244  -42.099  -35.927  -0.220 1.0000000000
40245  -42.314  -36.210  0.241 1.0000000000
40251  -41.990  -36.012  -0.378 1.0000000000
40252  -41.971  -36.114  -0.392 1.0000000000
40253  -42.139  -36.507  -0.207 1.0000000000
40263  -46.544  -35.924  -0.259 1.0000000000
40264  -48.450  -35.690  -1.198 1.0000000000
40268  -46.462  -35.772  -1.772 1.0000000000
40269  -48.584  -35.378  -2.338 1.0000000000
40270  -46.076  -35.775  -3.339 1.0000000000
40271  -48.436  -35.928  -3.110 1.0000000000
40272  -45.782  -36.020  -4.545 1.0000000000
40273  -46.972  -35.006  -4.631 1.0000000000
40274  -48.022  -35.520  -4.203 1.0000000000
40275  -45.963  -35.689  -4.631 1.0000000000
41076  -41.870  -34.355  5.006 1.0000000000
41097  -41.975  -34.919  4.083 1.0000000000
41104  -41.938  -34.692  2.851 1.0000000000
41110  -38.428  -34.573  1.696 1.0000000000
41111  -39.756  -34.294  1.018 1.0000000000
41112  -41.288  -34.894  -0.441 1.0000000000
41113  -42.024  -35.036  -0.759 1.0000000000
41114  -42.129  -34.556  0.137 1.0000000000
41120  -38.362  -33.986  0.908 1.0000000000
41121  -39.704  -33.749  0.333 1.0000000000
41122  -41.155  -34.505  -0.785 1.0000000000
41123  -41.868  -34.708  -0.953 1.0000000000
41130  -38.878  -33.227  0.051 1.0000000000
41131  -48.480  -34.349  0.653 1.0000000000
41135  -46.565  -34.257  -0.570 1.0000000000
41136  -48.648  -34.285  -0.366 1.0000000000
41140  -48.496  -33.918  -3.815 1.0000000000
41141  -46.315  -34.707  -4.392 1.0000000000
41951  -41.236  -33.370  3.418 1.0000000000
41952  -41.562  -34.070  4.141 1.0000000000
41958  -41.641  -33.633  1.654 1.0000000000
41959  -41.804  -34.255  2.271 1.0000000000
41965  -42.008  -34.145  -0.317 1.0000000000
41971  -40.692  -33.687  -0.788 1.0000000000
41972  -41.614  -34.357  -1.025 1.0000000000
41973  -41.630  -33.992  -1.010 1.0000000000
41975  -48.538  -33.511  1.025 1.0000000000
41979  -39.550  -32.636  -0.890 1.0000000000
41980  -41.007  -33.245  -1.085 1.0000000000
41981  -48.826  -33.489  -0.091 1.0000000000
41987  -46.561  -33.520  -1.353 1.0000000000
41988  -49.269  -33.562  -1.302 1.0000000000
41991  -46.483  -32.786  -2.180 1.0000000000
41992  -49.561  -33.315  -2.483 1.0000000000
41993  -46.414  -32.886  -3.187 1.0000000000
41994  -48.954  -33.198  -3.407 1.0000000000
41995  -46.538  -33.289  -3.745 1.0000000000
41996  -47.525  -33.274  -4.041 1.0000000000
42726  -40.835  -32.070  4.753 1.0000000000
42727  -41.165  -33.055  4.821 1.0000000000
42731  -40.959  -32.600  2.791 1.0000000000
42735  -41.307  -32.733  1.223 1.0000000000
42740  -41.366  -32.878  -0.260 1.0000000000
42742  -48.623  -32.625  1.536 1.0000000000
42748  -49.013  -32.678  0.273 1.0000000000
42749  -49.932  -32.070  -0.593 1.0000000000
42753  -46.545  -32.038  -0.599 1.0000000000
42754  -49.580  -32.783  -0.882 1.0000000000
42755  -50.375  -32.124  -1.587 1.0000000000
42760  -46.466  -32.031  -1.817 1.0000000000
42761  -50.021  -32.714  -1.976 1.0000000000
42762  -50.319  -32.138  -2.246 1.0000000000
42763  -46.396  -32.112  -2.799 1.0000000000
42764  -49.018  -31.874  -3.188 1.0000000000
42765  -49.831  -31.783  -2.638 1.0000000000
42766  -46.551  -32.374  -3.391 1.0000000000
42767  -46.999  -32.571  -3.815 1.0000000000
42768  -48.211  -32.388  -3.560 1.0000000000
43485  -40.685  -31.717  3.610 1.0000000000
43489  -40.699  -31.554  2.350 1.0000000000
43493  -40.742  -31.557  1.082 1.0000000000
43501  -46.204  -30.982  1.271 1.0000000000
43502  -49.759  -31.231  0.844 1.0000000000
43507  -46.483  -31.223  -0.317 1.0000000000
43508  -51.067  -31.143  -1.242 1.0000000000
43513  -46.413  -31.195  -1.618 1.0000000000
43514  -50.513  -31.556  -1.815 1.0000000000
43517  -46.331  -31.320  -2.671 1.0000000000
43518  -46.424  -31.633  -3.120 1.0000000000
43519  -47.739  -31.589  -3.344 1.0000000000
43520  -46.991  -31.930  -3.577 1.0000000000
44308  -40.510  -30.470  3.115 1.0000000000
44323  -46.001  -30.155  1.128 1.0000000000
44325  -51.411  -30.630  0.054 1.0000000000
44329  -46.313  -30.406  0.128 1.0000000000
44330  -50.700  -30.966  0.159 1.0000000000
44331  -51.341  -30.808  -0.665 1.0000000000
44335  -46.209  -30.178  -1.448 1.0000000000
44336  -50.735  -30.978  -1.559 1.0000000000
44337  -51.343  -30.690  -0.936 1.0000000000
44339  -46.254  -30.404  -2.724 1.0000000000
44340  -46.177  -30.045  -2.939 1.0000000000
44341  -47.576  -30.360  -2.845 1.0000000000
44342  -49.477  -30.921  -2.313 1.0000000000
44343  -46.317  -30.864  -3.049 1.0000000000
44344  -46.907  -30.854  -3.236 1.0000000000
44345  -48.520  -31.199  -3.009 1.0000000000
45168  -45.572  -28.952  1.920 1.0000000000
45170  -51.477  -29.695  1.392 1.0000000000
45172  -45.732  -29.283  0.982 1.0000000000
45173  -45.977  -29.427  0.026 1.0000000000
45175  -52.150  -30.292  0.023 1.0000000000
45176  -52.755  -29.769  0.302 1.0000000000
45177  -45.554  -28.559  -0.240 1.0000000000
45178  -45.580  -28.741  -1.200 1.0000000000
45179  -52.637  -29.900  -0.143 1.0000000000
45180  -45.727  -29.166  -1.901 1.0000000000
45181  -47.103  -28.615  -1.705 1.0000000000
45182  -48.800  -29.551  -1.455 1.0000000000
45183  -50.599  -30.321  -1.244 1.0000000000
45184  -51.460  -30.180  -0.770 1.0000000000
45185  -45.921  -29.212  -2.385 1.0000000000
45186  -46.622  -29.530  -2.617 1.0000000000
45187  -48.248  -29.959  -2.202 1.0000000000
45188  -49.685  -30.401  -1.719 1.0000000000
46120  -52.419  -29.217  1.587 1.0000000000
46122  -45.460  -27.869  0.990 1.0000000000
46123  -53.504  -29.338  0.589 1.0000000000
46124  -54.180  -29.052  0.063 1.0000000000
46126  -45.195  -27.667  -0.438 1.0000000000
46127  -45.241  -27.953  -1.336 1.0000000000
46128  -49.497  -28.584  -0.131 1.0000000000
46129  -51.260  -29.374  -0.388 1.0000000000
46130  -52.506  -29.654  -0.304 1.0000000000
46131  -53.301  -29.502  -0.090 1.0000000000
46132  -54.500  -28.412  0.318 1.0000000000
46134  -45.086  -27.420  -1.091 1.0000000000
46135  -45.651  -28.451  -1.764 1.0000000000
46136  -45.780  -28.172  -1.701 1.0000000000
46137  -48.396  -28.680  -0.817 1.0000000000
46138  -50.084  -29.555  -0.772 1.0000000000
46139  -46.177  -28.805  -2.202 1.0000000000
46948  -44.964  -26.989  -0.185 1.0000000000
46949  -49.087  -27.187  1.000 1.0000000000
46950  -50.048  -27.126  1.286 1.0000000000
46951  -51.908  -27.938  0.480 1.0000000000
46952  -53.131  -28.124  0.220 1.0000000000
46953  -46.666  -27.180  -0.515 1.0000000000
46954  -48.028  -27.858  -0.211 1.0000000000
46955  -50.197  -28.089  0.518 1.0000000000
46956  -51.688  -28.706  0.000 1.0000000000
46957  -52.896  -29.088  -0.211 1.0000000000
46958  -54.257  -28.687  0.120 1.0000000000
46959  -54.702  -27.898  0.383 1.0000000000
46960  -45.365  -27.487  -1.173 1.0000000000
46961  -46.790  -27.885  -1.161 1.0000000000
47803  -45.172  -26.363  1.407 1.0000000000
47804  -48.156  -26.483  0.988 1.0000000000
47805  -49.212  -26.459  1.540 1.0000000000
47806  -50.117  -26.319  1.736 1.0000000000
47807  -51.883  -26.960  1.103 1.0000000000
47808  -52.774  -26.787  0.839 1.0000000000
47809  -53.462  -26.561  0.675 1.0000000000
47812  -44.814  -26.311  -0.274 1.0000000000
47813  -44.849  -26.326  -0.323 1.0000000000
47814  -46.861  -26.501  0.126 1.0000000000
47815  -47.965  -27.146  0.390 1.0000000000
47816  -53.894  -27.589  0.307 1.0000000000
47817  -54.405  -26.947  0.431 1.0000000000
48720  -48.843  -25.144  1.951 1.0000000000
48721  -49.409  -25.740  1.946 1.0000000000
48722  -50.204  -25.505  2.027 1.0000000000
48733  -44.669  -25.667  0.592 1.0000000000
48734  -47.316  -25.689  0.745 1.0000000000
48735  -48.520  -25.799  1.541 1.0000000000
48736  -50.958  -26.103  1.632 1.0000000000
48737  -51.853  -25.911  1.399 1.0000000000
48738  -52.750  -25.806  1.106 1.0000000000
48739  -53.730  -25.898  0.718 1.0000000000
48744  -44.839  -25.573  -0.161 1.0000000000
48745  -46.169  -25.179  0.322 1.0000000000
48746  -54.831  -26.247  0.501 1.0000000000
49607  -44.046  -24.583  0.488 1.0000000000
49608  -44.538  -25.141  1.120 1.0000000000
49609  -49.234  -24.473  2.195 1.0000000000
49610  -50.099  -24.694  2.248 1.0000000000
49611  -51.018  -25.042  1.812 1.0000000000
49612  -51.477  -24.171  1.760 1.0000000000
49624  -44.145  -24.524  0.131 1.0000000000
49625  -44.344  -25.105  0.129 1.0000000000
49626  -46.559  -24.401  0.626 1.0000000000
49627  -47.358  -24.822  1.013 1.0000000000
49628  -48.252  -24.394  1.668 1.0000000000
49629  -52.038  -24.989  1.482 1.0000000000
49630  -52.994  -25.000  1.119 1.0000000000
49631  -54.163  -25.130  0.675 1.0000000000
49638  -44.324  -25.189  0.018 1.0000000000
49639  -45.262  -24.812  0.154 1.0000000000
50389  -43.916  -24.036  1.190 1.0000000000
50390  -44.589  -24.522  1.882 1.0000000000
50391  -48.808  -23.558  2.115 1.0000000000
50392  -49.788  -23.872  2.337 1.0000000000
50393  -50.357  -23.281  2.288 1.0000000000
50394  -51.122  -23.419  1.990 1.0000000000
50407  -43.708  -23.979  0.145 1.0000000000
50408  -46.983  -23.621  0.819 1.0000000000
50409  -47.904  -23.502  1.470 1.0000000000
50410  -51.853  -23.476  1.665 1.0000000000
50418  -43.783  -24.023  0.127 1.0000000000
50419  -44.930  -23.660  0.338 1.0000000000
50420  -45.779  -23.999  0.449 1.0000000000
50421  -46.239  -23.166  0.596 1.0000000000
51120  -43.917  -22.585  2.225 1.0000000000
51121  -48.417  -22.712  1.831 1.0000000000
51122  -49.143  -22.463  2.249 1.0000000000
51123  -50.023  -22.514  2.337 1.0000000000
51124  -50.874  -22.666  2.145 1.0000000000
51137  -42.191  -22.533  0.074 1.0000000000
51138  -42.735  -22.955  0.195 1.0000000000
51139  -51.504  -22.882  1.843 1.0000000000
51148  -42.372  -22.570  0.152 1.0000000000
51149  -43.944  -23.248  0.187 1.0000000000
51150  -45.320  -22.934  0.473 1.0000000000
51151  -46.375  -22.189  0.568 1.0000000000
51874  -43.153  -21.051  1.630 1.0000000000
51875  -43.483  -21.889  1.898 1.0000000000
51876  -48.691  -21.865  1.969 1.0000000000
51877  -49.557  -21.726  2.221 1.0000000000
51878  -50.558  -21.799  2.181 1.0000000000
51893  -42.341  -21.813  0.467 1.0000000000
51894  -47.499  -21.706  0.888 1.0000000000
51895  -48.274  -21.333  1.404 1.0000000000
51896  -49.030  -21.045  1.858 1.0000000000
51907  -42.005  -21.982  0.031 1.0000000000
51908  -42.316  -21.983  -0.105 1.0000000000
51909  -43.785  -21.736  0.211 1.0000000000
51910  -45.550  -21.431  0.411 1.0000000000
51911  -46.879  -21.152  0.507 1.0000000000
52707  -41.868  -21.197  0.150 1.0000000000
52708  -47.782  -20.828  0.807 1.0000000000
52709  -48.533  -20.508  1.243 1.0000000000
52710  -49.344  -20.245  1.547 1.0000000000
52724  -41.888  -21.203  0.033 1.0000000000
52725  -42.725  -21.004  -0.171 1.0000000000
52726  -44.602  -20.728  0.250 1.0000000000
52727  -46.162  -20.504  0.339 1.0000000000
52728  -47.263  -20.253  0.433 1.0000000000
52729  -48.085  -19.998  0.607 1.0000000000
53538  -42.578  -20.309  0.976 1.0000000000
53544  -41.907  -20.378  0.073 1.0000000000
53545  -48.811  -19.682  0.959 1.0000000000
53546  -49.679  -19.496  1.203 1.0000000000
53560  -43.717  -19.997  -0.032 1.0000000000
53561  -45.378  -19.856  0.157 1.0000000000
53562  -46.657  -19.676  0.189 1.0000000000
53563  -47.604  -19.468  0.235 1.0000000000
53564  -49.148  -18.946  0.563 1.0000000000
53573  -42.504  -19.208  -0.171 1.0000000000
53574  -43.181  -19.256  -0.274 1.0000000000
53575  -44.645  -19.207  -0.126 1.0000000000
53576  -45.995  -19.113  -0.089 1.0000000000
53577  -47.081  -18.959  -0.108 1.0000000000
54428  -47.930  -18.764  -0.040 1.0000000000
54429  -48.667  -18.498  0.030 1.0000000000
54442  -42.994  -18.502  -0.298 1.0000000000
54443  -44.134  -18.499  -0.334 1.0000000000
54444  -46.441  -18.301  -0.372 1.0000000000
54445  -47.482  -18.277  -0.340 1.0000000000
54446  -48.241  -18.101  -0.334 1.0000000000
54447  -49.000  -17.739  -0.381 1.0000000000
55310  -43.746  -17.692  -0.456 1.0000000000
55311  -45.276  -17.742  -0.496 1.0000000000
55312  -46.463  -17.536  -0.621 1.0000000000
55313  -47.846  -17.644  -0.607 1.0000000000
55314  -48.461  -17.550  -0.568 1.0000000000
56173  -43.343  -16.851  -0.501 1.0000000000
56174  -44.648  -16.886  -0.654 1.0000000000
56175  -46.036  -16.771  -0.850 1.0000000000
56176  -47.278  -17.046  -0.897 1.0000000000
56177  -48.346  -16.950  -0.905 1.0000000000
56178  -49.268  -16.473  -1.011 1.0000000000
56182  -44.215  -16.295  -0.785 1.0000000000
56183  -46.165  -15.950  -1.221 1.0000000000
56184  -47.004  -16.183  -1.296 1.0000000000
56185  -47.985  -16.244  -1.306 1.0000000000
56186  -48.804  -16.152  -1.255 1.0000000000
57033  -43.454  -16.000  -0.761 1.0000000000
57039  -44.515  -15.632  -1.079 1.0000000000
57040  -45.712  -15.268  -1.445 1.0000000000
57041  -46.861  -15.346  -1.572 1.0000000000
57042  -47.817  -15.463  -1.584 1.0000000000
57043  -48.913  -15.297  -1.608 1.0000000000
57819  -44.786  -14.867  -1.473 1.0000000000
57820  -45.757  -14.377  -1.860 1.0000000000
57821  -46.742  -14.505  -1.906 1.0000000000
57822  -48.044  -14.560  -1.988 1.0000000000
57826  -44.980  -14.108  -1.863 1.0000000000
57828  -46.611  -13.815  -2.384 1.0000000000
57829  -47.927  -13.736  -2.411 1.0000000000
98698  -50.044  -39.852  2.902 1.0000000000
98935  -48.023  -40.703  1.640 1.0000000000
99290  -48.576  -39.414  -3.164 1.0000000000
99428  -43.424  -23.245  1.121 1.0000000000
99454  -43.488  -20.236  2.283 1.0000000000
99557  -49.083  -38.487  -1.230 1.0000000000
99561  -54.300  -46.539  2.784 1.0000000000
99751  -42.238  -20.097  -0.106 1.0000000000
100386  -46.254  -46.537  7.520 1.0000000000
100409  -45.348  -46.430  7.298 1.0000000000
100431  -57.207  -58.984  5.994 1.0000000000
100513  -48.533  -48.476  2.424 1.0000000000
101023  -44.332  -54.366  11.177 1.0000000000
101035  -40.498  -37.193  3.324 1.0000000000
101065  -48.103  -25.192  1.466 1.0000000000
101350  -51.517  -55.291  8.246 1.0000000000
101360  -50.650  -24.074  2.144 1.0000000000
101373  -57.125  -58.353  5.615 1.0000000000
101421  -48.904  -17.174  -0.695 1.0000000000
101450  -48.185  -34.682  -4.099 1.0000000000
101481  -48.520  -36.125  0.917 1.0000000000
101808  -52.297  -39.520  1.314 1.0000000000
101970  -45.762  -25.949  -0.142 1.0000000000
102010  -53.978  -59.357  5.024 1.0000000000
102112  -49.459  -18.208  0.110 1.0000000000
102153  -51.041  -50.260  1.976 1.0000000000
102187  -48.067  -40.703  -3.229 1.0000000000
102580  -40.312  -30.268  1.889 1.0000000000
102684  -46.358  -39.336  -0.131 1.0000000000
102851  -47.127  -17.772  -0.544 1.0000000000
102908  -53.917  -40.923  2.098 1.0000000000
102991  -52.354  -24.210  1.464 1.0000000000
103036  -49.736  -48.677  0.761 1.0000000000
103055  -46.201  -34.300  -4.063 1.0000000000
103187  -47.449  -24.134  1.150 1.0000000000
103407  -48.083  -42.456  -1.100 1.0000000000
103418  -44.420  -46.385  8.411 1.0000000000
103428  -56.910  -57.390  4.816 1.0000000000
103569  -45.047  -25.176  2.337 1.0000000000
103576  -46.241  -40.832  2.616 1.0000000000
103604  -48.825  -57.714  8.888 1.0000000000
103686  -51.790  -30.395  -0.475 1.0000000000
103833  -45.485  -56.208  13.326 1.0000000000
103980  -42.394  -35.679  1.284 1.0000000000
104128  -48.430  -35.180  0.327 1.0000000000
104278  -53.608  -54.183  5.408 1.0000000000
104358  -44.456  -24.510  0.068 1.0000000000
104435  -44.390  -41.280  2.979 1.0000000000
104438  -55.349  -57.029  1.846 1.0000000000
104565  -44.940  -26.984  -0.626 1.0000000000
104592  -55.891  -55.888  9.487 1.0000000000
104636  -50.490  -57.074  8.351 1.0000000000
104640  -48.902  -34.556  -2.939 1.0000000000
104899  -45.623  -37.654  -4.392 1.0000000000
104900  -45.776  -38.612  -3.664 1.0000000000
105001  -53.764  -42.215  2.471 1.0000000000
105064  -46.284  -34.222  -3.314 1.0000000000
105096  -48.732  -34.807  -1.700 1.0000000000
105098  -46.568  -33.498  -0.132 1.0000000000
105100  -46.508  -34.247  -1.929 1.0000000000
105102  -46.149  -37.537  -2.998 1.0000000000
105104  -46.356  -34.971  -2.606 1.0000000000
105105  -46.529  -35.025  -1.123 1.0000000000
105106  -46.397  -38.443  -1.916 1.0000000000
105252  -50.697  -31.585  -1.244 1.0000000000
105298  -48.423  -36.005  -0.092 1.0000000000
105315  -53.847  -45.854  2.408 1.0000000000
105373  -54.629  -49.909  2.266 1.0000000000
105403  -53.558  -52.875  4.028 1.0000000000
105405  -42.318  -35.615  3.232 1.0000000000
105479  -46.807  -36.907  -4.790 1.0000000000
105498  -54.591  -59.090  4.228 1.0000000000
105699  -45.956  -34.981  -3.945 1.0000000000
105758  -45.706  -38.233  -4.429 1.0000000000
105964  -48.820  -44.575  5.410 1.0000000000
106023  -48.453  -35.296  1.300 1.0000000000
106164  -51.160  -40.147  -1.742 1.0000000000
106221  -44.728  -22.384  0.400 1.0000000000
106276  -43.183  -22.840  -0.017 1.0000000000
106324  -53.331  -45.291  4.910 1.0000000000
106386  -42.602  -19.496  0.746 1.0000000000
106452  -53.774  -29.167  -0.112 1.0000000000
106708  -42.249  -19.420  0.086 1.0000000000
107026  -59.039  -57.338  7.869 1.0000000000
107076  -51.598  -57.791  10.423 1.0000000000
107216  -50.858  -49.171  6.722 1.0000000000
107253  -48.629  -36.102  1.786 1.0000000000
107424  -55.851  -52.406  1.137 1.0000000000
107472  -48.417  -36.282  -1.923 1.0000000000
107683  -49.502  -23.107  2.323 1.0000000000
107776  -53.137  -52.966  5.671 1.0000000000
107778  -45.273  -54.314  11.274 1.0000000000
107923  -46.140  -39.613  -2.543 1.0000000000
107952  -54.572  -40.022  2.876 1.0000000000
108073  -46.577  -32.789  -0.932 1.0000000000
108074  -46.539  -32.773  0.176 1.0000000000
108267  -40.970  -32.719  -0.974 1.0000000000
108411  -54.058  -42.943  4.193 1.0000000000
108462  -46.710  -47.294  5.062 1.0000000000
108480  -42.940  -22.613  0.907 1.0000000000
108551  -56.800  -57.224  3.508 1.0000000000
108893  -45.967  -29.527  -0.936 1.0000000000
108953  -56.868  -54.154  4.716 1.0000000000
108958  -50.283  -39.354  -1.561 1.0000000000
108960  -52.574  -41.073  5.083 1.0000000000
108975  -45.993  -35.159  -4.358 1.0000000000
108982  -53.949  -48.936  4.812 1.0000000000
109090  -52.281  -42.891  2.954 1.0000000000
109143  -42.051  -39.276  0.516 1.0000000000
109157  -51.610  -36.375  2.362 1.0000000000
109174  -44.656  -25.750  -0.092 1.0000000000
109184  -52.198  -55.055  7.690 1.0000000000
109208  -45.414  -26.722  -0.613 1.0000000000
109300  -48.835  -37.770  -0.294 1.0000000000
109348  -53.072  -55.155  6.705 1.0000000000
109635  -55.554  -54.832  0.070 1.0000000000
109671  -48.380  -37.441  -3.172 1.0000000000
109795  -53.256  -24.250  1.124 1.0000000000
109801  -50.563  -31.399  -0.446 1.0000000000
109897  -46.663  -56.703  12.572 1.0000000000
109999  -43.186  -23.277  0.158 1.0000000000
110061  -52.663  -54.877  7.193 1.0000000000
110107  -49.253  -34.073  -2.119 1.0000000000
110204  -45.589  -39.353  -4.233 1.0000000000
110215  -49.253  -33.821  -3.030 1.0000000000
110246  -47.023  -56.513  14.384 1.0000000000
110457  -52.145  -30.123  -0.401 1.0000000000
110550  -57.598  -57.543  8.324 1.0000000000
110587  -53.087  -61.082  6.909 1.0000000000
110603  -48.363  -19.215  0.366 1.0000000000
110701  -45.482  -39.658  -4.144 1.0000000000
110806  -48.071  -22.054  1.449 1.0000000000
110819  -52.689  -58.051  6.618 1.0000000000
110830  -53.128  -56.039  6.614 1.0000000000
110975  -50.928  -27.009  1.290 1.0000000000
111031  -53.314  -59.670  5.763 1.0000000000
111037  -49.652  -32.463  -2.856 1.0000000000
111369  -52.085  -57.968  7.174 1.0000000000
111406  -58.922  -57.207  8.442 1.0000000000
111453  -53.670  -38.112  0.553 1.0000000000
111585  -48.503  -35.024  -0.668 1.0000000000
111650  -56.274  -56.685  8.800 1.0000000000
112041  -53.226  -52.347  2.213 1.0000000000
112082  -53.987  -41.845  4.068 1.0000000000
112121  -50.919  -27.749  0.772 1.0000000000
112458  -52.167  -39.884  1.966 1.0000000000
112527  -48.405  -36.672  -2.781 1.0000000000
112533  -46.514  -36.501  -1.062 1.0000000000
112552  -42.548  -36.072  3.744 1.0000000000
112937  -49.356  -31.899  0.556 1.0000000000
113054  -45.343  -27.137  1.308 1.0000000000
113151  -47.415  -22.692  1.020 1.0000000000
113297  -46.422  -39.240  -1.139 1.0000000000
113372  -46.410  -33.511  -2.679 1.0000000000
113486  -48.541  -35.205  -3.340 1.0000000000
113518  -53.357  -50.249  -0.576 1.0000000000
113585  -42.224  -35.186  0.669 1.0000000000
113600  -45.621  -38.705  -4.304 1.0000000000
113793  -45.316  -27.934  -1.412 1.0000000000
114062  -46.112  -40.567  -1.417 1.0000000000
114102  -56.970  -56.471  4.299 1.0000000000
114127  -50.736  -46.812  2.175 1.0000000000
114170  -47.290  -29.212  -2.145 1.0000000000
114252  -53.427  -57.967  8.825 1.0000000000
114295  -54.956  -58.062  2.915 1.0000000000
114384  -54.702  -42.632  3.097 1.0000000000
114473  -54.652  -56.905  3.535 1.0000000000
114561  -42.238  -36.964  0.050 1.0000000000
114600  -48.402  -49.009  1.843 1.0000000000
114635  -49.061  -56.022  9.341 1.0000000000
114694  -54.511  -28.557  0.427 1.0000000000
114782  -45.790  -46.369  5.816 1.0000000000
114949  -54.105  -45.376  3.965 1.0000000000
114960  -44.453  -23.960  2.193 1.0000000000
114970  -44.650  -26.054  0.180 1.0000000000
114986  -56.500  -58.032  3.407 1.0000000000
115023  -48.841  -34.318  -1.208 1.0000000000
115031  -48.706  -49.295  1.395 1.0000000000
115213  -45.555  -28.479  0.683 1.0000000000
115230  -51.610  -51.635  -1.016 1.0000000000
115302  -46.073  -29.578  -2.484 1.0000000000
115322  -53.890  -53.668  4.100 1.0000000000
115372  -55.410  -59.355  3.875 1.0000000000
115474  -48.955  -27.778  0.439 1.0000000000
115560  -50.966  -39.050  -0.910 1.0000000000
115584  -55.307  -56.036  0.648 1.0000000000
115763  -40.879  -32.567  3.953 1.0000000000
115780  -45.240  -16.109  -0.946 1.0000000000
115946  -53.999  -37.274  1.345 1.0000000000
115988  -55.887  -54.850  6.395 1.0000000000
115989  -53.391  -53.318  -1.006 1.0000000000
116046  -42.213  -35.186  2.481 1.0000000000
116066  -47.242  -34.166  -4.391 1.0000000000
116078  -40.114  -34.816  1.177 1.0000000000
116185  -46.565  -33.959  -4.174 1.0000000000
116262  -58.152  -51.416  3.946 1.0000000000
116504  -47.598  -57.091  12.692 1.0000000000
116579  -44.505  -42.320  1.732 1.0000000000
116588  -47.872  -42.119  -0.145 1.0000000000
116647  -46.387  -31.328  0.681 1.0000000000
116694  -46.732  -31.351  -3.286 1.0000000000
116753  -52.741  -51.591  2.690 1.0000000000
116806  -43.957  -14.489  -1.434 1.0000000000
116819  -45.758  -13.815  -2.302 1.0000000000
116850  -40.873  -37.770  2.875 1.0000000000
116883  -45.691  -53.641  11.737 1.0000000000
117083  -44.590  -38.226  2.956 1.0000000000
117124  -51.058  -55.082  8.643 1.0000000000
117127  -48.853  -36.456  1.988 1.0000000000
117148  -43.503  -36.217  4.629 1.0000000000
117159  -43.777  -38.540  2.759 1.0000000000
117179  -42.055  -34.768  -0.770 1.0000000000
117237  -54.025  -46.075  3.954 1.0000000000
117261  -45.330  -18.581  -0.282 1.0000000000
117295  -54.105  -38.364  0.789 1.0000000000
117300  -50.883  -59.178  9.753 1.0000000000
117313  -41.473  -36.585  0.547 1.0000000000
117335  -48.510  -14.912  -1.807 1.0000000000
117453  -55.178  -58.637  3.189 1.0000000000
117606  -49.133  -43.851  5.725 1.0000000000
117812  -47.189  -40.084  3.053 1.0000000000
117950  -52.439  -57.379  9.737 1.0000000000
118098  -41.497  -39.256  4.426 1.0000000000
118520  -53.584  -56.243  6.032 1.0000000000
118734  -48.923  -22.943  2.209 1.0000000000
118782  -54.623  -40.215  1.937 1.0000000000
118822  -54.339  -43.796  3.775 1.0000000000
119132  -49.578  -25.119  2.163 1.0000000000
119183  -43.340  -23.464  0.304 1.0000000000
119194  -44.921  -27.089  -0.799 1.0000000000
119359  -51.493  -39.979  -1.614 1.0000000000
119377  -49.875  -41.187  -0.773 1.0000000000
119422  -46.379  -33.642  -3.589 1.0000000000
119444  -43.703  -54.219  11.229 1.0000000000
119451  -44.923  -26.502  0.376 1.0000000000
119604  -47.492  -43.101  -2.144 1.0000000000
