#!ascii label  , from subject sub-03 vox2ras=TkReg coords=white rater=tiger surface-annotate=0.1.0
726
3797  -43.873  -84.801  18.834 1.0000000000
3798  -44.608  -84.881  17.798 1.0000000000
3799  -45.476  -84.523  17.862 1.0000000000
3810  -45.088  -85.155  16.519 1.0000000000
3811  -45.259  -85.058  16.863 1.0000000000
3812  -45.995  -84.599  16.766 1.0000000000
3824  -45.298  -85.170  15.791 1.0000000000
3825  -45.581  -85.063  16.068 1.0000000000
3840  -45.483  -85.084  15.057 1.0000000000
3975  -44.448  -83.266  1.667 1.0000000000
4380  -43.416  -84.054  18.902 1.0000000000
4381  -44.273  -84.642  17.884 1.0000000000
4391  -44.823  -85.038  16.657 1.0000000000
4392  -46.627  -83.639  16.835 1.0000000000
4403  -44.933  -84.982  15.804 1.0000000000
4404  -45.891  -85.020  15.311 1.0000000000
4405  -46.269  -84.495  16.014 1.0000000000
4533  -46.126  -82.313  4.191 1.0000000000
4549  -44.919  -82.961  1.885 1.0000000000
4550  -45.452  -82.536  2.322 1.0000000000
4563  -44.156  -83.243  1.252 1.0000000000
4564  -44.683  -82.859  1.114 1.0000000000
4565  -45.298  -82.402  1.163 1.0000000000
4577  -43.285  -82.437  0.606 1.0000000000
4578  -44.237  -82.763  0.513 1.0000000000
4579  -44.934  -82.487  0.377 1.0000000000
4585  -44.618  -82.335  -0.315 1.0000000000
4973  -43.593  -82.429  18.254 1.0000000000
4974  -43.904  -83.578  17.836 1.0000000000
4989  -44.127  -82.690  16.269 1.0000000000
4990  -44.331  -84.090  16.665 1.0000000000
4991  -46.815  -82.787  16.380 1.0000000000
4992  -46.989  -82.623  17.081 1.0000000000
5000  -44.476  -83.320  14.892 1.0000000000
5001  -44.738  -84.371  15.355 1.0000000000
5002  -46.412  -84.196  15.415 1.0000000000
5003  -46.625  -83.612  16.332 1.0000000000
5011  -44.994  -83.912  13.818 1.0000000000
5012  -45.537  -84.619  14.278 1.0000000000
5013  -46.119  -84.487  14.000 1.0000000000
5022  -44.865  -83.484  13.220 1.0000000000
5023  -45.601  -83.776  12.949 1.0000000000
5024  -46.316  -83.613  12.997 1.0000000000
5030  -44.761  -82.969  12.861 1.0000000000
5031  -45.789  -83.252  12.675 1.0000000000
5032  -46.587  -83.072  12.824 1.0000000000
5033  -47.024  -82.265  12.786 1.0000000000
5038  -44.661  -82.208  12.581 1.0000000000
5039  -46.252  -82.513  12.513 1.0000000000
5040  -46.702  -81.610  12.339 1.0000000000
5130  -46.542  -81.711  4.653 1.0000000000
5148  -45.955  -82.052  2.937 1.0000000000
5149  -46.425  -81.548  3.575 1.0000000000
5172  -45.826  -81.867  1.759 1.0000000000
5173  -46.324  -81.279  2.335 1.0000000000
5200  -42.437  -82.054  1.021 1.0000000000
5201  -46.291  -81.039  1.160 1.0000000000
5224  -41.923  -81.719  0.661 1.0000000000
5225  -42.888  -81.923  0.038 1.0000000000
5226  -43.841  -82.353  -0.252 1.0000000000
5227  -45.421  -82.035  0.222 1.0000000000
5228  -45.816  -81.484  0.020 1.0000000000
5229  -46.271  -80.896  0.167 1.0000000000
5244  -39.868  -81.416  -0.857 1.0000000000
5245  -40.789  -81.606  -1.018 1.0000000000
5246  -42.212  -81.694  -0.310 1.0000000000
5247  -43.519  -82.099  -1.172 1.0000000000
5248  -44.324  -82.154  -1.189 1.0000000000
5249  -45.007  -81.877  -1.018 1.0000000000
5250  -45.588  -81.517  -0.632 1.0000000000
5257  -39.401  -81.609  -1.886 1.0000000000
5258  -41.076  -82.062  -2.354 1.0000000000
5259  -42.181  -82.274  -2.694 1.0000000000
5260  -43.028  -82.160  -2.246 1.0000000000
5261  -44.026  -81.994  -2.232 1.0000000000
5262  -44.801  -81.568  -2.010 1.0000000000
5263  -45.517  -81.078  -1.647 1.0000000000
5270  -38.730  -81.620  -3.315 1.0000000000
5271  -39.491  -82.053  -3.136 1.0000000000
5272  -40.636  -82.427  -3.508 1.0000000000
5273  -42.860  -81.954  -3.519 1.0000000000
5274  -43.634  -81.268  -3.599 1.0000000000
5275  -45.220  -80.596  -2.522 1.0000000000
5285  -39.243  -82.124  -4.130 1.0000000000
5286  -39.903  -82.330  -4.823 1.0000000000
5287  -40.744  -82.361  -4.561 1.0000000000
5288  -42.248  -81.925  -4.281 1.0000000000
5289  -43.021  -81.209  -4.039 1.0000000000
5290  -43.577  -80.873  -3.745 1.0000000000
5304  -39.187  -81.993  -4.980 1.0000000000
5305  -39.828  -81.909  -5.366 1.0000000000
5306  -40.672  -81.790  -5.176 1.0000000000
5307  -41.548  -81.892  -4.722 1.0000000000
5314  -39.294  -81.545  -5.583 1.0000000000
5661  -43.681  -81.322  17.318 1.0000000000
5662  -46.435  -81.262  16.563 1.0000000000
5668  -43.812  -81.542  15.922 1.0000000000
5669  -46.166  -81.578  15.692 1.0000000000
5678  -44.039  -82.220  14.400 1.0000000000
5679  -46.187  -82.068  14.761 1.0000000000
5690  -43.967  -82.066  13.298 1.0000000000
5691  -46.673  -82.760  13.450 1.0000000000
5697  -43.192  -80.769  13.161 1.0000000000
5698  -43.928  -81.686  12.816 1.0000000000
5699  -47.066  -82.525  12.857 1.0000000000
5700  -47.579  -81.567  12.850 1.0000000000
5701  -47.892  -81.103  12.628 1.0000000000
5706  -43.355  -80.597  12.719 1.0000000000
5707  -43.987  -81.289  12.551 1.0000000000
5708  -44.559  -81.395  12.376 1.0000000000
5709  -47.420  -81.511  12.556 1.0000000000
5790  -47.162  -80.627  5.444 1.0000000000
5801  -46.848  -81.192  5.029 1.0000000000
5802  -47.266  -80.526  4.646 1.0000000000
5817  -46.827  -81.017  4.152 1.0000000000
5818  -47.206  -80.109  3.479 1.0000000000
5828  -46.774  -80.237  1.582 1.0000000000
5840  -46.836  -79.988  0.318 1.0000000000
5855  -46.112  -80.924  -0.490 1.0000000000
5856  -46.697  -79.954  -0.772 1.0000000000
5872  -39.054  -81.157  -0.764 1.0000000000
5873  -46.139  -80.549  -1.265 1.0000000000
5874  -46.410  -79.633  -1.475 1.0000000000
5887  -38.600  -81.159  -1.609 1.0000000000
5888  -45.955  -80.171  -2.068 1.0000000000
5897  -38.142  -80.858  -3.310 1.0000000000
5898  -42.698  -80.569  -4.004 1.0000000000
5899  -43.472  -80.562  -3.663 1.0000000000
5900  -44.098  -80.561  -3.397 1.0000000000
5901  -44.739  -80.413  -3.008 1.0000000000
5902  -45.591  -79.986  -2.446 1.0000000000
5909  -38.229  -80.907  -4.573 1.0000000000
5910  -38.683  -81.613  -4.313 1.0000000000
5911  -41.410  -81.302  -4.937 1.0000000000
5912  -42.205  -81.313  -4.482 1.0000000000
5926  -38.455  -80.848  -5.648 1.0000000000
5927  -38.748  -81.480  -5.252 1.0000000000
5928  -40.021  -81.266  -5.641 1.0000000000
5943  -39.301  -80.995  -6.090 1.0000000000
6352  -43.348  -80.243  16.688 1.0000000000
6353  -45.558  -78.787  15.350 1.0000000000
6354  -45.756  -80.407  15.823 1.0000000000
6365  -43.347  -80.546  15.500 1.0000000000
6366  -45.898  -80.559  14.808 1.0000000000
6377  -43.264  -80.761  14.212 1.0000000000
6378  -46.725  -81.222  13.745 1.0000000000
6379  -47.095  -80.391  13.779 1.0000000000
6385  -47.849  -81.396  13.047 1.0000000000
6386  -48.364  -80.718  12.868 1.0000000000
6387  -48.959  -80.026  12.904 1.0000000000
6393  -43.766  -80.535  12.419 1.0000000000
6394  -44.554  -80.565  12.183 1.0000000000
6395  -45.773  -80.412  11.988 1.0000000000
6396  -47.397  -80.785  12.206 1.0000000000
6397  -48.312  -80.509  12.597 1.0000000000
6463  -48.106  -79.436  6.171 1.0000000000
6471  -47.599  -80.033  5.834 1.0000000000
6478  -47.689  -79.978  5.137 1.0000000000
6479  -48.219  -79.430  5.594 1.0000000000
6491  -47.661  -79.560  3.988 1.0000000000
6504  -47.568  -78.941  0.499 1.0000000000
6505  -48.121  -78.304  1.189 1.0000000000
6513  -43.194  -79.199  0.808 1.0000000000
6514  -44.367  -78.951  0.634 1.0000000000
6515  -47.589  -78.161  -0.149 1.0000000000
6529  -42.896  -79.340  -0.045 1.0000000000
6530  -43.896  -79.287  -0.156 1.0000000000
6531  -44.999  -79.124  -0.559 1.0000000000
6532  -47.263  -78.862  -0.550 1.0000000000
6547  -42.764  -79.438  -1.123 1.0000000000
6548  -43.713  -79.491  -1.558 1.0000000000
6549  -45.587  -79.320  -1.570 1.0000000000
6550  -46.478  -79.029  -1.225 1.0000000000
6551  -46.855  -79.098  -1.068 1.0000000000
6567  -41.259  -79.415  -2.011 1.0000000000
6568  -42.353  -79.610  -2.154 1.0000000000
6569  -43.412  -79.672  -2.308 1.0000000000
6570  -44.430  -79.643  -2.352 1.0000000000
6571  -45.967  -79.629  -1.948 1.0000000000
6585  -41.882  -79.865  -3.199 1.0000000000
6586  -43.052  -80.030  -3.188 1.0000000000
6587  -43.975  -79.986  -3.177 1.0000000000
6588  -44.702  -80.007  -2.981 1.0000000000
6599  -40.132  -79.426  -4.181 1.0000000000
6600  -40.892  -80.430  -4.767 1.0000000000
6601  -41.767  -80.502  -4.335 1.0000000000
6609  -39.714  -80.531  -5.942 1.0000000000
7039  -46.245  -79.696  14.544 1.0000000000
7040  -46.851  -79.180  14.308 1.0000000000
7041  -48.200  -79.292  13.926 1.0000000000
7042  -49.267  -79.140  13.659 1.0000000000
7049  -48.255  -80.351  13.350 1.0000000000
7050  -48.996  -79.904  13.162 1.0000000000
7051  -49.439  -79.459  13.167 1.0000000000
7052  -49.814  -79.005  13.250 1.0000000000
7062  -44.516  -79.768  12.091 1.0000000000
7063  -45.110  -79.027  12.074 1.0000000000
7064  -47.727  -79.182  12.092 1.0000000000
7065  -48.687  -79.681  12.498 1.0000000000
7066  -49.368  -79.574  12.952 1.0000000000
7123  -48.838  -78.283  7.022 1.0000000000
7135  -48.596  -78.686  6.554 1.0000000000
7136  -49.262  -78.303  6.268 1.0000000000
7144  -48.770  -78.900  5.992 1.0000000000
7145  -49.251  -78.280  5.627 1.0000000000
7155  -48.215  -79.078  4.511 1.0000000000
7156  -48.853  -78.468  4.920 1.0000000000
7157  -49.602  -77.583  4.597 1.0000000000
7166  -48.291  -78.449  3.001 1.0000000000
7167  -49.215  -77.448  2.447 1.0000000000
7183  -44.978  -78.122  1.988 1.0000000000
7184  -46.218  -77.825  0.796 1.0000000000
7185  -48.769  -77.477  1.423 1.0000000000
7201  -45.277  -78.404  0.857 1.0000000000
7202  -47.055  -77.845  -0.064 1.0000000000
7203  -47.656  -77.719  0.040 1.0000000000
7204  -48.023  -77.809  0.235 1.0000000000
7216  -45.632  -78.624  -0.127 1.0000000000
7217  -46.705  -78.418  -0.592 1.0000000000
7218  -47.293  -78.163  -0.405 1.0000000000
7232  -47.015  -78.630  -0.832 1.0000000000
7752  -47.073  -78.087  14.464 1.0000000000
7753  -48.332  -78.269  14.281 1.0000000000
7754  -49.528  -78.301  14.148 1.0000000000
7755  -50.500  -77.932  14.083 1.0000000000
7756  -51.160  -77.567  13.981 1.0000000000
7762  -49.866  -78.748  13.549 1.0000000000
7763  -50.375  -78.199  13.626 1.0000000000
7775  -45.655  -77.883  12.298 1.0000000000
7776  -46.893  -78.059  12.224 1.0000000000
7777  -48.140  -78.382  12.288 1.0000000000
7778  -49.396  -78.780  12.720 1.0000000000
7779  -50.242  -78.295  13.286 1.0000000000
7836  -48.438  -77.855  7.331 1.0000000000
7837  -49.285  -77.723  7.277 1.0000000000
7838  -50.111  -77.339  7.041 1.0000000000
7847  -49.330  -78.062  6.813 1.0000000000
7848  -49.842  -77.614  6.364 1.0000000000
7849  -50.393  -76.971  6.209 1.0000000000
7859  -49.746  -77.621  5.531 1.0000000000
7860  -50.391  -76.870  5.371 1.0000000000
7878  -49.441  -77.525  3.521 1.0000000000
7879  -50.201  -76.698  3.239 1.0000000000
7897  -46.249  -77.070  2.608 1.0000000000
7898  -49.927  -76.611  2.238 1.0000000000
7899  -50.361  -76.056  2.312 1.0000000000
7911  -46.169  -77.452  1.728 1.0000000000
7912  -48.071  -76.789  0.897 1.0000000000
7913  -48.691  -76.802  1.061 1.0000000000
7914  -49.448  -76.553  1.575 1.0000000000
7915  -50.004  -76.033  1.739 1.0000000000
7929  -47.370  -77.315  0.563 1.0000000000
7930  -48.129  -77.290  0.455 1.0000000000
8461  -47.372  -77.140  14.553 1.0000000000
8462  -48.531  -77.301  14.501 1.0000000000
8463  -49.598  -77.413  14.459 1.0000000000
8464  -51.169  -77.265  14.219 1.0000000000
8465  -51.631  -76.886  14.133 1.0000000000
8466  -52.069  -76.266  14.071 1.0000000000
8478  -50.979  -77.685  13.751 1.0000000000
8479  -51.639  -77.009  14.018 1.0000000000
8495  -47.247  -77.034  12.359 1.0000000000
8496  -48.464  -77.317  12.448 1.0000000000
8497  -49.657  -77.493  12.740 1.0000000000
8498  -50.642  -77.274  13.251 1.0000000000
8554  -49.790  -76.570  8.099 1.0000000000
8555  -50.666  -76.326  7.895 1.0000000000
8556  -51.231  -75.737  7.211 1.0000000000
8570  -48.809  -77.035  7.700 1.0000000000
8571  -50.240  -76.852  7.591 1.0000000000
8572  -50.720  -76.506  7.141 1.0000000000
8581  -51.012  -75.945  5.181 1.0000000000
8599  -50.344  -76.768  4.341 1.0000000000
8600  -51.010  -75.863  4.176 1.0000000000
8614  -47.163  -76.192  3.682 1.0000000000
8615  -48.389  -75.710  2.947 1.0000000000
8616  -50.798  -75.710  3.078 1.0000000000
8626  -46.477  -76.642  3.337 1.0000000000
8627  -49.001  -75.813  1.856 1.0000000000
8628  -49.785  -75.784  1.784 1.0000000000
8629  -50.337  -75.488  2.309 1.0000000000
8636  -48.582  -76.339  1.419 1.0000000000
8637  -49.397  -76.213  1.563 1.0000000000
9152  -44.820  -75.319  14.855 1.0000000000
9153  -45.738  -75.633  14.679 1.0000000000
9154  -46.562  -75.053  14.590 1.0000000000
9155  -47.562  -75.482  14.598 1.0000000000
9156  -48.760  -76.240  14.628 1.0000000000
9157  -50.296  -76.750  14.571 1.0000000000
9158  -52.260  -75.582  14.144 1.0000000000
9169  -52.368  -75.440  13.891 1.0000000000
9184  -46.690  -75.478  12.199 1.0000000000
9185  -47.581  -75.989  12.346 1.0000000000
9186  -49.727  -76.154  12.678 1.0000000000
9187  -51.043  -75.918  13.071 1.0000000000
9188  -52.125  -76.067  13.773 1.0000000000
9232  -49.104  -74.940  9.372 1.0000000000
9233  -50.029  -75.387  9.107 1.0000000000
9234  -50.838  -75.353  9.154 1.0000000000
9258  -49.380  -75.687  8.675 1.0000000000
9259  -50.390  -75.869  8.538 1.0000000000
9260  -51.174  -75.524  8.273 1.0000000000
9271  -51.675  -74.774  7.093 1.0000000000
9286  -49.383  -74.517  4.961 1.0000000000
9287  -51.645  -74.761  6.140 1.0000000000
9288  -51.999  -73.764  5.764 1.0000000000
9304  -48.908  -74.984  4.343 1.0000000000
9305  -50.384  -74.345  3.884 1.0000000000
9306  -50.963  -74.608  3.433 1.0000000000
9307  -51.396  -74.604  4.138 1.0000000000
9316  -47.900  -75.633  4.127 1.0000000000
9317  -48.977  -75.230  3.299 1.0000000000
9318  -50.184  -74.786  3.008 1.0000000000
9319  -50.903  -74.909  2.859 1.0000000000
9320  -51.233  -74.962  3.447 1.0000000000
9330  -49.516  -75.431  2.398 1.0000000000
9878  -45.132  -74.303  14.747 1.0000000000
9879  -47.419  -74.381  14.573 1.0000000000
9880  -48.324  -73.832  14.525 1.0000000000
9881  -49.560  -74.396  14.583 1.0000000000
9882  -50.928  -74.584  14.521 1.0000000000
9883  -51.979  -74.787  14.303 1.0000000000
9884  -52.443  -74.896  13.891 1.0000000000
9891  -52.415  -74.835  13.620 1.0000000000
9908  -47.308  -75.139  12.054 1.0000000000
9909  -49.800  -75.228  12.327 1.0000000000
9910  -52.129  -75.133  13.046 1.0000000000
9928  -46.993  -74.664  11.523 1.0000000000
9929  -47.944  -74.706  11.717 1.0000000000
9930  -48.914  -74.775  11.907 1.0000000000
9931  -50.108  -74.656  11.737 1.0000000000
9932  -51.857  -74.590  12.030 1.0000000000
9933  -52.305  -73.916  11.544 1.0000000000
9951  -47.631  -74.422  10.908 1.0000000000
9952  -48.714  -74.466  11.256 1.0000000000
9953  -51.342  -74.558  10.829 1.0000000000
9954  -52.184  -73.956  10.683 1.0000000000
9978  -47.252  -74.554  9.955 1.0000000000
9979  -48.489  -74.491  10.196 1.0000000000
9980  -50.230  -74.858  9.831 1.0000000000
9981  -51.692  -74.343  10.000 1.0000000000
9988  -51.379  -74.862  9.163 1.0000000000
9989  -51.706  -74.532  8.123 1.0000000000
10004  -52.052  -73.727  6.785 1.0000000000
10018  -50.447  -73.605  5.372 1.0000000000
10019  -51.587  -73.865  5.064 1.0000000000
10020  -52.050  -73.088  5.813 1.0000000000
10028  -50.297  -74.030  4.719 1.0000000000
10029  -51.052  -74.065  4.333 1.0000000000
10603  -44.419  -73.638  15.007 1.0000000000
10604  -45.025  -72.718  14.893 1.0000000000
10610  -45.555  -73.281  14.759 1.0000000000
10611  -46.418  -73.014  14.622 1.0000000000
10612  -47.335  -73.300  14.509 1.0000000000
10613  -48.995  -73.416  14.360 1.0000000000
10614  -50.115  -73.695  14.352 1.0000000000
10615  -51.285  -73.987  14.249 1.0000000000
10616  -52.131  -74.325  13.975 1.0000000000
10624  -49.399  -73.070  14.119 1.0000000000
10625  -50.499  -73.341  13.991 1.0000000000
10626  -51.623  -73.693  13.736 1.0000000000
10627  -52.352  -74.275  13.386 1.0000000000
10636  -51.934  -73.433  12.990 1.0000000000
10637  -52.353  -73.777  12.639 1.0000000000
10644  -52.288  -73.616  11.916 1.0000000000
10652  -52.196  -73.320  10.911 1.0000000000
10668  -52.095  -73.581  9.955 1.0000000000
10679  -52.039  -73.501  7.895 1.0000000000
10694  -47.670  -73.242  6.975 1.0000000000
10695  -49.366  -72.879  6.651 1.0000000000
10696  -52.109  -72.840  6.671 1.0000000000
10705  -49.247  -73.555  6.367 1.0000000000
10706  -50.512  -73.061  6.018 1.0000000000
10707  -51.917  -72.660  6.192 1.0000000000
11284  -43.556  -72.094  15.303 1.0000000000
11285  -44.115  -72.632  15.160 1.0000000000
11293  -44.975  -71.974  14.854 1.0000000000
11294  -45.856  -72.350  14.617 1.0000000000
11295  -46.840  -72.548  14.365 1.0000000000
11296  -47.685  -72.738  14.246 1.0000000000
11297  -48.472  -72.885  14.170 1.0000000000
11303  -46.407  -71.907  14.189 1.0000000000
11304  -47.255  -72.237  13.995 1.0000000000
11305  -48.701  -72.620  13.776 1.0000000000
11306  -49.725  -72.823  13.640 1.0000000000
11307  -50.868  -73.093  13.358 1.0000000000
11314  -48.971  -72.406  13.119 1.0000000000
11315  -50.042  -72.652  12.877 1.0000000000
11316  -51.193  -72.866  12.546 1.0000000000
11317  -52.060  -73.233  12.169 1.0000000000
11325  -49.348  -72.366  12.373 1.0000000000
11326  -50.274  -72.521  12.014 1.0000000000
11327  -51.387  -72.710  11.680 1.0000000000
11328  -52.085  -72.979  11.367 1.0000000000
11335  -50.513  -72.348  11.124 1.0000000000
11336  -51.469  -72.543  10.781 1.0000000000
11337  -51.902  -72.757  10.563 1.0000000000
11347  -51.387  -72.208  9.611 1.0000000000
11348  -51.969  -72.694  9.671 1.0000000000
11363  -44.563  -72.407  7.878 1.0000000000
11364  -52.055  -72.586  7.728 1.0000000000
11375  -45.488  -72.790  7.549 1.0000000000
11376  -46.390  -72.249  7.327 1.0000000000
11377  -47.402  -72.358  7.060 1.0000000000
11378  -51.869  -72.001  6.795 1.0000000000
11392  -49.403  -71.782  6.668 1.0000000000
11393  -50.529  -72.277  6.396 1.0000000000
11394  -51.249  -71.730  6.465 1.0000000000
11395  -51.611  -72.222  6.455 1.0000000000
11972  -43.551  -71.431  15.139 1.0000000000
11973  -44.224  -71.724  14.996 1.0000000000
11985  -44.114  -71.211  14.794 1.0000000000
11986  -44.721  -71.352  14.604 1.0000000000
11987  -45.530  -71.498  14.343 1.0000000000
11994  -46.087  -71.423  13.886 1.0000000000
11995  -46.210  -71.218  13.150 1.0000000000
11996  -47.804  -72.104  13.352 1.0000000000
12005  -46.740  -71.249  12.192 1.0000000000
12006  -47.480  -71.682  12.530 1.0000000000
12013  -47.509  -71.477  11.560 1.0000000000
12014  -49.312  -72.176  11.451 1.0000000000
12019  -47.939  -71.389  10.540 1.0000000000
12020  -48.877  -71.766  10.482 1.0000000000
12021  -49.792  -72.059  10.555 1.0000000000
12022  -50.685  -72.097  10.142 1.0000000000
12033  -42.358  -71.120  8.862 1.0000000000
12034  -47.647  -70.796  9.715 1.0000000000
12035  -48.551  -71.213  9.589 1.0000000000
12036  -49.719  -71.569  9.526 1.0000000000
12037  -50.758  -71.627  9.152 1.0000000000
12038  -51.629  -71.888  8.641 1.0000000000
12051  -43.296  -71.183  8.510 1.0000000000
12052  -43.865  -71.817  8.263 1.0000000000
12053  -44.650  -71.415  7.869 1.0000000000
12054  -49.303  -70.663  8.568 1.0000000000
12055  -50.408  -70.810  8.347 1.0000000000
12056  -51.172  -71.152  8.259 1.0000000000
12057  -51.544  -71.217  7.767 1.0000000000
12073  -45.466  -71.832  7.604 1.0000000000
12074  -46.234  -71.113  7.217 1.0000000000
12075  -47.235  -71.141  6.872 1.0000000000
12076  -48.210  -71.540  6.762 1.0000000000
12077  -51.611  -71.056  7.104 1.0000000000
12089  -48.236  -70.373  6.514 1.0000000000
12090  -49.031  -70.638  6.503 1.0000000000
12091  -50.065  -70.579  6.453 1.0000000000
12092  -50.953  -70.638  6.526 1.0000000000
12093  -51.388  -71.087  6.717 1.0000000000
12682  -43.561  -70.798  14.795 1.0000000000
12683  -44.330  -70.848  14.458 1.0000000000
12684  -44.948  -70.980  14.227 1.0000000000
12691  -43.851  -70.425  14.287 1.0000000000
12692  -44.498  -70.483  13.870 1.0000000000
12693  -45.414  -70.939  13.705 1.0000000000
12701  -44.859  -70.434  13.055 1.0000000000
12702  -45.196  -70.332  12.271 1.0000000000
12703  -45.928  -70.749  12.242 1.0000000000
12710  -45.568  -70.299  11.535 1.0000000000
12711  -46.325  -70.696  11.346 1.0000000000
12715  -45.807  -70.169  10.797 1.0000000000
12716  -46.377  -70.412  10.500 1.0000000000
12717  -47.028  -70.925  10.671 1.0000000000
12728  -42.411  -70.327  8.847 1.0000000000
12729  -46.814  -70.259  9.624 1.0000000000
12730  -48.288  -70.442  8.786 1.0000000000
12746  -42.962  -70.453  8.577 1.0000000000
12747  -48.094  -69.475  8.153 1.0000000000
12748  -49.039  -69.599  7.801 1.0000000000
12749  -50.347  -69.230  7.020 1.0000000000
12750  -51.309  -70.451  7.271 1.0000000000
12760  -44.576  -69.103  7.172 1.0000000000
12761  -44.600  -70.413  7.662 1.0000000000
12762  -46.113  -70.076  6.862 1.0000000000
12763  -46.799  -70.314  6.722 1.0000000000
12764  -50.351  -69.297  6.880 1.0000000000
12765  -50.904  -69.711  6.897 1.0000000000
12766  -51.327  -70.328  6.866 1.0000000000
12777  -46.904  -69.258  6.452 1.0000000000
12778  -49.569  -69.525  6.484 1.0000000000
12779  -50.495  -69.817  6.576 1.0000000000
12780  -51.046  -70.038  6.695 1.0000000000
13408  -43.063  -70.142  14.475 1.0000000000
13418  -43.595  -69.869  13.700 1.0000000000
13419  -44.211  -70.035  13.176 1.0000000000
13424  -44.432  -69.811  12.331 1.0000000000
13430  -44.263  -69.322  11.384 1.0000000000
13431  -44.921  -69.862  11.564 1.0000000000
13435  -44.792  -69.443  10.774 1.0000000000
13436  -45.391  -69.608  10.352 1.0000000000
13437  -46.025  -69.883  9.988 1.0000000000
13444  -40.876  -69.617  9.501 1.0000000000
13445  -41.938  -69.764  9.100 1.0000000000
13446  -44.888  -68.916  9.860 1.0000000000
13447  -45.598  -69.163  9.458 1.0000000000
13448  -46.354  -69.396  9.051 1.0000000000
13449  -47.186  -69.494  8.594 1.0000000000
13466  -41.695  -68.896  9.093 1.0000000000
13467  -42.422  -68.504  8.350 1.0000000000
13468  -42.936  -69.420  8.303 1.0000000000
13469  -46.021  -68.441  8.524 1.0000000000
13470  -46.878  -68.527  8.090 1.0000000000
13471  -47.779  -68.587  7.600 1.0000000000
13472  -48.810  -68.542  7.187 1.0000000000
13473  -49.693  -68.824  7.056 1.0000000000
13486  -43.817  -68.668  7.376 1.0000000000
13487  -45.380  -68.647  6.632 1.0000000000
13488  -48.161  -68.151  6.930 1.0000000000
13489  -49.021  -68.531  6.948 1.0000000000
13490  -49.836  -68.941  6.917 1.0000000000
13501  -46.099  -68.924  6.501 1.0000000000
13502  -46.830  -68.186  6.466 1.0000000000
13503  -47.889  -68.500  6.530 1.0000000000
13504  -49.136  -68.721  6.704 1.0000000000
13505  -50.063  -69.197  6.731 1.0000000000
13506  -50.593  -69.544  6.772 1.0000000000
14227  -43.525  -68.563  11.168 1.0000000000
14228  -44.229  -68.721  10.431 1.0000000000
14236  -39.757  -68.308  10.145 1.0000000000
14237  -43.059  -67.560  10.506 1.0000000000
14238  -43.682  -67.865  10.003 1.0000000000
14256  -40.248  -68.951  9.790 1.0000000000
14257  -41.181  -68.505  9.389 1.0000000000
14258  -43.909  -66.871  8.936 1.0000000000
14259  -44.436  -67.810  9.220 1.0000000000
14260  -45.221  -68.224  8.853 1.0000000000
14276  -41.981  -67.789  8.461 1.0000000000
14277  -42.795  -67.022  7.430 1.0000000000
14278  -43.272  -67.854  7.375 1.0000000000
14279  -45.045  -67.011  8.071 1.0000000000
14280  -45.769  -67.367  7.829 1.0000000000
14281  -46.533  -67.646  7.522 1.0000000000
14282  -47.359  -67.790  7.152 1.0000000000
14295  -43.716  -66.408  6.790 1.0000000000
14296  -44.172  -67.323  6.701 1.0000000000
14297  -44.939  -67.772  6.562 1.0000000000
14298  -45.948  -67.827  6.446 1.0000000000
14299  -46.782  -67.375  6.972 1.0000000000
14300  -47.399  -67.789  6.913 1.0000000000
14301  -48.161  -68.215  6.851 1.0000000000
14312  -45.441  -67.093  6.603 1.0000000000
14313  -46.607  -67.644  6.607 1.0000000000
15035  -39.285  -67.651  10.487 1.0000000000
15036  -40.344  -67.243  10.039 1.0000000000
15037  -43.441  -66.981  9.578 1.0000000000
15054  -41.163  -66.830  9.174 1.0000000000
15055  -41.522  -67.318  8.811 1.0000000000
15056  -43.676  -65.848  8.533 1.0000000000
15057  -44.101  -65.755  7.891 1.0000000000
15058  -44.496  -66.407  8.064 1.0000000000
15070  -42.359  -66.442  7.744 1.0000000000
15071  -43.363  -65.561  7.037 1.0000000000
15072  -44.146  -65.534  7.174 1.0000000000
15073  -45.357  -66.566  7.098 1.0000000000
15074  -46.165  -67.011  7.065 1.0000000000
15085  -44.430  -66.304  6.731 1.0000000000
15086  -45.055  -66.530  6.769 1.0000000000
15087  -45.765  -66.873  6.847 1.0000000000
15088  -46.346  -67.174  6.904 1.0000000000
15089  -46.753  -67.475  6.821 1.0000000000
15100  -46.160  -67.278  6.664 1.0000000000
15791  -42.491  -65.977  10.518 1.0000000000
15803  -39.752  -66.773  10.582 1.0000000000
15804  -43.121  -64.601  8.921 1.0000000000
15818  -40.733  -65.940  9.586 1.0000000000
15819  -41.601  -65.550  8.480 1.0000000000
15820  -43.314  -64.697  7.914 1.0000000000
15821  -43.764  -65.177  7.357 1.0000000000
15832  -42.566  -64.901  7.627 1.0000000000
15833  -43.345  -64.968  7.369 1.0000000000
15834  -44.043  -65.577  6.908 1.0000000000
15845  -44.605  -66.055  6.921 1.0000000000
16578  -42.771  -64.633  10.066 1.0000000000
16592  -40.099  -65.787  10.564 1.0000000000
16593  -40.993  -64.722  9.341 1.0000000000
16594  -43.001  -63.657  8.575 1.0000000000
16607  -41.706  -64.609  8.411 1.0000000000
16608  -42.498  -64.036  8.006 1.0000000000
16609  -42.882  -64.012  8.124 1.0000000000
16616  -42.882  -64.355  7.850 1.0000000000
17340  -41.875  -63.796  8.416 1.0000000000
17341  -42.595  -63.633  8.396 1.0000000000
20159  -50.102  -60.397  17.121 1.0000000000
20175  -50.799  -60.196  16.849 1.0000000000
20176  -51.420  -60.569  16.645 1.0000000000
20936  -48.766  -59.900  17.321 1.0000000000
20937  -49.545  -59.780  17.153 1.0000000000
20938  -50.294  -59.690  16.942 1.0000000000
20953  -50.917  -59.549  16.759 1.0000000000
20954  -51.550  -59.401  16.591 1.0000000000
20955  -52.340  -59.315  16.358 1.0000000000
21719  -48.934  -59.046  17.112 1.0000000000
21720  -49.850  -59.072  16.909 1.0000000000
21734  -49.491  -58.223  16.837 1.0000000000
21735  -51.047  -58.865  16.715 1.0000000000
21736  -51.780  -58.640  16.547 1.0000000000
22565  -50.195  -57.435  16.653 1.0000000000
99066  -38.339  -81.059  -2.389 1.0000000000
99540  -48.358  -72.035  12.271 1.0000000000
99731  -46.027  -84.771  14.586 1.0000000000
99733  -52.099  -73.119  8.870 1.0000000000
100234  -47.008  -71.588  13.042 1.0000000000
100359  -46.670  -79.362  11.967 1.0000000000
100445  -46.389  -83.917  13.595 1.0000000000
100626  -49.658  -74.492  10.679 1.0000000000
100677  -51.158  -57.948  16.643 1.0000000000
100716  -51.486  -73.494  5.313 1.0000000000
100809  -40.299  -80.442  -5.357 1.0000000000
100896  -44.312  -78.611  1.585 1.0000000000
101024  -45.524  -81.501  12.234 1.0000000000
101032  -46.477  -83.462  14.557 1.0000000000
101611  -46.317  -73.988  14.614 1.0000000000
101867  -40.901  -79.771  -3.677 1.0000000000
101933  -40.402  -81.330  0.042 1.0000000000
102555  -52.328  -74.319  12.812 1.0000000000
102563  -48.740  -78.204  3.740 1.0000000000
102937  -43.686  -69.501  12.753 1.0000000000
103124  -46.363  -84.280  14.570 1.0000000000
103931  -45.351  -69.710  7.079 1.0000000000
103939  -47.094  -76.943  1.466 1.0000000000
104015  -51.316  -75.455  5.871 1.0000000000
104268  -52.389  -75.126  13.586 1.0000000000
105061  -48.072  -74.785  9.430 1.0000000000
105067  -51.842  -71.807  7.729 1.0000000000
105313  -51.848  -73.368  5.482 1.0000000000
105427  -46.680  -76.116  14.628 1.0000000000
105447  -45.788  -81.675  0.747 1.0000000000
105490  -43.741  -70.080  8.029 1.0000000000
105586  -47.683  -79.031  2.688 1.0000000000
105589  -50.551  -71.370  6.470 1.0000000000
105595  -41.961  -66.000  8.066 1.0000000000
105786  -45.389  -70.808  7.446 1.0000000000
105857  -46.617  -76.096  12.352 1.0000000000
105858  -46.128  -76.794  12.376 1.0000000000
105946  -51.876  -74.091  9.079 1.0000000000
106192  -43.104  -66.161  9.574 1.0000000000
106398  -46.784  -71.747  13.666 1.0000000000
106470  -44.457  -79.372  -1.274 1.0000000000
106554  -50.836  -70.034  7.399 1.0000000000
106677  -51.931  -72.405  8.565 1.0000000000
106799  -51.200  -74.848  9.795 1.0000000000
106983  -47.726  -76.408  14.593 1.0000000000
107320  -47.913  -76.147  2.469 1.0000000000
107380  -40.699  -67.958  9.701 1.0000000000
107406  -45.301  -79.732  -2.404 1.0000000000
107956  -45.288  -69.898  11.018 1.0000000000
108212  -46.232  -78.170  0.109 1.0000000000
108220  -46.601  -82.967  15.543 1.0000000000
108266  -51.956  -60.039  16.470 1.0000000000
108323  -48.476  -74.919  14.625 1.0000000000
108503  -45.941  -78.552  14.865 1.0000000000
108689  -41.924  -81.845  -1.372 1.0000000000
108780  -41.816  -82.394  -3.553 1.0000000000
109003  -47.623  -69.760  6.482 1.0000000000
109147  -46.734  -80.643  2.930 1.0000000000
109227  -48.349  -75.359  8.824 1.0000000000
109264  -48.733  -76.388  12.469 1.0000000000
109283  -50.371  -58.463  16.755 1.0000000000
109330  -43.613  -81.772  -3.029 1.0000000000
109744  -50.700  -76.544  6.400 1.0000000000
110401  -42.038  -65.794  11.486 1.0000000000
110530  -39.939  -82.455  -4.054 1.0000000000
110761  -50.588  -75.542  14.642 1.0000000000
110894  -47.282  -67.856  6.715 1.0000000000
110915  -48.649  -69.238  6.429 1.0000000000
110930  -49.487  -75.535  14.664 1.0000000000
111118  -41.368  -81.520  -0.074 1.0000000000
111226  -40.106  -82.060  -2.521 1.0000000000
111253  -48.361  -72.605  6.888 1.0000000000
111303  -42.759  -65.351  7.380 1.0000000000
111317  -49.698  -77.171  7.551 1.0000000000
111377  -48.160  -73.175  14.367 1.0000000000
111389  -45.516  -70.745  12.905 1.0000000000
111434  -51.045  -75.090  12.440 1.0000000000
111588  -51.362  -76.492  14.426 1.0000000000
111825  -44.049  -71.013  8.164 1.0000000000
111846  -43.639  -83.001  0.993 1.0000000000
111849  -48.672  -76.188  8.279 1.0000000000
111906  -51.651  -75.570  14.468 1.0000000000
111935  -44.796  -66.876  6.592 1.0000000000
111960  -42.330  -64.513  7.881 1.0000000000
112351  -40.204  -81.760  -1.732 1.0000000000
112439  -40.761  -81.151  -5.338 1.0000000000
112691  -43.531  -79.394  -0.799 1.0000000000
112824  -50.031  -69.759  7.560 1.0000000000
112910  -44.380  -81.224  -2.999 1.0000000000
112978  -48.355  -71.781  11.271 1.0000000000
113218  -40.871  -79.459  -2.712 1.0000000000
113255  -47.290  -79.548  2.088 1.0000000000
113425  -47.471  -75.405  5.216 1.0000000000
113545  -51.448  -76.971  13.697 1.0000000000
114554  -45.883  -80.343  16.490 1.0000000000
114584  -42.857  -70.564  14.975 1.0000000000
114813  -43.952  -82.627  17.303 1.0000000000
115027  -38.902  -81.169  -5.875 1.0000000000
115154  -48.148  -73.861  6.631 1.0000000000
115202  -46.012  -78.816  -0.942 1.0000000000
115293  -45.803  -84.143  13.468 1.0000000000
115741  -50.496  -59.145  16.801 1.0000000000
115881  -48.876  -69.881  6.415 1.0000000000
116026  -51.322  -59.951  16.655 1.0000000000
116189  -51.930  -76.253  14.240 1.0000000000
116194  -42.757  -81.880  -0.987 1.0000000000
116567  -47.359  -76.563  2.101 1.0000000000
116605  -47.982  -72.500  13.940 1.0000000000
116924  -47.156  -76.403  2.957 1.0000000000
117276  -45.005  -79.477  -1.977 1.0000000000
117380  -44.350  -68.186  6.864 1.0000000000
117400  -49.329  -74.601  10.004 1.0000000000
117434  -47.886  -80.010  12.138 1.0000000000
117937  -47.534  -70.208  8.970 1.0000000000
117957  -48.501  -75.358  12.220 1.0000000000
118004  -38.848  -81.541  -2.484 1.0000000000
118084  -45.709  -74.853  14.648 1.0000000000
118710  -48.236  -78.313  2.018 1.0000000000
118868  -46.870  -71.119  11.432 1.0000000000
119039  -45.121  -82.135  -0.277 1.0000000000
119040  -41.472  -82.355  -4.270 1.0000000000
119493  -51.350  -75.213  4.059 1.0000000000
119500  -40.917  -66.465  9.387 1.0000000000
119543  -45.167  -80.058  -2.780 1.0000000000
119583  -43.769  -65.155  7.061 1.0000000000
119620  -44.746  -66.195  7.287 1.0000000000
119629  -48.482  -73.307  6.758 1.0000000000
119684  -51.662  -72.801  5.900 1.0000000000
119722  -48.359  -77.357  0.662 1.0000000000
119741  -45.332  -82.245  12.421 1.0000000000
