#!ascii label  , from subject sub-11 vox2ras=TkReg aparc.a2009s=G_occipital_middle
1910
385  -25.159  -89.797  23.297 0.0000000000
395  -24.042  -90.405  22.421 0.0000000000
396  -24.847  -90.169  22.613 0.0000000000
407  -23.648  -90.390  21.533 0.0000000000
408  -24.451  -90.286  21.613 0.0000000000
409  -25.253  -90.083  21.772 0.0000000000
419  -23.243  -90.206  20.870 0.0000000000
420  -24.072  -90.222  20.769 0.0000000000
421  -24.857  -90.106  20.842 0.0000000000
599  -25.323  -89.347  23.436 0.0000000000
600  -26.833  -89.084  23.162 0.0000000000
604  -25.690  -89.862  22.671 0.0000000000
605  -26.622  -89.534  22.559 0.0000000000
606  -27.520  -89.129  22.697 0.0000000000
607  -28.089  -89.102  22.148 0.0000000000
610  -25.680  -89.900  21.044 0.0000000000
611  -26.493  -89.674  21.453 0.0000000000
612  -27.336  -89.440  21.922 0.0000000000
617  -21.459  -89.671  20.552 0.0000000000
618  -22.695  -89.693  20.315 0.0000000000
619  -23.760  -89.950  20.136 0.0000000000
620  -24.516  -89.936  20.069 0.0000000000
621  -25.320  -89.846  20.140 0.0000000000
622  -26.287  -89.666  20.359 0.0000000000
629  -20.826  -89.498  19.799 0.0000000000
630  -21.751  -89.117  19.892 0.0000000000
631  -22.603  -89.190  19.687 0.0000000000
632  -24.240  -89.708  19.422 0.0000000000
633  -24.966  -89.703  19.369 0.0000000000
634  -25.781  -89.616  19.413 0.0000000000
635  -26.603  -89.423  19.491 0.0000000000
636  -27.676  -88.923  19.251 0.0000000000
640  -20.576  -89.662  18.724 0.0000000000
641  -21.232  -88.831  19.221 0.0000000000
642  -23.090  -89.078  19.105 0.0000000000
643  -23.959  -89.422  18.883 0.0000000000
644  -25.427  -89.438  18.700 0.0000000000
645  -26.220  -89.333  18.716 0.0000000000
646  -26.984  -89.151  18.871 0.0000000000
654  -25.139  -89.140  18.128 0.0000000000
655  -25.910  -89.168  18.075 0.0000000000
656  -26.722  -89.016  18.046 0.0000000000
696  -23.760  -89.434  12.512 0.0000000000
697  -24.650  -89.293  12.117 0.0000000000
698  -25.521  -89.311  11.811 0.0000000000
699  -26.319  -89.335  11.523 0.0000000000
704  -24.015  -89.752  11.732 0.0000000000
705  -25.028  -89.573  11.407 0.0000000000
706  -25.780  -89.491  11.202 0.0000000000
707  -26.342  -89.370  10.884 0.0000000000
716  -25.447  -89.491  10.676 0.0000000000
725  -24.519  -89.449  10.157 0.0000000000
931  -25.225  -88.880  23.533 0.0000000000
932  -26.165  -88.954  23.446 0.0000000000
933  -26.834  -88.804  23.139 0.0000000000
937  -27.440  -88.751  22.834 0.0000000000
938  -28.175  -88.688  22.571 0.0000000000
939  -28.870  -88.227  22.551 0.0000000000
943  -27.780  -89.208  21.195 0.0000000000
944  -28.789  -88.698  22.151 0.0000000000
945  -29.563  -88.154  22.337 0.0000000000
951  -27.806  -89.061  20.168 0.0000000000
952  -28.538  -88.747  21.055 0.0000000000
953  -29.440  -88.371  21.682 0.0000000000
961  -22.091  -88.664  19.314 0.0000000000
962  -28.386  -88.612  19.850 0.0000000000
963  -29.166  -88.260  20.579 0.0000000000
969  -20.999  -88.699  18.353 0.0000000000
970  -21.689  -88.319  18.684 0.0000000000
971  -22.565  -88.460  18.700 0.0000000000
972  -23.551  -88.866  18.510 0.0000000000
973  -24.382  -89.079  18.283 0.0000000000
974  -27.495  -88.825  18.393 0.0000000000
975  -28.195  -88.516  18.846 0.0000000000
983  -21.441  -88.030  17.924 0.0000000000
984  -23.041  -88.295  18.200 0.0000000000
985  -23.865  -88.552  17.902 0.0000000000
986  -24.799  -88.633  17.563 0.0000000000
987  -25.703  -88.826  17.540 0.0000000000
988  -26.318  -88.887  17.599 0.0000000000
989  -27.403  -88.661  17.605 0.0000000000
990  -28.085  -88.432  17.966 0.0000000000
1000  -25.591  -88.282  16.875 0.0000000000
1001  -26.473  -88.530  16.952 0.0000000000
1002  -27.341  -88.455  16.860 0.0000000000
1003  -28.118  -88.285  17.106 0.0000000000
1021  -24.230  -88.195  13.115 0.0000000000
1022  -25.219  -88.314  12.942 0.0000000000
1023  -26.259  -88.639  12.781 0.0000000000
1024  -27.407  -88.737  12.768 0.0000000000
1025  -28.381  -88.588  12.585 0.0000000000
1032  -24.422  -88.940  12.691 0.0000000000
1033  -25.338  -88.955  12.410 0.0000000000
1034  -26.886  -89.145  12.066 0.0000000000
1035  -27.775  -88.961  11.916 0.0000000000
1036  -28.514  -88.549  11.770 0.0000000000
1044  -27.172  -89.192  11.233 0.0000000000
1045  -27.905  -88.836  11.354 0.0000000000
1054  -25.320  -89.150  10.106 0.0000000000
1055  -26.051  -89.114  10.344 0.0000000000
1056  -26.878  -89.037  10.594 0.0000000000
1057  -27.601  -88.795  10.832 0.0000000000
1065  -23.846  -88.915  9.366 0.0000000000
1066  -24.748  -88.741  9.565 0.0000000000
1067  -25.519  -88.556  9.815 0.0000000000
1068  -26.364  -88.332  10.118 0.0000000000
1078  -24.041  -88.069  8.971 0.0000000000
1327  -25.759  -88.529  23.233 0.0000000000
1328  -26.516  -88.548  23.086 0.0000000000
1329  -27.226  -88.420  22.845 0.0000000000
1338  -26.858  -88.049  22.778 0.0000000000
1339  -28.069  -88.267  22.686 0.0000000000
1340  -30.168  -87.578  22.474 0.0000000000
1341  -30.899  -87.379  22.343 0.0000000000
1345  -30.208  -87.895  22.073 0.0000000000
1353  -29.956  -87.944  21.204 0.0000000000
1354  -30.748  -87.567  21.628 0.0000000000
1362  -28.985  -87.965  19.378 0.0000000000
1363  -29.631  -87.750  20.249 0.0000000000
1364  -30.347  -87.415  20.610 0.0000000000
1371  -22.220  -87.925  18.205 0.0000000000
1372  -29.238  -87.353  18.334 0.0000000000
1381  -21.968  -87.450  17.522 0.0000000000
1382  -23.024  -87.779  17.622 0.0000000000
1383  -24.049  -88.108  17.367 0.0000000000
1384  -28.710  -87.879  17.617 0.0000000000
1385  -29.803  -86.869  16.735 0.0000000000
1398  -22.627  -87.062  16.935 0.0000000000
1399  -23.692  -87.419  16.889 0.0000000000
1400  -24.693  -87.828  16.840 0.0000000000
1401  -26.280  -87.984  16.266 0.0000000000
1402  -27.160  -88.153  15.993 0.0000000000
1403  -28.163  -88.163  16.105 0.0000000000
1404  -29.021  -87.688  16.622 0.0000000000
1413  -24.372  -86.892  16.183 0.0000000000
1414  -25.500  -87.323  16.026 0.0000000000
1415  -27.205  -87.801  15.030 0.0000000000
1416  -27.922  -88.107  15.276 0.0000000000
1417  -29.068  -87.722  15.607 0.0000000000
1422  -26.276  -87.317  14.094 0.0000000000
1423  -27.082  -87.809  14.246 0.0000000000
1424  -28.466  -88.181  14.000 0.0000000000
1425  -29.114  -87.967  14.029 0.0000000000
1426  -29.829  -87.506  14.162 0.0000000000
1436  -24.950  -87.327  13.446 0.0000000000
1437  -25.903  -87.641  13.453 0.0000000000
1438  -26.829  -88.054  13.530 0.0000000000
1439  -27.910  -88.408  13.582 0.0000000000
1440  -28.907  -88.260  13.297 0.0000000000
1441  -29.761  -87.704  13.293 0.0000000000
1450  -29.300  -88.106  12.359 0.0000000000
1458  -28.254  -88.252  11.145 0.0000000000
1459  -28.937  -87.984  11.603 0.0000000000
1468  -26.901  -87.696  10.339 0.0000000000
1469  -27.634  -88.056  10.636 0.0000000000
1477  -24.909  -86.914  9.061 0.0000000000
1478  -25.569  -87.664  9.592 0.0000000000
1732  -27.628  -87.659  22.656 0.0000000000
1733  -28.825  -87.604  22.673 0.0000000000
1734  -30.677  -87.012  22.631 0.0000000000
1735  -31.503  -86.961  22.412 0.0000000000
1747  -28.235  -86.876  22.303 0.0000000000
1748  -29.249  -86.823  22.514 0.0000000000
1749  -31.530  -87.234  22.007 0.0000000000
1750  -31.932  -86.846  22.094 0.0000000000
1756  -31.211  -87.132  21.082 0.0000000000
1757  -31.927  -86.802  21.577 0.0000000000
1758  -32.343  -86.404  21.800 0.0000000000
1767  -29.786  -87.109  19.453 0.0000000000
1768  -30.680  -86.669  19.998 0.0000000000
1769  -31.621  -86.419  20.563 0.0000000000
1775  -29.863  -86.614  18.491 0.0000000000
1776  -30.505  -85.975  18.071 0.0000000000
1784  -30.537  -86.212  16.942 0.0000000000
1793  -23.308  -86.600  16.292 0.0000000000
1794  -29.813  -87.097  15.825 0.0000000000
1795  -30.560  -86.403  15.992 0.0000000000
1805  -24.862  -86.447  15.394 0.0000000000
1806  -25.732  -86.858  15.143 0.0000000000
1807  -26.408  -87.319  14.758 0.0000000000
1808  -29.835  -87.276  14.954 0.0000000000
1809  -30.589  -86.595  15.107 0.0000000000
1819  -24.101  -85.958  14.871 0.0000000000
1820  -25.794  -86.915  14.571 0.0000000000
1821  -30.525  -86.851  14.307 0.0000000000
1832  -24.476  -86.440  14.119 0.0000000000
1833  -25.493  -86.879  14.061 0.0000000000
1834  -30.732  -86.301  13.661 0.0000000000
1844  -28.382  -86.435  11.695 0.0000000000
1845  -29.304  -87.170  11.900 0.0000000000
1846  -29.833  -87.344  12.555 0.0000000000
1855  -26.976  -86.283  11.004 0.0000000000
1856  -27.829  -86.766  11.169 0.0000000000
1857  -28.578  -87.425  11.320 0.0000000000
1862  -26.556  -86.736  10.421 0.0000000000
1863  -27.351  -87.191  10.703 0.0000000000
1871  -25.729  -86.154  9.950 0.0000000000
1872  -26.118  -87.256  9.968 0.0000000000
1884  -32.258  -86.340  8.657 0.0000000000
2075  -31.326  -86.443  22.457 0.0000000000
2087  -28.664  -86.138  21.675 0.0000000000
2088  -29.563  -86.089  22.017 0.0000000000
2089  -30.899  -85.509  22.166 0.0000000000
2090  -31.857  -85.798  22.233 0.0000000000
2091  -32.612  -85.897  21.801 0.0000000000
2092  -33.280  -85.532  21.374 0.0000000000
2106  -32.379  -86.340  21.210 0.0000000000
2107  -33.000  -85.821  21.293 0.0000000000
2108  -33.863  -85.290  20.992 0.0000000000
2118  -31.120  -85.831  19.210 0.0000000000
2119  -32.256  -85.621  20.069 0.0000000000
2120  -33.339  -85.226  20.172 0.0000000000
2121  -34.117  -84.834  19.938 0.0000000000
2126  -31.325  -85.523  18.107 0.0000000000
2127  -31.964  -85.303  18.649 0.0000000000
2128  -32.717  -85.100  19.113 0.0000000000
2135  -31.313  -85.660  17.161 0.0000000000
2136  -31.999  -85.249  17.501 0.0000000000
2137  -32.694  -84.972  17.980 0.0000000000
2139  -31.286  -85.763  16.205 0.0000000000
2140  -31.929  -85.240  16.560 0.0000000000
2141  -32.566  -84.880  17.030 0.0000000000
2150  -31.571  -85.342  14.918 0.0000000000
2151  -31.786  -85.169  15.653 0.0000000000
2162  -31.045  -85.459  13.904 0.0000000000
2173  -29.282  -85.515  12.864 0.0000000000
2174  -30.168  -85.941  13.064 0.0000000000
2187  -27.894  -85.516  12.202 0.0000000000
2188  -28.869  -86.021  12.276 0.0000000000
2189  -29.720  -86.494  12.545 0.0000000000
2199  -26.562  -85.406  11.350 0.0000000000
2200  -27.429  -85.853  11.597 0.0000000000
2209  -26.190  -85.817  10.685 0.0000000000
2218  -30.490  -85.767  9.286 0.0000000000
2219  -31.145  -85.044  9.910 0.0000000000
2220  -32.206  -85.144  9.903 0.0000000000
2221  -32.922  -85.201  9.592 0.0000000000
2222  -33.358  -85.077  9.290 0.0000000000
2230  -31.065  -86.601  8.999 0.0000000000
2231  -32.313  -85.902  9.319 0.0000000000
2232  -32.887  -85.673  9.071 0.0000000000
2233  -33.436  -85.238  8.794 0.0000000000
2244  -32.851  -85.843  8.320 0.0000000000
2434  -30.401  -85.285  30.570 0.0000000000
2435  -30.886  -85.357  29.972 0.0000000000
2445  -29.971  -85.255  30.512 0.0000000000
2446  -30.629  -85.330  29.727 0.0000000000
2447  -31.379  -85.343  29.107 0.0000000000
2448  -32.100  -85.361  28.461 0.0000000000
2456  -31.154  -85.039  28.254 0.0000000000
2457  -31.831  -85.366  28.337 0.0000000000
2458  -32.559  -85.373  28.087 0.0000000000
2459  -33.313  -85.201  27.771 0.0000000000
2460  -34.241  -84.924  27.335 0.0000000000
2469  -31.736  -85.111  27.856 0.0000000000
2470  -32.677  -85.178  27.677 0.0000000000
2471  -33.672  -84.996  27.402 0.0000000000
2480  -34.411  -84.865  27.093 0.0000000000
2507  -28.981  -85.388  21.277 0.0000000000
2508  -30.265  -84.549  21.628 0.0000000000
2509  -31.247  -84.751  21.850 0.0000000000
2510  -32.322  -84.981  21.815 0.0000000000
2511  -33.085  -85.325  21.544 0.0000000000
2512  -33.854  -85.057  21.170 0.0000000000
2513  -34.406  -84.524  20.591 0.0000000000
2527  -34.427  -84.678  20.556 0.0000000000
2528  -35.099  -84.299  20.276 0.0000000000
2541  -35.737  -84.062  19.989 0.0000000000
2549  -33.493  -84.711  18.733 0.0000000000
2550  -34.403  -84.350  18.808 0.0000000000
2551  -35.195  -83.980  18.699 0.0000000000
2552  -35.854  -83.851  19.425 0.0000000000
2559  -33.209  -84.530  17.541 0.0000000000
2560  -33.625  -84.065  17.411 0.0000000000
2561  -34.419  -83.973  17.869 0.0000000000
2562  -32.234  -84.654  16.361 0.0000000000
2563  -32.843  -84.298  17.045 0.0000000000
2567  -31.666  -84.569  15.059 0.0000000000
2568  -31.933  -84.506  15.722 0.0000000000
2576  -29.404  -84.133  13.972 0.0000000000
2577  -30.566  -84.602  13.989 0.0000000000
2578  -31.044  -84.352  14.629 0.0000000000
2585  -28.787  -84.621  13.337 0.0000000000
2586  -29.803  -84.979  13.406 0.0000000000
2587  -30.524  -85.424  13.503 0.0000000000
2595  -27.558  -84.788  12.613 0.0000000000
2596  -28.344  -85.122  12.745 0.0000000000
2620  -29.206  -84.203  9.761 0.0000000000
2621  -30.135  -84.671  9.865 0.0000000000
2622  -30.783  -84.135  10.267 0.0000000000
2623  -32.278  -84.285  10.009 0.0000000000
2624  -32.862  -84.638  9.815 0.0000000000
2625  -33.512  -84.482  9.514 0.0000000000
2626  -34.332  -84.002  9.211 0.0000000000
2637  -28.625  -84.615  8.837 0.0000000000
2638  -29.482  -85.121  9.153 0.0000000000
2639  -33.937  -84.611  9.114 0.0000000000
2647  -33.429  -85.038  7.982 0.0000000000
2648  -34.655  -84.061  8.633 0.0000000000
2872  -30.864  -85.197  30.510 0.0000000000
2882  -29.997  -84.872  29.748 0.0000000000
2883  -31.385  -85.146  29.721 0.0000000000
2884  -32.083  -85.174  28.913 0.0000000000
2894  -29.739  -83.574  29.344 0.0000000000
2895  -32.798  -85.273  28.229 0.0000000000
2896  -33.806  -84.749  28.069 0.0000000000
2897  -34.994  -84.390  27.512 0.0000000000
2908  -30.638  -84.206  28.081 0.0000000000
2909  -31.189  -84.251  27.679 0.0000000000
2910  -32.593  -84.379  27.256 0.0000000000
2911  -33.507  -84.700  27.042 0.0000000000
2912  -35.185  -84.729  27.007 0.0000000000
2913  -35.920  -84.280  27.032 0.0000000000
2914  -36.310  -83.929  26.993 0.0000000000
2926  -34.294  -84.522  26.808 0.0000000000
2927  -35.132  -84.527  26.843 0.0000000000
2928  -35.850  -84.262  26.930 0.0000000000
2959  -30.566  -83.638  21.569 0.0000000000
2960  -31.486  -84.057  21.674 0.0000000000
2961  -33.114  -84.556  21.496 0.0000000000
2969  -34.906  -83.909  20.492 0.0000000000
2970  -35.656  -83.914  20.122 0.0000000000
2985  -36.076  -83.520  19.593 0.0000000000
2986  -36.692  -83.018  19.160 0.0000000000
2997  -35.816  -83.629  18.619 0.0000000000
2998  -36.396  -83.417  19.041 0.0000000000
3007  -31.818  -83.621  16.771 0.0000000000
3008  -32.743  -83.455  17.251 0.0000000000
3009  -34.197  -83.578  17.442 0.0000000000
3010  -35.197  -83.490  17.803 0.0000000000
3011  -36.096  -83.178  18.192 0.0000000000
3012  -36.691  -82.971  18.676 0.0000000000
3016  -32.060  -84.172  16.156 0.0000000000
3017  -32.529  -84.075  16.713 0.0000000000
3022  -31.047  -83.987  15.146 0.0000000000
3077  -28.986  -83.243  10.478 0.0000000000
3078  -29.875  -83.739  10.338 0.0000000000
3079  -30.469  -83.382  10.362 0.0000000000
3080  -32.082  -83.675  9.908 0.0000000000
3081  -33.084  -84.026  9.791 0.0000000000
3082  -33.878  -83.949  9.455 0.0000000000
3083  -34.423  -83.510  9.079 0.0000000000
3096  -28.326  -83.756  9.463 0.0000000000
3097  -34.965  -83.430  8.654 0.0000000000
3098  -35.630  -82.945  8.109 0.0000000000
3112  -33.631  -84.339  7.405 0.0000000000
3113  -34.287  -84.386  7.986 0.0000000000
3114  -35.404  -83.411  8.111 0.0000000000
3115  -35.931  -83.053  7.608 0.0000000000
3125  -34.534  -83.931  7.119 0.0000000000
3126  -35.558  -83.476  7.293 0.0000000000
3127  -36.119  -83.068  6.653 0.0000000000
3135  -34.321  -83.844  6.023 0.0000000000
3136  -35.505  -83.570  6.123 0.0000000000
3143  -35.518  -83.369  4.060 0.0000000000
3423  -29.247  -83.644  30.800 0.0000000000
3431  -31.428  -84.099  30.304 0.0000000000
3432  -32.070  -84.147  29.485 0.0000000000
3442  -30.155  -83.352  28.375 0.0000000000
3443  -34.142  -83.732  28.325 0.0000000000
3444  -35.853  -83.558  27.545 0.0000000000
3454  -30.584  -83.111  27.680 0.0000000000
3455  -31.633  -83.580  27.351 0.0000000000
3456  -32.373  -83.346  27.191 0.0000000000
3457  -33.393  -83.731  26.882 0.0000000000
3458  -36.497  -83.665  27.078 0.0000000000
3459  -36.663  -83.473  26.972 0.0000000000
3460  -37.059  -82.866  26.837 0.0000000000
3467  -34.664  -83.528  26.555 0.0000000000
3468  -35.727  -83.808  26.628 0.0000000000
3469  -36.455  -83.526  26.799 0.0000000000
3507  -31.838  -82.805  21.377 0.0000000000
3508  -33.357  -83.189  20.887 0.0000000000
3515  -33.449  -82.446  20.534 0.0000000000
3516  -34.244  -83.307  20.584 0.0000000000
3517  -35.301  -83.444  20.231 0.0000000000
3518  -35.907  -83.470  19.810 0.0000000000
3529  -35.757  -82.856  19.814 0.0000000000
3530  -36.405  -83.021  19.469 0.0000000000
3551  -33.749  -83.013  17.340 0.0000000000
3552  -34.821  -83.008  17.248 0.0000000000
3553  -35.709  -82.866  17.422 0.0000000000
3554  -36.528  -82.522  17.869 0.0000000000
3555  -36.825  -82.450  18.656 0.0000000000
3563  -35.346  -82.343  16.996 0.0000000000
3564  -36.071  -82.311  17.142 0.0000000000
3616  -28.531  -82.336  10.748 0.0000000000
3617  -29.360  -82.536  10.697 0.0000000000
3618  -30.118  -82.796  10.431 0.0000000000
3619  -31.859  -83.077  9.703 0.0000000000
3620  -32.739  -83.317  9.588 0.0000000000
3621  -33.677  -83.486  9.424 0.0000000000
3631  -31.253  -82.458  9.477 0.0000000000
3632  -32.199  -82.533  9.098 0.0000000000
3633  -33.282  -82.711  9.035 0.0000000000
3645  -35.555  -82.448  7.834 0.0000000000
3646  -35.905  -82.682  7.409 0.0000000000
3655  -35.929  -82.391  6.526 0.0000000000
3662  -36.112  -82.911  5.585 0.0000000000
3671  -35.952  -83.023  4.521 0.0000000000
3681  -35.716  -82.997  3.746 0.0000000000
3970  -29.194  -81.451  30.975 0.0000000000
3981  -29.313  -81.838  30.179 0.0000000000
3988  -29.488  -82.332  29.517 0.0000000000
3997  -29.723  -82.284  28.714 0.0000000000
3998  -33.367  -82.837  28.763 0.0000000000
3999  -34.028  -82.032  28.612 0.0000000000
4000  -34.965  -81.675  28.402 0.0000000000
4001  -35.766  -82.430  27.944 0.0000000000
4002  -36.534  -82.075  27.705 0.0000000000
4010  -30.013  -82.173  27.884 0.0000000000
4011  -30.328  -81.930  27.330 0.0000000000
4012  -30.940  -82.603  27.271 0.0000000000
4013  -31.692  -82.318  27.155 0.0000000000
4014  -32.697  -82.600  27.139 0.0000000000
4015  -37.039  -82.894  27.105 0.0000000000
4016  -37.615  -82.144  26.923 0.0000000000
4017  -38.100  -81.442  26.560 0.0000000000
4026  -30.715  -81.512  26.931 0.0000000000
4027  -32.438  -81.616  27.105 0.0000000000
4028  -33.585  -82.175  26.914 0.0000000000
4029  -34.728  -82.108  26.535 0.0000000000
4030  -35.668  -82.010  26.296 0.0000000000
4031  -36.952  -82.502  26.304 0.0000000000
4032  -37.530  -81.994  26.348 0.0000000000
4041  -36.678  -81.741  25.875 0.0000000000
4042  -37.424  -81.643  25.633 0.0000000000
4103  -34.521  -82.464  20.128 0.0000000000
4113  -35.243  -81.886  19.576 0.0000000000
4114  -36.343  -82.286  19.340 0.0000000000
4115  -36.810  -82.452  19.054 0.0000000000
4121  -36.722  -81.670  18.833 0.0000000000
4122  -36.905  -81.785  18.502 0.0000000000
4123  -37.172  -81.125  18.024 0.0000000000
4137  -34.417  -82.258  17.150 0.0000000000
4138  -36.642  -81.810  17.261 0.0000000000
4139  -37.039  -81.842  17.997 0.0000000000
4153  -35.916  -81.611  16.706 0.0000000000
4154  -36.660  -81.079  16.805 0.0000000000
4210  -29.128  -81.607  10.629 0.0000000000
4221  -29.794  -81.248  9.517 0.0000000000
4222  -31.457  -81.656  8.533 0.0000000000
4223  -32.720  -81.901  8.347 0.0000000000
4224  -34.025  -82.154  8.348 0.0000000000
4225  -34.985  -82.085  8.025 0.0000000000
4235  -30.415  -81.036  8.518 0.0000000000
4236  -32.206  -81.063  7.687 0.0000000000
4237  -33.310  -81.292  7.641 0.0000000000
4238  -34.365  -81.508  7.542 0.0000000000
4239  -35.267  -81.803  7.410 0.0000000000
4240  -35.743  -82.172  7.235 0.0000000000
4247  -34.661  -81.212  6.826 0.0000000000
4248  -35.483  -81.713  6.743 0.0000000000
4251  -35.564  -81.753  5.999 0.0000000000
4252  -35.859  -82.290  5.668 0.0000000000
4260  -35.363  -81.699  4.142 0.0000000000
4261  -35.826  -82.452  4.859 0.0000000000
4272  -35.520  -82.006  3.269 0.0000000000
4273  -35.711  -82.526  3.923 0.0000000000
4287  -35.386  -81.866  2.270 0.0000000000
4288  -35.498  -82.604  2.972 0.0000000000
4554  -29.303  -80.525  31.017 0.0000000000
4558  -29.376  -80.871  30.297 0.0000000000
4566  -29.475  -81.256  29.311 0.0000000000
4577  -29.620  -81.195  28.122 0.0000000000
4578  -34.294  -80.812  28.643 0.0000000000
4579  -35.017  -80.717  28.463 0.0000000000
4580  -35.739  -81.302  28.213 0.0000000000
4581  -36.570  -80.976  27.996 0.0000000000
4582  -37.455  -80.687  27.799 0.0000000000
4590  -29.618  -80.623  27.372 0.0000000000
4591  -29.978  -81.055  27.002 0.0000000000
4592  -37.374  -81.774  27.407 0.0000000000
4593  -38.546  -80.706  26.986 0.0000000000
4603  -30.331  -80.643  26.676 0.0000000000
4604  -31.107  -80.378  26.593 0.0000000000
4605  -32.188  -80.658  26.918 0.0000000000
4606  -33.063  -80.147  27.007 0.0000000000
4607  -34.027  -80.898  26.830 0.0000000000
4608  -35.620  -80.963  26.127 0.0000000000
4609  -38.039  -81.385  25.656 0.0000000000
4610  -38.490  -80.839  26.075 0.0000000000
4618  -36.308  -80.642  25.462 0.0000000000
4619  -37.251  -81.067  25.069 0.0000000000
4620  -38.413  -80.753  25.149 0.0000000000
4625  -37.669  -80.495  24.526 0.0000000000
4626  -38.155  -80.582  24.595 0.0000000000
4682  -35.931  -81.340  19.099 0.0000000000
4691  -35.652  -80.407  18.752 0.0000000000
4692  -36.446  -80.869  18.665 0.0000000000
4693  -36.966  -80.842  18.332 0.0000000000
4694  -37.169  -80.452  18.012 0.0000000000
4701  -37.052  -81.202  17.408 0.0000000000
4702  -37.171  -80.554  17.551 0.0000000000
4714  -34.498  -80.770  16.650 0.0000000000
4715  -36.117  -80.802  16.483 0.0000000000
4716  -36.651  -80.186  16.670 0.0000000000
4717  -37.108  -79.987  17.171 0.0000000000
4808  -31.904  -80.238  7.144 0.0000000000
4809  -32.841  -80.536  7.082 0.0000000000
4810  -33.768  -80.798  6.961 0.0000000000
4814  -32.505  -79.889  6.561 0.0000000000
4815  -33.921  -80.502  6.145 0.0000000000
4817  -34.296  -80.728  5.439 0.0000000000
4818  -34.844  -81.211  6.120 0.0000000000
4826  -33.900  -80.362  4.601 0.0000000000
4827  -34.725  -81.131  4.812 0.0000000000
4839  -34.371  -80.734  3.834 0.0000000000
4840  -34.987  -81.311  3.061 0.0000000000
4848  -34.256  -80.446  2.803 0.0000000000
4849  -34.783  -80.815  1.983 0.0000000000
4860  -35.014  -80.544  0.838 0.0000000000
5148  -29.448  -79.795  30.714 0.0000000000
5153  -29.500  -80.143  29.794 0.0000000000
5159  -29.558  -79.567  28.985 0.0000000000
5161  -34.616  -79.942  28.616 0.0000000000
5162  -35.620  -80.149  28.396 0.0000000000
5163  -36.643  -79.948  28.259 0.0000000000
5164  -37.570  -79.748  28.135 0.0000000000
5165  -38.261  -79.578  27.959 0.0000000000
5171  -29.252  -79.780  27.383 0.0000000000
5172  -29.621  -80.221  26.821 0.0000000000
5173  -38.169  -80.317  27.619 0.0000000000
5174  -38.666  -79.803  27.460 0.0000000000
5181  -29.161  -79.347  26.673 0.0000000000
5182  -31.103  -79.586  26.421 0.0000000000
5183  -35.394  -79.952  26.013 0.0000000000
5184  -38.849  -80.007  26.522 0.0000000000
5192  -35.212  -79.188  25.823 0.0000000000
5193  -35.889  -79.624  25.253 0.0000000000
5194  -36.790  -80.157  24.684 0.0000000000
5195  -38.756  -79.850  25.465 0.0000000000
5201  -36.313  -79.069  24.380 0.0000000000
5202  -37.285  -79.657  24.118 0.0000000000
5203  -38.024  -80.028  24.142 0.0000000000
5204  -38.405  -80.102  24.602 0.0000000000
5264  -37.020  -79.776  18.054 0.0000000000
5265  -37.167  -80.005  17.723 0.0000000000
5276  -37.062  -79.350  17.592 0.0000000000
5287  -35.170  -79.346  16.268 0.0000000000
5288  -36.190  -79.365  16.442 0.0000000000
5289  -36.863  -79.301  16.930 0.0000000000
5382  -33.010  -79.781  5.981 0.0000000000
5387  -33.358  -79.852  5.204 0.0000000000
5397  -33.676  -79.875  3.302 0.0000000000
5399  -33.822  -79.587  2.368 0.0000000000
5400  -34.271  -79.812  1.589 0.0000000000
5407  -33.994  -78.739  1.796 0.0000000000
5408  -34.598  -79.301  0.813 0.0000000000
5707  -29.623  -79.102  30.014 0.0000000000
5712  -29.672  -78.850  29.086 0.0000000000
5718  -29.313  -79.172  28.082 0.0000000000
5721  -35.611  -78.479  28.463 0.0000000000
5722  -36.727  -78.887  28.370 0.0000000000
5723  -37.897  -78.960  28.273 0.0000000000
5724  -38.699  -79.044  27.999 0.0000000000
5729  -28.848  -78.950  27.072 0.0000000000
5730  -39.129  -79.161  27.363 0.0000000000
5731  -39.401  -78.387  27.191 0.0000000000
5737  -29.443  -78.973  25.991 0.0000000000
5738  -30.580  -79.006  26.128 0.0000000000
5739  -32.687  -78.190  26.650 0.0000000000
5740  -33.832  -78.444  26.582 0.0000000000
5741  -39.151  -79.120  26.411 0.0000000000
5742  -39.275  -78.267  26.316 0.0000000000
5747  -34.782  -78.505  26.007 0.0000000000
5748  -35.471  -78.729  25.224 0.0000000000
5749  -38.896  -78.854  25.484 0.0000000000
5750  -38.964  -78.082  25.516 0.0000000000
5754  -37.006  -78.811  23.684 0.0000000000
5755  -37.792  -79.245  23.827 0.0000000000
5756  -38.220  -78.855  23.977 0.0000000000
5760  -37.567  -78.304  23.617 0.0000000000
5808  -36.427  -78.210  18.248 0.0000000000
5809  -36.848  -78.730  17.982 0.0000000000
5815  -36.824  -78.395  17.477 0.0000000000
5818  -34.009  -79.323  16.260 0.0000000000
5819  -34.355  -78.546  16.076 0.0000000000
5820  -36.453  -78.559  16.687 0.0000000000
5821  -36.552  -77.760  16.992 0.0000000000
5828  -33.193  -78.644  15.952 0.0000000000
5839  -41.147  -79.059  13.850 0.0000000000
5840  -41.449  -78.994  13.827 0.0000000000
5841  -42.029  -78.815  14.003 0.0000000000
5855  -32.281  -78.574  13.390 0.0000000000
5856  -32.595  -78.859  12.432 0.0000000000
5857  -39.409  -79.101  12.524 0.0000000000
5858  -40.172  -79.226  12.877 0.0000000000
5859  -40.934  -79.106  13.321 0.0000000000
5860  -41.481  -78.913  13.528 0.0000000000
5878  -33.244  -78.877  11.913 0.0000000000
5879  -37.259  -78.963  11.358 0.0000000000
5880  -38.152  -79.107  11.592 0.0000000000
5881  -39.025  -79.220  11.900 0.0000000000
5882  -39.787  -79.240  12.218 0.0000000000
5883  -40.378  -79.115  12.546 0.0000000000
5895  -33.368  -78.845  11.514 0.0000000000
5896  -34.131  -78.809  11.340 0.0000000000
5897  -35.214  -78.864  11.103 0.0000000000
5898  -36.277  -78.910  11.111 0.0000000000
5899  -37.081  -78.988  10.827 0.0000000000
5900  -38.570  -79.056  11.330 0.0000000000
5901  -39.410  -79.089  11.685 0.0000000000
5902  -40.023  -79.169  11.966 0.0000000000
5916  -33.117  -78.667  10.844 0.0000000000
5917  -33.865  -78.766  10.794 0.0000000000
5918  -34.761  -78.773  10.660 0.0000000000
5919  -35.705  -78.789  10.587 0.0000000000
5920  -36.463  -78.796  10.578 0.0000000000
5921  -37.511  -78.848  10.691 0.0000000000
5922  -38.116  -78.805  10.770 0.0000000000
5961  -39.177  -78.318  5.014 0.0000000000
5972  -33.209  -79.456  4.040 0.0000000000
5973  -39.151  -78.323  4.401 0.0000000000
5974  -39.507  -78.201  4.782 0.0000000000
5984  -33.375  -78.775  2.928 0.0000000000
5989  -33.608  -78.074  2.485 0.0000000000
6001  -34.215  -77.885  1.794 0.0000000000
6002  -34.639  -78.367  0.939 0.0000000000
6357  -35.877  -76.965  28.396 0.0000000000
6358  -36.844  -77.189  28.371 0.0000000000
6359  -37.893  -77.399  28.348 0.0000000000
6360  -38.903  -77.588  28.173 0.0000000000
6361  -39.379  -77.611  27.686 0.0000000000
6366  -39.604  -77.571  26.992 0.0000000000
6375  -33.451  -77.523  26.507 0.0000000000
6376  -34.336  -77.718  26.159 0.0000000000
6377  -39.270  -77.381  26.056 0.0000000000
6384  -35.017  -77.921  25.357 0.0000000000
6385  -35.663  -78.151  24.542 0.0000000000
6386  -38.765  -77.439  25.126 0.0000000000
6389  -35.221  -77.365  24.690 0.0000000000
6390  -36.304  -78.195  23.859 0.0000000000
6391  -36.847  -78.056  23.493 0.0000000000
6392  -38.562  -78.311  24.599 0.0000000000
6394  -36.268  -77.385  23.562 0.0000000000
6395  -37.051  -77.461  23.353 0.0000000000
6396  -37.669  -77.456  23.623 0.0000000000
6397  -38.131  -78.088  23.865 0.0000000000
6411  -43.076  -77.788  19.853 0.0000000000
6412  -43.527  -77.701  20.334 0.0000000000
6426  -36.426  -77.323  18.271 0.0000000000
6427  -36.717  -77.793  18.025 0.0000000000
6428  -43.022  -77.832  19.097 0.0000000000
6429  -43.442  -77.720  18.650 0.0000000000
6430  -44.191  -77.204  18.654 0.0000000000
6431  -36.694  -77.466  17.707 0.0000000000
6432  -42.990  -77.934  18.062 0.0000000000
6433  -43.800  -77.478  17.676 0.0000000000
6434  -44.388  -76.864  16.926 0.0000000000
6438  -34.833  -77.648  16.104 0.0000000000
6439  -35.902  -77.218  16.671 0.0000000000
6440  -36.483  -77.126  17.295 0.0000000000
6441  -42.275  -78.192  15.949 0.0000000000
6442  -42.725  -78.096  16.429 0.0000000000
6443  -43.429  -77.855  16.048 0.0000000000
6451  -32.406  -78.348  15.216 0.0000000000
6452  -32.900  -77.227  15.002 0.0000000000
6453  -33.749  -76.775  15.703 0.0000000000
6454  -41.301  -78.422  14.858 0.0000000000
6455  -41.952  -78.581  15.128 0.0000000000
6456  -42.598  -78.352  15.448 0.0000000000
6457  -43.290  -77.941  15.227 0.0000000000
6464  -32.300  -78.126  14.470 0.0000000000
6465  -32.596  -77.485  14.023 0.0000000000
6466  -40.191  -78.323  13.950 0.0000000000
6467  -40.931  -78.853  14.210 0.0000000000
6468  -41.596  -78.827  14.316 0.0000000000
6469  -42.740  -78.268  14.615 0.0000000000
6482  -37.919  -78.100  12.651 0.0000000000
6483  -38.727  -78.116  13.084 0.0000000000
6484  -39.781  -78.802  13.277 0.0000000000
6485  -40.607  -79.022  13.542 0.0000000000
6486  -41.842  -78.418  13.338 0.0000000000
6501  -33.015  -78.309  12.791 0.0000000000
6502  -34.730  -78.417  11.762 0.0000000000
6503  -35.537  -78.061  12.026 0.0000000000
6504  -37.555  -78.667  12.078 0.0000000000
6505  -38.505  -78.909  12.249 0.0000000000
6506  -39.835  -78.593  11.558 0.0000000000
6507  -40.487  -78.687  12.095 0.0000000000
6508  -41.166  -78.787  12.795 0.0000000000
6522  -35.653  -78.595  11.468 0.0000000000
6523  -36.461  -78.404  11.896 0.0000000000
6524  -39.001  -78.502  10.986 0.0000000000
6536  -32.775  -77.729  10.156 0.0000000000
6537  -33.418  -77.462  9.762 0.0000000000
6538  -34.221  -78.153  9.913 0.0000000000
6539  -35.235  -78.322  9.971 0.0000000000
6540  -36.990  -78.592  10.380 0.0000000000
6541  -37.563  -78.334  10.368 0.0000000000
6542  -38.221  -77.916  10.492 0.0000000000
6575  -39.088  -78.012  6.088 0.0000000000
6576  -39.699  -78.053  6.364 0.0000000000
6577  -40.187  -78.049  6.283 0.0000000000
6586  -38.194  -77.674  4.932 0.0000000000
6587  -38.880  -78.170  5.395 0.0000000000
6588  -39.550  -78.204  5.666 0.0000000000
6597  -38.068  -77.728  3.922 0.0000000000
6598  -38.790  -78.225  4.606 0.0000000000
6599  -40.059  -77.986  5.360 0.0000000000
6611  -33.413  -77.425  3.188 0.0000000000
6612  -37.444  -77.460  2.864 0.0000000000
6613  -38.899  -78.250  3.743 0.0000000000
6614  -39.283  -78.119  3.754 0.0000000000
6615  -39.824  -77.661  4.295 0.0000000000
6625  -33.866  -77.485  2.600 0.0000000000
6626  -34.634  -77.314  2.049 0.0000000000
6627  -35.661  -77.263  1.569 0.0000000000
6628  -37.098  -77.458  1.656 0.0000000000
6629  -38.083  -77.781  2.205 0.0000000000
6630  -38.616  -77.817  2.173 0.0000000000
6631  -39.050  -77.698  2.132 0.0000000000
6644  -34.943  -77.681  1.146 0.0000000000
6648  -38.548  -77.522  1.252 0.0000000000
7062  -36.410  -76.368  28.289 0.0000000000
7063  -37.377  -76.550  28.292 0.0000000000
7064  -38.401  -76.747  28.266 0.0000000000
7065  -39.298  -76.879  28.060 0.0000000000
7073  -39.718  -76.743  27.523 0.0000000000
7074  -40.042  -76.001  27.673 0.0000000000
7082  -34.014  -77.037  26.219 0.0000000000
7083  -39.726  -76.696  26.769 0.0000000000
7084  -40.147  -76.048  27.261 0.0000000000
7094  -38.683  -76.518  24.982 0.0000000000
7101  -34.762  -76.426  24.799 0.0000000000
7102  -35.505  -76.947  23.998 0.0000000000
7103  -38.278  -77.297  24.184 0.0000000000
7109  -35.210  -76.180  23.769 0.0000000000
7110  -35.850  -76.648  23.468 0.0000000000
7111  -36.491  -76.695  23.290 0.0000000000
7112  -37.167  -76.725  23.348 0.0000000000
7113  -37.757  -76.613  23.727 0.0000000000
7119  -44.135  -77.011  22.043 0.0000000000
7127  -43.259  -77.184  21.163 0.0000000000
7128  -43.742  -77.098  21.673 0.0000000000
7129  -44.096  -77.181  21.458 0.0000000000
7140  -42.963  -77.492  20.442 0.0000000000
7141  -43.576  -77.391  21.017 0.0000000000
7142  -44.057  -77.380  20.660 0.0000000000
7158  -42.767  -77.554  19.539 0.0000000000
7167  -36.244  -76.525  18.356 0.0000000000
7168  -36.616  -77.014  18.118 0.0000000000
7169  -42.715  -77.595  18.616 0.0000000000
7170  -44.746  -76.353  18.580 0.0000000000
7178  -36.409  -76.181  18.125 0.0000000000
7179  -42.101  -77.088  17.147 0.0000000000
7180  -42.652  -77.682  17.677 0.0000000000
7181  -44.740  -76.427  17.626 0.0000000000
7186  -33.930  -75.240  16.116 0.0000000000
7187  -33.998  -75.993  16.055 0.0000000000
7188  -36.027  -76.421  17.248 0.0000000000
7189  -36.621  -76.829  17.797 0.0000000000
7190  -41.178  -76.630  15.907 0.0000000000
7191  -41.844  -77.444  16.364 0.0000000000
7192  -42.488  -77.873  16.793 0.0000000000
7193  -44.255  -76.905  16.203 0.0000000000
7199  -33.520  -75.946  15.367 0.0000000000
7200  -40.066  -76.582  14.888 0.0000000000
7201  -40.832  -77.185  15.242 0.0000000000
7202  -41.596  -77.930  15.600 0.0000000000
7203  -43.894  -77.056  15.462 0.0000000000
7208  -33.127  -76.389  14.489 0.0000000000
7209  -39.156  -76.311  14.460 0.0000000000
7210  -39.840  -77.241  14.341 0.0000000000
7211  -40.532  -77.794  14.582 0.0000000000
7212  -42.434  -76.662  13.775 0.0000000000
7213  -42.945  -77.417  14.223 0.0000000000
7214  -43.422  -77.410  14.787 0.0000000000
7227  -33.293  -76.897  13.477 0.0000000000
7228  -34.163  -76.522  13.180 0.0000000000
7229  -35.201  -76.428  13.075 0.0000000000
7230  -36.247  -76.517  13.138 0.0000000000
7231  -37.779  -77.173  13.215 0.0000000000
7232  -38.455  -76.780  13.763 0.0000000000
7233  -39.362  -77.541  13.783 0.0000000000
7234  -41.928  -77.148  13.228 0.0000000000
7235  -42.489  -78.005  13.784 0.0000000000
7249  -33.933  -77.647  12.574 0.0000000000
7250  -34.884  -77.325  12.498 0.0000000000
7251  -35.886  -77.316  12.548 0.0000000000
7252  -36.987  -77.501  12.682 0.0000000000
7253  -40.248  -77.499  11.771 0.0000000000
7254  -40.936  -77.647  12.292 0.0000000000
7255  -41.525  -77.776  12.767 0.0000000000
7273  -38.042  -76.695  10.524 0.0000000000
7274  -38.777  -77.124  10.845 0.0000000000
7275  -39.502  -77.393  11.301 0.0000000000
7288  -33.195  -76.581  9.667 0.0000000000
7289  -34.089  -76.820  9.471 0.0000000000
7290  -35.663  -77.314  9.624 0.0000000000
7291  -36.669  -77.002  9.913 0.0000000000
7292  -37.492  -77.389  10.200 0.0000000000
7312  -41.908  -76.598  8.524 0.0000000000
7313  -42.174  -76.529  8.441 0.0000000000
7329  -40.616  -77.282  7.521 0.0000000000
7330  -41.373  -76.977  8.075 0.0000000000
7331  -41.739  -76.857  8.072 0.0000000000
7332  -42.291  -76.484  7.801 0.0000000000
7345  -37.890  -76.691  5.914 0.0000000000
7346  -38.639  -77.263  6.286 0.0000000000
7347  -40.081  -77.826  6.879 0.0000000000
7348  -40.715  -77.671  6.940 0.0000000000
7349  -41.644  -76.947  7.541 0.0000000000
7357  -36.827  -76.436  4.907 0.0000000000
7358  -37.611  -76.978  5.274 0.0000000000
7359  -38.393  -77.527  5.670 0.0000000000
7360  -40.664  -77.487  6.005 0.0000000000
7361  -41.258  -77.236  6.911 0.0000000000
7376  -34.494  -76.050  3.944 0.0000000000
7377  -35.484  -76.187  4.007 0.0000000000
7378  -36.466  -76.541  4.205 0.0000000000
7379  -37.383  -77.079  4.522 0.0000000000
7380  -40.347  -77.122  4.793 0.0000000000
7396  -33.981  -76.523  3.425 0.0000000000
7397  -34.875  -76.440  3.326 0.0000000000
7398  -36.000  -76.630  3.339 0.0000000000
7399  -37.035  -77.040  3.688 0.0000000000
7400  -39.694  -77.266  3.280 0.0000000000
7413  -33.741  -77.025  3.118 0.0000000000
7414  -34.333  -76.915  2.825 0.0000000000
7415  -35.236  -76.839  2.555 0.0000000000
7416  -36.331  -77.010  2.482 0.0000000000
7417  -39.560  -76.817  2.345 0.0000000000
7418  -39.950  -76.353  2.890 0.0000000000
7430  -39.181  -76.805  1.441 0.0000000000
7797  -44.645  -75.657  30.204 0.0000000000
7808  -44.346  -75.853  29.618 0.0000000000
7809  -44.888  -75.890  29.546 0.0000000000
7810  -45.190  -75.856  28.964 0.0000000000
7825  -37.895  -75.854  28.163 0.0000000000
7826  -39.050  -75.305  28.105 0.0000000000
7827  -40.221  -75.605  27.903 0.0000000000
7828  -40.672  -75.114  28.057 0.0000000000
7829  -44.711  -76.329  27.966 0.0000000000
7842  -38.133  -75.081  27.973 0.0000000000
7843  -40.607  -75.302  27.640 0.0000000000
7844  -41.560  -74.897  27.376 0.0000000000
7845  -44.883  -76.470  27.077 0.0000000000
7846  -45.123  -76.364  27.495 0.0000000000
7847  -45.314  -76.041  27.941 0.0000000000
7858  -40.006  -75.763  26.598 0.0000000000
7859  -40.730  -75.263  27.049 0.0000000000
7860  -45.199  -76.338  26.883 0.0000000000
7861  -45.349  -76.138  27.224 0.0000000000
7871  -39.636  -75.235  25.817 0.0000000000
7872  -40.463  -74.823  26.267 0.0000000000
7873  -44.755  -76.473  25.615 0.0000000000
7874  -45.136  -76.380  25.209 0.0000000000
7883  -38.518  -75.576  24.668 0.0000000000
7884  -39.089  -74.805  25.161 0.0000000000
7885  -44.573  -76.471  24.953 0.0000000000
7886  -45.069  -76.509  24.499 0.0000000000
7894  -34.995  -75.496  23.320 0.0000000000
7895  -35.787  -75.972  23.132 0.0000000000
7896  -36.623  -75.980  23.163 0.0000000000
7897  -37.315  -75.888  23.432 0.0000000000
7898  -37.951  -75.664  23.970 0.0000000000
7899  -44.288  -76.505  24.237 0.0000000000
7900  -44.513  -76.538  23.170 0.0000000000
7907  -35.384  -75.188  22.832 0.0000000000
7908  -36.109  -75.269  22.871 0.0000000000
7909  -44.024  -76.614  23.410 0.0000000000
7910  -43.960  -76.836  22.464 0.0000000000
7911  -44.425  -76.618  22.405 0.0000000000
7917  -44.414  -76.725  21.798 0.0000000000
7922  -42.738  -76.722  20.809 0.0000000000
7923  -44.426  -76.824  20.925 0.0000000000
7937  -35.068  -74.621  19.295 0.0000000000
7938  -42.033  -75.724  19.293 0.0000000000
7939  -42.484  -76.789  19.919 0.0000000000
7940  -44.907  -75.737  18.995 0.0000000000
7948  -35.231  -75.414  18.965 0.0000000000
7949  -35.921  -75.654  18.587 0.0000000000
7950  -41.898  -75.795  18.363 0.0000000000
7951  -42.347  -76.830  19.000 0.0000000000
7952  -45.180  -75.556  17.973 0.0000000000
7955  -35.972  -75.429  18.259 0.0000000000
7956  -41.057  -75.226  16.997 0.0000000000
7957  -41.741  -75.919  17.435 0.0000000000
7958  -42.287  -76.884  18.048 0.0000000000
7959  -45.196  -75.502  17.219 0.0000000000
7962  -34.735  -75.058  16.939 0.0000000000
7963  -35.739  -75.555  17.610 0.0000000000
7964  -39.934  -75.123  15.956 0.0000000000
7965  -40.738  -75.576  16.264 0.0000000000
7966  -41.485  -76.199  16.626 0.0000000000
7967  -44.837  -75.998  16.645 0.0000000000
7970  -33.684  -75.238  15.458 0.0000000000
7971  -38.608  -75.308  15.017 0.0000000000
7972  -39.554  -75.613  15.254 0.0000000000
7973  -40.417  -76.010  15.554 0.0000000000
7974  -43.400  -75.621  14.956 0.0000000000
7975  -44.040  -76.041  15.383 0.0000000000
7976  -44.485  -76.138  15.927 0.0000000000
7984  -33.511  -75.501  14.806 0.0000000000
7985  -34.056  -75.161  14.378 0.0000000000
7986  -35.014  -75.024  14.114 0.0000000000
7987  -36.117  -75.183  14.141 0.0000000000
7988  -37.142  -75.431  14.223 0.0000000000
7989  -38.105  -75.785  14.326 0.0000000000
7990  -42.160  -75.511  14.053 0.0000000000
7991  -43.050  -76.312  14.405 0.0000000000
7992  -43.679  -76.550  14.961 0.0000000000
8003  -33.643  -75.887  13.950 0.0000000000
8004  -34.531  -75.692  13.669 0.0000000000
8005  -36.651  -75.890  13.661 0.0000000000
8006  -37.548  -76.219  13.740 0.0000000000
8007  -41.137  -76.424  12.771 0.0000000000
8008  -41.660  -75.879  13.450 0.0000000000
8019  -39.005  -75.415  11.567 0.0000000000
8020  -39.768  -76.145  11.818 0.0000000000
8021  -40.492  -76.547  12.219 0.0000000000
8039  -36.842  -75.583  10.355 0.0000000000
8040  -37.748  -75.687  10.712 0.0000000000
8041  -38.502  -75.971  11.007 0.0000000000
8042  -39.129  -76.333  11.280 0.0000000000
8053  -33.683  -75.738  9.795 0.0000000000
8054  -35.013  -76.464  9.585 0.0000000000
8055  -35.907  -76.063  9.836 0.0000000000
8056  -37.372  -76.420  10.289 0.0000000000
8064  -43.027  -76.075  9.456 0.0000000000
8065  -43.552  -75.844  9.744 0.0000000000
8066  -44.105  -75.636  9.641 0.0000000000
8078  -41.428  -76.561  8.435 0.0000000000
8079  -42.467  -76.301  8.920 0.0000000000
8080  -43.387  -76.019  9.169 0.0000000000
8094  -38.956  -75.845  7.016 0.0000000000
8095  -39.912  -76.243  7.596 0.0000000000
8096  -40.770  -76.563  8.122 0.0000000000
8097  -42.815  -76.213  8.508 0.0000000000
8098  -43.530  -75.626  8.448 0.0000000000
8107  -36.611  -75.240  5.925 0.0000000000
8108  -37.516  -75.713  6.163 0.0000000000
8109  -38.314  -76.255  6.451 0.0000000000
8110  -39.654  -77.148  7.142 0.0000000000
8111  -41.800  -76.466  6.883 0.0000000000
8123  -35.550  -75.489  5.082 0.0000000000
8124  -36.346  -75.761  5.254 0.0000000000
8125  -37.111  -76.167  5.570 0.0000000000
8126  -41.185  -76.444  5.972 0.0000000000
8139  -35.078  -75.715  4.511 0.0000000000
8140  -36.007  -75.969  4.627 0.0000000000
8141  -40.635  -76.004  4.209 0.0000000000
8142  -41.112  -75.428  4.695 0.0000000000
8154  -40.643  -75.612  3.394 0.0000000000
8169  -39.939  -75.780  2.394 0.0000000000
8591  -44.378  -74.423  31.835 0.0000000000
8592  -44.843  -73.857  32.068 0.0000000000
8600  -43.399  -74.734  30.778 0.0000000000
8601  -44.098  -75.466  30.549 0.0000000000
8602  -44.677  -75.158  31.072 0.0000000000
8603  -45.338  -74.640  31.086 0.0000000000
8611  -43.622  -75.418  29.770 0.0000000000
8612  -45.153  -75.375  30.152 0.0000000000
8613  -45.524  -74.934  29.631 0.0000000000
8625  -39.387  -74.446  28.097 0.0000000000
8626  -40.229  -74.472  28.248 0.0000000000
8627  -41.008  -74.475  28.388 0.0000000000
8628  -42.357  -74.771  28.406 0.0000000000
8629  -43.043  -75.030  28.976 0.0000000000
8630  -43.964  -75.892  28.716 0.0000000000
8631  -45.504  -75.217  28.576 0.0000000000
8647  -38.522  -74.383  27.905 0.0000000000
8648  -41.506  -74.879  28.022 0.0000000000
8649  -42.375  -74.923  27.674 0.0000000000
8650  -43.256  -75.290  27.164 0.0000000000
8651  -44.127  -76.040  27.588 0.0000000000
8652  -45.487  -75.547  27.518 0.0000000000
8666  -41.347  -74.646  26.539 0.0000000000
8667  -42.329  -74.767  26.706 0.0000000000
8668  -43.283  -75.243  26.361 0.0000000000
8669  -44.349  -76.167  26.482 0.0000000000
8670  -45.475  -75.902  26.640 0.0000000000
8683  -39.962  -74.204  25.477 0.0000000000
8684  -40.911  -74.175  25.754 0.0000000000
8685  -41.788  -74.290  25.858 0.0000000000
8686  -43.828  -75.863  25.563 0.0000000000
8687  -45.465  -75.942  25.653 0.0000000000
8702  -39.262  -73.978  24.916 0.0000000000
8703  -42.715  -74.648  24.434 0.0000000000
8704  -43.610  -75.772  24.698 0.0000000000
8705  -45.451  -75.985  24.801 0.0000000000
8716  -36.851  -75.175  23.159 0.0000000000
8717  -37.575  -74.934  23.639 0.0000000000
8718  -38.409  -74.444  24.389 0.0000000000
8719  -43.311  -75.553  23.807 0.0000000000
8720  -45.370  -75.995  24.084 0.0000000000
8725  -35.006  -74.664  22.408 0.0000000000
8726  -35.577  -74.544  22.519 0.0000000000
8727  -36.393  -74.453  22.872 0.0000000000
8728  -42.063  -74.042  22.912 0.0000000000
8729  -42.752  -75.062  22.900 0.0000000000
8730  -45.150  -76.007  23.410 0.0000000000
8734  -34.381  -73.930  21.104 0.0000000000
8735  -34.936  -74.085  21.796 0.0000000000
8736  -42.030  -74.259  22.201 0.0000000000
8737  -42.628  -75.353  21.978 0.0000000000
8745  -34.666  -73.863  20.258 0.0000000000
8746  -41.901  -74.480  21.342 0.0000000000
8747  -42.397  -75.562  21.089 0.0000000000
8748  -44.757  -75.199  20.428 0.0000000000
8758  -34.928  -74.090  19.587 0.0000000000
8759  -42.199  -75.654  20.192 0.0000000000
8760  -44.993  -74.995  19.328 0.0000000000
8761  -45.505  -74.129  18.687 0.0000000000
8765  -35.031  -73.893  18.233 0.0000000000
8766  -35.639  -74.908  18.626 0.0000000000
8767  -40.833  -74.266  18.290 0.0000000000
8768  -41.486  -74.877  18.740 0.0000000000
8769  -45.371  -74.833  18.325 0.0000000000
8771  -35.263  -74.684  17.765 0.0000000000
8772  -39.843  -74.039  17.118 0.0000000000
8773  -40.592  -74.458  17.434 0.0000000000
8774  -41.316  -74.993  17.830 0.0000000000
8775  -45.210  -75.088  16.850 0.0000000000
8776  -45.456  -74.705  17.494 0.0000000000
8780  -33.868  -74.780  15.773 0.0000000000
8781  -34.256  -74.404  16.513 0.0000000000
8782  -38.604  -74.077  16.139 0.0000000000
8783  -39.476  -74.384  16.390 0.0000000000
8784  -40.291  -74.736  16.660 0.0000000000
8785  -44.582  -74.618  16.280 0.0000000000
8786  -44.794  -75.318  16.368 0.0000000000
8787  -45.343  -74.345  17.066 0.0000000000
8794  -33.811  -74.819  15.130 0.0000000000
8795  -34.227  -74.160  15.615 0.0000000000
8796  -34.999  -73.882  15.205 0.0000000000
8797  -36.065  -73.983  15.144 0.0000000000
8798  -37.150  -74.236  15.260 0.0000000000
8799  -38.136  -74.525  15.467 0.0000000000
8800  -39.068  -74.797  15.692 0.0000000000
8802  -43.087  -74.678  15.157 0.0000000000
8803  -44.291  -75.300  15.836 0.0000000000
8810  -34.530  -74.508  14.787 0.0000000000
8811  -35.539  -74.483  14.629 0.0000000000
8812  -36.640  -74.678  14.666 0.0000000000
8813  -37.648  -74.971  14.813 0.0000000000
8815  -41.863  -74.593  14.327 0.0000000000
8816  -42.641  -75.089  14.596 0.0000000000
8827  -41.415  -74.911  13.794 0.0000000000
8838  -40.325  -75.528  12.536 0.0000000000
8871  -35.126  -75.361  10.058 0.0000000000
8873  -43.802  -75.252  10.694 0.0000000000
8874  -44.446  -75.174  10.661 0.0000000000
8875  -44.562  -75.221  10.179 0.0000000000
8888  -41.519  -75.081  9.211 0.0000000000
8889  -42.425  -76.069  9.300 0.0000000000
8890  -43.200  -75.739  10.030 0.0000000000
8891  -44.011  -75.615  10.251 0.0000000000
8904  -39.941  -74.543  8.163 0.0000000000
8905  -40.857  -75.578  8.531 0.0000000000
8906  -41.786  -76.270  8.853 0.0000000000
8907  -44.094  -75.312  8.834 0.0000000000
8908  -44.526  -74.958  9.341 0.0000000000
8921  -38.432  -74.602  7.128 0.0000000000
8922  -39.335  -74.859  7.586 0.0000000000
8923  -40.154  -75.531  8.000 0.0000000000
8924  -43.168  -75.443  7.684 0.0000000000
8925  -43.957  -74.750  8.025 0.0000000000
8926  -44.385  -74.382  8.516 0.0000000000
8939  -38.040  -75.214  6.655 0.0000000000
8940  -42.419  -75.499  6.881 0.0000000000
8941  -43.003  -74.645  6.870 0.0000000000
8942  -43.743  -74.243  7.242 0.0000000000
8957  -35.900  -75.224  5.549 0.0000000000
8958  -41.662  -75.159  5.807 0.0000000000
9426  -43.377  -72.878  32.532 0.0000000000
9434  -43.271  -73.323  32.334 0.0000000000
9435  -44.010  -73.533  32.388 0.0000000000
9436  -45.472  -73.931  31.634 0.0000000000
9443  -42.159  -73.210  30.995 0.0000000000
9444  -42.916  -73.794  31.496 0.0000000000
9445  -43.684  -74.195  31.840 0.0000000000
9446  -45.876  -73.955  31.095 0.0000000000
9447  -46.566  -73.319  30.961 0.0000000000
9455  -41.012  -73.097  29.264 0.0000000000
9456  -41.740  -73.546  29.808 0.0000000000
9457  -42.516  -74.076  30.330 0.0000000000
9458  -46.019  -74.075  30.293 0.0000000000
9472  -39.639  -73.641  28.198 0.0000000000
9473  -40.498  -73.601  28.559 0.0000000000
9474  -41.362  -73.908  28.899 0.0000000000
9475  -42.206  -74.359  29.220 0.0000000000
9476  -45.849  -74.139  29.307 0.0000000000
9477  -46.616  -73.409  30.071 0.0000000000
9489  -45.634  -74.174  28.117 0.0000000000
9498  -45.368  -74.564  26.273 0.0000000000
9499  -45.425  -73.559  27.175 0.0000000000
9512  -40.564  -73.751  25.150 0.0000000000
9513  -41.321  -73.831  25.140 0.0000000000
9514  -42.222  -74.204  25.122 0.0000000000
9515  -45.351  -74.860  25.199 0.0000000000
9532  -39.018  -73.414  24.446 0.0000000000
9533  -39.908  -73.433  24.712 0.0000000000
9534  -40.771  -73.425  24.589 0.0000000000
9535  -41.760  -73.744  24.316 0.0000000000
9536  -45.285  -74.935  24.335 0.0000000000
9547  -36.736  -73.406  23.048 0.0000000000
9548  -37.561  -73.214  23.525 0.0000000000
9549  -38.309  -73.400  24.000 0.0000000000
9550  -40.701  -72.948  23.204 0.0000000000
9551  -41.557  -73.565  23.415 0.0000000000
9552  -42.376  -74.334  23.605 0.0000000000
9553  -45.131  -74.983  23.541 0.0000000000
9558  -35.547  -73.104  22.095 0.0000000000
9559  -36.006  -73.698  22.517 0.0000000000
9560  -40.724  -72.978  22.162 0.0000000000
9561  -41.403  -73.504  22.577 0.0000000000
9562  -44.899  -75.008  22.803 0.0000000000
9571  -35.125  -73.616  21.602 0.0000000000
9572  -40.604  -73.068  21.151 0.0000000000
9573  -41.329  -73.624  21.677 0.0000000000
9574  -44.708  -74.726  21.878 0.0000000000
9585  -34.704  -73.552  20.978 0.0000000000
9586  -40.685  -73.412  20.239 0.0000000000
9587  -41.253  -73.822  20.787 0.0000000000
9588  -44.673  -74.171  20.736 0.0000000000
9589  -45.183  -73.254  19.842 0.0000000000
9602  -34.834  -73.567  19.556 0.0000000000
9603  -40.179  -73.091  19.607 0.0000000000
9604  -41.193  -74.018  19.959 0.0000000000
9605  -45.022  -74.194  19.629 0.0000000000
9606  -45.608  -73.529  19.121 0.0000000000
9607  -46.121  -73.250  18.425 0.0000000000
9618  -34.818  -73.237  18.717 0.0000000000
9619  -39.820  -73.317  18.331 0.0000000000
9620  -40.379  -73.595  18.806 0.0000000000
9621  -41.031  -74.154  19.157 0.0000000000
9622  -45.851  -73.999  17.975 0.0000000000
9630  -34.654  -72.944  17.625 0.0000000000
9631  -38.688  -73.180  17.232 0.0000000000
9632  -39.391  -73.361  17.639 0.0000000000
9633  -40.175  -73.790  17.901 0.0000000000
9634  -45.703  -73.765  17.554 0.0000000000
9642  -34.641  -73.245  16.713 0.0000000000
9643  -35.082  -72.950  16.341 0.0000000000
9644  -36.038  -72.902  16.148 0.0000000000
9645  -37.088  -73.135  16.277 0.0000000000
9646  -38.106  -73.333  16.633 0.0000000000
9647  -39.052  -73.697  16.827 0.0000000000
9650  -45.005  -74.089  16.727 0.0000000000
9657  -34.676  -73.509  15.934 0.0000000000
9658  -35.511  -73.398  15.700 0.0000000000
9659  -36.599  -73.537  15.691 0.0000000000
9660  -37.647  -73.800  15.893 0.0000000000
9664  -43.732  -74.371  15.762 0.0000000000
9716  -44.382  -74.269  11.581 0.0000000000
9717  -45.121  -74.348  11.439 0.0000000000
9729  -42.079  -73.806  10.564 0.0000000000
9730  -44.510  -74.859  11.149 0.0000000000
9731  -45.030  -74.786  10.814 0.0000000000
9743  -40.034  -73.130  9.090 0.0000000000
9744  -40.908  -73.777  9.433 0.0000000000
9745  -41.773  -74.344  9.914 0.0000000000
9746  -42.750  -74.878  10.440 0.0000000000
9747  -44.809  -74.599  9.891 0.0000000000
9760  -39.605  -73.544  8.432 0.0000000000
9761  -40.473  -74.207  8.750 0.0000000000
9762  -44.584  -74.279  9.068 0.0000000000
9778  -39.271  -73.919  7.926 0.0000000000
9779  -44.273  -73.598  7.652 0.0000000000
9793  -43.293  -73.755  6.463 0.0000000000
9794  -44.100  -73.340  6.901 0.0000000000
10308  -42.578  -72.903  32.134 0.0000000000
10309  -43.739  -72.766  32.419 0.0000000000
10310  -44.639  -73.155  32.188 0.0000000000
10311  -45.350  -73.409  31.854 0.0000000000
10320  -45.468  -72.777  31.748 0.0000000000
10321  -46.124  -73.240  31.507 0.0000000000
10322  -46.924  -72.645  31.236 0.0000000000
10323  -47.621  -72.036  30.950 0.0000000000
10331  -47.193  -72.682  30.686 0.0000000000
10332  -47.833  -72.109  30.208 0.0000000000
10346  -46.277  -73.211  28.951 0.0000000000
10347  -47.143  -72.652  29.649 0.0000000000
10348  -47.723  -71.984  29.055 0.0000000000
10361  -45.935  -72.831  27.881 0.0000000000
10362  -46.824  -72.369  28.476 0.0000000000
10363  -47.661  -71.736  27.796 0.0000000000
10372  -45.121  -73.092  26.421 0.0000000000
10373  -45.737  -72.294  26.897 0.0000000000
10374  -46.540  -72.110  27.553 0.0000000000
10385  -44.918  -73.266  25.649 0.0000000000
10386  -45.329  -72.270  25.990 0.0000000000
10399  -38.846  -72.853  23.986 0.0000000000
10400  -39.500  -72.876  24.059 0.0000000000
10401  -40.267  -72.992  24.053 0.0000000000
10402  -44.706  -73.198  24.651 0.0000000000
10403  -45.062  -72.171  25.196 0.0000000000
10411  -37.194  -72.522  23.105 0.0000000000
10412  -38.267  -72.576  23.553 0.0000000000
10413  -39.078  -72.442  23.521 0.0000000000
10414  -39.838  -72.570  23.424 0.0000000000
10415  -44.666  -73.504  23.703 0.0000000000
10423  -35.656  -72.186  22.010 0.0000000000
10424  -36.324  -72.420  22.577 0.0000000000
10425  -37.077  -71.942  22.766 0.0000000000
10426  -38.584  -72.032  23.024 0.0000000000
10427  -39.342  -72.186  22.836 0.0000000000
10428  -40.084  -72.484  22.592 0.0000000000
10429  -44.551  -72.922  22.153 0.0000000000
10430  -44.995  -72.409  21.287 0.0000000000
10442  -35.121  -72.704  21.299 0.0000000000
10443  -39.553  -72.142  22.027 0.0000000000
10444  -40.176  -72.556  21.801 0.0000000000
10445  -44.591  -73.448  21.478 0.0000000000
10455  -34.811  -72.849  20.225 0.0000000000
10456  -39.776  -72.402  21.062 0.0000000000
10457  -40.223  -72.873  20.417 0.0000000000
10458  -44.811  -72.985  20.661 0.0000000000
10459  -45.704  -72.301  20.276 0.0000000000
10460  -46.672  -72.103  19.421 0.0000000000
10471  -34.746  -72.554  19.226 0.0000000000
10472  -38.837  -72.203  19.076 0.0000000000
10473  -39.525  -72.640  19.306 0.0000000000
10474  -46.013  -72.794  19.273 0.0000000000
10475  -46.605  -72.543  18.705 0.0000000000
10482  -34.749  -72.341  18.296 0.0000000000
10483  -37.522  -72.075  17.775 0.0000000000
10484  -38.310  -72.244  18.235 0.0000000000
10485  -39.250  -72.783  18.437 0.0000000000
10486  -39.850  -73.083  18.896 0.0000000000
10487  -46.234  -73.174  17.866 0.0000000000
10488  -46.698  -72.526  18.171 0.0000000000
10494  -34.839  -72.334  17.657 0.0000000000
10495  -35.268  -72.073  17.366 0.0000000000
10496  -36.127  -72.011  17.180 0.0000000000
10497  -37.077  -72.273  17.215 0.0000000000
10498  -38.022  -72.662  17.351 0.0000000000
10499  -38.771  -72.820  17.750 0.0000000000
10502  -46.036  -72.973  17.494 0.0000000000
10503  -46.633  -72.390  17.799 0.0000000000
10509  -34.859  -72.609  17.045 0.0000000000
10510  -35.597  -72.454  16.743 0.0000000000
10511  -36.558  -72.543  16.673 0.0000000000
10512  -37.413  -72.772  16.797 0.0000000000
10517  -45.466  -73.546  17.145 0.0000000000
10558  -45.423  -73.193  12.236 0.0000000000
10559  -46.148  -72.980  12.059 0.0000000000
10568  -41.936  -72.448  11.519 0.0000000000
10569  -43.431  -73.373  11.763 0.0000000000
10570  -44.870  -73.805  11.985 0.0000000000
10571  -45.635  -73.627  11.721 0.0000000000
10572  -46.180  -72.973  11.687 0.0000000000
10585  -40.332  -72.162  10.432 0.0000000000
10586  -41.308  -72.815  10.626 0.0000000000
10587  -42.360  -73.333  11.156 0.0000000000
10588  -44.926  -73.184  10.329 0.0000000000
10589  -45.624  -73.542  11.147 0.0000000000
10601  -40.543  -72.854  9.833 0.0000000000
10602  -41.265  -73.442  10.050 0.0000000000
10603  -44.644  -73.440  9.664 0.0000000000
10604  -45.125  -74.088  10.405 0.0000000000
10622  -44.362  -73.175  8.804 0.0000000000
10623  -44.683  -73.915  9.345 0.0000000000
10638  -44.438  -73.676  8.446 0.0000000000
11237  -46.975  -72.101  31.256 0.0000000000
11248  -48.234  -71.517  30.365 0.0000000000
11249  -48.983  -71.148  29.926 0.0000000000
11250  -49.597  -70.751  29.501 0.0000000000
11266  -48.446  -71.582  29.565 0.0000000000
11267  -49.246  -71.131  28.866 0.0000000000
11268  -50.035  -70.505  28.771 0.0000000000
11281  -48.994  -71.230  27.604 0.0000000000
11282  -49.758  -70.574  27.072 0.0000000000
11292  -46.141  -71.762  26.179 0.0000000000
11293  -46.998  -71.663  26.716 0.0000000000
11294  -49.024  -71.129  25.865 0.0000000000
11295  -49.707  -70.480  26.226 0.0000000000
11309  -46.040  -71.668  25.459 0.0000000000
11310  -47.065  -71.553  25.758 0.0000000000
11311  -48.275  -71.370  25.244 0.0000000000
11312  -49.632  -70.408  25.348 0.0000000000
11326  -44.784  -72.268  23.758 0.0000000000
11327  -45.967  -71.599  24.646 0.0000000000
11328  -46.908  -71.447  24.043 0.0000000000
11329  -48.079  -71.345  24.347 0.0000000000
11330  -49.094  -70.948  24.728 0.0000000000
11335  -37.774  -72.028  23.052 0.0000000000
11336  -44.641  -72.575  22.930 0.0000000000
11337  -45.478  -71.715  22.987 0.0000000000
11338  -46.624  -71.441  23.151 0.0000000000
11339  -47.821  -71.265  23.437 0.0000000000
11340  -48.999  -70.754  23.809 0.0000000000
11350  -36.038  -71.681  22.088 0.0000000000
11351  -36.691  -71.582  22.289 0.0000000000
11352  -37.470  -71.592  22.428 0.0000000000
11353  -38.791  -71.813  22.323 0.0000000000
11354  -45.210  -71.975  22.114 0.0000000000
11355  -46.270  -71.502  22.208 0.0000000000
11356  -47.466  -71.217  22.454 0.0000000000
11357  -48.473  -70.797  22.850 0.0000000000
11367  -35.571  -71.533  21.410 0.0000000000
11368  -36.316  -71.184  21.667 0.0000000000
11369  -37.111  -71.158  21.799 0.0000000000
11370  -38.066  -71.397  21.840 0.0000000000
11371  -38.972  -71.793  21.446 0.0000000000
11372  -45.939  -71.723  21.250 0.0000000000
11373  -47.080  -71.323  21.395 0.0000000000
11386  -35.024  -71.821  20.579 0.0000000000
11387  -37.478  -71.035  21.111 0.0000000000
11388  -38.318  -71.434  20.842 0.0000000000
11389  -39.092  -71.977  20.499 0.0000000000
11390  -46.767  -71.603  20.365 0.0000000000
11391  -47.742  -71.094  20.513 0.0000000000
11400  -34.859  -71.867  19.706 0.0000000000
11401  -35.262  -71.313  19.366 0.0000000000
11402  -35.879  -70.913  19.157 0.0000000000
11403  -37.553  -71.294  19.430 0.0000000000
11404  -38.434  -71.679  19.824 0.0000000000
11405  -39.148  -72.197  19.753 0.0000000000
11406  -47.181  -71.983  18.648 0.0000000000
11407  -47.774  -71.354  18.576 0.0000000000
11416  -34.890  -71.802  18.819 0.0000000000
11417  -35.444  -71.391  18.567 0.0000000000
11418  -36.295  -71.273  18.440 0.0000000000
11419  -37.350  -71.560  18.489 0.0000000000
11420  -38.147  -71.749  18.978 0.0000000000
11421  -47.291  -71.821  18.090 0.0000000000
11422  -47.860  -71.008  18.052 0.0000000000
11431  -34.984  -71.822  18.032 0.0000000000
11432  -35.710  -71.615  17.824 0.0000000000
11433  -36.681  -71.731  17.759 0.0000000000
11437  -46.245  -72.044  17.443 0.0000000000
11438  -47.126  -71.555  17.768 0.0000000000
11499  -42.038  -70.971  12.441 0.0000000000
11500  -44.952  -72.275  12.565 0.0000000000
11501  -46.207  -72.250  12.299 0.0000000000
11502  -46.846  -71.728  11.976 0.0000000000
11512  -41.931  -71.642  12.056 0.0000000000
11513  -42.896  -72.286  12.135 0.0000000000
11514  -44.188  -72.853  12.302 0.0000000000
11515  -46.600  -72.409  11.946 0.0000000000
11531  -40.958  -72.094  11.031 0.0000000000
11532  -44.406  -72.233  10.203 0.0000000000
11533  -45.596  -72.519  10.801 0.0000000000
11534  -46.442  -72.130  11.495 0.0000000000
11551  -44.063  -72.489  9.485 0.0000000000
12175  -47.446  -71.618  30.879 0.0000000000
12191  -48.021  -71.316  30.628 0.0000000000
12192  -49.329  -70.487  30.197 0.0000000000
12193  -50.103  -70.211  29.587 0.0000000000
12213  -50.454  -69.870  28.906 0.0000000000
12226  -50.256  -70.064  27.796 0.0000000000
12241  -50.036  -70.116  26.757 0.0000000000
12266  -49.743  -70.034  24.496 0.0000000000
12271  -49.649  -69.730  23.751 0.0000000000
12276  -48.175  -70.771  21.668 0.0000000000
12277  -48.953  -70.194  22.440 0.0000000000
12278  -49.473  -69.579  23.044 0.0000000000
12279  -35.963  -70.840  21.024 0.0000000000
12280  -36.664  -70.860  21.135 0.0000000000
12281  -48.810  -70.006  21.459 0.0000000000
12290  -35.478  -71.106  20.613 0.0000000000
12291  -36.319  -70.729  20.420 0.0000000000
12292  -36.921  -70.817  19.925 0.0000000000
12293  -48.371  -70.516  20.531 0.0000000000
12294  -48.760  -69.829  20.398 0.0000000000
12304  -35.681  -70.840  19.954 0.0000000000
12305  -48.221  -70.758  18.618 0.0000000000
12306  -48.540  -70.202  18.768 0.0000000000
12316  -48.195  -70.335  17.949 0.0000000000
12317  -48.365  -70.297  18.261 0.0000000000
12332  -47.539  -70.613  17.671 0.0000000000
12378  -42.936  -71.025  12.642 0.0000000000
12379  -44.038  -71.212  12.739 0.0000000000
12380  -45.326  -71.347  12.682 0.0000000000
12381  -46.491  -71.247  12.349 0.0000000000
12382  -47.090  -70.824  11.978 0.0000000000
12396  -41.213  -71.008  12.119 0.0000000000
12397  -47.058  -71.068  11.691 0.0000000000
12414  -44.388  -71.375  10.354 0.0000000000
12415  -45.631  -71.204  10.736 0.0000000000
12416  -46.712  -71.219  11.298 0.0000000000
12417  -46.970  -70.343  11.135 0.0000000000
12429  -43.430  -70.564  10.075 0.0000000000
13068  -49.050  -69.662  30.357 0.0000000000
13069  -49.961  -69.687  30.136 0.0000000000
13070  -50.556  -69.216  29.172 0.0000000000
13092  -50.369  -69.590  29.576 0.0000000000
13108  -49.945  -69.281  27.595 0.0000000000
13109  -50.198  -69.430  27.988 0.0000000000
13110  -50.408  -69.498  28.514 0.0000000000
13119  -48.934  -69.292  26.329 0.0000000000
13120  -49.713  -69.684  26.078 0.0000000000
13121  -50.019  -69.767  26.990 0.0000000000
13133  -49.361  -69.354  25.303 0.0000000000
13134  -49.694  -69.590  25.093 0.0000000000
13146  -49.396  -69.038  24.510 0.0000000000
13147  -49.635  -69.230  24.238 0.0000000000
13156  -49.584  -68.984  23.508 0.0000000000
13160  -49.244  -69.419  22.283 0.0000000000
13161  -49.224  -68.707  22.296 0.0000000000
13166  -49.074  -69.112  21.333 0.0000000000
13181  -48.954  -69.067  20.244 0.0000000000
13190  -48.757  -69.693  19.411 0.0000000000
13191  -48.915  -68.857  19.344 0.0000000000
13198  -48.694  -69.467  18.567 0.0000000000
13199  -48.837  -68.408  18.607 0.0000000000
13208  -47.099  -69.237  17.625 0.0000000000
13209  -48.251  -69.600  17.775 0.0000000000
13210  -48.513  -69.656  18.074 0.0000000000
13234  -43.561  -69.553  13.254 0.0000000000
13235  -44.688  -69.550  13.163 0.0000000000
13236  -45.904  -69.541  12.974 0.0000000000
13237  -47.060  -69.373  12.534 0.0000000000
13249  -43.260  -70.319  12.887 0.0000000000
13250  -44.394  -70.374  12.890 0.0000000000
13251  -45.619  -70.400  12.764 0.0000000000
13252  -46.773  -70.274  12.382 0.0000000000
13253  -47.413  -69.815  11.984 0.0000000000
13267  -47.287  -70.121  11.610 0.0000000000
13278  -43.274  -69.039  10.299 0.0000000000
13279  -43.520  -69.747  10.253 0.0000000000
13280  -45.324  -69.902  10.555 0.0000000000
13281  -46.364  -69.615  10.686 0.0000000000
13282  -47.190  -69.428  11.042 0.0000000000
13935  -49.993  -68.177  30.157 0.0000000000
13936  -50.550  -68.473  29.303 0.0000000000
13956  -50.584  -68.057  28.946 0.0000000000
13957  -50.485  -68.899  28.744 0.0000000000
13973  -49.315  -68.659  27.614 0.0000000000
13974  -50.178  -68.641  28.319 0.0000000000
13983  -49.507  -69.329  27.009 0.0000000000
14005  -49.291  -68.584  23.792 0.0000000000
14014  -48.310  -68.242  23.690 0.0000000000
14015  -49.261  -68.452  23.004 0.0000000000
14023  -47.861  -67.861  22.912 0.0000000000
14024  -48.660  -67.885  22.643 0.0000000000
14037  -48.916  -68.143  22.212 0.0000000000
14038  -48.929  -68.343  21.546 0.0000000000
14047  -48.960  -68.344  20.079 0.0000000000
14051  -48.961  -68.043  19.276 0.0000000000
14054  -48.722  -68.730  18.150 0.0000000000
14055  -48.800  -67.577  18.026 0.0000000000
14060  -45.099  -68.273  17.422 0.0000000000
14061  -46.233  -68.186  17.445 0.0000000000
14092  -44.367  -68.344  14.109 0.0000000000
14093  -45.400  -68.311  13.940 0.0000000000
14094  -46.539  -68.139  13.727 0.0000000000
14106  -43.906  -68.869  13.657 0.0000000000
14107  -45.019  -68.885  13.517 0.0000000000
14108  -46.209  -68.822  13.285 0.0000000000
14109  -47.286  -68.551  12.891 0.0000000000
14119  -47.747  -68.855  12.138 0.0000000000
14120  -48.035  -67.869  12.615 0.0000000000
14129  -47.206  -68.531  10.997 0.0000000000
14130  -47.602  -68.989  11.600 0.0000000000
14131  -47.989  -68.011  11.916 0.0000000000
14139  -44.074  -68.462  10.530 0.0000000000
14140  -45.360  -68.820  10.555 0.0000000000
14141  -46.545  -68.873  10.711 0.0000000000
14805  -49.735  -67.262  30.033 0.0000000000
14806  -50.368  -67.482  29.712 0.0000000000
14807  -50.580  -67.680  29.264 0.0000000000
14817  -50.721  -67.099  28.847 0.0000000000
14833  -50.389  -67.763  28.627 0.0000000000
14877  -47.030  -67.641  22.190 0.0000000000
14878  -47.988  -67.446  22.213 0.0000000000
14879  -48.496  -67.681  22.028 0.0000000000
14893  -46.217  -67.482  21.549 0.0000000000
14894  -47.302  -67.219  21.624 0.0000000000
14895  -48.106  -67.194  21.581 0.0000000000
14896  -48.661  -67.642  21.383 0.0000000000
14897  -48.854  -67.953  20.741 0.0000000000
14909  -45.887  -67.174  20.781 0.0000000000
14910  -47.548  -66.856  20.998 0.0000000000
14911  -48.233  -66.955  20.828 0.0000000000
14912  -48.622  -67.276  20.439 0.0000000000
14913  -48.828  -67.642  19.882 0.0000000000
14916  -48.666  -66.953  19.546 0.0000000000
14917  -48.811  -67.311  19.043 0.0000000000
14920  -48.815  -66.987  18.297 0.0000000000
14929  -44.749  -67.843  17.099 0.0000000000
14930  -45.623  -67.671  16.980 0.0000000000
14931  -46.924  -67.591  16.997 0.0000000000
14932  -48.902  -67.069  17.239 0.0000000000
14933  -48.845  -66.853  17.336 0.0000000000
14934  -48.762  -66.591  17.587 0.0000000000
14947  -44.832  -67.580  16.486 0.0000000000
14948  -45.560  -67.415  16.214 0.0000000000
14949  -47.919  -67.086  16.290 0.0000000000
14950  -49.070  -66.367  16.290 0.0000000000
14962  -44.977  -67.570  15.417 0.0000000000
14963  -46.170  -67.368  15.405 0.0000000000
14964  -47.476  -67.103  15.427 0.0000000000
14965  -48.812  -66.552  15.344 0.0000000000
14975  -44.840  -67.934  14.555 0.0000000000
14976  -45.782  -67.759  14.558 0.0000000000
14977  -47.141  -67.486  14.371 0.0000000000
14978  -48.397  -66.892  14.452 0.0000000000
14983  -48.172  -67.305  13.483 0.0000000000
14994  -48.340  -67.110  12.303 0.0000000000
15003  -44.332  -67.279  11.095 0.0000000000
15004  -45.596  -67.438  11.048 0.0000000000
15005  -46.862  -67.678  11.069 0.0000000000
15006  -47.729  -67.945  11.425 0.0000000000
15007  -48.128  -67.213  11.836 0.0000000000
15018  -43.700  -67.783  10.707 0.0000000000
15019  -44.869  -67.942  10.711 0.0000000000
15020  -46.138  -68.175  10.733 0.0000000000
15630  -50.238  -66.727  29.635 0.0000000000
15631  -50.660  -66.950  29.206 0.0000000000
15720  -45.448  -66.853  20.089 0.0000000000
15721  -46.669  -66.671  20.358 0.0000000000
15722  -47.743  -66.449  20.297 0.0000000000
15723  -48.330  -66.643  19.998 0.0000000000
15730  -44.828  -66.495  19.487 0.0000000000
15731  -45.955  -66.308  19.616 0.0000000000
15732  -47.096  -66.134  19.679 0.0000000000
15733  -48.017  -66.084  19.548 0.0000000000
15734  -48.502  -66.369  19.121 0.0000000000
15735  -48.682  -66.665  18.667 0.0000000000
15741  -48.692  -66.137  18.286 0.0000000000
15742  -48.715  -66.343  17.930 0.0000000000
15754  -49.008  -66.105  16.985 0.0000000000
15755  -48.825  -66.076  17.378 0.0000000000
15769  -49.279  -65.622  15.398 0.0000000000
15791  -49.204  -66.025  14.461 0.0000000000
15792  -49.082  -65.690  13.736 0.0000000000
15801  -48.768  -66.297  12.822 0.0000000000
15809  -45.636  -66.140  11.945 0.0000000000
15810  -46.850  -66.255  11.852 0.0000000000
15811  -47.928  -66.439  11.958 0.0000000000
15812  -48.419  -66.580  12.225 0.0000000000
15817  -43.743  -66.599  11.535 0.0000000000
15818  -44.923  -66.618  11.558 0.0000000000
15819  -46.249  -66.852  11.419 0.0000000000
15820  -47.451  -67.066  11.473 0.0000000000
16515  -50.561  -66.342  29.141 0.0000000000
16526  -50.637  -66.401  28.636 0.0000000000
16620  -44.177  -66.123  18.915 0.0000000000
16621  -45.263  -66.021  18.947 0.0000000000
16622  -46.400  -65.848  18.998 0.0000000000
16623  -47.526  -65.728  18.954 0.0000000000
16624  -48.352  -65.880  18.679 0.0000000000
16635  -43.528  -65.676  18.402 0.0000000000
16636  -44.580  -65.684  18.324 0.0000000000
16637  -45.726  -65.542  18.332 0.0000000000
16638  -46.934  -65.411  18.320 0.0000000000
16639  -48.090  -65.404  18.176 0.0000000000
16640  -48.713  -65.751  17.836 0.0000000000
16653  -43.861  -65.375  17.715 0.0000000000
16654  -45.035  -65.335  17.532 0.0000000000
16655  -46.296  -65.203  17.653 0.0000000000
16656  -47.571  -65.112  17.554 0.0000000000
16657  -48.662  -65.323  17.281 0.0000000000
16658  -48.986  -65.726  17.041 0.0000000000
16669  -45.068  -65.123  16.593 0.0000000000
16670  -46.062  -65.008  16.277 0.0000000000
16671  -47.365  -64.877  15.846 0.0000000000
16672  -48.840  -64.964  15.667 0.0000000000
16673  -49.088  -65.368  16.307 0.0000000000
16679  -48.221  -64.866  15.088 0.0000000000
16680  -49.052  -65.098  14.845 0.0000000000
16681  -49.233  -65.290  15.496 0.0000000000
16683  -48.145  -65.153  13.671 0.0000000000
16684  -48.883  -65.243  14.072 0.0000000000
16685  -49.233  -65.334  14.666 0.0000000000
16687  -45.496  -65.064  12.982 0.0000000000
16688  -46.713  -65.206  12.955 0.0000000000
16689  -47.861  -65.329  12.976 0.0000000000
16690  -48.644  -65.524  13.239 0.0000000000
16695  -41.629  -65.348  12.493 0.0000000000
16696  -42.690  -65.254  12.627 0.0000000000
16697  -43.781  -65.379  12.546 0.0000000000
16698  -44.910  -65.544  12.429 0.0000000000
16699  -46.165  -65.600  12.420 0.0000000000
16700  -47.395  -65.723  12.386 0.0000000000
16701  -48.351  -65.909  12.494 0.0000000000
16709  -43.203  -65.943  12.033 0.0000000000
16710  -44.208  -66.013  12.020 0.0000000000
17505  -42.085  -64.924  18.089 0.0000000000
17506  -42.906  -65.228  17.884 0.0000000000
17516  -41.579  -64.485  17.629 0.0000000000
17517  -42.335  -64.721  17.404 0.0000000000
17518  -43.164  -64.983  17.144 0.0000000000
17519  -44.109  -65.163  16.888 0.0000000000
17530  -41.757  -64.330  16.914 0.0000000000
17531  -42.535  -64.549  16.601 0.0000000000
17532  -43.389  -64.785  16.308 0.0000000000
17533  -44.311  -64.928  16.043 0.0000000000
17534  -45.278  -64.937  15.754 0.0000000000
17535  -46.244  -64.911  15.519 0.0000000000
17548  -42.716  -64.372  15.641 0.0000000000
17549  -43.655  -64.631  15.488 0.0000000000
17550  -44.564  -64.735  15.227 0.0000000000
17551  -45.659  -64.786  14.850 0.0000000000
17552  -47.062  -64.893  14.839 0.0000000000
17553  -48.239  -64.972  14.391 0.0000000000
17560  -43.300  -64.351  14.219 0.0000000000
17561  -43.910  -64.534  14.733 0.0000000000
17562  -44.746  -64.625  14.440 0.0000000000
17563  -46.447  -64.828  14.126 0.0000000000
17564  -47.416  -64.958  14.087 0.0000000000
17572  -39.647  -64.365  13.510 0.0000000000
17573  -40.628  -64.315  13.526 0.0000000000
17574  -41.523  -64.295  13.550 0.0000000000
17575  -43.034  -64.459  13.627 0.0000000000
17576  -43.840  -64.597  13.604 0.0000000000
17577  -44.855  -64.707  13.649 0.0000000000
17578  -46.018  -64.886  13.539 0.0000000000
17579  -47.129  -65.054  13.544 0.0000000000
17585  -40.153  -64.872  12.933 0.0000000000
17586  -41.095  -64.820  12.983 0.0000000000
17587  -41.983  -64.763  13.054 0.0000000000
17588  -43.399  -64.829  13.089 0.0000000000
17589  -44.367  -64.934  13.023 0.0000000000
18416  -41.066  -64.105  17.216 0.0000000000
18429  -40.489  -63.732  16.916 0.0000000000
18430  -41.179  -63.918  16.478 0.0000000000
18431  -41.901  -64.175  16.105 0.0000000000
18445  -39.430  -63.466  15.665 0.0000000000
18446  -41.327  -63.786  15.667 0.0000000000
18447  -41.982  -63.977  15.365 0.0000000000
18455  -38.652  -63.589  14.853 0.0000000000
18456  -39.742  -63.606  14.780 0.0000000000
18457  -40.624  -63.631  14.711 0.0000000000
18458  -41.486  -63.748  14.813 0.0000000000
18459  -42.458  -64.092  14.690 0.0000000000
18468  -39.188  -63.917  14.137 0.0000000000
18469  -40.180  -63.866  14.109 0.0000000000
18470  -41.096  -63.848  14.103 0.0000000000
18471  -41.960  -63.929  14.091 0.0000000000
112831  -43.413  -76.304  22.643 0.0000000000
112880  -38.475  -77.945  2.952 0.0000000000
112955  -36.701  -79.139  18.192 0.0000000000
112988  -35.049  -79.168  28.517 0.0000000000
113026  -39.304  -76.323  25.894 0.0000000000
113341  -42.725  -74.727  25.803 0.0000000000
113348  -33.078  -81.040  27.086 0.0000000000
113414  -44.314  -70.290  10.401 0.0000000000
113422  -31.435  -78.074  26.234 0.0000000000
113493  -36.711  -71.010  19.154 0.0000000000
113528  -31.500  -83.941  15.786 0.0000000000
113672  -34.512  -73.659  17.090 0.0000000000
113681  -33.892  -79.748  26.786 0.0000000000
113858  -32.054  -79.772  26.740 0.0000000000
113878  -33.041  -79.130  26.852 0.0000000000
113927  -32.623  -82.808  29.271 0.0000000000
114033  -37.634  -71.133  20.293 0.0000000000
114075  -38.070  -77.729  1.386 0.0000000000
114242  -46.383  -70.276  17.547 0.0000000000
114369  -48.420  -71.559  28.566 0.0000000000
114408  -48.940  -68.534  20.835 0.0000000000
114432  -29.359  -82.978  30.151 0.0000000000
114474  -42.437  -74.362  6.128 0.0000000000
114558  -29.147  -82.542  30.868 0.0000000000
114742  -46.743  -71.233  17.524 0.0000000000
114876  -30.054  -79.811  26.314 0.0000000000
114921  -48.243  -64.956  16.624 0.0000000000
114994  -29.438  -80.346  27.888 0.0000000000
115028  -31.832  -78.929  26.548 0.0000000000
115029  -40.874  -75.201  13.222 0.0000000000
115035  -34.871  -76.593  16.378 0.0000000000
115051  -48.659  -68.964  17.971 0.0000000000
115089  -34.735  -80.281  26.465 0.0000000000
115268  -35.718  -83.421  5.066 0.0000000000
115325  -39.014  -78.162  2.880 0.0000000000
115353  -34.532  -79.272  26.387 0.0000000000
115417  -26.034  -89.435  23.247 0.0000000000
115428  -29.821  -87.293  22.621 0.0000000000
115466  -36.535  -80.025  18.412 0.0000000000
115495  -38.221  -76.361  24.236 0.0000000000
115572  -48.442  -70.454  19.452 0.0000000000
115640  -35.718  -76.132  18.654 0.0000000000
115717  -36.258  -78.266  9.990 0.0000000000
115718  -34.837  -77.465  9.562 0.0000000000
115815  -34.203  -82.937  9.034 0.0000000000
115839  -45.790  -71.603  23.827 0.0000000000
115861  -31.054  -83.146  10.102 0.0000000000
115941  -43.187  -75.243  28.084 0.0000000000
116029  -31.224  -83.194  21.548 0.0000000000
116489  -48.386  -71.408  26.723 0.0000000000
116673  -49.902  -69.930  26.054 0.0000000000
116801  -43.565  -71.859  12.494 0.0000000000
116840  -35.896  -79.294  28.396 0.0000000000
117043  -34.601  -77.129  25.554 0.0000000000
117077  -44.713  -75.530  21.510 0.0000000000
117202  -25.116  -86.475  14.710 0.0000000000
117233  -48.815  -66.507  13.584 0.0000000000
117279  -44.647  -76.156  21.213 0.0000000000
117320  -35.033  -82.806  8.555 0.0000000000
117357  -39.094  -78.372  27.883 0.0000000000
117589  -47.556  -71.455  19.451 0.0000000000
117653  -46.296  -70.467  10.806 0.0000000000
117655  -36.246  -77.838  28.411 0.0000000000
117664  -35.509  -81.765  5.190 0.0000000000
117701  -29.901  -85.351  21.762 0.0000000000
117811  -41.093  -71.616  11.578 0.0000000000
117909  -31.629  -86.577  8.868 0.0000000000
118271  -36.250  -82.876  26.408 0.0000000000
118437  -23.466  -89.572  19.579 0.0000000000
118527  -38.544  -79.311  24.637 0.0000000000
118588  -39.695  -72.517  20.098 0.0000000000
118665  -48.719  -67.896  17.860 0.0000000000
118843  -30.307  -86.337  19.029 0.0000000000
118886  -37.143  -74.237  23.320 0.0000000000
118913  -48.115  -71.034  19.114 0.0000000000
118932  -35.624  -75.720  13.588 0.0000000000
119058  -42.354  -75.304  9.830 0.0000000000
119153  -32.816  -83.480  21.284 0.0000000000
119172  -48.818  -68.111  23.245 0.0000000000
119249  -48.482  -70.548  30.441 0.0000000000
119277  -47.992  -71.477  26.031 0.0000000000
119335  -44.710  -76.004  20.129 0.0000000000
119491  -24.612  -89.779  10.910 0.0000000000
119603  -37.014  -77.999  10.033 0.0000000000
119768  -34.395  -73.785  16.315 0.0000000000
119799  -34.614  -74.154  21.926 0.0000000000
119891  -29.874  -82.057  10.259 0.0000000000
119914  -37.249  -74.778  6.495 0.0000000000
119935  -45.381  -74.156  11.208 0.0000000000
120113  -41.230  -77.199  7.564 0.0000000000
120333  -28.628  -88.062  18.412 0.0000000000
120552  -35.761  -80.123  16.362 0.0000000000
120588  -23.850  -86.130  15.589 0.0000000000
120593  -44.270  -69.291  10.433 0.0000000000
120630  -30.511  -81.800  9.375 0.0000000000
120650  -35.045  -83.902  5.227 0.0000000000
120753  -33.282  -83.817  17.275 0.0000000000
120784  -29.474  -80.379  28.706 0.0000000000
120806  -48.514  -68.312  17.674 0.0000000000
120842  -29.554  -84.303  30.287 0.0000000000
121036  -33.373  -77.811  15.607 0.0000000000
121131  -44.767  -76.151  28.836 0.0000000000
121248  -35.033  -83.041  28.164 0.0000000000
121331  -41.751  -74.664  20.486 0.0000000000
121348  -33.234  -80.268  6.527 0.0000000000
121392  -34.765  -80.082  16.404 0.0000000000
121424  -27.877  -88.148  14.462 0.0000000000
121506  -31.393  -85.019  14.376 0.0000000000
121611  -34.895  -81.553  16.761 0.0000000000
121622  -31.265  -85.874  15.315 0.0000000000
121632  -49.730  -70.716  27.966 0.0000000000
121673  -47.486  -67.919  13.397 0.0000000000
121752  -40.993  -73.257  23.942 0.0000000000
121890  -35.016  -83.913  7.889 0.0000000000
121910  -45.523  -64.695  14.095 0.0000000000
121918  -44.865  -75.961  22.511 0.0000000000
121966  -35.562  -78.605  16.291 0.0000000000
121971  -31.542  -85.955  9.452 0.0000000000
122045  -28.468  -88.044  14.640 0.0000000000
122100  -40.208  -76.503  3.653 0.0000000000
122205  -27.023  -89.509  21.015 0.0000000000
122241  -45.574  -74.631  30.467 0.0000000000
122304  -46.416  -72.594  31.425 0.0000000000
122494  -25.491  -86.801  9.505 0.0000000000
122653  -40.856  -63.604  15.281 0.0000000000
122785  -42.321  -64.344  13.600 0.0000000000
123126  -42.270  -70.321  12.822 0.0000000000
123154  -35.003  -81.333  5.534 0.0000000000
123201  -32.136  -83.822  21.560 0.0000000000
123350  -43.159  -77.950  17.046 0.0000000000
123568  -35.157  -84.379  19.819 0.0000000000
123594  -44.636  -73.739  22.901 0.0000000000
123651  -46.536  -67.337  16.353 0.0000000000
123714  -43.546  -71.525  9.779 0.0000000000
123805  -37.341  -78.081  28.391 0.0000000000
123945  -41.620  -74.788  19.630 0.0000000000
124031  -45.695  -69.087  17.688 0.0000000000
124139  -45.146  -76.355  26.172 0.0000000000
124196  -50.335  -68.914  29.815 0.0000000000
124529  -27.991  -87.564  10.936 0.0000000000
124547  -24.848  -87.865  9.251 0.0000000000
124638  -43.010  -74.922  25.123 0.0000000000
124740  -39.385  -77.679  6.611 0.0000000000
124760  -37.054  -76.607  13.299 0.0000000000
124796  -49.172  -65.644  16.277 0.0000000000
124927  -38.873  -76.132  28.190 0.0000000000
125041  -32.995  -84.245  28.670 0.0000000000
125051  -31.160  -80.717  7.735 0.0000000000
125092  -27.138  -89.389  20.263 0.0000000000
125141  -39.733  -76.107  28.016 0.0000000000
125180  -33.841  -84.316  17.913 0.0000000000
125430  -33.774  -78.640  11.944 0.0000000000
125548  -38.024  -81.267  27.217 0.0000000000
125660  -48.645  -71.046  30.409 0.0000000000
125689  -31.936  -84.675  27.525 0.0000000000
125788  -44.826  -76.598  23.866 0.0000000000
125954  -47.075  -71.515  24.905 0.0000000000
125956  -34.875  -75.752  16.706 0.0000000000
125961  -35.417  -73.931  22.085 0.0000000000
126013  -45.073  -71.931  24.439 0.0000000000
126031  -46.862  -64.998  16.858 0.0000000000
126111  -39.988  -75.279  28.121 0.0000000000
126169  -31.398  -83.798  10.172 0.0000000000
126172  -31.157  -85.955  14.476 0.0000000000
126193  -35.963  -77.976  16.478 0.0000000000
126360  -38.994  -75.675  25.329 0.0000000000
126363  -37.783  -74.046  23.799 0.0000000000
126386  -38.389  -78.259  28.260 0.0000000000
126448  -45.552  -74.906  27.114 0.0000000000
126492  -35.176  -71.332  20.051 0.0000000000
126578  -29.801  -86.649  17.650 0.0000000000
126651  -38.221  -79.558  24.164 0.0000000000
126657  -29.115  -87.786  14.789 0.0000000000
126680  -27.136  -88.455  10.465 0.0000000000
126694  -44.880  -66.058  11.984 0.0000000000
126870  -24.671  -89.458  18.752 0.0000000000
126899  -46.732  -67.066  21.074 0.0000000000
126944  -26.416  -87.542  15.483 0.0000000000
126973  -30.288  -86.905  13.037 0.0000000000
127170  -43.359  -74.359  11.164 0.0000000000
127245  -48.274  -67.375  16.988 0.0000000000
127250  -49.273  -71.010  26.622 0.0000000000
127353  -30.445  -84.729  28.874 0.0000000000
127383  -38.135  -71.721  22.578 0.0000000000
127435  -35.268  -74.279  19.071 0.0000000000
127441  -26.059  -89.134  12.143 0.0000000000
127509  -37.924  -81.157  24.913 0.0000000000
127544  -37.800  -79.117  11.028 0.0000000000
127593  -29.530  -87.772  22.536 0.0000000000
127737  -30.318  -87.120  13.675 0.0000000000
128111  -29.364  -79.850  28.177 0.0000000000
128147  -33.200  -77.961  3.143 0.0000000000
128178  -44.678  -76.262  21.986 0.0000000000
128415  -42.635  -71.542  12.367 0.0000000000
128474  -29.427  -80.298  30.471 0.0000000000
128673  -45.084  -76.251  28.208 0.0000000000
128936  -31.453  -81.205  26.872 0.0000000000
129110  -49.777  -69.050  30.232 0.0000000000
129594  -35.592  -74.980  18.928 0.0000000000
129713  -48.500  -67.007  12.886 0.0000000000
129787  -36.427  -82.987  27.487 0.0000000000
129934  -43.211  -76.675  21.732 0.0000000000
130014  -31.611  -84.445  10.128 0.0000000000
130046  -36.274  -70.761  19.700 0.0000000000
130077  -44.408  -76.944  19.737 0.0000000000
130105  -44.600  -73.912  22.244 0.0000000000
130433  -25.957  -89.848  21.911 0.0000000000
130508  -30.493  -86.266  22.457 0.0000000000
130515  -42.620  -64.161  14.031 0.0000000000
130627  -29.293  -87.309  17.377 0.0000000000
130798  -42.932  -72.641  32.554 0.0000000000
130923  -31.996  -86.498  22.198 0.0000000000
131160  -40.253  -63.530  15.281 0.0000000000
131389  -40.492  -63.595  16.002 0.0000000000
131418  -35.333  -80.844  16.498 0.0000000000
131483  -36.997  -70.802  20.596 0.0000000000
131513  -42.922  -74.730  29.795 0.0000000000
131535  -41.690  -74.483  28.543 0.0000000000
131544  -49.034  -66.282  16.796 0.0000000000
131601  -31.121  -85.361  28.872 0.0000000000
131620  -33.897  -84.138  21.022 0.0000000000
131634  -45.064  -74.727  16.667 0.0000000000
131771  -43.641  -77.671  19.548 0.0000000000
131798  -34.443  -75.826  9.716 0.0000000000
131826  -48.825  -67.645  18.641 0.0000000000
131842  -44.977  -74.455  31.636 0.0000000000
131937  -34.952  -81.200  26.468 0.0000000000
132389  -42.141  -78.652  14.683 0.0000000000
132481  -48.089  -70.897  19.771 0.0000000000
132488  -35.771  -77.620  24.064 0.0000000000
132574  -30.034  -86.765  22.635 0.0000000000
132608  -48.824  -65.985  17.655 0.0000000000
132772  -26.831  -88.747  17.406 0.0000000000
132915  -43.731  -75.193  15.396 0.0000000000
132928  -40.743  -76.481  5.150 0.0000000000
132942  -42.539  -69.627  13.235 0.0000000000
133058  -34.175  -80.162  2.156 0.0000000000
133085  -43.814  -77.443  16.742 0.0000000000
133114  -49.506  -68.952  22.897 0.0000000000
133254  -42.692  -64.700  13.195 0.0000000000
133267  -49.220  -70.279  23.189 0.0000000000
133307  -32.928  -77.101  9.783 0.0000000000
133334  -33.715  -80.137  3.962 0.0000000000
133384  -47.487  -68.123  17.486 0.0000000000
133430  -38.972  -76.924  25.522 0.0000000000
133482  -31.047  -83.360  27.465 0.0000000000
133650  -35.280  -81.459  1.359 0.0000000000
133741  -45.823  -65.142  17.007 0.0000000000
133806  -50.394  -68.144  29.651 0.0000000000
133810  -35.826  -70.809  20.515 0.0000000000
133879  -36.710  -76.986  3.108 0.0000000000
133881  -33.965  -84.692  8.576 0.0000000000
134005  -37.029  -80.607  17.025 0.0000000000
134069  -42.166  -76.396  8.859 0.0000000000
134177  -36.006  -83.201  5.832 0.0000000000
134214  -46.822  -71.773  11.809 0.0000000000
134224  -49.096  -71.063  25.265 0.0000000000
134247  -43.424  -76.042  23.186 0.0000000000
134316  -47.946  -68.874  17.613 0.0000000000
134456  -36.385  -77.457  1.012 0.0000000000
134460  -33.474  -78.265  10.256 0.0000000000
134517  -43.195  -64.377  14.944 0.0000000000
134570  -44.122  -64.508  14.101 0.0000000000
134927  -28.499  -87.971  15.306 0.0000000000
134957  -39.300  -77.815  2.844 0.0000000000
135023  -40.689  -73.638  19.551 0.0000000000
135182  -45.796  -72.784  12.324 0.0000000000
135259  -43.993  -77.556  20.119 0.0000000000
135287  -34.861  -74.989  22.887 0.0000000000
135310  -29.894  -81.362  27.468 0.0000000000
135478  -37.739  -74.426  6.879 0.0000000000
135525  -33.494  -77.747  2.851 0.0000000000
135533  -33.833  -79.101  26.711 0.0000000000
135620  -30.865  -80.922  26.701 0.0000000000
135658  -44.037  -74.946  31.331 0.0000000000
135699  -38.647  -80.385  25.764 0.0000000000
136003  -37.710  -72.532  23.342 0.0000000000
136041  -38.977  -76.899  6.721 0.0000000000
136121  -29.737  -83.101  10.594 0.0000000000
136147  -30.525  -82.485  9.981 0.0000000000
136219  -42.801  -77.891  17.199 0.0000000000
136285  -38.479  -75.607  28.129 0.0000000000
136323  -28.353  -89.005  21.719 0.0000000000
136341  -35.459  -82.966  26.412 0.0000000000
136353  -27.246  -89.219  19.574 0.0000000000
