#!ascii label  , from subject sub-11 vox2ras=TkReg aparc.a2009s=S_occipital_ant
658
13118  -47.627  -69.105  26.317 0.0000000000
13129  -45.298  -69.171  24.852 0.0000000000
13130  -46.396  -69.205  25.272 0.0000000000
13131  -47.244  -69.213  25.679 0.0000000000
13132  -48.300  -69.247  25.662 0.0000000000
13142  -44.399  -69.098  24.274 0.0000000000
13143  -45.253  -69.230  24.050 0.0000000000
13144  -47.577  -69.157  24.967 0.0000000000
13145  -48.681  -68.634  24.339 0.0000000000
13152  -43.869  -69.012  23.751 0.0000000000
13153  -44.547  -69.131  23.684 0.0000000000
13154  -46.118  -68.935  23.805 0.0000000000
13155  -47.334  -68.771  24.166 0.0000000000
13158  -44.170  -68.983  23.128 0.0000000000
13159  -45.156  -68.943  23.277 0.0000000000
13980  -45.716  -68.845  25.570 0.0000000000
13981  -46.977  -68.519  26.517 0.0000000000
13982  -48.234  -68.792  27.065 0.0000000000
13990  -44.236  -68.367  25.138 0.0000000000
13991  -44.916  -68.682  25.301 0.0000000000
13992  -46.602  -68.981  25.985 0.0000000000
14001  -42.097  -68.041  23.933 0.0000000000
14002  -42.929  -68.248  24.400 0.0000000000
14003  -43.793  -68.652  24.529 0.0000000000
14004  -44.502  -68.841  24.839 0.0000000000
14009  -42.027  -68.223  23.399 0.0000000000
14010  -42.607  -68.472  23.688 0.0000000000
14011  -43.303  -68.771  24.006 0.0000000000
14012  -46.058  -68.575  23.184 0.0000000000
14013  -47.037  -68.422  23.438 0.0000000000
14017  -41.744  -68.215  23.022 0.0000000000
14018  -42.335  -68.513  23.028 0.0000000000
14019  -43.238  -68.798  23.194 0.0000000000
14020  -44.638  -68.595  22.522 0.0000000000
14021  -45.593  -68.385  22.613 0.0000000000
14022  -46.590  -68.126  22.758 0.0000000000
14033  -41.959  -68.191  22.442 0.0000000000
14034  -42.966  -68.431  22.268 0.0000000000
14035  -44.067  -68.193  21.910 0.0000000000
14036  -45.199  -67.955  21.836 0.0000000000
14831  -48.507  -68.267  27.469 0.0000000000
14832  -49.424  -67.889  28.040 0.0000000000
14846  -45.916  -67.828  26.228 0.0000000000
14847  -46.720  -67.641  26.636 0.0000000000
14848  -47.642  -68.086  27.162 0.0000000000
14857  -43.852  -67.789  25.198 0.0000000000
14858  -44.526  -67.640  25.542 0.0000000000
14859  -45.265  -68.211  25.783 0.0000000000
14868  -41.602  -67.469  24.007 0.0000000000
14869  -42.388  -67.501  24.513 0.0000000000
14870  -43.208  -67.577  24.943 0.0000000000
14872  -40.756  -67.465  22.937 0.0000000000
14873  -41.459  -67.845  23.356 0.0000000000
14875  -41.278  -67.875  22.701 0.0000000000
14876  -46.101  -67.908  22.181 0.0000000000
14888  -40.702  -67.438  22.226 0.0000000000
14889  -41.437  -67.756  21.894 0.0000000000
14890  -42.379  -67.888  21.607 0.0000000000
14891  -43.434  -67.856  21.332 0.0000000000
14892  -44.477  -67.726  21.192 0.0000000000
14905  -41.851  -67.344  21.069 0.0000000000
14906  -42.861  -67.399  20.781 0.0000000000
14907  -43.898  -67.391  20.597 0.0000000000
14908  -44.907  -67.314  20.583 0.0000000000
15645  -48.411  -67.634  27.512 0.0000000000
15646  -49.265  -66.773  27.668 0.0000000000
15647  -50.695  -66.229  28.301 0.0000000000
15661  -46.072  -66.921  26.297 0.0000000000
15662  -46.827  -66.669  26.588 0.0000000000
15663  -47.727  -66.951  27.149 0.0000000000
15664  -48.683  -65.935  27.012 0.0000000000
15674  -43.847  -66.954  25.324 0.0000000000
15675  -44.683  -66.486  25.644 0.0000000000
15676  -45.555  -66.129  25.969 0.0000000000
15684  -40.728  -66.518  23.751 0.0000000000
15685  -41.254  -66.864  24.062 0.0000000000
15686  -41.945  -66.671  24.504 0.0000000000
15687  -42.941  -66.455  25.033 0.0000000000
15692  -39.679  -66.404  22.530 0.0000000000
15693  -40.317  -66.904  23.104 0.0000000000
15694  -40.955  -67.267  23.514 0.0000000000
15695  -40.264  -67.040  22.538 0.0000000000
15705  -39.299  -66.171  21.762 0.0000000000
15706  -40.881  -67.232  21.379 0.0000000000
15715  -39.710  -66.318  21.198 0.0000000000
15716  -40.418  -66.613  20.897 0.0000000000
15717  -42.316  -66.929  20.245 0.0000000000
15718  -43.317  -67.015  20.030 0.0000000000
15719  -44.367  -67.005  19.961 0.0000000000
15727  -41.795  -66.357  19.767 0.0000000000
15728  -42.751  -66.467  19.576 0.0000000000
15729  -43.757  -66.538  19.471 0.0000000000
16533  -50.069  -65.668  27.298 0.0000000000
16534  -50.674  -65.425  27.689 0.0000000000
16543  -46.484  -65.939  26.244 0.0000000000
16544  -47.490  -65.928  26.580 0.0000000000
16545  -48.469  -65.137  26.355 0.0000000000
16546  -49.611  -65.190  26.677 0.0000000000
16547  -50.517  -64.802  26.895 0.0000000000
16558  -43.999  -65.806  25.352 0.0000000000
16559  -45.065  -65.250  25.574 0.0000000000
16560  -46.160  -65.100  25.822 0.0000000000
16561  -47.256  -65.051  26.076 0.0000000000
16571  -41.440  -66.014  24.295 0.0000000000
16572  -42.338  -65.575  24.669 0.0000000000
16573  -43.302  -65.127  25.051 0.0000000000
16574  -44.308  -64.703  25.241 0.0000000000
16581  -39.431  -65.465  22.976 0.0000000000
16582  -40.080  -66.062  23.369 0.0000000000
16583  -40.837  -65.525  23.992 0.0000000000
16585  -38.505  -65.011  21.945 0.0000000000
16586  -38.993  -65.640  22.248 0.0000000000
16595  -38.845  -65.571  21.688 0.0000000000
16606  -38.579  -65.080  21.265 0.0000000000
16607  -39.162  -65.721  20.973 0.0000000000
16608  -39.967  -66.024  20.437 0.0000000000
16609  -40.831  -66.242  20.048 0.0000000000
16615  -39.572  -65.362  20.029 0.0000000000
16616  -40.417  -65.557  19.631 0.0000000000
16617  -41.310  -65.705  19.325 0.0000000000
16618  -42.227  -65.856  19.146 0.0000000000
16619  -43.155  -66.033  18.999 0.0000000000
16633  -41.725  -65.277  18.680 0.0000000000
16634  -42.588  -65.497  18.540 0.0000000000
17404  -50.670  -65.180  27.770 0.0000000000
17413  -50.592  -64.400  27.275 0.0000000000
17424  -49.757  -64.360  26.172 0.0000000000
17425  -50.559  -64.010  26.578 0.0000000000
17426  -50.633  -64.574  27.131 0.0000000000
17431  -45.132  -64.333  25.281 0.0000000000
17432  -45.911  -64.351  25.421 0.0000000000
17433  -47.094  -64.168  25.490 0.0000000000
17434  -48.367  -64.332  25.753 0.0000000000
17435  -50.174  -63.451  25.938 0.0000000000
17445  -41.720  -64.981  24.337 0.0000000000
17446  -42.729  -64.378  24.545 0.0000000000
17447  -43.749  -64.151  24.839 0.0000000000
17448  -45.720  -63.726  25.100 0.0000000000
17449  -46.498  -63.702  25.206 0.0000000000
17460  -39.449  -64.620  23.186 0.0000000000
17461  -40.213  -64.909  23.636 0.0000000000
17462  -41.125  -64.631  24.019 0.0000000000
17463  -41.865  -63.946  24.085 0.0000000000
17468  -37.821  -63.719  21.667 0.0000000000
17469  -38.212  -64.218  22.132 0.0000000000
17470  -38.803  -64.704  22.603 0.0000000000
17475  -38.195  -64.434  21.499 0.0000000000
17486  -38.839  -64.971  20.431 0.0000000000
17495  -39.306  -64.656  19.557 0.0000000000
17496  -40.781  -65.017  18.854 0.0000000000
17502  -39.951  -64.421  18.744 0.0000000000
17503  -40.646  -64.475  18.314 0.0000000000
17504  -41.305  -64.704  18.238 0.0000000000
17515  -40.888  -64.291  17.812 0.0000000000
18308  -50.472  -63.586  26.810 0.0000000000
18309  -50.617  -63.961  26.790 0.0000000000
18318  -50.389  -63.385  26.418 0.0000000000
18323  -48.379  -63.529  25.286 0.0000000000
18324  -49.446  -63.000  25.333 0.0000000000
18325  -50.070  -62.516  25.805 0.0000000000
18334  -43.365  -63.658  24.471 0.0000000000
18335  -44.102  -63.389  24.534 0.0000000000
18336  -45.598  -63.172  24.711 0.0000000000
18337  -47.396  -63.288  25.058 0.0000000000
18338  -48.474  -62.740  24.921 0.0000000000
18339  -49.336  -62.236  25.103 0.0000000000
18349  -39.128  -63.906  23.052 0.0000000000
18350  -39.987  -63.965  23.456 0.0000000000
18351  -42.763  -63.420  24.146 0.0000000000
18352  -43.538  -62.998  24.157 0.0000000000
18353  -44.395  -62.610  24.146 0.0000000000
18361  -37.565  -62.916  21.924 0.0000000000
18362  -37.979  -63.488  22.215 0.0000000000
18363  -38.473  -63.712  22.569 0.0000000000
18367  -37.393  -63.201  21.051 0.0000000000
18378  -37.692  -63.442  19.983 0.0000000000
18390  -37.952  -63.281  19.030 0.0000000000
18391  -38.417  -64.224  19.988 0.0000000000
18392  -39.063  -64.026  19.069 0.0000000000
18401  -38.220  -63.311  18.404 0.0000000000
18402  -38.856  -63.452  17.933 0.0000000000
18403  -39.483  -63.818  18.333 0.0000000000
18404  -40.241  -64.057  18.040 0.0000000000
18413  -39.086  -63.456  17.193 0.0000000000
18414  -39.807  -63.668  17.528 0.0000000000
18415  -40.506  -63.950  17.504 0.0000000000
18427  -38.621  -63.366  16.453 0.0000000000
18428  -39.698  -63.507  16.645 0.0000000000
18443  -37.675  -63.176  15.940 0.0000000000
18444  -37.720  -63.370  15.171 0.0000000000
18454  -37.002  -63.216  14.644 0.0000000000
19136  -49.898  -62.292  26.315 0.0000000000
19137  -50.259  -62.809  26.273 0.0000000000
19151  -49.715  -61.698  26.015 0.0000000000
19152  -49.981  -62.117  25.976 0.0000000000
19168  -45.367  -62.569  24.329 0.0000000000
19169  -46.346  -62.552  24.497 0.0000000000
19181  -39.370  -62.444  23.086 0.0000000000
19182  -40.705  -63.146  23.508 0.0000000000
19183  -41.608  -62.697  23.475 0.0000000000
19184  -42.977  -62.604  23.663 0.0000000000
19185  -44.256  -61.966  23.538 0.0000000000
19186  -45.038  -62.001  23.842 0.0000000000
19187  -45.956  -61.962  24.089 0.0000000000
19188  -47.098  -61.816  24.300 0.0000000000
19200  -37.534  -62.017  22.178 0.0000000000
19201  -38.111  -62.781  22.508 0.0000000000
19202  -38.826  -63.087  22.931 0.0000000000
19203  -41.856  -61.900  23.078 0.0000000000
19204  -42.772  -61.930  23.164 0.0000000000
19205  -43.527  -61.940  23.306 0.0000000000
19210  -36.627  -61.921  20.504 0.0000000000
19211  -37.023  -62.207  21.338 0.0000000000
19221  -37.052  -62.661  20.332 0.0000000000
19236  -36.669  -62.193  19.752 0.0000000000
19247  -36.727  -62.295  18.904 0.0000000000
19248  -37.502  -62.861  18.468 0.0000000000
19249  -38.081  -63.182  17.952 0.0000000000
19255  -36.738  -62.349  17.997 0.0000000000
19256  -37.484  -62.863  17.591 0.0000000000
19257  -38.300  -63.270  17.325 0.0000000000
19270  -36.702  -62.404  17.002 0.0000000000
19271  -37.588  -63.028  16.767 0.0000000000
19281  -36.438  -62.331  15.574 0.0000000000
19282  -36.961  -62.960  15.396 0.0000000000
19287  -36.501  -62.539  14.767 0.0000000000
19928  -49.092  -61.180  26.151 0.0000000000
19929  -49.457  -61.419  25.868 0.0000000000
19936  -49.774  -61.861  25.808 0.0000000000
19942  -47.855  -61.315  24.387 0.0000000000
19943  -48.535  -61.112  24.689 0.0000000000
19944  -49.176  -61.558  24.987 0.0000000000
19945  -49.628  -61.907  25.434 0.0000000000
19956  -40.055  -61.886  23.083 0.0000000000
19957  -40.913  -62.258  23.250 0.0000000000
19958  -46.272  -61.338  23.852 0.0000000000
19959  -47.090  -61.063  24.077 0.0000000000
19973  -37.694  -61.113  22.288 0.0000000000
19974  -38.189  -61.788  22.618 0.0000000000
19975  -39.107  -61.552  22.890 0.0000000000
19976  -40.921  -61.364  22.866 0.0000000000
19977  -42.517  -61.352  22.688 0.0000000000
19978  -43.325  -61.407  22.750 0.0000000000
19979  -44.817  -61.441  23.321 0.0000000000
19980  -45.506  -60.931  23.322 0.0000000000
19981  -46.367  -60.820  23.680 0.0000000000
19986  -36.591  -61.367  21.037 0.0000000000
19987  -37.090  -61.288  21.731 0.0000000000
19998  -35.937  -61.072  19.883 0.0000000000
19999  -36.343  -61.359  20.407 0.0000000000
20013  -36.230  -61.689  19.338 0.0000000000
20021  -35.694  -61.117  18.996 0.0000000000
20022  -36.156  -61.741  18.478 0.0000000000
20031  -35.609  -61.132  18.091 0.0000000000
20032  -36.095  -61.769  17.562 0.0000000000
20045  -35.591  -61.118  17.175 0.0000000000
20046  -36.021  -61.703  15.857 0.0000000000
20059  -35.742  -61.066  15.408 0.0000000000
20060  -36.111  -61.786  15.033 0.0000000000
20066  -35.923  -61.139  14.571 0.0000000000
20067  -36.209  -61.975  14.075 0.0000000000
20070  -36.287  -61.545  13.148 0.0000000000
20769  -48.863  -60.807  25.922 0.0000000000
20773  -48.453  -60.478  25.622 0.0000000000
20774  -49.096  -61.026  25.650 0.0000000000
20779  -48.310  -60.466  24.972 0.0000000000
20780  -48.946  -60.966  25.194 0.0000000000
20781  -49.396  -61.456  25.506 0.0000000000
20788  -46.875  -60.362  24.005 0.0000000000
20789  -47.799  -60.694  24.435 0.0000000000
20801  -37.964  -60.306  22.242 0.0000000000
20802  -38.432  -60.881  22.584 0.0000000000
20803  -39.339  -60.477  22.623 0.0000000000
20804  -40.393  -60.512  22.568 0.0000000000
20805  -41.340  -60.615  22.444 0.0000000000
20806  -42.212  -60.754  22.309 0.0000000000
20807  -43.038  -60.893  22.240 0.0000000000
20808  -45.106  -60.368  22.744 0.0000000000
20809  -45.941  -60.373  23.377 0.0000000000
20820  -36.690  -60.584  21.273 0.0000000000
20821  -37.330  -60.459  21.828 0.0000000000
20822  -41.818  -60.114  21.971 0.0000000000
20823  -42.691  -60.378  21.794 0.0000000000
20824  -43.509  -60.522  21.670 0.0000000000
20825  -44.456  -60.144  21.344 0.0000000000
20842  -36.243  -60.768  20.593 0.0000000000
20843  -43.167  -60.121  21.200 0.0000000000
20844  -43.826  -60.341  21.071 0.0000000000
20845  -44.289  -60.174  20.660 0.0000000000
20860  -35.521  -60.375  19.444 0.0000000000
20867  -35.294  -60.426  18.600 0.0000000000
20882  -35.200  -60.439  17.706 0.0000000000
20903  -35.273  -60.397  16.787 0.0000000000
20918  -35.423  -60.328  15.875 0.0000000000
20923  -35.670  -60.226  14.911 0.0000000000
20924  -36.021  -60.441  14.082 0.0000000000
20926  -36.311  -60.611  13.358 0.0000000000
20939  -36.531  -60.818  12.727 0.0000000000
20940  -37.473  -59.780  12.211 0.0000000000
20953  -37.664  -60.301  11.593 0.0000000000
20954  -38.459  -60.100  11.240 0.0000000000
20955  -39.264  -59.943  11.002 0.0000000000
20962  -37.900  -60.723  10.892 0.0000000000
20963  -39.602  -60.381  10.524 0.0000000000
20964  -40.507  -60.398  10.388 0.0000000000
21572  -47.626  -59.879  25.892 0.0000000000
21574  -47.081  -59.501  24.969 0.0000000000
21575  -47.774  -59.932  25.342 0.0000000000
21577  -45.909  -59.545  23.648 0.0000000000
21578  -46.717  -59.761  24.225 0.0000000000
21579  -47.554  -60.058  24.656 0.0000000000
21589  -38.359  -59.613  22.062 0.0000000000
21590  -39.098  -59.608  22.263 0.0000000000
21591  -39.956  -59.729  22.278 0.0000000000
21592  -40.895  -59.876  22.163 0.0000000000
21593  -44.811  -59.524  22.276 0.0000000000
21594  -45.433  -59.893  22.972 0.0000000000
21595  -46.237  -59.978  23.616 0.0000000000
21605  -36.990  -59.805  21.373 0.0000000000
21606  -38.059  -59.047  21.601 0.0000000000
21607  -38.823  -58.988  21.798 0.0000000000
21608  -39.624  -59.026  21.868 0.0000000000
21609  -40.490  -59.162  21.788 0.0000000000
21610  -41.394  -59.399  21.602 0.0000000000
21611  -42.310  -59.738  21.384 0.0000000000
21612  -44.724  -59.814  21.404 0.0000000000
21613  -44.784  -60.016  22.127 0.0000000000
21626  -36.282  -59.855  20.678 0.0000000000
21627  -36.858  -59.088  20.896 0.0000000000
21628  -43.633  -60.030  20.569 0.0000000000
21629  -44.683  -60.010  20.619 0.0000000000
21630  -45.141  -59.959  19.987 0.0000000000
21636  -35.332  -59.083  19.227 0.0000000000
21637  -43.218  -59.348  19.923 0.0000000000
21638  -44.053  -60.011  19.840 0.0000000000
21639  -44.810  -60.166  19.773 0.0000000000
21649  -34.742  -58.994  17.848 0.0000000000
21650  -35.004  -59.037  18.623 0.0000000000
21651  -44.291  -59.774  18.765 0.0000000000
21669  -34.884  -59.702  17.338 0.0000000000
21690  -34.708  -58.918  16.984 0.0000000000
21691  -35.038  -59.618  16.426 0.0000000000
21706  -35.323  -59.451  15.548 0.0000000000
21715  -35.677  -59.213  14.729 0.0000000000
21716  -36.152  -59.002  14.020 0.0000000000
21718  -36.407  -59.681  13.505 0.0000000000
21719  -37.169  -59.195  12.753 0.0000000000
21732  -36.763  -60.074  12.762 0.0000000000
21733  -38.019  -59.098  12.172 0.0000000000
21743  -38.245  -59.611  11.726 0.0000000000
21744  -39.650  -59.395  11.282 0.0000000000
21745  -40.515  -59.312  11.106 0.0000000000
21746  -41.388  -59.280  10.913 0.0000000000
21747  -42.304  -59.235  10.797 0.0000000000
21756  -40.105  -59.857  10.829 0.0000000000
21757  -40.988  -59.864  10.696 0.0000000000
21758  -41.898  -59.891  10.597 0.0000000000
22385  -45.563  -58.623  24.845 0.0000000000
22386  -46.213  -59.225  24.472 0.0000000000
22389  -44.711  -58.167  24.278 0.0000000000
22396  -44.726  -58.805  22.668 0.0000000000
22403  -37.650  -58.550  20.943 0.0000000000
22404  -38.524  -58.447  21.220 0.0000000000
22405  -39.329  -58.432  21.347 0.0000000000
22406  -40.125  -58.506  21.359 0.0000000000
22407  -40.987  -58.665  21.195 0.0000000000
22408  -44.651  -58.819  21.594 0.0000000000
22414  -36.217  -58.933  20.221 0.0000000000
22415  -36.899  -58.359  20.334 0.0000000000
22416  -39.059  -57.908  20.563 0.0000000000
22417  -41.379  -58.327  20.309 0.0000000000
22418  -42.347  -58.688  20.083 0.0000000000
22419  -44.889  -59.561  20.720 0.0000000000
22420  -45.302  -59.005  20.067 0.0000000000
22424  -35.710  -58.702  19.588 0.0000000000
22425  -36.226  -58.113  19.707 0.0000000000
22426  -40.595  -58.127  18.111 0.0000000000
22427  -41.637  -58.269  18.999 0.0000000000
22428  -42.744  -58.707  19.105 0.0000000000
22429  -43.556  -59.343  19.145 0.0000000000
22430  -45.764  -58.388  19.613 0.0000000000
22443  -34.898  -58.312  18.275 0.0000000000
22444  -35.346  -58.368  18.986 0.0000000000
22445  -40.653  -58.160  17.074 0.0000000000
22446  -41.276  -58.380  17.522 0.0000000000
22447  -42.175  -58.545  18.106 0.0000000000
22448  -43.147  -58.905  18.005 0.0000000000
22466  -34.704  -58.207  17.506 0.0000000000
22467  -41.216  -58.290  16.711 0.0000000000
22468  -42.034  -58.586  16.844 0.0000000000
22482  -34.708  -58.105  16.683 0.0000000000
22483  -34.907  -58.775  16.129 0.0000000000
22484  -41.641  -58.194  16.265 0.0000000000
22500  -34.819  -58.022  15.985 0.0000000000
22501  -35.292  -58.420  15.324 0.0000000000
22507  -35.807  -58.332  14.466 0.0000000000
22508  -36.353  -58.203  13.817 0.0000000000
22511  -37.259  -58.393  12.895 0.0000000000
22525  -37.763  -58.642  12.487 0.0000000000
22526  -38.438  -58.457  12.155 0.0000000000
22527  -39.222  -58.187  11.804 0.0000000000
22538  -38.944  -59.002  11.724 0.0000000000
22539  -39.961  -58.699  11.477 0.0000000000
22540  -40.876  -58.694  11.238 0.0000000000
22541  -41.718  -58.582  11.028 0.0000000000
22542  -42.617  -58.428  10.917 0.0000000000
23258  -44.218  -57.511  24.819 0.0000000000
23260  -43.577  -56.812  24.275 0.0000000000
23264  -43.777  -57.195  22.805 0.0000000000
23265  -44.206  -57.931  22.364 0.0000000000
23274  -43.792  -57.041  22.015 0.0000000000
23275  -44.328  -57.631  21.416 0.0000000000
23279  -36.930  -57.775  19.803 0.0000000000
23280  -37.630  -57.865  20.116 0.0000000000
23281  -38.378  -57.637  19.907 0.0000000000
23282  -39.118  -57.576  19.394 0.0000000000
23283  -39.858  -57.776  20.033 0.0000000000
23284  -44.784  -58.251  20.657 0.0000000000
23285  -45.250  -57.733  20.136 0.0000000000
23290  -35.770  -57.620  19.043 0.0000000000
23291  -36.554  -57.368  19.273 0.0000000000
23292  -37.443  -57.276  19.344 0.0000000000
23293  -38.396  -57.216  18.923 0.0000000000
23294  -39.324  -57.395  18.144 0.0000000000
23295  -39.879  -57.764  18.718 0.0000000000
23310  -34.902  -57.575  17.931 0.0000000000
23311  -35.440  -57.018  18.279 0.0000000000
23312  -36.179  -56.824  18.663 0.0000000000
23313  -37.015  -56.677  18.792 0.0000000000
23314  -37.979  -56.730  18.610 0.0000000000
23315  -39.742  -57.178  17.379 0.0000000000
23316  -40.074  -57.778  17.564 0.0000000000
23336  -34.760  -57.409  17.159 0.0000000000
23337  -35.027  -56.951  17.565 0.0000000000
23338  -40.393  -57.715  16.902 0.0000000000
23339  -40.978  -58.052  16.522 0.0000000000
23355  -34.779  -57.338  16.348 0.0000000000
23373  -35.052  -57.485  15.608 0.0000000000
23378  -35.492  -57.570  14.891 0.0000000000
23379  -35.991  -57.475  14.178 0.0000000000
23385  -36.608  -57.443  13.548 0.0000000000
23386  -37.250  -57.617  12.986 0.0000000000
23400  -37.887  -57.985  12.545 0.0000000000
23401  -38.611  -57.655  12.155 0.0000000000
23402  -39.425  -57.252  11.755 0.0000000000
23408  -40.460  -57.321  11.480 0.0000000000
23409  -41.155  -57.941  11.290 0.0000000000
23410  -42.865  -57.499  11.013 0.0000000000
24100  -43.746  -57.169  26.263 0.0000000000
24103  -43.214  -56.281  25.875 0.0000000000
24104  -43.734  -56.941  25.343 0.0000000000
24107  -43.265  -56.275  24.778 0.0000000000
24110  -43.351  -55.927  23.184 0.0000000000
24117  -43.880  -56.110  21.894 0.0000000000
24128  -44.156  -56.813  21.433 0.0000000000
24129  -44.659  -57.019  20.766 0.0000000000
24136  -45.440  -56.695  20.359 0.0000000000
24137  -46.352  -56.412  20.181 0.0000000000
24146  -45.921  -57.325  19.798 0.0000000000
24160  -35.880  -56.350  18.158 0.0000000000
24161  -36.611  -56.020  18.179 0.0000000000
24162  -37.599  -56.100  18.294 0.0000000000
24163  -39.202  -56.388  17.933 0.0000000000
24164  -40.033  -56.575  17.486 0.0000000000
24183  -35.421  -56.368  17.602 0.0000000000
24184  -35.932  -55.759  17.675 0.0000000000
24185  -40.323  -57.128  16.931 0.0000000000
24186  -40.868  -57.539  16.609 0.0000000000
24201  -34.990  -56.491  16.752 0.0000000000
24202  -41.427  -57.966  16.181 0.0000000000
24213  -34.981  -56.700  15.879 0.0000000000
24218  -35.383  -56.163  15.302 0.0000000000
24219  -35.782  -55.889  14.535 0.0000000000
24224  -36.240  -56.505  13.883 0.0000000000
24225  -36.817  -55.715  13.403 0.0000000000
24237  -37.556  -56.048  12.755 0.0000000000
24238  -38.366  -56.187  12.283 0.0000000000
24239  -39.141  -56.303  11.825 0.0000000000
24244  -39.999  -56.436  11.582 0.0000000000
24245  -40.872  -56.403  11.388 0.0000000000
24246  -41.728  -56.172  11.259 0.0000000000
24247  -42.643  -55.892  11.330 0.0000000000
24985  -42.718  -54.706  25.346 0.0000000000
24988  -43.236  -55.228  23.577 0.0000000000
25000  -44.056  -55.240  22.160 0.0000000000
25011  -44.531  -55.620  21.494 0.0000000000
25012  -45.339  -55.339  21.236 0.0000000000
25013  -46.340  -55.043  21.219 0.0000000000
25021  -44.964  -56.078  20.870 0.0000000000
25022  -45.854  -55.809  20.674 0.0000000000
25023  -46.849  -55.625  20.583 0.0000000000
25044  -37.324  -55.336  17.997 0.0000000000
25045  -38.254  -55.558  18.222 0.0000000000
25069  -35.457  -55.733  17.059 0.0000000000
25070  -35.937  -55.147  17.131 0.0000000000
25071  -36.565  -55.215  17.587 0.0000000000
25081  -35.354  -55.675  16.355 0.0000000000
25082  -35.641  -55.244  16.618 0.0000000000
25092  -35.447  -55.518  15.694 0.0000000000
25096  -35.614  -55.458  15.061 0.0000000000
25097  -36.013  -55.026  14.511 0.0000000000
25103  -36.479  -55.071  13.839 0.0000000000
25104  -37.008  -54.836  13.400 0.0000000000
25114  -37.407  -55.311  12.984 0.0000000000
25115  -38.066  -55.358  12.536 0.0000000000
25116  -38.859  -55.446  12.020 0.0000000000
25126  -39.675  -55.601  11.689 0.0000000000
25127  -40.499  -55.666  11.518 0.0000000000
25128  -42.066  -55.201  11.559 0.0000000000
25129  -43.137  -55.055  11.827 0.0000000000
25808  -42.938  -53.973  25.169 0.0000000000
25816  -43.027  -54.581  24.404 0.0000000000
25823  -43.471  -54.448  23.675 0.0000000000
25824  -44.128  -54.143  23.179 0.0000000000
25825  -45.075  -53.984  22.927 0.0000000000
25842  -43.680  -54.848  22.899 0.0000000000
25843  -44.447  -54.564  22.469 0.0000000000
25844  -45.369  -54.424  22.213 0.0000000000
25845  -46.248  -54.471  21.972 0.0000000000
25852  -44.833  -54.927  21.790 0.0000000000
25853  -45.611  -54.803  21.633 0.0000000000
25880  -37.776  -54.678  18.047 0.0000000000
25881  -38.508  -54.574  18.367 0.0000000000
25905  -36.476  -54.534  17.078 0.0000000000
25906  -37.112  -54.592  17.604 0.0000000000
25913  -35.612  -55.021  16.038 0.0000000000
25914  -35.981  -54.693  16.519 0.0000000000
25923  -35.734  -54.891  15.323 0.0000000000
25924  -36.035  -54.370  15.776 0.0000000000
25927  -36.181  -54.226  14.934 0.0000000000
25934  -36.609  -54.311  14.050 0.0000000000
25935  -37.334  -54.095  13.456 0.0000000000
25936  -38.113  -53.852  13.022 0.0000000000
25947  -37.714  -54.644  12.923 0.0000000000
25948  -38.649  -54.495  12.443 0.0000000000
25949  -39.524  -54.752  11.903 0.0000000000
25962  -40.212  -55.003  11.659 0.0000000000
25963  -41.104  -54.854  11.671 0.0000000000
26602  -43.397  -53.909  24.402 0.0000000000
26613  -43.893  -53.836  23.838 0.0000000000
26628  -46.212  -54.002  22.900 0.0000000000
26654  -37.524  -54.081  17.718 0.0000000000
26655  -38.080  -53.864  18.150 0.0000000000
26677  -36.479  -54.006  16.423 0.0000000000
26678  -37.063  -53.808  17.160 0.0000000000
26687  -37.029  -53.295  16.402 0.0000000000
26696  -36.605  -53.555  15.530 0.0000000000
26700  -36.764  -53.566  14.605 0.0000000000
26709  -37.103  -53.642  13.962 0.0000000000
26710  -37.769  -53.370  13.649 0.0000000000
113188  -40.655  -57.963  19.496 0.0000000000
113401  -43.208  -56.012  23.906 0.0000000000
113521  -47.410  -62.578  24.663 0.0000000000
113571  -42.181  -63.082  23.752 0.0000000000
113659  -38.882  -56.955  18.057 0.0000000000
114320  -40.483  -58.135  20.619 0.0000000000
114601  -44.633  -60.914  22.733 0.0000000000
114786  -46.258  -69.136  24.533 0.0000000000
115239  -38.669  -62.344  22.833 0.0000000000
115401  -45.759  -53.687  23.567 0.0000000000
115647  -39.948  -61.142  22.862 0.0000000000
115680  -44.868  -53.529  23.824 0.0000000000
116490  -45.288  -58.870  23.720 0.0000000000
116524  -49.327  -63.717  25.596 0.0000000000
116653  -37.907  -57.025  12.547 0.0000000000
117071  -40.023  -64.985  19.328 0.0000000000
117296  -37.052  -56.727  13.169 0.0000000000
117663  -34.924  -59.733  18.226 0.0000000000
118202  -44.456  -58.201  23.265 0.0000000000
118470  -42.901  -55.447  24.718 0.0000000000
118516  -35.653  -59.569  19.802 0.0000000000
119583  -41.495  -63.369  23.719 0.0000000000
119602  -38.686  -63.595  18.669 0.0000000000
119736  -40.020  -66.853  21.803 0.0000000000
120056  -44.769  -63.788  24.927 0.0000000000
120065  -40.928  -63.976  23.772 0.0000000000
120148  -35.129  -56.074  15.996 0.0000000000
120204  -45.334  -67.553  21.163 0.0000000000
120541  -36.105  -61.171  13.869 0.0000000000
120582  -38.252  -58.066  20.600 0.0000000000
120756  -38.757  -60.490  10.684 0.0000000000
120910  -46.500  -63.167  24.869 0.0000000000
121266  -43.588  -55.593  22.704 0.0000000000
121798  -39.095  -55.324  18.357 0.0000000000
122020  -37.266  -62.787  19.403 0.0000000000
122522  -43.173  -56.576  11.189 0.0000000000
122573  -43.776  -68.692  22.574 0.0000000000
122763  -42.280  -56.835  11.149 0.0000000000
122844  -36.904  -62.717  16.161 0.0000000000
123033  -43.571  -68.184  24.866 0.0000000000
123077  -36.967  -60.561  12.139 0.0000000000
123129  -42.768  -55.445  25.800 0.0000000000
123379  -41.402  -57.076  11.260 0.0000000000
123566  -45.291  -67.213  25.953 0.0000000000
123808  -36.340  -61.655  19.987 0.0000000000
123873  -37.653  -53.526  17.603 0.0000000000
123917  -41.790  -61.208  22.666 0.0000000000
123993  -39.651  -63.199  23.265 0.0000000000
124042  -41.991  -57.730  11.071 0.0000000000
124326  -44.073  -61.431  22.951 0.0000000000
124403  -37.671  -59.728  21.787 0.0000000000
124518  -50.330  -66.970  28.331 0.0000000000
124535  -35.831  -60.334  20.136 0.0000000000
124591  -36.690  -58.770  13.373 0.0000000000
124626  -48.905  -68.966  24.897 0.0000000000
124689  -44.090  -60.436  21.461 0.0000000000
124837  -44.405  -56.309  21.262 0.0000000000
125238  -41.346  -66.812  20.528 0.0000000000
125257  -35.206  -59.699  19.024 0.0000000000
125811  -39.914  -57.935  11.609 0.0000000000
125958  -38.445  -56.388  18.238 0.0000000000
125992  -35.642  -61.076  16.279 0.0000000000
126080  -44.845  -63.122  24.537 0.0000000000
126184  -35.645  -56.746  14.640 0.0000000000
126188  -40.478  -58.137  11.448 0.0000000000
126439  -39.720  -55.881  18.082 0.0000000000
126537  -35.243  -57.761  18.533 0.0000000000
126791  -45.628  -59.485  19.579 0.0000000000
126903  -43.890  -60.879  22.255 0.0000000000
127039  -36.221  -55.617  14.010 0.0000000000
127125  -35.284  -56.922  15.261 0.0000000000
127141  -50.489  -66.178  27.847 0.0000000000
127436  -35.958  -59.727  14.241 0.0000000000
127526  -36.014  -61.737  16.675 0.0000000000
128307  -39.789  -58.070  20.863 0.0000000000
128323  -43.511  -56.622  23.372 0.0000000000
128558  -43.983  -57.496  23.675 0.0000000000
128595  -42.785  -59.493  20.700 0.0000000000
128756  -45.509  -61.523  23.664 0.0000000000
128978  -38.916  -59.582  11.400 0.0000000000
129038  -46.095  -68.467  26.102 0.0000000000
129308  -44.432  -60.437  22.120 0.0000000000
129603  -50.735  -65.841  28.143 0.0000000000
129625  -43.734  -62.418  23.758 0.0000000000
129720  -42.295  -62.448  23.429 0.0000000000
130034  -45.227  -59.378  23.044 0.0000000000
130182  -43.585  -56.390  22.627 0.0000000000
130234  -48.381  -61.911  24.603 0.0000000000
130344  -38.361  -63.692  19.321 0.0000000000
130596  -36.382  -62.194  16.249 0.0000000000
130842  -41.234  -55.658  11.417 0.0000000000
130934  -41.906  -58.988  20.941 0.0000000000
131305  -40.129  -62.585  23.279 0.0000000000
132744  -37.430  -59.223  21.366 0.0000000000
132833  -50.121  -62.926  26.686 0.0000000000
132958  -38.611  -60.150  22.410 0.0000000000
133122  -37.918  -57.468  19.593 0.0000000000
133276  -37.893  -63.965  20.855 0.0000000000
133698  -38.318  -64.560  20.831 0.0000000000
134388  -46.368  -68.168  26.384 0.0000000000
134482  -49.780  -61.799  25.919 0.0000000000
134550  -38.426  -63.403  15.624 0.0000000000
134886  -44.087  -57.712  23.009 0.0000000000
135309  -35.737  -58.172  19.374 0.0000000000
135505  -43.802  -68.913  24.154 0.0000000000
135640  -44.717  -68.275  25.455 0.0000000000
135739  -38.690  -56.894  12.095 0.0000000000
135894  -36.836  -58.093  13.321 0.0000000000
