#!ascii label  , from subject sub-11 vox2ras=TkReg aparc.a2009s=G_occipital_middle
1998
683  21.441  -88.756  18.676 0.0000000000
693  20.721  -88.680  16.792 0.0000000000
707  20.942  -88.483  15.744 0.0000000000
937  22.677  -87.520  21.256 0.0000000000
948  23.024  -87.473  19.978 0.0000000000
959  22.485  -87.932  19.608 0.0000000000
960  21.964  -88.389  19.133 0.0000000000
969  22.657  -87.647  18.866 0.0000000000
970  21.880  -88.071  18.243 0.0000000000
980  21.330  -88.054  17.298 0.0000000000
988  21.160  -87.862  16.392 0.0000000000
997  21.515  -87.309  15.270 0.0000000000
1005  21.610  -88.095  14.356 0.0000000000
1056  24.671  -87.049  6.213 0.0000000000
1245  26.366  -86.232  25.276 0.0000000000
1246  25.708  -86.381  25.603 0.0000000000
1255  24.890  -86.591  25.083 0.0000000000
1256  24.148  -86.764  24.288 0.0000000000
1262  25.641  -86.481  24.910 0.0000000000
1263  24.961  -86.628  24.295 0.0000000000
1269  24.046  -86.919  23.548 0.0000000000
1275  23.612  -86.883  22.617 0.0000000000
1276  23.189  -87.107  21.851 0.0000000000
1283  24.647  -86.420  19.108 0.0000000000
1284  23.524  -86.788  20.397 0.0000000000
1293  23.834  -86.862  19.344 0.0000000000
1294  23.285  -87.215  19.206 0.0000000000
1301  24.051  -86.747  19.015 0.0000000000
1302  23.354  -87.001  18.832 0.0000000000
1303  22.469  -87.181  18.328 0.0000000000
1312  21.881  -86.337  17.739 0.0000000000
1313  21.648  -87.214  17.533 0.0000000000
1320  21.256  -86.873  16.164 0.0000000000
1332  22.647  -86.987  14.158 0.0000000000
1333  21.868  -87.028  14.740 0.0000000000
1339  25.397  -86.467  13.005 0.0000000000
1340  24.700  -86.808  13.220 0.0000000000
1350  25.204  -86.706  12.678 0.0000000000
1358  25.596  -86.462  12.190 0.0000000000
1378  26.412  -86.163  8.763 0.0000000000
1379  25.546  -86.393  8.821 0.0000000000
1385  27.000  -85.802  8.164 0.0000000000
1386  26.214  -86.392  7.893 0.0000000000
1387  25.163  -86.901  7.865 0.0000000000
1402  26.635  -86.015  7.268 0.0000000000
1403  25.922  -86.404  6.848 0.0000000000
1404  24.285  -87.276  7.421 0.0000000000
1421  25.883  -86.022  6.156 0.0000000000
1422  25.367  -86.393  6.086 0.0000000000
1423  24.758  -86.425  5.574 0.0000000000
1639  26.380  -85.515  27.482 0.0000000000
1648  26.595  -85.837  26.830 0.0000000000
1660  26.578  -86.096  25.983 0.0000000000
1661  25.867  -86.163  26.337 0.0000000000
1662  25.256  -86.279  25.802 0.0000000000
1671  27.191  -85.699  25.304 0.0000000000
1672  26.606  -85.923  24.513 0.0000000000
1683  26.209  -85.638  23.596 0.0000000000
1684  25.683  -86.299  24.244 0.0000000000
1693  25.078  -86.361  23.634 0.0000000000
1702  24.323  -86.195  22.661 0.0000000000
1703  23.830  -86.041  21.354 0.0000000000
1711  25.165  -85.880  19.372 0.0000000000
1712  24.333  -86.223  19.891 0.0000000000
1721  25.441  -86.022  18.703 0.0000000000
1731  24.631  -86.306  18.802 0.0000000000
1732  23.982  -85.994  18.511 0.0000000000
1733  22.992  -86.309  18.447 0.0000000000
1743  22.172  -85.520  17.899 0.0000000000
1744  21.499  -85.424  17.146 0.0000000000
1753  21.325  -85.958  16.441 0.0000000000
1764  21.548  -86.123  15.602 0.0000000000
1773  22.899  -86.186  14.328 0.0000000000
1774  22.077  -86.036  14.877 0.0000000000
1785  25.073  -86.135  13.369 0.0000000000
1786  24.358  -86.008  13.760 0.0000000000
1787  23.714  -86.802  13.741 0.0000000000
1799  26.760  -85.489  11.774 0.0000000000
1800  25.910  -86.176  12.452 0.0000000000
1808  27.469  -85.243  10.758 0.0000000000
1809  26.905  -85.738  11.012 0.0000000000
1810  26.226  -86.049  11.749 0.0000000000
1820  27.797  -85.097  9.789 0.0000000000
1821  27.293  -85.548  10.094 0.0000000000
1822  26.210  -85.877  10.840 0.0000000000
1830  27.468  -85.166  8.217 0.0000000000
1831  27.464  -85.387  9.055 0.0000000000
1832  26.939  -85.868  9.336 0.0000000000
1833  26.048  -85.984  9.745 0.0000000000
1856  26.929  -85.469  7.430 0.0000000000
1857  26.360  -85.803  6.717 0.0000000000
1858  25.864  -85.741  6.302 0.0000000000
1859  25.035  -85.548  6.024 0.0000000000
1865  25.375  -85.988  5.764 0.0000000000
1866  24.561  -85.896  5.433 0.0000000000
2123  26.662  -84.933  28.124 0.0000000000
2133  27.481  -84.785  26.891 0.0000000000
2134  27.046  -85.306  27.392 0.0000000000
2157  27.834  -84.952  25.180 0.0000000000
2158  27.605  -85.202  24.515 0.0000000000
2170  27.940  -84.692  23.746 0.0000000000
2171  27.178  -85.329  23.924 0.0000000000
2178  27.502  -84.428  22.883 0.0000000000
2179  26.296  -84.735  22.733 0.0000000000
2180  25.271  -85.391  22.702 0.0000000000
2190  25.432  -84.411  21.810 0.0000000000
2191  24.601  -85.128  21.595 0.0000000000
2200  25.081  -84.468  20.836 0.0000000000
2201  24.604  -85.318  20.536 0.0000000000
2212  26.473  -85.135  18.725 0.0000000000
2213  25.884  -85.555  19.104 0.0000000000
2222  26.698  -85.246  18.064 0.0000000000
2223  26.136  -85.604  18.371 0.0000000000
2268  25.718  -85.729  13.019 0.0000000000
2269  24.796  -85.064  13.532 0.0000000000
2277  27.019  -84.540  11.846 0.0000000000
2278  26.267  -84.833  12.491 0.0000000000
2286  27.950  -84.562  10.348 0.0000000000
2287  27.551  -84.631  11.198 0.0000000000
2313  27.967  -84.536  9.421 0.0000000000
2324  27.690  -84.639  8.565 0.0000000000
2325  27.306  -84.869  7.743 0.0000000000
2326  26.866  -84.473  7.643 0.0000000000
2327  25.827  -84.372  7.540 0.0000000000
2328  24.441  -84.245  7.591 0.0000000000
2340  26.556  -85.170  7.010 0.0000000000
2341  25.464  -85.009  6.725 0.0000000000
2342  23.437  -84.482  7.170 0.0000000000
2343  22.658  -84.566  6.694 0.0000000000
2347  23.822  -85.183  6.065 0.0000000000
2595  26.768  -84.273  28.695 0.0000000000
2603  27.136  -84.661  27.942 0.0000000000
2611  27.611  -84.189  26.313 0.0000000000
2612  27.383  -84.040  27.225 0.0000000000
2620  28.117  -84.251  24.683 0.0000000000
2626  28.768  -83.524  23.212 0.0000000000
2627  28.455  -84.110  23.852 0.0000000000
2633  28.964  -83.431  22.285 0.0000000000
2634  28.562  -83.975  23.044 0.0000000000
2640  27.985  -83.053  21.332 0.0000000000
2641  26.433  -83.871  21.959 0.0000000000
2642  25.680  -83.803  21.128 0.0000000000
2647  28.142  -82.674  20.419 0.0000000000
2648  26.576  -83.263  20.959 0.0000000000
2649  25.797  -84.277  19.968 0.0000000000
2655  27.488  -83.280  19.255 0.0000000000
2656  27.209  -84.681  18.290 0.0000000000
2662  28.259  -84.181  17.458 0.0000000000
2663  27.884  -83.999  18.220 0.0000000000
2664  27.209  -84.867  17.694 0.0000000000
2674  27.705  -84.394  17.232 0.0000000000
2675  26.970  -84.335  17.329 0.0000000000
2709  25.445  -84.624  13.065 0.0000000000
2710  24.761  -83.897  13.290 0.0000000000
2719  26.598  -83.636  12.092 0.0000000000
2720  25.603  -83.562  12.737 0.0000000000
2726  27.860  -83.771  10.753 0.0000000000
2727  27.356  -83.678  11.447 0.0000000000
2741  28.098  -83.825  9.941 0.0000000000
2753  27.478  -83.327  8.981 0.0000000000
2766  27.874  -83.929  9.089 0.0000000000
2767  27.370  -84.019  8.309 0.0000000000
2768  26.292  -83.699  8.166 0.0000000000
2769  25.021  -83.563  8.272 0.0000000000
2822  27.195  -83.001  2.120 0.0000000000
3059  27.053  -82.995  27.162 0.0000000000
3067  27.797  -83.901  25.463 0.0000000000
3068  27.270  -83.368  26.209 0.0000000000
3074  28.022  -83.569  24.546 0.0000000000
3085  28.361  -83.059  23.745 0.0000000000
3086  27.403  -82.711  24.402 0.0000000000
3093  29.229  -83.137  22.470 0.0000000000
3098  29.587  -82.751  21.927 0.0000000000
3099  29.446  -82.972  21.809 0.0000000000
3100  29.034  -83.052  21.487 0.0000000000
3108  30.465  -81.951  19.933 0.0000000000
3109  29.824  -82.474  21.297 0.0000000000
3110  29.287  -82.618  20.757 0.0000000000
3120  30.773  -81.871  18.904 0.0000000000
3121  30.114  -82.204  18.840 0.0000000000
3122  29.015  -82.465  19.413 0.0000000000
3123  28.265  -82.747  19.338 0.0000000000
3132  30.378  -82.384  17.698 0.0000000000
3133  29.572  -82.949  17.543 0.0000000000
3134  28.829  -83.664  17.451 0.0000000000
3135  28.545  -83.243  18.302 0.0000000000
3150  30.719  -82.477  16.609 0.0000000000
3151  29.901  -83.098  16.529 0.0000000000
3152  29.013  -83.746  16.796 0.0000000000
3153  27.904  -83.740  16.695 0.0000000000
3154  27.151  -83.592  17.111 0.0000000000
3166  30.294  -82.817  15.880 0.0000000000
3167  29.484  -83.315  16.041 0.0000000000
3168  28.646  -83.541  16.450 0.0000000000
3192  26.941  -82.693  11.614 0.0000000000
3193  26.153  -82.595  12.217 0.0000000000
3194  25.293  -82.423  12.734 0.0000000000
3200  27.771  -83.031  10.367 0.0000000000
3201  27.480  -82.866  11.025 0.0000000000
3213  27.381  -82.371  10.039 0.0000000000
3225  27.746  -83.146  9.613 0.0000000000
3226  27.151  -82.601  9.393 0.0000000000
3227  26.332  -82.184  9.220 0.0000000000
3240  26.791  -83.065  8.757 0.0000000000
3241  25.655  -82.823  8.712 0.0000000000
3265  27.028  -82.314  4.000 0.0000000000
3266  26.278  -82.169  4.268 0.0000000000
3274  27.461  -82.463  3.366 0.0000000000
3275  26.718  -82.631  3.485 0.0000000000
3283  27.607  -82.671  2.665 0.0000000000
3296  28.066  -82.333  1.918 0.0000000000
3559  26.560  -82.038  24.728 0.0000000000
3570  29.036  -82.818  23.010 0.0000000000
3571  27.064  -81.953  23.746 0.0000000000
3577  29.404  -82.482  22.355 0.0000000000
3578  28.593  -81.880  22.669 0.0000000000
3583  29.770  -82.212  21.803 0.0000000000
3608  30.880  -81.553  19.633 0.0000000000
3619  31.596  -81.539  18.129 0.0000000000
3620  31.088  -81.945  17.874 0.0000000000
3633  32.394  -81.546  16.238 0.0000000000
3634  31.579  -81.922  16.776 0.0000000000
3648  32.306  -81.399  15.689 0.0000000000
3649  31.794  -81.917  15.858 0.0000000000
3650  31.076  -82.298  15.864 0.0000000000
3651  28.853  -82.719  15.994 0.0000000000
3652  28.036  -82.765  16.514 0.0000000000
3658  31.388  -81.834  15.623 0.0000000000
3678  26.526  -81.922  11.759 0.0000000000
3679  25.811  -81.577  12.266 0.0000000000
3688  26.952  -81.916  11.176 0.0000000000
3689  26.318  -81.244  11.563 0.0000000000
3697  26.945  -81.733  10.510 0.0000000000
3698  26.364  -81.139  10.300 0.0000000000
3707  26.768  -81.822  9.843 0.0000000000
3708  25.989  -81.349  9.643 0.0000000000
3737  25.875  -81.287  5.387 0.0000000000
3748  27.397  -81.899  3.972 0.0000000000
3749  26.527  -81.214  4.962 0.0000000000
3760  27.861  -81.793  3.355 0.0000000000
3771  28.374  -81.542  2.087 0.0000000000
3784  28.435  -81.525  1.337 0.0000000000
3793  28.598  -81.027  0.465 0.0000000000
3794  28.086  -81.938  0.842 0.0000000000
3799  27.934  -81.484  -0.033 0.0000000000
3943  32.473  -80.825  33.497 0.0000000000
3944  31.957  -80.769  33.728 0.0000000000
3951  32.268  -80.832  32.950 0.0000000000
3962  32.657  -80.984  32.854 0.0000000000
3963  32.588  -81.012  32.085 0.0000000000
3977  32.883  -80.960  30.083 0.0000000000
3978  32.772  -81.020  31.031 0.0000000000
3988  32.955  -80.810  29.167 0.0000000000
3996  32.967  -80.643  28.404 0.0000000000
4060  29.122  -81.424  22.096 0.0000000000
4061  27.962  -80.916  22.292 0.0000000000
4062  27.276  -81.326  22.866 0.0000000000
4072  29.754  -81.465  21.609 0.0000000000
4085  30.504  -81.571  20.531 0.0000000000
4086  30.090  -80.871  21.129 0.0000000000
4096  31.350  -81.171  19.090 0.0000000000
4097  30.931  -81.063  19.970 0.0000000000
4104  32.430  -80.751  17.620 0.0000000000
4111  33.798  -80.684  16.165 0.0000000000
4112  32.936  -81.035  16.634 0.0000000000
4113  32.164  -81.338  17.319 0.0000000000
4124  33.764  -80.641  15.812 0.0000000000
4125  33.169  -81.154  15.892 0.0000000000
4126  29.682  -81.217  15.702 0.0000000000
4127  28.932  -81.505  16.030 0.0000000000
4128  28.119  -81.589  16.542 0.0000000000
4134  33.433  -80.554  15.603 0.0000000000
4135  33.095  -80.967  15.653 0.0000000000
4136  31.672  -81.284  15.482 0.0000000000
4137  30.941  -81.587  15.455 0.0000000000
4138  30.330  -81.765  15.506 0.0000000000
4157  25.745  -80.724  12.012 0.0000000000
4169  26.551  -81.095  10.964 0.0000000000
4170  25.991  -80.598  11.362 0.0000000000
4179  25.945  -80.549  10.681 0.0000000000
4224  26.194  -80.601  5.404 0.0000000000
4225  25.494  -80.668  5.818 0.0000000000
4235  27.137  -81.159  4.426 0.0000000000
4236  26.653  -80.540  4.881 0.0000000000
4248  28.175  -81.486  2.755 0.0000000000
4249  27.431  -80.567  3.911 0.0000000000
4255  28.403  -80.758  2.237 0.0000000000
4256  27.925  -80.855  3.151 0.0000000000
4263  28.986  -80.046  0.890 0.0000000000
4265  28.953  -80.239  -0.050 0.0000000000
4269  28.359  -80.653  -0.411 0.0000000000
4373  30.592  -79.901  39.351 0.0000000000
4379  30.163  -80.086  38.714 0.0000000000
4387  30.410  -80.170  38.613 0.0000000000
4388  30.030  -80.406  38.075 0.0000000000
4389  29.837  -80.276  37.920 0.0000000000
4401  31.520  -80.138  35.896 0.0000000000
4402  30.361  -80.333  37.559 0.0000000000
4403  29.928  -80.448  37.437 0.0000000000
4404  29.671  -80.072  37.159 0.0000000000
4415  31.900  -80.486  35.062 0.0000000000
4416  31.042  -80.292  35.701 0.0000000000
4417  30.210  -80.045  36.173 0.0000000000
4418  29.880  -80.303  36.867 0.0000000000
4426  33.078  -80.424  34.046 0.0000000000
4427  32.249  -80.651  34.251 0.0000000000
4428  31.666  -80.517  34.596 0.0000000000
4429  30.948  -80.141  35.154 0.0000000000
4433  33.925  -80.001  32.844 0.0000000000
4434  33.233  -80.653  33.265 0.0000000000
4435  31.954  -80.548  33.249 0.0000000000
4444  33.255  -80.830  32.472 0.0000000000
4445  32.296  -80.657  32.367 0.0000000000
4455  33.962  -80.186  32.083 0.0000000000
4456  33.244  -80.955  31.565 0.0000000000
4457  32.491  -80.741  31.429 0.0000000000
4466  33.168  -81.015  30.612 0.0000000000
4467  32.582  -80.708  30.509 0.0000000000
4473  33.600  -80.290  29.532 0.0000000000
4474  33.103  -80.948  29.738 0.0000000000
4475  32.596  -80.471  29.454 0.0000000000
4485  33.374  -80.163  27.511 0.0000000000
4486  33.104  -80.733  28.904 0.0000000000
4487  32.748  -80.460  28.545 0.0000000000
4497  33.610  -79.838  26.608 0.0000000000
4498  33.042  -80.452  27.843 0.0000000000
4499  32.909  -80.400  27.821 0.0000000000
4509  33.886  -79.727  25.982 0.0000000000
4510  33.340  -79.885  26.627 0.0000000000
4511  32.835  -80.066  27.158 0.0000000000
4554  29.213  -80.541  21.583 0.0000000000
4555  28.395  -80.479  21.847 0.0000000000
4571  31.194  -80.574  19.465 0.0000000000
4574  32.578  -79.857  17.790 0.0000000000
4575  31.731  -80.419  18.627 0.0000000000
4579  35.008  -79.863  16.187 0.0000000000
4580  34.325  -80.170  16.448 0.0000000000
4581  33.350  -80.429  16.926 0.0000000000
4591  34.504  -80.294  15.941 0.0000000000
4601  34.866  -80.022  15.917 0.0000000000
4602  34.236  -80.258  15.730 0.0000000000
4603  32.565  -80.903  15.496 0.0000000000
4604  30.809  -80.192  15.614 0.0000000000
4605  30.361  -80.803  15.567 0.0000000000
4639  33.944  -79.405  10.164 0.0000000000
4640  32.984  -79.523  10.129 0.0000000000
4641  32.125  -79.362  10.036 0.0000000000
4649  33.910  -79.323  9.122 0.0000000000
4650  33.231  -79.568  9.246 0.0000000000
4651  32.406  -79.546  9.279 0.0000000000
4652  31.740  -79.293  9.330 0.0000000000
4664  33.470  -79.414  8.248 0.0000000000
4665  32.705  -79.637  8.265 0.0000000000
4666  31.985  -79.482  8.443 0.0000000000
4674  32.320  -79.488  7.458 0.0000000000
4675  32.124  -79.201  6.828 0.0000000000
4682  33.027  -79.477  7.163 0.0000000000
4683  32.612  -79.326  6.668 0.0000000000
4684  24.341  -79.299  6.272 0.0000000000
4692  26.357  -80.031  5.229 0.0000000000
4693  25.903  -79.905  5.655 0.0000000000
4694  25.058  -79.828  6.125 0.0000000000
4703  27.106  -79.744  4.107 0.0000000000
4704  26.659  -79.817  4.714 0.0000000000
4711  27.565  -79.848  3.341 0.0000000000
4714  28.695  -79.867  1.526 0.0000000000
4715  28.117  -79.906  2.480 0.0000000000
4718  29.100  -79.467  0.752 0.0000000000
4724  29.164  -79.796  0.330 0.0000000000
4734  29.207  -79.472  -0.341 0.0000000000
4735  28.680  -79.861  -0.766 0.0000000000
4736  27.915  -80.117  -0.940 0.0000000000
4747  29.004  -79.110  -1.171 0.0000000000
4748  28.212  -79.359  -1.324 0.0000000000
4894  31.833  -79.051  41.617 0.0000000000
4901  31.329  -79.317  40.899 0.0000000000
4902  30.847  -79.549  40.368 0.0000000000
4908  31.638  -79.325  40.948 0.0000000000
4909  30.996  -79.756  40.211 0.0000000000
4910  30.545  -79.760  39.643 0.0000000000
4916  31.054  -79.866  39.388 0.0000000000
4917  29.933  -79.453  38.914 0.0000000000
4918  29.766  -79.860  38.360 0.0000000000
4924  30.983  -79.896  38.272 0.0000000000
4925  29.547  -79.538  37.578 0.0000000000
4934  32.039  -79.501  36.174 0.0000000000
4935  31.327  -79.793  36.979 0.0000000000
4936  29.405  -79.091  36.686 0.0000000000
4948  33.126  -78.966  35.102 0.0000000000
4949  32.403  -79.772  35.510 0.0000000000
4950  29.620  -79.177  35.946 0.0000000000
4951  29.645  -79.647  36.501 0.0000000000
4964  33.504  -79.290  34.343 0.0000000000
4965  32.749  -80.085  34.768 0.0000000000
4966  30.850  -79.093  34.561 0.0000000000
4967  30.151  -79.186  35.422 0.0000000000
4970  34.370  -78.975  33.028 0.0000000000
4971  33.790  -79.649  33.575 0.0000000000
4972  31.537  -79.507  33.627 0.0000000000
4976  34.403  -79.333  32.464 0.0000000000
4977  32.235  -80.088  31.740 0.0000000000
4978  31.931  -79.879  32.681 0.0000000000
4987  34.605  -79.149  31.860 0.0000000000
4988  32.371  -80.260  30.939 0.0000000000
4999  34.753  -78.816  31.136 0.0000000000
5000  32.365  -79.875  30.158 0.0000000000
5010  34.222  -79.564  30.345 0.0000000000
5011  32.379  -79.411  29.201 0.0000000000
5021  33.900  -79.390  28.010 0.0000000000
5022  32.461  -79.937  28.631 0.0000000000
5030  34.049  -79.685  26.786 0.0000000000
5031  32.460  -79.158  27.300 0.0000000000
5040  34.834  -79.232  25.405 0.0000000000
5041  34.270  -79.602  25.938 0.0000000000
5042  33.456  -79.572  26.130 0.0000000000
5050  34.925  -79.172  24.890 0.0000000000
5051  34.468  -79.324  25.436 0.0000000000
5052  33.929  -79.327  25.464 0.0000000000
5062  34.600  -79.200  25.021 0.0000000000
5099  32.758  -78.619  17.935 0.0000000000
5100  31.803  -79.147  18.571 0.0000000000
5103  35.912  -78.800  16.675 0.0000000000
5104  35.433  -79.238  16.650 0.0000000000
5105  34.723  -79.591  16.833 0.0000000000
5106  33.668  -79.669  17.230 0.0000000000
5116  35.277  -79.368  16.163 0.0000000000
5117  31.145  -78.276  16.113 0.0000000000
5126  34.447  -79.617  15.654 0.0000000000
5127  33.189  -79.318  15.529 0.0000000000
5128  31.994  -79.267  15.640 0.0000000000
5129  30.968  -79.355  15.804 0.0000000000
5151  35.741  -78.278  11.319 0.0000000000
5152  35.094  -78.617  11.167 0.0000000000
5153  34.240  -78.813  11.126 0.0000000000
5154  33.109  -78.638  11.128 0.0000000000
5155  32.076  -78.507  10.968 0.0000000000
5156  31.375  -78.296  10.807 0.0000000000
5165  35.206  -78.699  10.842 0.0000000000
5166  34.485  -79.002  10.828 0.0000000000
5167  33.604  -79.188  10.726 0.0000000000
5168  32.621  -79.108  10.623 0.0000000000
5169  31.811  -78.841  10.477 0.0000000000
5178  35.342  -78.374  9.919 0.0000000000
5179  34.543  -78.933  9.496 0.0000000000
5180  31.494  -78.987  9.955 0.0000000000
5181  30.939  -78.536  9.903 0.0000000000
5194  34.921  -78.259  8.785 0.0000000000
5195  34.165  -78.846  8.355 0.0000000000
5196  33.571  -79.114  7.525 0.0000000000
5197  31.426  -79.045  8.692 0.0000000000
5198  30.800  -78.413  9.082 0.0000000000
5207  33.843  -78.549  7.406 0.0000000000
5208  33.342  -79.002  6.649 0.0000000000
5209  31.589  -78.756  7.234 0.0000000000
5210  31.211  -78.646  8.156 0.0000000000
5216  32.987  -79.167  6.180 0.0000000000
5217  32.635  -79.012  6.098 0.0000000000
5218  32.095  -78.639  6.222 0.0000000000
5227  32.941  -78.672  5.561 0.0000000000
5228  32.658  -78.589  5.622 0.0000000000
5229  26.221  -79.342  5.169 0.0000000000
5230  25.625  -79.068  5.641 0.0000000000
5231  24.900  -78.747  5.982 0.0000000000
5237  26.616  -78.909  4.417 0.0000000000
5238  25.957  -78.360  5.027 0.0000000000
5245  27.174  -78.958  3.615 0.0000000000
5246  26.802  -78.239  3.806 0.0000000000
5250  28.324  -78.913  1.914 0.0000000000
5251  27.840  -78.243  2.410 0.0000000000
5260  29.247  -78.696  0.670 0.0000000000
5261  28.865  -79.084  1.183 0.0000000000
5271  29.643  -78.216  0.150 0.0000000000
5279  29.516  -78.533  -0.613 0.0000000000
5285  29.181  -78.269  -1.552 0.0000000000
5286  28.441  -78.537  -1.673 0.0000000000
5287  27.707  -78.720  -1.481 0.0000000000
5431  34.075  -77.540  42.821 0.0000000000
5432  33.439  -77.961  42.806 0.0000000000
5433  32.820  -78.236  42.660 0.0000000000
5446  33.033  -78.404  42.391 0.0000000000
5447  32.346  -78.642  42.207 0.0000000000
5448  31.849  -78.700  42.041 0.0000000000
5458  33.979  -77.801  42.426 0.0000000000
5459  33.405  -78.253  41.802 0.0000000000
5460  32.400  -78.827  41.657 0.0000000000
5461  31.430  -78.887  41.468 0.0000000000
5462  30.861  -79.011  40.837 0.0000000000
5472  31.505  -79.485  40.110 0.0000000000
5473  30.378  -78.868  39.982 0.0000000000
5480  32.164  -78.325  39.472 0.0000000000
5481  31.566  -79.180  38.959 0.0000000000
5482  29.999  -78.574  39.000 0.0000000000
5483  29.628  -78.822  38.204 0.0000000000
5488  31.657  -78.783  37.782 0.0000000000
5489  29.948  -77.504  38.297 0.0000000000
5490  29.387  -78.260  37.105 0.0000000000
5494  32.001  -78.585  36.737 0.0000000000
5495  31.956  -77.451  37.342 0.0000000000
5496  29.109  -78.013  36.153 0.0000000000
5504  32.615  -78.458  35.829 0.0000000000
5505  29.063  -77.504  35.518 0.0000000000
5522  33.522  -78.098  34.498 0.0000000000
5523  33.077  -77.922  35.136 0.0000000000
5524  29.997  -78.237  34.920 0.0000000000
5525  29.387  -78.084  35.375 0.0000000000
5541  34.346  -77.410  33.132 0.0000000000
5542  34.052  -78.363  33.659 0.0000000000
5543  31.246  -78.061  33.764 0.0000000000
5544  30.372  -77.678  34.330 0.0000000000
5549  34.727  -78.489  32.420 0.0000000000
5550  32.183  -77.454  32.326 0.0000000000
5551  31.837  -78.422  32.999 0.0000000000
5559  35.640  -77.245  31.204 0.0000000000
5560  35.211  -78.026  31.737 0.0000000000
5561  32.384  -79.018  31.037 0.0000000000
5571  35.491  -77.412  30.514 0.0000000000
5572  34.814  -78.405  30.433 0.0000000000
5573  32.438  -78.560  29.999 0.0000000000
5582  34.783  -77.989  29.722 0.0000000000
5583  32.407  -78.100  29.056 0.0000000000
5590  34.443  -78.154  28.718 0.0000000000
5591  32.327  -78.911  28.206 0.0000000000
5603  34.912  -77.751  26.894 0.0000000000
5604  34.415  -78.583  27.449 0.0000000000
5605  32.287  -77.945  27.498 0.0000000000
5617  35.270  -78.493  25.751 0.0000000000
5618  34.675  -79.127  26.219 0.0000000000
5626  36.049  -78.184  24.415 0.0000000000
5627  35.360  -78.796  24.918 0.0000000000
5628  33.548  -78.264  25.439 0.0000000000
5629  33.064  -78.854  26.018 0.0000000000
5639  36.995  -77.501  23.318 0.0000000000
5640  36.165  -78.261  23.604 0.0000000000
5641  35.338  -78.606  24.384 0.0000000000
5642  34.912  -78.472  24.204 0.0000000000
5643  34.382  -78.861  24.873 0.0000000000
5648  37.234  -77.447  22.605 0.0000000000
5649  36.496  -77.962  22.832 0.0000000000
5650  35.879  -78.225  23.044 0.0000000000
5651  35.562  -78.343  23.708 0.0000000000
5656  37.342  -77.402  21.968 0.0000000000
5657  36.829  -77.803  22.134 0.0000000000
5658  36.228  -77.958  22.384 0.0000000000
5667  37.160  -77.585  21.371 0.0000000000
5668  36.526  -77.814  21.665 0.0000000000
5677  37.228  -77.481  20.487 0.0000000000
5678  36.738  -77.745  20.250 0.0000000000
5689  37.235  -77.469  19.632 0.0000000000
5690  36.755  -77.841  19.318 0.0000000000
5691  36.207  -77.971  18.782 0.0000000000
5701  37.193  -77.478  18.970 0.0000000000
5702  36.849  -77.778  18.380 0.0000000000
5703  36.306  -78.277  17.876 0.0000000000
5704  35.176  -78.241  17.874 0.0000000000
5705  33.724  -77.984  17.978 0.0000000000
5708  36.345  -78.435  17.132 0.0000000000
5709  35.893  -78.726  17.222 0.0000000000
5710  34.958  -78.878  17.319 0.0000000000
5711  33.930  -78.900  17.453 0.0000000000
5718  36.132  -78.250  16.676 0.0000000000
5719  35.399  -78.295  16.232 0.0000000000
5720  32.770  -77.437  15.982 0.0000000000
5721  31.658  -77.354  16.176 0.0000000000
5729  34.750  -78.745  15.824 0.0000000000
5730  33.608  -78.466  15.709 0.0000000000
5731  32.350  -78.307  15.848 0.0000000000
5742  37.331  -77.583  12.077 0.0000000000
5743  36.703  -77.714  12.084 0.0000000000
5744  35.673  -77.790  11.882 0.0000000000
5749  36.502  -77.868  11.577 0.0000000000
5750  36.077  -78.046  11.653 0.0000000000
5751  34.902  -78.309  11.452 0.0000000000
5752  33.890  -78.133  11.451 0.0000000000
5753  32.249  -77.953  11.402 0.0000000000
5754  31.476  -77.918  11.245 0.0000000000
5755  30.953  -77.836  11.068 0.0000000000
5756  30.312  -77.378  11.164 0.0000000000
5761  35.978  -78.229  10.830 0.0000000000
5762  30.747  -78.013  10.564 0.0000000000
5763  30.004  -77.447  10.524 0.0000000000
5764  29.363  -76.958  10.392 0.0000000000
5773  36.105  -77.551  9.782 0.0000000000
5774  30.358  -77.929  9.862 0.0000000000
5775  29.810  -77.385  9.899 0.0000000000
5788  35.542  -77.557  8.968 0.0000000000
5789  34.813  -77.552  8.246 0.0000000000
5790  30.079  -77.540  9.161 0.0000000000
5799  34.044  -77.925  7.444 0.0000000000
5800  33.589  -78.360  6.489 0.0000000000
5801  31.419  -78.014  6.894 0.0000000000
5802  30.696  -77.332  7.655 0.0000000000
5803  30.181  -77.235  8.469 0.0000000000
5810  33.204  -78.670  5.791 0.0000000000
5811  31.834  -77.868  5.923 0.0000000000
5812  31.229  -77.119  6.649 0.0000000000
5823  33.207  -78.022  5.068 0.0000000000
5824  32.835  -78.104  5.054 0.0000000000
5825  32.401  -78.241  5.517 0.0000000000
5826  25.426  -77.385  5.252 0.0000000000
5827  24.747  -77.762  5.795 0.0000000000
5835  33.136  -77.415  4.580 0.0000000000
5836  26.395  -77.907  4.322 0.0000000000
5837  25.946  -77.483  4.684 0.0000000000
5845  27.292  -78.017  3.096 0.0000000000
5846  26.753  -77.393  3.655 0.0000000000
5858  28.296  -77.899  1.895 0.0000000000
5859  27.758  -77.414  2.449 0.0000000000
5869  29.326  -77.814  0.739 0.0000000000
5870  28.786  -77.398  1.401 0.0000000000
5875  29.844  -77.363  0.203 0.0000000000
5883  30.221  -77.259  -0.914 0.0000000000
5884  29.927  -77.683  -0.421 0.0000000000
5892  30.014  -77.112  -1.691 0.0000000000
5893  29.327  -77.507  -1.996 0.0000000000
5894  28.623  -77.740  -2.064 0.0000000000
5895  27.996  -77.871  -1.931 0.0000000000
5906  28.820  -77.161  -2.428 0.0000000000
6063  36.077  -76.225  42.542 0.0000000000
6064  35.362  -76.591  42.745 0.0000000000
6065  34.619  -77.028  42.915 0.0000000000
6066  33.795  -77.382  42.906 0.0000000000
6067  33.029  -77.643  42.869 0.0000000000
6076  36.258  -76.381  41.858 0.0000000000
6077  35.534  -76.725  42.314 0.0000000000
6078  34.748  -77.184  42.649 0.0000000000
6079  32.208  -77.876  42.432 0.0000000000
6088  35.633  -76.716  41.576 0.0000000000
6089  34.985  -77.259  41.987 0.0000000000
6090  33.547  -77.443  40.763 0.0000000000
6091  32.918  -78.355  41.068 0.0000000000
6092  31.475  -78.036  41.751 0.0000000000
6093  31.036  -78.256  41.140 0.0000000000
6104  32.725  -77.396  39.976 0.0000000000
6105  31.121  -76.958  40.803 0.0000000000
6106  30.612  -77.952  40.373 0.0000000000
6116  32.410  -76.766  38.884 0.0000000000
6117  31.988  -77.738  38.382 0.0000000000
6118  30.362  -76.505  38.734 0.0000000000
6127  32.212  -76.443  37.907 0.0000000000
6128  29.639  -77.040  37.309 0.0000000000
6129  29.229  -77.359  36.461 0.0000000000
6134  32.283  -77.326  36.363 0.0000000000
6135  28.949  -77.064  35.755 0.0000000000
6140  32.675  -77.157  35.488 0.0000000000
6141  28.784  -76.665  35.061 0.0000000000
6142  28.741  -76.247  34.511 0.0000000000
6150  33.213  -76.079  34.110 0.0000000000
6151  33.146  -77.081  34.680 0.0000000000
6152  29.397  -77.276  34.620 0.0000000000
6153  28.915  -76.865  34.736 0.0000000000
6154  28.742  -76.145  34.178 0.0000000000
6170  34.604  -76.709  32.548 0.0000000000
6171  33.920  -76.471  33.248 0.0000000000
6172  30.768  -76.871  33.702 0.0000000000
6173  29.717  -76.688  34.008 0.0000000000
6174  28.940  -76.353  34.028 0.0000000000
6181  31.935  -76.320  32.418 0.0000000000
6182  31.594  -77.122  33.082 0.0000000000
6185  35.329  -76.907  31.819 0.0000000000
6186  32.444  -76.723  31.486 0.0000000000
6194  36.622  -76.183  30.464 0.0000000000
6195  36.062  -76.651  30.832 0.0000000000
6196  32.555  -77.323  29.890 0.0000000000
6205  35.973  -76.662  30.203 0.0000000000
6206  35.143  -77.225  29.480 0.0000000000
6207  32.517  -76.881  29.070 0.0000000000
6213  35.643  -76.471  29.291 0.0000000000
6214  34.793  -77.071  28.236 0.0000000000
6215  32.337  -77.514  28.230 0.0000000000
6236  36.289  -76.427  25.777 0.0000000000
6237  35.522  -77.030  26.314 0.0000000000
6238  32.323  -76.959  26.642 0.0000000000
6252  37.238  -76.305  24.559 0.0000000000
6253  36.576  -76.989  24.871 0.0000000000
6254  35.860  -77.730  25.277 0.0000000000
6256  32.747  -77.595  26.103 0.0000000000
6263  37.388  -76.547  23.819 0.0000000000
6264  36.783  -77.368  24.073 0.0000000000
6265  34.596  -77.074  24.068 0.0000000000
6266  34.089  -77.733  24.772 0.0000000000
6269  37.537  -76.619  23.064 0.0000000000
6270  35.290  -77.920  23.412 0.0000000000
6273  37.677  -76.575  22.219 0.0000000000
6274  35.600  -77.506  22.552 0.0000000000
6282  37.596  -76.993  21.552 0.0000000000
6283  36.147  -77.589  21.046 0.0000000000
6284  35.335  -76.715  20.754 0.0000000000
6293  37.635  -76.964  20.855 0.0000000000
6294  37.604  -76.987  20.009 0.0000000000
6295  35.971  -77.528  20.122 0.0000000000
6296  35.023  -76.781  19.959 0.0000000000
6308  37.553  -76.457  19.718 0.0000000000
6309  37.482  -77.041  19.255 0.0000000000
6310  35.797  -77.626  19.468 0.0000000000
6311  34.930  -77.197  19.273 0.0000000000
6312  33.891  -76.749  19.150 0.0000000000
6322  37.221  -77.071  18.543 0.0000000000
6323  36.810  -77.432  17.798 0.0000000000
6324  35.112  -77.750  18.575 0.0000000000
6325  34.147  -77.499  18.462 0.0000000000
6330  36.441  -77.734  17.063 0.0000000000
6331  35.615  -76.828  16.909 0.0000000000
6339  35.588  -77.490  16.586 0.0000000000
6340  33.058  -76.728  16.119 0.0000000000
6341  32.123  -76.515  16.227 0.0000000000
6342  30.959  -76.438  16.369 0.0000000000
6354  38.451  -76.783  13.082 0.0000000000
6355  37.999  -76.838  13.212 0.0000000000
6360  38.427  -76.833  12.472 0.0000000000
6361  37.882  -77.223  12.582 0.0000000000
6362  37.230  -77.112  12.697 0.0000000000
6363  36.106  -76.991  12.329 0.0000000000
6364  35.018  -76.677  12.014 0.0000000000
6365  29.993  -76.400  11.881 0.0000000000
6366  29.387  -76.177  11.929 0.0000000000
6367  28.731  -75.858  12.060 0.0000000000
6373  38.347  -76.453  11.554 0.0000000000
6374  37.907  -77.248  11.966 0.0000000000
6375  37.248  -77.389  11.393 0.0000000000
6376  34.509  -77.475  11.723 0.0000000000
6377  33.488  -77.224  11.689 0.0000000000
6378  32.532  -77.174  11.712 0.0000000000
6379  31.514  -77.246  11.660 0.0000000000
6380  30.553  -76.914  11.705 0.0000000000
6381  29.718  -76.755  11.543 0.0000000000
6382  28.935  -76.373  11.506 0.0000000000
6383  28.396  -76.145  11.287 0.0000000000
6388  37.765  -76.576  10.908 0.0000000000
6389  29.453  -76.974  11.081 0.0000000000
6390  28.794  -76.585  10.925 0.0000000000
6391  28.234  -76.073  10.797 0.0000000000
6396  37.204  -76.649  10.209 0.0000000000
6397  36.689  -76.745  9.524 0.0000000000
6398  36.069  -76.823  8.957 0.0000000000
6399  29.419  -76.895  9.599 0.0000000000
6400  28.765  -76.337  10.121 0.0000000000
6412  35.442  -76.993  8.555 0.0000000000
6413  34.702  -76.770  8.220 0.0000000000
6414  33.937  -76.469  7.846 0.0000000000
6415  29.603  -76.784  8.860 0.0000000000
6416  28.999  -76.210  9.255 0.0000000000
6427  34.074  -77.217  7.603 0.0000000000
6428  33.624  -76.499  7.039 0.0000000000
6429  30.520  -76.201  7.239 0.0000000000
6430  29.995  -76.537  8.139 0.0000000000
6438  33.689  -77.167  5.974 0.0000000000
6439  31.479  -75.970  5.688 0.0000000000
6450  33.965  -76.466  4.392 0.0000000000
6451  33.549  -77.200  4.643 0.0000000000
6452  32.739  -77.419  4.663 0.0000000000
6453  32.202  -76.706  4.856 0.0000000000
6454  25.310  -76.281  5.265 0.0000000000
6465  34.016  -76.092  3.929 0.0000000000
6466  33.501  -76.659  4.257 0.0000000000
6467  32.930  -76.691  4.233 0.0000000000
6468  26.288  -76.970  4.196 0.0000000000
6469  25.791  -76.652  4.714 0.0000000000
6483  33.504  -76.063  3.908 0.0000000000
6484  27.260  -76.913  3.039 0.0000000000
6485  26.756  -76.297  3.642 0.0000000000
6500  28.231  -77.105  1.955 0.0000000000
6501  27.845  -76.372  2.439 0.0000000000
6509  29.410  -76.758  0.940 0.0000000000
6510  28.608  -76.473  1.727 0.0000000000
6515  30.279  -76.987  -0.381 0.0000000000
6516  30.127  -76.561  0.259 0.0000000000
6524  30.617  -76.658  -1.147 0.0000000000
6533  30.272  -76.497  -2.217 0.0000000000
6545  29.797  -76.114  -2.852 0.0000000000
6546  29.438  -76.738  -2.505 0.0000000000
6547  28.658  -76.541  -2.631 0.0000000000
6548  28.285  -77.135  -2.326 0.0000000000
6755  36.422  -75.698  42.594 0.0000000000
6756  35.239  -76.335  42.834 0.0000000000
6757  34.229  -76.410  42.851 0.0000000000
6758  33.381  -76.859  42.852 0.0000000000
6769  37.462  -75.417  41.806 0.0000000000
6770  36.799  -75.838  42.210 0.0000000000
6771  33.342  -75.782  42.452 0.0000000000
6772  32.612  -76.629  42.444 0.0000000000
6773  31.955  -75.938  41.692 0.0000000000
6792  36.840  -75.973  41.350 0.0000000000
6793  36.051  -76.309  40.772 0.0000000000
6794  35.166  -76.824  41.000 0.0000000000
6795  34.174  -76.371  40.304 0.0000000000
6796  31.430  -75.740  40.966 0.0000000000
6811  37.304  -75.582  40.784 0.0000000000
6812  36.229  -75.682  39.731 0.0000000000
6813  35.285  -76.006  40.148 0.0000000000
6814  33.252  -76.380  39.928 0.0000000000
6815  32.768  -75.923  39.277 0.0000000000
6816  31.022  -75.447  40.035 0.0000000000
6817  30.625  -75.563  39.087 0.0000000000
6826  36.923  -75.569  39.739 0.0000000000
6827  32.530  -75.575  38.393 0.0000000000
6828  30.390  -75.657  38.209 0.0000000000
6838  32.356  -75.437  37.478 0.0000000000
6839  30.044  -75.899  37.352 0.0000000000
6843  32.305  -75.341  36.610 0.0000000000
6844  29.433  -76.308  36.421 0.0000000000
6847  32.651  -76.153  35.083 0.0000000000
6848  28.980  -76.149  35.495 0.0000000000
6849  28.713  -75.865  34.751 0.0000000000
6854  28.598  -75.656  34.116 0.0000000000
6868  33.555  -75.517  33.297 0.0000000000
6869  32.947  -74.968  33.909 0.0000000000
6870  31.165  -76.046  33.128 0.0000000000
6871  29.967  -75.963  33.460 0.0000000000
6872  28.700  -75.637  33.717 0.0000000000
6884  34.792  -76.011  32.020 0.0000000000
6885  34.162  -75.837  32.672 0.0000000000
6886  32.200  -75.612  31.742 0.0000000000
6887  31.484  -75.360  32.473 0.0000000000
6888  30.451  -75.237  32.902 0.0000000000
6889  29.299  -75.222  32.969 0.0000000000
6895  35.551  -76.051  31.477 0.0000000000
6904  37.047  -75.690  30.547 0.0000000000
6905  36.400  -76.004  31.043 0.0000000000
6915  38.049  -75.417  29.987 0.0000000000
6916  37.247  -75.924  30.053 0.0000000000
6917  36.527  -76.278  29.952 0.0000000000
6923  37.324  -75.461  29.153 0.0000000000
6924  36.329  -75.910  29.178 0.0000000000
6930  36.819  -75.150  27.662 0.0000000000
6931  35.993  -75.601  28.062 0.0000000000
6936  37.665  -75.036  26.061 0.0000000000
6937  36.925  -75.390  26.389 0.0000000000
6938  35.957  -75.784  26.886 0.0000000000
6950  37.533  -75.416  25.098 0.0000000000
6951  37.097  -75.894  25.346 0.0000000000
6965  37.569  -75.676  24.285 0.0000000000
6970  37.665  -75.782  23.484 0.0000000000
6975  37.750  -75.880  22.774 0.0000000000
6976  35.534  -76.923  21.646 0.0000000000
6986  37.776  -76.246  21.381 0.0000000000
6995  37.725  -76.126  20.494 0.0000000000
6996  37.317  -75.621  19.828 0.0000000000
7008  37.301  -76.327  19.140 0.0000000000
7009  36.822  -76.027  18.626 0.0000000000
7015  36.488  -76.306  18.051 0.0000000000
7016  35.507  -75.553  17.778 0.0000000000
7023  36.081  -76.648  17.407 0.0000000000
7024  35.024  -75.922  17.172 0.0000000000
7025  34.040  -75.395  16.908 0.0000000000
7033  34.607  -76.398  16.608 0.0000000000
7034  33.611  -75.783  16.515 0.0000000000
7035  32.748  -75.838  16.358 0.0000000000
7036  31.616  -75.538  16.396 0.0000000000
7037  30.588  -75.432  16.414 0.0000000000
7046  38.716  -75.828  13.856 0.0000000000
7050  38.959  -75.930  13.546 0.0000000000
7051  38.701  -76.237  13.494 0.0000000000
7052  38.223  -76.152  13.649 0.0000000000
7053  37.338  -76.189  13.306 0.0000000000
7057  38.920  -76.314  12.943 0.0000000000
7058  36.374  -76.044  12.800 0.0000000000
7059  35.366  -75.792  12.346 0.0000000000
7060  34.445  -75.597  12.081 0.0000000000
7064  29.982  -75.698  12.149 0.0000000000
7065  29.310  -75.476  12.298 0.0000000000
7073  38.815  -76.252  12.115 0.0000000000
7074  34.009  -76.389  11.851 0.0000000000
7075  33.014  -76.248  11.843 0.0000000000
7076  32.032  -76.331  11.902 0.0000000000
7077  28.240  -75.851  11.781 0.0000000000
7084  38.720  -75.460  11.026 0.0000000000
7085  37.699  -75.719  9.681 0.0000000000
7092  37.361  -75.388  9.076 0.0000000000
7093  36.593  -75.985  8.907 0.0000000000
7094  34.882  -75.437  8.819 0.0000000000
7101  34.255  -75.842  8.376 0.0000000000
7102  33.684  -75.849  7.760 0.0000000000
7103  29.330  -75.951  8.561 0.0000000000
7112  33.565  -75.460  7.277 0.0000000000
7113  30.116  -75.197  7.264 0.0000000000
7114  29.740  -75.610  7.849 0.0000000000
7115  29.056  -75.030  8.189 0.0000000000
7124  34.108  -75.742  5.595 0.0000000000
7125  33.712  -76.127  6.365 0.0000000000
7126  30.725  -75.282  6.538 0.0000000000
7140  34.303  -76.049  4.748 0.0000000000
7141  33.956  -76.731  5.156 0.0000000000
7142  31.857  -75.560  4.987 0.0000000000
7143  31.184  -74.855  5.731 0.0000000000
7157  34.403  -75.731  4.250 0.0000000000
7158  32.890  -75.736  4.028 0.0000000000
7159  32.444  -76.025  4.434 0.0000000000
7160  26.985  -74.756  4.162 0.0000000000
7161  26.406  -75.044  4.650 0.0000000000
7162  25.817  -75.700  4.888 0.0000000000
7176  34.435  -75.434  3.831 0.0000000000
7177  33.972  -75.651  3.686 0.0000000000
7178  33.497  -75.198  3.673 0.0000000000
7179  27.131  -75.345  3.538 0.0000000000
7180  26.688  -75.461  4.037 0.0000000000
7188  28.360  -75.519  2.176 0.0000000000
7189  27.695  -75.239  2.877 0.0000000000
7196  29.844  -75.855  0.824 0.0000000000
7197  29.089  -75.718  1.496 0.0000000000
7209  30.871  -75.573  -0.097 0.0000000000
7226  31.067  -75.939  -0.834 0.0000000000
7242  30.929  -76.075  -1.848 0.0000000000
7454  35.837  -75.669  42.742 0.0000000000
7455  34.941  -75.532  42.700 0.0000000000
7456  34.077  -75.316  42.462 0.0000000000
7466  38.334  -74.245  41.786 0.0000000000
7467  38.003  -74.785  41.958 0.0000000000
7468  37.251  -75.168  42.376 0.0000000000
7469  35.522  -74.807  42.476 0.0000000000
7470  34.509  -74.565  42.211 0.0000000000
7471  33.457  -74.511  41.854 0.0000000000
7472  32.517  -75.071  41.679 0.0000000000
7473  31.744  -74.865  41.072 0.0000000000
7484  38.457  -74.655  40.707 0.0000000000
7485  38.019  -75.051  41.307 0.0000000000
7486  32.040  -74.029  40.982 0.0000000000
7487  31.508  -74.021  40.527 0.0000000000
7497  37.919  -74.857  39.255 0.0000000000
7498  37.639  -75.228  40.122 0.0000000000
7499  35.506  -75.290  39.460 0.0000000000
7500  34.392  -75.264  39.615 0.0000000000
7501  33.450  -75.442  39.475 0.0000000000
7502  31.134  -74.254  39.978 0.0000000000
7503  30.807  -74.613  39.274 0.0000000000
7510  37.879  -74.732  37.889 0.0000000000
7511  37.227  -75.306  39.125 0.0000000000
7512  36.703  -75.300  38.924 0.0000000000
7513  35.991  -74.896  38.782 0.0000000000
7514  34.760  -74.517  39.127 0.0000000000
7515  33.731  -74.556  39.066 0.0000000000
7516  32.943  -74.912  38.811 0.0000000000
7517  30.597  -74.924  38.554 0.0000000000
7530  38.242  -74.551  36.745 0.0000000000
7531  37.680  -74.702  37.183 0.0000000000
7532  37.102  -74.793  37.602 0.0000000000
7533  36.284  -74.427  38.086 0.0000000000
7534  32.638  -74.604  37.862 0.0000000000
7535  30.431  -74.860  37.680 0.0000000000
7539  29.992  -75.262  36.713 0.0000000000
7540  29.471  -75.504  35.993 0.0000000000
7545  32.427  -74.383  36.415 0.0000000000
7546  29.855  -74.616  36.068 0.0000000000
7547  29.110  -75.247  35.293 0.0000000000
7548  28.658  -74.919  34.374 0.0000000000
7553  32.560  -74.284  34.555 0.0000000000
7554  28.511  -74.299  33.662 0.0000000000
7566  33.363  -74.629  33.200 0.0000000000
7567  32.818  -74.086  33.762 0.0000000000
7568  28.699  -75.099  33.128 0.0000000000
7584  34.308  -75.189  32.237 0.0000000000
7585  33.794  -74.354  32.457 0.0000000000
7586  30.880  -74.570  32.434 0.0000000000
7587  29.737  -74.614  32.532 0.0000000000
7588  28.468  -74.386  32.835 0.0000000000
7596  35.641  -75.248  31.208 0.0000000000
7597  34.878  -74.498  31.407 0.0000000000
7604  37.228  -74.997  30.521 0.0000000000
7605  36.387  -75.087  30.803 0.0000000000
7616  38.862  -74.645  29.662 0.0000000000
7617  38.197  -75.007  30.186 0.0000000000
7618  37.657  -75.490  30.324 0.0000000000
7630  39.983  -74.263  28.594 0.0000000000
7631  39.408  -74.408  29.283 0.0000000000
7632  38.685  -75.003  29.660 0.0000000000
7639  38.894  -74.618  28.355 0.0000000000
7640  37.944  -75.014  28.641 0.0000000000
7647  39.405  -74.313  27.532 0.0000000000
7648  38.390  -74.512  26.902 0.0000000000
7649  37.712  -74.801  27.273 0.0000000000
7656  37.906  -74.625  25.846 0.0000000000
7671  37.663  -75.048  24.012 0.0000000000
7699  37.440  -74.605  22.431 0.0000000000
7700  37.343  -74.671  21.516 0.0000000000
7715  37.658  -75.503  21.212 0.0000000000
7730  37.350  -75.090  20.642 0.0000000000
7731  36.572  -74.616  19.995 0.0000000000
7742  36.701  -75.356  19.194 0.0000000000
7743  35.326  -74.258  18.923 0.0000000000
7748  35.975  -75.187  18.543 0.0000000000
7749  34.968  -74.630  18.189 0.0000000000
7750  34.081  -74.205  17.889 0.0000000000
7757  34.521  -74.995  17.498 0.0000000000
7758  33.599  -74.598  17.264 0.0000000000
7759  32.759  -74.220  17.069 0.0000000000
7769  33.021  -75.024  16.724 0.0000000000
7770  32.305  -74.500  16.730 0.0000000000
7771  31.612  -74.387  16.572 0.0000000000
7784  39.137  -74.777  14.429 0.0000000000
7785  38.867  -75.280  14.198 0.0000000000
7786  38.339  -75.429  14.116 0.0000000000
7798  39.121  -75.341  13.899 0.0000000000
7799  37.479  -75.329  13.760 0.0000000000
7800  36.556  -75.130  13.247 0.0000000000
7801  35.888  -74.145  13.167 0.0000000000
7816  39.255  -75.569  13.132 0.0000000000
7817  39.150  -75.580  12.178 0.0000000000
7818  35.646  -74.924  12.736 0.0000000000
7838  39.215  -74.583  11.184 0.0000000000
7851  39.345  -73.646  10.220 0.0000000000
7852  38.816  -74.394  10.015 0.0000000000
7853  38.292  -75.049  9.740 0.0000000000
7864  38.402  -74.259  9.270 0.0000000000
7865  37.957  -74.901  9.078 0.0000000000
7866  36.858  -75.145  8.913 0.0000000000
7867  36.032  -74.701  9.149 0.0000000000
7868  34.922  -74.651  9.207 0.0000000000
7879  34.150  -74.913  8.796 0.0000000000
7880  33.616  -75.111  8.137 0.0000000000
7895  33.497  -74.340  7.574 0.0000000000
7896  29.489  -74.664  7.525 0.0000000000
7897  28.745  -74.169  7.638 0.0000000000
7904  34.296  -74.795  5.862 0.0000000000
7905  33.686  -75.118  6.635 0.0000000000
7906  30.446  -74.126  6.283 0.0000000000
7907  29.985  -74.390  6.928 0.0000000000
7922  35.479  -74.354  4.503 0.0000000000
7923  34.792  -75.229  4.805 0.0000000000
7924  31.587  -74.427  5.095 0.0000000000
7925  30.850  -73.787  5.660 0.0000000000
7926  27.180  -73.826  5.232 0.0000000000
7939  35.411  -74.457  3.964 0.0000000000
7940  34.988  -75.027  4.112 0.0000000000
7941  32.733  -74.851  4.051 0.0000000000
7942  32.270  -75.120  4.477 0.0000000000
7943  27.349  -74.035  4.454 0.0000000000
7944  26.867  -74.369  4.771 0.0000000000
7954  34.946  -74.767  3.707 0.0000000000
7955  34.277  -75.024  3.533 0.0000000000
7956  28.165  -73.925  3.175 0.0000000000
7957  27.550  -74.461  3.601 0.0000000000
7968  28.710  -74.002  2.458 0.0000000000
7980  28.840  -74.810  1.966 0.0000000000
8228  36.138  -74.243  42.201 0.0000000000
8229  35.066  -73.890  41.957 0.0000000000
8230  34.057  -73.653  41.666 0.0000000000
8231  32.671  -74.027  41.326 0.0000000000
8243  39.636  -73.535  40.809 0.0000000000
8244  39.185  -74.025  41.211 0.0000000000
8245  32.819  -72.671  40.899 0.0000000000
8246  32.340  -73.271  40.913 0.0000000000
8247  31.666  -73.215  40.545 0.0000000000
8255  39.239  -73.827  39.635 0.0000000000
8256  38.925  -74.243  40.206 0.0000000000
8257  31.187  -73.328  40.078 0.0000000000
8258  30.888  -73.639  39.365 0.0000000000
8267  38.467  -74.396  38.958 0.0000000000
8268  35.201  -73.968  38.539 0.0000000000
8269  34.086  -73.839  38.630 0.0000000000
8270  33.236  -74.102  38.353 0.0000000000
8271  30.679  -74.126  38.514 0.0000000000
8285  38.679  -74.287  36.643 0.0000000000
8286  37.420  -74.514  36.956 0.0000000000
8287  35.588  -73.539  37.907 0.0000000000
8288  34.487  -73.255  38.093 0.0000000000
8289  33.573  -73.393  37.927 0.0000000000
8290  32.891  -73.761  37.566 0.0000000000
8291  30.563  -73.858  37.614 0.0000000000
8295  38.778  -74.374  36.012 0.0000000000
8296  38.139  -74.475  36.331 0.0000000000
8297  32.688  -73.593  36.792 0.0000000000
8298  30.370  -73.789  36.689 0.0000000000
8303  38.783  -74.224  35.686 0.0000000000
8304  32.524  -73.555  35.976 0.0000000000
8305  30.047  -73.708  35.840 0.0000000000
8306  29.370  -74.319  35.172 0.0000000000
8308  32.590  -72.952  34.658 0.0000000000
8309  28.968  -73.811  34.355 0.0000000000
8317  33.224  -73.792  33.090 0.0000000000
8318  32.777  -73.219  33.736 0.0000000000
8333  34.216  -73.775  31.808 0.0000000000
8334  33.558  -73.386  32.481 0.0000000000
8348  34.382  -73.111  31.433 0.0000000000
8355  35.500  -74.364  30.952 0.0000000000
8359  38.195  -73.989  29.785 0.0000000000
8360  37.129  -74.068  30.125 0.0000000000
8361  36.126  -74.038  30.498 0.0000000000
8372  40.068  -74.063  29.031 0.0000000000
8373  39.335  -74.202  29.450 0.0000000000
8384  41.425  -72.793  27.539 0.0000000000
8385  41.125  -73.141  28.105 0.0000000000
8386  40.566  -73.694  28.296 0.0000000000
8387  40.197  -74.126  27.793 0.0000000000
8394  41.214  -73.205  27.597 0.0000000000
8395  40.579  -73.700  27.344 0.0000000000
8396  39.712  -73.997  26.953 0.0000000000
8397  38.756  -74.183  26.572 0.0000000000
8402  40.014  -73.417  26.525 0.0000000000
8403  38.899  -73.610  26.156 0.0000000000
8410  37.453  -74.298  24.146 0.0000000000
8411  37.300  -73.641  24.624 0.0000000000
8418  37.440  -74.490  23.328 0.0000000000
8419  37.030  -73.635  23.722 0.0000000000
8429  36.901  -73.918  21.996 0.0000000000
8430  36.306  -73.185  22.140 0.0000000000
8444  36.304  -73.524  21.357 0.0000000000
8458  36.764  -74.254  20.905 0.0000000000
8459  36.009  -73.727  20.499 0.0000000000
8468  35.662  -73.967  19.694 0.0000000000
8476  34.494  -73.849  18.600 0.0000000000
8486  33.245  -73.840  17.618 0.0000000000
8496  40.010  -73.327  16.278 0.0000000000
8497  39.607  -73.388  16.165 0.0000000000
8498  32.008  -73.863  16.856 0.0000000000
8508  40.115  -73.338  15.841 0.0000000000
8509  39.802  -73.638  15.689 0.0000000000
8510  39.320  -73.833  15.532 0.0000000000
8511  38.492  -73.652  15.316 0.0000000000
8523  39.892  -73.792  14.526 0.0000000000
8524  39.492  -74.111  14.963 0.0000000000
8525  38.975  -74.500  14.881 0.0000000000
8526  38.044  -74.100  14.739 0.0000000000
8527  36.953  -73.542  14.258 0.0000000000
8539  39.791  -73.950  13.531 0.0000000000
8540  39.486  -74.542  14.199 0.0000000000
8541  37.673  -74.620  14.234 0.0000000000
8542  36.747  -74.328  13.705 0.0000000000
8553  39.914  -73.243  11.957 0.0000000000
8554  39.749  -73.946  12.580 0.0000000000
8566  39.647  -73.705  11.413 0.0000000000
8570  36.191  -73.247  9.799 0.0000000000
8571  34.981  -73.097  9.959 0.0000000000
8576  39.534  -72.705  9.636 0.0000000000
8577  38.945  -73.547  9.403 0.0000000000
8578  38.012  -74.176  8.950 0.0000000000
8579  36.876  -74.231  9.168 0.0000000000
8580  35.565  -73.949  9.528 0.0000000000
8581  34.481  -73.719  9.511 0.0000000000
8582  33.788  -73.535  9.200 0.0000000000
8585  33.476  -73.365  8.539 0.0000000000
8590  33.444  -73.391  7.856 0.0000000000
8591  29.235  -73.835  7.076 0.0000000000
8592  28.498  -73.530  6.976 0.0000000000
8595  34.490  -73.722  6.131 0.0000000000
8596  33.696  -73.517  7.073 0.0000000000
8597  29.678  -73.570  6.507 0.0000000000
8598  28.486  -73.192  6.150 0.0000000000
8606  31.214  -73.334  5.120 0.0000000000
8607  30.113  -73.241  5.956 0.0000000000
8608  29.324  -72.984  5.954 0.0000000000
8609  28.874  -72.798  5.454 0.0000000000
8610  27.713  -73.387  5.772 0.0000000000
8622  32.091  -73.897  4.496 0.0000000000
8623  28.487  -72.872  4.673 0.0000000000
8624  27.782  -73.410  4.949 0.0000000000
8636  34.725  -74.239  3.347 0.0000000000
8637  33.904  -74.287  3.404 0.0000000000
8639  28.496  -73.081  3.672 0.0000000000
8640  27.910  -73.573  4.078 0.0000000000
8652  28.687  -73.366  2.944 0.0000000000
8905  38.152  -73.837  41.752 0.0000000000
8906  36.930  -73.783  41.833 0.0000000000
8907  35.644  -73.343  41.632 0.0000000000
8908  34.597  -73.006  41.469 0.0000000000
8909  33.673  -72.808  41.227 0.0000000000
8922  39.436  -73.394  41.207 0.0000000000
8923  37.351  -73.018  41.143 0.0000000000
8924  36.155  -72.827  41.205 0.0000000000
8925  35.120  -72.448  41.151 0.0000000000
8926  34.191  -72.221  41.034 0.0000000000
8927  33.349  -72.110  40.817 0.0000000000
8928  31.958  -72.420  40.531 0.0000000000
8929  31.257  -72.499  40.157 0.0000000000
8939  30.894  -72.685  39.545 0.0000000000
8954  30.665  -71.987  39.005 0.0000000000
8969  36.050  -73.202  37.332 0.0000000000
8970  34.930  -72.716  37.595 0.0000000000
8971  33.928  -72.709  37.504 0.0000000000
8972  33.170  -73.059  37.180 0.0000000000
8973  30.718  -72.148  37.950 0.0000000000
8979  37.863  -73.803  35.903 0.0000000000
8980  36.744  -73.071  36.667 0.0000000000
8981  35.515  -72.313  37.046 0.0000000000
8982  34.382  -72.080  37.055 0.0000000000
8983  33.479  -72.324  36.750 0.0000000000
8984  32.846  -72.864  36.369 0.0000000000
8985  30.625  -72.236  36.756 0.0000000000
8992  38.576  -73.728  35.404 0.0000000000
8993  33.047  -72.037  35.853 0.0000000000
8994  32.735  -72.210  34.965 0.0000000000
8995  30.230  -72.815  35.654 0.0000000000
8996  29.612  -72.941  34.738 0.0000000000
9001  32.754  -72.404  34.099 0.0000000000
9007  32.962  -72.627  33.397 0.0000000000
9018  33.314  -72.479  32.722 0.0000000000
9032  34.261  -72.308  31.314 0.0000000000
9033  33.843  -72.832  31.930 0.0000000000
9045  35.378  -73.047  30.461 0.0000000000
9054  36.818  -73.040  29.598 0.0000000000
9055  36.100  -73.138  30.013 0.0000000000
9056  35.377  -72.304  30.036 0.0000000000
9062  40.461  -73.514  28.550 0.0000000000
9063  39.730  -73.644  29.032 0.0000000000
9064  38.556  -73.320  29.121 0.0000000000
9065  37.363  -72.742  29.077 0.0000000000
9076  41.741  -72.381  27.209 0.0000000000
9077  41.383  -72.637  27.628 0.0000000000
9078  40.957  -72.893  28.219 0.0000000000
9079  39.990  -72.898  28.521 0.0000000000
9093  41.724  -72.586  26.903 0.0000000000
9094  41.051  -73.139  26.725 0.0000000000
9104  42.129  -72.088  26.288 0.0000000000
9105  41.519  -72.425  26.183 0.0000000000
9106  40.263  -72.645  26.007 0.0000000000
9107  38.365  -72.747  25.743 0.0000000000
9108  37.796  -73.378  25.502 0.0000000000
9109  37.484  -72.324  25.457 0.0000000000
9177  40.529  -72.440  17.948 0.0000000000
9192  40.523  -72.644  17.432 0.0000000000
9193  39.993  -72.586  17.603 0.0000000000
9194  39.419  -72.581  17.119 0.0000000000
9200  40.376  -72.838  16.618 0.0000000000
9201  39.944  -73.004  16.879 0.0000000000
9202  39.160  -72.884  16.552 0.0000000000
9203  38.264  -72.368  16.164 0.0000000000
9215  40.399  -72.773  15.756 0.0000000000
9216  38.805  -73.238  15.944 0.0000000000
9217  37.904  -72.721  15.540 0.0000000000
9230  40.159  -73.300  15.154 0.0000000000
9231  37.508  -73.097  14.902 0.0000000000
9238  40.013  -73.126  13.603 0.0000000000
9246  39.961  -73.192  12.696 0.0000000000
9256  40.166  -72.577  11.833 0.0000000000
9257  40.008  -72.845  11.137 0.0000000000
9259  40.114  -72.345  10.232 0.0000000000
9260  39.770  -73.043  10.440 0.0000000000
9261  36.789  -72.452  10.079 0.0000000000
9262  35.528  -72.379  10.311 0.0000000000
9263  34.466  -72.273  10.223 0.0000000000
9268  39.041  -72.871  9.217 0.0000000000
9269  38.327  -72.973  9.226 0.0000000000
9270  37.444  -73.346  9.385 0.0000000000
9271  34.053  -72.904  9.722 0.0000000000
9272  33.461  -72.632  9.122 0.0000000000
9275  33.422  -72.661  8.225 0.0000000000
9287  30.679  -72.537  5.004 0.0000000000
9288  29.913  -72.626  5.387 0.0000000000
9295  32.448  -72.910  4.123 0.0000000000
9296  31.532  -72.682  4.627 0.0000000000
9297  30.144  -72.103  4.684 0.0000000000
9299  29.342  -72.396  4.869 0.0000000000
9316  29.026  -72.373  4.016 0.0000000000
9632  39.485  -72.762  41.048 0.0000000000
9633  38.159  -72.528  40.658 0.0000000000
9634  36.783  -72.093  40.282 0.0000000000
9635  35.069  -71.098  40.292 0.0000000000
9636  34.672  -71.661  40.718 0.0000000000
9637  33.822  -71.504  40.666 0.0000000000
9638  32.100  -71.587  40.353 0.0000000000
9639  31.386  -71.733  40.108 0.0000000000
9650  37.555  -71.803  39.898 0.0000000000
9651  36.753  -71.394  39.594 0.0000000000
9652  35.932  -71.274  39.904 0.0000000000
9653  30.923  -71.823  39.700 0.0000000000
9654  30.629  -71.142  39.300 0.0000000000
9670  30.543  -71.192  38.515 0.0000000000
9682  30.671  -71.487  37.507 0.0000000000
9689  37.919  -72.985  35.518 0.0000000000
9690  37.119  -72.454  36.082 0.0000000000
9691  36.080  -71.862  36.538 0.0000000000
9692  34.977  -71.489  36.663 0.0000000000
9693  33.853  -71.446  36.362 0.0000000000
9699  38.644  -72.890  34.958 0.0000000000
9700  37.453  -71.901  35.564 0.0000000000
9701  33.383  -71.243  35.563 0.0000000000
9702  32.989  -71.621  35.153 0.0000000000
9710  38.557  -71.696  34.643 0.0000000000
9711  33.176  -71.118  34.932 0.0000000000
9712  32.952  -71.574  34.388 0.0000000000
9720  33.156  -71.136  33.634 0.0000000000
9743  34.383  -71.669  30.834 0.0000000000
9744  33.909  -71.384  31.403 0.0000000000
9755  34.746  -71.538  30.163 0.0000000000
9765  36.354  -72.090  29.082 0.0000000000
9766  35.436  -71.530  29.387 0.0000000000
9775  38.845  -72.688  28.572 0.0000000000
9776  37.774  -72.288  28.539 0.0000000000
9777  36.828  -71.799  28.525 0.0000000000
9778  36.006  -71.177  28.520 0.0000000000
9785  41.927  -72.063  27.195 0.0000000000
9786  41.201  -72.136  27.584 0.0000000000
9787  40.136  -72.102  27.808 0.0000000000
9788  39.015  -71.991  27.958 0.0000000000
9789  38.136  -71.178  27.634 0.0000000000
9790  37.247  -71.349  27.957 0.0000000000
9794  42.974  -71.017  26.109 0.0000000000
9795  42.242  -71.897  26.580 0.0000000000
9803  42.500  -71.663  26.123 0.0000000000
9804  42.092  -71.868  25.855 0.0000000000
9805  41.007  -71.929  25.661 0.0000000000
9806  39.619  -71.713  25.611 0.0000000000
9871  41.179  -71.608  18.963 0.0000000000
9880  41.501  -71.835  18.312 0.0000000000
9881  40.783  -72.091  18.395 0.0000000000
9882  40.028  -72.102  18.157 0.0000000000
9883  39.381  -71.434  18.208 0.0000000000
9896  41.501  -71.764  17.581 0.0000000000
9897  41.069  -72.381  17.902 0.0000000000
9898  39.179  -71.882  17.571 0.0000000000
9899  38.205  -71.181  17.079 0.0000000000
9909  41.027  -72.365  17.193 0.0000000000
9910  38.645  -72.067  16.814 0.0000000000
9911  37.794  -71.481  16.392 0.0000000000
9931  40.777  -72.199  16.352 0.0000000000
9947  40.275  -72.467  14.800 0.0000000000
9956  40.358  -71.405  13.109 0.0000000000
9971  40.537  -71.772  11.488 0.0000000000
9985  40.611  -71.540  10.324 0.0000000000
9994  40.085  -71.752  9.651 0.0000000000
9995  38.181  -71.444  10.014 0.0000000000
9996  37.799  -72.211  9.772 0.0000000000
9997  36.023  -71.607  10.633 0.0000000000
10009  39.532  -72.018  9.454 0.0000000000
10010  38.833  -72.198  9.351 0.0000000000
10046  30.937  -71.954  4.481 0.0000000000
10418  34.662  -70.514  40.076 0.0000000000
10419  34.284  -70.928  40.404 0.0000000000
10420  33.458  -70.793  40.328 0.0000000000
10421  32.485  -70.834  40.176 0.0000000000
10422  31.549  -71.013  39.992 0.0000000000
10434  35.299  -70.518  39.734 0.0000000000
10435  33.051  -69.996  39.914 0.0000000000
10436  31.865  -70.239  39.794 0.0000000000
10437  30.519  -70.439  39.358 0.0000000000
10457  30.266  -70.406  38.671 0.0000000000
10475  30.541  -70.705  37.762 0.0000000000
10483  36.525  -71.356  36.061 0.0000000000
10484  35.573  -71.001  36.255 0.0000000000
10485  34.592  -70.798  36.138 0.0000000000
10486  33.862  -70.786  35.799 0.0000000000
10493  37.759  -71.274  35.113 0.0000000000
10494  36.849  -70.778  35.638 0.0000000000
10495  35.275  -70.260  35.902 0.0000000000
10496  34.294  -70.109  35.571 0.0000000000
10497  33.545  -70.513  35.140 0.0000000000
10508  38.028  -70.567  34.682 0.0000000000
10509  33.256  -70.692  34.340 0.0000000000
10585  42.382  -71.389  26.587 0.0000000000
10586  41.673  -71.372  27.124 0.0000000000
10587  40.468  -71.186  27.352 0.0000000000
10588  38.326  -70.333  27.291 0.0000000000
10589  37.383  -70.480  27.510 0.0000000000
10590  36.459  -70.584  27.834 0.0000000000
10594  43.454  -70.075  25.961 0.0000000000
10595  43.382  -70.243  26.045 0.0000000000
10596  42.961  -70.610  26.282 0.0000000000
10597  42.180  -70.780  26.714 0.0000000000
10598  40.966  -70.196  26.842 0.0000000000
10603  43.372  -70.338  25.969 0.0000000000
10604  42.615  -71.270  25.805 0.0000000000
10605  41.668  -71.291  25.515 0.0000000000
10606  40.297  -71.060  25.446 0.0000000000
10666  42.615  -70.567  19.039 0.0000000000
10667  41.701  -70.966  19.367 0.0000000000
10668  40.610  -70.869  19.387 0.0000000000
10669  39.526  -70.436  19.190 0.0000000000
10679  42.508  -70.398  18.255 0.0000000000
10680  42.080  -71.289  18.719 0.0000000000
10681  40.104  -71.436  18.770 0.0000000000
10682  39.030  -70.711  18.543 0.0000000000
10690  42.028  -71.106  17.912 0.0000000000
10691  38.588  -70.915  17.822 0.0000000000
10704  41.683  -70.883  17.192 0.0000000000
10705  41.243  -71.564  16.774 0.0000000000
10726  40.736  -71.234  15.854 0.0000000000
10742  40.355  -70.350  14.180 0.0000000000
10757  40.676  -70.164  13.180 0.0000000000
10768  41.900  -69.713  11.517 0.0000000000
10769  41.333  -70.435  11.771 0.0000000000
10776  41.632  -70.243  10.780 0.0000000000
10777  41.087  -70.985  11.054 0.0000000000
10789  41.309  -69.898  9.724 0.0000000000
10790  41.166  -70.599  10.024 0.0000000000
10791  39.619  -70.545  9.732 0.0000000000
10792  38.587  -70.654  10.193 0.0000000000
10806  40.774  -70.427  9.644 0.0000000000
10807  39.270  -71.371  9.546 0.0000000000
11235  33.226  -69.085  39.564 0.0000000000
11236  31.085  -69.671  39.551 0.0000000000
11237  30.331  -69.726  39.364 0.0000000000
11258  29.992  -69.867  39.113 0.0000000000
11259  29.472  -69.207  38.940 0.0000000000
11279  30.114  -69.819  38.244 0.0000000000
11302  37.156  -70.103  35.204 0.0000000000
11303  36.093  -69.849  35.583 0.0000000000
11304  35.069  -69.525  35.507 0.0000000000
11305  34.388  -69.432  35.206 0.0000000000
11306  33.810  -69.740  34.963 0.0000000000
11317  36.607  -69.168  35.091 0.0000000000
11397  39.474  -70.202  27.080 0.0000000000
11398  38.459  -69.327  27.041 0.0000000000
11399  37.547  -69.192  27.245 0.0000000000
11400  36.858  -69.667  27.432 0.0000000000
11410  43.449  -69.718  26.031 0.0000000000
11411  43.166  -69.594  26.221 0.0000000000
11412  42.177  -69.828  26.598 0.0000000000
11413  39.728  -69.126  26.798 0.0000000000
11418  43.344  -69.883  25.848 0.0000000000
11419  42.726  -69.811  25.510 0.0000000000
11420  41.044  -69.569  25.313 0.0000000000
11465  43.384  -68.892  20.087 0.0000000000
11466  42.782  -69.367  20.044 0.0000000000
11467  41.659  -69.528  20.143 0.0000000000
11468  40.581  -69.419  20.173 0.0000000000
11481  43.561  -68.997  19.605 0.0000000000
11482  43.049  -69.792  19.347 0.0000000000
11483  42.198  -70.179  19.665 0.0000000000
11484  41.135  -70.212  19.788 0.0000000000
11485  39.929  -69.878  19.784 0.0000000000
11496  43.455  -69.208  18.935 0.0000000000
11497  43.034  -69.617  18.523 0.0000000000
11505  42.699  -69.551  17.983 0.0000000000
11506  42.194  -70.086  17.563 0.0000000000
11519  41.595  -70.149  16.940 0.0000000000
11520  41.049  -70.497  16.334 0.0000000000
11543  40.489  -70.217  15.297 0.0000000000
11559  40.431  -69.510  14.435 0.0000000000
11576  41.536  -68.962  12.898 0.0000000000
11577  40.791  -69.552  13.430 0.0000000000
11582  42.143  -69.081  12.085 0.0000000000
11583  41.362  -69.778  12.492 0.0000000000
11590  42.446  -69.052  11.148 0.0000000000
11591  42.065  -69.553  10.556 0.0000000000
11592  40.068  -69.032  10.306 0.0000000000
11605  42.351  -68.945  10.361 0.0000000000
11606  41.861  -69.257  9.926 0.0000000000
11607  41.323  -69.393  9.729 0.0000000000
11608  39.821  -69.771  9.999 0.0000000000
11622  40.452  -70.247  9.611 0.0000000000
12159  32.479  -68.610  39.329 0.0000000000
12160  31.341  -68.895  39.391 0.0000000000
12161  30.239  -69.042  39.458 0.0000000000
12183  29.673  -69.124  39.292 0.0000000000
12226  35.684  -68.957  35.211 0.0000000000
12316  38.832  -68.306  26.906 0.0000000000
12317  37.870  -68.503  27.190 0.0000000000
12334  43.361  -69.103  26.006 0.0000000000
12335  42.898  -68.597  26.222 0.0000000000
12336  42.288  -68.946  26.501 0.0000000000
12337  39.850  -68.085  26.744 0.0000000000
12348  43.313  -69.164  25.870 0.0000000000
12349  42.984  -69.124  25.531 0.0000000000
12350  42.048  -68.912  25.244 0.0000000000
12362  42.998  -68.508  25.568 0.0000000000
12363  42.670  -68.267  25.287 0.0000000000
12364  42.104  -67.981  24.988 0.0000000000
12383  40.381  -67.968  20.952 0.0000000000
12396  43.897  -68.264  20.135 0.0000000000
12397  43.130  -68.559  20.389 0.0000000000
12398  42.086  -68.708  20.506 0.0000000000
12399  40.999  -68.741  20.537 0.0000000000
12411  44.069  -68.233  19.459 0.0000000000
12426  43.765  -68.509  18.923 0.0000000000
12427  43.377  -68.829  18.539 0.0000000000
12438  43.058  -68.855  18.151 0.0000000000
12439  42.511  -69.025  17.709 0.0000000000
12440  41.693  -68.737  17.348 0.0000000000
12452  41.677  -69.454  17.142 0.0000000000
12453  40.918  -68.755  16.755 0.0000000000
12468  40.390  -68.736  15.737 0.0000000000
12480  40.910  -68.238  14.010 0.0000000000
12489  42.652  -67.838  12.589 0.0000000000
12490  41.715  -68.182  13.275 0.0000000000
12491  40.887  -68.828  13.719 0.0000000000
12494  42.797  -68.317  11.665 0.0000000000
12495  42.242  -68.489  12.526 0.0000000000
12504  42.697  -68.376  10.636 0.0000000000
12505  40.435  -68.265  10.617 0.0000000000
12517  42.274  -68.480  10.150 0.0000000000
12518  41.792  -68.707  9.917 0.0000000000
12519  41.040  -68.847  9.898 0.0000000000
13236  39.127  -67.444  26.870 0.0000000000
13237  38.096  -67.552  27.180 0.0000000000
13238  37.096  -67.345  27.365 0.0000000000
13253  43.110  -68.378  25.870 0.0000000000
13254  42.494  -67.741  26.217 0.0000000000
13255  41.424  -67.291  26.485 0.0000000000
13256  40.399  -66.988  26.648 0.0000000000
13271  42.903  -67.858  25.515 0.0000000000
13287  42.749  -67.490  24.900 0.0000000000
13288  42.494  -67.369  24.709 0.0000000000
13315  44.353  -66.909  21.028 0.0000000000
13316  43.265  -67.054  21.305 0.0000000000
13317  41.997  -67.116  21.432 0.0000000000
13318  40.856  -67.285  21.494 0.0000000000
13333  44.760  -66.579  20.192 0.0000000000
13334  44.422  -67.256  20.438 0.0000000000
13335  43.671  -67.664  20.708 0.0000000000
13336  42.552  -67.811  20.892 0.0000000000
13337  41.411  -67.902  20.947 0.0000000000
13355  44.441  -67.467  19.746 0.0000000000
13373  44.114  -67.584  18.943 0.0000000000
13374  43.465  -68.018  18.447 0.0000000000
13375  42.871  -67.329  18.250 0.0000000000
13383  42.930  -68.294  18.098 0.0000000000
13384  42.253  -68.144  17.812 0.0000000000
13385  40.986  -67.949  17.362 0.0000000000
13392  40.268  -67.881  16.443 0.0000000000
13400  40.041  -67.624  15.490 0.0000000000
13414  41.411  -67.460  13.908 0.0000000000
13415  40.540  -67.119  14.654 0.0000000000
13429  43.099  -67.053  12.812 0.0000000000
13430  42.330  -67.458  13.243 0.0000000000
13434  43.405  -66.809  11.100 0.0000000000
13435  43.264  -67.400  11.832 0.0000000000
13444  43.082  -67.620  10.834 0.0000000000
13445  42.101  -67.221  10.515 0.0000000000
13446  40.835  -67.450  10.960 0.0000000000
13452  42.644  -67.890  10.390 0.0000000000
13453  42.321  -67.982  10.212 0.0000000000
13454  41.526  -68.114  10.219 0.0000000000
14121  39.530  -66.830  26.784 0.0000000000
14122  38.677  -66.751  27.020 0.0000000000
14123  37.734  -66.653  27.248 0.0000000000
14137  42.750  -67.501  25.682 0.0000000000
14138  42.014  -66.948  26.175 0.0000000000
14139  40.973  -66.601  26.435 0.0000000000
14140  40.012  -66.383  26.595 0.0000000000
14141  39.157  -66.213  26.782 0.0000000000
14150  42.845  -66.974  24.935 0.0000000000
14151  42.373  -66.654  25.545 0.0000000000
14153  42.829  -66.758  23.806 0.0000000000
14164  43.086  -66.293  23.220 0.0000000000
14165  42.064  -66.497  23.262 0.0000000000
14176  43.990  -65.712  22.630 0.0000000000
14177  43.662  -66.204  22.564 0.0000000000
14178  42.441  -66.417  22.508 0.0000000000
14179  41.166  -66.490  22.597 0.0000000000
14186  44.747  -66.221  21.229 0.0000000000
14187  43.021  -66.572  21.852 0.0000000000
14188  41.535  -66.696  21.923 0.0000000000
14190  44.905  -66.017  20.682 0.0000000000
14191  44.747  -66.540  20.711 0.0000000000
14199  44.400  -66.546  19.366 0.0000000000
14200  43.672  -66.096  19.065 0.0000000000
14217  43.733  -66.927  18.648 0.0000000000
14218  43.131  -66.474  18.666 0.0000000000
14219  42.102  -66.455  18.520 0.0000000000
14220  40.880  -66.204  18.584 0.0000000000
14234  41.738  -67.272  17.966 0.0000000000
14235  40.149  -66.569  17.792 0.0000000000
14243  39.657  -66.979  16.196 0.0000000000
14251  39.850  -66.704  15.230 0.0000000000
14266  42.714  -65.770  13.820 0.0000000000
14267  41.589  -66.451  14.124 0.0000000000
14268  40.614  -66.135  14.612 0.0000000000
14283  43.846  -65.827  12.324 0.0000000000
14284  43.453  -66.081  13.116 0.0000000000
14285  42.500  -66.731  13.547 0.0000000000
14291  43.686  -66.009  11.497 0.0000000000
14292  43.590  -66.564  12.114 0.0000000000
14293  39.955  -65.933  12.166 0.0000000000
14304  40.990  -65.966  11.611 0.0000000000
14305  40.104  -66.755  11.811 0.0000000000
14308  42.849  -67.192  10.629 0.0000000000
14957  38.318  -66.046  27.035 0.0000000000
14958  37.403  -65.881  27.185 0.0000000000
14971  41.471  -66.245  25.990 0.0000000000
14972  40.502  -65.964  26.245 0.0000000000
14973  39.601  -65.766  26.420 0.0000000000
14974  38.760  -65.589  26.596 0.0000000000
14975  37.928  -65.390  26.766 0.0000000000
14976  37.057  -65.176  26.873 0.0000000000
14984  42.485  -66.171  25.106 0.0000000000
14985  41.899  -65.844  25.324 0.0000000000
14986  40.944  -65.516  25.581 0.0000000000
14987  40.019  -65.275  25.764 0.0000000000
14988  39.149  -65.088  25.958 0.0000000000
14991  42.995  -65.992  24.231 0.0000000000
14992  42.371  -65.430  24.606 0.0000000000
14994  43.504  -65.536  23.331 0.0000000000
15001  44.416  -65.213  22.233 0.0000000000
15008  44.677  -65.412  21.330 0.0000000000
15011  44.661  -65.441  20.496 0.0000000000
15012  43.995  -64.979  20.170 0.0000000000
15015  44.787  -66.006  20.097 0.0000000000
15016  44.294  -65.668  19.689 0.0000000000
15017  43.400  -65.470  19.441 0.0000000000
15018  42.311  -65.455  19.343 0.0000000000
15019  41.135  -65.477  19.277 0.0000000000
15020  39.996  -65.475  19.134 0.0000000000
15033  42.792  -65.913  18.974 0.0000000000
15034  41.686  -65.863  18.970 0.0000000000
15035  40.491  -65.820  18.838 0.0000000000
15053  39.783  -66.033  18.246 0.0000000000
15093  43.003  -64.725  13.944 0.0000000000
15094  41.790  -65.429  14.210 0.0000000000
15095  40.736  -65.124  14.525 0.0000000000
15114  43.948  -65.149  12.916 0.0000000000
15115  43.449  -65.245  13.547 0.0000000000
15126  43.989  -65.282  11.961 0.0000000000
15127  40.271  -65.238  12.074 0.0000000000
15139  43.518  -65.353  11.442 0.0000000000
15140  43.053  -65.496  11.117 0.0000000000
15141  42.200  -65.674  11.174 0.0000000000
15142  41.299  -64.989  11.645 0.0000000000
15834  38.337  -64.876  26.200 0.0000000000
15835  37.524  -64.674  26.367 0.0000000000
15836  36.689  -64.471  26.453 0.0000000000
15847  41.447  -64.985  24.871 0.0000000000
15848  40.523  -64.638  25.063 0.0000000000
15849  39.638  -64.378  25.259 0.0000000000
15850  38.769  -64.208  25.484 0.0000000000
15851  37.956  -64.046  25.724 0.0000000000
15852  37.162  -63.881  25.889 0.0000000000
15856  42.924  -64.921  23.881 0.0000000000
15857  42.045  -64.365  24.248 0.0000000000
15858  41.140  -63.914  24.432 0.0000000000
15859  40.248  -63.543  24.601 0.0000000000
15863  43.999  -65.124  22.782 0.0000000000
15864  43.473  -64.408  23.072 0.0000000000
15865  42.501  -63.867  23.521 0.0000000000
15873  44.040  -64.585  22.445 0.0000000000
15874  43.569  -63.987  22.289 0.0000000000
15887  44.252  -64.516  21.774 0.0000000000
15888  43.626  -64.068  21.630 0.0000000000
15889  42.683  -63.832  21.620 0.0000000000
15890  41.516  -63.853  21.531 0.0000000000
15891  40.333  -64.092  21.502 0.0000000000
15908  44.323  -64.649  21.004 0.0000000000
15909  43.430  -64.408  20.867 0.0000000000
15910  42.200  -64.410  20.777 0.0000000000
15911  40.966  -64.553  20.732 0.0000000000
15924  42.872  -64.931  20.028 0.0000000000
15925  41.654  -64.997  19.955 0.0000000000
15926  40.480  -65.076  19.875 0.0000000000
15985  41.887  -64.424  14.232 0.0000000000
15986  40.707  -64.117  14.434 0.0000000000
16003  44.044  -64.272  13.012 0.0000000000
16004  43.584  -63.991  13.602 0.0000000000
16017  44.078  -64.643  12.364 0.0000000000
16018  40.493  -64.578  11.840 0.0000000000
16019  39.627  -64.668  12.114 0.0000000000
16029  43.884  -64.691  11.810 0.0000000000
16030  43.425  -64.443  11.503 0.0000000000
16031  42.455  -64.671  11.309 0.0000000000
16032  41.382  -63.989  11.480 0.0000000000
16033  40.111  -64.010  11.740 0.0000000000
16734  36.387  -63.664  26.053 0.0000000000
16747  39.343  -63.290  24.830 0.0000000000
16748  38.480  -63.140  25.129 0.0000000000
16749  37.686  -63.080  25.389 0.0000000000
16750  36.965  -62.946  25.545 0.0000000000
16751  36.248  -62.711  25.721 0.0000000000
16758  41.680  -63.390  23.819 0.0000000000
16759  40.906  -62.841  23.922 0.0000000000
16760  39.953  -62.486  24.217 0.0000000000
16765  42.730  -63.558  22.806 0.0000000000
16766  41.907  -63.136  23.258 0.0000000000
16767  41.153  -62.668  23.280 0.0000000000
16772  42.784  -63.588  22.263 0.0000000000
16773  41.932  -63.080  22.785 0.0000000000
16774  41.149  -62.721  22.796 0.0000000000
16775  40.250  -62.645  22.672 0.0000000000
16776  39.208  -62.905  22.522 0.0000000000
16783  41.901  -63.254  22.287 0.0000000000
16784  40.900  -63.203  22.179 0.0000000000
16785  39.837  -63.465  22.088 0.0000000000
16877  42.854  -63.782  13.964 0.0000000000
16878  41.850  -63.550  14.120 0.0000000000
16879  40.966  -63.214  14.159 0.0000000000
16894  43.890  -63.503  13.028 0.0000000000
16895  43.352  -63.262  13.520 0.0000000000
16896  42.610  -63.022  13.787 0.0000000000
16897  41.801  -62.884  13.923 0.0000000000
16908  43.702  -63.116  12.394 0.0000000000
16909  43.186  -62.433  12.576 0.0000000000
16911  43.449  -63.402  11.760 0.0000000000
16912  41.909  -62.898  11.131 0.0000000000
16913  40.671  -63.282  11.283 0.0000000000
17662  38.152  -62.144  24.947 0.0000000000
17663  37.523  -62.236  25.257 0.0000000000
17664  36.992  -61.911  25.380 0.0000000000
17672  40.292  -62.309  23.643 0.0000000000
17673  39.527  -61.980  23.923 0.0000000000
17674  38.994  -62.164  24.474 0.0000000000
17678  40.412  -62.332  23.199 0.0000000000
17679  39.791  -62.109  23.520 0.0000000000
17680  39.054  -61.853  23.674 0.0000000000
17681  38.236  -61.617  23.645 0.0000000000
17686  39.645  -62.173  23.133 0.0000000000
17687  38.745  -62.156  23.107 0.0000000000
17788  43.565  -62.915  13.036 0.0000000000
17789  43.021  -62.603  13.339 0.0000000000
17790  42.229  -62.385  13.555 0.0000000000
17791  41.153  -62.376  13.757 0.0000000000
17805  42.569  -61.981  12.998 0.0000000000
17807  42.781  -62.146  11.801 0.0000000000
17808  41.998  -61.873  11.079 0.0000000000
17809  41.019  -62.431  10.844 0.0000000000
17811  41.066  -61.697  10.645 0.0000000000
18618  37.630  -61.456  24.881 0.0000000000
18619  36.960  -61.049  25.024 0.0000000000
18629  38.316  -61.563  24.422 0.0000000000
18630  37.720  -61.224  24.345 0.0000000000
18631  37.108  -61.018  24.422 0.0000000000
18634  38.350  -61.437  24.028 0.0000000000
18635  37.697  -61.175  24.042 0.0000000000
18724  41.746  -61.733  13.178 0.0000000000
18725  40.771  -61.534  13.278 0.0000000000
18742  42.636  -61.846  12.327 0.0000000000
18743  42.108  -61.416  12.486 0.0000000000
18744  41.351  -61.057  12.630 0.0000000000
18747  42.210  -61.504  11.753 0.0000000000
18748  41.587  -61.083  11.266 0.0000000000
18751  41.300  -61.254  10.799 0.0000000000
19724  41.658  -60.913  11.904 0.0000000000
19725  40.933  -60.467  12.164 0.0000000000
19731  41.083  -60.505  11.448 0.0000000000
19736  41.031  -60.656  10.807 0.0000000000
114580  34.675  -69.943  39.737 0.0000000000
114678  37.729  -75.488  22.069 0.0000000000
114706  39.512  -74.752  13.356 0.0000000000
114717  42.784  -62.749  11.455 0.0000000000
114906  40.439  -68.010  14.690 0.0000000000
114932  27.186  -82.949  25.205 0.0000000000
114998  32.520  -75.878  30.861 0.0000000000
115012  33.712  -77.220  33.880 0.0000000000
115087  30.972  -70.411  39.627 0.0000000000
115281  40.707  -67.722  26.646 0.0000000000
115516  30.651  -76.613  39.714 0.0000000000
115615  31.737  -79.209  7.766 0.0000000000
115682  40.141  -67.205  17.087 0.0000000000
115739  38.487  -74.864  14.493 0.0000000000
115785  33.756  -76.539  16.263 0.0000000000
115906  40.785  -70.593  12.627 0.0000000000
115938  40.423  -69.380  15.234 0.0000000000
116060  30.521  -71.941  35.879 0.0000000000
116175  32.557  -79.934  27.894 0.0000000000
116202  35.976  -72.412  29.584 0.0000000000
116224  33.635  -71.932  32.030 0.0000000000
116249  40.423  -70.768  13.457 0.0000000000
116385  33.012  -71.945  33.503 0.0000000000
116420  32.321  -77.644  5.175 0.0000000000
116574  28.722  -80.738  1.315 0.0000000000
116578  30.947  -71.086  39.719 0.0000000000
116710  30.321  -77.651  39.326 0.0000000000
116714  41.122  -66.724  18.198 0.0000000000
116759  34.795  -72.304  30.613 0.0000000000
116764  34.772  -73.011  30.929 0.0000000000
116980  21.319  -86.444  17.013 0.0000000000
117041  27.125  -83.858  28.352 0.0000000000
117096  34.187  -79.151  29.355 0.0000000000
117116  38.536  -73.614  9.179 0.0000000000
117381  29.021  -73.342  6.562 0.0000000000
117405  32.482  -73.570  35.117 0.0000000000
117523  33.292  -71.515  32.848 0.0000000000
117558  39.466  -74.727  12.348 0.0000000000
117775  32.144  -76.300  36.943 0.0000000000
117869  21.251  -88.322  14.991 0.0000000000
118018  29.916  -82.301  20.112 0.0000000000
118027  33.583  -80.491  30.286 0.0000000000
118072  40.270  -71.421  14.267 0.0000000000
118134  40.229  -72.226  12.639 0.0000000000
118175  34.692  -77.222  16.282 0.0000000000
118201  41.001  -69.564  16.440 0.0000000000
118276  41.929  -66.423  10.947 0.0000000000
118373  28.529  -74.893  33.478 0.0000000000
118438  40.473  -71.864  15.360 0.0000000000
118443  30.746  -73.045  38.501 0.0000000000
118467  28.403  -84.158  16.899 0.0000000000
118504  44.360  -66.018  22.010 0.0000000000
118527  28.265  -73.098  5.430 0.0000000000
118687  33.981  -69.498  39.768 0.0000000000
118831  29.277  -82.607  18.571 0.0000000000
119017  44.146  -66.535  21.566 0.0000000000
119422  30.624  -73.016  37.330 0.0000000000
119440  27.840  -83.680  22.220 0.0000000000
119454  40.451  -68.790  14.659 0.0000000000
119581  32.256  -78.761  32.105 0.0000000000
119659  28.815  -78.315  1.274 0.0000000000
119683  34.440  -78.195  8.040 0.0000000000
119890  30.249  -80.348  36.796 0.0000000000
119987  32.540  -77.653  30.757 0.0000000000
120126  40.726  -71.203  12.080 0.0000000000
120209  31.098  -74.814  16.435 0.0000000000
120344  32.153  -75.011  16.519 0.0000000000
120359  38.740  -73.305  41.356 0.0000000000
120386  31.586  -80.299  34.171 0.0000000000
120401  21.273  -87.243  16.884 0.0000000000
120646  34.806  -73.721  31.187 0.0000000000
120652  33.710  -77.594  6.613 0.0000000000
120665  26.997  -82.952  2.866 0.0000000000
120740  31.172  -81.596  18.835 0.0000000000
120931  36.604  -74.126  37.453 0.0000000000
120963  41.858  -68.109  26.537 0.0000000000
120983  30.656  -82.209  15.630 0.0000000000
121056  30.537  -80.766  20.523 0.0000000000
121090  33.144  -73.450  41.314 0.0000000000
121134  38.570  -74.146  37.968 0.0000000000
121168  30.925  -77.499  11.405 0.0000000000
121198  27.299  -76.026  3.073 0.0000000000
121343  32.258  -78.932  40.659 0.0000000000
121487  30.762  -80.254  36.541 0.0000000000
121536  34.895  -75.277  31.653 0.0000000000
121639  34.852  -77.601  32.429 0.0000000000
121652  32.326  -76.215  36.006 0.0000000000
121714  29.776  -77.758  -1.198 0.0000000000
121737  33.153  -80.201  27.230 0.0000000000
121955  32.194  -69.422  39.569 0.0000000000
121964  38.435  -71.446  25.593 0.0000000000
122252  26.247  -76.015  4.303 0.0000000000
122293  37.010  -68.747  27.331 0.0000000000
122365  42.729  -66.436  10.810 0.0000000000
122377  29.296  -78.588  36.038 0.0000000000
122783  29.547  -74.984  1.343 0.0000000000
122971  37.671  -69.791  27.272 0.0000000000
122998  39.590  -66.645  17.018 0.0000000000
123098  32.609  -76.267  29.944 0.0000000000
123504  40.154  -72.280  13.799 0.0000000000
123524  31.646  -76.997  5.691 0.0000000000
123623  33.034  -77.861  11.487 0.0000000000
123715  27.103  -85.012  23.375 0.0000000000
123858  27.386  -82.778  16.956 0.0000000000
123883  41.044  -68.822  26.664 0.0000000000
123890  35.010  -74.396  5.285 0.0000000000
123920  30.428  -73.109  36.444 0.0000000000
124056  32.844  -79.445  26.587 0.0000000000
124064  37.687  -75.219  22.997 0.0000000000
124067  34.035  -70.225  40.119 0.0000000000
124068  24.835  -85.815  18.451 0.0000000000
124113  34.329  -77.485  41.469 0.0000000000
124183  40.632  -69.658  15.796 0.0000000000
124345  39.192  -71.144  27.475 0.0000000000
124510  37.277  -75.027  38.189 0.0000000000
124594  35.846  -75.417  8.905 0.0000000000
124642  40.969  -70.492  25.376 0.0000000000
124696  43.083  -70.544  25.782 0.0000000000
124782  33.620  -74.197  8.580 0.0000000000
124797  28.857  -74.584  32.607 0.0000000000
124802  38.528  -74.351  41.550 0.0000000000
124817  29.420  -79.073  0.166 0.0000000000
124898  42.163  -70.460  25.449 0.0000000000
124907  30.613  -76.294  -0.299 0.0000000000
125011  42.682  -63.643  11.363 0.0000000000
125041  27.758  -84.607  25.790 0.0000000000
125070  39.293  -72.975  26.043 0.0000000000
125079  21.410  -85.176  16.221 0.0000000000
125128  33.130  -73.099  33.052 0.0000000000
125187  30.646  -77.930  8.393 0.0000000000
125193  42.928  -66.395  23.829 0.0000000000
125294  21.141  -88.739  17.883 0.0000000000
125374  44.014  -63.944  12.155 0.0000000000
125396  36.651  -75.851  40.396 0.0000000000
125426  36.024  -77.671  21.882 0.0000000000
125714  35.692  -71.951  40.616 0.0000000000
126056  32.594  -75.173  34.772 0.0000000000
126065  39.916  -73.705  15.289 0.0000000000
126438  34.690  -78.970  10.445 0.0000000000
126470  38.880  -61.690  24.071 0.0000000000
126499  38.962  -72.269  25.741 0.0000000000
126753  30.319  -74.464  36.930 0.0000000000
126823  32.413  -74.340  35.438 0.0000000000
126938  37.295  -68.032  27.323 0.0000000000
126939  40.548  -71.040  9.703 0.0000000000
126964  31.700  -80.349  15.461 0.0000000000
127077  26.659  -83.783  19.498 0.0000000000
127866  35.470  -76.239  8.640 0.0000000000
127897  33.495  -80.183  28.554 0.0000000000
127901  27.668  -78.988  2.776 0.0000000000
127959  37.023  -73.884  22.790 0.0000000000
128024  41.173  -66.758  11.172 0.0000000000
128123  33.503  -78.038  5.663 0.0000000000
128137  37.691  -75.082  24.864 0.0000000000
128181  31.675  -76.876  41.664 0.0000000000
128235  43.216  -66.247  11.018 0.0000000000
128247  29.813  -82.438  15.665 0.0000000000
128348  36.454  -75.064  42.574 0.0000000000
128487  36.620  -78.034  17.604 0.0000000000
128632  31.370  -74.803  40.500 0.0000000000
128663  37.121  -71.540  10.402 0.0000000000
128749  40.695  -69.555  9.719 0.0000000000
128868  31.862  -81.099  18.258 0.0000000000
128873  36.059  -70.587  35.949 0.0000000000
128902  26.824  -81.826  4.486 0.0000000000
129142  32.827  -80.161  15.435 0.0000000000
129169  31.096  -80.925  15.434 0.0000000000
129210  28.485  -83.782  23.968 0.0000000000
129302  30.234  -82.156  20.761 0.0000000000
129615  33.767  -74.298  6.677 0.0000000000
129659  26.240  -81.708  4.881 0.0000000000
129778  36.782  -77.755  20.969 0.0000000000
129840  35.579  -78.254  11.442 0.0000000000
130112  31.105  -78.186  7.694 0.0000000000
130129  35.320  -77.942  31.072 0.0000000000
130209  36.652  -77.470  10.591 0.0000000000
130226  35.864  -76.590  31.239 0.0000000000
130231  32.365  -75.244  35.707 0.0000000000
130428  32.234  -77.242  27.089 0.0000000000
130476  37.577  -74.824  8.940 0.0000000000
130497  28.053  -84.581  24.404 0.0000000000
130501  32.644  -72.836  35.520 0.0000000000
130626  33.521  -70.089  34.544 0.0000000000
130704  37.486  -74.087  36.519 0.0000000000
130734  28.151  -82.257  23.200 0.0000000000
130824  34.867  -79.023  24.655 0.0000000000
130884  29.366  -72.682  5.430 0.0000000000
130891  35.310  -76.446  27.438 0.0000000000
130922  38.856  -73.863  41.551 0.0000000000
131098  29.006  -75.751  33.472 0.0000000000
131214  38.408  -76.552  13.349 0.0000000000
131337  40.976  -69.910  9.545 0.0000000000
131353  30.395  -75.903  0.269 0.0000000000
131418  32.438  -77.862  31.554 0.0000000000
131550  29.655  -73.527  35.150 0.0000000000
131612  33.439  -73.799  8.137 0.0000000000
131769  25.141  -86.921  6.814 0.0000000000
131772  27.796  -84.984  8.955 0.0000000000
131793  31.154  -76.308  6.392 0.0000000000
131851  27.218  -82.949  20.306 0.0000000000
131898  34.024  -77.586  15.966 0.0000000000
131913  35.846  -76.130  42.763 0.0000000000
132246  37.687  -74.395  25.070 0.0000000000
132253  25.376  -78.279  5.557 0.0000000000
132370  43.688  -64.639  13.487 0.0000000000
132416  38.191  -73.565  9.077 0.0000000000
132418  37.739  -74.475  42.070 0.0000000000
132489  33.792  -75.106  32.740 0.0000000000
132677  32.461  -78.187  26.731 0.0000000000
132737  28.243  -74.647  2.603 0.0000000000
132839  38.844  -75.775  13.809 0.0000000000
132930  32.998  -74.083  3.838 0.0000000000
133073  40.396  -70.989  15.021 0.0000000000
133140  36.774  -74.990  38.240 0.0000000000
133265  33.111  -80.532  28.222 0.0000000000
133302  30.779  -77.345  16.326 0.0000000000
133348  38.060  -72.005  25.641 0.0000000000
133385  33.736  -80.077  15.496 0.0000000000
133421  31.273  -78.555  10.356 0.0000000000
133473  34.538  -78.144  32.940 0.0000000000
133479  27.357  -82.357  10.650 0.0000000000
133576  25.977  -85.899  26.947 0.0000000000
133700  32.583  -74.176  37.154 0.0000000000
133702  40.128  -73.051  14.403 0.0000000000
133720  43.491  -65.998  23.008 0.0000000000
133751  27.623  -84.555  17.756 0.0000000000
133800  41.645  -69.906  10.069 0.0000000000
133804  40.134  -71.075  9.490 0.0000000000
133819  36.661  -73.520  22.453 0.0000000000
133955  28.050  -82.165  2.753 0.0000000000
133986  31.261  -78.883  9.408 0.0000000000
134056  32.972  -71.464  40.498 0.0000000000
134179  30.165  -81.920  21.284 0.0000000000
134265  25.288  -85.112  19.928 0.0000000000
134286  26.767  -85.814  10.252 0.0000000000
134391  24.442  -84.887  6.676 0.0000000000
134406  30.674  -71.190  36.580 0.0000000000
134555  35.273  -73.624  30.770 0.0000000000
134618  30.111  -76.466  37.947 0.0000000000
134643  32.437  -74.743  37.109 0.0000000000
134678  38.253  -74.110  25.876 0.0000000000
134706  40.775  -67.142  17.698 0.0000000000
134746  36.040  -74.630  19.253 0.0000000000
134797  34.003  -80.150  31.150 0.0000000000
134838  32.583  -76.718  30.589 0.0000000000
134879  37.158  -76.058  9.292 0.0000000000
134926  38.157  -75.829  10.551 0.0000000000
134965  38.175  -75.320  29.551 0.0000000000
134968  35.498  -76.198  28.399 0.0000000000
135000  24.136  -86.615  19.484 0.0000000000
135045  36.840  -74.089  21.444 0.0000000000
135299  42.081  -69.701  25.369 0.0000000000
135378  28.591  -84.124  17.088 0.0000000000
135432  33.567  -77.530  5.119 0.0000000000
135442  27.880  -74.543  3.047 0.0000000000
135569  37.394  -77.464  12.302 0.0000000000
135645  37.565  -72.731  9.604 0.0000000000
135748  36.210  -75.336  39.186 0.0000000000
135757  36.580  -71.214  28.175 0.0000000000
135902  26.221  -85.691  12.466 0.0000000000
136097  29.255  -76.184  33.723 0.0000000000
136230  39.889  -67.370  26.725 0.0000000000
136239  21.271  -87.746  15.682 0.0000000000
136311  30.646  -76.029  12.017 0.0000000000
136316  32.614  -72.049  40.621 0.0000000000
136415  34.099  -74.220  9.160 0.0000000000
136480  34.406  -74.606  31.899 0.0000000000
136495  30.535  -73.011  5.489 0.0000000000
136726  31.629  -74.922  16.475 0.0000000000
136805  27.022  -80.377  4.436 0.0000000000
136831  36.992  -74.577  42.339 0.0000000000
136989  24.341  -87.031  8.206 0.0000000000
137011  43.306  -62.721  11.945 0.0000000000
137037  41.411  -62.963  23.543 0.0000000000
137233  31.224  -76.451  11.899 0.0000000000
137292  38.137  -71.874  28.093 0.0000000000
137365  28.915  -83.519  22.765 0.0000000000
137450  32.582  -73.607  34.378 0.0000000000
137455  36.879  -73.879  36.947 0.0000000000
137456  28.917  -80.348  0.579 0.0000000000
137474  23.920  -86.557  18.779 0.0000000000
137587  27.383  -85.411  26.271 0.0000000000
137603  32.107  -76.845  42.117 0.0000000000
137716  30.334  -70.562  39.088 0.0000000000
137736  40.342  -72.224  10.985 0.0000000000
137762  27.579  -81.304  3.786 0.0000000000
137958  37.375  -61.152  24.652 0.0000000000
138147  36.438  -72.475  40.769 0.0000000000
138242  29.622  -77.858  37.707 0.0000000000
