#!ascii label , from subject sub-02 vox2ras=TkReg lh ROI=ITG coords=white drawn-with=delineation-helper-0.1.0
1441
18769  -38.098  -61.878  5.072 0.0000000000
18780  -38.996  -61.677  4.770 0.0000000000
19587  -34.969  -60.615  7.697 0.0000000000
19588  -35.545  -60.823  7.194 0.0000000000
19597  -34.922  -61.562  7.039 0.0000000000
19598  -35.766  -61.334  6.675 0.0000000000
19599  -36.579  -60.923  6.380 0.0000000000
19609  -36.111  -61.874  6.107 0.0000000000
19610  -36.902  -61.524  5.789 0.0000000000
19611  -37.762  -61.189  5.527 0.0000000000
19612  -38.808  -60.646  5.212 0.0000000000
19620  -39.981  -60.419  4.752 0.0000000000
19621  -40.985  -60.758  4.175 0.0000000000
20381  -33.362  -60.108  9.268 0.0000000000
20403  -33.745  -60.498  8.658 0.0000000000
20419  -34.073  -60.905  8.025 0.0000000000
20420  -34.640  -60.082  8.443 0.0000000000
20421  -35.945  -59.893  7.595 0.0000000000
20422  -37.033  -59.296  7.588 0.0000000000
20432  -36.259  -60.348  6.961 0.0000000000
20433  -37.193  -59.755  6.768 0.0000000000
20434  -38.219  -59.304  6.826 0.0000000000
20442  -37.555  -60.323  6.082 0.0000000000
20443  -38.702  -59.359  6.344 0.0000000000
20444  -39.294  -59.437  5.832 0.0000000000
20452  -39.904  -59.544  5.388 0.0000000000
20453  -40.528  -59.115  5.209 0.0000000000
20454  -40.806  -59.680  4.374 0.0000000000
20458  -41.492  -60.233  3.663 0.0000000000
20469  -41.579  -59.887  2.526 0.0000000000
20470  -42.218  -60.492  2.658 0.0000000000
20478  -38.335  -59.776  0.550 0.0000000000
20479  -39.323  -59.902  0.728 0.0000000000
20480  -40.062  -59.977  0.814 0.0000000000
20481  -41.687  -60.263  1.911 0.0000000000
21166  -32.387  -59.251  10.295 0.0000000000
21183  -32.874  -59.645  9.777 0.0000000000
21184  -33.852  -59.271  9.675 0.0000000000
21185  -34.978  -58.677  9.661 0.0000000000
21199  -34.301  -59.692  9.116 0.0000000000
21200  -35.357  -59.090  9.064 0.0000000000
21201  -36.502  -58.327  9.106 0.0000000000
21219  -35.641  -59.501  8.323 0.0000000000
21220  -36.780  -58.814  8.347 0.0000000000
21221  -37.840  -58.176  8.308 0.0000000000
21222  -38.286  -57.733  8.120 0.0000000000
21231  -38.243  -58.535  7.603 0.0000000000
21240  -39.046  -58.395  7.042 0.0000000000
21241  -39.737  -58.354  6.478 0.0000000000
21249  -35.781  -58.361  4.320 0.0000000000
21250  -37.139  -57.853  4.442 0.0000000000
21251  -40.318  -58.523  5.876 0.0000000000
21252  -40.716  -58.905  4.621 0.0000000000
21261  -36.075  -58.890  3.500 0.0000000000
21262  -37.209  -58.488  3.392 0.0000000000
21263  -39.401  -58.208  3.385 0.0000000000
21264  -40.738  -58.863  3.731 0.0000000000
21265  -41.096  -59.417  3.774 0.0000000000
21266  -41.671  -59.991  3.156 0.0000000000
21279  -36.346  -59.340  2.510 0.0000000000
21280  -37.581  -58.962  2.384 0.0000000000
21281  -38.644  -58.760  2.368 0.0000000000
21282  -39.566  -58.779  2.373 0.0000000000
21283  -40.460  -59.059  2.433 0.0000000000
21284  -41.170  -59.374  2.956 0.0000000000
21293  -37.218  -59.492  1.482 0.0000000000
21294  -38.319  -59.376  1.455 0.0000000000
21295  -39.831  -59.450  1.420 0.0000000000
21296  -40.395  -59.641  1.452 0.0000000000
21297  -41.049  -59.614  1.975 0.0000000000
21955  -32.667  -58.472  10.590 0.0000000000
21956  -33.847  -57.992  10.563 0.0000000000
21975  -33.301  -58.850  10.136 0.0000000000
21976  -35.856  -57.472  10.307 0.0000000000
21977  -36.725  -56.744  10.150 0.0000000000
21988  -36.182  -57.874  9.787 0.0000000000
21989  -37.058  -57.141  9.709 0.0000000000
22000  -37.527  -57.538  8.934 0.0000000000
22001  -38.028  -57.457  8.486 0.0000000000
22012  -37.360  -56.983  7.116 0.0000000000
22013  -38.180  -57.308  8.110 0.0000000000
22014  -38.699  -57.754  7.470 0.0000000000
22027  -35.795  -57.161  6.029 0.0000000000
22028  -38.592  -57.316  7.062 0.0000000000
22029  -39.527  -57.785  6.743 0.0000000000
22030  -40.123  -57.931  6.258 0.0000000000
22039  -37.031  -57.300  5.658 0.0000000000
22040  -38.676  -57.393  5.866 0.0000000000
22041  -39.812  -57.618  5.826 0.0000000000
22042  -40.272  -58.064  5.492 0.0000000000
22043  -40.431  -58.432  4.635 0.0000000000
22051  -38.487  -57.659  4.556 0.0000000000
22052  -39.530  -57.799  4.555 0.0000000000
22053  -40.067  -58.074  4.380 0.0000000000
22054  -40.155  -58.450  3.507 0.0000000000
22749  -33.064  -57.660  10.978 0.0000000000
22750  -34.589  -57.153  11.056 0.0000000000
22751  -35.971  -56.336  11.085 0.0000000000
22768  -35.378  -57.254  10.713 0.0000000000
22769  -36.400  -56.399  10.518 0.0000000000
22780  -35.196  -56.360  9.223 0.0000000000
22781  -36.602  -56.532  10.112 0.0000000000
22796  -34.489  -56.689  8.037 0.0000000000
22797  -36.373  -56.538  9.194 0.0000000000
22798  -37.354  -56.880  9.245 0.0000000000
22799  -37.819  -57.121  8.701 0.0000000000
22812  -33.859  -57.131  6.867 0.0000000000
22813  -35.339  -56.857  7.674 0.0000000000
22814  -37.566  -56.901  8.372 0.0000000000
22826  -34.728  -57.309  6.472 0.0000000000
22827  -36.240  -56.922  7.308 0.0000000000
22901  -46.795  -58.333  -1.253 0.0000000000
22909  -46.803  -58.343  -2.060 0.0000000000
22910  -47.464  -58.527  -2.093 0.0000000000
22916  -47.130  -57.817  -2.707 0.0000000000
23537  -35.187  -55.980  11.615 0.0000000000
23554  -35.153  -56.412  11.371 0.0000000000
23555  -35.942  -55.834  11.221 0.0000000000
23570  -34.902  -55.723  10.006 0.0000000000
23571  -36.171  -56.009  10.981 0.0000000000
23586  -36.115  -56.205  10.422 0.0000000000
23602  -33.747  -56.423  8.297 0.0000000000
23659  -46.936  -56.417  1.814 0.0000000000
23660  -47.596  -56.957  2.204 0.0000000000
23668  -46.742  -56.780  0.861 0.0000000000
23669  -47.404  -57.336  1.343 0.0000000000
23682  -45.651  -56.821  -0.885 0.0000000000
23683  -46.541  -57.456  -0.325 0.0000000000
23684  -47.202  -57.666  0.480 0.0000000000
23696  -45.661  -56.998  -2.094 0.0000000000
23697  -46.223  -57.710  -1.586 0.0000000000
23698  -48.169  -56.972  -2.500 0.0000000000
23707  -46.390  -56.689  -2.916 0.0000000000
23708  -46.492  -57.573  -2.529 0.0000000000
23709  -47.825  -57.894  -2.617 0.0000000000
23715  -46.979  -57.116  -3.149 0.0000000000
23716  -47.585  -56.833  -3.136 0.0000000000
24389  -34.891  -55.068  12.438 0.0000000000
24401  -35.025  -55.574  11.964 0.0000000000
24417  -35.655  -55.506  11.437 0.0000000000
24433  -35.518  -55.375  10.698 0.0000000000
24434  -35.584  -55.129  10.936 0.0000000000
24450  -33.844  -55.238  9.380 0.0000000000
24505  -46.669  -55.404  3.080 0.0000000000
24516  -45.792  -55.171  1.834 0.0000000000
24517  -46.486  -55.622  2.254 0.0000000000
24518  -47.128  -56.093  2.630 0.0000000000
24527  -45.511  -55.497  0.868 0.0000000000
24528  -46.293  -55.886  1.335 0.0000000000
24545  -44.260  -55.671  -0.703 0.0000000000
24546  -45.188  -55.921  -0.198 0.0000000000
24547  -46.028  -56.294  0.298 0.0000000000
24548  -47.808  -55.520  -0.957 0.0000000000
24555  -44.337  -55.610  -1.779 0.0000000000
24556  -44.951  -56.243  -1.403 0.0000000000
24557  -47.895  -55.964  -2.226 0.0000000000
24564  -44.854  -55.214  -2.527 0.0000000000
24565  -45.406  -56.015  -2.574 0.0000000000
24566  -47.827  -56.213  -3.137 0.0000000000
24570  -46.572  -55.813  -3.294 0.0000000000
24571  -47.266  -56.252  -3.386 0.0000000000
25375  -35.278  -54.581  12.334 0.0000000000
25376  -35.465  -54.012  12.250 0.0000000000
25395  -35.480  -54.796  11.256 0.0000000000
25410  -34.263  -54.792  9.965 0.0000000000
25411  -34.584  -54.385  10.407 0.0000000000
25461  -45.729  -54.301  4.080 0.0000000000
25476  -44.588  -54.375  3.000 0.0000000000
25477  -45.469  -54.541  3.257 0.0000000000
25478  -46.237  -54.780  3.541 0.0000000000
25489  -43.315  -54.342  1.844 0.0000000000
25490  -44.252  -54.553  2.100 0.0000000000
25491  -45.228  -54.688  2.383 0.0000000000
25492  -46.035  -54.950  2.698 0.0000000000
25508  -43.760  -54.786  1.011 0.0000000000
25509  -44.922  -54.885  1.425 0.0000000000
25510  -47.596  -54.206  0.584 0.0000000000
25524  -43.044  -54.711  0.213 0.0000000000
25525  -43.573  -55.174  -0.117 0.0000000000
25526  -44.558  -55.298  0.410 0.0000000000
25527  -47.349  -54.479  -0.884 0.0000000000
25533  -42.943  -54.787  -0.707 0.0000000000
25534  -43.520  -55.265  -1.172 0.0000000000
25535  -47.396  -54.458  -3.291 0.0000000000
25536  -47.534  -55.056  -2.186 0.0000000000
25542  -43.223  -54.652  -1.532 0.0000000000
25543  -43.899  -54.850  -2.192 0.0000000000
25544  -47.534  -55.510  -3.303 0.0000000000
25549  -45.088  -54.386  -2.800 0.0000000000
25550  -46.175  -54.926  -3.246 0.0000000000
25551  -47.354  -55.244  -3.396 0.0000000000
25552  -47.559  -55.942  -3.333 0.0000000000
26276  -35.612  -53.398  12.674 0.0000000000
26293  -35.409  -54.287  11.688 0.0000000000
26294  -35.506  -53.335  11.882 0.0000000000
26310  -34.867  -53.908  10.862 0.0000000000
26311  -35.288  -52.844  11.250 0.0000000000
26322  -33.751  -53.991  9.558 0.0000000000
26323  -34.272  -53.477  10.042 0.0000000000
26360  -44.730  -53.262  5.022 0.0000000000
26376  -42.485  -53.399  3.738 0.0000000000
26377  -43.369  -53.599  4.062 0.0000000000
26378  -44.331  -53.701  4.321 0.0000000000
26392  -42.383  -53.472  2.909 0.0000000000
26393  -43.108  -53.788  3.257 0.0000000000
26394  -43.966  -54.073  3.588 0.0000000000
26395  -44.900  -54.133  3.809 0.0000000000
26408  -42.261  -53.498  1.941 0.0000000000
26409  -42.851  -53.941  2.419 0.0000000000
26410  -43.659  -54.234  2.745 0.0000000000
26427  -42.355  -53.809  0.865 0.0000000000
26428  -42.857  -54.376  0.931 0.0000000000
26429  -47.294  -53.250  0.822 0.0000000000
26437  -42.185  -53.455  -0.112 0.0000000000
26438  -42.503  -54.175  -0.245 0.0000000000
26439  -47.711  -52.888  -3.326 0.0000000000
26440  -47.368  -53.330  -1.728 0.0000000000
26447  -42.430  -53.265  -1.410 0.0000000000
26448  -42.843  -53.970  -1.666 0.0000000000
26449  -47.441  -53.892  -2.738 0.0000000000
26454  -43.479  -54.146  -2.145 0.0000000000
26455  -44.245  -53.925  -2.672 0.0000000000
26456  -45.525  -53.591  -2.852 0.0000000000
26457  -47.376  -53.503  -3.276 0.0000000000
26459  -46.347  -53.942  -3.234 0.0000000000
26460  -47.093  -53.471  -3.317 0.0000000000
27252  -35.830  -52.618  12.441 0.0000000000
27270  -35.717  -52.286  11.703 0.0000000000
27271  -36.308  -51.525  12.019 0.0000000000
27287  -34.793  -52.914  10.597 0.0000000000
27288  -35.347  -52.194  10.867 0.0000000000
27298  -34.314  -52.563  9.730 0.0000000000
27335  -41.268  -52.590  5.502 0.0000000000
27336  -42.170  -52.720  5.642 0.0000000000
27337  -43.486  -52.385  5.954 0.0000000000
27348  -41.461  -52.619  4.894 0.0000000000
27349  -41.920  -52.953  4.965 0.0000000000
27350  -42.954  -52.961  5.217 0.0000000000
27351  -44.145  -52.745  5.458 0.0000000000
27366  -41.672  -52.656  3.944 0.0000000000
27367  -41.912  -53.055  4.249 0.0000000000
27368  -42.659  -53.244  4.507 0.0000000000
27369  -43.695  -53.267  4.780 0.0000000000
27382  -41.772  -52.559  2.968 0.0000000000
27383  -41.965  -53.083  3.434 0.0000000000
27396  -41.898  -52.776  2.020 0.0000000000
27397  -42.037  -53.115  2.683 0.0000000000
27409  -41.710  -52.184  1.245 0.0000000000
27410  -41.977  -52.983  0.787 0.0000000000
27411  -47.285  -52.312  0.817 0.0000000000
27419  -41.664  -52.203  -0.163 0.0000000000
27420  -41.974  -52.761  -0.811 0.0000000000
27421  -47.999  -52.328  -2.630 0.0000000000
27429  -41.694  -52.103  -1.604 0.0000000000
27430  -42.233  -52.207  -2.434 0.0000000000
27431  -43.014  -52.869  -2.500 0.0000000000
27432  -44.112  -52.817  -2.478 0.0000000000
27433  -47.859  -52.238  -3.063 0.0000000000
27437  -43.676  -53.457  -2.481 0.0000000000
27438  -44.873  -53.199  -2.605 0.0000000000
27439  -46.441  -53.072  -3.025 0.0000000000
27440  -47.660  -52.904  -3.117 0.0000000000
28185  -36.869  -51.315  12.668 0.0000000000
28207  -35.885  -51.615  11.162 0.0000000000
28208  -36.432  -51.103  11.239 0.0000000000
28209  -37.078  -50.824  11.969 0.0000000000
28225  -34.896  -52.031  10.117 0.0000000000
28226  -35.491  -51.563  10.420 0.0000000000
28227  -35.972  -51.225  10.666 0.0000000000
28242  -34.485  -51.756  9.385 0.0000000000
28243  -35.098  -51.359  9.682 0.0000000000
28259  -38.955  -52.328  7.000 0.0000000000
28260  -40.066  -52.335  7.186 0.0000000000
28275  -39.675  -52.238  6.403 0.0000000000
28276  -40.659  -52.495  6.502 0.0000000000
28289  -40.197  -52.264  5.850 0.0000000000
28290  -40.526  -52.467  5.883 0.0000000000
28291  -41.371  -52.647  6.058 0.0000000000
28304  -40.889  -52.370  5.449 0.0000000000
28317  -41.398  -52.051  4.321 0.0000000000
28333  -41.600  -52.048  3.520 0.0000000000
28359  -41.432  -51.428  0.379 0.0000000000
28360  -47.434  -51.575  1.149 0.0000000000
28368  -41.355  -51.448  -1.303 0.0000000000
28369  -42.774  -51.676  -2.343 0.0000000000
28370  -43.985  -51.719  -1.335 0.0000000000
28371  -45.093  -51.424  -1.073 0.0000000000
28372  -48.261  -51.693  -2.340 0.0000000000
28377  -41.628  -51.396  -2.642 0.0000000000
28378  -41.993  -51.218  -3.042 0.0000000000
28379  -43.400  -52.411  -2.356 0.0000000000
28380  -44.744  -52.228  -1.945 0.0000000000
28381  -46.209  -51.850  -2.292 0.0000000000
28382  -47.648  -51.706  -3.082 0.0000000000
28383  -48.110  -51.734  -3.097 0.0000000000
28385  -41.425  -50.631  -3.170 0.0000000000
28386  -45.586  -52.608  -2.497 0.0000000000
28387  -47.149  -52.373  -3.143 0.0000000000
29101  -38.067  -50.561  12.171 0.0000000000
29116  -36.909  -50.757  11.070 0.0000000000
29117  -37.599  -50.567  11.261 0.0000000000
29118  -38.507  -50.408  11.399 0.0000000000
29119  -39.382  -50.338  11.389 0.0000000000
29137  -35.689  -51.106  9.992 0.0000000000
29138  -36.326  -50.933  10.358 0.0000000000
29139  -36.984  -50.780  10.307 0.0000000000
29140  -37.816  -50.708  10.359 0.0000000000
29141  -38.547  -50.755  9.945 0.0000000000
29155  -35.270  -50.756  9.281 0.0000000000
29156  -35.794  -50.794  9.390 0.0000000000
29157  -36.253  -50.872  9.417 0.0000000000
29158  -36.720  -51.095  9.037 0.0000000000
29159  -37.804  -51.612  8.550 0.0000000000
29176  -37.274  -51.531  7.737 0.0000000000
29177  -38.549  -51.916  8.196 0.0000000000
29178  -41.011  -51.401  8.125 0.0000000000
29196  -37.955  -51.506  7.308 0.0000000000
29197  -38.328  -52.065  6.984 0.0000000000
29198  -38.811  -52.078  6.717 0.0000000000
29199  -41.490  -51.670  7.536 0.0000000000
29211  -39.573  -52.004  6.229 0.0000000000
29212  -40.310  -51.670  5.787 0.0000000000
29222  -40.773  -51.711  5.430 0.0000000000
29235  -41.530  -51.127  4.357 0.0000000000
29262  -41.499  -50.769  2.369 0.0000000000
29270  -41.269  -50.579  1.006 0.0000000000
29271  -42.963  -50.533  -0.156 0.0000000000
29272  -43.738  -50.503  0.665 0.0000000000
29274  -45.689  -50.172  0.185 0.0000000000
29275  -47.879  -51.037  0.466 0.0000000000
29276  -48.141  -50.375  0.901 0.0000000000
29280  -41.006  -50.628  -2.562 0.0000000000
29281  -42.814  -51.047  -1.543 0.0000000000
29282  -43.491  -51.036  -0.656 0.0000000000
29283  -44.372  -50.973  -0.125 0.0000000000
29284  -45.942  -51.225  -1.481 0.0000000000
29285  -46.465  -50.639  -1.630 0.0000000000
29286  -48.486  -51.165  -1.859 0.0000000000
29287  -48.692  -50.653  -0.668 0.0000000000
29290  -41.117  -49.909  -3.243 0.0000000000
29291  -42.205  -50.699  -2.885 0.0000000000
29292  -46.937  -51.264  -2.632 0.0000000000
29293  -47.761  -51.152  -2.892 0.0000000000
29294  -48.239  -50.645  -2.706 0.0000000000
29295  -48.830  -50.540  -2.145 0.0000000000
29298  -41.628  -50.213  -3.258 0.0000000000
29299  -48.550  -50.432  -2.609 0.0000000000
30026  -36.318  -50.507  8.883 0.0000000000
30027  -36.854  -50.918  8.195 0.0000000000
30041  -37.639  -49.612  8.303 0.0000000000
30042  -38.270  -50.205  7.676 0.0000000000
30057  -38.730  -50.803  7.050 0.0000000000
30058  -39.116  -51.424  6.643 0.0000000000
30066  -40.411  -50.522  6.362 0.0000000000
30080  -41.042  -49.513  5.985 0.0000000000
30096  -41.434  -49.371  4.187 0.0000000000
30107  -41.348  -49.440  3.123 0.0000000000
30118  -41.136  -49.699  1.832 0.0000000000
30119  -42.812  -49.324  1.663 0.0000000000
30123  -47.587  -49.935  2.727 0.0000000000
30124  -48.037  -49.666  1.913 0.0000000000
30131  -40.744  -48.586  -1.054 0.0000000000
30132  -40.699  -49.562  -0.099 0.0000000000
30133  -42.628  -49.564  0.353 0.0000000000
30134  -43.272  -49.962  1.257 0.0000000000
30136  -45.140  -49.767  1.351 0.0000000000
30137  -45.995  -49.455  0.754 0.0000000000
30138  -47.687  -50.411  1.810 0.0000000000
30139  -48.760  -49.918  0.452 0.0000000000
30143  -41.079  -48.552  -2.346 0.0000000000
30144  -40.766  -49.485  -2.225 0.0000000000
30145  -42.410  -49.373  -1.528 0.0000000000
30146  -46.444  -49.849  -0.760 0.0000000000
30147  -47.733  -49.713  -2.385 0.0000000000
30148  -49.317  -50.129  -1.228 0.0000000000
30149  -49.770  -49.553  -1.146 0.0000000000
30154  -41.118  -49.196  -3.055 0.0000000000
30155  -42.059  -49.513  -2.943 0.0000000000
30156  -47.352  -50.209  -2.323 0.0000000000
30157  -49.011  -50.121  -2.392 0.0000000000
30158  -49.487  -49.745  -1.851 0.0000000000
30162  -41.504  -49.429  -3.172 0.0000000000
30163  -48.286  -49.973  -2.691 0.0000000000
30164  -49.241  -49.424  -2.279 0.0000000000
30896  -38.754  -48.805  8.068 0.0000000000
30910  -39.312  -49.364  7.568 0.0000000000
30911  -39.993  -48.553  7.186 0.0000000000
30919  -40.593  -48.874  6.445 0.0000000000
30933  -41.029  -48.532  5.540 0.0000000000
30934  -41.324  -49.418  5.227 0.0000000000
30944  -40.819  -47.663  5.033 0.0000000000
30945  -41.182  -48.342  4.459 0.0000000000
30954  -40.635  -47.998  2.667 0.0000000000
30955  -41.141  -48.606  3.416 0.0000000000
30970  -40.561  -47.893  1.287 0.0000000000
30971  -40.847  -48.754  2.259 0.0000000000
30972  -42.535  -47.696  1.969 0.0000000000
30978  -48.159  -48.818  2.608 0.0000000000
30982  -40.804  -47.827  -0.252 0.0000000000
30983  -40.623  -48.699  0.718 0.0000000000
30984  -42.928  -47.238  -1.106 0.0000000000
30985  -46.309  -48.648  1.206 0.0000000000
30986  -46.942  -48.191  0.408 0.0000000000
30987  -48.892  -48.932  1.423 0.0000000000
30988  -49.725  -48.630  0.659 0.0000000000
30992  -41.118  -47.958  -1.476 0.0000000000
30993  -41.742  -47.812  -1.997 0.0000000000
30994  -42.487  -47.724  -1.869 0.0000000000
30995  -46.658  -49.057  -0.135 0.0000000000
30996  -47.373  -48.743  -1.235 0.0000000000
30997  -49.532  -49.446  -0.025 0.0000000000
30998  -50.124  -49.024  -0.546 0.0000000000
30999  -50.645  -48.536  -1.102 0.0000000000
31004  -41.693  -48.661  -2.657 0.0000000000
31005  -41.917  -49.030  -2.925 0.0000000000
31006  -47.985  -49.052  -2.393 0.0000000000
31007  -48.437  -48.537  -2.371 0.0000000000
31008  -49.934  -49.080  -1.683 0.0000000000
31009  -50.359  -48.232  -1.788 0.0000000000
31012  -48.568  -49.375  -2.576 0.0000000000
31013  -49.515  -48.606  -2.166 0.0000000000
31813  -40.264  -47.591  6.499 0.0000000000
31837  -40.461  -46.920  4.621 0.0000000000
31838  -40.703  -47.490  4.096 0.0000000000
31853  -40.553  -47.331  3.111 0.0000000000
31854  -40.852  -47.952  3.585 0.0000000000
31862  -49.326  -47.223  2.653 0.0000000000
31870  -40.594  -46.975  1.735 0.0000000000
31871  -42.967  -46.498  0.479 0.0000000000
31874  -48.886  -48.013  2.426 0.0000000000
31875  -49.627  -47.518  1.952 0.0000000000
31878  -41.019  -46.973  0.173 0.0000000000
31879  -42.095  -46.412  -0.775 0.0000000000
31880  -43.109  -46.494  -0.808 0.0000000000
31882  -47.288  -47.369  0.996 0.0000000000
31883  -49.428  -48.181  1.572 0.0000000000
31884  -49.963  -47.889  1.110 0.0000000000
31885  -50.573  -47.581  0.639 0.0000000000
31890  -41.532  -47.251  -1.102 0.0000000000
31891  -42.588  -47.029  -1.533 0.0000000000
31892  -42.994  -46.962  -1.454 0.0000000000
31893  -47.619  -47.737  -0.303 0.0000000000
31894  -48.241  -47.221  -0.973 0.0000000000
31895  -50.424  -48.341  0.089 0.0000000000
31896  -51.034  -47.943  -0.488 0.0000000000
31897  -51.697  -47.549  -0.968 0.0000000000
31901  -48.000  -48.120  -1.758 0.0000000000
31902  -48.659  -47.650  -2.018 0.0000000000
31903  -49.302  -47.195  -2.195 0.0000000000
31904  -51.086  -47.928  -1.410 0.0000000000
31905  -51.489  -47.357  -1.666 0.0000000000
31906  -49.061  -48.082  -2.326 0.0000000000
31907  -49.949  -47.625  -2.115 0.0000000000
31908  -50.799  -47.646  -1.883 0.0000000000
32715  -40.373  -46.166  4.223 0.0000000000
32733  -40.557  -45.876  3.060 0.0000000000
32734  -42.636  -46.098  2.313 0.0000000000
32747  -40.840  -45.866  1.810 0.0000000000
32748  -43.269  -45.738  0.768 0.0000000000
32752  -49.971  -46.727  2.195 0.0000000000
32753  -50.661  -46.080  1.903 0.0000000000
32757  -41.426  -45.979  0.517 0.0000000000
32758  -42.649  -45.732  -0.535 0.0000000000
32759  -43.317  -45.747  -0.238 0.0000000000
32760  -47.923  -46.871  0.382 0.0000000000
32761  -48.274  -46.034  0.894 0.0000000000
32762  -50.145  -47.277  1.481 0.0000000000
32763  -50.652  -46.833  1.235 0.0000000000
32764  -52.469  -46.239  -0.051 0.0000000000
32769  -43.087  -46.257  -0.903 0.0000000000
32770  -48.530  -46.385  -0.314 0.0000000000
32771  -49.110  -45.938  -1.002 0.0000000000
32772  -51.318  -47.263  0.145 0.0000000000
32773  -52.090  -46.906  -0.455 0.0000000000
32774  -52.807  -46.564  -1.134 0.0000000000
32777  -48.845  -46.739  -1.566 0.0000000000
32778  -49.498  -46.388  -1.924 0.0000000000
32779  -50.272  -46.210  -2.149 0.0000000000
32780  -52.213  -47.018  -1.426 0.0000000000
32781  -52.628  -46.413  -1.745 0.0000000000
32782  -50.808  -46.976  -2.088 0.0000000000
32783  -51.830  -46.785  -1.984 0.0000000000
33567  -40.431  -45.513  3.888 0.0000000000
33580  -40.630  -45.047  3.049 0.0000000000
33581  -42.790  -45.227  2.540 0.0000000000
33586  -50.299  -45.063  3.273 0.0000000000
33593  -41.975  -44.599  0.767 0.0000000000
33594  -43.169  -44.414  0.236 0.0000000000
33595  -43.516  -45.128  1.075 0.0000000000
33597  -50.099  -45.886  2.816 0.0000000000
33598  -50.769  -45.325  2.457 0.0000000000
33599  -51.568  -44.893  1.958 0.0000000000
33603  -41.504  -45.302  0.966 0.0000000000
33604  -42.592  -45.076  0.044 0.0000000000
33605  -43.488  -45.101  0.308 0.0000000000
33606  -48.638  -45.189  1.256 0.0000000000
33607  -49.218  -44.824  0.558 0.0000000000
33608  -51.960  -45.591  1.003 0.0000000000
33609  -52.888  -45.643  0.127 0.0000000000
33614  -43.213  -45.460  -0.241 0.0000000000
33615  -48.856  -45.583  0.188 0.0000000000
33616  -49.421  -45.196  -0.502 0.0000000000
33617  -50.032  -44.791  -1.159 0.0000000000
33618  -53.204  -46.149  -0.841 0.0000000000
33621  -49.777  -45.590  -1.617 0.0000000000
33622  -50.779  -45.438  -2.034 0.0000000000
33623  -52.960  -45.914  -2.104 0.0000000000
33624  -53.328  -46.078  -1.627 0.0000000000
33625  -51.125  -46.267  -2.163 0.0000000000
33626  -51.925  -46.021  -2.171 0.0000000000
34395  -40.411  -44.874  4.066 0.0000000000
34402  -50.155  -43.754  4.323 0.0000000000
34411  -40.741  -44.316  3.160 0.0000000000
34412  -42.865  -44.482  3.025 0.0000000000
34415  -49.903  -44.700  3.989 0.0000000000
34416  -50.525  -44.245  3.584 0.0000000000
34417  -51.080  -43.929  3.277 0.0000000000
34424  -41.297  -44.452  1.945 0.0000000000
34425  -42.568  -43.876  0.709 0.0000000000
34426  -44.061  -44.016  0.677 0.0000000000
34430  -50.952  -44.557  2.888 0.0000000000
34431  -51.674  -43.973  2.625 0.0000000000
34432  -52.416  -44.397  1.611 0.0000000000
34439  -43.737  -44.344  0.494 0.0000000000
34440  -49.018  -44.374  1.516 0.0000000000
34441  -49.666  -44.027  0.742 0.0000000000
34442  -52.379  -45.072  1.100 0.0000000000
34443  -53.246  -45.012  0.369 0.0000000000
34449  -43.425  -44.762  0.122 0.0000000000
34450  -50.267  -44.056  -0.390 0.0000000000
34451  -53.766  -45.735  -1.151 0.0000000000
34452  -54.228  -45.351  -1.779 0.0000000000
34453  -50.924  -44.552  -1.638 0.0000000000
34454  -52.883  -45.150  -2.246 0.0000000000
34455  -53.743  -45.693  -2.004 0.0000000000
35215  -49.520  -43.716  5.049 0.0000000000
35224  -40.873  -43.449  3.199 0.0000000000
35225  -41.985  -43.163  1.520 0.0000000000
35226  -43.997  -43.263  2.039 0.0000000000
35229  -50.841  -43.494  3.765 0.0000000000
35230  -51.478  -43.351  3.365 0.0000000000
35241  -43.746  -43.178  0.674 0.0000000000
35242  -44.246  -43.148  0.810 0.0000000000
35245  -52.140  -43.210  2.918 0.0000000000
35246  -52.472  -43.696  2.170 0.0000000000
35247  -53.507  -43.983  1.061 0.0000000000
35256  -43.827  -43.984  0.522 0.0000000000
35257  -50.012  -43.252  1.072 0.0000000000
35258  -50.639  -43.283  0.121 0.0000000000
35259  -51.606  -43.255  -0.871 0.0000000000
35260  -54.317  -45.137  -0.876 0.0000000000
35261  -54.722  -44.356  -0.508 0.0000000000
35262  -55.326  -44.209  -1.409 0.0000000000
35263  -51.193  -43.861  -1.192 0.0000000000
35264  -52.391  -44.221  -1.984 0.0000000000
35265  -53.844  -45.005  -2.257 0.0000000000
35266  -55.217  -44.162  -2.163 0.0000000000
35267  -55.421  -43.638  -2.333 0.0000000000
36008  -50.621  -42.077  4.710 0.0000000000
36020  -40.571  -42.693  3.971 0.0000000000
36021  -43.383  -42.584  3.191 0.0000000000
36024  -51.400  -42.140  4.178 0.0000000000
36031  -41.400  -42.493  2.555 0.0000000000
36032  -42.746  -42.474  1.167 0.0000000000
36033  -44.590  -41.929  1.589 0.0000000000
36036  -51.250  -42.875  3.830 0.0000000000
36037  -51.912  -42.577  3.545 0.0000000000
36038  -52.556  -42.035  3.411 0.0000000000
36048  -44.423  -42.090  0.623 0.0000000000
36049  -44.927  -41.783  0.675 0.0000000000
36050  -45.276  -41.374  0.646 0.0000000000
36054  -52.857  -43.063  2.371 0.0000000000
36055  -53.636  -42.779  1.928 0.0000000000
36063  -45.366  -41.124  0.419 0.0000000000
36064  -51.092  -42.678  0.227 0.0000000000
36065  -54.396  -43.338  0.840 0.0000000000
36066  -55.077  -42.851  0.545 0.0000000000
36069  -51.854  -42.554  -0.344 0.0000000000
36070  -52.699  -42.416  -0.861 0.0000000000
36071  -55.065  -43.678  -0.204 0.0000000000
36072  -55.614  -43.399  -0.700 0.0000000000
36073  -55.974  -42.995  -1.289 0.0000000000
36074  -52.921  -43.637  -1.806 0.0000000000
36075  -53.764  -43.314  -1.997 0.0000000000
36076  -54.873  -44.121  -2.386 0.0000000000
36077  -55.620  -43.715  -1.711 0.0000000000
36078  -55.759  -43.314  -2.110 0.0000000000
36079  -55.200  -43.548  -2.583 0.0000000000
36080  -55.392  -43.077  -2.833 0.0000000000
36927  -43.395  -41.626  3.327 0.0000000000
36930  -51.129  -41.467  4.512 0.0000000000
36931  -51.828  -41.234  4.150 0.0000000000
36942  -41.124  -40.938  3.027 0.0000000000
36943  -44.625  -41.137  1.588 0.0000000000
36944  -45.321  -40.967  0.607 0.0000000000
36948  -52.524  -41.352  3.662 0.0000000000
36949  -53.181  -41.548  3.188 0.0000000000
36960  -44.544  -40.789  0.334 0.0000000000
36961  -45.251  -41.187  0.416 0.0000000000
36964  -53.075  -42.293  2.810 0.0000000000
36965  -53.808  -41.882  2.510 0.0000000000
36966  -54.610  -41.479  2.135 0.0000000000
36974  -51.175  -42.023  0.715 0.0000000000
36975  -54.427  -42.356  1.620 0.0000000000
36976  -55.206  -41.957  1.227 0.0000000000
36977  -55.912  -41.470  0.772 0.0000000000
36982  -51.924  -41.741  0.255 0.0000000000
36983  -52.613  -41.525  -0.240 0.0000000000
36984  -55.772  -42.433  -0.012 0.0000000000
36985  -56.185  -41.881  -0.766 0.0000000000
36986  -53.439  -42.053  -1.181 0.0000000000
36987  -54.485  -42.943  -2.419 0.0000000000
36988  -54.895  -42.437  -3.261 0.0000000000
36989  -55.962  -42.689  -2.177 0.0000000000
36990  -55.133  -42.946  -3.102 0.0000000000
36991  -55.168  -42.559  -3.346 0.0000000000
36992  -55.521  -42.379  -3.216 0.0000000000
37820  -43.266  -40.614  3.363 0.0000000000
37824  -52.393  -40.659  3.798 0.0000000000
37834  -40.983  -40.122  2.833 0.0000000000
37835  -42.753  -40.201  1.159 0.0000000000
37836  -44.817  -40.303  1.279 0.0000000000
37838  -53.109  -40.840  3.428 0.0000000000
37849  -41.781  -39.791  1.817 0.0000000000
37850  -45.201  -40.637  0.462 0.0000000000
37853  -53.962  -40.978  2.898 0.0000000000
37854  -54.909  -40.660  2.297 0.0000000000
37866  -55.332  -41.188  1.683 0.0000000000
37871  -52.022  -40.784  0.466 0.0000000000
37872  -53.154  -40.791  -0.547 0.0000000000
37873  -56.396  -40.798  0.443 0.0000000000
37875  -53.880  -40.703  -1.566 0.0000000000
37876  -54.633  -41.497  -3.003 0.0000000000
37877  -56.108  -41.748  -2.183 0.0000000000
37880  -55.297  -41.969  -3.651 0.0000000000
37881  -55.594  -41.602  -3.437 0.0000000000
37885  -55.155  -41.356  -4.085 0.0000000000
38623  -42.605  -39.181  3.874 0.0000000000
38635  -44.353  -39.436  1.471 0.0000000000
38639  -52.141  -39.904  3.807 0.0000000000
38640  -53.572  -40.341  3.186 0.0000000000
38649  -41.749  -39.574  1.507 0.0000000000
38650  -43.642  -39.067  1.514 0.0000000000
38651  -44.667  -39.392  0.980 0.0000000000
38655  -53.497  -39.543  3.007 0.0000000000
38656  -54.291  -40.160  2.800 0.0000000000
38657  -55.223  -39.813  2.241 0.0000000000
38658  -56.257  -39.583  1.638 0.0000000000
38669  -42.941  -39.176  -0.040 0.0000000000
38670  -43.505  -38.791  1.279 0.0000000000
38671  -44.426  -38.914  0.820 0.0000000000
38673  -51.476  -39.868  0.907 0.0000000000
38674  -56.656  -39.925  1.063 0.0000000000
38675  -56.918  -39.126  1.229 0.0000000000
38681  -41.711  -39.628  -0.907 0.0000000000
38682  -52.349  -39.842  0.130 0.0000000000
38683  -53.306  -39.764  -1.021 0.0000000000
38684  -56.558  -39.990  -0.317 0.0000000000
38685  -56.891  -39.435  0.705 0.0000000000
38690  -54.254  -40.538  -2.647 0.0000000000
38691  -56.131  -40.660  -1.988 0.0000000000
38696  -53.615  -39.699  -2.743 0.0000000000
38697  -55.618  -40.832  -3.642 0.0000000000
38702  -54.453  -39.895  -4.856 0.0000000000
38703  -55.021  -40.516  -4.404 0.0000000000
39444  -42.289  -38.092  3.229 0.0000000000
39445  -43.113  -38.829  2.633 0.0000000000
39449  -52.541  -39.268  3.367 0.0000000000
39458  -43.028  -38.300  2.035 0.0000000000
39459  -44.277  -38.948  1.112 0.0000000000
39463  -52.959  -38.642  2.816 0.0000000000
39464  -53.884  -38.784  2.528 0.0000000000
39465  -54.837  -38.999  2.271 0.0000000000
39466  -55.694  -39.194  1.968 0.0000000000
39472  -43.789  -38.804  0.609 0.0000000000
39473  -44.196  -38.839  0.939 0.0000000000
39477  -55.523  -38.542  1.917 0.0000000000
39478  -56.435  -38.868  1.630 0.0000000000
39484  -43.064  -38.627  -0.295 0.0000000000
39486  -51.433  -38.530  0.242 0.0000000000
39487  -52.187  -39.014  -0.280 0.0000000000
39488  -57.285  -38.520  0.933 0.0000000000
39493  -42.881  -39.281  -1.556 0.0000000000
39494  -51.651  -38.264  -0.712 0.0000000000
39495  -52.553  -38.892  -1.429 0.0000000000
39496  -56.306  -38.894  -0.734 0.0000000000
39497  -56.843  -39.129  0.178 0.0000000000
39500  -42.931  -39.623  -2.480 0.0000000000
39501  -51.714  -38.110  -1.946 0.0000000000
39502  -52.487  -38.919  -3.057 0.0000000000
39503  -53.544  -39.562  -4.563 0.0000000000
39504  -55.293  -39.232  -3.304 0.0000000000
39505  -55.789  -39.748  -2.295 0.0000000000
39509  -52.395  -38.829  -4.258 0.0000000000
39510  -54.934  -39.766  -4.538 0.0000000000
39511  -55.382  -40.144  -3.835 0.0000000000
39515  -52.946  -38.280  -5.165 0.0000000000
39516  -53.858  -39.329  -5.211 0.0000000000
39517  -54.308  -39.317  -5.081 0.0000000000
39518  -53.511  -38.258  -5.314 0.0000000000
39519  -53.855  -38.769  -5.345 0.0000000000
40350  -42.617  -37.801  1.745 0.0000000000
40351  -43.946  -38.630  0.975 0.0000000000
40356  -53.398  -37.915  2.298 0.0000000000
40357  -54.466  -38.220  2.110 0.0000000000
40360  -43.232  -38.144  0.694 0.0000000000
40363  -54.155  -37.404  1.840 0.0000000000
40364  -55.209  -37.762  1.805 0.0000000000
40365  -56.475  -38.072  1.595 0.0000000000
40366  -57.427  -37.735  1.193 0.0000000000
40367  -57.940  -36.832  1.007 0.0000000000
40369  -43.083  -38.316  -0.492 0.0000000000
40372  -51.042  -37.754  -0.139 0.0000000000
40376  -42.831  -38.540  -1.846 0.0000000000
40378  -51.124  -37.478  -1.188 0.0000000000
40379  -55.223  -37.538  -1.233 0.0000000000
40380  -56.152  -37.987  -0.550 0.0000000000
40381  -57.142  -38.143  0.380 0.0000000000
40385  -42.921  -38.895  -3.061 0.0000000000
40386  -50.637  -36.846  -1.618 0.0000000000
40387  -51.045  -37.314  -2.457 0.0000000000
40388  -51.605  -38.196  -3.403 0.0000000000
40389  -54.968  -38.012  -2.560 0.0000000000
40390  -55.574  -38.570  -1.689 0.0000000000
40394  -51.308  -37.504  -3.638 0.0000000000
40395  -51.999  -38.236  -4.507 0.0000000000
40399  -51.783  -37.366  -4.438 0.0000000000
40400  -52.469  -37.409  -5.119 0.0000000000
40401  -54.149  -38.441  -5.187 0.0000000000
40402  -53.212  -37.427  -5.419 0.0000000000
40403  -53.644  -37.686  -5.309 0.0000000000
41292  -42.165  -37.127  0.932 0.0000000000
41296  -54.035  -36.483  1.592 0.0000000000
41297  -55.324  -36.503  1.544 0.0000000000
41298  -56.677  -36.689  1.536 0.0000000000
41299  -57.613  -36.872  1.290 0.0000000000
41300  -58.419  -35.984  1.003 0.0000000000
41303  -41.997  -36.986  0.061 0.0000000000
41307  -58.161  -36.387  0.879 0.0000000000
41310  -42.283  -37.234  -1.284 0.0000000000
41311  -49.587  -35.934  -0.600 0.0000000000
41312  -50.186  -36.426  -1.054 0.0000000000
41313  -54.856  -36.669  -0.873 0.0000000000
41314  -56.926  -37.255  0.018 0.0000000000
41315  -57.730  -37.111  0.767 0.0000000000
41320  -50.517  -36.343  -1.867 0.0000000000
41321  -50.969  -36.659  -2.854 0.0000000000
41322  -53.921  -36.161  -2.762 0.0000000000
41323  -54.510  -36.939  -1.896 0.0000000000
41327  -51.597  -36.566  -3.996 0.0000000000
41328  -53.885  -36.232  -4.292 0.0000000000
41329  -54.390  -37.233  -3.409 0.0000000000
41330  -52.339  -36.429  -4.961 0.0000000000
41331  -52.964  -36.437  -5.494 0.0000000000
41332  -53.565  -36.476  -5.199 0.0000000000
41333  -54.133  -37.437  -4.845 0.0000000000
41334  -53.281  -36.697  -5.404 0.0000000000
42213  -54.639  -35.652  1.464 0.0000000000
42214  -56.067  -35.787  1.538 0.0000000000
42215  -58.575  -35.497  1.131 0.0000000000
42216  -58.748  -35.438  1.015 0.0000000000
42222  -56.834  -35.596  -0.141 0.0000000000
42223  -57.907  -35.350  0.294 0.0000000000
42224  -58.756  -35.085  0.828 0.0000000000
42228  -49.163  -35.276  -0.442 0.0000000000
42229  -49.773  -35.467  -0.958 0.0000000000
42230  -53.555  -35.011  -1.340 0.0000000000
42231  -54.575  -35.738  -0.700 0.0000000000
42232  -56.005  -36.332  -0.380 0.0000000000
42233  -57.621  -36.295  0.358 0.0000000000
42237  -50.393  -35.591  -1.647 0.0000000000
42238  -51.024  -35.655  -2.489 0.0000000000
42239  -53.596  -35.348  -2.354 0.0000000000
42240  -54.031  -36.026  -1.461 0.0000000000
42246  -51.687  -35.563  -3.534 0.0000000000
42247  -53.652  -35.009  -3.991 0.0000000000
42249  -52.419  -35.439  -4.598 0.0000000000
42250  -52.986  -35.521  -5.321 0.0000000000
42251  -53.458  -35.443  -4.955 0.0000000000
42252  -53.174  -35.842  -5.337 0.0000000000
43095  -54.252  -34.075  1.500 0.0000000000
43096  -56.342  -34.083  1.528 0.0000000000
43097  -57.882  -34.368  1.508 0.0000000000
43098  -58.780  -34.645  1.208 0.0000000000
43099  -58.906  -34.850  1.025 0.0000000000
43106  -54.337  -34.825  -0.524 0.0000000000
43107  -56.740  -34.664  -0.126 0.0000000000
43108  -58.160  -34.497  0.377 0.0000000000
43109  -59.021  -34.288  0.912 0.0000000000
43114  -49.489  -34.781  -0.685 0.0000000000
43115  -53.453  -34.282  -0.811 0.0000000000
43116  -55.563  -35.279  -0.378 0.0000000000
43121  -50.349  -34.718  -1.296 0.0000000000
43122  -51.199  -34.603  -2.153 0.0000000000
43123  -53.397  -34.265  -3.175 0.0000000000
43127  -52.083  -33.377  -3.114 0.0000000000
43128  -53.045  -33.705  -4.214 0.0000000000
43129  -53.261  -34.125  -4.303 0.0000000000
43134  -52.607  -34.395  -4.260 0.0000000000
43135  -53.113  -34.654  -4.792 0.0000000000
43136  -53.277  -34.781  -4.745 0.0000000000
43137  -53.152  -35.173  -5.115 0.0000000000
44001  -54.562  -33.291  1.618 0.0000000000
44002  -55.727  -33.261  1.591 0.0000000000
44003  -57.393  -33.294  1.581 0.0000000000
44004  -58.761  -33.755  1.298 0.0000000000
44012  -53.730  -33.148  -0.102 0.0000000000
44013  -54.316  -33.903  -0.255 0.0000000000
44014  -55.917  -33.714  -0.024 0.0000000000
44015  -58.377  -33.642  0.497 0.0000000000
44016  -59.076  -33.408  0.988 0.0000000000
44017  -59.033  -33.141  1.055 0.0000000000
44022  -50.169  -33.927  -0.788 0.0000000000
44023  -52.993  -33.383  -1.219 0.0000000000
44027  -51.204  -33.556  -1.732 0.0000000000
44028  -51.838  -32.628  -2.797 0.0000000000
44029  -52.775  -32.499  -2.275 0.0000000000
44030  -53.087  -32.876  -2.975 0.0000000000
44034  -52.333  -32.489  -3.125 0.0000000000
44035  -52.694  -32.566  -3.075 0.0000000000
44036  -53.126  -33.307  -3.657 0.0000000000
44970  -55.092  -32.579  1.783 0.0000000000
44971  -56.296  -32.520  1.715 0.0000000000
44972  -57.641  -32.300  1.643 0.0000000000
44973  -58.657  -32.802  1.364 0.0000000000
44974  -58.934  -32.122  1.066 0.0000000000
44984  -52.946  -31.572  -0.075 0.0000000000
44985  -53.340  -32.412  -0.032 0.0000000000
44986  -54.534  -32.676  0.290 0.0000000000
44987  -55.676  -32.879  0.219 0.0000000000
44988  -58.494  -32.727  0.607 0.0000000000
44989  -58.998  -32.478  0.997 0.0000000000
44993  -50.653  -32.029  -0.870 0.0000000000
44994  -52.626  -32.044  -1.304 0.0000000000
44998  -51.402  -32.418  -1.904 0.0000000000
44999  -51.941  -31.858  -3.027 0.0000000000
45000  -52.485  -31.837  -2.603 0.0000000000
45003  -52.171  -31.808  -2.970 0.0000000000
45935  -54.703  -30.939  2.452 0.0000000000
45936  -55.877  -30.589  2.450 0.0000000000
45950  -54.774  -31.856  2.141 0.0000000000
45951  -55.752  -31.326  2.254 0.0000000000
45952  -57.931  -31.487  1.721 0.0000000000
45953  -58.719  -31.419  1.279 0.0000000000
45963  -50.187  -31.149  -0.228 0.0000000000
45964  -54.232  -31.203  0.608 0.0000000000
45965  -55.306  -31.461  0.503 0.0000000000
45966  -58.559  -31.789  0.715 0.0000000000
45967  -58.924  -31.585  1.059 0.0000000000
45968  -58.874  -31.381  1.094 0.0000000000
45973  -50.970  -30.924  -1.383 0.0000000000
45974  -52.474  -31.091  -1.877 0.0000000000
45977  -51.710  -30.622  -2.483 0.0000000000
45978  -52.012  -31.169  -2.902 0.0000000000
45979  -52.211  -31.111  -2.719 0.0000000000
46876  -54.099  -30.157  2.656 0.0000000000
46877  -55.473  -29.889  2.661 0.0000000000
46878  -56.632  -29.972  2.455 0.0000000000
46879  -57.762  -29.628  2.096 0.0000000000
46894  -57.187  -30.725  2.180 0.0000000000
46895  -58.772  -30.693  1.127 0.0000000000
46905  -50.526  -30.264  -0.649 0.0000000000
46906  -52.669  -30.161  -0.227 0.0000000000
46907  -54.497  -30.370  0.667 0.0000000000
46908  -55.795  -30.108  0.557 0.0000000000
46909  -57.147  -30.037  0.415 0.0000000000
46910  -58.673  -30.307  0.949 0.0000000000
46915  -51.223  -30.075  -1.738 0.0000000000
46916  -52.462  -30.246  -1.621 0.0000000000
46923  -51.835  -29.902  -2.531 0.0000000000
46924  -52.067  -29.834  -2.532 0.0000000000
47738  -53.519  -29.516  2.890 0.0000000000
47739  -54.618  -29.315  2.865 0.0000000000
47740  -55.815  -28.997  2.763 0.0000000000
47741  -57.100  -29.016  2.363 0.0000000000
47752  -56.397  -28.642  0.532 0.0000000000
47753  -58.182  -28.846  1.490 0.0000000000
47754  -58.629  -29.763  1.105 0.0000000000
47763  -50.237  -29.563  -0.026 0.0000000000
47764  -52.756  -29.413  0.173 0.0000000000
47765  -53.758  -29.025  0.736 0.0000000000
47766  -55.084  -29.385  0.685 0.0000000000
47767  -56.749  -29.251  0.452 0.0000000000
47768  -57.829  -29.248  0.521 0.0000000000
47769  -58.381  -29.425  0.838 0.0000000000
47777  -50.769  -29.450  -1.065 0.0000000000
47778  -52.463  -29.592  -1.101 0.0000000000
47784  -51.391  -29.286  -2.034 0.0000000000
47785  -51.899  -29.194  -2.448 0.0000000000
47786  -52.344  -29.695  -2.170 0.0000000000
47790  -52.173  -29.097  -2.318 0.0000000000
48561  -53.968  -28.747  3.125 0.0000000000
48562  -54.409  -27.989  3.282 0.0000000000
48570  -55.206  -28.531  3.007 0.0000000000
48571  -56.972  -28.160  2.425 0.0000000000
48572  -58.087  -28.191  1.353 0.0000000000
48578  -55.125  -28.392  0.816 0.0000000000
48579  -57.044  -27.968  0.543 0.0000000000
48580  -57.679  -28.481  0.561 0.0000000000
48581  -58.262  -28.409  0.852 0.0000000000
48582  -58.446  -29.006  0.964 0.0000000000
48591  -50.490  -28.776  -0.451 0.0000000000
48592  -52.782  -28.544  0.320 0.0000000000
48593  -53.764  -28.338  0.885 0.0000000000
48594  -58.185  -28.782  0.752 0.0000000000
48603  -50.942  -28.656  -1.466 0.0000000000
48604  -52.501  -28.146  -1.278 0.0000000000
48612  -51.539  -28.504  -2.172 0.0000000000
48613  -52.028  -28.428  -2.441 0.0000000000
48614  -52.380  -28.316  -2.108 0.0000000000
48621  -52.243  -27.817  -2.303 0.0000000000
49315  -52.472  -27.457  3.454 0.0000000000
49316  -53.640  -27.357  3.455 0.0000000000
49317  -54.801  -27.240  3.392 0.0000000000
49318  -56.168  -27.016  2.904 0.0000000000
49329  -55.822  -27.744  2.985 0.0000000000
49330  -57.474  -27.315  2.018 0.0000000000
49331  -57.878  -27.007  0.891 0.0000000000
49335  -50.199  -27.302  0.502 0.0000000000
49336  -54.276  -27.765  1.097 0.0000000000
49337  -55.941  -27.568  0.818 0.0000000000
49338  -57.543  -27.268  0.736 0.0000000000
49348  -50.354  -28.055  0.049 0.0000000000
49349  -52.564  -27.139  0.109 0.0000000000
49350  -53.147  -27.827  0.754 0.0000000000
49360  -51.135  -27.048  -1.755 0.0000000000
49361  -52.604  -27.113  -1.374 0.0000000000
49370  -51.098  -27.883  -1.734 0.0000000000
49371  -51.675  -27.642  -2.255 0.0000000000
49372  -52.561  -27.532  -1.975 0.0000000000
49380  -52.289  -27.200  -2.324 0.0000000000
50051  -53.993  -26.610  3.516 0.0000000000
50052  -55.080  -26.521  3.451 0.0000000000
50053  -56.259  -26.380  3.067 0.0000000000
50054  -57.190  -26.153  2.428 0.0000000000
50067  -57.570  -26.675  1.830 0.0000000000
50068  -58.023  -26.134  1.118 0.0000000000
50080  -53.838  -25.660  1.414 0.0000000000
50081  -53.706  -26.476  1.275 0.0000000000
50082  -55.049  -26.371  1.308 0.0000000000
50083  -56.924  -26.229  0.797 0.0000000000
50084  -57.993  -26.356  0.940 0.0000000000
50093  -50.503  -26.464  0.010 0.0000000000
50094  -52.717  -26.524  0.544 0.0000000000
50095  -53.472  -27.185  1.075 0.0000000000
50102  -50.883  -26.306  -1.185 0.0000000000
50103  -51.551  -26.107  -2.042 0.0000000000
50104  -52.655  -26.395  -0.996 0.0000000000
50110  -51.798  -26.725  -2.298 0.0000000000
50111  -52.673  -26.434  -1.847 0.0000000000
50115  -52.433  -26.625  -2.206 0.0000000000
50844  -54.385  -25.195  3.538 0.0000000000
50845  -55.243  -25.816  3.495 0.0000000000
50846  -56.293  -25.698  3.260 0.0000000000
50847  -57.427  -25.606  2.347 0.0000000000
50859  -58.046  -25.434  1.196 0.0000000000
50870  -50.327  -25.806  0.644 0.0000000000
50871  -54.588  -24.915  1.540 0.0000000000
50872  -56.344  -25.439  1.152 0.0000000000
50873  -57.700  -25.754  0.796 0.0000000000
50874  -58.028  -25.437  0.849 0.0000000000
50879  -50.765  -25.507  -0.551 0.0000000000
50880  -52.665  -25.197  0.516 0.0000000000
50882  -51.304  -25.557  -1.626 0.0000000000
50883  -51.920  -25.284  -2.110 0.0000000000
50884  -52.613  -25.063  -1.218 0.0000000000
50888  -52.307  -25.962  -2.211 0.0000000000
51699  -54.564  -24.448  3.577 0.0000000000
51700  -56.523  -24.926  3.348 0.0000000000
51701  -57.927  -24.036  2.673 0.0000000000
51712  -58.012  -24.595  1.512 0.0000000000
51723  -50.414  -24.553  0.821 0.0000000000
51724  -52.808  -23.907  0.867 0.0000000000
51725  -53.680  -24.189  1.481 0.0000000000
51726  -55.988  -24.573  1.360 0.0000000000
51727  -57.433  -25.113  0.834 0.0000000000
51728  -58.005  -24.909  0.849 0.0000000000
51729  -58.079  -25.006  0.913 0.0000000000
51733  -50.745  -24.643  -0.267 0.0000000000
51734  -52.582  -24.300  -0.498 0.0000000000
51737  -51.378  -24.751  -1.523 0.0000000000
51738  -51.701  -24.090  -1.686 0.0000000000
51739  -52.379  -24.413  -1.595 0.0000000000
51741  -52.106  -24.541  -1.910 0.0000000000
51742  -52.367  -25.150  -1.918 0.0000000000
52517  -54.969  -23.731  3.649 0.0000000000
52518  -56.109  -23.980  3.604 0.0000000000
52519  -57.790  -23.383  3.458 0.0000000000
52520  -58.557  -23.088  3.233 0.0000000000
52521  -58.980  -22.919  2.730 0.0000000000
52531  -58.275  -23.691  2.039 0.0000000000
52543  -52.712  -23.291  0.549 0.0000000000
52544  -53.440  -23.364  1.388 0.0000000000
52545  -54.604  -23.978  1.620 0.0000000000
52546  -55.755  -23.668  1.486 0.0000000000
52547  -56.647  -23.208  1.301 0.0000000000
52548  -58.064  -24.238  1.089 0.0000000000
52549  -58.284  -23.232  1.524 0.0000000000
52553  -50.629  -23.912  0.260 0.0000000000
52554  -52.595  -23.542  -0.484 0.0000000000
52555  -51.009  -24.009  -0.986 0.0000000000
52556  -51.464  -23.469  -1.493 0.0000000000
52557  -52.449  -23.672  -1.354 0.0000000000
52558  -52.155  -23.772  -1.690 0.0000000000
53360  -56.116  -22.011  4.425 0.0000000000
53361  -58.201  -22.151  4.375 0.0000000000
53378  -55.707  -22.962  3.817 0.0000000000
53379  -57.199  -22.608  4.001 0.0000000000
53380  -58.579  -22.601  4.029 0.0000000000
53389  -59.806  -22.347  3.395 0.0000000000
53400  -52.806  -22.620  0.658 0.0000000000
53401  -53.723  -22.474  1.488 0.0000000000
53402  -54.815  -22.208  1.646 0.0000000000
53403  -56.003  -22.402  1.496 0.0000000000
53404  -57.197  -22.558  1.227 0.0000000000
53405  -58.096  -22.570  1.305 0.0000000000
53406  -58.900  -22.434  2.082 0.0000000000
53413  -50.604  -22.406  0.212 0.0000000000
53414  -52.682  -22.489  -0.697 0.0000000000
53415  -51.062  -22.778  -1.229 0.0000000000
53416  -51.874  -22.973  -1.779 0.0000000000
53417  -52.507  -22.439  -1.453 0.0000000000
53418  -51.439  -22.300  -1.708 0.0000000000
53419  -52.171  -22.406  -1.844 0.0000000000
54176  -55.381  -21.404  4.801 0.0000000000
54177  -56.403  -21.307  4.751 0.0000000000
54178  -57.567  -21.646  4.547 0.0000000000
54179  -59.339  -21.683  4.674 0.0000000000
54200  -60.649  -21.613  4.183 0.0000000000
54212  -52.802  -21.843  0.188 0.0000000000
54213  -53.883  -21.620  1.486 0.0000000000
54214  -54.768  -21.231  1.580 0.0000000000
54215  -55.773  -20.968  1.526 0.0000000000
54216  -57.604  -21.769  1.253 0.0000000000
54217  -58.752  -21.558  1.623 0.0000000000
54218  -60.002  -20.981  2.561 0.0000000000
54226  -50.467  -21.518  0.255 0.0000000000
54227  -53.189  -21.219  0.933 0.0000000000
54228  -50.757  -22.032  -0.886 0.0000000000
54229  -52.809  -21.814  -1.052 0.0000000000
54230  -50.931  -21.600  -1.580 0.0000000000
54231  -51.707  -21.745  -2.033 0.0000000000
54232  -52.508  -21.656  -1.804 0.0000000000
55009  -56.086  -20.654  4.851 0.0000000000
55010  -57.196  -20.834  4.702 0.0000000000
55011  -58.507  -21.070  4.793 0.0000000000
55026  -58.178  -20.424  4.437 0.0000000000
55027  -59.891  -20.762  4.894 0.0000000000
55028  -60.764  -20.715  4.698 0.0000000000
55038  -60.598  -20.442  3.657 0.0000000000
55039  -60.175  -19.669  3.010 0.0000000000
55051  -53.976  -20.713  1.383 0.0000000000
55052  -54.962  -20.134  1.449 0.0000000000
55053  -56.372  -19.953  1.395 0.0000000000
55054  -57.756  -20.003  1.252 0.0000000000
55055  -59.880  -19.882  2.382 0.0000000000
55067  -50.329  -20.753  0.090 0.0000000000
55068  -52.889  -21.016  -0.028 0.0000000000
55069  -53.403  -20.323  0.790 0.0000000000
55070  -50.439  -20.796  -1.202 0.0000000000
55071  -52.950  -20.959  -1.341 0.0000000000
55072  -53.144  -20.045  -0.150 0.0000000000
55073  -51.010  -21.081  -2.058 0.0000000000
55074  -51.996  -21.049  -2.303 0.0000000000
55075  -52.780  -20.678  -2.060 0.0000000000
55076  -53.225  -19.974  -1.545 0.0000000000
55077  -52.287  -20.212  -2.440 0.0000000000
55791  -54.030  -19.087  4.267 0.0000000000
55793  -55.463  -20.051  4.633 0.0000000000
55794  -56.691  -20.183  4.362 0.0000000000
55809  -54.940  -19.337  3.989 0.0000000000
55810  -56.098  -19.450  3.810 0.0000000000
55811  -57.480  -19.540  3.792 0.0000000000
55812  -59.459  -19.195  3.124 0.0000000000
55813  -60.355  -19.857  3.742 0.0000000000
55824  -59.794  -19.316  2.841 0.0000000000
55833  -54.059  -19.902  1.215 0.0000000000
55834  -54.645  -19.167  1.111 0.0000000000
55835  -55.891  -18.994  1.181 0.0000000000
55836  -57.570  -18.684  1.127 0.0000000000
55837  -58.510  -18.269  1.435 0.0000000000
55838  -59.630  -19.282  2.424 0.0000000000
55851  -50.100  -20.026  -0.316 0.0000000000
55852  -53.829  -19.266  0.653 0.0000000000
55853  -54.591  -18.427  0.577 0.0000000000
55855  -49.769  -19.314  -0.732 0.0000000000
55856  -50.114  -19.978  -1.416 0.0000000000
55857  -53.547  -18.941  -0.354 0.0000000000
55858  -49.689  -19.301  -1.732 0.0000000000
55859  -50.211  -19.847  -2.067 0.0000000000
55860  -51.119  -20.334  -2.347 0.0000000000
55861  -53.047  -19.700  -2.280 0.0000000000
55862  -53.539  -18.840  -1.768 0.0000000000
55863  -50.724  -19.466  -2.468 0.0000000000
55864  -51.643  -19.684  -2.592 0.0000000000
55865  -52.489  -19.256  -2.620 0.0000000000
56607  -53.527  -18.515  3.584 0.0000000000
56608  -54.488  -18.634  3.312 0.0000000000
56609  -55.590  -18.685  3.082 0.0000000000
56610  -56.844  -18.702  2.928 0.0000000000
56611  -58.206  -18.789  2.961 0.0000000000
56621  -53.064  -17.933  2.924 0.0000000000
56622  -54.065  -17.961  2.611 0.0000000000
56623  -55.209  -17.847  2.388 0.0000000000
56624  -56.429  -17.737  2.191 0.0000000000
56625  -57.653  -17.717  2.054 0.0000000000
56626  -58.538  -17.964  2.099 0.0000000000
56627  -59.110  -18.560  2.135 0.0000000000
56638  -55.590  -18.095  0.665 0.0000000000
56639  -57.046  -17.612  0.727 0.0000000000
56640  -58.048  -17.298  0.922 0.0000000000
56641  -58.133  -17.561  1.426 0.0000000000
56655  -54.264  -18.040  0.140 0.0000000000
56656  -55.443  -17.045  0.231 0.0000000000
56657  -56.489  -16.923  0.488 0.0000000000
56658  -57.457  -16.420  0.751 0.0000000000
56661  -49.399  -18.628  -1.145 0.0000000000
56662  -54.007  -17.735  -0.986 0.0000000000
56663  -49.260  -18.606  -2.004 0.0000000000
56664  -49.815  -19.102  -2.243 0.0000000000
56665  -53.307  -18.570  -2.509 0.0000000000
56666  -53.889  -17.658  -2.112 0.0000000000
56667  -49.564  -18.234  -2.521 0.0000000000
56668  -50.462  -18.566  -2.699 0.0000000000
56669  -51.566  -18.852  -2.771 0.0000000000
56670  -53.630  -17.458  -2.759 0.0000000000
57422  -52.677  -17.166  2.419 0.0000000000
57423  -53.735  -17.080  2.104 0.0000000000
57424  -54.939  -16.865  1.799 0.0000000000
57425  -56.152  -16.692  1.558 0.0000000000
57426  -57.246  -16.671  1.395 0.0000000000
57427  -57.900  -16.996  1.364 0.0000000000
57437  -53.426  -16.360  1.537 0.0000000000
57438  -54.701  -16.103  1.272 0.0000000000
57439  -55.972  -15.845  1.107 0.0000000000
57440  -56.925  -15.766  0.969 0.0000000000
57441  -57.541  -16.160  0.886 0.0000000000
57458  -49.061  -17.978  -0.511 0.0000000000
57459  -54.800  -16.661  -0.346 0.0000000000
57460  -55.768  -15.908  0.297 0.0000000000
57461  -56.697  -16.024  0.569 0.0000000000
57468  -48.650  -17.335  -0.993 0.0000000000
57469  -48.958  -17.982  -1.605 0.0000000000
57470  -54.881  -15.857  -0.300 0.0000000000
57471  -48.539  -17.348  -2.032 0.0000000000
57472  -48.965  -17.802  -2.309 0.0000000000
57473  -54.011  -16.858  -2.356 0.0000000000
57474  -48.661  -17.111  -2.761 0.0000000000
57475  -49.250  -17.428  -2.908 0.0000000000
57476  -50.092  -17.688  -3.027 0.0000000000
57477  -51.360  -17.775  -3.075 0.0000000000
57478  -53.207  -17.014  -3.155 0.0000000000
57479  -53.700  -16.626  -2.740 0.0000000000
57480  -49.680  -16.889  -3.321 0.0000000000
57481  -50.720  -16.914  -3.287 0.0000000000
57482  -51.809  -16.754  -3.311 0.0000000000
57483  -52.668  -16.592  -3.231 0.0000000000
58243  -51.891  -16.185  1.320 0.0000000000
58244  -53.030  -15.938  1.053 0.0000000000
58245  -54.285  -15.726  0.753 0.0000000000
58246  -55.495  -15.695  0.640 0.0000000000
58247  -56.424  -15.728  0.813 0.0000000000
58248  -57.131  -15.831  0.878 0.0000000000
58264  -52.435  -15.802  0.528 0.0000000000
58265  -53.635  -15.623  0.220 0.0000000000
58266  -54.797  -15.642  -0.050 0.0000000000
58267  -55.620  -15.756  0.367 0.0000000000
58277  -48.223  -16.684  -1.544 0.0000000000
58278  -54.347  -15.891  -1.016 0.0000000000
58279  -47.972  -16.413  -2.352 0.0000000000
58280  -48.259  -16.757  -2.557 0.0000000000
58281  -53.476  -15.858  -2.023 0.0000000000
58282  -53.973  -16.249  -2.008 0.0000000000
58283  -47.895  -16.320  -3.004 0.0000000000
58284  -48.325  -16.525  -3.211 0.0000000000
58285  -48.892  -16.756  -3.315 0.0000000000
58286  -52.237  -15.924  -3.158 0.0000000000
58287  -53.181  -16.267  -3.026 0.0000000000
58288  -47.963  -16.015  -3.603 0.0000000000
58289  -48.621  -16.084  -3.742 0.0000000000
58290  -49.322  -16.286  -3.596 0.0000000000
58291  -50.300  -16.057  -3.488 0.0000000000
59120  -50.345  -15.629  1.079 0.0000000000
59121  -51.354  -15.908  0.802 0.0000000000
59137  -51.775  -15.667  -0.005 0.0000000000
59138  -52.879  -15.613  -0.345 0.0000000000
59139  -53.916  -15.640  -0.657 0.0000000000
59151  -50.319  -15.122  -0.879 0.0000000000
59152  -51.210  -15.331  -1.555 0.0000000000
59153  -52.133  -15.576  -1.087 0.0000000000
59154  -53.231  -15.652  -1.234 0.0000000000
59157  -50.501  -14.907  -1.973 0.0000000000
59158  -51.214  -15.210  -2.579 0.0000000000
59159  -52.069  -15.497  -2.215 0.0000000000
59160  -52.828  -15.816  -2.642 0.0000000000
59162  -50.915  -15.120  -3.058 0.0000000000
59163  -51.784  -15.519  -2.874 0.0000000000
59166  -49.492  -15.526  -3.789 0.0000000000
59167  -50.405  -15.226  -3.486 0.0000000000
59168  -51.215  -15.555  -3.243 0.0000000000
59170  -48.446  -15.154  -4.285 0.0000000000
59171  -49.209  -14.871  -4.071 0.0000000000
59962  -49.479  -14.721  -0.136 0.0000000000
59976  -49.720  -14.587  -1.281 0.0000000000
59983  -49.265  -14.063  -1.703 0.0000000000
59984  -49.907  -14.453  -2.311 0.0000000000
59985  -50.541  -14.772  -2.874 0.0000000000
59988  -49.947  -14.405  -3.141 0.0000000000
59989  -50.263  -14.787  -3.318 0.0000000000
59992  -49.708  -14.503  -3.638 0.0000000000
60809  -49.447  -13.948  -2.686 0.0000000000
60812  -49.417  -13.993  -3.498 0.0000000000
60815  -49.207  -14.123  -4.053 0.0000000000
96294  -41.049  -45.177  1.942 0.0000000000
96313  -48.257  -51.388  -2.826 0.0000000000
96365  -53.572  -29.885  0.600 0.0000000000
96369  -40.577  -46.526  2.559 0.0000000000
96402  -56.695  -31.726  1.946 0.0000000000
96609  -42.485  -52.042  -2.491 0.0000000000
96694  -56.964  -20.934  1.296 0.0000000000
96872  -51.457  -46.328  0.824 0.0000000000
96925  -57.059  -38.489  1.308 0.0000000000
96958  -41.193  -51.760  4.931 0.0000000000
96966  -57.120  -33.022  0.221 0.0000000000
96991  -42.541  -48.175  -1.192 0.0000000000
97101  -53.274  -28.156  3.334 0.0000000000
97103  -54.343  -39.460  2.611 0.0000000000
97110  -54.681  -38.570  -4.270 0.0000000000
97126  -41.539  -50.275  3.887 0.0000000000
97128  -43.776  -44.449  1.138 0.0000000000
97153  -52.813  -15.624  -1.887 0.0000000000
97331  -56.404  -31.663  0.390 0.0000000000
97332  -55.422  -32.184  0.382 0.0000000000
97396  -52.639  -25.775  -1.637 0.0000000000
97436  -40.470  -46.742  3.640 0.0000000000
97484  -58.025  -20.945  1.256 0.0000000000
97490  -57.763  -23.416  1.140 0.0000000000
97520  -50.626  -27.253  -0.652 0.0000000000
97540  -40.830  -41.825  3.449 0.0000000000
97553  -58.008  -27.791  0.786 0.0000000000
97590  -57.598  -35.962  1.443 0.0000000000
97755  -57.666  -26.739  0.808 0.0000000000
97761  -59.058  -34.053  1.039 0.0000000000
97801  -42.691  -39.861  4.177 0.0000000000
97936  -52.569  -25.792  -0.328 0.0000000000
97976  -57.282  -33.887  0.134 0.0000000000
98040  -40.218  -45.502  4.823 0.0000000000
98160  -58.152  -36.240  1.153 0.0000000000
98429  -38.397  -58.174  3.359 0.0000000000
98462  -52.266  -23.045  -1.541 0.0000000000
98627  -44.502  -42.627  1.351 0.0000000000
98676  -58.336  -30.866  1.637 0.0000000000
98684  -53.267  -30.724  0.369 0.0000000000
98758  -54.238  -31.984  0.480 0.0000000000
98773  -37.016  -56.667  9.910 0.0000000000
98776  -41.410  -39.259  0.935 0.0000000000
98880  -55.930  -37.284  1.596 0.0000000000
98955  -55.263  -41.302  -3.960 0.0000000000
98996  -34.514  -58.320  10.188 0.0000000000
99032  -53.508  -16.172  -2.565 0.0000000000
99243  -45.074  -39.869  0.509 0.0000000000
99341  -51.701  -39.207  0.446 0.0000000000
99402  -52.254  -30.391  -2.440 0.0000000000
99590  -50.708  -42.862  4.299 0.0000000000
99685  -41.474  -50.221  2.972 0.0000000000
99742  -58.969  -20.222  1.544 0.0000000000
99839  -50.673  -33.021  -1.006 0.0000000000
99891  -59.227  -19.085  1.807 0.0000000000
99955  -54.254  -25.915  3.532 0.0000000000
100000  -47.608  -52.129  -0.769 0.0000000000
100042  -39.551  -50.324  10.582 0.0000000000
100048  -52.062  -41.857  3.830 0.0000000000
100099  -47.289  -52.806  -0.493 0.0000000000
100178  -53.209  -24.721  1.273 0.0000000000
100522  -50.693  -28.035  -0.929 0.0000000000
100627  -57.618  -31.027  0.422 0.0000000000
100745  -40.734  -60.003  1.288 0.0000000000
100845  -47.234  -54.162  -3.361 0.0000000000
100919  -54.126  -41.647  -1.768 0.0000000000
100923  -59.030  -19.750  4.121 0.0000000000
100941  -58.030  -25.843  0.882 0.0000000000
101255  -42.645  -47.485  0.415 0.0000000000
101363  -42.516  -40.089  -2.392 0.0000000000
101512  -38.300  -60.210  5.700 0.0000000000
101516  -52.650  -18.065  -2.956 0.0000000000
101517  -43.437  -39.792  2.815 0.0000000000
101653  -54.289  -16.563  -1.436 0.0000000000
101751  -47.810  -51.633  -0.484 0.0000000000
101769  -55.920  -40.494  1.537 0.0000000000
101837  -51.541  -31.453  -2.228 0.0000000000
101928  -50.537  -21.359  -0.688 0.0000000000
102078  -57.192  -24.208  3.297 0.0000000000
102115  -55.150  -33.878  1.506 0.0000000000
102145  -56.532  -26.872  0.821 0.0000000000
102229  -56.920  -35.043  1.540 0.0000000000
102256  -58.072  -27.589  1.196 0.0000000000
102487  -56.798  -23.458  3.643 0.0000000000
102521  -52.045  -30.529  -2.705 0.0000000000
102651  -55.267  -34.751  1.476 0.0000000000
102754  -58.105  -35.148  1.422 0.0000000000
102763  -51.041  -15.532  -0.494 0.0000000000
102894  -51.290  -16.188  -3.369 0.0000000000
103287  -56.232  -30.843  0.463 0.0000000000
103314  -47.501  -50.930  1.751 0.0000000000
103342  -52.873  -40.099  3.452 0.0000000000
103747  -54.745  -40.515  -4.329 0.0000000000
103807  -36.729  -56.740  8.445 0.0000000000
103860  -35.158  -53.478  11.235 0.0000000000
103868  -50.012  -36.005  -1.257 0.0000000000
103895  -45.351  -50.792  -0.368 0.0000000000
103896  -52.453  -28.966  -1.794 0.0000000000
103899  -60.196  -20.092  4.353 0.0000000000
103976  -55.221  -25.757  1.362 0.0000000000
104135  -42.449  -50.313  -1.939 0.0000000000
104174  -40.448  -58.561  5.308 0.0000000000
104201  -43.492  -38.506  0.140 0.0000000000
104391  -50.503  -20.460  -1.903 0.0000000000
104662  -39.116  -59.246  1.591 0.0000000000
104746  -39.899  -49.869  7.021 0.0000000000
104941  -57.337  -24.226  1.075 0.0000000000
105500  -40.950  -50.555  -0.838 0.0000000000
105524  -58.453  -35.802  0.823 0.0000000000
105532  -52.666  -26.932  -2.002 0.0000000000
105623  -43.143  -43.826  2.947 0.0000000000
105731  -51.907  -34.535  -3.195 0.0000000000
105860  -58.662  -30.925  0.812 0.0000000000
105861  -35.481  -55.105  11.852 0.0000000000
105987  -42.989  -37.874  0.235 0.0000000000
106050  -41.640  -51.674  2.764 0.0000000000
106053  -59.736  -21.870  2.679 0.0000000000
106110  -53.037  -38.929  -4.932 0.0000000000
106148  -44.888  -39.862  0.235 0.0000000000
106192  -54.737  -27.075  1.226 0.0000000000
106272  -42.183  -48.351  -2.306 0.0000000000
106366  -52.505  -28.947  -0.728 0.0000000000
106377  -50.808  -23.290  -0.443 0.0000000000
106428  -57.624  -24.898  2.386 0.0000000000
106541  -34.315  -61.352  7.514 0.0000000000
106725  -53.969  -34.857  1.452 0.0000000000
106908  -58.346  -30.134  1.649 0.0000000000
106916  -50.502  -23.147  0.901 0.0000000000
107123  -55.385  -25.100  3.535 0.0000000000
107307  -50.500  -25.148  0.418 0.0000000000
107518  -52.570  -23.055  -1.165 0.0000000000
107576  -43.925  -43.850  1.439 0.0000000000
107701  -50.497  -42.489  1.121 0.0000000000
107866  -42.659  -54.041  1.634 0.0000000000
108006  -58.184  -30.088  0.589 0.0000000000
108091  -55.652  -32.005  1.976 0.0000000000
108121  -42.425  -41.495  1.639 0.0000000000
108186  -54.601  -23.097  1.634 0.0000000000
108362  -56.343  -40.863  -0.698 0.0000000000
108486  -56.339  -39.692  -0.963 0.0000000000
108533  -37.110  -51.427  8.358 0.0000000000
108681  -49.900  -14.918  -3.724 0.0000000000
108756  -54.869  -37.079  1.651 0.0000000000
108968  -54.559  -19.681  4.778 0.0000000000
109071  -52.630  -30.788  -0.649 0.0000000000
109156  -41.074  -50.517  5.741 0.0000000000
109488  -49.937  -46.857  -2.196 0.0000000000
109539  -37.359  -50.954  7.679 0.0000000000
109603  -59.864  -22.212  4.127 0.0000000000
109604  -50.214  -15.340  0.139 0.0000000000
109612  -48.870  -48.860  -2.431 0.0000000000
109624  -41.446  -50.580  4.924 0.0000000000
109647  -42.543  -48.452  0.375 0.0000000000
109652  -54.844  -33.274  0.084 0.0000000000
109714  -41.594  -51.149  3.498 0.0000000000
109791  -51.881  -45.210  -2.165 0.0000000000
109886  -55.472  -24.447  3.577 0.0000000000
110081  -58.480  -19.195  1.399 0.0000000000
110367  -37.936  -51.968  7.557 0.0000000000
110415  -56.960  -37.380  1.489 0.0000000000
110466  -52.874  -32.745  -0.868 0.0000000000
110523  -55.209  -30.804  0.588 0.0000000000
110587  -58.888  -31.005  1.022 0.0000000000
110647  -39.406  -50.883  9.471 0.0000000000
110682  -37.383  -51.314  9.131 0.0000000000
110728  -41.365  -43.846  2.113 0.0000000000
110757  -56.474  -21.748  1.404 0.0000000000
110764  -41.575  -51.455  1.749 0.0000000000
110909  -55.783  -37.189  -0.548 0.0000000000
110921  -57.913  -16.690  0.892 0.0000000000
111013  -58.538  -32.033  1.388 0.0000000000
111099  -54.848  -44.864  -1.943 0.0000000000
111168  -54.224  -44.399  -2.244 0.0000000000
111412  -60.518  -21.405  4.800 0.0000000000
111488  -52.604  -23.009  -0.291 0.0000000000
111663  -53.907  -15.835  -1.418 0.0000000000
111667  -42.747  -47.377  -1.727 0.0000000000
111755  -49.696  -44.565  -0.119 0.0000000000
111877  -52.840  -33.051  -3.566 0.0000000000
111934  -52.541  -27.760  -0.218 0.0000000000
111945  -53.205  -33.792  -2.226 0.0000000000
112056  -42.637  -46.684  1.726 0.0000000000
112089  -39.729  -51.750  8.220 0.0000000000
112154  -47.202  -53.567  -0.206 0.0000000000
112184  -42.154  -37.231  1.572 0.0000000000
112358  -57.474  -32.087  0.369 0.0000000000
112634  -53.544  -38.821  -5.261 0.0000000000
112758  -52.397  -17.261  -3.222 0.0000000000
112963  -47.045  -49.485  -1.607 0.0000000000
112965  -52.866  -25.942  0.965 0.0000000000
112996  -58.355  -29.425  1.436 0.0000000000
113124  -56.609  -40.174  0.355 0.0000000000
113382  -43.107  -38.797  -1.018 0.0000000000
113539  -36.014  -52.062  12.277 0.0000000000
113674  -50.119  -43.632  0.423 0.0000000000
113702  -56.398  -32.366  0.304 0.0000000000
113754  -57.600  -37.692  0.959 0.0000000000
113926  -40.679  -47.900  5.835 0.0000000000
114029  -58.085  -26.611  0.986 0.0000000000
114095  -51.819  -40.453  4.130 0.0000000000
114197  -55.324  -34.477  -0.267 0.0000000000
114374  -50.736  -36.783  -2.219 0.0000000000
114390  -55.518  -22.915  1.550 0.0000000000
114436  -39.402  -48.335  7.660 0.0000000000
114488  -53.134  -21.947  1.062 0.0000000000
114499  -48.732  -15.490  -4.061 0.0000000000
114589  -43.335  -39.321  2.703 0.0000000000
114604  -55.524  -21.725  1.577 0.0000000000
114685  -42.559  -48.435  1.584 0.0000000000
114695  -41.194  -52.300  4.997 0.0000000000
114708  -40.728  -46.324  1.674 0.0000000000
114717  -38.848  -50.371  10.802 0.0000000000
114900  -41.741  -52.131  2.204 0.0000000000
114958  -46.435  -53.495  -3.136 0.0000000000
115120  -44.594  -42.580  0.768 0.0000000000
115159  -45.347  -41.284  0.486 0.0000000000
115163  -38.436  -51.780  6.851 0.0000000000
115190  -50.838  -27.550  -1.309 0.0000000000
115293  -52.626  -33.635  -3.875 0.0000000000
115346  -34.498  -56.114  9.288 0.0000000000
115478  -38.545  -52.190  7.445 0.0000000000
115525  -53.003  -32.914  -3.417 0.0000000000
115559  -52.499  -42.618  3.062 0.0000000000
115699  -50.897  -15.687  0.319 0.0000000000
115876  -51.836  -44.545  -1.975 0.0000000000
116015  -51.243  -45.612  1.687 0.0000000000
116020  -47.421  -51.912  0.322 0.0000000000
116030  -43.699  -44.636  0.588 0.0000000000
