#!ascii label , from subject sub-02 vox2ras=TkReg lh ROI=MOG coords=white drawn-with=delineation-helper-0.1.0
889
4501  -29.240  -80.565  -2.313 0.0000000000
4509  -29.012  -80.853  -2.711 0.0000000000
4510  -29.987  -80.865  -2.860 0.0000000000
4511  -30.853  -80.699  -2.891 0.0000000000
4512  -31.598  -80.990  -3.403 0.0000000000
4521  -28.877  -80.929  -3.470 0.0000000000
4522  -29.867  -81.127  -3.355 0.0000000000
4523  -30.669  -81.118  -3.317 0.0000000000
4530  -28.367  -80.677  -4.370 0.0000000000
4531  -29.607  -81.135  -4.162 0.0000000000
4532  -30.604  -81.207  -4.386 0.0000000000
4533  -31.629  -81.049  -4.314 0.0000000000
4534  -32.326  -80.813  -3.827 0.0000000000
4542  -27.919  -80.489  -5.293 0.0000000000
4543  -29.774  -80.774  -5.268 0.0000000000
4544  -30.904  -80.853  -5.175 0.0000000000
4545  -31.597  -80.593  -5.117 0.0000000000
4546  -32.163  -80.515  -4.702 0.0000000000
4552  -28.390  -80.495  -6.729 0.0000000000
4553  -29.267  -80.367  -6.371 0.0000000000
4554  -29.805  -80.245  -7.115 0.0000000000
4555  -31.235  -80.292  -5.925 0.0000000000
4564  -28.580  -80.611  -7.711 0.0000000000
4565  -29.301  -80.308  -7.775 0.0000000000
4566  -30.198  -80.078  -8.228 0.0000000000
4574  -29.257  -80.376  -8.866 0.0000000000
4578  -28.333  -80.253  -10.875 0.0000000000
4579  -29.056  -79.890  -10.849 0.0000000000
4588  -27.733  -79.837  -11.157 0.0000000000
4589  -28.566  -79.500  -11.187 0.0000000000
5121  -29.822  -80.266  -2.335 0.0000000000
5122  -30.783  -79.861  -2.517 0.0000000000
5123  -31.851  -80.291  -2.841 0.0000000000
5124  -32.882  -80.149  -2.923 0.0000000000
5125  -33.386  -79.965  -3.201 0.0000000000
5132  -32.358  -80.574  -3.285 0.0000000000
5133  -32.891  -80.351  -3.487 0.0000000000
5145  -32.760  -80.382  -4.201 0.0000000000
5146  -33.430  -79.932  -3.752 0.0000000000
5162  -31.981  -80.022  -5.603 0.0000000000
5163  -32.565  -79.914  -5.056 0.0000000000
5164  -33.266  -79.550  -4.679 0.0000000000
5178  -25.415  -79.237  -6.900 0.0000000000
5179  -31.631  -79.828  -6.473 0.0000000000
5180  -32.264  -79.442  -6.434 0.0000000000
5192  -25.215  -79.415  -7.840 0.0000000000
5193  -25.932  -79.103  -7.558 0.0000000000
5194  -31.759  -79.544  -7.353 0.0000000000
5195  -32.429  -79.051  -7.532 0.0000000000
5203  -25.097  -79.553  -9.124 0.0000000000
5204  -26.049  -79.185  -8.574 0.0000000000
5205  -26.629  -79.017  -9.641 0.0000000000
5206  -30.076  -79.923  -9.581 0.0000000000
5207  -30.744  -79.695  -9.102 0.0000000000
5208  -31.356  -79.249  -9.269 0.0000000000
5214  -25.607  -79.644  -10.544 0.0000000000
5215  -26.569  -79.446  -10.826 0.0000000000
5216  -27.261  -78.916  -10.607 0.0000000000
5217  -29.748  -79.461  -10.724 0.0000000000
5218  -30.632  -79.250  -10.190 0.0000000000
5225  -26.072  -79.982  -11.126 0.0000000000
5226  -27.488  -79.392  -11.065 0.0000000000
5227  -28.903  -78.998  -11.261 0.0000000000
5228  -29.526  -78.873  -11.136 0.0000000000
5229  -30.132  -78.885  -10.917 0.0000000000
5778  -30.454  -78.748  -2.237 0.0000000000
5779  -31.601  -79.113  -2.571 0.0000000000
5780  -32.874  -79.325  -2.639 0.0000000000
5781  -33.620  -79.636  -2.916 0.0000000000
5782  -34.430  -79.066  -2.870 0.0000000000
5793  -33.912  -79.554  -3.295 0.0000000000
5794  -34.506  -79.071  -3.405 0.0000000000
5824  -32.764  -79.321  -5.690 0.0000000000
5837  -26.336  -78.804  -6.809 0.0000000000
5840  -32.859  -78.869  -6.703 0.0000000000
5841  -33.370  -78.701  -5.769 0.0000000000
5850  -26.612  -78.798  -7.810 0.0000000000
5851  -27.446  -78.392  -8.211 0.0000000000
5852  -28.262  -77.939  -8.709 0.0000000000
5853  -32.975  -78.468  -7.743 0.0000000000
5854  -33.384  -78.247  -7.028 0.0000000000
5862  -26.801  -78.799  -8.685 0.0000000000
5863  -27.274  -78.603  -9.453 0.0000000000
5864  -28.388  -78.016  -10.005 0.0000000000
5865  -31.934  -79.185  -8.373 0.0000000000
5866  -32.520  -77.936  -9.580 0.0000000000
5869  -27.832  -78.487  -10.372 0.0000000000
5870  -29.167  -77.924  -10.658 0.0000000000
5871  -30.609  -78.599  -10.680 0.0000000000
5872  -31.253  -78.612  -10.180 0.0000000000
5873  -31.749  -77.761  -10.340 0.0000000000
5874  -27.848  -78.850  -11.068 0.0000000000
5875  -28.520  -78.547  -11.036 0.0000000000
5876  -29.345  -78.456  -11.027 0.0000000000
5877  -30.098  -78.277  -10.902 0.0000000000
5878  -30.915  -77.918  -10.721 0.0000000000
6448  -34.695  -77.926  -1.875 0.0000000000
6449  -35.729  -78.135  -1.708 0.0000000000
6450  -36.176  -77.990  -1.589 0.0000000000
6451  -36.485  -77.864  -1.792 0.0000000000
6471  -30.912  -77.966  -2.351 0.0000000000
6472  -32.161  -78.116  -2.462 0.0000000000
6473  -33.784  -79.066  -2.588 0.0000000000
6474  -35.252  -78.442  -2.404 0.0000000000
6475  -36.022  -78.261  -2.018 0.0000000000
6488  -35.038  -78.773  -2.916 0.0000000000
6489  -35.609  -78.249  -2.671 0.0000000000
6499  -34.324  -78.726  -4.244 0.0000000000
6500  -34.951  -78.355  -3.614 0.0000000000
6501  -35.461  -77.426  -3.510 0.0000000000
6516  -33.909  -78.200  -5.245 0.0000000000
6517  -34.200  -77.391  -5.812 0.0000000000
6530  -33.810  -77.850  -6.399 0.0000000000
6540  -29.033  -77.536  -9.371 0.0000000000
6541  -29.433  -77.244  -8.494 0.0000000000
6542  -30.136  -76.793  -8.577 0.0000000000
6543  -33.091  -77.959  -8.751 0.0000000000
6544  -33.670  -77.239  -8.913 0.0000000000
6550  -29.767  -77.341  -10.319 0.0000000000
6551  -30.227  -76.779  -9.906 0.0000000000
6552  -32.994  -77.198  -9.816 0.0000000000
6554  -29.907  -77.720  -10.787 0.0000000000
6555  -30.444  -77.015  -10.620 0.0000000000
6556  -32.248  -77.023  -10.470 0.0000000000
6557  -30.588  -77.367  -10.699 0.0000000000
6558  -31.229  -77.129  -10.752 0.0000000000
6559  -31.706  -76.894  -10.720 0.0000000000
7115  -37.545  -76.613  0.188 0.0000000000
7116  -38.176  -76.579  0.091 0.0000000000
7126  -35.504  -76.661  -0.774 0.0000000000
7127  -36.425  -77.074  -0.573 0.0000000000
7128  -37.152  -77.065  -0.484 0.0000000000
7129  -37.667  -76.824  -0.343 0.0000000000
7140  -32.591  -76.621  -1.777 0.0000000000
7141  -33.591  -76.757  -1.707 0.0000000000
7142  -35.191  -77.313  -1.313 0.0000000000
7143  -36.022  -77.674  -1.138 0.0000000000
7144  -36.625  -77.570  -1.163 0.0000000000
7145  -37.405  -77.164  -0.967 0.0000000000
7146  -38.108  -76.640  -0.570 0.0000000000
7167  -33.341  -77.852  -2.275 0.0000000000
7168  -36.284  -77.862  -2.321 0.0000000000
7169  -37.402  -76.867  -1.697 0.0000000000
7182  -36.005  -77.529  -2.904 0.0000000000
7183  -36.438  -76.907  -2.695 0.0000000000
7197  -34.832  -77.140  -4.379 0.0000000000
7211  -34.519  -76.994  -5.278 0.0000000000
7222  -34.279  -77.064  -6.994 0.0000000000
7223  -34.603  -76.576  -6.227 0.0000000000
7231  -34.301  -76.739  -8.345 0.0000000000
7232  -34.844  -76.154  -7.638 0.0000000000
7240  -30.669  -76.304  -9.593 0.0000000000
7241  -33.987  -76.194  -9.752 0.0000000000
7242  -34.634  -75.746  -9.238 0.0000000000
7245  -30.886  -76.388  -10.495 0.0000000000
7246  -31.386  -76.066  -10.750 0.0000000000
7247  -31.835  -76.251  -10.811 0.0000000000
7248  -32.539  -76.168  -10.663 0.0000000000
7854  -37.121  -75.273  1.391 0.0000000000
7855  -37.787  -75.695  1.327 0.0000000000
7856  -38.564  -75.850  1.191 0.0000000000
7857  -39.403  -75.656  0.947 0.0000000000
7863  -36.841  -76.534  0.128 0.0000000000
7864  -37.217  -75.985  0.827 0.0000000000
7865  -38.021  -76.308  0.770 0.0000000000
7866  -38.764  -76.162  0.509 0.0000000000
7867  -39.580  -75.699  0.162 0.0000000000
7879  -35.840  -75.893  -0.104 0.0000000000
7880  -38.885  -76.202  -0.279 0.0000000000
7881  -39.598  -75.544  -0.520 0.0000000000
7892  -32.895  -75.815  -1.359 0.0000000000
7893  -33.773  -75.912  -1.265 0.0000000000
7894  -34.586  -76.172  -1.085 0.0000000000
7895  -38.019  -76.427  -1.261 0.0000000000
7896  -39.213  -75.618  -1.038 0.0000000000
7897  -39.884  -75.085  -1.141 0.0000000000
7914  -36.995  -76.058  -2.359 0.0000000000
7915  -37.940  -75.529  -2.120 0.0000000000
7916  -38.708  -75.538  -1.589 0.0000000000
7933  -35.818  -76.434  -3.381 0.0000000000
7934  -36.534  -75.419  -3.264 0.0000000000
7935  -37.501  -74.949  -2.896 0.0000000000
7948  -35.265  -76.272  -4.187 0.0000000000
7949  -35.795  -75.354  -4.099 0.0000000000
7967  -34.886  -76.138  -5.256 0.0000000000
7968  -35.406  -75.219  -5.725 0.0000000000
7990  -35.085  -75.765  -6.506 0.0000000000
7991  -35.581  -74.990  -6.855 0.0000000000
8008  -31.813  -75.648  -7.752 0.0000000000
8009  -32.344  -74.846  -8.803 0.0000000000
8010  -32.916  -74.495  -7.952 0.0000000000
8011  -35.177  -75.224  -8.720 0.0000000000
8012  -35.665  -74.739  -8.162 0.0000000000
8032  -31.356  -75.730  -10.196 0.0000000000
8033  -32.131  -74.946  -10.228 0.0000000000
8034  -34.028  -75.033  -10.513 0.0000000000
8035  -34.688  -74.601  -10.112 0.0000000000
8046  -32.131  -75.481  -10.713 0.0000000000
8047  -33.131  -75.354  -10.742 0.0000000000
8048  -33.984  -74.099  -10.707 0.0000000000
8674  -37.270  -74.338  2.252 0.0000000000
8675  -37.993  -74.555  2.242 0.0000000000
8676  -39.459  -74.782  2.169 0.0000000000
8677  -40.442  -74.544  2.009 0.0000000000
8689  -35.613  -74.466  1.435 0.0000000000
8690  -36.643  -74.553  1.830 0.0000000000
8691  -37.508  -74.911  1.781 0.0000000000
8692  -38.265  -75.238  1.738 0.0000000000
8693  -40.014  -75.141  1.449 0.0000000000
8694  -41.064  -74.511  1.034 0.0000000000
8710  -34.892  -74.490  0.747 0.0000000000
8711  -35.699  -75.068  0.630 0.0000000000
8712  -36.452  -75.177  1.145 0.0000000000
8713  -40.328  -75.151  0.557 0.0000000000
8714  -41.232  -74.359  -0.044 0.0000000000
8729  -34.100  -74.816  -0.394 0.0000000000
8730  -34.933  -74.898  0.001 0.0000000000
8731  -40.475  -74.827  -0.600 0.0000000000
8732  -41.353  -73.961  -0.869 0.0000000000
8743  -39.599  -74.843  -1.789 0.0000000000
8744  -40.481  -74.325  -1.676 0.0000000000
8755  -38.447  -74.582  -2.879 0.0000000000
8756  -39.088  -74.671  -2.432 0.0000000000
8757  -40.270  -73.793  -2.635 0.0000000000
8769  -37.354  -74.482  -3.648 0.0000000000
8770  -38.341  -74.159  -3.610 0.0000000000
8771  -39.414  -73.795  -3.388 0.0000000000
8782  -36.700  -74.410  -4.362 0.0000000000
8783  -37.922  -73.885  -4.355 0.0000000000
8795  -35.866  -74.707  -5.035 0.0000000000
8796  -36.613  -74.007  -5.489 0.0000000000
8808  -36.122  -74.261  -7.443 0.0000000000
8809  -36.695  -73.746  -6.732 0.0000000000
8820  -32.936  -74.124  -9.209 0.0000000000
8821  -33.459  -73.610  -8.834 0.0000000000
8822  -35.353  -74.183  -9.601 0.0000000000
8823  -35.310  -73.123  -9.965 0.0000000000
8835  -32.818  -74.281  -10.154 0.0000000000
8836  -33.370  -73.662  -10.073 0.0000000000
8837  -34.574  -73.617  -10.348 0.0000000000
8847  -32.811  -74.634  -10.707 0.0000000000
8848  -33.405  -74.047  -10.656 0.0000000000
8849  -33.932  -73.494  -10.463 0.0000000000
9365  -42.813  -73.026  13.937 0.0000000000
9379  -42.946  -72.904  12.835 0.0000000000
9397  -42.810  -72.999  11.605 0.0000000000
9507  -35.831  -73.088  3.288 0.0000000000
9508  -37.515  -73.210  3.428 0.0000000000
9509  -38.291  -73.414  3.329 0.0000000000
9510  -39.256  -73.564  3.290 0.0000000000
9511  -40.328  -73.616  3.176 0.0000000000
9512  -42.454  -72.569  2.385 0.0000000000
9525  -35.315  -73.434  2.743 0.0000000000
9526  -36.693  -73.899  2.526 0.0000000000
9527  -37.587  -73.804  2.789 0.0000000000
9528  -38.703  -74.162  2.679 0.0000000000
9529  -39.802  -74.175  2.708 0.0000000000
9530  -41.359  -73.959  1.798 0.0000000000
9531  -41.519  -73.415  2.642 0.0000000000
9546  -34.141  -73.768  1.560 0.0000000000
9547  -35.029  -73.871  1.975 0.0000000000
9548  -35.894  -73.963  2.236 0.0000000000
9549  -41.839  -73.697  0.926 0.0000000000
9550  -42.308  -73.020  1.424 0.0000000000
9565  -41.729  -73.793  0.259 0.0000000000
9566  -42.247  -72.856  0.145 0.0000000000
9575  -41.802  -73.286  -0.638 0.0000000000
9576  -41.965  -72.447  -0.647 0.0000000000
9585  -41.081  -73.264  -2.137 0.0000000000
9586  -41.505  -73.248  -1.429 0.0000000000
9592  -40.173  -73.122  -3.396 0.0000000000
9604  -39.104  -73.409  -4.407 0.0000000000
9605  -39.740  -73.110  -4.033 0.0000000000
9615  -37.403  -73.743  -5.043 0.0000000000
9616  -38.404  -73.348  -5.159 0.0000000000
9617  -39.251  -72.793  -5.298 0.0000000000
9618  -39.686  -72.663  -4.731 0.0000000000
9630  -37.595  -73.327  -6.031 0.0000000000
9631  -38.604  -72.871  -5.840 0.0000000000
9632  -39.178  -72.283  -6.174 0.0000000000
9644  -34.318  -72.650  -7.416 0.0000000000
9645  -36.601  -73.410  -8.213 0.0000000000
9646  -37.353  -72.903  -7.502 0.0000000000
9657  -34.232  -72.607  -9.172 0.0000000000
9658  -36.085  -72.824  -9.437 0.0000000000
9659  -36.744  -72.561  -8.743 0.0000000000
9669  -33.840  -73.104  -9.952 0.0000000000
9670  -34.533  -72.794  -10.073 0.0000000000
9671  -35.392  -72.225  -9.799 0.0000000000
9672  -36.122  -72.198  -9.441 0.0000000000
10218  -39.703  -72.266  16.201 0.0000000000
10219  -41.185  -72.226  16.261 0.0000000000
10238  -40.372  -71.906  15.474 0.0000000000
10239  -41.820  -72.196  15.788 0.0000000000
10255  -41.056  -71.724  14.911 0.0000000000
10256  -42.364  -72.387  15.043 0.0000000000
10272  -43.130  -72.357  13.811 0.0000000000
10273  -43.591  -72.159  12.887 0.0000000000
10289  -43.275  -72.411  11.830 0.0000000000
10300  -40.858  -72.161  10.668 0.0000000000
10301  -42.747  -72.673  10.894 0.0000000000
10315  -41.510  -73.066  9.873 0.0000000000
10376  -37.514  -72.308  4.435 0.0000000000
10377  -38.417  -72.359  4.414 0.0000000000
10378  -39.366  -72.417  4.341 0.0000000000
10379  -40.426  -72.481  4.204 0.0000000000
10380  -41.618  -72.419  3.879 0.0000000000
10394  -36.249  -72.664  3.809 0.0000000000
10395  -37.936  -72.798  3.869 0.0000000000
10396  -38.825  -72.907  3.827 0.0000000000
10397  -39.810  -72.993  3.750 0.0000000000
10398  -40.960  -73.063  3.578 0.0000000000
10399  -41.911  -72.794  3.193 0.0000000000
10400  -42.710  -72.026  3.170 0.0000000000
10415  -35.179  -72.980  3.314 0.0000000000
10416  -42.920  -71.825  2.275 0.0000000000
10425  -42.599  -72.053  0.653 0.0000000000
10426  -42.801  -72.028  1.563 0.0000000000
10433  -39.750  -72.125  -1.012 0.0000000000
10434  -41.390  -72.009  -0.822 0.0000000000
10435  -42.141  -71.921  -0.143 0.0000000000
10441  -39.690  -72.354  -1.935 0.0000000000
10442  -41.068  -72.512  -1.635 0.0000000000
10443  -41.599  -72.647  -1.238 0.0000000000
10448  -39.823  -72.464  -2.921 0.0000000000
10449  -40.793  -72.870  -2.405 0.0000000000
10450  -41.314  -72.838  -1.768 0.0000000000
10456  -39.762  -72.250  -3.838 0.0000000000
10457  -40.200  -72.881  -3.246 0.0000000000
10472  -39.796  -72.614  -4.103 0.0000000000
10487  -39.757  -72.096  -5.543 0.0000000000
10488  -39.932  -72.046  -5.000 0.0000000000
10498  -38.223  -72.560  -6.693 0.0000000000
10499  -40.053  -71.412  -5.805 0.0000000000
10515  -34.689  -71.767  -6.821 0.0000000000
10516  -37.284  -72.207  -8.264 0.0000000000
10517  -37.837  -72.201  -7.564 0.0000000000
10518  -38.592  -71.676  -7.192 0.0000000000
10534  -34.874  -71.682  -8.678 0.0000000000
10535  -36.587  -71.775  -8.864 0.0000000000
10536  -37.496  -71.561  -8.032 0.0000000000
10537  -37.974  -70.899  -7.758 0.0000000000
10550  -34.843  -72.053  -9.626 0.0000000000
10551  -35.363  -71.672  -9.351 0.0000000000
10552  -35.839  -71.797  -9.431 0.0000000000
11136  -39.920  -71.402  14.856 0.0000000000
11147  -40.558  -71.239  14.514 0.0000000000
11148  -41.504  -71.488  14.408 0.0000000000
11149  -42.469  -71.753  14.179 0.0000000000
11150  -43.130  -71.683  13.882 0.0000000000
11160  -43.675  -71.611  13.485 0.0000000000
11161  -44.338  -70.969  13.251 0.0000000000
11171  -44.418  -71.087  12.467 0.0000000000
11180  -41.919  -71.456  11.156 0.0000000000
11181  -42.760  -71.961  10.983 0.0000000000
11182  -43.344  -71.935  11.344 0.0000000000
11183  -43.909  -71.250  11.651 0.0000000000
11233  -38.024  -71.156  6.155 0.0000000000
11249  -38.344  -71.514  5.555 0.0000000000
11250  -39.630  -71.446  5.430 0.0000000000
11251  -40.634  -71.419  5.261 0.0000000000
11252  -41.814  -71.349  4.979 0.0000000000
11270  -37.967  -71.898  5.010 0.0000000000
11271  -38.937  -71.859  5.020 0.0000000000
11272  -39.968  -71.921  4.810 0.0000000000
11273  -41.106  -71.933  4.602 0.0000000000
11274  -42.352  -71.716  4.154 0.0000000000
11275  -43.257  -71.025  3.631 0.0000000000
11288  -43.130  -71.233  2.642 0.0000000000
11294  -39.522  -70.896  1.717 0.0000000000
11295  -42.956  -71.300  1.822 0.0000000000
11306  -40.457  -71.218  0.792 0.0000000000
11307  -41.651  -71.006  0.817 0.0000000000
11308  -42.669  -71.361  1.105 0.0000000000
11320  -40.125  -71.667  -0.107 0.0000000000
11321  -41.483  -71.494  0.100 0.0000000000
11322  -42.225  -71.376  0.499 0.0000000000
11349  -38.470  -71.959  -2.080 0.0000000000
11370  -37.957  -71.228  -2.291 0.0000000000
11371  -38.721  -71.699  -3.045 0.0000000000
11395  -39.788  -71.654  -4.637 0.0000000000
11411  -40.091  -71.273  -5.499 0.0000000000
11424  -35.290  -70.853  -6.886 0.0000000000
11425  -39.705  -71.384  -6.464 0.0000000000
11426  -40.166  -70.849  -6.325 0.0000000000
11434  -35.236  -71.144  -7.972 0.0000000000
11435  -36.328  -70.755  -8.241 0.0000000000
11436  -37.357  -70.418  -7.805 0.0000000000
11437  -39.034  -70.765  -7.268 0.0000000000
11438  -39.854  -70.413  -6.876 0.0000000000
11449  -35.572  -71.192  -8.687 0.0000000000
11450  -36.890  -71.075  -8.334 0.0000000000
11455  -36.011  -71.262  -9.050 0.0000000000
12015  -39.411  -69.592  15.245 0.0000000000
12023  -39.082  -71.006  14.924 0.0000000000
12024  -39.828  -70.707  14.657 0.0000000000
12025  -40.848  -70.585  14.279 0.0000000000
12026  -41.861  -70.712  14.008 0.0000000000
12027  -42.918  -70.730  13.846 0.0000000000
12035  -43.711  -69.994  13.759 0.0000000000
12036  -44.461  -70.252  13.496 0.0000000000
12037  -44.927  -70.264  13.125 0.0000000000
12045  -44.508  -70.395  11.915 0.0000000000
12046  -44.978  -70.323  12.573 0.0000000000
12053  -41.831  -70.384  11.394 0.0000000000
12054  -42.799  -70.370  11.416 0.0000000000
12055  -43.783  -70.458  11.548 0.0000000000
12056  -45.159  -69.464  12.139 0.0000000000
12106  -38.364  -70.379  7.519 0.0000000000
12107  -39.354  -70.345  7.388 0.0000000000
12108  -40.413  -70.184  7.280 0.0000000000
12119  -38.715  -70.787  6.629 0.0000000000
12120  -39.738  -70.641  6.599 0.0000000000
12121  -40.776  -70.502  6.502 0.0000000000
12122  -41.770  -70.325  6.424 0.0000000000
12123  -42.623  -70.359  5.960 0.0000000000
12134  -39.285  -71.073  6.012 0.0000000000
12135  -40.188  -70.954  5.899 0.0000000000
12136  -41.410  -70.824  5.749 0.0000000000
12137  -42.451  -70.806  5.294 0.0000000000
12138  -43.489  -70.272  5.200 0.0000000000
12139  -44.348  -69.325  5.436 0.0000000000
12154  -42.941  -71.014  4.591 0.0000000000
12155  -43.995  -69.659  4.578 0.0000000000
12169  -39.053  -70.177  2.974 0.0000000000
12170  -40.115  -70.192  2.902 0.0000000000
12171  -42.028  -70.082  2.866 0.0000000000
12172  -42.848  -70.211  2.835 0.0000000000
12173  -43.256  -70.519  3.088 0.0000000000
12174  -43.630  -70.073  3.867 0.0000000000
12185  -40.224  -70.539  2.220 0.0000000000
12186  -41.253  -70.397  2.320 0.0000000000
12187  -42.351  -70.531  2.184 0.0000000000
12188  -42.998  -70.734  2.248 0.0000000000
12202  -40.872  -70.773  1.544 0.0000000000
12203  -41.917  -70.730  1.510 0.0000000000
12260  -38.013  -70.486  -2.392 0.0000000000
12261  -38.764  -70.077  -3.459 0.0000000000
12275  -34.979  -69.919  -4.221 0.0000000000
12276  -39.275  -70.579  -4.225 0.0000000000
12277  -40.127  -69.821  -5.292 0.0000000000
12288  -35.400  -70.156  -5.165 0.0000000000
12289  -36.311  -69.672  -5.805 0.0000000000
12290  -40.329  -70.367  -5.839 0.0000000000
12297  -35.018  -70.744  -5.575 0.0000000000
12298  -35.781  -70.237  -6.351 0.0000000000
12299  -36.777  -69.779  -7.013 0.0000000000
12300  -37.844  -69.388  -7.257 0.0000000000
12301  -39.746  -69.416  -7.035 0.0000000000
12302  -40.253  -70.019  -6.452 0.0000000000
12310  -36.171  -70.355  -7.571 0.0000000000
12311  -37.065  -70.035  -7.694 0.0000000000
12312  -38.036  -69.799  -7.404 0.0000000000
12313  -39.030  -69.904  -7.305 0.0000000000
12321  -38.279  -70.314  -7.490 0.0000000000
12888  -38.926  -68.585  15.760 0.0000000000
12889  -39.829  -68.268  15.751 0.0000000000
12890  -40.511  -67.942  15.622 0.0000000000
12897  -40.463  -69.180  15.123 0.0000000000
12898  -41.273  -68.101  15.216 0.0000000000
12899  -42.345  -68.539  14.469 0.0000000000
12900  -43.477  -68.773  14.002 0.0000000000
12901  -44.402  -69.224  13.667 0.0000000000
12913  -45.150  -69.490  13.275 0.0000000000
12914  -45.592  -68.664  13.038 0.0000000000
12926  -45.450  -69.373  12.764 0.0000000000
12927  -45.677  -68.476  12.582 0.0000000000
12939  -40.504  -69.441  11.003 0.0000000000
12940  -43.016  -68.011  11.040 0.0000000000
12941  -43.963  -67.896  11.180 0.0000000000
12942  -44.917  -67.804  11.380 0.0000000000
12943  -45.571  -68.593  12.184 0.0000000000
12944  -45.704  -67.917  12.149 0.0000000000
12957  -40.534  -69.201  10.570 0.0000000000
12958  -41.742  -68.246  10.497 0.0000000000
12970  -39.983  -69.313  9.894 0.0000000000
12971  -41.711  -68.254  10.228 0.0000000000
12978  -40.046  -69.522  9.037 0.0000000000
12979  -43.126  -68.050  8.759 0.0000000000
12985  -39.059  -70.017  8.236 0.0000000000
12986  -40.178  -69.829  8.132 0.0000000000
12987  -41.352  -69.555  8.013 0.0000000000
12988  -42.820  -69.174  7.909 0.0000000000
12989  -44.025  -68.180  8.039 0.0000000000
12996  -41.563  -69.963  7.141 0.0000000000
12997  -42.775  -69.779  6.807 0.0000000000
12998  -43.805  -69.676  6.176 0.0000000000
12999  -44.925  -68.208  6.873 0.0000000000
13019  -40.767  -68.996  3.972 0.0000000000
13020  -42.060  -68.898  3.882 0.0000000000
13021  -43.256  -68.980  3.933 0.0000000000
13022  -43.985  -69.300  4.161 0.0000000000
13043  -40.390  -69.614  3.458 0.0000000000
13044  -41.500  -69.517  3.425 0.0000000000
13045  -42.602  -69.576  3.384 0.0000000000
13046  -43.363  -69.758  3.508 0.0000000000
13117  -38.989  -69.182  -1.535 0.0000000000
13118  -40.033  -69.018  -2.803 0.0000000000
13134  -35.043  -69.041  -2.923 0.0000000000
13135  -38.550  -69.731  -2.408 0.0000000000
13136  -40.002  -69.181  -3.798 0.0000000000
13145  -34.605  -69.654  -3.420 0.0000000000
13146  -35.426  -69.315  -3.752 0.0000000000
13147  -36.408  -68.929  -4.196 0.0000000000
13148  -39.939  -69.510  -4.588 0.0000000000
13149  -40.613  -68.575  -5.605 0.0000000000
13156  -35.845  -69.542  -4.689 0.0000000000
13157  -36.904  -69.057  -5.254 0.0000000000
13158  -38.171  -68.468  -5.940 0.0000000000
13159  -40.435  -69.084  -6.160 0.0000000000
13169  -37.438  -69.142  -6.456 0.0000000000
13170  -38.613  -68.651  -6.896 0.0000000000
13171  -39.572  -68.565  -6.930 0.0000000000
13172  -40.133  -68.969  -6.666 0.0000000000
13186  -38.836  -69.157  -7.204 0.0000000000
13732  -36.620  -67.785  15.639 0.0000000000
13733  -37.637  -67.840  15.785 0.0000000000
13734  -38.593  -67.727  15.901 0.0000000000
13735  -39.422  -67.503  15.945 0.0000000000
13736  -40.092  -67.353  15.815 0.0000000000
13749  -40.798  -67.329  15.429 0.0000000000
13750  -41.807  -67.395  14.915 0.0000000000
13751  -42.991  -67.634  14.270 0.0000000000
13752  -44.310  -67.942  13.719 0.0000000000
13765  -45.345  -67.858  13.179 0.0000000000
13766  -45.671  -67.939  12.608 0.0000000000
13785  -42.167  -66.949  10.587 0.0000000000
13786  -42.790  -66.941  10.853 0.0000000000
13787  -43.491  -66.963  11.024 0.0000000000
13788  -45.456  -67.826  11.730 0.0000000000
13792  -41.979  -67.011  10.378 0.0000000000
13799  -42.170  -67.519  9.994 0.0000000000
13800  -42.524  -66.905  9.749 0.0000000000
13808  -42.571  -67.786  9.586 0.0000000000
13809  -42.991  -67.134  9.226 0.0000000000
13810  -43.715  -67.392  8.471 0.0000000000
13819  -44.344  -67.637  7.894 0.0000000000
13824  -44.662  -67.509  6.471 0.0000000000
13833  -38.457  -67.811  5.128 0.0000000000
13834  -39.446  -67.736  5.080 0.0000000000
13835  -40.607  -67.653  5.068 0.0000000000
13836  -41.908  -67.571  5.093 0.0000000000
13837  -43.287  -67.554  5.244 0.0000000000
13838  -44.756  -68.405  5.727 0.0000000000
13854  -38.909  -68.436  4.574 0.0000000000
13855  -40.051  -68.402  4.525 0.0000000000
13856  -41.302  -68.286  4.485 0.0000000000
13857  -42.673  -68.215  4.478 0.0000000000
13858  -44.063  -68.372  4.719 0.0000000000
13859  -44.436  -69.015  4.852 0.0000000000
13917  -38.100  -68.227  0.331 0.0000000000
13918  -39.410  -68.186  0.032 0.0000000000
13936  -40.933  -68.255  -0.868 0.0000000000
13951  -40.591  -68.666  -1.911 0.0000000000
13952  -42.223  -67.184  -3.237 0.0000000000
13960  -34.630  -68.733  -2.178 0.0000000000
13961  -35.491  -68.314  -2.478 0.0000000000
13962  -36.479  -67.961  -2.986 0.0000000000
13963  -37.694  -67.542  -3.537 0.0000000000
13964  -41.328  -68.196  -3.747 0.0000000000
13965  -41.929  -67.386  -3.652 0.0000000000
13974  -35.937  -68.679  -3.308 0.0000000000
13975  -37.025  -68.245  -3.836 0.0000000000
13976  -38.426  -67.689  -4.568 0.0000000000
13977  -39.973  -67.316  -5.406 0.0000000000
13978  -40.736  -67.613  -5.516 0.0000000000
13979  -41.315  -67.264  -4.447 0.0000000000
13989  -37.605  -68.379  -4.834 0.0000000000
13990  -39.090  -67.755  -5.684 0.0000000000
13991  -40.172  -67.663  -6.128 0.0000000000
13992  -40.509  -68.086  -6.058 0.0000000000
14005  -39.435  -67.997  -6.532 0.0000000000
14006  -40.192  -68.222  -6.518 0.0000000000
14564  -34.689  -67.240  15.681 0.0000000000
14565  -35.519  -67.702  15.659 0.0000000000
14566  -37.367  -67.276  15.476 0.0000000000
14567  -38.301  -67.279  15.710 0.0000000000
14568  -39.141  -67.182  15.894 0.0000000000
14569  -39.725  -67.151  15.901 0.0000000000
14570  -40.254  -67.195  15.610 0.0000000000
14585  -36.000  -66.805  14.667 0.0000000000
14586  -36.977  -66.917  15.000 0.0000000000
14587  -37.888  -66.997  15.266 0.0000000000
14588  -38.784  -67.020  15.516 0.0000000000
14589  -39.617  -67.039  15.706 0.0000000000
14590  -41.309  -67.061  14.999 0.0000000000
14591  -42.454  -67.157  14.300 0.0000000000
14592  -43.579  -67.130  13.663 0.0000000000
14602  -35.849  -66.767  13.552 0.0000000000
14603  -36.645  -66.896  13.995 0.0000000000
14604  -37.529  -67.013  14.293 0.0000000000
14605  -38.420  -67.045  14.547 0.0000000000
14606  -39.351  -67.017  14.772 0.0000000000
14607  -40.311  -66.986  15.008 0.0000000000
14608  -42.160  -66.874  13.797 0.0000000000
14609  -43.038  -66.809  13.486 0.0000000000
14610  -44.705  -67.039  13.011 0.0000000000
14611  -45.384  -67.238  12.434 0.0000000000
14612  -45.587  -67.495  12.129 0.0000000000
14622  -35.670  -66.740  12.750 0.0000000000
14623  -36.357  -66.987  12.747 0.0000000000
14624  -37.794  -67.325  12.398 0.0000000000
14625  -38.700  -67.371  12.552 0.0000000000
14626  -39.683  -67.270  12.662 0.0000000000
14627  -40.748  -67.030  12.724 0.0000000000
14628  -41.793  -66.750  12.708 0.0000000000
14629  -42.874  -66.536  12.422 0.0000000000
14630  -45.387  -67.098  11.871 0.0000000000
14631  -45.508  -67.428  11.846 0.0000000000
14638  -35.740  -66.643  11.980 0.0000000000
14639  -36.545  -66.902  11.728 0.0000000000
14640  -37.446  -67.140  11.486 0.0000000000
14641  -38.398  -67.345  11.686 0.0000000000
14642  -39.376  -67.349  11.748 0.0000000000
14643  -41.514  -67.014  10.904 0.0000000000
14644  -43.796  -66.628  11.599 0.0000000000
14645  -44.458  -66.967  11.249 0.0000000000
14646  -45.190  -67.151  11.560 0.0000000000
14653  -36.029  -66.560  11.089 0.0000000000
14654  -36.798  -66.774  10.850 0.0000000000
14655  -37.618  -66.941  10.564 0.0000000000
14656  -38.554  -67.037  10.364 0.0000000000
14657  -39.742  -67.047  10.312 0.0000000000
14658  -41.198  -66.964  10.395 0.0000000000
14665  -37.027  -66.644  9.997 0.0000000000
14666  -37.885  -66.771  9.739 0.0000000000
14667  -40.526  -66.810  9.651 0.0000000000
14668  -41.870  -66.904  9.994 0.0000000000
14673  -38.064  -66.594  8.800 0.0000000000
14674  -39.327  -66.660  8.775 0.0000000000
14675  -40.459  -66.675  8.856 0.0000000000
14676  -41.788  -66.715  9.401 0.0000000000
14677  -42.577  -66.862  9.334 0.0000000000
14678  -43.048  -66.953  8.518 0.0000000000
14686  -36.921  -66.602  7.040 0.0000000000
14687  -37.714  -66.560  7.215 0.0000000000
14688  -39.095  -66.608  7.124 0.0000000000
14689  -40.277  -66.602  7.308 0.0000000000
14690  -43.380  -66.830  7.590 0.0000000000
14691  -44.042  -67.128  7.867 0.0000000000
14702  -36.485  -67.161  6.224 0.0000000000
14703  -37.588  -66.856  6.426 0.0000000000
14704  -38.550  -66.810  6.342 0.0000000000
14705  -40.721  -66.727  6.447 0.0000000000
14706  -41.832  -66.777  6.404 0.0000000000
14707  -43.003  -66.781  6.733 0.0000000000
14708  -44.180  -66.933  7.039 0.0000000000
14720  -38.045  -67.306  5.724 0.0000000000
14721  -38.962  -67.202  5.680 0.0000000000
14722  -40.010  -67.092  5.647 0.0000000000
14723  -41.221  -67.039  5.675 0.0000000000
14724  -42.535  -66.991  5.807 0.0000000000
14725  -43.868  -67.033  6.100 0.0000000000
14761  -37.665  -67.389  1.415 0.0000000000
14762  -38.503  -67.203  1.545 0.0000000000
14763  -39.516  -67.236  1.336 0.0000000000
14764  -41.095  -67.175  0.892 0.0000000000
14778  -38.580  -67.669  0.880 0.0000000000
14779  -40.973  -67.719  0.102 0.0000000000
14780  -42.015  -67.216  0.101 0.0000000000
14781  -42.368  -66.750  -0.526 0.0000000000
14793  -42.021  -67.488  -0.658 0.0000000000
14794  -42.438  -66.998  -1.470 0.0000000000
14801  -37.575  -66.717  -2.269 0.0000000000
14802  -42.031  -67.767  -1.631 0.0000000000
14803  -42.357  -67.225  -2.413 0.0000000000
14809  -36.068  -67.620  -2.260 0.0000000000
14810  -37.050  -67.266  -2.668 0.0000000000
14811  -38.310  -66.986  -3.185 0.0000000000
14812  -39.855  -66.813  -3.791 0.0000000000
14813  -41.273  -66.813  -4.115 0.0000000000
14814  -41.938  -66.883  -3.721 0.0000000000
14822  -39.205  -67.197  -4.251 0.0000000000
14823  -40.697  -67.035  -4.886 0.0000000000
15401  -34.356  -66.706  15.377 0.0000000000
15402  -35.426  -66.964  15.217 0.0000000000
15413  -34.430  -66.410  14.226 0.0000000000
15414  -35.222  -66.585  14.156 0.0000000000
15426  -34.664  -66.450  13.507 0.0000000000
15441  -34.565  -66.338  12.664 0.0000000000
15442  -35.246  -66.508  12.472 0.0000000000
15453  -34.231  -66.074  11.798 0.0000000000
15454  -35.000  -66.288  11.868 0.0000000000
15462  -34.709  -66.072  10.973 0.0000000000
15463  -35.467  -66.246  10.423 0.0000000000
15464  -36.266  -66.465  10.241 0.0000000000
15471  -34.757  -66.034  10.025 0.0000000000
15472  -35.821  -66.283  9.644 0.0000000000
15473  -36.497  -66.416  9.444 0.0000000000
15474  -37.231  -66.522  9.193 0.0000000000
15485  -34.986  -66.277  8.619 0.0000000000
15486  -35.707  -66.358  8.350 0.0000000000
15487  -36.650  -66.406  8.609 0.0000000000
15488  -37.321  -66.482  8.626 0.0000000000
15500  -34.799  -66.477  7.837 0.0000000000
15501  -36.381  -66.474  7.732 0.0000000000
15502  -37.360  -66.462  7.960 0.0000000000
15579  -39.544  -66.238  2.502 0.0000000000
15580  -40.674  -66.320  2.135 0.0000000000
15581  -41.520  -65.978  2.171 0.0000000000
15590  -37.992  -66.881  1.994 0.0000000000
15591  -38.978  -66.767  1.952 0.0000000000
15592  -40.230  -66.723  1.738 0.0000000000
15593  -41.766  -66.432  1.383 0.0000000000
15594  -42.522  -65.752  1.499 0.0000000000
15607  -42.267  -66.579  0.395 0.0000000000
15619  -38.669  -65.892  -1.168 0.0000000000
15620  -40.087  -65.880  -1.442 0.0000000000
15621  -41.943  -66.206  -1.341 0.0000000000
15630  -37.001  -66.451  -1.447 0.0000000000
15631  -38.095  -66.262  -1.773 0.0000000000
15632  -39.461  -66.191  -2.114 0.0000000000
15633  -40.948  -66.164  -2.419 0.0000000000
15634  -42.009  -66.449  -2.297 0.0000000000
15635  -42.312  -66.712  -2.192 0.0000000000
15644  -38.886  -66.580  -2.698 0.0000000000
15645  -40.463  -66.463  -3.188 0.0000000000
15646  -41.696  -66.575  -3.293 0.0000000000
15647  -42.216  -66.705  -3.015 0.0000000000
16399  -43.020  -65.167  1.816 0.0000000000
16411  -41.915  -64.937  0.732 0.0000000000
16412  -42.537  -64.859  1.197 0.0000000000
16413  -42.592  -65.493  1.098 0.0000000000
16432  -41.495  -65.327  0.268 0.0000000000
16433  -42.319  -65.593  0.483 0.0000000000
16434  -42.367  -66.103  0.032 0.0000000000
16447  -39.297  -65.543  -0.453 0.0000000000
16448  -41.003  -65.668  -0.703 0.0000000000
16449  -42.130  -66.002  -0.460 0.0000000000
96045  -36.356  -67.195  15.297 0.0000000000
96092  -42.285  -68.831  8.761 0.0000000000
96262  -41.330  -68.682  9.765 0.0000000000
96683  -42.237  -68.081  10.734 0.0000000000
97080  -44.486  -69.164  11.605 0.0000000000
97263  -30.327  -80.410  -6.159 0.0000000000
97341  -43.318  -69.242  11.396 0.0000000000
97342  -42.286  -69.298  11.294 0.0000000000
97653  -26.893  -79.916  -11.156 0.0000000000
97655  -43.874  -66.654  12.660 0.0000000000
97799  -39.044  -67.280  11.005 0.0000000000
97855  -28.853  -80.679  -4.965 0.0000000000
97932  -36.824  -77.334  -2.101 0.0000000000
97981  -30.398  -81.294  -3.772 0.0000000000
98053  -38.478  -66.548  7.822 0.0000000000
98071  -38.263  -66.605  6.956 0.0000000000
98079  -34.415  -77.835  -4.731 0.0000000000
98107  -31.192  -79.670  -8.222 0.0000000000
98182  -28.869  -80.522  -10.057 0.0000000000
98230  -36.003  -73.853  -8.896 0.0000000000
98488  -41.411  -69.078  9.069 0.0000000000
98506  -34.718  -71.366  -5.803 0.0000000000
98564  -27.709  -80.685  -3.808 0.0000000000
98790  -38.178  -68.765  -0.447 0.0000000000
98943  -35.402  -66.342  11.275 0.0000000000
99102  -28.211  -79.176  -11.204 0.0000000000
99124  -31.955  -78.616  -9.379 0.0000000000
99773  -28.855  -77.609  -8.043 0.0000000000
99800  -35.972  -74.428  -6.123 0.0000000000
99929  -43.262  -71.348  11.335 0.0000000000
99954  -38.190  -67.216  11.010 0.0000000000
100159  -44.250  -68.920  7.212 0.0000000000
100832  -28.609  -80.437  -5.804 0.0000000000
101184  -42.946  -66.627  11.303 0.0000000000
101324  -33.898  -66.250  13.461 0.0000000000
101333  -32.535  -78.586  -8.539 0.0000000000
101444  -35.374  -75.484  -4.821 0.0000000000
101467  -39.539  -68.667  -0.896 0.0000000000
101478  -40.027  -67.070  13.825 0.0000000000
101519  -42.565  -71.207  11.239 0.0000000000
101553  -31.014  -81.267  -3.812 0.0000000000
101645  -42.004  -72.454  10.572 0.0000000000
101857  -39.726  -66.584  8.030 0.0000000000
101942  -30.992  -76.073  -8.457 0.0000000000
101963  -34.820  -75.546  -0.573 0.0000000000
102230  -39.020  -67.214  13.592 0.0000000000
102231  -38.095  -67.256  13.387 0.0000000000
102720  -40.894  -70.710  11.396 0.0000000000
102917  -39.050  -71.389  -3.747 0.0000000000
103297  -37.182  -67.455  5.685 0.0000000000
103298  -35.998  -66.717  6.959 0.0000000000
103399  -35.197  -66.600  13.149 0.0000000000
103549  -43.772  -70.978  13.655 0.0000000000
103588  -39.539  -66.761  6.381 0.0000000000
103701  -40.630  -73.066  -2.823 0.0000000000
103721  -34.175  -74.382  0.279 0.0000000000
103903  -40.306  -70.862  -6.047 0.0000000000
104044  -27.060  -80.361  -11.080 0.0000000000
104243  -36.025  -66.299  9.020 0.0000000000
104309  -37.216  -67.182  13.144 0.0000000000
104392  -29.678  -77.098  -9.337 0.0000000000
104634  -40.979  -68.237  -4.902 0.0000000000
104773  -25.981  -79.327  -9.739 0.0000000000
105023  -31.692  -75.413  -9.111 0.0000000000
105117  -33.844  -77.549  -7.596 0.0000000000
105296  -41.496  -69.450  14.461 0.0000000000
105519  -39.144  -71.655  15.478 0.0000000000
105588  -36.092  -73.524  2.803 0.0000000000
106182  -42.960  -69.582  13.926 0.0000000000
106318  -37.088  -72.725  3.853 0.0000000000
106724  -41.037  -66.618  8.354 0.0000000000
106740  -38.654  -71.199  5.980 0.0000000000
107065  -33.978  -79.398  -3.976 0.0000000000
107098  -42.278  -69.833  13.990 0.0000000000
107535  -45.085  -68.652  13.433 0.0000000000
107626  -40.699  -74.009  2.516 0.0000000000
107829  -39.083  -75.349  1.650 0.0000000000
107880  -38.602  -76.180  -0.927 0.0000000000
107889  -42.564  -66.047  0.807 0.0000000000
107905  -28.992  -80.335  -7.126 0.0000000000
107935  -38.415  -70.906  -3.143 0.0000000000
108123  -44.846  -66.731  11.902 0.0000000000
108196  -39.881  -67.608  0.678 0.0000000000
108251  -42.776  -72.815  14.599 0.0000000000
108380  -40.478  -67.179  11.714 0.0000000000
108401  -39.473  -70.463  2.466 0.0000000000
108519  -42.149  -66.661  8.757 0.0000000000
108575  -33.768  -78.931  -4.735 0.0000000000
108704  -41.148  -71.640  11.130 0.0000000000
108947  -39.518  -69.784  3.383 0.0000000000
108949  -41.308  -66.040  -1.677 0.0000000000
108975  -41.073  -69.993  3.028 0.0000000000
109001  -44.321  -67.655  5.603 0.0000000000
109024  -36.714  -73.281  3.228 0.0000000000
109204  -42.281  -66.632  11.710 0.0000000000
109230  -40.200  -67.214  10.990 0.0000000000
109294  -41.936  -66.625  7.553 0.0000000000
109430  -41.119  -66.926  14.009 0.0000000000
109468  -41.230  -69.509  11.201 0.0000000000
109477  -34.765  -74.152  1.336 0.0000000000
109646  -35.299  -75.432  -7.535 0.0000000000
109829  -28.548  -80.882  -8.931 0.0000000000
110105  -30.972  -76.618  -10.713 0.0000000000
110112  -33.457  -74.502  -10.718 0.0000000000
110116  -37.039  -67.162  12.276 0.0000000000
110318  -42.222  -66.495  -1.292 0.0000000000
110413  -27.037  -78.521  -7.261 0.0000000000
110426  -34.464  -78.665  -2.421 0.0000000000
110564  -34.074  -75.428  -0.838 0.0000000000
110576  -44.652  -67.538  7.353 0.0000000000
110718  -34.788  -66.138  9.242 0.0000000000
110779  -34.878  -66.604  14.901 0.0000000000
110844  -33.421  -77.930  -7.989 0.0000000000
110881  -30.903  -80.000  -7.067 0.0000000000
111105  -41.090  -68.508  -2.833 0.0000000000
111273  -35.702  -70.819  -8.017 0.0000000000
111428  -35.608  -66.539  7.570 0.0000000000
111458  -29.155  -79.315  -11.181 0.0000000000
111871  -42.558  -70.904  1.589 0.0000000000
112232  -42.186  -72.415  16.440 0.0000000000
112337  -43.509  -70.392  4.318 0.0000000000
112365  -35.434  -66.227  9.088 0.0000000000
112399  -29.485  -80.156  -10.111 0.0000000000
112477  -39.489  -69.156  3.937 0.0000000000
112729  -36.923  -77.463  -1.569 0.0000000000
112773  -38.988  -66.826  9.600 0.0000000000
112896  -37.615  -67.880  5.163 0.0000000000
113016  -38.688  -74.843  2.114 0.0000000000
113024  -27.826  -78.263  -9.316 0.0000000000
113085  -38.959  -71.433  5.597 0.0000000000
113121  -43.839  -71.769  12.097 0.0000000000
113664  -45.251  -68.558  11.748 0.0000000000
113804  -39.837  -72.224  -4.438 0.0000000000
113952  -44.059  -71.575  12.915 0.0000000000
113992  -41.615  -66.872  11.536 0.0000000000
114049  -36.436  -75.719  0.534 0.0000000000
114050  -41.478  -68.284  -1.754 0.0000000000
114227  -41.876  -68.000  -2.707 0.0000000000
114310  -34.295  -74.136  0.920 0.0000000000
114425  -39.154  -70.481  14.932 0.0000000000
114435  -33.343  -76.481  -10.131 0.0000000000
114451  -44.719  -70.711  12.968 0.0000000000
114455  -32.374  -79.807  -2.723 0.0000000000
114461  -41.118  -73.929  -1.397 0.0000000000
114502  -34.876  -66.859  15.278 0.0000000000
114515  -33.081  -78.616  -2.497 0.0000000000
114518  -41.956  -68.259  9.736 0.0000000000
114571  -42.711  -72.302  14.291 0.0000000000
114623  -32.385  -79.649  -5.676 0.0000000000
114740  -44.710  -68.087  7.586 0.0000000000
114775  -42.270  -71.007  1.030 0.0000000000
114809  -35.258  -66.156  9.683 0.0000000000
115187  -44.623  -68.929  6.325 0.0000000000
115240  -42.340  -66.797  11.037 0.0000000000
115581  -35.408  -66.711  14.801 0.0000000000
115641  -39.975  -70.790  -5.115 0.0000000000
115743  -32.269  -80.790  -4.210 0.0000000000
115809  -34.351  -76.764  -1.470 0.0000000000
115825  -40.447  -65.934  2.602 0.0000000000
115886  -31.395  -76.488  -10.757 0.0000000000
