#!ascii label , from subject sub-02 vox2ras=TkReg rh ROI=IOG coords=white drawn-with=delineation-helper-0.1.0
966
3833  25.226  -80.535  -4.804 0.0000000000
3834  24.472  -80.586  -4.638 0.0000000000
3835  23.679  -80.652  -4.495 0.0000000000
3836  22.964  -80.672  -4.434 0.0000000000
3837  22.332  -80.500  -4.633 0.0000000000
3845  24.066  -80.740  -5.071 0.0000000000
3846  22.820  -80.672  -5.075 0.0000000000
3854  25.237  -80.545  -5.228 0.0000000000
3855  24.463  -80.571  -5.311 0.0000000000
3856  23.680  -80.575  -5.433 0.0000000000
3857  22.971  -80.531  -5.556 0.0000000000
4312  22.856  -79.498  -1.999 0.0000000000
4313  21.943  -79.644  -1.790 0.0000000000
4320  25.053  -79.678  -3.340 0.0000000000
4321  23.447  -79.835  -2.846 0.0000000000
4322  22.528  -79.976  -2.768 0.0000000000
4323  21.670  -79.881  -2.734 0.0000000000
4328  26.460  -79.806  -4.169 0.0000000000
4329  25.647  -80.129  -4.218 0.0000000000
4330  24.144  -80.213  -3.720 0.0000000000
4331  23.158  -80.407  -3.652 0.0000000000
4332  22.389  -80.354  -3.652 0.0000000000
4333  21.712  -80.125  -3.969 0.0000000000
4340  27.569  -79.847  -5.439 0.0000000000
4341  27.145  -80.004  -4.906 0.0000000000
4342  26.136  -80.421  -4.979 0.0000000000
4343  22.435  -80.449  -5.397 0.0000000000
4344  21.716  -80.100  -5.285 0.0000000000
4353  26.796  -80.144  -5.540 0.0000000000
4354  25.832  -80.302  -5.590 0.0000000000
4355  24.215  -80.317  -5.672 0.0000000000
4356  23.254  -80.262  -5.860 0.0000000000
4357  22.312  -80.085  -6.030 0.0000000000
4358  21.515  -79.549  -6.176 0.0000000000
4834  23.927  -78.201  -0.938 0.0000000000
4835  22.925  -78.701  -0.586 0.0000000000
4845  25.275  -78.386  -1.930 0.0000000000
4846  24.351  -78.551  -1.667 0.0000000000
4847  23.369  -78.881  -1.400 0.0000000000
4848  22.329  -79.310  -1.086 0.0000000000
4859  26.198  -78.220  -2.284 0.0000000000
4860  25.613  -78.968  -2.730 0.0000000000
4861  24.764  -79.047  -2.401 0.0000000000
4862  23.845  -79.180  -2.182 0.0000000000
4875  27.341  -79.222  -3.971 0.0000000000
4876  26.417  -79.005  -3.219 0.0000000000
4877  25.855  -79.520  -3.498 0.0000000000
4887  28.001  -79.579  -4.989 0.0000000000
4897  27.351  -79.705  -5.947 0.0000000000
4898  26.392  -79.857  -6.020 0.0000000000
4899  25.230  -79.957  -5.933 0.0000000000
4900  22.830  -79.680  -6.335 0.0000000000
4901  21.749  -79.155  -6.676 0.0000000000
4906  28.790  -78.868  -5.991 0.0000000000
4907  27.882  -79.134  -6.194 0.0000000000
4908  26.907  -79.192  -6.260 0.0000000000
4909  25.978  -79.249  -6.241 0.0000000000
5357  24.122  -77.382  0.248 0.0000000000
5373  25.378  -77.393  -0.714 0.0000000000
5374  24.481  -77.612  -0.486 0.0000000000
5375  23.552  -78.003  -0.165 0.0000000000
5379  26.468  -77.453  -1.679 0.0000000000
5380  25.752  -77.743  -1.447 0.0000000000
5381  24.857  -77.917  -1.214 0.0000000000
5383  27.331  -77.474  -2.677 0.0000000000
5384  26.810  -77.703  -2.282 0.0000000000
5390  28.563  -77.814  -3.975 0.0000000000
5391  27.722  -78.093  -3.456 0.0000000000
5392  26.975  -78.298  -2.931 0.0000000000
5399  30.476  -77.595  -5.600 0.0000000000
5400  30.166  -77.915  -5.455 0.0000000000
5401  29.466  -78.246  -4.895 0.0000000000
5402  28.245  -78.778  -4.361 0.0000000000
5403  23.998  -77.692  -5.200 0.0000000000
5409  29.941  -78.086  -5.775 0.0000000000
5410  29.457  -78.423  -5.834 0.0000000000
5411  25.164  -78.105  -5.853 0.0000000000
5412  24.367  -78.548  -5.813 0.0000000000
5413  23.628  -78.821  -6.048 0.0000000000
5414  22.596  -78.720  -6.620 0.0000000000
5417  30.015  -77.975  -5.961 0.0000000000
5418  29.178  -78.275  -6.139 0.0000000000
5419  28.212  -78.337  -6.373 0.0000000000
5420  27.239  -78.324  -6.480 0.0000000000
5421  26.367  -78.360  -6.409 0.0000000000
5872  25.310  -76.169  1.034 0.0000000000
5873  24.561  -76.329  1.647 0.0000000000
5874  23.981  -76.915  1.406 0.0000000000
5887  26.014  -76.131  0.356 0.0000000000
5897  26.380  -76.442  -0.527 0.0000000000
5898  25.753  -76.827  -0.247 0.0000000000
5899  24.998  -77.106  -0.009 0.0000000000
5903  27.304  -76.106  -1.803 0.0000000000
5904  26.728  -76.715  -1.296 0.0000000000
5905  26.136  -77.155  -0.943 0.0000000000
5907  27.512  -76.715  -2.439 0.0000000000
5908  27.063  -77.051  -1.987 0.0000000000
5910  29.648  -76.427  -3.943 0.0000000000
5911  28.630  -76.639  -3.481 0.0000000000
5912  27.915  -77.060  -3.105 0.0000000000
5913  24.515  -76.071  -3.825 0.0000000000
5914  24.166  -76.693  -4.314 0.0000000000
5915  32.426  -76.528  -5.079 0.0000000000
5916  31.771  -76.934  -4.945 0.0000000000
5917  31.000  -77.343  -5.217 0.0000000000
5918  30.184  -77.570  -4.758 0.0000000000
5919  29.270  -77.332  -4.192 0.0000000000
5920  24.915  -76.489  -4.422 0.0000000000
5921  24.588  -77.419  -5.078 0.0000000000
5922  23.583  -77.050  -4.820 0.0000000000
5925  31.235  -77.066  -5.360 0.0000000000
5926  25.446  -76.969  -5.463 0.0000000000
5927  23.185  -77.740  -5.833 0.0000000000
5931  30.650  -77.282  -5.762 0.0000000000
5932  29.809  -77.025  -6.288 0.0000000000
5933  28.432  -77.433  -6.486 0.0000000000
5934  27.456  -77.354  -6.577 0.0000000000
5935  26.589  -77.397  -6.512 0.0000000000
5936  25.878  -77.641  -6.235 0.0000000000
6398  28.018  -75.096  3.345 0.0000000000
6435  26.262  -74.814  1.299 0.0000000000
6436  25.214  -75.628  1.901 0.0000000000
6448  26.328  -75.200  0.604 0.0000000000
6449  25.845  -75.474  1.222 0.0000000000
6458  26.888  -75.099  -0.635 0.0000000000
6459  26.542  -75.617  -0.182 0.0000000000
6464  27.264  -75.127  -1.308 0.0000000000
6465  26.882  -75.890  -0.945 0.0000000000
6468  27.662  -75.242  -2.012 0.0000000000
6469  23.897  -75.279  -2.905 0.0000000000
6476  31.646  -75.801  -4.153 0.0000000000
6477  30.609  -76.037  -4.080 0.0000000000
6478  28.768  -75.537  -3.136 0.0000000000
6479  27.952  -75.978  -2.652 0.0000000000
6480  24.460  -75.488  -3.286 0.0000000000
6481  23.880  -75.886  -3.547 0.0000000000
6489  33.483  -75.848  -5.031 0.0000000000
6490  33.021  -76.217  -5.014 0.0000000000
6491  32.434  -76.612  -4.910 0.0000000000
6492  31.573  -76.854  -4.760 0.0000000000
6493  30.705  -76.985  -4.587 0.0000000000
6494  25.130  -75.690  -3.927 0.0000000000
6495  23.388  -76.351  -4.272 0.0000000000
6501  32.904  -76.159  -5.150 0.0000000000
6502  32.198  -76.415  -5.286 0.0000000000
6503  31.376  -76.678  -5.529 0.0000000000
6504  25.534  -75.895  -4.897 0.0000000000
6511  30.360  -76.376  -6.111 0.0000000000
6512  29.080  -75.787  -6.482 0.0000000000
6513  27.927  -75.694  -6.649 0.0000000000
6514  27.033  -75.646  -6.700 0.0000000000
6515  26.397  -75.666  -6.507 0.0000000000
6516  25.920  -75.796  -6.089 0.0000000000
7041  28.876  -74.638  2.133 0.0000000000
7042  27.098  -74.326  2.787 0.0000000000
7043  26.534  -74.445  2.506 0.0000000000
7061  29.247  -74.230  1.705 0.0000000000
7062  28.518  -74.021  2.027 0.0000000000
7063  27.086  -73.964  2.018 0.0000000000
7064  26.573  -74.294  1.680 0.0000000000
7065  25.896  -74.869  2.072 0.0000000000
7076  26.990  -73.835  0.316 0.0000000000
7086  27.195  -74.226  -0.641 0.0000000000
7087  26.703  -74.675  0.023 0.0000000000
7104  27.805  -74.316  -1.613 0.0000000000
7116  28.892  -74.636  -2.772 0.0000000000
7117  28.239  -74.912  -2.418 0.0000000000
7118  25.147  -74.224  -2.647 0.0000000000
7119  24.381  -74.771  -2.531 0.0000000000
7130  34.496  -74.799  -4.431 0.0000000000
7131  34.044  -75.187  -4.315 0.0000000000
7132  33.272  -75.273  -4.041 0.0000000000
7133  32.159  -74.974  -3.763 0.0000000000
7134  31.040  -74.570  -3.465 0.0000000000
7135  29.664  -75.081  -3.356 0.0000000000
7136  25.161  -74.945  -3.320 0.0000000000
7143  33.939  -75.366  -4.827 0.0000000000
7144  32.847  -75.957  -4.529 0.0000000000
7145  25.606  -74.869  -4.499 0.0000000000
7149  34.229  -74.869  -4.873 0.0000000000
7150  33.794  -75.414  -5.048 0.0000000000
7151  33.297  -75.593  -5.211 0.0000000000
7152  30.390  -74.862  -5.870 0.0000000000
7153  25.723  -74.768  -5.990 0.0000000000
7161  30.876  -75.806  -5.842 0.0000000000
7162  29.821  -75.296  -6.190 0.0000000000
7163  28.709  -74.697  -6.484 0.0000000000
7164  27.587  -74.305  -6.715 0.0000000000
7165  25.927  -73.916  -6.507 0.0000000000
7734  27.701  -73.981  2.205 0.0000000000
7745  30.407  -72.995  1.543 0.0000000000
7746  28.934  -73.527  1.605 0.0000000000
7747  28.210  -73.478  1.652 0.0000000000
7748  27.613  -73.540  1.488 0.0000000000
7749  27.037  -73.753  1.206 0.0000000000
7756  28.036  -73.090  1.225 0.0000000000
7757  27.591  -73.225  0.714 0.0000000000
7763  28.471  -72.742  -0.868 0.0000000000
7764  27.437  -73.436  -0.117 0.0000000000
7773  28.934  -73.192  -1.852 0.0000000000
7774  27.800  -73.452  -0.835 0.0000000000
7775  24.795  -73.291  -1.305 0.0000000000
7785  35.804  -74.076  -3.813 0.0000000000
7786  35.255  -74.199  -3.560 0.0000000000
7787  34.249  -73.992  -3.255 0.0000000000
7788  33.079  -73.618  -3.062 0.0000000000
7789  32.017  -73.285  -2.957 0.0000000000
7790  31.196  -73.121  -2.790 0.0000000000
7791  29.450  -73.911  -2.662 0.0000000000
7792  28.560  -74.028  -2.192 0.0000000000
7793  25.287  -73.493  -2.047 0.0000000000
7794  24.592  -74.014  -1.872 0.0000000000
7797  35.816  -73.949  -4.123 0.0000000000
7798  35.282  -74.418  -4.080 0.0000000000
7799  34.705  -74.732  -3.914 0.0000000000
7800  33.743  -74.599  -3.646 0.0000000000
7801  32.609  -74.248  -3.428 0.0000000000
7802  31.528  -73.884  -3.233 0.0000000000
7803  30.175  -74.381  -3.213 0.0000000000
7804  25.630  -73.502  -2.984 0.0000000000
7810  35.000  -74.223  -4.566 0.0000000000
7811  25.705  -73.732  -4.922 0.0000000000
7818  34.297  -73.999  -5.136 0.0000000000
7819  33.633  -74.663  -5.276 0.0000000000
7820  31.779  -74.336  -5.560 0.0000000000
7821  30.849  -74.375  -5.660 0.0000000000
7822  30.124  -74.066  -5.784 0.0000000000
7827  29.440  -74.315  -6.150 0.0000000000
7828  28.290  -73.678  -6.497 0.0000000000
7829  27.040  -73.496  -6.825 0.0000000000
7830  26.186  -73.307  -6.746 0.0000000000
7831  25.753  -73.068  -6.413 0.0000000000
8404  31.053  -72.412  1.745 0.0000000000
8405  30.292  -72.151  1.476 0.0000000000
8406  29.503  -72.807  1.377 0.0000000000
8407  28.638  -72.993  1.322 0.0000000000
8409  29.103  -72.066  0.639 0.0000000000
8410  28.372  -72.677  0.760 0.0000000000
8413  29.009  -72.028  -0.330 0.0000000000
8414  28.513  -72.382  0.066 0.0000000000
8415  27.941  -72.861  -0.043 0.0000000000
8422  30.106  -72.069  -1.653 0.0000000000
8423  29.285  -72.389  -1.331 0.0000000000
8424  26.176  -72.171  -1.840 0.0000000000
8425  25.492  -72.775  -1.487 0.0000000000
8432  36.956  -73.175  -3.642 0.0000000000
8433  35.810  -73.725  -3.224 0.0000000000
8434  34.820  -73.473  -2.799 0.0000000000
8435  33.594  -73.050  -2.654 0.0000000000
8436  32.489  -72.736  -2.575 0.0000000000
8437  31.543  -72.541  -2.475 0.0000000000
8438  30.658  -72.605  -2.350 0.0000000000
8439  29.775  -72.895  -2.182 0.0000000000
8440  26.238  -72.098  -2.941 0.0000000000
8441  25.843  -72.820  -2.433 0.0000000000
8446  36.396  -73.330  -4.128 0.0000000000
8447  36.293  -73.664  -3.724 0.0000000000
8448  25.902  -72.753  -3.507 0.0000000000
8455  35.618  -73.460  -4.525 0.0000000000
8463  34.826  -73.304  -5.037 0.0000000000
8464  34.041  -72.935  -5.414 0.0000000000
8465  33.188  -72.642  -5.587 0.0000000000
8466  32.191  -72.494  -5.591 0.0000000000
8467  31.140  -72.463  -5.530 0.0000000000
8468  30.076  -72.463  -5.605 0.0000000000
8474  29.428  -73.294  -5.893 0.0000000000
8475  26.606  -72.701  -6.773 0.0000000000
8476  25.929  -72.522  -6.632 0.0000000000
8477  25.567  -72.209  -6.210 0.0000000000
9081  33.322  -70.768  2.376 0.0000000000
9094  31.057  -71.467  1.658 0.0000000000
9095  30.251  -71.648  1.279 0.0000000000
9104  30.557  -71.184  1.142 0.0000000000
9105  29.844  -71.574  0.905 0.0000000000
9113  31.950  -70.778  -0.500 0.0000000000
9114  30.579  -70.952  -0.168 0.0000000000
9115  29.561  -71.557  0.208 0.0000000000
9117  25.668  -71.998  -0.885 0.0000000000
9122  36.897  -71.891  -2.367 0.0000000000
9123  35.907  -71.954  -1.959 0.0000000000
9124  34.677  -71.872  -1.658 0.0000000000
9125  32.932  -70.922  -0.802 0.0000000000
9126  30.400  -71.403  -0.987 0.0000000000
9127  29.658  -71.703  -0.748 0.0000000000
9128  26.980  -70.977  -1.659 0.0000000000
9129  26.468  -71.481  -1.288 0.0000000000
9135  37.726  -72.141  -3.207 0.0000000000
9136  36.979  -72.769  -2.830 0.0000000000
9137  35.590  -72.872  -2.448 0.0000000000
9138  34.152  -72.511  -2.161 0.0000000000
9139  32.958  -72.193  -2.114 0.0000000000
9140  32.032  -72.047  -2.176 0.0000000000
9141  26.693  -71.403  -2.365 0.0000000000
9147  37.057  -72.642  -4.092 0.0000000000
9148  26.363  -71.322  -3.514 0.0000000000
9149  25.941  -71.948  -4.112 0.0000000000
9157  35.969  -72.719  -4.524 0.0000000000
9158  34.461  -72.338  -5.301 0.0000000000
9159  33.994  -71.417  -5.529 0.0000000000
9160  25.667  -70.903  -4.731 0.0000000000
9161  25.496  -71.680  -5.252 0.0000000000
9169  33.676  -71.918  -5.656 0.0000000000
9170  32.855  -71.481  -5.939 0.0000000000
9171  31.710  -71.588  -5.732 0.0000000000
9172  30.621  -71.651  -5.644 0.0000000000
9173  29.697  -71.689  -5.736 0.0000000000
9174  25.578  -71.337  -6.156 0.0000000000
9175  28.797  -71.332  -6.052 0.0000000000
9176  27.766  -71.452  -6.456 0.0000000000
9177  26.752  -71.093  -6.611 0.0000000000
9178  25.867  -71.140  -6.473 0.0000000000
9809  33.941  -70.115  2.243 0.0000000000
9810  32.515  -70.604  2.104 0.0000000000
9811  31.825  -70.884  1.960 0.0000000000
9822  33.059  -70.177  2.048 0.0000000000
9823  31.347  -70.816  1.431 0.0000000000
9833  33.081  -69.957  0.741 0.0000000000
9834  32.282  -70.180  1.013 0.0000000000
9835  31.648  -70.485  1.119 0.0000000000
9836  30.948  -70.763  0.733 0.0000000000
9849  35.455  -70.311  -0.724 0.0000000000
9850  34.433  -70.418  -0.434 0.0000000000
9851  33.464  -70.396  -0.175 0.0000000000
9852  32.533  -70.409  0.130 0.0000000000
9853  31.706  -70.507  0.450 0.0000000000
9870  37.243  -71.278  -2.352 0.0000000000
9871  36.173  -71.170  -1.602 0.0000000000
9872  35.093  -71.144  -1.181 0.0000000000
9873  33.992  -71.031  -1.003 0.0000000000
9874  27.450  -70.375  -1.468 0.0000000000
9875  26.862  -70.789  -0.921 0.0000000000
9887  38.425  -70.751  -3.587 0.0000000000
9888  37.961  -71.383  -3.205 0.0000000000
9889  27.247  -70.613  -2.327 0.0000000000
9890  26.852  -70.817  -3.075 0.0000000000
9899  38.062  -71.416  -3.783 0.0000000000
9900  37.355  -71.786  -4.231 0.0000000000
9901  35.775  -71.043  -4.398 0.0000000000
9902  34.601  -70.456  -4.362 0.0000000000
9903  27.162  -69.999  -3.281 0.0000000000
9904  26.375  -70.496  -3.950 0.0000000000
9915  36.165  -71.974  -4.527 0.0000000000
9916  35.146  -71.331  -4.636 0.0000000000
9917  34.271  -70.876  -5.218 0.0000000000
9918  25.662  -70.045  -4.760 0.0000000000
9919  25.288  -69.874  -5.508 0.0000000000
9924  33.616  -70.512  -6.020 0.0000000000
9925  33.080  -70.420  -6.462 0.0000000000
9926  32.184  -70.637  -6.227 0.0000000000
9927  31.155  -70.956  -5.835 0.0000000000
9928  30.046  -70.819  -5.852 0.0000000000
9929  25.089  -69.692  -5.973 0.0000000000
9930  33.341  -69.740  -6.569 0.0000000000
9931  32.946  -69.738  -6.833 0.0000000000
9932  32.235  -69.870  -6.654 0.0000000000
9933  31.160  -70.205  -6.147 0.0000000000
9934  27.945  -70.698  -6.388 0.0000000000
9935  25.894  -70.101  -6.487 0.0000000000
9936  25.474  -70.383  -6.158 0.0000000000
10597  34.515  -69.718  2.091 0.0000000000
10598  33.700  -69.800  1.894 0.0000000000
10610  35.017  -69.350  1.579 0.0000000000
10611  32.967  -69.969  1.524 0.0000000000
10624  35.566  -68.956  0.959 0.0000000000
10625  34.625  -69.430  0.877 0.0000000000
10626  33.713  -69.678  1.219 0.0000000000
10640  36.718  -69.547  -1.094 0.0000000000
10641  35.498  -69.409  0.111 0.0000000000
10642  34.755  -69.838  0.062 0.0000000000
10643  33.958  -69.863  0.415 0.0000000000
10644  28.456  -68.847  -0.832 0.0000000000
10659  38.245  -69.607  -2.796 0.0000000000
10660  37.515  -70.295  -2.277 0.0000000000
10661  36.488  -70.403  -1.411 0.0000000000
10662  28.445  -68.937  -1.704 0.0000000000
10663  28.014  -69.640  -1.193 0.0000000000
10675  39.000  -69.717  -4.497 0.0000000000
10676  38.924  -70.046  -3.969 0.0000000000
10677  35.152  -69.481  -3.441 0.0000000000
10678  34.093  -69.252  -3.182 0.0000000000
10679  33.249  -68.880  -3.327 0.0000000000
10680  28.195  -68.781  -2.585 0.0000000000
10681  27.859  -69.737  -2.215 0.0000000000
10688  38.983  -69.509  -4.816 0.0000000000
10689  38.909  -69.906  -4.515 0.0000000000
10690  37.979  -70.944  -4.295 0.0000000000
10691  36.242  -70.529  -4.258 0.0000000000
10692  34.852  -70.078  -3.805 0.0000000000
10693  33.918  -69.678  -3.779 0.0000000000
10694  33.361  -69.340  -4.110 0.0000000000
10695  26.952  -68.963  -3.858 0.0000000000
10696  26.221  -69.583  -4.327 0.0000000000
10702  33.833  -70.005  -4.658 0.0000000000
10703  25.285  -69.181  -5.194 0.0000000000
10704  24.881  -68.906  -5.859 0.0000000000
10705  33.634  -69.830  -5.938 0.0000000000
10706  24.880  -68.876  -6.065 0.0000000000
10707  33.165  -69.066  -6.873 0.0000000000
10708  32.573  -69.163  -6.918 0.0000000000
10709  31.279  -69.305  -6.553 0.0000000000
10710  30.056  -69.814  -6.183 0.0000000000
10711  28.131  -69.946  -6.373 0.0000000000
10712  27.087  -70.066  -6.537 0.0000000000
10713  26.336  -69.247  -6.569 0.0000000000
10714  25.343  -69.057  -6.365 0.0000000000
11420  36.572  -68.645  1.091 0.0000000000
11427  38.190  -68.161  0.236 0.0000000000
11428  37.161  -68.359  0.386 0.0000000000
11429  36.268  -68.777  0.373 0.0000000000
11430  28.615  -67.775  0.330 0.0000000000
11434  37.792  -68.012  -0.317 0.0000000000
11435  36.952  -68.600  -0.467 0.0000000000
11436  36.239  -69.205  -0.299 0.0000000000
11437  28.774  -67.991  -0.484 0.0000000000
11439  38.174  -68.398  -2.033 0.0000000000
11440  37.462  -69.041  -1.590 0.0000000000
11441  35.776  -67.815  -2.715 0.0000000000
11442  34.741  -68.074  -2.213 0.0000000000
11443  33.785  -68.107  -2.031 0.0000000000
11444  28.577  -68.119  -2.194 0.0000000000
11445  39.054  -69.237  -4.074 0.0000000000
11446  38.680  -68.972  -3.189 0.0000000000
11447  36.550  -68.424  -3.766 0.0000000000
11448  35.482  -68.645  -3.076 0.0000000000
11449  34.379  -68.704  -2.673 0.0000000000
11450  33.527  -68.527  -2.613 0.0000000000
11451  32.621  -68.109  -3.366 0.0000000000
11452  28.199  -68.026  -2.893 0.0000000000
11453  27.646  -68.392  -3.351 0.0000000000
11454  39.036  -69.258  -4.775 0.0000000000
11455  38.743  -69.368  -4.939 0.0000000000
11456  37.738  -69.083  -4.760 0.0000000000
11457  36.663  -69.644  -4.227 0.0000000000
11458  32.950  -68.733  -4.150 0.0000000000
11459  27.499  -67.331  -3.485 0.0000000000
11460  26.653  -67.858  -4.192 0.0000000000
11461  25.764  -68.484  -4.738 0.0000000000
11462  33.341  -69.285  -5.043 0.0000000000
11463  24.857  -68.118  -5.616 0.0000000000
11464  33.467  -68.755  -6.233 0.0000000000
11465  33.141  -68.453  -5.286 0.0000000000
11466  24.558  -68.063  -6.018 0.0000000000
11467  33.219  -68.259  -6.724 0.0000000000
11468  32.960  -68.422  -7.011 0.0000000000
11469  32.000  -68.530  -6.902 0.0000000000
11470  30.880  -68.561  -6.576 0.0000000000
11471  29.199  -68.568  -6.423 0.0000000000
11472  26.867  -68.584  -6.555 0.0000000000
11473  25.708  -68.342  -6.504 0.0000000000
11474  24.813  -68.173  -6.200 0.0000000000
12186  38.686  -67.886  -0.508 0.0000000000
12187  28.802  -66.840  0.554 0.0000000000
12192  40.503  -67.848  -1.070 0.0000000000
12193  39.161  -67.660  -1.154 0.0000000000
12194  38.473  -67.825  -1.280 0.0000000000
12195  35.562  -66.778  -1.322 0.0000000000
12196  34.650  -67.075  -0.885 0.0000000000
12197  33.697  -67.185  -0.686 0.0000000000
12198  32.805  -66.968  -0.812 0.0000000000
12199  28.984  -67.110  -0.169 0.0000000000
12200  41.120  -67.314  -1.513 0.0000000000
12201  40.365  -67.177  -2.258 0.0000000000
12202  39.383  -67.497  -2.265 0.0000000000
12203  38.857  -68.008  -2.807 0.0000000000
12204  36.075  -67.045  -2.364 0.0000000000
12205  35.140  -67.430  -1.775 0.0000000000
12206  34.166  -67.597  -1.453 0.0000000000
12207  33.302  -67.575  -1.418 0.0000000000
12208  32.665  -67.390  -1.725 0.0000000000
12209  28.694  -67.299  -1.856 0.0000000000
12210  39.960  -67.030  -3.440 0.0000000000
12211  36.752  -67.511  -3.529 0.0000000000
12212  33.051  -68.014  -2.079 0.0000000000
12213  32.587  -67.723  -2.492 0.0000000000
12214  28.283  -67.342  -2.680 0.0000000000
12215  39.389  -67.363  -4.827 0.0000000000
12216  39.044  -68.512  -5.049 0.0000000000
12217  38.573  -68.507  -5.142 0.0000000000
12218  37.451  -68.152  -4.557 0.0000000000
12219  32.498  -67.508  -4.033 0.0000000000
12220  38.990  -69.105  -5.062 0.0000000000
12221  32.948  -67.630  -5.181 0.0000000000
12222  26.219  -66.696  -4.425 0.0000000000
12223  25.210  -66.222  -5.174 0.0000000000
12224  24.867  -66.486  -5.660 0.0000000000
12225  33.177  -67.299  -6.591 0.0000000000
12226  33.361  -67.683  -6.293 0.0000000000
12227  24.709  -66.762  -6.035 0.0000000000
12228  24.581  -67.264  -5.884 0.0000000000
12229  32.840  -66.957  -6.741 0.0000000000
12230  31.708  -67.140  -6.634 0.0000000000
12231  30.452  -67.291  -6.373 0.0000000000
12232  29.286  -67.373  -6.257 0.0000000000
12233  28.109  -67.444  -6.322 0.0000000000
12234  26.622  -67.596  -6.450 0.0000000000
12235  25.078  -67.412  -6.308 0.0000000000
12236  24.552  -67.484  -6.045 0.0000000000
12949  34.081  -65.976  1.218 0.0000000000
12958  34.937  -66.292  0.316 0.0000000000
12959  34.423  -66.275  0.686 0.0000000000
12960  33.713  -66.372  0.644 0.0000000000
12961  32.954  -66.252  0.497 0.0000000000
12962  28.703  -66.005  0.312 0.0000000000
12970  41.226  -67.328  -1.204 0.0000000000
12971  36.647  -65.726  -1.261 0.0000000000
12972  35.185  -66.515  -0.405 0.0000000000
12973  34.275  -66.701  0.014 0.0000000000
12974  33.315  -66.714  -0.026 0.0000000000
12975  32.477  -66.224  -0.624 0.0000000000
12976  28.780  -66.338  -0.532 0.0000000000
12979  41.476  -66.387  -2.618 0.0000000000
12980  41.368  -66.864  -2.046 0.0000000000
12981  40.876  -66.834  -2.753 0.0000000000
12982  37.472  -65.861  -2.988 0.0000000000
12983  36.320  -66.340  -1.840 0.0000000000
12984  32.342  -66.615  -1.561 0.0000000000
12985  28.557  -66.460  -1.519 0.0000000000
12986  41.069  -66.383  -3.432 0.0000000000
12987  40.265  -66.641  -4.038 0.0000000000
12988  37.808  -66.466  -4.073 0.0000000000
12989  36.974  -66.604  -3.106 0.0000000000
12990  32.219  -66.631  -2.657 0.0000000000
12991  28.175  -66.570  -2.418 0.0000000000
12992  27.210  -65.955  -3.189 0.0000000000
12993  40.352  -66.280  -4.363 0.0000000000
12994  39.158  -67.021  -5.130 0.0000000000
12995  38.974  -67.658  -5.297 0.0000000000
12996  37.879  -67.375  -4.671 0.0000000000
12997  32.419  -66.744  -3.765 0.0000000000
12998  27.744  -66.676  -3.108 0.0000000000
12999  26.804  -66.205  -3.837 0.0000000000
13000  33.573  -66.154  -5.924 0.0000000000
13001  32.890  -66.866  -4.943 0.0000000000
13002  25.673  -65.588  -4.877 0.0000000000
13003  25.184  -65.947  -5.446 0.0000000000
13004  33.329  -66.861  -6.335 0.0000000000
13005  33.337  -67.036  -5.849 0.0000000000
13006  28.918  -66.032  -5.807 0.0000000000
13007  27.588  -65.914  -5.879 0.0000000000
13008  26.124  -65.810  -5.952 0.0000000000
13009  25.150  -66.079  -5.847 0.0000000000
13010  33.223  -66.610  -6.522 0.0000000000
13011  32.060  -66.379  -6.570 0.0000000000
13012  30.857  -66.568  -6.272 0.0000000000
13013  29.688  -66.689  -6.039 0.0000000000
13014  28.467  -66.693  -6.069 0.0000000000
13015  27.063  -66.608  -6.213 0.0000000000
13016  25.566  -66.546  -6.220 0.0000000000
13670  32.777  -65.066  2.066 0.0000000000
13686  34.988  -65.222  1.559 0.0000000000
13687  33.569  -65.371  1.831 0.0000000000
13688  32.765  -65.454  1.458 0.0000000000
13702  35.978  -65.335  0.490 0.0000000000
13703  35.063  -65.800  0.982 0.0000000000
13704  33.280  -65.945  1.139 0.0000000000
13705  32.696  -65.780  0.854 0.0000000000
13706  28.207  -65.446  0.267 0.0000000000
13707  27.861  -65.092  0.846 0.0000000000
13708  27.121  -64.995  0.580 0.0000000000
13709  26.073  -65.190  0.310 0.0000000000
13717  41.475  -66.356  -1.758 0.0000000000
13718  37.076  -65.011  -0.791 0.0000000000
13719  36.343  -65.540  -0.338 0.0000000000
13720  35.625  -65.981  0.086 0.0000000000
13721  32.304  -65.553  -0.416 0.0000000000
13722  28.429  -65.727  -0.350 0.0000000000
13723  27.816  -65.455  -0.669 0.0000000000
13724  26.789  -65.301  -0.452 0.0000000000
13725  25.451  -65.415  -0.633 0.0000000000
13731  41.682  -65.657  -2.572 0.0000000000
13732  37.249  -65.400  -1.864 0.0000000000
13733  32.251  -65.698  -1.136 0.0000000000
13734  28.263  -65.815  -1.177 0.0000000000
13735  27.436  -65.689  -1.818 0.0000000000
13736  26.153  -65.305  -2.485 0.0000000000
13740  41.476  -65.900  -3.365 0.0000000000
13741  40.848  -65.830  -4.273 0.0000000000
13742  38.347  -65.805  -4.139 0.0000000000
13743  27.876  -65.979  -2.162 0.0000000000
13744  26.856  -65.580  -2.894 0.0000000000
13745  25.924  -64.925  -3.452 0.0000000000
13746  41.362  -65.380  -3.900 0.0000000000
13747  39.885  -65.965  -4.769 0.0000000000
13748  39.156  -66.215  -4.903 0.0000000000
13749  38.644  -66.788  -4.977 0.0000000000
13750  32.532  -65.835  -3.537 0.0000000000
13751  26.184  -65.246  -3.757 0.0000000000
13752  40.192  -65.228  -4.749 0.0000000000
13753  33.777  -65.382  -5.753 0.0000000000
13754  33.089  -66.061  -4.754 0.0000000000
13755  26.237  -64.748  -5.065 0.0000000000
13756  25.713  -65.566  -5.456 0.0000000000
13757  33.716  -65.399  -6.321 0.0000000000
13758  31.168  -65.058  -5.939 0.0000000000
13759  29.369  -65.394  -5.639 0.0000000000
13760  28.176  -65.298  -5.638 0.0000000000
13761  26.746  -65.188  -5.569 0.0000000000
13762  33.404  -65.980  -6.455 0.0000000000
13763  33.362  -65.735  -6.582 0.0000000000
13764  32.422  -65.579  -6.522 0.0000000000
13765  31.154  -65.845  -6.144 0.0000000000
13766  30.065  -66.021  -5.867 0.0000000000
14479  32.803  -64.323  2.995 0.0000000000
14492  34.587  -64.479  2.307 0.0000000000
14493  33.888  -64.727  2.436 0.0000000000
14494  33.103  -64.772  2.517 0.0000000000
14495  32.348  -64.516  2.540 0.0000000000
14496  31.713  -63.873  2.791 0.0000000000
14506  35.910  -64.251  1.344 0.0000000000
14507  35.224  -64.540  1.838 0.0000000000
14508  34.458  -65.039  1.980 0.0000000000
14509  32.202  -64.909  1.707 0.0000000000
14510  31.710  -64.261  1.999 0.0000000000
14522  36.370  -64.471  0.665 0.0000000000
14523  35.619  -64.981  1.196 0.0000000000
14524  32.259  -65.243  0.893 0.0000000000
14525  31.772  -64.422  1.028 0.0000000000
14534  37.009  -64.341  -0.105 0.0000000000
14535  36.594  -64.967  0.030 0.0000000000
14536  32.076  -64.929  0.117 0.0000000000
14537  31.765  -64.003  0.092 0.0000000000
14542  38.237  -64.197  -2.171 0.0000000000
14543  32.310  -64.795  -1.561 0.0000000000
14544  25.267  -64.992  -2.164 0.0000000000
14549  41.720  -64.846  -3.292 0.0000000000
14550  38.627  -64.794  -3.577 0.0000000000
14551  37.893  -65.128  -2.685 0.0000000000
14552  32.609  -64.404  -2.511 0.0000000000
14553  25.567  -64.571  -2.703 0.0000000000
14554  41.479  -64.498  -3.980 0.0000000000
14555  40.924  -65.012  -4.412 0.0000000000
14556  39.534  -65.371  -4.685 0.0000000000
14557  39.024  -65.383  -4.501 0.0000000000
14558  33.594  -64.356  -4.479 0.0000000000
14559  32.835  -64.840  -3.439 0.0000000000
14560  25.983  -64.507  -4.589 0.0000000000
14561  26.069  -64.301  -3.558 0.0000000000
14562  41.116  -64.018  -4.405 0.0000000000
14563  40.402  -64.355  -4.609 0.0000000000
14564  33.315  -65.207  -4.549 0.0000000000
14565  29.889  -63.898  -5.168 0.0000000000
14566  28.731  -64.050  -5.182 0.0000000000
14567  26.742  -63.982  -5.053 0.0000000000
14568  34.072  -64.594  -6.255 0.0000000000
14569  33.139  -64.223  -6.654 0.0000000000
14570  32.199  -64.657  -6.338 0.0000000000
14571  31.016  -64.100  -5.643 0.0000000000
14572  29.898  -64.676  -5.486 0.0000000000
14573  27.523  -64.478  -5.361 0.0000000000
14574  33.360  -65.005  -6.646 0.0000000000
15365  33.846  -63.569  3.321 0.0000000000
15366  32.987  -63.819  3.435 0.0000000000
15367  32.306  -63.913  3.256 0.0000000000
15374  35.058  -63.840  2.358 0.0000000000
15375  34.787  -63.104  2.920 0.0000000000
15376  33.456  -64.272  2.958 0.0000000000
15383  36.431  -63.432  1.038 0.0000000000
15384  35.741  -63.648  1.769 0.0000000000
15385  31.369  -63.632  2.174 0.0000000000
15397  37.320  -63.473  -0.233 0.0000000000
15398  36.846  -63.740  0.369 0.0000000000
15399  31.469  -63.500  0.651 0.0000000000
15409  37.641  -64.081  -0.965 0.0000000000
15410  31.935  -63.613  -0.682 0.0000000000
15411  31.634  -63.110  -0.192 0.0000000000
15417  38.901  -63.731  -3.183 0.0000000000
15418  38.180  -63.237  -1.548 0.0000000000
15419  31.929  -62.798  -0.988 0.0000000000
15427  39.540  -62.942  -3.859 0.0000000000
15428  32.836  -63.579  -2.686 0.0000000000
15429  26.339  -63.559  -3.273 0.0000000000
15430  25.765  -64.044  -2.905 0.0000000000
15432  42.252  -62.468  -4.148 0.0000000000
15433  39.977  -63.334  -4.447 0.0000000000
15434  39.427  -64.403  -4.259 0.0000000000
15435  33.906  -63.440  -4.587 0.0000000000
15436  33.211  -63.890  -3.463 0.0000000000
15437  27.764  -63.154  -4.235 0.0000000000
15438  26.656  -63.579  -4.141 0.0000000000
15439  41.471  -62.850  -4.421 0.0000000000
15440  40.698  -63.226  -4.564 0.0000000000
15441  40.185  -63.605  -4.543 0.0000000000
15442  35.150  -62.697  -5.850 0.0000000000
15443  34.589  -63.093  -5.696 0.0000000000
15444  30.531  -63.234  -5.026 0.0000000000
15445  29.342  -63.449  -4.763 0.0000000000
15446  28.214  -63.481  -4.782 0.0000000000
15447  27.162  -63.539  -4.844 0.0000000000
15448  34.669  -62.861  -6.295 0.0000000000
15449  34.467  -63.439  -6.275 0.0000000000
15450  32.678  -63.403  -6.372 0.0000000000
15451  31.562  -63.302  -5.680 0.0000000000
15452  34.403  -63.263  -6.457 0.0000000000
15453  33.890  -63.674  -6.708 0.0000000000
16245  34.220  -62.710  3.597 0.0000000000
16246  33.326  -63.093  3.837 0.0000000000
16247  32.458  -63.290  3.852 0.0000000000
16270  36.162  -62.704  1.634 0.0000000000
16271  35.553  -62.967  2.262 0.0000000000
16272  31.036  -63.047  1.784 0.0000000000
16286  37.011  -62.820  0.293 0.0000000000
16287  31.306  -62.623  0.389 0.0000000000
16297  37.492  -62.463  -0.469 0.0000000000
16298  31.600  -62.126  -0.541 0.0000000000
16303  38.515  -62.330  -2.212 0.0000000000
16304  38.028  -62.128  -1.375 0.0000000000
16305  32.353  -62.514  -1.721 0.0000000000
16316  39.443  -61.521  -3.847 0.0000000000
16317  38.953  -61.358  -3.101 0.0000000000
16318  33.453  -61.663  -3.402 0.0000000000
16319  32.813  -62.142  -2.560 0.0000000000
16325  41.953  -61.648  -4.439 0.0000000000
16326  39.952  -61.833  -4.426 0.0000000000
16327  34.352  -62.568  -4.866 0.0000000000
16328  33.426  -62.782  -3.461 0.0000000000
16329  30.365  -62.142  -3.928 0.0000000000
16330  29.515  -62.525  -3.619 0.0000000000
16331  28.476  -62.745  -3.461 0.0000000000
16332  27.363  -62.990  -3.378 0.0000000000
16333  41.092  -61.954  -4.689 0.0000000000
16334  40.376  -62.252  -4.583 0.0000000000
16335  35.055  -61.897  -6.098 0.0000000000
16336  34.870  -62.393  -5.809 0.0000000000
16337  31.534  -62.042  -5.077 0.0000000000
16338  30.777  -62.452  -4.626 0.0000000000
16339  29.913  -62.838  -4.353 0.0000000000
16340  28.858  -63.053  -4.226 0.0000000000
16341  34.887  -61.976  -6.216 0.0000000000
16342  33.960  -62.059  -6.449 0.0000000000
16343  33.401  -62.809  -6.514 0.0000000000
16344  32.202  -62.552  -5.823 0.0000000000
16345  31.272  -62.701  -5.209 0.0000000000
16346  34.625  -62.679  -6.380 0.0000000000
16347  34.021  -63.062  -6.796 0.0000000000
17027  34.971  -62.125  3.217 0.0000000000
17036  35.952  -61.345  2.270 0.0000000000
17047  36.341  -61.683  1.544 0.0000000000
17048  35.933  -62.167  2.087 0.0000000000
17064  37.244  -61.628  -0.020 0.0000000000
17065  36.798  -61.131  0.764 0.0000000000
17075  37.722  -60.734  -0.963 0.0000000000
17082  40.757  -59.423  -3.846 0.0000000000
17083  38.752  -59.941  -3.047 0.0000000000
17084  38.139  -60.909  -1.746 0.0000000000
17096  41.864  -60.533  -4.231 0.0000000000
17097  39.791  -59.599  -4.305 0.0000000000
17098  39.136  -60.116  -3.601 0.0000000000
17105  42.126  -60.882  -4.305 0.0000000000
17106  40.652  -60.253  -4.652 0.0000000000
17107  39.928  -60.384  -4.495 0.0000000000
17112  41.377  -60.914  -4.656 0.0000000000
17113  40.772  -61.021  -4.772 0.0000000000
17114  40.317  -61.007  -4.676 0.0000000000
17115  35.236  -61.039  -5.985 0.0000000000
17116  34.839  -61.647  -5.401 0.0000000000
17117  32.741  -60.858  -5.632 0.0000000000
17118  31.809  -61.260  -4.944 0.0000000000
17120  35.178  -61.094  -6.056 0.0000000000
17121  34.615  -61.213  -6.298 0.0000000000
17122  33.505  -61.383  -6.219 0.0000000000
17123  32.415  -61.676  -5.661 0.0000000000
17812  35.509  -60.468  3.426 0.0000000000
17813  34.913  -60.953  3.988 0.0000000000
17822  36.145  -60.560  2.322 0.0000000000
17835  36.477  -60.661  1.571 0.0000000000
17841  37.506  -59.748  -0.135 0.0000000000
17842  37.024  -60.267  0.713 0.0000000000
17846  37.889  -59.837  -1.149 0.0000000000
17849  40.305  -58.773  -4.077 0.0000000000
17850  39.330  -58.890  -3.508 0.0000000000
17851  38.313  -59.861  -2.187 0.0000000000
17864  40.927  -59.987  -4.490 0.0000000000
17865  40.226  -59.297  -4.295 0.0000000000
17866  39.719  -59.401  -4.116 0.0000000000
17871  41.259  -60.422  -4.569 0.0000000000
17872  40.385  -59.618  -4.432 0.0000000000
18612  37.220  -59.307  1.120 0.0000000000
18613  36.830  -59.862  1.346 0.0000000000
18618  37.622  -59.062  0.048 0.0000000000
18619  37.236  -59.684  0.654 0.0000000000
18623  40.941  -58.164  -3.136 0.0000000000
18625  38.736  -58.369  -2.401 0.0000000000
18626  38.076  -59.111  -1.186 0.0000000000
18634  40.118  -58.092  -4.004 0.0000000000
18635  39.375  -58.241  -3.472 0.0000000000
18636  38.545  -59.026  -2.422 0.0000000000
18649  40.372  -57.911  -3.981 0.0000000000
18650  39.947  -57.882  -3.948 0.0000000000
19407  37.587  -58.715  0.933 0.0000000000
19412  39.598  -57.060  -1.569 0.0000000000
19413  38.774  -57.610  -0.136 0.0000000000
19414  38.104  -58.331  -0.014 0.0000000000
19422  41.236  -57.358  -2.855 0.0000000000
19423  39.995  -57.037  -3.018 0.0000000000
19424  39.073  -57.674  -2.155 0.0000000000
19425  38.324  -58.431  -1.104 0.0000000000
19434  40.686  -57.813  -3.670 0.0000000000
19435  40.224  -57.551  -3.739 0.0000000000
19436  39.560  -57.732  -3.342 0.0000000000
20236  40.858  -56.576  -2.532 0.0000000000
20243  40.776  -57.036  -3.183 0.0000000000
94771  35.709  -60.837  2.830 0.0000000000
94777  32.300  -67.366  -3.014 0.0000000000
94889  31.206  -71.071  -0.922 0.0000000000
94931  38.643  -70.554  -4.137 0.0000000000
94979  28.824  -78.911  -5.256 0.0000000000
95006  32.699  -68.142  -4.317 0.0000000000
95099  25.761  -73.377  -3.939 0.0000000000
95262  32.183  -64.937  -0.723 0.0000000000
95392  36.440  -59.960  2.120 0.0000000000
95407  26.176  -65.216  -4.211 0.0000000000
95471  34.088  -64.063  -6.512 0.0000000000
95516  32.481  -63.874  -1.882 0.0000000000
95687  35.979  -66.160  -0.809 0.0000000000
95827  28.258  -79.345  -5.699 0.0000000000
96278  25.084  -79.167  -6.124 0.0000000000
96673  29.758  -73.610  1.434 0.0000000000
96999  27.615  -74.479  2.924 0.0000000000
97081  24.937  -80.294  -4.179 0.0000000000
97192  32.466  -65.781  0.174 0.0000000000
97326  25.388  -70.743  -5.740 0.0000000000
97440  25.574  -74.140  -3.664 0.0000000000
97535  25.846  -65.376  -1.553 0.0000000000
97753  32.386  -61.694  -1.880 0.0000000000
98261  28.982  -70.322  -6.164 0.0000000000
98651  27.581  -72.830  -6.632 0.0000000000
98664  37.650  -72.184  -3.751 0.0000000000
98665  32.860  -66.122  -6.680 0.0000000000
98667  39.616  -66.614  -4.775 0.0000000000
98728  37.356  -60.539  -0.086 0.0000000000
98781  37.760  -63.106  -0.848 0.0000000000
98890  33.468  -71.655  -1.533 0.0000000000
98919  30.191  -71.177  0.510 0.0000000000
99228  35.461  -62.215  2.624 0.0000000000
99404  35.021  -71.937  -4.965 0.0000000000
99673  40.659  -58.462  -3.518 0.0000000000
99688  26.529  -74.212  -6.751 0.0000000000
99773  26.131  -74.827  -6.476 0.0000000000
99835  27.640  -65.206  0.154 0.0000000000
100175  25.607  -73.750  -6.070 0.0000000000
100198  28.757  -64.787  -5.459 0.0000000000
100291  38.999  -62.567  -3.004 0.0000000000
100462  28.947  -67.209  -0.975 0.0000000000
100833  27.677  -76.475  -6.629 0.0000000000
100955  34.228  -63.980  -5.614 0.0000000000
101162  31.220  -70.721  -0.093 0.0000000000
101409  25.242  -69.604  -6.211 0.0000000000
101456  25.496  -72.897  -5.830 0.0000000000
101468  29.082  -72.295  -5.908 0.0000000000
101486  28.711  -76.625  -6.523 0.0000000000
101488  27.147  -72.037  -6.669 0.0000000000
101523  27.221  -74.933  -6.739 0.0000000000
101790  30.491  -73.564  -2.862 0.0000000000
102026  37.467  -72.674  -3.552 0.0000000000
102634  26.909  -65.489  -1.421 0.0000000000
102642  26.809  -76.459  -6.600 0.0000000000
102908  28.134  -72.141  -6.347 0.0000000000
103248  28.891  -69.347  -6.383 0.0000000000
103309  31.252  -67.895  -6.649 0.0000000000
103349  27.588  -69.276  -6.493 0.0000000000
103445  37.620  -64.776  -1.620 0.0000000000
103509  22.328  -77.810  -6.834 0.0000000000
103653  29.991  -68.089  -6.445 0.0000000000
103654  39.882  -64.476  -4.635 0.0000000000
103848  32.516  -67.797  -6.894 0.0000000000
103854  32.348  -67.178  -2.255 0.0000000000
103992  29.638  -72.065  1.200 0.0000000000
104082  26.134  -76.621  -6.318 0.0000000000
104118  33.730  -65.050  -6.483 0.0000000000
104172  34.269  -69.550  1.557 0.0000000000
104187  24.992  -80.374  -5.562 0.0000000000
104196  26.596  -75.000  -6.664 0.0000000000
104251  28.949  -67.980  -6.393 0.0000000000
104267  38.517  -61.147  -2.457 0.0000000000
104526  25.414  -71.630  -5.878 0.0000000000
104637  24.616  -76.796  0.773 0.0000000000
104651  28.085  -75.031  -6.637 0.0000000000
104717  25.444  -72.190  -5.692 0.0000000000
104956  32.218  -70.434  1.660 0.0000000000
105029  30.034  -68.961  -6.412 0.0000000000
105060  33.549  -75.758  -4.757 0.0000000000
105065  32.006  -64.328  -0.443 0.0000000000
105074  31.350  -75.200  -5.661 0.0000000000
105086  31.638  -75.793  -5.587 0.0000000000
105123  26.250  -71.920  -6.675 0.0000000000
105125  39.394  -60.415  -3.933 0.0000000000
105205  32.691  -73.675  -5.498 0.0000000000
105226  41.682  -63.500  -4.110 0.0000000000
105300  31.665  -73.254  -5.513 0.0000000000
105301  32.399  -75.632  -5.462 0.0000000000
105359  27.683  -69.229  -3.072 0.0000000000
105886  24.062  -79.762  -6.028 0.0000000000
105910  38.387  -70.034  -4.579 0.0000000000
105934  36.034  -69.791  -0.656 0.0000000000
106125  27.643  -63.832  -5.124 0.0000000000
106130  35.223  -61.272  3.372 0.0000000000
106134  29.025  -72.488  1.111 0.0000000000
106291  33.082  -67.748  -6.851 0.0000000000
106333  33.605  -73.583  -5.417 0.0000000000
106473  28.292  -73.514  -1.506 0.0000000000
106475  23.361  -80.734  -5.081 0.0000000000
106549  31.407  -63.682  1.481 0.0000000000
106736  32.679  -63.029  -2.264 0.0000000000
106909  36.664  -62.214  0.887 0.0000000000
106971  30.333  -65.417  -5.760 0.0000000000
107025  33.199  -66.165  -6.600 0.0000000000
107136  32.082  -63.933  -6.169 0.0000000000
107294  34.058  -61.965  -4.259 0.0000000000
107343  24.263  -79.561  -2.871 0.0000000000
107530  34.278  -64.053  2.770 0.0000000000
107547  39.209  -68.161  -4.236 0.0000000000
107591  30.696  -73.439  -5.591 0.0000000000
107800  33.096  -62.083  -6.246 0.0000000000
107816  32.218  -71.440  -1.468 0.0000000000
107934  25.794  -71.857  -6.462 0.0000000000
107947  38.657  -57.800  -0.976 0.0000000000
107973  28.245  -74.500  2.592 0.0000000000
108182  32.701  -70.136  -6.646 0.0000000000
108222  33.343  -69.099  -6.576 0.0000000000
108251  23.989  -74.319  -1.835 0.0000000000
108305  32.836  -74.852  -5.459 0.0000000000
108469  41.308  -66.559  -2.618 0.0000000000
108697  32.290  -65.561  -2.279 0.0000000000
108945  28.075  -68.408  -6.463 0.0000000000
108959  29.526  -78.419  -5.655 0.0000000000
108978  25.135  -67.183  -5.120 0.0000000000
109003  31.876  -76.741  -5.247 0.0000000000
109050  36.863  -65.927  -2.195 0.0000000000
109119  29.316  -77.546  -6.317 0.0000000000
109231  28.483  -72.855  -6.264 0.0000000000
109239  28.788  -68.115  -1.322 0.0000000000
109327  32.193  -64.142  -1.095 0.0000000000
109353  29.012  -78.779  -5.773 0.0000000000
109784  34.860  -62.450  -6.188 0.0000000000
109805  25.656  -72.663  -4.775 0.0000000000
110006  26.090  -64.356  -4.089 0.0000000000
110008  24.702  -80.660  -5.058 0.0000000000
110013  32.016  -62.092  -1.289 0.0000000000
110102  25.717  -78.515  -6.224 0.0000000000
110370  40.693  -58.026  -3.811 0.0000000000
110534  40.977  -59.802  -4.355 0.0000000000
110620  36.467  -73.378  -3.133 0.0000000000
110675  35.479  -61.536  2.873 0.0000000000
111121  33.448  -71.073  -5.992 0.0000000000
111215  37.688  -68.219  -1.041 0.0000000000
111428  33.812  -64.444  -6.671 0.0000000000
111569  31.132  -71.805  -1.804 0.0000000000
111773  32.254  -63.325  -1.428 0.0000000000
111882  37.679  -61.580  -0.867 0.0000000000
112012  23.840  -77.277  0.902 0.0000000000
112250  32.904  -68.300  -2.699 0.0000000000
112394  32.739  -66.403  -0.145 0.0000000000
112471  25.380  -76.611  0.369 0.0000000000
112519  26.609  -74.356  0.846 0.0000000000
112767  31.186  -63.034  1.087 0.0000000000
113041  28.913  -66.527  0.042 0.0000000000
113113  33.895  -64.727  -5.434 0.0000000000
113220  35.203  -72.746  -4.919 0.0000000000
113234  25.676  -74.300  -5.518 0.0000000000
113694  28.807  -78.512  -4.617 0.0000000000
114162  26.453  -63.827  -4.734 0.0000000000
114249  30.578  -75.140  -3.604 0.0000000000
114390  40.987  -60.523  -4.729 0.0000000000
114727  34.434  -65.523  1.550 0.0000000000
115049  29.998  -71.270  -0.229 0.0000000000
115166  38.565  -63.264  -2.334 0.0000000000
