# sub-10 hemi-L RWvsSC_scaled Cluster_16
16
22715 -34.965000 -53.340000 -8.206000 1
22716 -35.705000 -53.362000 -8.598000 1
22717 -36.408000 -53.344000 -8.890000 1
22721 -36.205000 -53.963000 -9.130000 1
23623 -35.231000 -52.593000 -8.261000 1
23624 -36.034000 -52.677000 -8.552000 1
23625 -36.944000 -52.903000 -8.911000 1
23626 -37.703000 -52.295000 -9.011000 1
24536 -34.090000 -51.094000 -8.131000 1
24537 -34.670000 -51.817000 -8.134000 1
24538 -35.514000 -51.871000 -8.334000 1
24539 -36.477000 -52.000000 -8.568000 1
113121 -34.911000 -51.090000 -8.303000 1
116996 -35.820000 -51.108000 -8.434000 1
118608 -36.910000 -51.136000 -8.662000 1
125338 -38.126000 -51.377000 -8.987000 1
