# sub-10 hemi-L LimbsvsAllnoLimbsnoCS_scaled Cluster_17
92
22509 -33.542000 -53.629000 8.326000 1
22511 -43.487000 -52.722000 8.008000 1
22537 -35.762000 -53.475000 5.481000 1
23379 -32.633000 -51.790000 11.023000 1
23408 -33.389000 -52.927000 8.964000 1
23412 -40.237000 -52.536000 8.934000 1
23413 -41.172000 -52.612000 8.796000 1
23414 -42.936000 -52.060000 8.106000 1
23428 -44.128000 -52.188000 7.642000 1
23444 -35.353000 -52.791000 5.748000 1
23450 -36.008000 -52.746000 5.233000 1
23451 -36.629000 -52.797000 4.860000 1
24287 -33.322000 -51.853000 10.327000 1
24288 -34.181000 -51.234000 10.205000 1
24301 -32.544000 -51.759000 10.228000 1
24302 -33.354000 -52.211000 9.600000 1
24303 -34.032000 -51.568000 9.168000 1
24306 -39.094000 -51.321000 9.176000 1
24307 -40.126000 -51.174000 9.214000 1
24319 -37.154000 -50.768000 8.882000 1
24320 -37.614000 -51.585000 9.073000 1
24323 -40.641000 -51.835000 8.963000 1
24324 -41.544000 -51.662000 8.697000 1
24325 -42.404000 -51.444000 8.278000 1
24326 -43.258000 -51.268000 7.800000 1
24344 -43.913000 -51.543000 7.604000 1
24364 -35.648000 -52.037000 5.522000 1
24365 -36.507000 -51.984000 4.944000 1
24370 -37.543000 -51.594000 4.626000 1
24371 -38.693000 -51.308000 4.397000 1
25240 -34.728000 -50.886000 9.844000 1
25241 -35.405000 -50.719000 10.114000 1
25248 -36.044000 -50.836000 9.412000 1
25249 -38.799000 -50.283000 9.309000 1
25250 -39.719000 -50.405000 9.352000 1
25251 -40.471000 -50.448000 9.210000 1
25269 -36.369000 -50.285000 8.431000 1
25270 -38.080000 -51.089000 9.067000 1
25271 -40.986000 -51.003000 8.992000 1
25272 -41.815000 -50.797000 8.542000 1
25273 -42.647000 -50.634000 8.066000 1
25274 -43.319000 -50.508000 7.788000 1
25310 -36.163000 -50.038000 6.429000 1
25319 -36.049000 -51.277000 5.469000 1
25320 -36.435000 -50.503000 5.587000 1
25321 -37.243000 -50.258000 5.161000 1
25327 -38.044000 -50.600000 4.682000 1
26196 -37.887000 -48.988000 9.089000 1
26197 -38.645000 -49.336000 9.310000 1
26198 -39.412000 -49.666000 9.384000 1
26199 -40.279000 -49.641000 9.261000 1
26219 -36.313000 -49.739000 7.862000 1
26220 -36.990000 -49.557000 8.582000 1
26221 -37.859000 -49.969000 9.153000 1
26222 -41.154000 -50.066000 8.878000 1
26223 -41.467000 -49.218000 8.563000 1
26249 -36.407000 -49.476000 7.177000 1
26250 -36.915000 -48.868000 7.024000 1
26263 -36.687000 -49.413000 6.545000 1
26264 -37.245000 -49.056000 6.225000 1
26273 -36.836000 -49.741000 5.839000 1
26274 -37.676000 -49.476000 5.367000 1
26281 -38.351000 -49.754000 4.747000 1
27118 -38.640000 -48.669000 9.165000 1
27119 -39.530000 -48.859000 9.271000 1
27140 -36.777000 -48.982000 7.810000 1
27141 -37.448000 -48.594000 8.399000 1
27142 -38.221000 -48.267000 8.755000 1
27143 -39.081000 -48.116000 8.933000 1
27144 -40.628000 -48.832000 8.916000 1
27171 -37.380000 -48.364000 7.563000 1
27182 -37.511000 -48.340000 6.678000 1
28061 -38.666000 -47.629000 8.377000 1
28091 -37.924000 -47.893000 8.065000 1
108930 -36.582000 -50.861000 8.868000 1
110437 -33.720000 -51.670000 9.829000 1
111495 -42.897000 -49.911000 7.947000 1
113458 -42.078000 -49.968000 8.334000 1
113515 -36.531000 -51.119000 9.753000 1
115547 -38.931000 -52.215000 9.038000 1
115717 -34.298000 -51.234000 9.616000 1
116807 -42.153000 -52.264000 8.489000 1
117062 -42.050000 -53.115000 8.592000 1
118532 -36.889000 -51.052000 4.961000 1
119832 -35.062000 -52.149000 6.054000 1
122384 -37.105000 -51.318000 8.983000 1
123289 -42.711000 -52.724000 8.322000 1
126123 -41.220000 -48.643000 8.581000 1
126909 -37.823000 -50.042000 4.934000 1
127141 -35.806000 -50.722000 6.002000 1
127585 -43.553000 -51.949000 7.792000 1
127668 -40.884000 -49.429000 8.930000 1
