# sub-10 hemi-L RWvsAllnoletterstring_scaled Cluster_20
50
37355 -34.211000 -37.239000 -8.328000 1
38206 -32.782000 -36.214000 -6.867000 1
38209 -33.612000 -36.298000 -7.684000 1
38210 -34.721000 -36.381000 -8.549000 1
39087 -29.340000 -35.644000 -5.235000 1
39096 -33.133000 -35.522000 -7.089000 1
39098 -34.031000 -35.463000 -7.896000 1
39970 -29.907000 -34.484000 -5.308000 1
39979 -31.942000 -34.231000 -6.129000 1
39980 -32.620000 -34.896000 -6.561000 1
39981 -33.372000 -34.696000 -7.252000 1
39984 -34.489000 -34.485000 -8.211000 1
39994 -36.293000 -34.348000 -9.053000 1
40921 -30.318000 -33.889000 -5.459000 1
40931 -32.779000 -34.060000 -6.677000 1
40932 -33.509000 -33.821000 -7.369000 1
40942 -34.480000 -33.431000 -8.235000 1
40943 -35.576000 -33.879000 -8.882000 1
40952 -36.216000 -33.538000 -9.183000 1
40953 -36.400000 -32.888000 -9.140000 1
41827 -31.924000 -32.445000 -6.350000 1
41828 -32.647000 -32.825000 -6.728000 1
41829 -33.407000 -32.896000 -7.390000 1
41838 -33.604000 -32.157000 -7.717000 1
41839 -35.657000 -32.941000 -9.129000 1
41846 -34.435000 -31.867000 -8.444000 1
41847 -36.110000 -32.096000 -9.371000 1
41848 -36.499000 -31.818000 -9.093000 1
42759 -31.318000 -31.689000 -6.073000 1
42772 -31.990000 -31.508000 -6.566000 1
42777 -32.572000 -31.250000 -7.046000 1
42778 -33.451000 -31.362000 -7.755000 1
42785 -34.791000 -31.097000 -8.759000 1
42786 -36.160000 -31.131000 -9.335000 1
42787 -36.425000 -30.809000 -9.128000 1
43749 -32.809000 -30.595000 -7.367000 1
43750 -33.877000 -30.419000 -8.244000 1
43757 -35.435000 -30.139000 -9.162000 1
107595 -30.674000 -33.192000 -5.619000 1
108392 -36.400000 -33.670000 -9.044000 1
111136 -32.204000 -29.996000 -7.012000 1
112209 -31.497000 -33.275000 -5.956000 1
112210 -32.065000 -30.726000 -6.768000 1
114813 -29.473000 -34.950000 -5.176000 1
121595 -35.462000 -31.696000 -9.152000 1
122870 -32.776000 -32.056000 -6.994000 1
124132 -34.429000 -32.589000 -8.321000 1
124764 -32.274000 -33.368000 -6.415000 1
126631 -35.270000 -32.230000 -8.966000 1
127398 -32.911000 -33.388000 -6.828000 1
