# sub-10 hemi-L CSvsAllnoletterstring_scaled Cluster_22
12
31937 -25.769000 -43.474000 -4.913000 1
31938 -26.598000 -43.475000 -5.375000 1
32843 -25.511000 -42.228000 -4.464000 1
32844 -26.060000 -42.700000 -5.063000 1
32845 -26.736000 -42.255000 -5.326000 1
33822 -25.984000 -41.719000 -4.965000 1
33823 -27.085000 -41.597000 -5.392000 1
34761 -26.504000 -40.932000 -5.153000 1
113999 -27.164000 -39.907000 -5.328000 1
118399 -26.969000 -42.853000 -5.453000 1
119383 -25.558000 -42.905000 -4.516000 1
128424 -26.864000 -40.446000 -5.264000 1
