# sub-10 hemi-L CSvsAllnoletterstring_scaled Cluster_13
19
16880 -32.780000 -60.714000 -11.432000 1
17673 -32.864000 -60.021000 -11.506000 1
18490 -32.338000 -58.555000 -10.844000 1
18496 -33.107000 -58.689000 -11.250000 1
19301 -32.167000 -57.795000 -10.446000 1
19302 -33.685000 -57.603000 -10.617000 1
19303 -34.504000 -57.570000 -10.724000 1
19304 -35.445000 -57.488000 -10.748000 1
20085 -34.654000 -56.316000 -9.791000 1
20086 -35.722000 -56.323000 -10.311000 1
20089 -33.001000 -57.283000 -10.235000 1
20090 -34.079000 -57.039000 -10.279000 1
20914 -35.575000 -55.520000 -9.712000 1
110248 -35.036000 -56.930000 -10.459000 1
112303 -32.988000 -57.995000 -10.795000 1
118932 -32.562000 -59.291000 -11.214000 1
122100 -35.838000 -56.913000 -10.596000 1
123065 -32.997000 -61.345000 -11.780000 1
128290 -33.095000 -60.654000 -11.680000 1
