# sub-10 hemi-L CSvsAllNotext_scaled Cluster_28
29
49626 -26.995000 -24.135000 -4.332000 1
49628 -29.149000 -24.892000 -4.256000 1
49629 -30.248000 -24.636000 -4.449000 1
50445 -27.759000 -23.045000 -4.534000 1
50446 -28.958000 -22.784000 -4.437000 1
50447 -30.088000 -23.463000 -4.479000 1
51229 -27.345000 -22.483000 -4.895000 1
51230 -27.916000 -22.127000 -4.639000 1
51231 -28.981000 -21.862000 -4.491000 1
51232 -30.048000 -22.449000 -4.485000 1
52035 -29.610000 -20.654000 -4.507000 1
52036 -30.092000 -21.507000 -4.489000 1
52907 -30.853000 -20.847000 -4.498000 1
53840 -29.803000 -19.323000 -4.580000 1
53841 -30.865000 -19.323000 -4.470000 1
53842 -31.825000 -19.243000 -4.379000 1
54753 -29.371000 -18.694000 -4.777000 1
54754 -30.386000 -18.674000 -4.571000 1
55670 -29.913000 -18.101000 -4.812000 1
55671 -30.841000 -17.964000 -4.568000 1
55686 -30.330000 -17.559000 -4.867000 1
56546 -29.320000 -16.668000 -5.664000 1
56547 -30.214000 -16.979000 -5.178000 1
57527 -30.075000 -16.245000 -5.564000 1
108750 -28.984000 -21.151000 -4.516000 1
111494 -28.063000 -21.317000 -4.719000 1
116015 -27.189000 -23.567000 -4.634000 1
118123 -31.362000 -20.018000 -4.443000 1
119321 -29.020000 -23.816000 -4.374000 1
