# sub-10 hemi-R RWvsAllnoletterstring_scaled Cluster_19
24
24531 37.696000 -47.997000 16.905000 1
25405 37.527000 -47.601000 18.335000 1
25418 37.404000 -47.394000 17.584000 1
25427 38.212000 -48.168000 16.117000 1
25428 37.469000 -47.138000 16.833000 1
25438 37.776000 -46.843000 16.163000 1
26264 37.611000 -47.056000 18.887000 1
26287 37.304000 -46.755000 18.210000 1
26302 37.213000 -46.556000 17.461000 1
26313 37.369000 -46.355000 16.707000 1
26325 38.298000 -46.534000 15.605000 1
27132 37.553000 -46.079000 18.719000 1
27147 37.797000 -45.121000 18.720000 1
27148 37.262000 -45.310000 18.214000 1
27168 37.306000 -45.593000 16.612000 1
27180 37.729000 -46.110000 16.036000 1
27934 37.358000 -44.546000 18.226000 1
27971 37.394000 -44.780000 16.314000 1
113737 37.087000 -45.853000 17.298000 1
119438 37.113000 -45.905000 17.947000 1
125889 38.298000 -47.324000 15.744000 1
127265 37.844000 -47.512000 16.329000 1
127862 37.705000 -45.459000 15.932000 1
128739 37.053000 -44.978000 17.467000 1
