# sub-10 hemi-L RWvsAllnoletterstring_scaled Cluster_3
45
5611 -17.886000 -75.591000 -12.327000 1
5621 -18.807000 -75.452000 -13.716000 1
5622 -19.232000 -74.948000 -14.576000 1
6309 -16.467000 -73.930000 -13.627000 1
6310 -17.195000 -74.764000 -12.991000 1
6311 -18.190000 -75.121000 -13.334000 1
6322 -16.756000 -73.312000 -14.065000 1
6323 -17.516000 -74.130000 -13.819000 1
6324 -18.617000 -74.460000 -14.162000 1
6333 -19.095000 -73.477000 -14.666000 1
6334 -19.497000 -74.251000 -15.476000 1
7007 -15.614000 -73.051000 -13.452000 1
7008 -15.892000 -73.803000 -13.258000 1
7019 -15.993000 -73.186000 -14.145000 1
7028 -19.725000 -72.889000 -15.364000 1
7033 -20.090000 -73.128000 -16.021000 1
7696 -16.294000 -72.076000 -14.330000 1
7713 -15.690000 -72.492000 -14.188000 1
7714 -15.896000 -72.418000 -14.380000 1
7715 -16.441000 -72.777000 -14.273000 1
7716 -17.369000 -72.972000 -14.221000 1
7717 -19.329000 -72.640000 -14.634000 1
7728 -15.740000 -72.033000 -14.413000 1
7729 -19.958000 -72.264000 -14.933000 1
7730 -20.460000 -72.279000 -15.605000 1
7731 -21.708000 -71.770000 -15.533000 1
8422 -15.456000 -71.810000 -14.173000 1
8423 -15.825000 -71.803000 -14.485000 1
9101 -15.375000 -70.548000 -14.419000 1
9102 -15.750000 -71.040000 -14.438000 1
9106 -15.614000 -71.451000 -14.369000 1
9822 -15.422000 -69.555000 -14.593000 1
9823 -15.906000 -69.929000 -14.619000 1
9827 -16.057000 -69.040000 -14.923000 1
10572 -15.537000 -68.902000 -14.662000 1
10573 -15.594000 -68.481000 -14.407000 1
10579 -16.022000 -68.463000 -14.907000 1
11375 -16.295000 -67.601000 -13.566000 1
11386 -16.065000 -67.940000 -14.526000 1
12183 -17.712000 -66.745000 -13.651000 1
106627 -21.025000 -71.956000 -15.650000 1
110397 -17.871000 -73.375000 -14.167000 1
111806 -18.363000 -72.955000 -14.291000 1
112831 -16.331000 -74.428000 -12.622000 1
113937 -16.938000 -67.362000 -14.535000 1
