# sub-10 hemi-L RWvsAllNotext_scaled Cluster_24
15
51190 -50.639000 -21.872000 2.787000 1
51980 -49.080000 -21.775000 2.462000 1
51981 -49.940000 -21.332000 2.597000 1
51982 -50.820000 -20.949000 2.600000 1
51983 -51.754000 -21.085000 2.540000 1
51984 -52.610000 -21.325000 2.409000 1
52004 -48.513000 -21.444000 1.774000 1
52005 -49.326000 -20.940000 2.085000 1
52840 -50.116000 -20.529000 2.320000 1
52842 -52.326000 -20.520000 2.363000 1
52862 -48.797000 -20.733000 1.193000 1
53765 -51.034000 -19.619000 2.210000 1
53781 -50.335000 -19.855000 2.018000 1
122879 -51.334000 -21.615000 2.668000 1
123182 -50.718000 -20.205000 2.362000 1
