# sub-10 hemi-L RWvsSC_scaled Cluster_8
68
11161 -35.110000 -67.219000 1.955000 1
11162 -35.858000 -67.129000 2.141000 1
11163 -36.586000 -66.949000 2.274000 1
11168 -34.155000 -67.305000 1.051000 1
11169 -34.930000 -67.468000 1.223000 1
11170 -35.698000 -67.477000 1.442000 1
11171 -36.478000 -67.374000 1.646000 1
11172 -37.900000 -67.174000 1.434000 1
11173 -38.760000 -67.063000 1.093000 1
11174 -39.774000 -66.777000 0.777000 1
11178 -33.866000 -67.333000 0.174000 1
11179 -34.675000 -67.586000 0.367000 1
11180 -35.517000 -67.725000 0.598000 1
11181 -36.355000 -67.689000 0.836000 1
11182 -37.215000 -67.511000 1.037000 1
11183 -38.049000 -67.439000 0.646000 1
11195 -37.039000 -67.789000 0.270000 1
11971 -32.369000 -65.940000 2.087000 1
11972 -33.181000 -66.215000 2.344000 1
11973 -34.501000 -66.784000 2.281000 1
11974 -35.281000 -66.639000 2.498000 1
11975 -36.066000 -66.517000 2.609000 1
11979 -40.440000 -66.252000 1.502000 1
11986 -32.857000 -66.533000 1.552000 1
11987 -33.740000 -66.871000 1.824000 1
11988 -34.479000 -67.182000 1.700000 1
11989 -37.754000 -66.861000 2.047000 1
11991 -39.344000 -66.558000 1.667000 1
11992 -40.881000 -66.465000 0.548000 1
12002 -32.532000 -66.564000 0.550000 1
12003 -33.347000 -67.017000 0.870000 1
12767 -36.041000 -65.235000 3.133000 1
12775 -31.940000 -65.191000 2.503000 1
12776 -32.791000 -65.448000 2.745000 1
12777 -33.669000 -65.654000 2.850000 1
12778 -34.611000 -65.965000 2.829000 1
12779 -35.588000 -65.922000 2.900000 1
13461 -35.664000 -64.394000 2.970000 1
13471 -30.903000 -63.966000 2.361000 1
13472 -31.654000 -64.317000 2.757000 1
13473 -32.474000 -64.592000 3.019000 1
13474 -33.334000 -64.803000 3.096000 1
13475 -34.228000 -65.008000 3.051000 1
13476 -35.152000 -65.157000 3.017000 1
13484 -31.167000 -64.787000 2.081000 1
14179 -30.759000 -63.246000 2.477000 1
14180 -31.423000 -63.436000 2.816000 1
14181 -32.219000 -63.725000 3.072000 1
14182 -33.505000 -63.332000 2.857000 1
14183 -34.449000 -63.394000 2.603000 1
14184 -34.769000 -64.291000 2.887000 1
14971 -31.087000 -62.621000 2.659000 1
14972 -32.043000 -62.728000 2.942000 1
14973 -33.048000 -62.562000 2.726000 1
14974 -33.946000 -62.612000 2.403000 1
15817 -30.665000 -61.910000 2.254000 1
15818 -31.493000 -61.832000 2.548000 1
15819 -32.472000 -61.775000 2.551000 1
15840 -31.043000 -61.126000 2.102000 1
15841 -32.783000 -61.001000 2.123000 1
16683 -31.880000 -61.025000 2.238000 1
114311 -33.868000 -64.149000 3.003000 1
114634 -35.266000 -63.659000 2.571000 1
117428 -33.004000 -63.989000 3.163000 1
118940 -37.197000 -67.171000 1.864000 1
120634 -33.916000 -66.359000 2.501000 1
121351 -32.745000 -63.277000 3.015000 1
126287 -37.540000 -67.623000 0.427000 1
