# sub-10 hemi-L RWvsAllnoletterstring_scaled Cluster_29
12
54797 -29.777000 -17.611000 -7.078000 1
55714 -28.963000 -16.786000 -7.179000 1
55715 -30.130000 -16.774000 -7.497000 1
55716 -31.180000 -16.504000 -7.723000 1
56573 -29.292000 -15.842000 -7.438000 1
56574 -30.217000 -15.671000 -7.898000 1
56575 -31.976000 -16.433000 -7.975000 1
56591 -31.148000 -15.607000 -8.421000 1
56592 -32.235000 -15.983000 -8.631000 1
56593 -33.305000 -16.214000 -8.949000 1
57563 -30.393000 -14.828000 -8.315000 1
125156 -31.304000 -17.236000 -7.267000 1
