# sub-10 hemi-L FacesvsAllnoFace_scaled Cluster_55
15
60336 -49.969000 -12.937000 -9.329000 1
61253 -50.512000 -10.644000 -9.275000 1
61260 -50.045000 -12.112000 -9.188000 1
61261 -50.645000 -11.614000 -9.371000 1
61262 -51.400000 -11.795000 -9.614000 1
62195 -51.299000 -10.359000 -9.568000 1
62196 -51.844000 -10.996000 -9.671000 1
62203 -52.054000 -10.216000 -9.905000 1
63057 -51.469000 -9.757000 -9.781000 1
63064 -51.924000 -9.507000 -10.266000 1
63902 -51.514000 -8.794000 -10.569000 1
63908 -51.037000 -8.087000 -10.948000 1
64810 -50.251000 -7.773000 -10.531000 1
64817 -50.532000 -7.482000 -11.478000 1
128288 -51.129000 -11.081000 -9.482000 1
