# sub-10 hemi-L CSvsAllnoletterstring_scaled Cluster_39
11
56593 -33.305000 -16.214000 -8.949000 1
56594 -34.400000 -16.462000 -9.097000 1
56609 -34.416000 -16.153000 -9.909000 1
56610 -35.215000 -16.518000 -9.856000 1
56611 -36.737000 -17.032000 -10.171000 1
56623 -36.427000 -15.966000 -10.583000 1
56624 -37.179000 -16.533000 -10.467000 1
57595 -36.002000 -14.621000 -10.929000 1
57596 -36.908000 -15.373000 -10.797000 1
115581 -36.022000 -16.686000 -10.193000 1
125143 -36.519000 -14.786000 -10.961000 1
