# sub-10 hemi-R FacesvsAllnoFace_scaled Cluster_42
107
44550 38.190000 -26.967000 2.478000 1
45477 39.942000 -25.990000 5.653000 1
45486 39.760000 -26.475000 4.677000 1
45521 36.907000 -27.178000 3.387000 1
45522 37.308000 -26.089000 3.233000 1
45527 38.060000 -26.080000 2.471000 1
46438 39.183000 -25.642000 4.990000 1
46439 38.818000 -24.934000 5.119000 1
46454 39.123000 -26.011000 3.835000 1
46455 38.707000 -25.178000 3.890000 1
46456 37.543000 -25.104000 2.847000 1
46470 38.687000 -25.632000 2.912000 1
46471 37.856000 -25.585000 2.571000 1
47418 41.752000 -24.028000 7.237000 1
47419 40.828000 -23.947000 7.312000 1
47420 39.996000 -23.615000 7.211000 1
47429 41.213000 -24.814000 6.834000 1
47430 40.143000 -24.509000 6.846000 1
47431 39.360000 -24.029000 6.567000 1
47440 38.841000 -24.275000 5.715000 1
47459 38.615000 -24.327000 4.376000 1
47472 38.515000 -24.506000 3.134000 1
47473 37.721000 -24.395000 2.595000 1
47474 37.535000 -23.793000 2.776000 1
47479 38.165000 -24.141000 2.535000 1
48430 42.130000 -23.304000 7.504000 1
48431 41.379000 -23.451000 7.512000 1
48432 40.679000 -23.069000 7.552000 1
48433 39.964000 -22.889000 7.371000 1
48451 39.360000 -23.080000 6.824000 1
48452 38.921000 -23.569000 6.172000 1
48466 38.699000 -23.582000 5.297000 1
48487 38.591000 -23.521000 3.976000 1
48505 38.374000 -23.468000 2.834000 1
48506 37.880000 -23.355000 2.476000 1
48507 37.332000 -23.034000 3.078000 1
48513 38.042000 -23.469000 2.455000 1
49450 41.509000 -22.810000 7.766000 1
49452 40.372000 -22.336000 7.637000 1
49453 39.724000 -22.292000 7.265000 1
49474 39.262000 -22.267000 6.523000 1
49475 38.849000 -22.919000 5.984000 1
49486 39.042000 -22.236000 5.519000 1
49487 38.731000 -22.875000 4.834000 1
49502 38.938000 -22.161000 4.189000 1
49503 38.582000 -22.844000 3.517000 1
49504 36.533000 -22.683000 4.040000 1
49523 38.181000 -22.816000 2.628000 1
49524 37.759000 -22.705000 2.620000 1
49525 37.066000 -22.229000 3.312000 1
49534 37.978000 -22.455000 2.538000 1
50312 40.248000 -21.551000 7.640000 1
50313 39.595000 -21.572000 7.007000 1
50329 39.388000 -21.540000 6.076000 1
50346 39.376000 -21.569000 4.976000 1
50355 38.855000 -21.675000 3.356000 1
50356 36.077000 -21.897000 3.947000 1
50373 38.186000 -22.008000 2.752000 1
50374 37.613000 -21.907000 2.798000 1
50375 36.685000 -21.407000 3.311000 1
50376 35.557000 -21.136000 3.561000 1
50377 34.325000 -20.943000 3.507000 1
50378 33.257000 -21.066000 3.509000 1
50388 37.962000 -21.553000 2.642000 1
51197 39.970000 -21.003000 7.293000 1
51206 40.160000 -20.350000 7.100000 1
51207 39.739000 -20.877000 6.559000 1
51222 40.132000 -20.130000 6.069000 1
51223 39.708000 -20.882000 5.538000 1
51234 40.191000 -20.366000 4.897000 1
51235 39.775000 -21.016000 4.438000 1
51243 39.533000 -21.001000 3.462000 1
51244 37.286000 -20.990000 2.848000 1
51245 36.217000 -20.548000 2.996000 1
51246 35.104000 -20.465000 3.060000 1
51247 33.542000 -20.533000 2.958000 1
51259 40.152000 -20.420000 3.090000 1
51260 39.331000 -20.496000 2.829000 1
51261 38.468000 -20.252000 2.561000 1
51264 34.713000 -19.944000 2.627000 1
52128 39.040000 -19.865000 2.416000 1
52129 38.204000 -19.591000 2.279000 1
52130 36.744000 -19.229000 2.126000 1
53038 41.207000 -18.911000 2.020000 1
53039 40.469000 -19.186000 2.192000 1
53930 40.847000 -18.119000 1.736000 1
53931 39.890000 -17.738000 1.814000 1
109478 37.611000 -19.787000 2.374000 1
110196 38.495000 -23.996000 3.199000 1
114879 38.520000 -19.024000 2.041000 1
116751 39.463000 -18.555000 1.897000 1
116762 38.590000 -21.076000 2.840000 1
117420 38.329000 -24.921000 2.688000 1
117574 37.962000 -24.735000 2.449000 1
119179 37.838000 -20.623000 2.599000 1
120066 39.690000 -19.489000 2.293000 1
120812 40.364000 -18.552000 1.889000 1
121750 37.948000 -23.978000 2.404000 1
121799 40.393000 -25.388000 6.366000 1
121997 39.356000 -25.036000 6.037000 1
124214 38.165000 -25.488000 2.505000 1
124259 38.007000 -23.013000 2.433000 1
125774 39.382000 -21.537000 4.025000 1
126067 34.288000 -20.381000 2.893000 1
126682 37.689000 -26.530000 2.741000 1
127054 39.829000 -20.094000 2.668000 1
127427 38.555000 -22.283000 3.168000 1
