# sub-10 hemi-L CSvsAllNotext_scaled Cluster_16
11
17673 -32.864000 -60.021000 -11.506000 1
18490 -32.338000 -58.555000 -10.844000 1
19301 -32.167000 -57.795000 -10.446000 1
19302 -33.685000 -57.603000 -10.617000 1
19303 -34.504000 -57.570000 -10.724000 1
20086 -35.722000 -56.323000 -10.311000 1
20090 -34.079000 -57.039000 -10.279000 1
20914 -35.575000 -55.520000 -9.712000 1
110248 -35.036000 -56.930000 -10.459000 1
112303 -32.988000 -57.995000 -10.795000 1
118932 -32.562000 -59.291000 -11.214000 1
