# sub-03 hemi-R LimbsvsAllnoLimbsnoCS_scaled Cluster_8
41
4818 28.807000 -82.221000 12.144000 1
4819 27.699000 -81.772000 11.414000 1
4829 26.594000 -81.451000 10.827000 1
5414 30.962000 -81.636000 13.256000 1
5415 30.162000 -81.433000 12.859000 1
5424 28.997000 -80.998000 12.032000 1
5425 28.085000 -81.103000 11.552000 1
6003 32.576000 -79.661000 13.290000 1
6013 32.086000 -80.072000 13.384000 1
6023 29.559000 -80.237000 12.359000 1
6024 28.556000 -79.742000 11.754000 1
6037 27.877000 -80.184000 11.439000 1
6639 32.941000 -79.096000 13.403000 1
6640 32.473000 -78.877000 13.491000 1
6650 31.752000 -79.099000 13.316000 1
6651 30.823000 -78.750000 12.778000 1
6652 29.699000 -78.529000 12.368000 1
7293 31.380000 -77.420000 13.243000 1
7303 31.272000 -78.154000 12.963000 1
7304 30.340000 -77.572000 12.690000 1
7305 29.087000 -77.342000 12.383000 1
7306 28.042000 -77.087000 12.122000 1
7923 31.097000 -76.257000 15.003000 1
7924 29.942000 -75.920000 15.071000 1
7935 31.116000 -76.524000 13.755000 1
7936 29.977000 -76.201000 13.475000 1
7937 28.958000 -76.000000 13.222000 1
7948 29.587000 -76.649000 12.796000 1
7949 28.551000 -76.483000 12.610000 1
8571 29.251000 -75.725000 14.175000 1
8584 28.265000 -75.626000 13.706000 1
8595 28.026000 -75.853000 12.962000 1
101189 27.583000 -76.312000 12.448000 1
102177 30.301000 -76.023000 14.256000 1
103402 31.308000 -79.934000 13.252000 1
103571 31.460000 -80.864000 13.282000 1
103953 28.291000 -82.866000 11.999000 1
114033 29.521000 -82.906000 12.675000 1
114461 30.505000 -76.788000 13.078000 1
118159 27.535000 -75.572000 13.400000 1
120802 31.915000 -78.279000 13.345000 1
