# sub-03 hemi-L CSvsAllnoletterstring_scaled Cluster_37
15
31518 -43.086000 -46.277000 9.031000 1
31530 -43.815000 -46.217000 8.477000 1
31531 -44.283000 -46.181000 7.868000 1
31547 -44.526000 -46.089000 7.389000 1
31548 -44.983000 -46.216000 6.930000 1
31549 -45.597000 -46.404000 6.461000 1
31559 -45.400000 -46.179000 6.327000 1
31569 -45.987000 -46.536000 5.396000 1
32197 -44.054000 -45.873000 7.933000 1
32198 -44.493000 -45.689000 7.514000 1
32210 -44.893000 -45.847000 6.926000 1
32211 -45.486000 -45.617000 6.450000 1
32219 -45.677000 -46.085000 5.788000 1
32885 -44.908000 -44.957000 7.546000 1
114782 -45.790000 -46.369000 5.816000 1
