# sub-03 hemi-L FacesvsAllnoFacenoCS_scaled Cluster_16
55
22763 -39.864000 -57.205000 -1.663000 1
23574 -40.105000 -56.767000 -2.288000 1
23577 -39.884000 -56.021000 -2.320000 1
23578 -40.473000 -56.067000 -2.556000 1
24399 -39.618000 -55.297000 -2.069000 1
25145 -39.446000 -54.402000 -1.859000 1
25147 -39.860000 -54.417000 -2.387000 1
25148 -40.434000 -54.562000 -2.605000 1
25885 -39.107000 -53.883000 -1.205000 1
25887 -39.447000 -53.708000 -1.977000 1
25889 -40.074000 -53.536000 -2.502000 1
25890 -40.844000 -53.378000 -2.674000 1
25891 -41.274000 -53.321000 -2.519000 1
26668 -38.438000 -52.600000 -0.942000 1
26669 -38.912000 -53.132000 -1.396000 1
26672 -38.957000 -52.320000 -1.629000 1
26673 -39.591000 -52.892000 -2.130000 1
26675 -40.536000 -52.734000 -2.536000 1
27437 -36.736000 -50.914000 0.716000 1
27439 -38.154000 -51.828000 -1.102000 1
27444 -37.544000 -51.172000 -0.757000 1
27448 -39.153000 -51.387000 -1.716000 1
27449 -40.110000 -51.916000 -2.225000 1
27450 -41.275000 -51.315000 -2.318000 1
27452 -41.119000 -52.078000 -2.493000 1
28231 -35.953000 -50.047000 1.813000 1
28240 -36.287000 -49.864000 -0.165000 1
28241 -36.798000 -50.577000 -0.277000 1
28247 -36.820000 -49.613000 -0.724000 1
28248 -37.501000 -50.317000 -0.978000 1
28254 -38.276000 -49.968000 -1.317000 1
28255 -39.464000 -50.539000 -1.686000 1
28256 -40.453000 -49.859000 -1.686000 1
28257 -41.610000 -50.347000 -1.997000 1
29128 -35.798000 -49.812000 1.061000 1
29136 -35.832000 -49.404000 0.257000 1
29144 -36.196000 -49.328000 -0.302000 1
29150 -37.814000 -49.435000 -1.224000 1
29151 -38.857000 -49.211000 -1.489000 1
29152 -39.913000 -49.063000 -1.545000 1
30016 -35.610000 -48.531000 0.313000 1
30022 -36.454000 -48.799000 -0.589000 1
30023 -37.443000 -48.617000 -1.153000 1
30027 -39.504000 -48.206000 -1.617000 1
30028 -40.240000 -48.520000 -1.386000 1
30867 -39.489000 -47.235000 -1.785000 1
30868 -39.797000 -47.650000 -1.480000 1
31616 -39.602000 -46.788000 -1.718000 1
107747 -40.644000 -49.154000 -1.422000 1
108000 -39.203000 -49.909000 -1.528000 1
110278 -40.345000 -50.838000 -2.008000 1
111824 -38.435000 -48.681000 -1.472000 1
116125 -40.432000 -53.987000 -2.634000 1
117745 -35.919000 -48.860000 -0.183000 1
118929 -37.724000 -51.709000 -0.503000 1
