# sub-03 hemi-R FacesvsAllnoFacenoCS_scaled Cluster_41
16
43494 36.338000 -32.615000 4.445000 1
44481 37.819000 -31.913000 6.314000 1
44490 37.467000 -31.251000 5.976000 1
44491 36.865000 -31.259000 5.170000 1
44501 36.049000 -31.707000 3.767000 1
45443 37.788000 -30.455000 6.187000 1
45456 37.130000 -30.532000 5.352000 1
45467 36.600000 -30.533000 4.466000 1
46328 37.791000 -29.480000 5.972000 1
46345 36.872000 -29.732000 4.635000 1
46356 37.278000 -29.049000 5.006000 1
46357 36.783000 -28.697000 3.902000 1
102409 36.607000 -31.933000 4.857000 1
107127 37.207000 -31.982000 5.719000 1
114018 36.448000 -31.251000 4.398000 1
118422 37.368000 -29.874000 5.491000 1
