# sub-03 hemi-R LimbsvsAllnoLimbs_scaled Cluster_25
66
14179 41.539000 -68.043000 14.919000 1
14180 35.196000 -67.705000 15.117000 1
14187 41.781000 -68.043000 14.319000 1
14188 40.783000 -67.812000 13.923000 1
14189 39.363000 -67.624000 14.014000 1
14190 37.197000 -67.804000 14.132000 1
14192 35.626000 -67.795000 14.841000 1
14202 42.084000 -67.957000 13.935000 1
14203 41.589000 -67.948000 13.608000 1
14204 39.628000 -67.739000 13.143000 1
14205 38.213000 -67.701000 13.491000 1
14206 36.974000 -67.757000 13.736000 1
14219 41.190000 -67.801000 12.020000 1
14220 40.007000 -67.728000 12.228000 1
14221 38.919000 -67.458000 12.115000 1
14222 37.977000 -67.621000 12.987000 1
14228 41.524000 -67.572000 11.178000 1
14229 40.767000 -67.682000 11.248000 1
14230 39.917000 -67.562000 11.480000 1
14244 41.325000 -67.400000 10.354000 1
14894 41.206000 -67.931000 16.421000 1
14895 39.724000 -66.836000 15.933000 1
14913 41.971000 -68.164000 15.997000 1
14914 40.751000 -67.719000 15.463000 1
14915 38.476000 -66.592000 15.286000 1
14916 37.149000 -66.877000 15.110000 1
14917 36.082000 -67.254000 15.195000 1
14918 35.373000 -67.541000 15.187000 1
14932 40.339000 -67.650000 14.634000 1
14933 39.265000 -67.198000 14.852000 1
14935 36.515000 -67.604000 14.656000 1
14952 42.129000 -67.365000 12.220000 1
14961 40.373000 -67.363000 10.412000 1
14962 39.348000 -67.208000 11.225000 1
14980 41.587000 -66.943000 9.806000 1
14981 41.154000 -67.009000 9.338000 1
15002 41.294000 -66.463000 8.842000 1
15641 40.203000 -67.134000 17.924000 1
15650 40.386000 -67.195000 17.045000 1
15651 39.116000 -66.083000 16.640000 1
15652 38.236000 -65.444000 16.338000 1
15670 37.824000 -65.933000 15.669000 1
15671 36.642000 -66.020000 15.502000 1
15672 35.564000 -66.796000 15.431000 1
15695 42.404000 -66.898000 12.600000 1
15709 42.204000 -66.936000 11.488000 1
16433 38.553000 -65.303000 17.105000 1
16434 37.805000 -64.692000 16.689000 1
16435 36.995000 -64.228000 16.366000 1
16453 37.392000 -65.068000 15.962000 1
16454 36.479000 -64.765000 15.762000 1
16455 35.090000 -64.954000 15.612000 1
17285 37.397000 -63.999000 17.120000 1
17286 36.694000 -63.456000 16.817000 1
17308 36.139000 -63.744000 16.116000 1
17309 35.266000 -63.880000 15.804000 1
17310 34.478000 -64.349000 15.755000 1
103617 39.369000 -66.186000 17.462000 1
104008 41.830000 -67.823000 12.839000 1
107033 38.689000 -66.071000 15.995000 1
110448 40.869000 -67.869000 12.929000 1
110513 38.900000 -67.668000 12.750000 1
111167 35.755000 -64.516000 15.688000 1
112354 35.745000 -65.531000 15.575000 1
112648 38.253000 -67.547000 14.155000 1
117470 41.726000 -67.252000 10.561000 1
