# sub-03 hemi-L CSvsAllnoletterstring_scaled Cluster_21
47
21108 -48.553000 -59.059000 1.386000 1
21115 -48.741000 -59.090000 0.497000 1
21898 -48.545000 -58.287000 1.686000 1
22717 -45.169000 -58.023000 3.884000 1
22722 -45.575000 -57.118000 3.582000 1
22723 -46.649000 -56.899000 3.310000 1
22743 -48.719000 -57.580000 1.307000 1
23534 -46.070000 -56.252000 3.576000 1
23535 -47.346000 -55.768000 3.473000 1
23536 -48.082000 -55.596000 3.068000 1
23537 -48.320000 -56.352000 2.526000 1
23547 -48.551000 -56.261000 2.075000 1
23559 -48.589000 -56.699000 1.307000 1
24342 -46.154000 -55.068000 4.383000 1
24343 -47.222000 -54.536000 4.389000 1
24344 -47.579000 -54.297000 4.131000 1
24354 -46.631000 -55.458000 3.883000 1
24355 -47.796000 -54.861000 3.600000 1
24370 -48.094000 -55.245000 2.377000 1
24371 -48.279000 -55.661000 2.508000 1
24384 -47.941000 -55.548000 1.359000 1
24385 -48.419000 -55.883000 1.789000 1
25089 -45.804000 -54.581000 4.879000 1
25090 -46.966000 -54.192000 4.947000 1
25104 -45.094000 -53.814000 3.230000 1
25105 -46.456000 -53.301000 4.031000 1
25107 -47.816000 -54.637000 2.995000 1
25121 -47.257000 -54.418000 2.711000 1
25835 -46.340000 -52.643000 4.815000 1
25836 -47.075000 -52.925000 4.962000 1
25837 -47.257000 -53.398000 4.888000 1
25850 -45.185000 -53.140000 3.918000 1
25851 -47.247000 -53.565000 4.364000 1
25866 -46.934000 -53.861000 3.469000 1
26603 -45.377000 -51.348000 6.701000 1
26632 -44.824000 -51.941000 5.457000 1
26633 -46.246000 -52.155000 5.586000 1
105839 -47.494000 -55.189000 4.093000 1
106279 -48.029000 -54.980000 3.117000 1
107856 -46.088000 -57.892000 3.471000 1
109609 -47.710000 -56.603000 2.984000 1
110397 -45.449000 -55.810000 3.818000 1
111619 -48.661000 -56.952000 2.027000 1
111748 -47.503000 -53.807000 3.605000 1
114482 -47.636000 -54.444000 3.706000 1
115336 -45.956000 -53.910000 3.132000 1
119464 -48.544000 -57.672000 2.029000 1
