# sub-03 hemi-L RWvsSC_scaled Cluster_2
32
3924 -40.502000 -83.572000 6.554000 1
4493 -40.174000 -82.441000 6.852000 1
4494 -41.107000 -83.046000 6.887000 1
5101 -40.667000 -81.958000 7.055000 1
5102 -41.582000 -82.430000 6.764000 1
5103 -42.498000 -82.061000 6.250000 1
5104 -43.485000 -81.766000 5.790000 1
5770 -40.174000 -80.157000 7.328000 1
5771 -41.133000 -81.313000 6.937000 1
5772 -41.777000 -80.620000 6.562000 1
5773 -43.264000 -80.268000 5.999000 1
6447 -40.999000 -78.993000 7.276000 1
6455 -40.984000 -80.244000 7.018000 1
6456 -41.851000 -79.660000 6.704000 1
6457 -42.800000 -79.531000 6.471000 1
6458 -43.697000 -79.500000 6.329000 1
7115 -40.454000 -78.814000 7.494000 1
7116 -42.127000 -78.258000 7.417000 1
7129 -42.426000 -78.874000 6.916000 1
7130 -43.305000 -78.844000 6.784000 1
7830 -41.835000 -77.629000 7.824000 1
98855 -42.620000 -81.017000 6.108000 1
99568 -39.527000 -83.538000 6.070000 1
103374 -42.432000 -80.193000 6.314000 1
104396 -41.873000 -81.464000 6.522000 1
104769 -40.602000 -79.525000 7.283000 1
110292 -41.224000 -78.292000 7.543000 1
113250 -41.633000 -78.902000 7.125000 1
115635 -41.120000 -77.586000 7.906000 1
116083 -40.396000 -80.994000 7.228000 1
116548 -41.192000 -79.461000 7.071000 1
119119 -43.335000 -80.962000 5.818000 1
