# sub-03 hemi-L CSvsAllnoletterstring_scaled Cluster_22
23
22716 -44.602000 -57.190000 4.004000 1
23518 -41.829000 -56.089000 5.546000 1
23519 -42.499000 -56.084000 4.978000 1
23527 -43.223000 -56.019000 4.498000 1
23528 -43.939000 -55.874000 4.217000 1
23529 -44.552000 -56.167000 3.904000 1
23533 -45.194000 -56.474000 3.699000 1
24331 -42.195000 -55.229000 5.254000 1
24339 -42.952000 -55.250000 4.776000 1
24340 -43.752000 -55.325000 4.535000 1
24341 -44.777000 -55.399000 4.297000 1
25061 -43.034000 -53.689000 6.272000 1
25062 -44.383000 -53.617000 6.288000 1
25073 -44.416000 -54.235000 5.504000 1
25074 -45.722000 -54.092000 5.585000 1
25088 -44.547000 -54.722000 4.824000 1
25796 -42.269000 -53.097000 7.401000 1
25808 -43.340000 -53.079000 7.224000 1
106267 -43.809000 -56.647000 4.336000 1
108847 -44.466000 -58.080000 4.341000 1
114801 -43.711000 -52.533000 7.975000 1
115280 -43.624000 -54.771000 4.895000 1
115530 -43.101000 -54.430000 5.426000 1
