# sub-03 hemi-R LimbsvsAllnoLimbsnoCS_scaled Cluster_15
15
8001 25.569000 -76.853000 8.418000 1
8002 24.889000 -76.672000 7.983000 1
8635 28.060000 -75.530000 8.780000 1
8636 27.047000 -75.440000 8.930000 1
8637 26.077000 -75.657000 8.798000 1
8638 25.518000 -75.012000 8.616000 1
9303 27.861000 -74.123000 9.158000 1
9304 27.019000 -74.535000 9.178000 1
9305 26.242000 -74.800000 9.010000 1
9314 28.467000 -74.814000 8.707000 1
9315 27.682000 -74.899000 8.908000 1
10052 28.864000 -74.056000 8.759000 1
107366 26.707000 -76.293000 8.806000 1
110919 25.344000 -75.952000 8.401000 1
115359 25.965000 -76.357000 8.662000 1
