# sub-03 hemi-L CSvsAllnoletterstring_scaled Cluster_9
17
7871 -30.223000 -77.762000 4.977000 1
7872 -31.259000 -77.687000 4.602000 1
7873 -32.058000 -77.496000 4.168000 1
7888 -31.402000 -77.937000 3.777000 1
7889 -32.112000 -77.770000 3.357000 1
7890 -33.269000 -77.096000 3.138000 1
7907 -31.774000 -77.880000 2.473000 1
7925 -31.127000 -77.661000 1.595000 1
7926 -32.179000 -77.672000 1.713000 1
7927 -33.027000 -77.408000 1.694000 1
8622 -33.112000 -76.588000 3.699000 1
9314 -32.662000 -75.989000 4.251000 1
105094 -30.583000 -77.942000 3.186000 1
108415 -32.755000 -77.575000 2.679000 1
109820 -30.515000 -77.988000 4.057000 1
111567 -32.708000 -77.292000 3.612000 1
117544 -31.382000 -77.989000 3.045000 1
