# sub-03 hemi-L RWvsAllnoletterstring_scaled Cluster_22
88
21108 -48.553000 -59.059000 1.386000 1
21879 -44.812000 -58.795000 4.298000 1
21886 -45.688000 -58.849000 3.772000 1
21887 -46.512000 -58.596000 3.332000 1
21898 -48.545000 -58.287000 1.686000 1
22714 -42.987000 -57.031000 4.881000 1
22715 -43.801000 -57.625000 4.580000 1
22716 -44.602000 -57.190000 4.004000 1
22717 -45.169000 -58.023000 3.884000 1
22722 -45.575000 -57.118000 3.582000 1
22723 -46.649000 -56.899000 3.310000 1
22724 -48.047000 -57.421000 2.523000 1
22743 -48.719000 -57.580000 1.307000 1
23518 -41.829000 -56.089000 5.546000 1
23519 -42.499000 -56.084000 4.978000 1
23527 -43.223000 -56.019000 4.498000 1
23528 -43.939000 -55.874000 4.217000 1
23529 -44.552000 -56.167000 3.904000 1
23533 -45.194000 -56.474000 3.699000 1
23534 -46.070000 -56.252000 3.576000 1
23535 -47.346000 -55.768000 3.473000 1
23536 -48.082000 -55.596000 3.068000 1
23537 -48.320000 -56.352000 2.526000 1
23547 -48.551000 -56.261000 2.075000 1
23559 -48.589000 -56.699000 1.307000 1
23566 -48.252000 -56.183000 0.813000 1
24331 -42.195000 -55.229000 5.254000 1
24339 -42.952000 -55.250000 4.776000 1
24340 -43.752000 -55.325000 4.535000 1
24341 -44.777000 -55.399000 4.297000 1
24342 -46.154000 -55.068000 4.383000 1
24343 -47.222000 -54.536000 4.389000 1
24344 -47.579000 -54.297000 4.131000 1
24354 -46.631000 -55.458000 3.883000 1
24355 -47.796000 -54.861000 3.600000 1
24370 -48.094000 -55.245000 2.377000 1
24371 -48.279000 -55.661000 2.508000 1
24384 -47.941000 -55.548000 1.359000 1
24385 -48.419000 -55.883000 1.789000 1
24392 -46.690000 -55.793000 -0.163000 1
25061 -43.034000 -53.689000 6.272000 1
25062 -44.383000 -53.617000 6.288000 1
25073 -44.416000 -54.235000 5.504000 1
25074 -45.722000 -54.092000 5.585000 1
25076 -47.162000 -53.416000 5.249000 1
25088 -44.547000 -54.722000 4.824000 1
25089 -45.804000 -54.581000 4.879000 1
25090 -46.966000 -54.192000 4.947000 1
25091 -47.402000 -53.804000 4.659000 1
25104 -45.094000 -53.814000 3.230000 1
25105 -46.456000 -53.301000 4.031000 1
25106 -47.465000 -53.900000 4.338000 1
25107 -47.816000 -54.637000 2.995000 1
25120 -46.166000 -54.358000 2.467000 1
25121 -47.257000 -54.418000 2.711000 1
25122 -47.583000 -54.944000 1.965000 1
25136 -46.523000 -54.858000 1.464000 1
25796 -42.269000 -53.097000 7.401000 1
25808 -43.340000 -53.079000 7.224000 1
25834 -45.042000 -52.582000 4.623000 1
25835 -46.340000 -52.643000 4.815000 1
25836 -47.075000 -52.925000 4.962000 1
25837 -47.257000 -53.398000 4.888000 1
25850 -45.185000 -53.140000 3.918000 1
25851 -47.247000 -53.565000 4.364000 1
25866 -46.934000 -53.861000 3.469000 1
26633 -46.246000 -52.155000 5.586000 1
100889 -47.066000 -57.679000 3.057000 1
102458 -46.688000 -53.874000 5.456000 1
105759 -46.212000 -59.143000 3.542000 1
105839 -47.494000 -55.189000 4.093000 1
106267 -43.809000 -56.647000 4.336000 1
106279 -48.029000 -54.980000 3.117000 1
107391 -42.225000 -56.919000 5.502000 1
107856 -46.088000 -57.892000 3.471000 1
108847 -44.466000 -58.080000 4.341000 1
109609 -47.710000 -56.603000 2.984000 1
109813 -41.605000 -56.847000 6.027000 1
110397 -45.449000 -55.810000 3.818000 1
111619 -48.661000 -56.952000 2.027000 1
111748 -47.503000 -53.807000 3.605000 1
114187 -46.758000 -52.509000 5.570000 1
114482 -47.636000 -54.444000 3.706000 1
115280 -43.624000 -54.771000 4.895000 1
115336 -45.956000 -53.910000 3.132000 1
115530 -43.101000 -54.430000 5.426000 1
118472 -46.335000 -55.330000 0.442000 1
119464 -48.544000 -57.672000 2.029000 1
