# sub-03 hemi-R CSvsAllNotext_scaled Cluster_44
12
45483 33.296000 -30.006000 1.216000 1
46359 34.306000 -28.755000 3.409000 1
46368 33.910000 -28.869000 2.418000 1
46377 34.212000 -28.444000 1.459000 1
46386 34.805000 -28.442000 0.932000 1
46387 34.306000 -28.919000 0.813000 1
46388 33.764000 -29.535000 0.754000 1
47155 34.598000 -27.899000 3.478000 1
47161 34.331000 -28.065000 2.434000 1
47167 34.752000 -27.774000 1.583000 1
47175 34.682000 -28.273000 1.053000 1
48006 34.942000 -27.256000 2.570000 1
