#!ascii label  , from subject sub-06 vox2ras=TkReg aparc.a2009s=G_occipital_middle
1944
42  -7.855  -86.030  28.263 0.0000000000
207  -6.812  -85.600  29.521 0.0000000000
208  -7.447  -85.353  29.704 0.0000000000
209  -8.150  -85.419  29.719 0.0000000000
210  -8.959  -85.420  29.617 0.0000000000
211  -9.823  -85.371  29.331 0.0000000000
212  -10.781  -85.126  29.259 0.0000000000
217  -7.553  -85.830  29.219 0.0000000000
218  -8.423  -85.799  29.057 0.0000000000
219  -9.616  -85.593  28.250 0.0000000000
220  -10.460  -85.387  28.344 0.0000000000
221  -11.346  -85.214  28.281 0.0000000000
222  -12.248  -85.064  28.217 0.0000000000
225  -7.964  -86.071  27.185 0.0000000000
226  -8.762  -85.835  27.115 0.0000000000
227  -9.407  -85.667  27.350 0.0000000000
228  -10.185  -85.491  27.423 0.0000000000
229  -11.044  -85.431  27.348 0.0000000000
230  -11.974  -85.341  27.232 0.0000000000
232  -8.387  -85.739  26.436 0.0000000000
233  -9.275  -85.580  26.648 0.0000000000
234  -10.686  -85.483  26.526 0.0000000000
235  -11.588  -85.461  26.332 0.0000000000
236  -12.560  -85.251  26.143 0.0000000000
241  -7.626  -85.848  25.672 0.0000000000
242  -9.365  -85.089  25.670 0.0000000000
243  -10.071  -85.348  26.009 0.0000000000
244  -11.141  -85.421  25.667 0.0000000000
245  -12.535  -85.151  25.342 0.0000000000
253  -7.277  -85.804  24.066 0.0000000000
254  -7.783  -85.401  24.977 0.0000000000
255  -11.544  -85.339  24.915 0.0000000000
414  -7.833  -84.206  30.038 0.0000000000
415  -8.616  -84.831  30.112 0.0000000000
416  -10.029  -84.433  30.064 0.0000000000
417  -10.810  -84.268  29.993 0.0000000000
418  -11.609  -84.140  30.129 0.0000000000
419  -12.411  -84.090  30.220 0.0000000000
420  -13.290  -84.056  30.243 0.0000000000
421  -15.036  -84.225  29.931 0.0000000000
427  -6.766  -85.123  29.891 0.0000000000
428  -7.714  -84.965  30.017 0.0000000000
429  -9.527  -84.981  29.988 0.0000000000
430  -10.338  -84.836  29.829 0.0000000000
431  -11.170  -84.627  29.775 0.0000000000
432  -12.009  -84.512  29.818 0.0000000000
433  -12.887  -84.386  29.790 0.0000000000
434  -15.651  -84.154  29.117 0.0000000000
437  -11.659  -84.936  29.158 0.0000000000
438  -12.518  -84.745  29.093 0.0000000000
439  -14.098  -84.502  28.390 0.0000000000
440  -15.116  -84.231  27.992 0.0000000000
442  -12.912  -85.072  27.200 0.0000000000
443  -13.734  -84.707  27.336 0.0000000000
444  -14.397  -84.450  27.430 0.0000000000
449  -13.484  -84.762  26.358 0.0000000000
450  -14.203  -84.244  26.332 0.0000000000
457  -9.822  -84.751  25.228 0.0000000000
458  -10.695  -85.197  25.159 0.0000000000
459  -12.209  -85.232  24.822 0.0000000000
460  -13.011  -84.882  25.606 0.0000000000
461  -13.565  -84.426  25.800 0.0000000000
468  -7.903  -84.771  24.336 0.0000000000
469  -8.652  -84.684  25.078 0.0000000000
470  -9.351  -84.201  24.771 0.0000000000
471  -10.568  -84.646  24.452 0.0000000000
472  -11.701  -85.129  24.272 0.0000000000
473  -12.411  -84.941  24.415 0.0000000000
478  -7.529  -85.444  23.425 0.0000000000
479  -8.077  -84.207  23.639 0.0000000000
480  -11.379  -84.668  23.640 0.0000000000
481  -12.154  -84.920  23.692 0.0000000000
668  -8.676  -83.904  30.085 0.0000000000
669  -9.626  -83.645  30.067 0.0000000000
670  -11.269  -83.700  30.212 0.0000000000
671  -12.115  -83.751  30.358 0.0000000000
672  -12.791  -83.777  30.400 0.0000000000
673  -13.553  -83.628  30.480 0.0000000000
674  -15.256  -83.879  30.336 0.0000000000
675  -16.116  -83.656  30.346 0.0000000000
676  -16.783  -83.379  30.295 0.0000000000
680  -6.307  -84.286  29.911 0.0000000000
681  -7.125  -84.486  29.953 0.0000000000
682  -7.808  -83.166  29.683 0.0000000000
683  -8.741  -82.940  29.751 0.0000000000
684  -15.994  -84.112  30.039 0.0000000000
685  -16.827  -83.728  30.028 0.0000000000
686  -17.577  -83.340  29.384 0.0000000000
689  -17.071  -83.480  28.269 0.0000000000
693  -14.791  -84.205  26.939 0.0000000000
694  -15.579  -83.795  27.186 0.0000000000
695  -16.423  -83.367  27.350 0.0000000000
702  -14.961  -83.771  26.523 0.0000000000
703  -15.742  -83.291  26.730 0.0000000000
710  -12.874  -84.494  24.876 0.0000000000
711  -13.472  -84.102  25.468 0.0000000000
712  -14.254  -83.935  26.043 0.0000000000
713  -15.015  -83.307  26.265 0.0000000000
720  -8.610  -83.924  24.334 0.0000000000
721  -9.465  -83.597  24.193 0.0000000000
722  -10.353  -83.816  23.886 0.0000000000
723  -12.667  -84.348  24.219 0.0000000000
730  -8.747  -83.170  23.573 0.0000000000
731  -9.731  -82.983  23.584 0.0000000000
732  -10.985  -83.812  23.156 0.0000000000
733  -11.958  -84.584  22.996 0.0000000000
734  -12.544  -84.497  23.348 0.0000000000
740  -11.784  -83.741  22.393 0.0000000000
741  -12.556  -84.376  22.684 0.0000000000
976  -10.469  -83.187  30.058 0.0000000000
977  -11.260  -82.776  30.187 0.0000000000
978  -12.772  -83.181  30.550 0.0000000000
979  -13.780  -82.866  30.645 0.0000000000
980  -15.382  -83.327  30.533 0.0000000000
981  -16.313  -83.030  30.475 0.0000000000
982  -17.182  -83.016  30.341 0.0000000000
983  -17.923  -82.750  30.371 0.0000000000
984  -18.500  -82.367  30.398 0.0000000000
991  -6.960  -82.284  29.323 0.0000000000
992  -7.933  -82.186  29.281 0.0000000000
993  -9.585  -82.605  29.731 0.0000000000
994  -10.401  -82.179  29.769 0.0000000000
995  -11.232  -81.748  29.907 0.0000000000
996  -17.456  -83.224  30.127 0.0000000000
997  -18.204  -82.836  30.010 0.0000000000
998  -18.754  -82.288  30.040 0.0000000000
1005  -17.799  -82.892  28.325 0.0000000000
1012  -17.166  -82.893  27.435 0.0000000000
1013  -17.692  -82.306  27.538 0.0000000000
1021  -15.843  -82.831  26.459 0.0000000000
1022  -16.485  -82.809  26.799 0.0000000000
1023  -17.100  -82.253  26.838 0.0000000000
1031  -12.942  -83.626  24.969 0.0000000000
1032  -13.449  -83.168  25.541 0.0000000000
1033  -14.364  -82.763  25.905 0.0000000000
1034  -15.354  -82.427  26.107 0.0000000000
1040  -12.657  -83.256  24.427 0.0000000000
1048  -9.288  -82.553  23.095 0.0000000000
1055  -10.195  -82.465  22.815 0.0000000000
1056  -12.774  -83.961  22.212 0.0000000000
1057  -13.816  -82.751  21.694 0.0000000000
1058  -14.421  -82.354  21.539 0.0000000000
1068  -10.767  -82.131  22.054 0.0000000000
1069  -12.138  -83.167  21.725 0.0000000000
1070  -13.445  -83.064  21.294 0.0000000000
1071  -14.163  -82.754  21.255 0.0000000000
1072  -14.917  -82.342  21.318 0.0000000000
1073  -15.745  -82.119  21.370 0.0000000000
1074  -16.482  -82.295  21.227 0.0000000000
1075  -17.315  -82.100  21.426 0.0000000000
1076  -18.073  -82.136  21.398 0.0000000000
1086  -12.394  -82.464  21.043 0.0000000000
1087  -13.065  -82.538  20.662 0.0000000000
1088  -13.757  -82.686  20.722 0.0000000000
1089  -14.536  -82.617  20.830 0.0000000000
1090  -15.424  -82.493  21.055 0.0000000000
1091  -17.526  -82.360  21.180 0.0000000000
1102  -15.070  -82.386  20.477 0.0000000000
1103  -16.719  -82.387  20.683 0.0000000000
1360  -12.142  -82.288  30.384 0.0000000000
1361  -13.151  -82.206  30.590 0.0000000000
1362  -14.052  -82.025  30.568 0.0000000000
1363  -16.017  -82.105  30.315 0.0000000000
1364  -17.231  -82.410  30.404 0.0000000000
1365  -18.337  -82.198  30.662 0.0000000000
1366  -18.877  -81.932  30.662 0.0000000000
1373  -9.418  -81.593  29.179 0.0000000000
1374  -10.399  -81.230  29.363 0.0000000000
1375  -11.993  -81.220  30.067 0.0000000000
1376  -13.461  -81.399  30.290 0.0000000000
1377  -14.410  -81.254  30.088 0.0000000000
1378  -15.481  -81.190  29.916 0.0000000000
1379  -16.532  -81.357  30.134 0.0000000000
1386  -18.291  -82.239  28.296 0.0000000000
1387  -18.753  -81.942  29.155 0.0000000000
1391  -18.394  -81.437  28.162 0.0000000000
1397  -16.358  -82.138  26.331 0.0000000000
1398  -17.035  -81.492  26.414 0.0000000000
1399  -17.541  -81.632  27.012 0.0000000000
1407  -12.798  -82.454  25.210 0.0000000000
1408  -13.480  -82.052  25.684 0.0000000000
1409  -14.578  -81.752  25.894 0.0000000000
1410  -16.466  -81.309  26.109 0.0000000000
1431  -14.197  -81.874  21.922 0.0000000000
1439  -14.936  -81.916  21.590 0.0000000000
1440  -15.644  -81.676  21.567 0.0000000000
1441  -16.622  -81.764  21.550 0.0000000000
1442  -17.559  -81.739  21.576 0.0000000000
1451  -12.233  -81.499  20.348 0.0000000000
1452  -13.023  -81.661  19.947 0.0000000000
1453  -14.171  -82.288  20.200 0.0000000000
1463  -13.793  -81.415  19.336 0.0000000000
1464  -14.810  -81.867  19.662 0.0000000000
1465  -15.873  -82.058  19.985 0.0000000000
1466  -17.519  -81.850  19.284 0.0000000000
1476  -14.553  -80.936  18.766 0.0000000000
1477  -15.628  -81.316  18.938 0.0000000000
1478  -16.612  -81.388  18.715 0.0000000000
1494  -22.544  -80.950  18.023 0.0000000000
1509  -22.100  -81.286  16.955 0.0000000000
1510  -22.990  -80.587  17.094 0.0000000000
1521  -21.803  -81.195  15.369 0.0000000000
1522  -22.557  -80.848  16.036 0.0000000000
1533  -22.119  -80.879  14.627 0.0000000000
1570  -21.265  -81.966  11.057 0.0000000000
1582  -21.118  -82.099  10.263 0.0000000000
1593  -20.983  -82.231  9.497 0.0000000000
1608  -20.846  -82.001  8.193 0.0000000000
1609  -22.085  -80.760  6.754 0.0000000000
1621  -21.695  -81.463  6.789 0.0000000000
1622  -22.625  -80.927  6.375 0.0000000000
1623  -23.156  -80.671  6.093 0.0000000000
1768  -18.674  -80.464  32.168 0.0000000000
1778  -18.797  -80.830  31.597 0.0000000000
1786  -17.878  -80.986  31.267 0.0000000000
1787  -18.672  -81.563  31.029 0.0000000000
1788  -19.062  -81.155  30.962 0.0000000000
1793  -11.218  -80.831  29.513 0.0000000000
1794  -12.016  -80.384  29.652 0.0000000000
1795  -13.774  -80.573  29.781 0.0000000000
1796  -14.867  -80.423  29.549 0.0000000000
1797  -15.910  -80.372  29.660 0.0000000000
1798  -16.867  -80.632  30.170 0.0000000000
1799  -19.055  -81.502  30.113 0.0000000000
1808  -18.748  -80.954  28.931 0.0000000000
1812  -17.898  -81.081  27.351 0.0000000000
1813  -18.232  -80.361  27.876 0.0000000000
1818  -17.143  -80.007  26.235 0.0000000000
1819  -17.418  -80.778  26.605 0.0000000000
1824  -14.982  -80.812  25.851 0.0000000000
1825  -16.049  -80.691  25.888 0.0000000000
1826  -16.868  -80.697  26.119 0.0000000000
1841  -15.002  -81.099  21.722 0.0000000000
1842  -16.057  -80.875  21.619 0.0000000000
1843  -17.029  -81.107  21.646 0.0000000000
1844  -17.687  -81.227  21.594 0.0000000000
1845  -18.246  -81.678  21.544 0.0000000000
1850  -12.679  -80.684  18.936 0.0000000000
1858  -13.553  -80.464  18.428 0.0000000000
1859  -15.171  -80.576  18.165 0.0000000000
1860  -15.976  -80.846  18.158 0.0000000000
1862  -21.480  -80.346  19.051 0.0000000000
1863  -22.141  -80.614  18.696 0.0000000000
1864  -22.745  -80.244  18.253 0.0000000000
1878  -23.088  -80.237  17.773 0.0000000000
1893  -22.572  -80.703  15.137 0.0000000000
1894  -23.171  -80.216  15.479 0.0000000000
1904  -22.794  -80.292  14.518 0.0000000000
1905  -22.895  -79.838  14.210 0.0000000000
1916  -22.081  -80.842  13.403 0.0000000000
1917  -22.538  -80.299  13.587 0.0000000000
1918  -22.615  -80.230  12.950 0.0000000000
1932  -21.735  -81.041  12.707 0.0000000000
1933  -22.003  -81.037  11.989 0.0000000000
1947  -21.263  -81.415  11.897 0.0000000000
1948  -21.707  -81.330  11.258 0.0000000000
1955  -21.532  -81.499  10.502 0.0000000000
1956  -21.740  -80.888  10.769 0.0000000000
1961  -21.051  -81.418  9.530 0.0000000000
1983  -20.759  -80.758  7.503 0.0000000000
1984  -21.771  -80.443  6.979 0.0000000000
1985  -22.777  -80.283  6.981 0.0000000000
1986  -23.661  -79.924  7.205 0.0000000000
1987  -24.317  -79.744  7.006 0.0000000000
2000  -22.948  -80.339  6.802 0.0000000000
2001  -23.551  -80.200  6.584 0.0000000000
2002  -24.231  -79.926  6.403 0.0000000000
2018  -23.762  -80.216  5.973 0.0000000000
2019  -24.478  -79.730  5.680 0.0000000000
2118  -15.948  -79.287  43.025 0.0000000000
2122  -16.018  -79.412  42.466 0.0000000000
2127  -16.026  -79.476  40.997 0.0000000000
2128  -16.299  -79.399  41.643 0.0000000000
2129  -16.629  -79.375  40.756 0.0000000000
2133  -15.981  -79.449  40.288 0.0000000000
2134  -16.322  -79.525  40.369 0.0000000000
2141  -15.741  -79.133  39.733 0.0000000000
2142  -16.324  -79.525  39.676 0.0000000000
2143  -16.980  -79.453  39.403 0.0000000000
2154  -15.942  -79.295  38.979 0.0000000000
2155  -16.604  -79.516  38.789 0.0000000000
2156  -17.276  -79.310  38.581 0.0000000000
2166  -16.167  -79.402  37.326 0.0000000000
2167  -17.531  -79.349  37.074 0.0000000000
2174  -16.152  -79.325  36.378 0.0000000000
2175  -17.173  -79.424  36.330 0.0000000000
2176  -18.076  -79.205  36.266 0.0000000000
2183  -16.736  -79.320  35.550 0.0000000000
2184  -17.743  -79.342  35.582 0.0000000000
2185  -18.393  -79.006  35.416 0.0000000000
2189  -16.500  -79.248  34.637 0.0000000000
2190  -17.554  -79.467  34.288 0.0000000000
2191  -18.246  -79.407  34.000 0.0000000000
2195  -16.945  -79.406  33.855 0.0000000000
2196  -17.805  -79.694  33.687 0.0000000000
2197  -18.388  -79.813  33.251 0.0000000000
2201  -17.465  -79.743  33.128 0.0000000000
2202  -18.246  -80.328  32.630 0.0000000000
2203  -18.790  -80.077  32.561 0.0000000000
2207  -17.466  -80.016  32.280 0.0000000000
2208  -18.160  -80.617  32.009 0.0000000000
2209  -19.038  -80.215  32.013 0.0000000000
2210  -24.828  -79.772  30.761 0.0000000000
2218  -16.889  -79.853  30.459 0.0000000000
2219  -19.103  -80.355  31.306 0.0000000000
2226  -12.952  -79.896  29.447 0.0000000000
2227  -14.198  -79.731  29.258 0.0000000000
2228  -15.255  -79.558  29.320 0.0000000000
2229  -16.168  -79.576  29.719 0.0000000000
2230  -18.864  -79.800  29.780 0.0000000000
2231  -24.702  -80.001  29.272 0.0000000000
2232  -24.857  -79.990  30.103 0.0000000000
2244  -14.597  -78.919  28.938 0.0000000000
2245  -18.598  -79.763  28.767 0.0000000000
2246  -24.560  -80.117  28.372 0.0000000000
2250  -17.715  -79.533  27.221 0.0000000000
2251  -18.176  -79.356  27.942 0.0000000000
2252  -24.086  -80.114  27.836 0.0000000000
2253  -24.449  -80.222  27.490 0.0000000000
2257  -16.808  -79.100  26.101 0.0000000000
2258  -17.325  -79.456  26.547 0.0000000000
2259  -23.998  -80.232  26.873 0.0000000000
2260  -24.353  -80.170  26.496 0.0000000000
2267  -23.647  -80.025  26.148 0.0000000000
2268  -23.895  -80.224  25.849 0.0000000000
2269  -24.393  -80.038  25.697 0.0000000000
2274  -23.480  -79.887  25.339 0.0000000000
2275  -23.830  -80.046  25.155 0.0000000000
2276  -24.178  -80.038  25.268 0.0000000000
2327  -20.712  -79.644  18.732 0.0000000000
2328  -22.379  -79.845  18.390 0.0000000000
2337  -22.675  -79.352  17.785 0.0000000000
2338  -22.964  -79.726  17.861 0.0000000000
2347  -23.358  -79.736  17.100 0.0000000000
2357  -23.160  -79.523  15.119 0.0000000000
2377  -22.408  -79.636  12.934 0.0000000000
2378  -22.695  -79.774  13.625 0.0000000000
2390  -21.796  -79.893  11.542 0.0000000000
2391  -22.333  -80.292  12.182 0.0000000000
2401  -21.235  -79.961  10.812 0.0000000000
2402  -21.966  -80.636  11.394 0.0000000000
2405  -19.993  -79.430  9.872 0.0000000000
2406  -21.139  -80.624  10.106 0.0000000000
2415  -19.673  -79.302  8.987 0.0000000000
2416  -20.296  -80.189  9.104 0.0000000000
2431  -20.048  -79.612  8.358 0.0000000000
2432  -23.588  -79.339  8.068 0.0000000000
2433  -24.495  -79.112  8.248 0.0000000000
2444  -20.472  -79.879  7.707 0.0000000000
2445  -21.001  -80.000  7.268 0.0000000000
2446  -22.579  -79.280  7.669 0.0000000000
2447  -23.991  -79.627  7.741 0.0000000000
2448  -24.461  -79.469  7.520 0.0000000000
2449  -24.913  -79.036  7.557 0.0000000000
2464  -24.791  -79.591  6.409 0.0000000000
2465  -25.337  -79.037  6.371 0.0000000000
2480  -25.113  -79.381  5.777 0.0000000000
2579  -15.927  -78.167  47.446 0.0000000000
2582  -15.870  -78.369  46.557 0.0000000000
2586  -15.948  -78.624  45.774 0.0000000000
2589  -15.905  -78.695  45.035 0.0000000000
2590  -15.992  -78.980  44.305 0.0000000000
2593  -15.931  -79.036  43.567 0.0000000000
2596  -15.711  -79.049  42.942 0.0000000000
2597  -16.345  -79.159  42.931 0.0000000000
2600  -15.655  -79.022  42.223 0.0000000000
2601  -16.573  -79.210  42.199 0.0000000000
2602  -16.871  -79.175  41.419 0.0000000000
2605  -15.635  -79.012  40.531 0.0000000000
2606  -17.108  -79.114  40.734 0.0000000000
2610  -15.577  -78.770  39.105 0.0000000000
2611  -17.182  -79.230  40.033 0.0000000000
2616  -15.622  -78.871  38.383 0.0000000000
2617  -17.790  -78.748  38.429 0.0000000000
2627  -18.234  -78.929  36.940 0.0000000000
2628  -18.484  -78.302  36.732 0.0000000000
2638  -18.545  -78.564  36.042 0.0000000000
2651  -18.661  -78.454  35.180 0.0000000000
2662  -16.059  -79.150  34.051 0.0000000000
2663  -18.516  -78.915  34.575 0.0000000000
2664  -26.249  -78.750  34.876 0.0000000000
2674  -16.322  -79.174  33.474 0.0000000000
2675  -18.620  -78.973  33.741 0.0000000000
2676  -24.965  -79.117  33.243 0.0000000000
2677  -25.207  -79.057  33.502 0.0000000000
2685  -16.603  -79.206  32.627 0.0000000000
2686  -18.775  -79.404  32.933 0.0000000000
2687  -24.870  -79.288  32.363 0.0000000000
2688  -25.066  -79.318  32.725 0.0000000000
2689  -25.707  -79.095  33.268 0.0000000000
2690  -26.178  -78.956  34.121 0.0000000000
2696  -16.181  -78.518  30.825 0.0000000000
2697  -16.728  -79.231  31.568 0.0000000000
2698  -18.984  -79.416  31.742 0.0000000000
2699  -24.799  -79.448  31.504 0.0000000000
2700  -24.962  -79.603  31.566 0.0000000000
2701  -25.412  -79.308  32.112 0.0000000000
2705  -16.265  -78.874  30.112 0.0000000000
2706  -19.105  -80.046  30.617 0.0000000000
2707  -24.968  -79.957  30.627 0.0000000000
2708  -25.198  -79.645  31.173 0.0000000000
2713  -15.492  -78.577  29.410 0.0000000000
2714  -24.556  -79.706  29.875 0.0000000000
2715  -25.003  -80.102  29.821 0.0000000000
2726  -18.584  -78.828  29.142 0.0000000000
2727  -24.303  -79.932  28.618 0.0000000000
2728  -25.041  -80.106  28.907 0.0000000000
2732  -17.868  -78.597  27.617 0.0000000000
2733  -18.307  -78.650  28.341 0.0000000000
2734  -23.842  -79.985  27.236 0.0000000000
2735  -25.077  -80.040  27.961 0.0000000000
2739  -17.354  -78.586  26.771 0.0000000000
2746  -22.475  -78.807  24.672 0.0000000000
2747  -23.121  -79.439  25.357 0.0000000000
2748  -24.825  -79.586  25.090 0.0000000000
2749  -25.542  -78.965  24.988 0.0000000000
2755  -22.384  -78.873  24.198 0.0000000000
2756  -22.858  -79.450  24.714 0.0000000000
2757  -23.493  -79.694  24.642 0.0000000000
2758  -24.323  -79.583  24.595 0.0000000000
2759  -25.334  -78.965  24.367 0.0000000000
2771  -22.956  -79.253  24.104 0.0000000000
2772  -23.848  -79.212  24.001 0.0000000000
2773  -24.928  -78.815  23.914 0.0000000000
2774  -25.968  -78.232  23.786 0.0000000000
2811  -21.031  -79.000  18.029 0.0000000000
2812  -22.096  -79.144  17.983 0.0000000000
2825  -21.634  -78.402  17.458 0.0000000000
2826  -22.511  -78.760  17.356 0.0000000000
2827  -22.977  -79.152  17.289 0.0000000000
2836  -22.762  -78.607  16.818 0.0000000000
2837  -23.187  -79.029  16.630 0.0000000000
2848  -23.204  -78.940  15.945 0.0000000000
2857  -22.509  -78.456  14.735 0.0000000000
2866  -21.601  -78.727  13.150 0.0000000000
2867  -22.424  -79.018  13.806 0.0000000000
2868  -22.843  -79.280  14.460 0.0000000000
2875  -19.644  -78.311  11.634 0.0000000000
2876  -20.864  -79.136  11.541 0.0000000000
2877  -21.696  -79.372  12.255 0.0000000000
2885  -19.972  -78.877  10.824 0.0000000000
2906  -23.542  -78.081  9.262 0.0000000000
2907  -24.144  -77.769  9.440 0.0000000000
2920  -19.742  -78.696  8.532 0.0000000000
2921  -20.297  -78.977  7.909 0.0000000000
2922  -20.957  -78.451  7.770 0.0000000000
2923  -22.798  -78.657  8.311 0.0000000000
2924  -23.875  -78.834  8.736 0.0000000000
2925  -24.369  -78.431  9.052 0.0000000000
2933  -20.905  -79.274  7.471 0.0000000000
2934  -21.735  -78.865  7.632 0.0000000000
2935  -24.790  -78.402  8.545 0.0000000000
2936  -25.070  -78.668  7.365 0.0000000000
2950  -25.272  -78.569  6.618 0.0000000000
3069  -16.458  -77.301  49.504 0.0000000000
3073  -15.945  -77.617  48.660 0.0000000000
3074  -16.162  -77.520  49.004 0.0000000000
3075  -16.597  -77.640  48.769 0.0000000000
3078  -15.819  -77.816  48.000 0.0000000000
3079  -16.680  -77.886  47.888 0.0000000000
3082  -15.666  -77.936  47.166 0.0000000000
3083  -16.161  -78.309  47.156 0.0000000000
3084  -16.623  -78.058  46.395 0.0000000000
3088  -15.648  -78.302  45.682 0.0000000000
3089  -16.085  -78.566  46.163 0.0000000000
3090  -16.421  -78.348  45.572 0.0000000000
3096  -15.439  -77.841  44.552 0.0000000000
3097  -16.255  -78.659  44.745 0.0000000000
3098  -16.801  -77.687  44.868 0.0000000000
3105  -15.320  -77.739  43.030 0.0000000000
3106  -15.561  -78.522  43.415 0.0000000000
3107  -16.417  -78.769  43.689 0.0000000000
3108  -16.854  -77.842  44.040 0.0000000000
3114  -15.272  -77.607  42.225 0.0000000000
3115  -15.459  -78.429  42.647 0.0000000000
3116  -16.858  -78.636  42.775 0.0000000000
3120  -15.420  -78.334  41.819 0.0000000000
3121  -17.374  -77.764  41.326 0.0000000000
3127  -15.387  -78.258  40.895 0.0000000000
3132  -15.376  -78.181  39.749 0.0000000000
3133  -17.678  -77.763  39.302 0.0000000000
3138  -17.903  -78.007  38.429 0.0000000000
3139  -18.091  -77.382  37.763 0.0000000000
3145  -18.190  -78.338  37.585 0.0000000000
3146  -18.454  -77.633  36.950 0.0000000000
3153  -18.662  -77.860  36.179 0.0000000000
3160  -18.729  -78.041  35.577 0.0000000000
3161  -26.465  -78.351  35.619 0.0000000000
3162  -26.878  -78.358  35.929 0.0000000000
3163  -27.371  -77.969  36.510 0.0000000000
3164  -28.140  -77.651  36.635 0.0000000000
3171  -18.771  -77.897  35.026 0.0000000000
3172  -25.879  -78.557  34.894 0.0000000000
3173  -26.935  -78.596  35.315 0.0000000000
3174  -27.703  -78.167  35.822 0.0000000000
3184  -18.723  -78.125  33.926 0.0000000000
3185  -25.290  -78.799  33.917 0.0000000000
3186  -26.897  -78.650  34.406 0.0000000000
3187  -27.752  -78.162  34.641 0.0000000000
3196  -18.655  -77.626  33.283 0.0000000000
3197  -24.716  -78.629  32.833 0.0000000000
3198  -24.948  -78.614  33.524 0.0000000000
3199  -26.395  -78.558  32.331 0.0000000000
3200  -26.859  -78.495  33.322 0.0000000000
3201  -27.947  -77.497  32.796 0.0000000000
3212  -18.681  -78.199  31.696 0.0000000000
3213  -24.539  -78.626  31.845 0.0000000000
3214  -27.147  -77.534  31.549 0.0000000000
3215  -28.292  -76.973  31.746 0.0000000000
3224  -15.681  -78.023  30.126 0.0000000000
3225  -18.725  -78.568  30.870 0.0000000000
3226  -24.386  -78.020  31.048 0.0000000000
3227  -25.382  -79.532  30.374 0.0000000000
3228  -26.043  -78.560  31.199 0.0000000000
3229  -27.121  -77.213  30.605 0.0000000000
3237  -18.757  -78.949  30.087 0.0000000000
3238  -24.291  -79.119  29.182 0.0000000000
3239  -25.489  -79.336  29.381 0.0000000000
3240  -26.264  -77.824  29.901 0.0000000000
3251  -18.356  -77.909  28.734 0.0000000000
3252  -24.047  -79.345  28.092 0.0000000000
3253  -25.560  -79.123  28.354 0.0000000000
3254  -26.136  -77.789  28.753 0.0000000000
3261  -18.036  -77.690  27.999 0.0000000000
3262  -25.571  -78.979  27.363 0.0000000000
3263  -26.087  -77.818  27.717 0.0000000000
3271  -23.553  -78.116  26.272 0.0000000000
3272  -23.786  -78.679  27.062 0.0000000000
3273  -26.114  -77.952  26.719 0.0000000000
3274  -26.803  -77.292  26.140 0.0000000000
3281  -22.238  -77.724  24.604 0.0000000000
3282  -22.969  -78.317  25.451 0.0000000000
3283  -26.063  -78.303  25.608 0.0000000000
3284  -27.069  -77.551  25.081 0.0000000000
3285  -28.589  -76.909  24.626 0.0000000000
3297  -21.791  -77.837  23.827 0.0000000000
3298  -21.981  -78.314  24.142 0.0000000000
3299  -26.332  -78.219  24.353 0.0000000000
3308  -22.016  -78.354  23.802 0.0000000000
3309  -23.200  -78.697  23.667 0.0000000000
3310  -24.275  -78.381  23.619 0.0000000000
3311  -25.616  -77.917  23.510 0.0000000000
3312  -26.663  -77.607  23.395 0.0000000000
3313  -27.293  -77.492  23.328 0.0000000000
3355  -21.154  -77.602  17.007 0.0000000000
3356  -22.189  -78.112  16.851 0.0000000000
3364  -22.440  -78.174  16.402 0.0000000000
3365  -22.884  -78.633  16.389 0.0000000000
3373  -22.135  -77.660  15.798 0.0000000000
3374  -22.743  -78.395  15.949 0.0000000000
3381  -21.232  -76.925  14.619 0.0000000000
3382  -22.052  -77.589  15.066 0.0000000000
3383  -22.529  -78.159  15.442 0.0000000000
3392  -21.610  -77.978  14.129 0.0000000000
3401  -20.439  -78.383  12.490 0.0000000000
3430  -21.618  -77.170  9.124 0.0000000000
3431  -22.792  -77.288  9.604 0.0000000000
3432  -23.626  -77.217  9.687 0.0000000000
3433  -24.032  -77.172  9.612 0.0000000000
3444  -20.321  -78.075  8.242 0.0000000000
3445  -21.191  -77.737  8.311 0.0000000000
3446  -22.296  -77.825  8.773 0.0000000000
3447  -24.509  -77.797  9.185 0.0000000000
3453  -24.762  -77.673  8.559 0.0000000000
3454  -24.966  -78.305  7.894 0.0000000000
3468  -24.696  -77.454  7.512 0.0000000000
3469  -25.105  -78.188  7.011 0.0000000000
3485  -24.641  -77.278  6.518 0.0000000000
3486  -25.239  -77.925  5.912 0.0000000000
3593  -17.281  -76.415  50.893 0.0000000000
3594  -18.126  -76.401  50.782 0.0000000000
3599  -16.326  -76.992  49.844 0.0000000000
3600  -16.819  -77.017  50.239 0.0000000000
3601  -17.614  -76.793  50.156 0.0000000000
3602  -18.662  -76.493  49.731 0.0000000000
3603  -19.620  -76.172  49.202 0.0000000000
3606  -15.696  -77.088  48.509 0.0000000000
3607  -15.985  -77.275  49.223 0.0000000000
3608  -17.281  -77.297  49.402 0.0000000000
3609  -18.253  -76.910  48.631 0.0000000000
3610  -19.003  -76.547  48.855 0.0000000000
3611  -19.821  -76.159  48.405 0.0000000000
3614  -15.543  -77.210  47.566 0.0000000000
3615  -17.467  -77.423  48.353 0.0000000000
3616  -18.291  -76.786  47.846 0.0000000000
3617  -19.112  -76.462  48.127 0.0000000000
3618  -19.881  -75.917  47.801 0.0000000000
3620  -15.453  -77.254  46.710 0.0000000000
3621  -17.497  -77.291  47.473 0.0000000000
3622  -18.179  -76.379  47.030 0.0000000000
3626  -15.402  -77.335  45.776 0.0000000000
3627  -16.990  -77.313  45.655 0.0000000000
3631  -15.378  -77.076  44.901 0.0000000000
3632  -17.171  -76.797  44.280 0.0000000000
3638  -15.248  -76.898  43.359 0.0000000000
3639  -15.313  -76.973  44.128 0.0000000000
3640  -17.249  -76.794  43.472 0.0000000000
3650  -17.348  -76.718  42.595 0.0000000000
3659  -17.412  -76.724  41.675 0.0000000000
3668  -17.483  -76.777  40.660 0.0000000000
3672  -17.541  -77.154  39.872 0.0000000000
3676  -17.779  -77.110  38.600 0.0000000000
3680  -17.872  -76.364  37.955 0.0000000000
3681  -18.252  -76.689  37.104 0.0000000000
3682  -29.678  -76.137  38.100 0.0000000000
3685  -18.574  -77.059  36.318 0.0000000000
3686  -29.035  -76.548  37.749 0.0000000000
3687  -29.529  -76.508  37.557 0.0000000000
3691  -18.707  -77.366  35.553 0.0000000000
3692  -26.766  -78.026  36.133 0.0000000000
3693  -27.991  -77.361  37.012 0.0000000000
3694  -28.743  -77.086  37.297 0.0000000000
3695  -29.729  -76.677  36.585 0.0000000000
3700  -18.715  -77.224  34.857 0.0000000000
3701  -26.155  -77.948  35.473 0.0000000000
3702  -26.724  -77.173  35.704 0.0000000000
3703  -28.670  -77.475  34.685 0.0000000000
3704  -29.155  -77.191  36.171 0.0000000000
3705  -30.064  -76.427  35.283 0.0000000000
3710  -18.513  -76.659  33.439 0.0000000000
3711  -25.165  -78.092  34.043 0.0000000000
3712  -25.685  -77.844  34.744 0.0000000000
3713  -28.623  -77.248  33.437 0.0000000000
3714  -29.588  -76.650  33.589 0.0000000000
3715  -30.376  -76.051  33.867 0.0000000000
3724  -18.379  -76.666  32.608 0.0000000000
3725  -24.534  -77.572  32.273 0.0000000000
3726  -24.788  -77.810  33.126 0.0000000000
3727  -28.864  -76.831  32.367 0.0000000000
3728  -29.651  -76.521  32.478 0.0000000000
3729  -30.369  -76.082  32.578 0.0000000000
3739  -18.371  -77.098  31.694 0.0000000000
3740  -24.413  -77.467  31.590 0.0000000000
3741  -29.616  -76.539  31.424 0.0000000000
3742  -30.305  -76.246  30.955 0.0000000000
3751  -18.424  -77.480  30.800 0.0000000000
3752  -24.321  -76.927  31.100 0.0000000000
3753  -27.960  -76.884  30.955 0.0000000000
3754  -29.052  -76.668  30.713 0.0000000000
3755  -29.886  -76.511  30.362 0.0000000000
3756  -30.127  -76.315  30.189 0.0000000000
3765  -24.357  -77.139  30.441 0.0000000000
3766  -27.444  -76.892  29.793 0.0000000000
3767  -29.481  -76.684  29.782 0.0000000000
3768  -29.930  -76.567  29.590 0.0000000000
3781  -24.295  -77.978  28.573 0.0000000000
3782  -26.906  -76.865  28.076 0.0000000000
3783  -28.245  -76.685  28.377 0.0000000000
3784  -29.541  -76.852  28.577 0.0000000000
3785  -30.058  -76.693  28.974 0.0000000000
3786  -30.296  -76.320  28.737 0.0000000000
3794  -24.252  -77.629  27.666 0.0000000000
3795  -26.751  -77.031  27.094 0.0000000000
3796  -27.817  -76.658  27.434 0.0000000000
3797  -29.054  -76.724  27.754 0.0000000000
3798  -30.004  -76.832  28.006 0.0000000000
3799  -30.549  -76.365  27.790 0.0000000000
3806  -23.613  -77.072  25.911 0.0000000000
3807  -24.094  -77.209  26.695 0.0000000000
3808  -28.541  -76.639  26.713 0.0000000000
3809  -29.420  -76.525  26.405 0.0000000000
3810  -30.223  -76.225  26.198 0.0000000000
3818  -22.964  -77.118  25.261 0.0000000000
3819  -27.767  -76.961  25.826 0.0000000000
3820  -28.629  -76.755  25.660 0.0000000000
3821  -30.252  -76.047  25.058 0.0000000000
3830  -21.503  -76.947  23.537 0.0000000000
3831  -21.797  -76.872  24.205 0.0000000000
3832  -29.327  -76.526  24.306 0.0000000000
3837  -20.811  -76.261  22.976 0.0000000000
3838  -21.821  -77.552  23.295 0.0000000000
3839  -23.413  -77.788  23.355 0.0000000000
3840  -24.535  -77.224  23.488 0.0000000000
3841  -25.701  -76.639  23.492 0.0000000000
3842  -26.915  -76.569  23.002 0.0000000000
3843  -27.354  -77.179  22.890 0.0000000000
3844  -28.620  -76.895  22.964 0.0000000000
3845  -29.207  -76.558  23.354 0.0000000000
3849  -21.257  -76.798  22.908 0.0000000000
3850  -21.814  -76.897  22.743 0.0000000000
3851  -22.572  -77.154  22.931 0.0000000000
3852  -27.807  -76.284  22.592 0.0000000000
3853  -28.566  -76.402  22.565 0.0000000000
3854  -29.088  -76.445  22.787 0.0000000000
3859  -21.443  -76.335  22.327 0.0000000000
3918  -21.477  -76.998  15.812 0.0000000000
3926  -21.491  -76.924  15.302 0.0000000000
3950  -29.678  -76.105  12.079 0.0000000000
3961  -29.821  -76.204  11.493 0.0000000000
3974  -22.443  -76.120  10.351 0.0000000000
3975  -23.134  -76.121  10.363 0.0000000000
3976  -23.564  -76.466  10.032 0.0000000000
3977  -29.327  -76.040  11.623 0.0000000000
3978  -29.628  -76.167  10.787 0.0000000000
3990  -22.096  -76.648  9.871 0.0000000000
3991  -23.047  -76.675  10.104 0.0000000000
3992  -23.905  -76.474  9.843 0.0000000000
4004  -24.343  -76.829  9.246 0.0000000000
4013  -24.391  -76.537  8.035 0.0000000000
4027  -24.400  -76.306  6.802 0.0000000000
4040  -24.623  -76.666  5.728 0.0000000000
4169  -17.609  -75.579  51.895 0.0000000000
4170  -17.849  -75.430  52.210 0.0000000000
4171  -18.299  -75.506  52.126 0.0000000000
4172  -19.291  -75.310  51.683 0.0000000000
4175  -17.248  -76.008  51.375 0.0000000000
4176  -17.740  -75.936  51.639 0.0000000000
4177  -18.718  -75.829  51.236 0.0000000000
4178  -19.797  -75.479  50.657 0.0000000000
4179  -20.761  -75.134  50.188 0.0000000000
4183  -16.864  -76.478  50.597 0.0000000000
4184  -19.219  -76.029  50.185 0.0000000000
4185  -20.184  -75.665  49.642 0.0000000000
4186  -21.050  -75.393  49.237 0.0000000000
4187  -21.834  -75.096  48.884 0.0000000000
4191  -16.014  -76.642  49.186 0.0000000000
4192  -16.492  -76.080  49.835 0.0000000000
4193  -20.452  -75.841  48.742 0.0000000000
4194  -21.239  -75.609  48.370 0.0000000000
4195  -22.048  -75.395  47.906 0.0000000000
4199  -15.668  -76.403  47.719 0.0000000000
4200  -16.047  -75.632  47.683 0.0000000000
4201  -18.992  -76.009  47.472 0.0000000000
4202  -20.641  -75.895  48.024 0.0000000000
4203  -23.133  -75.208  46.706 0.0000000000
4206  -15.430  -76.262  46.201 0.0000000000
4207  -15.676  -75.792  46.921 0.0000000000
4208  -17.398  -76.968  46.521 0.0000000000
4209  -18.776  -75.311  46.640 0.0000000000
4210  -19.737  -75.257  47.159 0.0000000000
4211  -20.776  -75.418  47.476 0.0000000000
4212  -21.739  -75.324  47.346 0.0000000000
4213  -23.087  -75.251  46.085 0.0000000000
4214  -23.668  -75.184  46.061 0.0000000000
4218  -15.471  -75.532  45.547 0.0000000000
4219  -17.583  -76.081  45.573 0.0000000000
4220  -18.280  -75.168  45.819 0.0000000000
4221  -23.473  -75.265  45.158 0.0000000000
4222  -23.690  -75.344  45.385 0.0000000000
4223  -24.264  -75.394  45.204 0.0000000000
4224  -25.076  -75.370  44.529 0.0000000000
4228  -15.361  -76.238  45.282 0.0000000000
4229  -17.438  -75.876  43.843 0.0000000000
4230  -17.977  -75.119  45.008 0.0000000000
4231  -23.895  -75.682  44.620 0.0000000000
4232  -24.312  -75.862  44.149 0.0000000000
4236  -15.270  -76.076  44.467 0.0000000000
4237  -17.455  -75.781  43.040 0.0000000000
4238  -23.950  -76.120  43.682 0.0000000000
4239  -24.287  -76.195  43.352 0.0000000000
4243  -17.481  -75.625  42.092 0.0000000000
4244  -24.025  -76.416  42.669 0.0000000000
4245  -24.046  -76.307  41.331 0.0000000000
4246  -24.319  -76.349  42.069 0.0000000000
4255  -17.482  -75.832  41.169 0.0000000000
4256  -23.924  -76.280  41.337 0.0000000000
4257  -23.947  -75.935  40.725 0.0000000000
4266  -17.503  -75.826  40.435 0.0000000000
4282  -17.599  -76.023  38.926 0.0000000000
4283  -31.248  -75.070  38.451 0.0000000000
4290  -18.010  -75.676  37.267 0.0000000000
4291  -18.368  -76.025  36.396 0.0000000000
4292  -30.543  -75.467  38.340 0.0000000000
4297  -18.078  -75.174  36.681 0.0000000000
4298  -28.817  -76.312  37.654 0.0000000000
4299  -29.310  -76.090  37.969 0.0000000000
4300  -30.972  -75.672  36.614 0.0000000000
4304  -18.455  -75.619  35.151 0.0000000000
4305  -27.389  -77.446  36.531 0.0000000000
4306  -28.074  -76.636  37.070 0.0000000000
4307  -30.565  -76.016  35.848 0.0000000000
4308  -31.352  -75.334  35.345 0.0000000000
4313  -18.474  -76.066  33.916 0.0000000000
4314  -27.535  -76.105  35.733 0.0000000000
4315  -28.200  -75.499  36.103 0.0000000000
4316  -30.836  -75.674  34.635 0.0000000000
4317  -31.481  -75.055  34.253 0.0000000000
4322  -18.253  -75.817  33.164 0.0000000000
4323  -25.651  -76.768  33.814 0.0000000000
4324  -26.387  -75.997  33.895 0.0000000000
4325  -27.641  -75.141  34.547 0.0000000000
4326  -31.037  -75.425  33.730 0.0000000000
4331  -17.951  -75.591  32.338 0.0000000000
4332  -24.729  -76.494  32.447 0.0000000000
4333  -25.079  -77.049  33.253 0.0000000000
4334  -30.849  -75.518  32.980 0.0000000000
4339  -17.756  -75.421  31.416 0.0000000000
4340  -18.064  -76.227  31.779 0.0000000000
4341  -23.902  -75.057  31.209 0.0000000000
4342  -24.350  -76.356  31.590 0.0000000000
4343  -24.469  -75.379  31.760 0.0000000000
4344  -30.471  -75.830  31.129 0.0000000000
4345  -30.490  -75.942  31.700 0.0000000000
4353  -18.000  -76.354  30.812 0.0000000000
4354  -23.736  -74.991  30.653 0.0000000000
4355  -24.102  -75.951  30.777 0.0000000000
4356  -30.188  -75.562  30.465 0.0000000000
4357  -30.364  -76.112  30.476 0.0000000000
4370  -23.959  -75.398  30.067 0.0000000000
4371  -29.813  -75.371  29.578 0.0000000000
4385  -24.351  -75.956  29.299 0.0000000000
4386  -30.160  -75.866  29.055 0.0000000000
4393  -30.761  -76.065  28.028 0.0000000000
4394  -31.212  -75.423  27.244 0.0000000000
4403  -30.865  -75.966  27.027 0.0000000000
4404  -32.303  -74.736  26.256 0.0000000000
4415  -31.010  -75.772  26.007 0.0000000000
4416  -31.673  -75.237  25.740 0.0000000000
4417  -32.282  -74.696  25.371 0.0000000000
4427  -29.971  -76.130  23.872 0.0000000000
4428  -30.736  -75.602  24.376 0.0000000000
4429  -31.494  -75.169  24.841 0.0000000000
4435  -23.655  -76.643  23.218 0.0000000000
4436  -24.599  -76.058  23.510 0.0000000000
4437  -25.395  -75.591  23.620 0.0000000000
4438  -26.288  -75.642  23.458 0.0000000000
4439  -29.681  -76.083  22.992 0.0000000000
4440  -30.443  -75.605  23.416 0.0000000000
4441  -31.258  -75.168  23.915 0.0000000000
4446  -20.760  -76.186  22.426 0.0000000000
4447  -22.210  -76.266  22.351 0.0000000000
4448  -23.026  -76.064  22.641 0.0000000000
4449  -23.815  -75.551  23.151 0.0000000000
4450  -27.196  -75.544  22.928 0.0000000000
4451  -27.879  -75.267  22.352 0.0000000000
4452  -28.494  -75.696  22.259 0.0000000000
4453  -29.210  -75.866  22.353 0.0000000000
4454  -30.030  -75.473  22.635 0.0000000000
4460  -20.987  -75.892  21.810 0.0000000000
4461  -21.899  -75.670  21.775 0.0000000000
4462  -22.757  -75.288  21.925 0.0000000000
4463  -28.955  -75.321  21.957 0.0000000000
4520  -30.041  -75.235  14.959 0.0000000000
4530  -29.720  -75.379  14.211 0.0000000000
4531  -30.384  -75.419  14.387 0.0000000000
4532  -30.804  -75.163  14.951 0.0000000000
4545  -29.027  -75.181  13.472 0.0000000000
4546  -29.410  -75.482  13.444 0.0000000000
4547  -30.102  -75.744  13.523 0.0000000000
4548  -31.171  -75.311  13.778 0.0000000000
4558  -29.021  -75.516  12.714 0.0000000000
4559  -29.556  -75.845  12.732 0.0000000000
4560  -30.231  -75.976  12.620 0.0000000000
4561  -31.207  -75.643  12.336 0.0000000000
4567  -23.320  -75.057  10.873 0.0000000000
4568  -28.914  -75.753  11.927 0.0000000000
4569  -30.423  -76.056  11.865 0.0000000000
4578  -21.715  -75.523  10.600 0.0000000000
4579  -22.795  -75.482  10.760 0.0000000000
4580  -23.406  -75.691  10.476 0.0000000000
4581  -23.747  -75.777  10.259 0.0000000000
4582  -28.929  -75.898  11.142 0.0000000000
4583  -30.518  -76.087  11.071 0.0000000000
4594  -24.171  -75.539  9.541 0.0000000000
4609  -24.306  -75.676  8.493 0.0000000000
4637  -24.752  -75.495  6.963 0.0000000000
4653  -24.707  -75.891  5.891 0.0000000000
4767  -18.096  -74.400  53.172 0.0000000000
4768  -18.769  -74.547  53.108 0.0000000000
4773  -17.786  -75.028  52.501 0.0000000000
4774  -18.138  -75.056  52.716 0.0000000000
4775  -19.706  -74.726  52.149 0.0000000000
4776  -20.778  -74.301  51.652 0.0000000000
4780  -17.477  -75.287  51.523 0.0000000000
4781  -20.323  -74.894  51.162 0.0000000000
4782  -21.277  -74.533  50.748 0.0000000000
4783  -22.127  -74.274  50.445 0.0000000000
4786  -16.968  -75.781  50.775 0.0000000000
4787  -17.460  -74.856  50.359 0.0000000000
4788  -21.604  -74.803  49.828 0.0000000000
4789  -22.400  -74.519  49.566 0.0000000000
4790  -23.092  -74.229  49.386 0.0000000000
4794  -16.316  -75.720  48.624 0.0000000000
4795  -17.071  -74.960  48.797 0.0000000000
4796  -17.634  -74.497  49.291 0.0000000000
4797  -22.651  -74.775  48.641 0.0000000000
4798  -23.463  -74.339  48.614 0.0000000000
4799  -23.979  -74.355  47.863 0.0000000000
4804  -16.759  -74.759  47.634 0.0000000000
4805  -17.450  -74.265  47.958 0.0000000000
4806  -23.764  -74.782  46.948 0.0000000000
4807  -25.195  -73.997  47.057 0.0000000000
4811  -15.675  -75.257  46.117 0.0000000000
4812  -16.163  -74.967  46.775 0.0000000000
4813  -18.906  -74.549  45.993 0.0000000000
4814  -19.585  -74.499  46.411 0.0000000000
4815  -20.470  -74.655  46.783 0.0000000000
4816  -21.388  -74.909  46.881 0.0000000000
4817  -22.294  -75.075  46.628 0.0000000000
4818  -24.525  -74.684  46.271 0.0000000000
4819  -25.539  -74.236  45.985 0.0000000000
4820  -26.554  -74.056  45.732 0.0000000000
4823  -15.596  -74.781  45.390 0.0000000000
4824  -16.087  -74.453  45.901 0.0000000000
4825  -18.658  -74.465  45.273 0.0000000000
4826  -19.442  -73.960  45.526 0.0000000000
4827  -20.307  -73.951  46.085 0.0000000000
4828  -21.809  -74.470  46.214 0.0000000000
4829  -22.757  -74.874  45.689 0.0000000000
4830  -25.052  -74.898  45.369 0.0000000000
4831  -26.039  -74.846  44.849 0.0000000000
4832  -27.145  -74.557  44.745 0.0000000000
4833  -28.029  -74.222  44.634 0.0000000000
4834  -28.804  -73.806  44.834 0.0000000000
4837  -15.323  -75.184  44.810 0.0000000000
4838  -17.771  -75.075  44.206 0.0000000000
4839  -18.380  -74.405  44.492 0.0000000000
4840  -18.958  -73.947  44.793 0.0000000000
4841  -23.279  -75.014  44.910 0.0000000000
4842  -23.717  -75.606  44.334 0.0000000000
4843  -26.644  -74.992  44.086 0.0000000000
4844  -27.745  -74.280  44.078 0.0000000000
4847  -17.643  -75.126  43.519 0.0000000000
4848  -18.066  -74.408  43.688 0.0000000000
4849  -23.778  -76.031  43.370 0.0000000000
4850  -25.811  -75.299  43.473 0.0000000000
4851  -26.897  -74.676  43.858 0.0000000000
4852  -27.232  -74.071  43.746 0.0000000000
4856  -18.314  -73.748  43.058 0.0000000000
4857  -23.771  -76.245  42.188 0.0000000000
4858  -24.615  -75.580  41.683 0.0000000000
4859  -25.105  -75.572  42.680 0.0000000000
4865  -17.552  -75.066  41.443 0.0000000000
4866  -23.309  -75.102  41.113 0.0000000000
4867  -23.701  -75.763  40.771 0.0000000000
4868  -24.118  -75.785  40.673 0.0000000000
4875  -23.365  -75.030  40.283 0.0000000000
4876  -23.754  -75.387  40.166 0.0000000000
4877  -23.910  -75.402  40.099 0.0000000000
4883  -17.669  -74.269  39.359 0.0000000000
4884  -23.406  -74.781  39.645 0.0000000000
4885  -23.830  -74.918  39.562 0.0000000000
4892  -17.705  -74.222  38.377 0.0000000000
4893  -30.967  -74.914  38.667 0.0000000000
4894  -31.484  -74.483  38.525 0.0000000000
4903  -17.854  -74.603  37.337 0.0000000000
4904  -29.811  -75.435  38.253 0.0000000000
4905  -30.495  -74.808  38.518 0.0000000000
4906  -31.831  -74.691  38.042 0.0000000000
4907  -32.179  -74.198  38.188 0.0000000000
4916  -17.985  -74.541  36.517 0.0000000000
4917  -29.319  -75.248  37.708 0.0000000000
4918  -32.062  -74.669  37.231 0.0000000000
4919  -32.669  -74.100  37.495 0.0000000000
4926  -17.966  -74.093  35.923 0.0000000000
4927  -18.229  -75.112  35.899 0.0000000000
4928  -28.677  -75.444  36.911 0.0000000000
4929  -29.178  -74.269  36.595 0.0000000000
4930  -31.841  -74.916  36.234 0.0000000000
4931  -32.611  -74.271  36.351 0.0000000000
4935  -18.016  -74.455  34.123 0.0000000000
4936  -18.331  -75.339  34.419 0.0000000000
4937  -28.136  -74.904  35.016 0.0000000000
4938  -32.066  -74.611  34.991 0.0000000000
4939  -32.676  -74.088  35.364 0.0000000000
4945  -17.867  -74.439  33.469 0.0000000000
4946  -18.153  -75.152  33.681 0.0000000000
4947  -26.196  -75.407  33.101 0.0000000000
4950  -31.357  -74.838  33.327 0.0000000000
4954  -17.879  -74.916  32.944 0.0000000000
4955  -25.575  -74.913  32.460 0.0000000000
4958  -30.943  -75.060  32.515 0.0000000000
4966  -23.722  -74.197  31.136 0.0000000000
4967  -24.144  -74.467  31.436 0.0000000000
4968  -24.866  -74.484  31.903 0.0000000000
4969  -30.298  -75.107  31.367 0.0000000000
4970  -30.565  -75.409  31.866 0.0000000000
4979  -23.581  -74.298  30.824 0.0000000000
4980  -29.378  -74.644  30.107 0.0000000000
4989  -23.636  -74.463  30.067 0.0000000000
4990  -29.073  -74.481  29.357 0.0000000000
4996  -24.097  -75.006  29.295 0.0000000000
4997  -28.858  -74.221  28.820 0.0000000000
4998  -29.583  -75.001  28.790 0.0000000000
4999  -30.419  -75.712  28.408 0.0000000000
5005  -30.098  -74.826  27.966 0.0000000000
5006  -30.897  -75.274  27.618 0.0000000000
5007  -31.691  -74.676  27.128 0.0000000000
5008  -32.548  -74.202  26.945 0.0000000000
5013  -32.054  -74.704  26.791 0.0000000000
5014  -32.824  -74.184  26.610 0.0000000000
5015  -33.539  -73.618  26.465 0.0000000000
5027  -33.011  -74.266  26.047 0.0000000000
5028  -33.563  -73.749  25.704 0.0000000000
5036  -32.449  -74.369  24.629 0.0000000000
5037  -33.059  -73.973  24.906 0.0000000000
5043  -24.766  -74.089  23.379 0.0000000000
5044  -25.703  -74.689  23.609 0.0000000000
5045  -30.906  -75.071  23.066 0.0000000000
5046  -31.770  -74.547  23.721 0.0000000000
5047  -32.636  -73.883  24.047 0.0000000000
5054  -23.263  -74.543  21.958 0.0000000000
5055  -23.880  -74.529  22.850 0.0000000000
5056  -27.245  -74.477  22.834 0.0000000000
5057  -27.924  -74.404  22.126 0.0000000000
5058  -28.480  -74.952  21.970 0.0000000000
5059  -29.529  -75.143  22.058 0.0000000000
5060  -30.359  -74.799  22.406 0.0000000000
5061  -31.207  -74.386  22.872 0.0000000000
5072  -22.427  -74.810  21.295 0.0000000000
5073  -22.945  -74.475  21.409 0.0000000000
5074  -28.436  -74.133  21.765 0.0000000000
5075  -29.029  -74.651  21.729 0.0000000000
5121  -30.358  -74.634  16.044 0.0000000000
5122  -31.343  -74.527  16.241 0.0000000000
5123  -32.270  -74.101  16.618 0.0000000000
5134  -28.901  -74.449  14.599 0.0000000000
5135  -29.846  -74.887  15.378 0.0000000000
5136  -30.582  -74.923  15.561 0.0000000000
5137  -31.495  -74.764  15.393 0.0000000000
5138  -32.268  -74.301  15.768 0.0000000000
5146  -28.938  -74.830  14.000 0.0000000000
5147  -29.410  -74.972  14.643 0.0000000000
5148  -31.710  -74.841  14.435 0.0000000000
5162  -28.190  -74.084  13.165 0.0000000000
5163  -28.599  -74.849  13.169 0.0000000000
5169  -28.050  -74.356  12.423 0.0000000000
5170  -28.539  -75.241  12.274 0.0000000000
5179  -22.892  -74.617  11.305 0.0000000000
5180  -23.640  -74.487  11.264 0.0000000000
5181  -24.150  -74.313  11.147 0.0000000000
5182  -28.106  -74.853  11.804 0.0000000000
5183  -28.468  -75.423  11.504 0.0000000000
5192  -21.953  -74.853  11.023 0.0000000000
5193  -23.734  -74.949  10.698 0.0000000000
5194  -24.537  -74.326  10.462 0.0000000000
5195  -25.121  -74.073  9.876 0.0000000000
5196  -27.080  -74.158  10.220 0.0000000000
5197  -27.840  -74.649  11.006 0.0000000000
5198  -28.363  -75.421  10.562 0.0000000000
5208  -24.633  -74.597  9.442 0.0000000000
5209  -25.488  -74.245  9.195 0.0000000000
5210  -26.604  -74.322  9.321 0.0000000000
5211  -27.772  -74.915  9.706 0.0000000000
5212  -28.537  -75.598  9.795 0.0000000000
5223  -24.630  -75.180  7.932 0.0000000000
5224  -25.018  -74.631  8.387 0.0000000000
5225  -26.098  -74.482  8.500 0.0000000000
5236  -24.993  -74.931  7.558 0.0000000000
5375  -18.449  -73.205  53.893 0.0000000000
5376  -18.760  -73.275  54.086 0.0000000000
5382  -18.222  -73.872  53.542 0.0000000000
5383  -18.368  -73.848  53.625 0.0000000000
5384  -19.279  -73.864  53.557 0.0000000000
5385  -20.494  -73.405  52.836 0.0000000000
5391  -17.988  -74.144  53.050 0.0000000000
5392  -20.075  -74.129  52.625 0.0000000000
5393  -21.132  -73.721  51.947 0.0000000000
5394  -21.984  -73.411  51.337 0.0000000000
5398  -17.959  -74.306  50.777 0.0000000000
5399  -18.335  -73.592  51.941 0.0000000000
5400  -21.717  -74.009  51.209 0.0000000000
5401  -22.331  -73.812  50.786 0.0000000000
5402  -22.700  -73.383  50.640 0.0000000000
5407  -18.184  -74.048  49.685 0.0000000000
5408  -18.764  -73.411  50.029 0.0000000000
5409  -22.860  -73.979  50.172 0.0000000000
5410  -23.365  -73.430  49.997 0.0000000000
5411  -23.996  -73.263  49.400 0.0000000000
5415  -17.711  -74.193  48.491 0.0000000000
5416  -18.674  -73.420  49.150 0.0000000000
5417  -23.606  -73.803  49.357 0.0000000000
5418  -24.235  -73.722  48.704 0.0000000000
5419  -24.957  -73.266  48.426 0.0000000000
5424  -24.782  -73.842  47.905 0.0000000000
5425  -25.695  -73.390  47.770 0.0000000000
5426  -26.704  -73.246  47.398 0.0000000000
5427  -27.434  -73.208  47.107 0.0000000000
5432  -17.442  -73.861  47.218 0.0000000000
5434  -26.143  -73.689  46.840 0.0000000000
5435  -27.087  -73.553  46.569 0.0000000000
5436  -27.981  -73.453  46.389 0.0000000000
5437  -28.928  -73.215  46.208 0.0000000000
5438  -29.764  -73.156  45.837 0.0000000000
5445  -20.235  -73.422  45.270 0.0000000000
5446  -21.186  -73.701  45.713 0.0000000000
5447  -22.136  -74.127  45.584 0.0000000000
5448  -27.628  -74.004  45.579 0.0000000000
5449  -28.550  -73.785  45.466 0.0000000000
5450  -29.394  -73.499  45.343 0.0000000000
5451  -30.173  -73.146  45.253 0.0000000000
5459  -18.777  -73.647  43.995 0.0000000000
5460  -19.484  -73.437  44.683 0.0000000000
5461  -21.007  -73.053  44.915 0.0000000000
5462  -22.040  -73.507  45.050 0.0000000000
5463  -22.763  -74.363  44.968 0.0000000000
5464  -23.372  -75.016  44.233 0.0000000000
5465  -28.069  -73.839  44.167 0.0000000000
5466  -29.520  -73.472  44.922 0.0000000000
5472  -18.981  -72.961  43.162 0.0000000000
5473  -19.479  -72.982  43.934 0.0000000000
5474  -23.114  -73.792  43.040 0.0000000000
5475  -23.438  -75.196  43.203 0.0000000000
5476  -26.163  -74.770  43.380 0.0000000000
5480  -17.984  -73.905  42.195 0.0000000000
5481  -18.509  -73.122  42.406 0.0000000000
5482  -23.007  -73.830  41.953 0.0000000000
5483  -23.357  -75.166  42.104 0.0000000000
5484  -24.828  -73.893  41.963 0.0000000000
5485  -25.402  -74.544  42.618 0.0000000000
5490  -17.750  -74.209  41.269 0.0000000000
5491  -18.192  -73.250  41.589 0.0000000000
5492  -24.476  -74.600  41.061 0.0000000000
5498  -17.988  -73.394  40.697 0.0000000000
5499  -22.987  -74.478  39.793 0.0000000000
5500  -24.173  -74.966  40.061 0.0000000000
5505  -17.901  -73.470  39.819 0.0000000000
5506  -22.875  -74.064  39.123 0.0000000000
5507  -23.474  -74.378  39.036 0.0000000000
5508  -23.908  -74.343  38.867 0.0000000000
5516  -17.838  -73.458  38.987 0.0000000000
5517  -23.140  -74.001  38.626 0.0000000000
5518  -23.595  -73.906  38.395 0.0000000000
5519  -24.022  -73.664  38.082 0.0000000000
5520  -31.001  -74.367  38.708 0.0000000000
5521  -31.386  -73.960  38.625 0.0000000000
5522  -31.987  -73.828  38.381 0.0000000000
5523  -34.129  -72.905  37.317 0.0000000000
5533  -17.832  -73.601  37.619 0.0000000000
5534  -29.973  -74.366  38.104 0.0000000000
5535  -30.573  -73.928  38.448 0.0000000000
5536  -32.759  -73.606  37.969 0.0000000000
5537  -33.613  -73.396  37.349 0.0000000000
5538  -34.374  -73.045  36.980 0.0000000000
5547  -17.948  -73.156  36.157 0.0000000000
5548  -29.593  -73.243  36.541 0.0000000000
5549  -33.369  -73.746  36.634 0.0000000000
5550  -33.979  -73.348  36.691 0.0000000000
5551  -34.397  -73.028  36.415 0.0000000000
5560  -17.943  -73.458  35.283 0.0000000000
5561  -28.658  -74.375  35.597 0.0000000000
5562  -29.188  -73.319  35.581 0.0000000000
5563  -33.173  -73.792  35.831 0.0000000000
5564  -33.869  -73.318  35.919 0.0000000000
5572  -17.885  -73.638  34.450 0.0000000000
5574  -32.530  -73.894  34.584 0.0000000000
5575  -33.300  -73.466  35.075 0.0000000000
5581  -17.754  -73.716  33.639 0.0000000000
5584  -32.238  -73.591  33.906 0.0000000000
5589  -17.661  -73.990  32.866 0.0000000000
5592  -31.147  -74.168  32.808 0.0000000000
5593  -31.751  -73.255  33.461 0.0000000000
5600  -23.515  -73.554  30.959 0.0000000000
5601  -23.948  -73.607  31.314 0.0000000000
5603  -29.892  -73.946  31.498 0.0000000000
5604  -30.611  -74.604  32.084 0.0000000000
5610  -28.797  -73.919  29.789 0.0000000000
5611  -29.103  -73.696  30.555 0.0000000000
5615  -23.424  -73.650  30.403 0.0000000000
5616  -28.511  -73.725  29.187 0.0000000000
5621  -28.503  -73.597  28.501 0.0000000000
5622  -29.159  -74.215  28.246 0.0000000000
5631  -28.772  -73.460  27.747 0.0000000000
5632  -29.733  -73.917  27.542 0.0000000000
5633  -31.028  -74.184  27.307 0.0000000000
5634  -32.125  -74.056  27.147 0.0000000000
5635  -32.840  -73.651  26.995 0.0000000000
5643  -33.575  -73.305  26.794 0.0000000000
5644  -34.157  -73.259  26.184 0.0000000000
5653  -34.251  -73.145  25.616 0.0000000000
5658  -33.522  -73.460  24.808 0.0000000000
5666  -25.591  -73.807  23.491 0.0000000000
5667  -26.404  -74.047  23.385 0.0000000000
5668  -32.183  -73.222  23.388 0.0000000000
5679  -26.924  -73.484  22.975 0.0000000000
5680  -27.512  -73.803  22.410 0.0000000000
5681  -29.723  -74.290  21.910 0.0000000000
5682  -31.393  -73.536  22.825 0.0000000000
5693  -27.902  -73.619  21.916 0.0000000000
5694  -28.299  -73.391  21.631 0.0000000000
5695  -29.033  -73.618  21.572 0.0000000000
5696  -29.914  -73.242  21.924 0.0000000000
5736  -31.404  -73.881  17.074 0.0000000000
5737  -32.059  -73.676  17.420 0.0000000000
5753  -30.019  -73.955  16.315 0.0000000000
5754  -30.925  -74.248  16.649 0.0000000000
5755  -31.720  -74.110  16.941 0.0000000000
5766  -28.860  -73.927  15.162 0.0000000000
5776  -28.077  -73.348  14.156 0.0000000000
5777  -28.542  -73.867  14.546 0.0000000000
5789  -27.012  -72.866  12.990 0.0000000000
5790  -27.829  -73.445  13.472 0.0000000000
5791  -28.471  -74.170  13.912 0.0000000000
5800  -23.948  -73.423  12.146 0.0000000000
5801  -24.727  -73.259  12.067 0.0000000000
5802  -25.715  -73.082  11.944 0.0000000000
5803  -26.764  -73.073  12.253 0.0000000000
5812  -22.533  -73.769  11.697 0.0000000000
5813  -23.451  -73.996  11.756 0.0000000000
5814  -24.196  -73.874  11.665 0.0000000000
5815  -25.573  -73.428  11.222 0.0000000000
5816  -26.667  -73.379  11.486 0.0000000000
5817  -27.610  -74.042  11.608 0.0000000000
5824  -24.735  -73.823  11.139 0.0000000000
5825  -25.316  -73.771  10.532 0.0000000000
5826  -26.272  -73.610  10.677 0.0000000000
5827  -27.132  -73.855  10.961 0.0000000000
5837  -25.929  -73.872  9.900 0.0000000000
5990  -18.613  -72.249  54.345 0.0000000000
5991  -18.688  -72.541  54.376 0.0000000000
5992  -19.373  -72.573  54.284 0.0000000000
5997  -18.405  -72.579  53.699 0.0000000000
5998  -20.414  -72.719  53.346 0.0000000000
6007  -18.304  -73.562  53.615 0.0000000000
6008  -18.326  -73.168  52.815 0.0000000000
6009  -21.210  -72.804  52.427 0.0000000000
6010  -21.850  -72.816  51.680 0.0000000000
6017  -18.811  -72.784  51.714 0.0000000000
6018  -22.466  -72.840  51.055 0.0000000000
6019  -23.081  -72.809  50.449 0.0000000000
6024  -19.468  -72.527  49.917 0.0000000000
6025  -23.674  -72.711  49.830 0.0000000000
6026  -24.284  -72.637  49.272 0.0000000000
6032  -24.826  -72.625  48.731 0.0000000000
6033  -25.504  -72.718  48.259 0.0000000000
6039  -26.320  -72.840  47.799 0.0000000000
6040  -27.154  -72.906  47.436 0.0000000000
6041  -28.002  -72.902  46.954 0.0000000000
6049  -28.735  -72.621  46.685 0.0000000000
6068  -20.104  -72.544  43.797 0.0000000000
6069  -20.832  -72.595  44.193 0.0000000000
6070  -21.839  -72.863  44.383 0.0000000000
6071  -28.352  -72.872  44.323 0.0000000000
6072  -29.373  -73.055  44.639 0.0000000000
6079  -19.589  -72.557  43.367 0.0000000000
6080  -20.717  -72.253  43.618 0.0000000000
6081  -21.501  -72.369  43.738 0.0000000000
6082  -22.459  -72.830  43.618 0.0000000000
6083  -25.917  -72.311  43.227 0.0000000000
6084  -26.781  -72.829  43.687 0.0000000000
6085  -27.605  -73.220  43.986 0.0000000000
6091  -18.935  -72.575  42.458 0.0000000000
6092  -19.419  -72.319  42.767 0.0000000000
6093  -20.169  -72.079  43.133 0.0000000000
6094  -22.651  -72.735  42.775 0.0000000000
6095  -24.811  -72.660  42.076 0.0000000000
6096  -25.361  -73.097  42.662 0.0000000000
6102  -18.667  -72.517  41.825 0.0000000000
6103  -19.165  -72.009  42.090 0.0000000000
6104  -22.579  -72.509  41.818 0.0000000000
6105  -24.584  -72.524  41.284 0.0000000000
6108  -18.195  -72.728  40.195 0.0000000000
6109  -18.498  -71.987  40.431 0.0000000000
6110  -22.688  -73.619  39.763 0.0000000000
6111  -24.466  -72.693  40.080 0.0000000000
6117  -18.099  -72.768  39.413 0.0000000000
6118  -18.282  -71.978  39.066 0.0000000000
6119  -22.716  -73.429  38.810 0.0000000000
6120  -24.276  -73.472  38.810 0.0000000000
6128  -18.026  -72.747  38.638 0.0000000000
6129  -18.156  -72.102  38.188 0.0000000000
6130  -23.105  -73.525  38.089 0.0000000000
6131  -23.706  -73.352  37.713 0.0000000000
6132  -24.113  -72.905  37.453 0.0000000000
6133  -31.046  -73.544  38.611 0.0000000000
6134  -31.614  -73.278  38.443 0.0000000000
6135  -32.478  -73.076  38.148 0.0000000000
6142  -18.083  -72.189  37.376 0.0000000000
6143  -23.064  -72.748  37.388 0.0000000000
6144  -23.794  -72.819  37.204 0.0000000000
6145  -24.036  -72.421  36.800 0.0000000000
6146  -30.288  -72.353  37.746 0.0000000000
6147  -30.660  -72.922  38.273 0.0000000000
6148  -33.477  -72.856  37.688 0.0000000000
6149  -34.653  -72.574  37.092 0.0000000000
6150  -35.182  -72.131  36.756 0.0000000000
6158  -18.056  -72.198  36.424 0.0000000000
6159  -23.599  -72.378  36.815 0.0000000000
6160  -29.863  -72.197  36.859 0.0000000000
6161  -34.843  -72.616  36.556 0.0000000000
6168  -17.972  -72.533  35.518 0.0000000000
6169  -29.508  -72.350  35.727 0.0000000000
6170  -34.031  -72.947  35.220 0.0000000000
6171  -34.686  -72.687  35.750 0.0000000000
6172  -35.390  -72.162  36.038 0.0000000000
6182  -17.866  -72.765  34.696 0.0000000000
6185  -32.914  -73.128  34.329 0.0000000000
6186  -33.719  -72.753  34.619 0.0000000000
6187  -34.538  -72.454  34.859 0.0000000000
6188  -35.334  -72.104  35.178 0.0000000000
6199  -17.744  -72.891  33.899 0.0000000000
6201  -31.681  -72.385  33.291 0.0000000000
6202  -32.433  -72.653  33.725 0.0000000000
6203  -33.345  -72.382  34.006 0.0000000000
6204  -34.187  -72.092  34.204 0.0000000000
6216  -31.107  -73.068  32.939 0.0000000000
6226  -29.404  -72.871  31.234 0.0000000000
6227  -30.425  -72.502  32.301 0.0000000000
6233  -28.380  -73.040  29.823 0.0000000000
6234  -28.839  -72.676  30.583 0.0000000000
6241  -27.817  -72.118  28.477 0.0000000000
6242  -28.066  -72.958  28.911 0.0000000000
6249  -27.935  -72.027  27.703 0.0000000000
6250  -28.125  -72.853  28.073 0.0000000000
6256  -28.503  -72.635  27.327 0.0000000000
6257  -29.339  -73.134  27.086 0.0000000000
6258  -30.995  -73.137  26.918 0.0000000000
6259  -32.044  -73.442  27.072 0.0000000000
6265  -28.267  -71.828  26.979 0.0000000000
6266  -29.101  -72.332  26.683 0.0000000000
6267  -30.038  -72.743  26.688 0.0000000000
6268  -31.707  -72.565  26.757 0.0000000000
6269  -32.945  -72.796  26.945 0.0000000000
6270  -34.866  -72.363  26.419 0.0000000000
6271  -35.371  -72.141  26.173 0.0000000000
6277  -34.704  -72.716  26.163 0.0000000000
6282  -34.137  -72.913  24.905 0.0000000000
6283  -34.932  -72.452  25.557 0.0000000000
6292  -26.040  -73.191  23.367 0.0000000000
6293  -32.510  -72.121  23.422 0.0000000000
6294  -33.604  -72.404  24.191 0.0000000000
6307  -26.611  -72.574  22.944 0.0000000000
6308  -27.393  -73.032  22.372 0.0000000000
6309  -30.718  -72.840  22.390 0.0000000000
6310  -31.556  -72.482  22.839 0.0000000000
6322  -27.869  -72.804  21.727 0.0000000000
6323  -28.520  -72.630  21.413 0.0000000000
6324  -29.371  -72.572  21.538 0.0000000000
6325  -30.131  -72.184  21.929 0.0000000000
6390  -30.550  -72.461  17.095 0.0000000000
6391  -31.413  -73.183  17.373 0.0000000000
6408  -28.845  -72.452  15.950 0.0000000000
6409  -29.708  -72.808  16.461 0.0000000000
6410  -30.670  -73.514  16.834 0.0000000000
6424  -27.992  -72.406  15.009 0.0000000000
6425  -28.594  -72.952  15.353 0.0000000000
6426  -29.241  -73.474  15.797 0.0000000000
6438  -26.892  -72.026  14.068 0.0000000000
6439  -27.671  -72.600  14.414 0.0000000000
6440  -28.321  -73.206  14.773 0.0000000000
6452  -25.576  -72.373  12.975 0.0000000000
6453  -26.333  -72.278  13.380 0.0000000000
6454  -27.330  -72.727  13.735 0.0000000000
6469  -23.565  -72.693  12.444 0.0000000000
6470  -24.412  -72.786  12.478 0.0000000000
6471  -25.239  -72.751  12.495 0.0000000000
6472  -26.108  -72.696  12.640 0.0000000000
6486  -23.088  -73.258  12.103 0.0000000000
6713  -18.387  -71.371  53.958 0.0000000000
6714  -18.638  -71.459  53.145 0.0000000000
6721  -18.886  -72.088  52.308 0.0000000000
6722  -21.637  -72.334  51.990 0.0000000000
6723  -22.241  -72.114  51.370 0.0000000000
6730  -19.516  -72.076  50.881 0.0000000000
6731  -20.131  -71.088  50.283 0.0000000000
6732  -22.698  -71.557  50.723 0.0000000000
6745  -23.270  -71.982  50.201 0.0000000000
6746  -23.892  -71.948  49.532 0.0000000000
6758  -24.508  -71.948  49.000 0.0000000000
6759  -25.111  -71.965  48.490 0.0000000000
6767  -25.851  -71.935  47.898 0.0000000000
6768  -26.773  -72.244  47.550 0.0000000000
6769  -27.504  -72.410  47.287 0.0000000000
6777  -27.305  -71.631  47.159 0.0000000000
6778  -28.165  -72.200  47.032 0.0000000000
6798  -28.084  -71.831  44.219 0.0000000000
6799  -28.971  -72.110  44.395 0.0000000000
6800  -30.028  -72.376  44.559 0.0000000000
6811  -21.190  -71.844  43.161 0.0000000000
6812  -22.060  -72.198  43.270 0.0000000000
6814  -26.573  -71.622  43.617 0.0000000000
6815  -27.420  -72.196  43.999 0.0000000000
6824  -19.865  -71.681  42.437 0.0000000000
6825  -20.603  -71.592  42.665 0.0000000000
6826  -21.354  -71.447  42.460 0.0000000000
6827  -22.116  -71.888  42.685 0.0000000000
6828  -24.784  -71.715  41.981 0.0000000000
6829  -25.276  -71.947  42.617 0.0000000000
6834  -18.867  -71.755  41.245 0.0000000000
6835  -19.619  -71.331  41.708 0.0000000000
6836  -20.627  -71.109  42.029 0.0000000000
6837  -21.675  -71.075  41.828 0.0000000000
6838  -22.291  -71.565  41.441 0.0000000000
6839  -24.578  -71.478  41.111 0.0000000000
6846  -22.520  -72.402  39.817 0.0000000000
6847  -24.504  -71.556  40.151 0.0000000000
6853  -22.527  -72.159  38.982 0.0000000000
6854  -24.471  -72.139  39.092 0.0000000000
6860  -22.550  -71.823  38.213 0.0000000000
6861  -31.101  -72.574  38.387 0.0000000000
6862  -31.808  -72.347  38.115 0.0000000000
6872  -22.662  -71.553  37.406 0.0000000000
6873  -24.421  -71.956  37.077 0.0000000000
6874  -30.667  -71.900  38.079 0.0000000000
6875  -31.109  -71.574  38.149 0.0000000000
6876  -32.859  -72.085  37.766 0.0000000000
6877  -33.875  -72.099  37.472 0.0000000000
6878  -34.627  -72.048  37.180 0.0000000000
6888  -23.339  -71.769  36.413 0.0000000000
6889  -23.874  -71.968  36.360 0.0000000000
6890  -24.164  -71.814  36.400 0.0000000000
6891  -29.831  -71.161  37.069 0.0000000000
6892  -34.184  -71.469  37.091 0.0000000000
6893  -35.011  -71.485  36.788 0.0000000000
6894  -35.645  -71.551  36.275 0.0000000000
6905  -24.028  -71.500  35.852 0.0000000000
6906  -29.376  -70.631  35.413 0.0000000000
6907  -35.969  -71.511  35.430 0.0000000000
6908  -36.548  -70.953  35.191 0.0000000000
6921  -29.365  -71.513  34.974 0.0000000000
6922  -35.016  -71.855  34.352 0.0000000000
6923  -35.774  -71.570  34.500 0.0000000000
6924  -36.442  -71.169  34.558 0.0000000000
6936  -32.238  -71.934  33.417 0.0000000000
6937  -32.958  -71.856  33.557 0.0000000000
6938  -33.818  -71.676  33.641 0.0000000000
6939  -34.688  -71.526  33.682 0.0000000000
6940  -35.493  -71.381  33.736 0.0000000000
6941  -36.178  -71.175  33.794 0.0000000000
6951  -31.029  -71.958  32.756 0.0000000000
6952  -31.751  -71.555  33.036 0.0000000000
6953  -32.521  -71.325  33.136 0.0000000000
6954  -33.382  -71.182  33.151 0.0000000000
6955  -34.302  -71.105  33.130 0.0000000000
6956  -35.190  -71.054  33.096 0.0000000000
6957  -35.963  -70.983  33.137 0.0000000000
6968  -29.817  -72.098  31.674 0.0000000000
6969  -30.428  -71.503  32.086 0.0000000000
6970  -31.258  -71.003  32.406 0.0000000000
6974  -28.552  -71.853  30.229 0.0000000000
6975  -29.199  -71.904  30.996 0.0000000000
6980  -28.031  -72.066  29.356 0.0000000000
6984  -27.691  -71.477  28.070 0.0000000000
6988  -27.790  -71.151  27.385 0.0000000000
6993  -28.137  -71.149  26.684 0.0000000000
6994  -28.835  -71.524  26.343 0.0000000000
6995  -29.978  -71.880  26.270 0.0000000000
6996  -31.162  -71.838  26.316 0.0000000000
6997  -32.240  -71.896  26.522 0.0000000000
6998  -33.282  -71.858  26.624 0.0000000000
6999  -34.931  -71.942  26.517 0.0000000000
7000  -35.401  -71.940  26.348 0.0000000000
7001  -35.749  -71.683  26.155 0.0000000000
7007  -35.831  -71.677  25.773 0.0000000000
7014  -34.472  -72.360  24.740 0.0000000000
7015  -35.149  -71.896  24.926 0.0000000000
7026  -33.278  -71.401  23.617 0.0000000000
7027  -34.198  -71.659  24.218 0.0000000000
7042  -27.219  -72.001  22.254 0.0000000000
7043  -30.907  -71.774  22.358 0.0000000000
7061  -27.368  -71.259  21.726 0.0000000000
7062  -27.916  -71.873  21.395 0.0000000000
7063  -28.493  -71.772  21.205 0.0000000000
7064  -29.591  -71.543  21.395 0.0000000000
7080  -28.212  -71.258  21.049 0.0000000000
7081  -28.651  -71.073  20.885 0.0000000000
7082  -29.331  -70.837  20.908 0.0000000000
7111  -31.077  -70.856  17.918 0.0000000000
7123  -29.792  -71.700  16.927 0.0000000000
7124  -30.468  -71.364  17.423 0.0000000000
7125  -31.309  -72.041  17.662 0.0000000000
7135  -27.658  -71.050  15.728 0.0000000000
7136  -28.374  -71.432  16.142 0.0000000000
7137  -29.053  -71.708  16.508 0.0000000000
7148  -27.107  -71.121  15.093 0.0000000000
7149  -28.223  -72.023  15.556 0.0000000000
7160  -26.545  -71.295  14.492 0.0000000000
7161  -27.330  -71.835  14.703 0.0000000000
7174  -25.384  -71.778  13.423 0.0000000000
7185  -23.960  -72.062  12.821 0.0000000000
7186  -24.843  -72.247  12.911 0.0000000000
7440  -18.570  -70.624  53.522 0.0000000000
7445  -19.692  -70.247  51.423 0.0000000000
7450  -19.573  -71.114  51.436 0.0000000000
7451  -20.029  -70.452  50.817 0.0000000000
7460  -24.040  -71.092  49.107 0.0000000000
7472  -25.108  -71.137  48.107 0.0000000000
7516  -28.468  -71.123  44.223 0.0000000000
7517  -29.047  -70.408  44.251 0.0000000000
7518  -30.023  -70.791  44.266 0.0000000000
7531  -27.411  -71.036  43.956 0.0000000000
7532  -27.968  -70.150  44.132 0.0000000000
7551  -22.050  -70.778  41.127 0.0000000000
7572  -24.521  -70.947  39.739 0.0000000000
7579  -24.531  -70.320  38.489 0.0000000000
7588  -30.487  -70.832  37.871 0.0000000000
7589  -31.202  -70.680  37.796 0.0000000000
7590  -32.614  -71.178  37.416 0.0000000000
7591  -33.421  -71.503  37.373 0.0000000000
7600  -24.446  -71.086  35.939 0.0000000000
7601  -32.081  -70.502  37.124 0.0000000000
7602  -33.346  -70.879  36.940 0.0000000000
7603  -34.446  -70.858  36.633 0.0000000000
7604  -35.447  -70.854  36.312 0.0000000000
7617  -29.674  -70.225  37.306 0.0000000000
7618  -36.172  -70.926  35.834 0.0000000000
7619  -36.813  -70.388  35.212 0.0000000000
7620  -37.636  -70.060  34.588 0.0000000000
7632  -37.037  -70.626  34.468 0.0000000000
7633  -37.630  -70.352  34.022 0.0000000000
7646  -36.761  -70.845  33.777 0.0000000000
7647  -37.287  -70.570  33.704 0.0000000000
7648  -37.796  -70.232  33.303 0.0000000000
7658  -32.040  -70.922  32.700 0.0000000000
7659  -32.802  -70.708  32.635 0.0000000000
7660  -33.789  -70.634  32.613 0.0000000000
7661  -34.757  -70.635  32.561 0.0000000000
7662  -35.719  -70.599  32.454 0.0000000000
7663  -36.508  -70.625  32.677 0.0000000000
7664  -37.620  -70.184  32.631 0.0000000000
7665  -38.161  -69.839  32.667 0.0000000000
7683  -36.454  -70.311  32.025 0.0000000000
7684  -37.132  -70.292  32.301 0.0000000000
7707  -27.792  -70.509  26.716 0.0000000000
7713  -34.598  -71.193  26.452 0.0000000000
7714  -35.621  -71.433  26.300 0.0000000000
7726  -35.104  -70.623  26.303 0.0000000000
7727  -36.303  -71.109  26.019 0.0000000000
7728  -36.555  -70.461  25.700 0.0000000000
7736  -35.771  -71.253  24.865 0.0000000000
7751  -33.971  -70.754  23.661 0.0000000000
7752  -34.950  -70.551  23.992 0.0000000000
7753  -36.074  -70.353  24.397 0.0000000000
7789  -27.775  -70.942  21.149 0.0000000000
7804  -27.547  -70.101  20.815 0.0000000000
7805  -28.259  -70.542  20.564 0.0000000000
7806  -29.049  -70.384  20.366 0.0000000000
7841  -28.832  -70.286  17.322 0.0000000000
7842  -29.447  -70.253  17.628 0.0000000000
7843  -30.225  -70.430  17.793 0.0000000000
7856  -27.183  -70.101  16.095 0.0000000000
7857  -27.906  -70.505  16.468 0.0000000000
7858  -28.578  -70.782  16.752 0.0000000000
7859  -29.227  -70.929  17.045 0.0000000000
7869  -26.926  -70.476  15.505 0.0000000000
8275  -24.526  -69.464  38.104 0.0000000000
8284  -24.663  -69.581  37.200 0.0000000000
8285  -29.542  -68.687  37.607 0.0000000000
8286  -29.982  -69.067  37.766 0.0000000000
8287  -30.436  -69.922  37.737 0.0000000000
8296  -24.710  -70.499  36.567 0.0000000000
8298  -28.898  -68.792  36.927 0.0000000000
8299  -29.441  -69.241  37.431 0.0000000000
8300  -30.596  -69.413  37.514 0.0000000000
8301  -31.488  -69.757  37.030 0.0000000000
8302  -32.496  -70.015  36.547 0.0000000000
8303  -33.589  -70.257  36.355 0.0000000000
8304  -34.713  -70.265  36.090 0.0000000000
8315  -28.698  -68.989  35.507 0.0000000000
8316  -29.286  -69.739  36.250 0.0000000000
8317  -31.033  -69.098  36.851 0.0000000000
8318  -31.940  -69.428  36.210 0.0000000000
8319  -32.979  -69.586  35.881 0.0000000000
8320  -35.567  -70.213  35.868 0.0000000000
8321  -36.208  -70.269  35.668 0.0000000000
8322  -37.228  -69.766  34.955 0.0000000000
8323  -38.214  -69.609  34.275 0.0000000000
8338  -28.954  -69.807  34.910 0.0000000000
8339  -38.111  -69.968  33.907 0.0000000000
8352  -38.434  -69.746  33.282 0.0000000000
8366  -38.535  -69.383  32.191 0.0000000000
8429  -35.528  -70.014  26.075 0.0000000000
8430  -36.504  -70.279  25.884 0.0000000000
8431  -36.828  -69.925  25.435 0.0000000000
8451  -36.763  -70.168  25.206 0.0000000000
8452  -37.160  -69.462  24.866 0.0000000000
8453  -37.369  -69.015  24.890 0.0000000000
8467  -34.297  -70.131  23.325 0.0000000000
8468  -35.071  -69.985  23.366 0.0000000000
8469  -36.674  -69.659  24.189 0.0000000000
8470  -37.232  -69.101  23.641 0.0000000000
8471  -37.593  -68.766  24.330 0.0000000000
8485  -36.315  -69.365  22.837 0.0000000000
8486  -36.968  -68.946  22.530 0.0000000000
8511  -27.954  -69.867  20.042 0.0000000000
8512  -28.690  -69.933  19.897 0.0000000000
8528  -27.666  -69.350  19.426 0.0000000000
8529  -28.384  -69.609  19.332 0.0000000000
8530  -29.693  -69.555  19.085 0.0000000000
8543  -28.046  -69.415  18.540 0.0000000000
8544  -29.739  -69.770  18.342 0.0000000000
8545  -30.303  -69.616  18.868 0.0000000000
8559  -27.992  -69.470  17.841 0.0000000000
8560  -28.799  -69.746  17.935 0.0000000000
8573  -28.176  -69.946  17.238 0.0000000000
9076  -29.135  -68.094  37.765 0.0000000000
9077  -29.493  -68.236  37.642 0.0000000000
9086  -28.760  -68.097  37.553 0.0000000000
9087  -30.217  -68.694  37.483 0.0000000000
9097  -28.257  -68.139  36.101 0.0000000000
9098  -30.670  -68.429  36.528 0.0000000000
9099  -31.493  -68.754  35.870 0.0000000000
9100  -32.437  -68.920  35.466 0.0000000000
9101  -33.419  -68.993  35.273 0.0000000000
9103  -35.920  -69.431  35.351 0.0000000000
9104  -36.814  -69.307  35.015 0.0000000000
9105  -37.453  -69.233  34.753 0.0000000000
9225  -35.880  -69.355  25.645 0.0000000000
9226  -36.777  -69.496  25.440 0.0000000000
9227  -37.106  -69.411  25.201 0.0000000000
9247  -36.303  -68.634  25.218 0.0000000000
9248  -37.208  -68.774  25.062 0.0000000000
9249  -37.685  -68.429  24.580 0.0000000000
9256  -37.772  -68.557  23.524 0.0000000000
9257  -38.228  -68.138  24.053 0.0000000000
9262  -37.601  -68.497  22.566 0.0000000000
9263  -38.284  -68.067  23.314 0.0000000000
9864  -27.456  -66.453  37.172 0.0000000000
9865  -28.882  -67.570  37.723 0.0000000000
9866  -29.102  -67.718  37.774 0.0000000000
9877  -28.115  -67.336  37.202 0.0000000000
9878  -29.286  -67.567  37.586 0.0000000000
9879  -29.937  -67.969  37.231 0.0000000000
9887  -29.628  -67.360  36.767 0.0000000000
9888  -30.327  -67.759  36.089 0.0000000000
9889  -31.061  -68.113  35.407 0.0000000000
10029  -36.782  -67.923  24.792 0.0000000000
10030  -37.513  -68.053  24.664 0.0000000000
10042  -38.084  -67.757  24.308 0.0000000000
10631  -28.479  -66.846  37.404 0.0000000000
10632  -28.933  -67.238  37.668 0.0000000000
10637  -28.651  -66.680  37.348 0.0000000000
111138  -27.003  -75.876  34.501 0.0000000000
111263  -18.748  -78.610  33.261 0.0000000000
111339  -24.361  -78.580  30.208 0.0000000000
111592  -19.126  -80.677  30.433 0.0000000000
111649  -18.841  -78.843  32.541 0.0000000000
111651  -22.556  -72.523  40.741 0.0000000000
111746  -28.330  -76.740  30.162 0.0000000000
111917  -17.074  -77.789  43.158 0.0000000000
111946  -27.154  -76.868  29.039 0.0000000000
112010  -28.966  -69.590  18.731 0.0000000000
112021  -17.240  -77.733  42.252 0.0000000000
112128  -26.194  -76.947  34.741 0.0000000000
112186  -16.149  -83.885  28.145 0.0000000000
112253  -12.966  -83.507  21.712 0.0000000000
112507  -21.654  -77.401  16.356 0.0000000000
112566  -27.586  -73.522  12.734 0.0000000000
112614  -27.437  -69.692  16.816 0.0000000000
112746  -22.535  -75.271  47.034 0.0000000000
112771  -24.661  -75.041  23.481 0.0000000000
112908  -8.734  -85.834  28.025 0.0000000000
112909  -18.612  -76.617  35.823 0.0000000000
113110  -13.276  -83.484  22.111 0.0000000000
113169  -6.800  -83.448  29.702 0.0000000000
113312  -13.156  -84.783  28.208 0.0000000000
113410  -24.122  -74.994  10.170 0.0000000000
113470  -18.318  -72.207  39.781 0.0000000000
113472  -15.548  -77.966  46.413 0.0000000000
113485  -29.978  -73.268  37.437 0.0000000000
113547  -22.123  -71.579  42.119 0.0000000000
113617  -30.877  -75.614  13.044 0.0000000000
113620  -25.362  -76.013  32.833 0.0000000000
113668  -18.210  -76.917  29.886 0.0000000000
113859  -15.458  -77.847  45.183 0.0000000000
113921  -18.667  -77.144  34.110 0.0000000000
113983  -17.541  -75.060  40.727 0.0000000000
114014  -18.923  -80.566  29.625 0.0000000000
114122  -16.142  -79.363  38.157 0.0000000000
114152  -18.099  -79.321  34.802 0.0000000000
114176  -17.092  -78.688  41.966 0.0000000000
114298  -18.990  -79.684  32.399 0.0000000000
114308  -29.011  -75.992  10.230 0.0000000000
114477  -24.453  -73.705  40.573 0.0000000000
114564  -16.761  -79.524  37.036 0.0000000000
114668  -20.712  -81.544  8.130 0.0000000000
114702  -22.842  -73.810  44.144 0.0000000000
114707  -22.282  -80.615  14.008 0.0000000000
114737  -17.736  -79.144  37.764 0.0000000000
114744  -17.658  -74.680  41.963 0.0000000000
114794  -29.828  -70.904  17.340 0.0000000000
114795  -18.333  -77.362  29.208 0.0000000000
114835  -26.546  -77.283  23.224 0.0000000000
114850  -29.955  -69.764  37.740 0.0000000000
114902  -38.686  -69.508  32.757 0.0000000000
114973  -11.924  -83.248  30.412 0.0000000000
115241  -17.922  -72.940  37.039 0.0000000000
115258  -22.507  -78.137  23.450 0.0000000000
115301  -16.618  -83.867  29.246 0.0000000000
115336  -9.113  -85.681  28.943 0.0000000000
115365  -20.144  -72.947  44.490 0.0000000000
115368  -31.900  -74.359  34.040 0.0000000000
115454  -28.548  -76.981  23.634 0.0000000000
115479  -30.147  -76.462  27.160 0.0000000000
115536  -17.478  -79.048  39.186 0.0000000000
115620  -29.459  -76.876  34.842 0.0000000000
115764  -17.345  -80.041  31.389 0.0000000000
115869  -24.529  -71.252  37.960 0.0000000000
115942  -37.118  -70.580  33.041 0.0000000000
115970  -17.843  -73.355  38.300 0.0000000000
116075  -18.375  -72.571  41.023 0.0000000000
116091  -31.683  -74.038  33.422 0.0000000000
116126  -24.625  -73.379  41.468 0.0000000000
116167  -15.667  -81.525  25.978 0.0000000000
116251  -17.690  -74.263  40.273 0.0000000000
116256  -24.374  -77.327  29.447 0.0000000000
116367  -24.879  -79.288  7.055 0.0000000000
116389  -30.661  -70.029  18.395 0.0000000000
116506  -30.313  -73.372  38.022 0.0000000000
116643  -18.514  -75.969  35.695 0.0000000000
116909  -17.599  -75.000  38.916 0.0000000000
117012  -17.622  -74.530  32.035 0.0000000000
117036  -27.630  -78.047  33.722 0.0000000000
117054  -30.515  -73.551  32.282 0.0000000000
117070  -33.047  -73.085  24.018 0.0000000000
117097  -24.244  -74.162  39.500 0.0000000000
117125  -18.147  -74.513  35.023 0.0000000000
117183  -14.182  -83.603  25.900 0.0000000000
117224  -12.688  -84.891  25.033 0.0000000000
117289  -24.483  -76.281  27.245 0.0000000000
117318  -31.874  -73.980  23.327 0.0000000000
117330  -12.801  -80.814  30.012 0.0000000000
117516  -28.723  -76.772  29.250 0.0000000000
117638  -17.276  -78.625  41.035 0.0000000000
117753  -17.724  -75.301  38.130 0.0000000000
117775  -25.126  -79.511  25.883 0.0000000000
117784  -35.887  -69.775  23.449 0.0000000000
117834  -17.847  -74.486  51.957 0.0000000000
117840  -28.627  -77.556  35.722 0.0000000000
117847  -14.143  -84.485  26.799 0.0000000000
117891  -21.075  -81.429  7.333 0.0000000000
117957  -24.461  -76.513  28.361 0.0000000000
118070  -21.724  -77.645  24.044 0.0000000000
118117  -22.857  -73.968  40.708 0.0000000000
118147  -21.633  -81.459  16.109 0.0000000000
118335  -13.333  -84.548  29.060 0.0000000000
118345  -24.557  -79.231  30.911 0.0000000000
118383  -17.548  -72.920  32.935 0.0000000000
118399  -27.323  -77.752  32.351 0.0000000000
118497  -22.021  -74.213  11.362 0.0000000000
118508  -29.562  -74.327  15.653 0.0000000000
118513  -23.418  -79.559  16.099 0.0000000000
118608  -15.707  -78.599  44.266 0.0000000000
118725  -24.625  -71.326  48.621 0.0000000000
118803  -15.508  -76.556  47.029 0.0000000000
118839  -18.727  -77.785  34.507 0.0000000000
118887  -15.629  -79.006  41.402 0.0000000000
118976  -8.791  -82.152  29.333 0.0000000000
119062  -24.721  -76.073  42.863 0.0000000000
119168  -17.674  -82.357  20.431 0.0000000000
119339  -13.973  -84.309  29.645 0.0000000000
119348  -17.539  -75.237  39.783 0.0000000000
119355  -19.165  -70.547  52.337 0.0000000000
119392  -17.090  -75.280  49.849 0.0000000000
119467  -9.921  -85.493  26.775 0.0000000000
119478  -28.094  -76.937  22.738 0.0000000000
119602  -32.909  -74.215  25.373 0.0000000000
119713  -26.148  -73.664  43.280 0.0000000000
119740  -15.312  -82.024  21.481 0.0000000000
119815  -29.064  -69.673  19.344 0.0000000000
119838  -18.638  -76.548  35.270 0.0000000000
119882  -17.503  -77.947  40.320 0.0000000000
119892  -14.321  -80.309  18.092 0.0000000000
119996  -27.961  -77.291  23.139 0.0000000000
120129  -22.252  -80.667  12.759 0.0000000000
120155  -36.505  -70.836  33.258 0.0000000000
120192  -30.169  -76.262  29.625 0.0000000000
120230  -29.082  -66.937  37.341 0.0000000000
120234  -30.222  -76.238  31.737 0.0000000000
120301  -17.715  -81.697  30.727 0.0000000000
120308  -16.708  -79.476  40.057 0.0000000000
120344  -19.929  -71.787  49.858 0.0000000000
120386  -29.480  -71.392  44.328 0.0000000000
120511  -34.961  -69.614  35.582 0.0000000000
120644  -17.943  -72.815  37.863 0.0000000000
121023  -29.485  -76.612  27.250 0.0000000000
121083  -22.508  -78.758  23.824 0.0000000000
121137  -23.612  -75.920  41.404 0.0000000000
121182  -23.310  -80.206  16.362 0.0000000000
121218  -24.523  -71.151  38.791 0.0000000000
121319  -24.520  -73.133  48.954 0.0000000000
121348  -29.262  -75.880  12.179 0.0000000000
121419  -29.176  -68.525  37.610 0.0000000000
121611  -29.414  -76.505  25.379 0.0000000000
121686  -26.435  -71.508  47.458 0.0000000000
121844  -16.072  -78.700  45.491 0.0000000000
121975  -28.975  -72.046  21.275 0.0000000000
121987  -29.712  -74.641  30.833 0.0000000000
122033  -29.820  -76.825  29.087 0.0000000000
122205  -17.712  -74.707  42.802 0.0000000000
122247  -12.912  -83.918  23.107 0.0000000000
122304  -24.529  -70.196  39.415 0.0000000000
122390  -37.876  -69.418  34.553 0.0000000000
122399  -23.491  -71.197  49.726 0.0000000000
122508  -30.563  -73.875  22.346 0.0000000000
122511  -29.617  -71.435  36.031 0.0000000000
122638  -26.803  -77.803  23.667 0.0000000000
122668  -8.465  -85.359  25.689 0.0000000000
122710  -30.378  -76.020  37.678 0.0000000000
122777  -18.513  -77.870  29.992 0.0000000000
122788  -16.459  -79.921  25.883 0.0000000000
122960  -20.491  -80.757  8.332 0.0000000000
123052  -15.879  -82.427  20.779 0.0000000000
123200  -30.101  -70.799  37.672 0.0000000000
123228  -20.734  -77.965  13.343 0.0000000000
123238  -33.132  -73.798  26.790 0.0000000000
123292  -10.473  -83.926  30.112 0.0000000000
123543  -19.627  -73.229  53.720 0.0000000000
123609  -17.481  -75.892  44.641 0.0000000000
123724  -16.103  -77.929  48.162 0.0000000000
123839  -17.526  -78.567  39.689 0.0000000000
123967  -24.269  -76.298  30.021 0.0000000000
123976  -23.007  -79.856  7.353 0.0000000000
124150  -14.277  -83.992  30.295 0.0000000000
124163  -15.390  -77.821  43.806 0.0000000000
124253  -14.792  -84.311  29.045 0.0000000000
124282  -30.280  -76.605  28.417 0.0000000000
124314  -23.494  -79.285  26.226 0.0000000000
124321  -21.647  -79.625  18.502 0.0000000000
124441  -34.124  -72.507  26.663 0.0000000000
124445  -18.622  -77.788  32.481 0.0000000000
124566  -31.885  -71.446  37.746 0.0000000000
124631  -17.360  -78.756  40.364 0.0000000000
124718  -24.343  -73.025  38.138 0.0000000000
124719  -32.371  -73.811  17.166 0.0000000000
124888  -25.656  -78.881  34.164 0.0000000000
124889  -17.892  -73.794  36.769 0.0000000000
124962  -31.567  -75.300  26.568 0.0000000000
124972  -24.611  -70.653  37.428 0.0000000000
125078  -17.176  -76.718  44.999 0.0000000000
125106  -21.781  -79.616  7.268 0.0000000000
125146  -27.386  -73.577  12.073 0.0000000000
125208  -14.668  -82.717  30.605 0.0000000000
125218  -34.135  -71.720  26.592 0.0000000000
125317  -27.955  -77.152  24.992 0.0000000000
125385  -22.684  -72.902  38.166 0.0000000000
125440  -36.386  -70.899  25.524 0.0000000000
125591  -18.375  -82.688  29.243 0.0000000000
125679  -34.008  -69.655  35.699 0.0000000000
125682  -30.769  -72.415  26.571 0.0000000000
125865  -15.914  -79.356  41.789 0.0000000000
125886  -16.831  -77.849  47.122 0.0000000000
125913  -18.960  -73.030  50.868 0.0000000000
126232  -28.758  -73.610  44.617 0.0000000000
126251  -17.727  -80.375  27.118 0.0000000000
126275  -26.819  -75.258  33.603 0.0000000000
126365  -30.868  -75.962  27.615 0.0000000000
126389  -26.025  -71.595  13.918 0.0000000000
126416  -18.002  -81.772  27.623 0.0000000000
126428  -16.843  -81.899  19.736 0.0000000000
126484  -30.324  -71.587  44.376 0.0000000000
126522  -27.590  -77.488  23.990 0.0000000000
126588  -12.694  -84.137  23.752 0.0000000000
126652  -17.701  -78.447  38.988 0.0000000000
126721  -17.985  -75.892  46.331 0.0000000000
126865  -24.516  -71.311  36.606 0.0000000000
126878  -17.476  -80.039  26.682 0.0000000000
126907  -24.042  -74.919  39.660 0.0000000000
126967  -25.124  -78.896  7.044 0.0000000000
126981  -30.358  -71.442  37.785 0.0000000000
126983  -24.455  -74.325  47.237 0.0000000000
126988  -34.253  -72.988  26.503 0.0000000000
127011  -11.976  -85.402  25.452 0.0000000000
127040  -30.678  -72.768  44.922 0.0000000000
127074  -27.353  -74.554  44.186 0.0000000000
127273  -32.897  -70.415  36.732 0.0000000000
127405  -21.755  -78.232  8.022 0.0000000000
127434  -30.053  -73.086  44.880 0.0000000000
127535  -25.041  -79.840  26.972 0.0000000000
127642  -24.478  -72.152  38.010 0.0000000000
127647  -14.979  -81.964  30.388 0.0000000000
127754  -23.050  -71.181  50.231 0.0000000000
127922  -9.314  -84.445  30.128 0.0000000000
127937  -29.960  -72.981  31.842 0.0000000000
127953  -18.714  -78.276  32.943 0.0000000000
128014  -22.998  -72.089  36.820 0.0000000000
128015  -36.053  -70.773  26.219 0.0000000000
128058  -24.927  -73.449  11.628 0.0000000000
128104  -15.621  -78.345  44.958 0.0000000000
128192  -29.599  -74.087  37.316 0.0000000000
128222  -24.953  -75.443  32.259 0.0000000000
128258  -31.330  -75.335  37.675 0.0000000000
128279  -22.921  -78.787  15.328 0.0000000000
128356  -23.343  -75.196  22.499 0.0000000000
128381  -20.883  -81.756  8.864 0.0000000000
128500  -27.678  -71.696  15.237 0.0000000000
128584  -38.489  -67.741  23.688 0.0000000000
128627  -30.627  -75.599  32.289 0.0000000000
128754  -13.066  -84.560  25.353 0.0000000000
128790  -18.365  -73.757  51.086 0.0000000000
128794  -16.891  -79.520  37.849 0.0000000000
128826  -28.974  -71.520  21.058 0.0000000000
128914  -12.706  -81.581  30.328 0.0000000000
128939  -18.754  -75.095  52.472 0.0000000000
128940  -18.587  -76.339  34.628 0.0000000000
129251  -24.417  -75.739  7.605 0.0000000000
129264  -36.646  -69.852  35.351 0.0000000000
129297  -22.392  -71.423  40.640 0.0000000000
129304  -21.015  -74.247  46.400 0.0000000000
129412  -37.809  -69.741  32.033 0.0000000000
129500  -15.878  -76.299  48.400 0.0000000000
129564  -18.514  -78.138  29.386 0.0000000000
129568  -19.001  -79.503  30.945 0.0000000000
129647  -17.795  -72.195  34.175 0.0000000000
129671  -21.388  -73.233  52.032 0.0000000000
129875  -18.214  -73.797  48.766 0.0000000000
129987  -28.565  -76.848  37.429 0.0000000000
130125  -25.016  -75.704  43.658 0.0000000000
130161  -25.847  -75.357  44.031 0.0000000000
130173  -17.524  -76.304  39.829 0.0000000000
130181  -30.259  -76.278  36.920 0.0000000000
130227  -29.287  -74.556  15.097 0.0000000000
130304  -23.998  -76.499  41.847 0.0000000000
130318  -18.176  -76.831  49.339 0.0000000000
130588  -24.400  -75.492  28.632 0.0000000000
130597  -24.903  -78.742  7.931 0.0000000000
130606  -17.614  -76.890  39.298 0.0000000000
130668  -17.337  -79.328  34.967 0.0000000000
130816  -9.125  -85.399  26.123 0.0000000000
130839  -30.024  -76.869  28.650 0.0000000000
130892  -29.270  -75.160  13.983 0.0000000000
130967  -30.212  -73.447  27.046 0.0000000000
131066  -27.807  -74.789  10.369 0.0000000000
131076  -24.004  -80.057  27.992 0.0000000000
131102  -31.039  -75.552  25.213 0.0000000000
131227  -15.449  -82.682  30.527 0.0000000000
131254  -26.450  -78.563  35.427 0.0000000000
131269  -37.375  -68.769  23.037 0.0000000000
131522  -18.685  -78.363  34.492 0.0000000000
131582  -21.310  -75.618  47.803 0.0000000000
131616  -22.746  -72.300  50.748 0.0000000000
131644  -25.578  -78.893  26.492 0.0000000000
131707  -24.457  -74.992  8.711 0.0000000000
131826  -23.276  -73.864  49.776 0.0000000000
131853  -19.176  -80.620  30.893 0.0000000000
131854  -26.607  -74.852  23.365 0.0000000000
131858  -24.425  -74.015  31.562 0.0000000000
132084  -19.096  -71.301  52.292 0.0000000000
132113  -14.491  -83.482  30.535 0.0000000000
132122  -31.858  -74.789  24.491 0.0000000000
132157  -27.507  -76.804  26.616 0.0000000000
132208  -33.592  -73.021  24.477 0.0000000000
132246  -32.315  -74.469  35.676 0.0000000000
132275  -16.776  -79.004  42.508 0.0000000000
132526  -10.056  -85.090  25.561 0.0000000000
132624  -22.458  -71.388  39.877 0.0000000000
132825  -18.082  -71.799  35.674 0.0000000000
132906  -30.130  -71.565  37.518 0.0000000000
132929  -35.885  -70.616  35.956 0.0000000000
133042  -31.448  -73.694  33.165 0.0000000000
133099  -29.577  -70.660  36.423 0.0000000000
133124  -16.182  -77.268  49.444 0.0000000000
133166  -34.799  -71.205  24.309 0.0000000000
133221  -16.675  -79.254  30.783 0.0000000000
133287  -23.063  -75.004  47.643 0.0000000000
133291  -31.086  -69.998  37.560 0.0000000000
133327  -31.924  -70.920  37.494 0.0000000000
133372  -34.195  -72.516  37.334 0.0000000000
133670  -11.213  -85.191  24.623 0.0000000000
133747  -7.540  -86.050  26.329 0.0000000000
133811  -16.252  -81.637  19.325 0.0000000000
133940  -28.306  -74.003  44.404 0.0000000000
133948  -30.999  -75.250  14.434 0.0000000000
134251  -27.591  -69.381  17.429 0.0000000000
