#!ascii label  , from subject sub-06 vox2ras=TkReg aparc.a2009s=G_oc-temp_lat-fusifor
2078
11314  41.690  -61.371  8.990 0.0000000000
12014  35.898  -60.131  11.802 0.0000000000
12023  36.827  -60.237  10.843 0.0000000000
12024  36.505  -60.019  11.723 0.0000000000
12043  40.217  -60.703  9.382 0.0000000000
12044  39.195  -60.442  9.660 0.0000000000
12045  38.297  -60.386  10.004 0.0000000000
12046  36.905  -60.351  10.010 0.0000000000
12047  36.256  -60.119  10.576 0.0000000000
12058  41.068  -61.158  9.030 0.0000000000
12059  39.393  -60.664  9.038 0.0000000000
12060  38.527  -60.496  9.268 0.0000000000
12061  37.674  -60.403  9.584 0.0000000000
12062  37.081  -60.215  9.194 0.0000000000
12073  41.901  -61.263  8.850 0.0000000000
12074  41.030  -61.035  8.832 0.0000000000
12075  39.516  -60.524  8.676 0.0000000000
12076  38.767  -60.423  8.675 0.0000000000
12080  40.098  -60.426  8.411 0.0000000000
12081  39.171  -60.183  8.260 0.0000000000
12734  34.687  -60.266  13.489 0.0000000000
12749  35.909  -60.067  12.414 0.0000000000
12750  35.456  -60.124  12.097 0.0000000000
12751  34.428  -60.194  12.953 0.0000000000
12752  33.767  -59.765  13.195 0.0000000000
12772  37.336  -59.941  11.325 0.0000000000
12773  35.654  -59.983  11.336 0.0000000000
12774  34.947  -60.009  12.028 0.0000000000
12793  38.984  -59.949  10.410 0.0000000000
12794  38.041  -59.971  10.794 0.0000000000
12795  36.380  -59.971  9.663 0.0000000000
12796  35.791  -59.681  10.295 0.0000000000
12797  35.271  -59.499  10.995 0.0000000000
12806  35.850  -59.217  9.250 0.0000000000
12810  41.541  -60.786  8.551 0.0000000000
12811  40.981  -60.364  8.274 0.0000000000
12812  37.890  -60.346  8.839 0.0000000000
12813  37.312  -59.878  8.492 0.0000000000
12814  36.555  -59.625  8.809 0.0000000000
12815  36.137  -58.832  8.426 0.0000000000
12821  41.261  -59.546  7.879 0.0000000000
12822  40.393  -59.735  7.888 0.0000000000
12823  39.647  -59.868  7.939 0.0000000000
12824  38.207  -59.941  8.204 0.0000000000
12825  37.505  -59.451  8.014 0.0000000000
12826  36.829  -59.211  8.158 0.0000000000
13530  34.334  -59.566  12.444 0.0000000000
13548  34.749  -59.194  11.568 0.0000000000
13559  35.408  -59.028  9.987 0.0000000000
13560  34.966  -58.672  10.635 0.0000000000
13568  35.436  -58.545  9.251 0.0000000000
13569  35.172  -57.805  8.884 0.0000000000
13577  35.593  -58.334  8.657 0.0000000000
13578  35.284  -57.485  8.337 0.0000000000
13586  41.589  -58.593  7.668 0.0000000000
13587  40.709  -58.798  7.652 0.0000000000
13588  39.783  -58.938  7.647 0.0000000000
13589  38.102  -59.126  7.733 0.0000000000
13590  37.288  -58.721  7.748 0.0000000000
13591  36.478  -58.368  7.894 0.0000000000
13592  35.785  -57.977  8.096 0.0000000000
14319  34.303  -58.438  12.024 0.0000000000
14330  34.587  -58.269  11.257 0.0000000000
14331  34.197  -57.497  11.538 0.0000000000
14338  34.566  -57.570  10.391 0.0000000000
14348  34.717  -57.265  9.217 0.0000000000
14356  34.810  -56.983  8.507 0.0000000000
14367  41.825  -57.579  7.560 0.0000000000
14368  40.286  -57.424  7.519 0.0000000000
14369  39.628  -57.931  7.506 0.0000000000
14370  38.839  -57.436  7.524 0.0000000000
14371  36.101  -57.491  7.742 0.0000000000
14372  35.411  -57.178  7.933 0.0000000000
14373  34.913  -56.778  8.104 0.0000000000
15070  33.577  -56.704  12.072 0.0000000000
15087  34.170  -56.609  9.582 0.0000000000
15101  34.287  -56.446  8.695 0.0000000000
15102  33.760  -56.024  8.884 0.0000000000
15115  39.808  -56.093  8.047 0.0000000000
15116  38.948  -56.081  8.103 0.0000000000
15117  38.093  -56.003  8.152 0.0000000000
15118  37.266  -55.803  8.194 0.0000000000
15119  34.437  -56.244  8.250 0.0000000000
15120  33.865  -55.730  8.403 0.0000000000
15128  42.079  -56.634  7.562 0.0000000000
15129  40.122  -56.661  7.674 0.0000000000
15130  39.298  -56.614  7.713 0.0000000000
15131  38.423  -56.601  7.753 0.0000000000
15132  37.415  -56.597  7.739 0.0000000000
15133  35.729  -56.623  7.738 0.0000000000
15761  33.306  -55.782  11.109 0.0000000000
15762  32.527  -55.213  11.428 0.0000000000
15771  39.443  -55.262  10.024 0.0000000000
15772  38.705  -55.250  10.010 0.0000000000
15773  33.547  -55.883  9.781 0.0000000000
15774  32.768  -55.049  9.919 0.0000000000
15786  40.956  -55.287  9.084 0.0000000000
15787  40.031  -55.390  9.411 0.0000000000
15788  39.103  -55.448  9.304 0.0000000000
15789  38.409  -55.410  9.269 0.0000000000
15790  37.073  -55.269  8.833 0.0000000000
15791  36.037  -54.859  8.684 0.0000000000
15792  33.277  -55.295  8.728 0.0000000000
15793  32.699  -54.593  8.746 0.0000000000
15801  42.042  -55.217  7.997 0.0000000000
15802  41.223  -55.533  8.275 0.0000000000
15803  40.350  -55.664  8.499 0.0000000000
15804  39.470  -55.712  8.610 0.0000000000
15805  38.641  -55.672  8.663 0.0000000000
15806  35.676  -55.693  7.905 0.0000000000
15807  34.736  -55.642  7.909 0.0000000000
15808  34.090  -55.538  8.096 0.0000000000
15809  33.481  -55.093  8.260 0.0000000000
15810  33.070  -54.727  8.394 0.0000000000
15818  43.486  -55.363  7.576 0.0000000000
15819  42.589  -55.790  7.630 0.0000000000
15820  41.584  -55.959  7.736 0.0000000000
15821  40.673  -56.071  7.897 0.0000000000
15822  36.516  -56.187  7.847 0.0000000000
15823  35.100  -56.182  7.786 0.0000000000
15824  34.673  -56.184  7.972 0.0000000000
16441  40.034  -54.050  12.333 0.0000000000
16453  41.321  -54.171  11.151 0.0000000000
16454  40.672  -54.358  11.444 0.0000000000
16455  39.651  -54.486  11.777 0.0000000000
16459  31.956  -54.567  10.617 0.0000000000
16460  31.200  -54.380  11.019 0.0000000000
16474  41.983  -54.181  10.259 0.0000000000
16475  40.086  -55.044  10.420 0.0000000000
16476  39.305  -54.924  10.869 0.0000000000
16477  38.272  -54.872  10.729 0.0000000000
16480  35.613  -54.219  9.488 0.0000000000
16481  32.107  -54.307  9.304 0.0000000000
16482  31.035  -53.436  9.266 0.0000000000
16483  29.801  -53.821  10.438 0.0000000000
16497  42.196  -54.363  9.196 0.0000000000
16498  41.509  -54.776  9.619 0.0000000000
16499  40.793  -55.037  9.997 0.0000000000
16500  37.774  -55.177  9.691 0.0000000000
16501  34.842  -54.365  8.543 0.0000000000
16502  32.294  -54.073  8.681 0.0000000000
16503  31.733  -53.597  8.840 0.0000000000
16512  43.123  -54.006  7.956 0.0000000000
16513  42.454  -54.519  8.325 0.0000000000
16514  41.741  -54.962  8.704 0.0000000000
16515  35.090  -55.079  8.082 0.0000000000
16516  34.283  -54.984  8.029 0.0000000000
16517  33.213  -54.536  8.281 0.0000000000
16518  32.686  -54.150  8.462 0.0000000000
16519  32.224  -53.678  8.602 0.0000000000
16525  42.864  -54.839  7.776 0.0000000000
17221  40.955  -53.286  12.279 0.0000000000
17222  40.369  -53.436  12.600 0.0000000000
17238  42.275  -53.032  11.138 0.0000000000
17239  41.501  -53.384  11.689 0.0000000000
17240  40.781  -53.904  11.988 0.0000000000
17255  42.524  -53.426  10.373 0.0000000000
17256  41.935  -53.651  10.961 0.0000000000
17258  34.505  -53.342  9.866 0.0000000000
17259  30.268  -53.067  9.294 0.0000000000
17260  28.719  -53.048  9.245 0.0000000000
17271  43.211  -53.026  9.426 0.0000000000
17272  34.930  -53.801  9.384 0.0000000000
17273  34.190  -53.695  8.877 0.0000000000
17274  33.686  -53.168  9.363 0.0000000000
17275  32.850  -53.007  8.818 0.0000000000
17276  31.161  -52.866  8.820 0.0000000000
17277  30.487  -52.246  8.850 0.0000000000
17278  29.479  -52.289  8.912 0.0000000000
17283  43.469  -53.292  8.317 0.0000000000
17284  42.818  -53.809  8.724 0.0000000000
17285  33.737  -54.275  8.277 0.0000000000
17286  33.015  -53.818  8.398 0.0000000000
17287  32.400  -53.422  8.582 0.0000000000
17288  31.818  -53.076  8.624 0.0000000000
17289  48.259  -53.614  7.725 0.0000000000
17290  47.283  -53.892  7.509 0.0000000000
17291  46.371  -53.422  7.374 0.0000000000
17292  44.700  -53.113  7.551 0.0000000000
17293  43.891  -53.575  7.741 0.0000000000
18046  40.139  -52.163  13.200 0.0000000000
18066  41.271  -52.869  12.177 0.0000000000
18067  40.685  -52.696  12.664 0.0000000000
18085  42.430  -52.067  11.044 0.0000000000
18086  41.761  -52.583  11.685 0.0000000000
18089  32.137  -52.140  10.483 0.0000000000
18090  31.302  -51.855  10.821 0.0000000000
18102  43.314  -52.271  9.893 0.0000000000
18103  42.845  -52.680  10.429 0.0000000000
18104  33.993  -52.860  10.368 0.0000000000
18105  33.214  -52.613  9.811 0.0000000000
18106  32.286  -52.381  9.441 0.0000000000
18107  31.500  -51.950  9.650 0.0000000000
18118  31.989  -52.719  8.733 0.0000000000
18119  31.214  -52.420  8.908 0.0000000000
18120  29.887  -51.815  8.944 0.0000000000
18121  28.997  -51.680  9.000 0.0000000000
18123  49.547  -52.333  8.051 0.0000000000
18124  49.351  -52.924  7.974 0.0000000000
18125  44.454  -52.250  7.867 0.0000000000
18126  43.782  -52.535  8.488 0.0000000000
18127  49.034  -52.828  7.771 0.0000000000
18128  47.275  -53.017  7.379 0.0000000000
18129  46.121  -52.613  7.360 0.0000000000
18130  45.231  -52.389  7.518 0.0000000000
18131  44.008  -52.916  7.905 0.0000000000
18957  41.242  -52.212  12.215 0.0000000000
18958  40.658  -51.838  12.675 0.0000000000
18959  40.098  -51.394  13.117 0.0000000000
18973  41.710  -51.706  11.642 0.0000000000
18974  41.100  -51.396  12.111 0.0000000000
18975  30.358  -51.562  10.805 0.0000000000
18987  43.475  -51.473  9.825 0.0000000000
18988  42.180  -51.053  11.106 0.0000000000
18989  30.731  -51.609  9.789 0.0000000000
18990  29.837  -51.393  9.911 0.0000000000
18991  28.946  -51.267  9.936 0.0000000000
18998  44.120  -51.805  8.544 0.0000000000
18999  30.976  -51.892  9.068 0.0000000000
19000  30.236  -51.662  9.182 0.0000000000
19001  29.381  -51.474  9.296 0.0000000000
19002  28.585  -51.394  9.382 0.0000000000
19004  49.748  -51.602  8.216 0.0000000000
19005  44.637  -51.459  8.106 0.0000000000
19006  49.470  -51.819  7.886 0.0000000000
19007  48.575  -51.679  7.528 0.0000000000
19008  47.766  -52.224  7.398 0.0000000000
19009  46.775  -51.445  7.395 0.0000000000
19010  45.819  -51.710  7.491 0.0000000000
19011  45.029  -51.741  7.708 0.0000000000
19871  39.458  -50.896  13.575 0.0000000000
19883  40.509  -51.072  12.498 0.0000000000
19884  39.965  -50.631  12.849 0.0000000000
19896  41.455  -50.868  11.539 0.0000000000
19897  40.796  -50.663  11.885 0.0000000000
19898  40.268  -50.464  12.187 0.0000000000
19903  43.304  -50.706  10.136 0.0000000000
19904  42.667  -50.273  10.555 0.0000000000
19905  41.861  -50.211  11.040 0.0000000000
19906  41.014  -50.156  11.282 0.0000000000
19911  44.492  -50.440  8.848 0.0000000000
19912  50.044  -50.793  8.507 0.0000000000
19913  45.693  -50.251  7.996 0.0000000000
19914  45.045  -50.315  8.351 0.0000000000
19915  44.322  -51.125  8.701 0.0000000000
19916  49.799  -50.841  8.060 0.0000000000
19917  49.121  -50.957  7.639 0.0000000000
19918  48.061  -50.757  7.480 0.0000000000
19919  46.070  -50.835  7.618 0.0000000000
19920  45.235  -51.002  7.864 0.0000000000
20842  39.395  -50.082  13.165 0.0000000000
20843  38.753  -49.603  13.553 0.0000000000
20857  39.718  -50.007  12.229 0.0000000000
20858  39.039  -49.458  12.547 0.0000000000
20865  39.147  -49.490  11.107 0.0000000000
20870  43.427  -50.005  10.009 0.0000000000
20871  42.252  -49.461  10.628 0.0000000000
20872  41.366  -49.545  10.777 0.0000000000
20873  40.352  -49.604  10.677 0.0000000000
20874  39.438  -49.468  10.275 0.0000000000
20875  38.640  -49.349  9.742 0.0000000000
20876  37.945  -49.204  9.238 0.0000000000
20879  44.075  -49.856  9.431 0.0000000000
20880  43.522  -49.209  9.931 0.0000000000
20881  39.751  -49.249  9.792 0.0000000000
20882  38.934  -49.327  9.344 0.0000000000
20883  38.363  -49.270  9.066 0.0000000000
20884  50.143  -50.157  8.391 0.0000000000
20885  46.246  -49.541  8.096 0.0000000000
20886  44.738  -49.720  8.903 0.0000000000
20887  49.996  -49.895  8.133 0.0000000000
20888  49.278  -49.561  7.864 0.0000000000
20889  46.802  -49.906  7.757 0.0000000000
20890  46.308  -50.207  7.772 0.0000000000
21811  38.373  -48.870  13.082 0.0000000000
21826  38.449  -48.847  11.841 0.0000000000
21827  37.781  -48.260  12.507 0.0000000000
21834  38.130  -49.016  10.338 0.0000000000
21835  37.001  -47.930  10.872 0.0000000000
21839  42.766  -48.676  10.275 0.0000000000
21840  41.804  -48.756  10.453 0.0000000000
21841  40.776  -48.987  10.253 0.0000000000
21842  37.382  -48.832  9.512 0.0000000000
21843  36.786  -48.351  9.770 0.0000000000
21846  45.338  -48.136  9.087 0.0000000000
21847  44.259  -49.059  9.451 0.0000000000
21848  43.624  -48.369  9.873 0.0000000000
21849  42.239  -47.948  10.130 0.0000000000
21850  41.220  -48.192  9.894 0.0000000000
21851  40.200  -48.587  9.491 0.0000000000
21852  38.559  -49.096  8.769 0.0000000000
21853  37.943  -49.103  8.726 0.0000000000
21854  37.327  -48.909  8.885 0.0000000000
21855  36.786  -48.630  9.084 0.0000000000
21856  50.523  -49.277  8.611 0.0000000000
21857  47.710  -48.566  8.077 0.0000000000
21858  46.702  -48.655  8.320 0.0000000000
21859  45.819  -48.812  8.585 0.0000000000
21860  39.733  -48.202  8.908 0.0000000000
21861  38.937  -48.562  8.592 0.0000000000
21862  38.169  -48.735  8.478 0.0000000000
21863  37.412  -48.679  8.582 0.0000000000
21864  36.685  -48.493  8.761 0.0000000000
21865  50.638  -47.753  8.113 0.0000000000
21866  50.068  -48.804  8.177 0.0000000000
21867  48.891  -48.655  7.900 0.0000000000
21868  47.161  -49.318  7.915 0.0000000000
22730  37.116  -47.794  12.999 0.0000000000
22744  36.387  -47.383  12.603 0.0000000000
22745  35.333  -47.148  12.803 0.0000000000
22746  34.100  -47.098  12.854 0.0000000000
22747  32.959  -47.058  12.944 0.0000000000
22755  37.144  -47.734  12.003 0.0000000000
22756  36.396  -47.439  11.443 0.0000000000
22757  35.612  -47.028  11.820 0.0000000000
22758  34.733  -46.863  10.882 0.0000000000
22762  36.214  -47.754  10.243 0.0000000000
22763  35.368  -47.453  9.737 0.0000000000
22764  34.500  -47.017  9.620 0.0000000000
22765  51.442  -46.814  8.391 0.0000000000
22766  51.184  -47.579  8.782 0.0000000000
22768  44.777  -47.375  9.429 0.0000000000
22769  43.745  -47.388  9.756 0.0000000000
22770  42.728  -47.194  9.803 0.0000000000
22771  41.649  -47.250  9.524 0.0000000000
22772  40.607  -47.743  9.264 0.0000000000
22773  36.063  -48.181  9.113 0.0000000000
22774  35.303  -47.540  9.030 0.0000000000
22775  51.130  -47.399  8.421 0.0000000000
22776  48.253  -46.750  8.105 0.0000000000
22777  48.308  -47.660  8.097 0.0000000000
22778  47.167  -47.799  8.417 0.0000000000
22779  46.008  -46.853  8.926 0.0000000000
22780  40.855  -46.950  8.931 0.0000000000
22781  40.147  -47.456  8.834 0.0000000000
22782  39.457  -47.746  8.651 0.0000000000
22783  38.612  -48.095  8.433 0.0000000000
22784  37.681  -48.243  8.387 0.0000000000
22785  35.981  -48.019  8.722 0.0000000000
22786  35.353  -47.382  8.822 0.0000000000
22787  34.587  -46.974  9.117 0.0000000000
22788  51.627  -46.587  8.049 0.0000000000
22789  51.234  -46.935  7.888 0.0000000000
22790  50.321  -47.086  7.727 0.0000000000
22791  49.170  -46.992  7.841 0.0000000000
23653  34.738  -46.846  12.062 0.0000000000
23654  33.587  -46.749  11.828 0.0000000000
23655  32.742  -46.642  12.216 0.0000000000
23656  32.252  -46.276  11.974 0.0000000000
23666  33.608  -46.638  10.512 0.0000000000
23667  32.727  -46.512  11.248 0.0000000000
23668  32.066  -46.234  10.777 0.0000000000
23673  33.705  -46.543  9.667 0.0000000000
23674  32.741  -46.422  10.232 0.0000000000
23675  32.087  -46.137  9.962 0.0000000000
23676  51.287  -46.895  8.861 0.0000000000
23678  45.187  -46.604  9.271 0.0000000000
23679  44.275  -46.509  9.472 0.0000000000
23680  43.301  -46.444  9.504 0.0000000000
23681  42.341  -46.466  9.312 0.0000000000
23682  41.565  -46.517  9.024 0.0000000000
23683  37.702  -46.602  8.873 0.0000000000
23684  36.568  -46.832  8.756 0.0000000000
23685  35.525  -46.930  8.688 0.0000000000
23686  34.695  -46.785  8.931 0.0000000000
23687  32.925  -46.226  9.643 0.0000000000
23688  32.282  -45.826  9.552 0.0000000000
23689  51.933  -46.083  8.010 0.0000000000
23690  46.691  -46.230  8.615 0.0000000000
23691  45.720  -45.982  8.984 0.0000000000
23692  42.921  -45.727  8.857 0.0000000000
23693  41.971  -45.953  8.706 0.0000000000
23694  41.146  -46.219  8.642 0.0000000000
23695  39.217  -47.165  8.614 0.0000000000
23696  38.199  -47.410  8.535 0.0000000000
23697  37.104  -47.589  8.484 0.0000000000
23698  36.102  -47.645  8.572 0.0000000000
23699  51.739  -46.196  7.847 0.0000000000
23700  50.958  -46.339  7.561 0.0000000000
23701  49.818  -46.277  7.567 0.0000000000
23702  48.726  -46.142  7.802 0.0000000000
24569  32.013  -45.607  11.606 0.0000000000
24577  31.621  -45.776  10.298 0.0000000000
24578  31.556  -45.437  10.820 0.0000000000
24584  31.376  -45.216  9.861 0.0000000000
24585  51.680  -46.267  8.345 0.0000000000
24586  51.462  -45.639  8.681 0.0000000000
24589  44.823  -45.860  9.207 0.0000000000
24590  43.921  -45.805  9.206 0.0000000000
24591  39.264  -45.413  8.935 0.0000000000
24592  38.273  -45.568  9.228 0.0000000000
24593  37.224  -45.783  9.303 0.0000000000
24594  36.130  -45.999  9.168 0.0000000000
24595  35.071  -46.147  9.038 0.0000000000
24596  33.163  -45.930  9.367 0.0000000000
24597  31.768  -45.250  9.553 0.0000000000
24598  52.112  -45.442  7.997 0.0000000000
24599  47.722  -46.014  8.193 0.0000000000
24600  46.224  -45.403  8.493 0.0000000000
24601  45.331  -45.324  8.666 0.0000000000
24602  44.438  -45.301  8.706 0.0000000000
24603  43.657  -45.326  8.612 0.0000000000
24604  42.321  -45.341  8.381 0.0000000000
24605  41.606  -45.565  8.492 0.0000000000
24606  40.748  -45.734  8.536 0.0000000000
24607  39.777  -46.162  8.665 0.0000000000
24608  38.776  -46.402  8.827 0.0000000000
24609  52.043  -45.458  7.852 0.0000000000
24610  51.516  -45.548  7.524 0.0000000000
24611  50.503  -45.671  7.419 0.0000000000
24612  49.385  -45.368  7.469 0.0000000000
24613  48.333  -45.484  7.766 0.0000000000
24614  47.632  -45.136  7.905 0.0000000000
25554  31.819  -44.812  11.307 0.0000000000
25560  31.312  -44.703  10.503 0.0000000000
25566  31.087  -44.570  9.946 0.0000000000
25569  37.768  -44.770  9.569 0.0000000000
25570  36.770  -44.986  9.662 0.0000000000
25571  35.749  -45.148  9.608 0.0000000000
25572  34.264  -44.536  9.633 0.0000000000
25573  33.144  -44.492  9.434 0.0000000000
25574  32.014  -44.547  9.349 0.0000000000
25575  31.250  -44.374  9.697 0.0000000000
25576  52.040  -44.665  7.690 0.0000000000
25578  45.815  -44.732  8.183 0.0000000000
25579  44.892  -44.693  8.172 0.0000000000
25580  43.940  -44.767  8.116 0.0000000000
25581  42.460  -44.705  8.090 0.0000000000
25582  41.675  -44.502  8.302 0.0000000000
25583  40.720  -44.766  8.593 0.0000000000
25584  39.748  -44.604  8.947 0.0000000000
25585  51.878  -44.691  7.437 0.0000000000
25586  49.477  -44.501  7.223 0.0000000000
25587  48.468  -44.784  7.519 0.0000000000
25588  46.759  -44.752  8.000 0.0000000000
25589  45.432  -44.142  7.794 0.0000000000
25590  44.418  -44.004  7.692 0.0000000000
25591  43.283  -44.223  7.790 0.0000000000
25592  43.026  -43.394  7.776 0.0000000000
26562  31.544  -43.861  11.031 0.0000000000
26570  30.899  -43.133  10.489 0.0000000000
26571  30.471  -43.104  9.975 0.0000000000
26576  30.853  -43.691  9.891 0.0000000000
26577  30.471  -43.010  9.890 0.0000000000
26581  40.000  -43.183  9.356 0.0000000000
26582  38.800  -43.343  9.499 0.0000000000
26583  38.176  -43.821  9.615 0.0000000000
26584  36.738  -43.300  10.013 0.0000000000
26585  35.964  -43.640  10.144 0.0000000000
26586  34.796  -43.721  9.967 0.0000000000
26587  33.937  -43.495  9.712 0.0000000000
26588  32.703  -43.625  9.429 0.0000000000
26589  31.591  -43.614  9.449 0.0000000000
26590  30.795  -43.276  9.715 0.0000000000
26593  42.381  -43.172  8.206 0.0000000000
26594  41.691  -43.620  8.459 0.0000000000
26595  40.285  -43.914  8.966 0.0000000000
26596  39.389  -43.783  9.300 0.0000000000
26597  51.913  -43.015  6.920 0.0000000000
26598  51.578  -43.905  6.949 0.0000000000
26599  48.630  -43.876  7.233 0.0000000000
26600  47.586  -43.699  7.443 0.0000000000
26601  46.081  -43.666  7.639 0.0000000000
26602  45.232  -43.452  7.592 0.0000000000
26603  43.814  -43.387  7.638 0.0000000000
26604  51.260  -43.168  6.667 0.0000000000
26605  50.236  -43.729  6.821 0.0000000000
27559  31.054  -42.400  10.830 0.0000000000
27560  30.275  -42.456  10.198 0.0000000000
27563  30.132  -42.464  9.908 0.0000000000
27567  42.058  -42.069  9.247 0.0000000000
27568  41.232  -42.351  9.465 0.0000000000
27569  40.407  -42.503  9.562 0.0000000000
27570  39.623  -42.546  9.583 0.0000000000
27571  38.188  -42.942  9.598 0.0000000000
27572  37.436  -42.612  9.704 0.0000000000
27573  35.897  -42.955  10.140 0.0000000000
27574  34.967  -42.890  10.051 0.0000000000
27575  34.216  -42.592  9.779 0.0000000000
27576  33.383  -42.723  9.563 0.0000000000
27577  32.330  -42.761  9.404 0.0000000000
27578  31.237  -42.631  9.463 0.0000000000
27579  30.344  -42.592  9.775 0.0000000000
27581  43.306  -42.133  8.092 0.0000000000
27582  42.540  -42.456  8.510 0.0000000000
27583  41.784  -42.820  8.808 0.0000000000
27584  40.914  -43.210  9.061 0.0000000000
27585  30.632  -42.681  9.634 0.0000000000
27587  48.016  -43.050  7.238 0.0000000000
27588  46.908  -43.156  7.469 0.0000000000
27589  46.577  -42.391  7.409 0.0000000000
27590  45.084  -42.651  7.516 0.0000000000
27591  44.209  -42.551  7.606 0.0000000000
27592  43.491  -42.757  7.750 0.0000000000
27593  42.927  -42.773  8.000 0.0000000000
27594  51.913  -42.152  6.708 0.0000000000
27595  51.522  -42.375  6.538 0.0000000000
27596  50.445  -42.715  6.547 0.0000000000
27597  49.195  -42.975  6.846 0.0000000000
27598  48.458  -42.245  6.959 0.0000000000
28604  31.276  -41.745  11.139 0.0000000000
28605  30.486  -41.745  10.576 0.0000000000
28608  41.739  -41.022  10.290 0.0000000000
28609  41.027  -41.118  10.416 0.0000000000
28610  40.263  -41.188  10.248 0.0000000000
28611  29.943  -41.720  9.978 0.0000000000
28614  43.168  -41.088  9.125 0.0000000000
28615  42.404  -41.247  9.692 0.0000000000
28616  41.529  -41.618  9.902 0.0000000000
28617  40.725  -41.796  9.973 0.0000000000
28618  39.946  -41.893  9.859 0.0000000000
28619  38.724  -41.202  9.562 0.0000000000
28620  37.286  -41.746  9.562 0.0000000000
28621  36.405  -41.488  9.635 0.0000000000
28622  35.422  -41.198  9.657 0.0000000000
28623  34.450  -41.264  9.665 0.0000000000
28624  33.629  -41.261  9.588 0.0000000000
28625  32.771  -41.205  9.487 0.0000000000
28626  31.859  -41.156  9.454 0.0000000000
28627  30.049  -41.940  9.837 0.0000000000
28631  43.582  -41.314  8.411 0.0000000000
28632  42.838  -41.726  8.832 0.0000000000
28633  30.987  -41.201  9.508 0.0000000000
28634  30.324  -41.275  9.715 0.0000000000
28637  47.428  -42.337  7.264 0.0000000000
28638  46.855  -41.645  7.258 0.0000000000
28639  45.825  -41.927  7.425 0.0000000000
28640  44.727  -41.159  7.680 0.0000000000
28641  44.085  -41.696  7.804 0.0000000000
28642  51.922  -41.624  6.784 0.0000000000
28643  51.639  -41.452  6.457 0.0000000000
28644  50.797  -41.824  6.332 0.0000000000
28645  48.876  -41.437  6.634 0.0000000000
28646  47.831  -41.553  7.006 0.0000000000
28647  47.305  -40.772  6.962 0.0000000000
29564  30.919  -40.999  11.085 0.0000000000
29565  30.437  -40.469  10.557 0.0000000000
29570  42.263  -40.501  10.326 0.0000000000
29571  41.425  -40.430  10.674 0.0000000000
29572  40.528  -40.368  10.700 0.0000000000
29573  39.752  -40.551  10.302 0.0000000000
29574  30.048  -40.869  10.044 0.0000000000
29577  43.096  -40.426  9.674 0.0000000000
29578  42.739  -39.911  10.293 0.0000000000
29579  39.082  -40.486  9.743 0.0000000000
29580  38.347  -40.438  9.404 0.0000000000
29581  37.108  -40.895  9.415 0.0000000000
29582  36.277  -40.625  9.476 0.0000000000
29583  35.534  -40.376  9.510 0.0000000000
29584  34.780  -40.526  9.570 0.0000000000
29585  33.366  -40.546  9.502 0.0000000000
29586  32.460  -40.445  9.451 0.0000000000
29587  31.496  -40.435  9.500 0.0000000000
29588  30.264  -40.535  9.902 0.0000000000
29592  44.344  -40.710  8.091 0.0000000000
29593  43.755  -40.548  8.841 0.0000000000
29594  30.704  -40.519  9.660 0.0000000000
29595  51.653  -40.878  6.601 0.0000000000
29596  51.603  -40.365  6.746 0.0000000000
29597  46.609  -40.142  7.133 0.0000000000
29598  45.776  -40.333  7.433 0.0000000000
29599  45.034  -40.507  7.673 0.0000000000
29600  51.421  -40.588  6.335 0.0000000000
29601  50.746  -40.301  6.112 0.0000000000
29602  49.354  -40.539  6.335 0.0000000000
29603  48.254  -40.197  6.584 0.0000000000
29604  47.411  -39.956  6.815 0.0000000000
30499  40.800  -39.003  11.304 0.0000000000
30500  31.304  -39.582  11.294 0.0000000000
30501  30.645  -39.661  10.778 0.0000000000
30507  42.842  -39.217  10.476 0.0000000000
30508  42.007  -39.681  10.794 0.0000000000
30509  39.360  -39.826  10.126 0.0000000000
30510  30.286  -39.917  10.135 0.0000000000
30513  44.085  -39.096  9.377 0.0000000000
30514  43.385  -39.590  9.887 0.0000000000
30515  38.678  -39.636  9.431 0.0000000000
30516  37.932  -39.779  9.156 0.0000000000
30517  37.049  -39.985  9.227 0.0000000000
30518  33.093  -39.789  9.438 0.0000000000
30519  32.055  -39.586  9.460 0.0000000000
30520  31.035  -39.777  9.587 0.0000000000
30521  30.398  -39.772  9.909 0.0000000000
30522  51.381  -39.670  7.037 0.0000000000
30525  44.988  -39.322  8.039 0.0000000000
30526  44.405  -39.783  8.590 0.0000000000
30527  43.795  -39.900  9.287 0.0000000000
30528  38.193  -39.029  8.977 0.0000000000
30529  37.513  -39.155  8.996 0.0000000000
30530  36.653  -39.178  9.189 0.0000000000
30531  30.541  -39.967  9.770 0.0000000000
30532  51.429  -40.279  6.453 0.0000000000
30533  51.299  -39.681  6.555 0.0000000000
30534  51.150  -38.815  6.717 0.0000000000
30535  46.108  -39.428  7.345 0.0000000000
30536  45.346  -39.783  7.679 0.0000000000
30537  44.798  -40.008  7.967 0.0000000000
30538  51.231  -39.839  6.301 0.0000000000
30539  49.378  -39.669  6.230 0.0000000000
30540  48.194  -39.254  6.496 0.0000000000
30541  47.012  -39.362  6.911 0.0000000000
31387  31.535  -38.180  11.395 0.0000000000
31388  30.766  -38.037  11.105 0.0000000000
31395  41.844  -37.989  11.292 0.0000000000
31396  41.353  -38.493  11.359 0.0000000000
31397  40.596  -38.274  11.424 0.0000000000
31398  40.038  -38.035  11.323 0.0000000000
31399  30.863  -38.801  11.083 0.0000000000
31400  30.510  -38.234  10.643 0.0000000000
31407  43.114  -38.403  10.475 0.0000000000
31408  42.202  -38.674  11.001 0.0000000000
31409  40.131  -38.705  11.191 0.0000000000
31410  39.663  -39.112  10.633 0.0000000000
31411  30.348  -38.355  10.098 0.0000000000
31419  44.452  -38.221  9.152 0.0000000000
31420  43.823  -38.300  9.833 0.0000000000
31421  39.116  -39.028  9.775 0.0000000000
31422  38.663  -38.859  9.225 0.0000000000
31423  36.245  -38.466  9.249 0.0000000000
31424  35.552  -38.505  9.406 0.0000000000
31425  34.840  -38.326  9.503 0.0000000000
31426  34.066  -38.541  9.540 0.0000000000
31427  33.219  -38.375  9.547 0.0000000000
31428  32.217  -38.656  9.508 0.0000000000
31429  30.563  -38.405  9.849 0.0000000000
31433  45.326  -38.475  7.994 0.0000000000
31434  44.946  -38.109  8.565 0.0000000000
31435  38.935  -38.309  9.362 0.0000000000
31436  38.431  -38.335  8.892 0.0000000000
31437  37.851  -38.438  8.756 0.0000000000
31438  37.099  -38.492  8.952 0.0000000000
31439  30.585  -39.320  9.764 0.0000000000
31440  50.746  -38.121  6.520 0.0000000000
31441  50.750  -37.968  7.085 0.0000000000
31442  46.696  -38.671  7.077 0.0000000000
31443  45.974  -38.574  7.470 0.0000000000
31444  50.612  -38.097  6.320 0.0000000000
31445  48.536  -38.114  6.284 0.0000000000
31446  47.309  -38.007  6.740 0.0000000000
32323  31.845  -37.376  11.451 0.0000000000
32324  30.945  -37.453  11.226 0.0000000000
32330  41.152  -37.776  11.519 0.0000000000
32331  40.388  -37.536  11.494 0.0000000000
32332  39.794  -37.369  11.233 0.0000000000
32333  30.534  -37.564  10.773 0.0000000000
32338  42.632  -37.649  10.917 0.0000000000
32339  39.466  -37.633  10.560 0.0000000000
32340  30.396  -37.778  10.330 0.0000000000
32347  44.164  -37.562  9.627 0.0000000000
32348  43.502  -37.608  10.291 0.0000000000
32349  39.160  -37.585  9.601 0.0000000000
32350  35.614  -37.725  9.368 0.0000000000
32351  34.798  -37.076  9.517 0.0000000000
32352  34.107  -37.753  9.597 0.0000000000
32353  33.092  -37.470  9.629 0.0000000000
32354  32.125  -37.313  9.574 0.0000000000
32355  30.686  -37.463  9.788 0.0000000000
32356  30.419  -37.664  10.032 0.0000000000
32361  50.513  -37.268  7.034 0.0000000000
32363  45.399  -37.607  8.214 0.0000000000
32364  44.810  -37.409  8.936 0.0000000000
32365  38.783  -37.659  8.903 0.0000000000
32366  38.177  -37.699  8.611 0.0000000000
32367  37.454  -37.793  8.752 0.0000000000
32368  36.633  -37.808  9.065 0.0000000000
32369  35.563  -36.889  9.350 0.0000000000
32373  50.514  -37.535  6.299 0.0000000000
32374  50.597  -37.488  6.496 0.0000000000
32375  45.890  -37.815  7.628 0.0000000000
32376  50.127  -37.662  5.993 0.0000000000
32377  49.155  -37.193  5.937 0.0000000000
32378  48.017  -37.278  6.342 0.0000000000
32379  47.011  -37.333  6.843 0.0000000000
33196  31.240  -36.764  11.321 0.0000000000
33203  41.752  -36.333  11.523 0.0000000000
33204  40.969  -36.980  11.605 0.0000000000
33205  40.171  -36.713  11.569 0.0000000000
33206  39.697  -36.461  11.296 0.0000000000
33207  30.518  -36.777  10.777 0.0000000000
33215  43.259  -36.739  10.649 0.0000000000
33216  42.474  -36.815  11.158 0.0000000000
33217  39.387  -36.347  10.490 0.0000000000
33224  44.405  -36.843  9.532 0.0000000000
33225  43.874  -37.004  10.051 0.0000000000
33226  39.272  -36.803  9.454 0.0000000000
33227  35.085  -36.234  9.381 0.0000000000
33228  33.828  -36.773  9.623 0.0000000000
33229  32.727  -36.672  9.579 0.0000000000
33230  31.677  -36.607  9.549 0.0000000000
33231  30.774  -36.714  9.710 0.0000000000
33232  30.235  -36.158  9.886 0.0000000000
33238  45.362  -36.825  8.489 0.0000000000
33239  44.898  -36.665  9.056 0.0000000000
33240  39.184  -36.415  8.686 0.0000000000
33241  38.671  -36.875  8.510 0.0000000000
33242  37.704  -36.938  8.523 0.0000000000
33243  36.779  -36.548  8.858 0.0000000000
33244  35.959  -36.363  9.169 0.0000000000
33248  50.439  -37.063  6.162 0.0000000000
33249  50.414  -36.816  6.354 0.0000000000
33250  46.685  -36.723  7.066 0.0000000000
33251  45.959  -36.945  7.725 0.0000000000
33252  50.213  -36.197  5.989 0.0000000000
33253  49.758  -35.850  5.783 0.0000000000
33254  48.862  -36.387  5.876 0.0000000000
33255  47.559  -36.603  6.477 0.0000000000
34101  31.688  -36.030  11.399 0.0000000000
34102  30.664  -35.436  11.138 0.0000000000
34110  42.187  -35.559  11.504 0.0000000000
34111  41.253  -35.423  11.822 0.0000000000
34112  40.049  -35.790  11.730 0.0000000000
34113  39.540  -35.598  11.250 0.0000000000
34114  30.258  -35.928  10.512 0.0000000000
34123  42.743  -36.067  11.179 0.0000000000
34124  39.358  -35.394  10.306 0.0000000000
34125  29.913  -35.518  10.043 0.0000000000
34133  39.400  -36.012  9.333 0.0000000000
34134  34.951  -35.267  9.321 0.0000000000
34135  34.176  -35.899  9.526 0.0000000000
34136  33.340  -35.386  9.491 0.0000000000
34137  32.259  -35.811  9.494 0.0000000000
34138  31.287  -35.197  9.539 0.0000000000
34139  30.272  -35.417  9.785 0.0000000000
34148  39.383  -35.548  8.483 0.0000000000
34149  38.978  -35.895  8.149 0.0000000000
34150  38.304  -35.596  8.098 0.0000000000
34151  36.745  -35.041  8.618 0.0000000000
34152  35.847  -35.007  8.929 0.0000000000
34158  46.790  -35.164  6.979 0.0000000000
34159  46.161  -35.455  7.827 0.0000000000
34160  39.434  -35.141  7.955 0.0000000000
34163  49.770  -35.197  5.965 0.0000000000
34164  49.717  -35.255  5.845 0.0000000000
34165  49.024  -35.331  5.707 0.0000000000
34166  47.878  -35.045  6.156 0.0000000000
34167  49.435  -34.714  5.913 0.0000000000
34168  49.290  -34.870  5.740 0.0000000000
35041  31.090  -34.622  11.343 0.0000000000
35042  30.127  -34.684  10.937 0.0000000000
35052  40.221  -34.239  12.036 0.0000000000
35053  39.719  -34.133  11.688 0.0000000000
35054  29.786  -34.724  10.298 0.0000000000
35062  29.874  -34.799  9.974 0.0000000000
35070  39.553  -35.174  9.132 0.0000000000
35071  35.230  -34.418  9.189 0.0000000000
35072  34.432  -34.522  9.383 0.0000000000
35073  33.567  -34.629  9.460 0.0000000000
35074  32.468  -34.803  9.481 0.0000000000
35075  31.479  -34.500  9.550 0.0000000000
35076  30.529  -34.667  9.690 0.0000000000
35084  40.227  -34.164  7.872 0.0000000000
35085  39.800  -34.715  8.209 0.0000000000
35086  37.361  -34.555  8.339 0.0000000000
35087  36.589  -34.273  8.605 0.0000000000
35088  35.903  -34.232  8.832 0.0000000000
35096  39.778  -34.516  7.722 0.0000000000
35097  38.957  -34.543  7.627 0.0000000000
35100  49.426  -34.537  5.981 0.0000000000
35101  48.085  -34.105  5.858 0.0000000000
35102  47.384  -34.439  6.408 0.0000000000
35103  49.187  -34.107  5.908 0.0000000000
35104  49.115  -34.240  5.782 0.0000000000
35105  48.673  -33.908  5.745 0.0000000000
35991  31.622  -33.823  11.423 0.0000000000
35992  30.423  -33.955  11.232 0.0000000000
36001  40.003  -33.427  12.062 0.0000000000
36002  39.591  -33.408  11.506 0.0000000000
36003  29.813  -33.987  10.743 0.0000000000
36011  39.486  -33.398  10.441 0.0000000000
36012  29.819  -33.939  10.234 0.0000000000
36019  40.438  -33.422  8.324 0.0000000000
36020  39.778  -33.820  9.155 0.0000000000
36021  34.731  -33.887  9.302 0.0000000000
36022  33.862  -33.809  9.411 0.0000000000
36023  32.947  -33.483  9.467 0.0000000000
36024  32.032  -33.216  9.520 0.0000000000
36025  30.989  -33.847  9.656 0.0000000000
36026  30.083  -34.171  9.889 0.0000000000
36035  40.499  -33.564  7.799 0.0000000000
36036  40.238  -34.109  8.222 0.0000000000
36037  37.148  -33.025  8.341 0.0000000000
36038  35.384  -33.632  9.064 0.0000000000
36041  49.248  -33.973  6.072 0.0000000000
36044  40.211  -33.762  7.534 0.0000000000
36045  39.504  -33.872  7.477 0.0000000000
36046  38.574  -33.720  7.646 0.0000000000
36051  49.046  -33.336  5.872 0.0000000000
36052  47.587  -33.640  6.205 0.0000000000
36056  48.929  -33.601  5.777 0.0000000000
36057  48.376  -33.256  5.745 0.0000000000
36882  32.138  -32.891  11.391 0.0000000000
36883  30.949  -33.240  11.324 0.0000000000
36891  39.802  -32.730  11.902 0.0000000000
36892  39.655  -32.208  11.411 0.0000000000
36893  29.492  -32.589  10.656 0.0000000000
36894  29.270  -31.789  10.806 0.0000000000
36903  39.622  -32.503  10.497 0.0000000000
36904  29.531  -32.918  10.181 0.0000000000
36905  29.260  -32.167  10.374 0.0000000000
36914  40.540  -32.585  8.556 0.0000000000
36915  39.871  -32.967  9.397 0.0000000000
36916  34.784  -32.169  9.153 0.0000000000
36917  33.596  -32.956  9.379 0.0000000000
36918  32.822  -32.822  9.438 0.0000000000
36919  32.136  -32.299  9.444 0.0000000000
36920  30.969  -32.912  9.583 0.0000000000
36921  29.918  -32.567  9.741 0.0000000000
36922  29.398  -32.345  9.975 0.0000000000
36932  41.388  -32.157  7.195 0.0000000000
36933  40.935  -32.797  7.624 0.0000000000
36934  37.303  -32.185  8.363 0.0000000000
36935  36.394  -32.474  8.644 0.0000000000
36936  35.507  -32.768  8.943 0.0000000000
36937  29.576  -32.188  9.821 0.0000000000
36944  41.214  -32.456  7.043 0.0000000000
36945  40.663  -33.052  7.333 0.0000000000
36946  38.994  -32.524  7.427 0.0000000000
36947  38.123  -32.861  7.852 0.0000000000
36956  40.673  -32.559  6.978 0.0000000000
36961  48.804  -32.910  5.747 0.0000000000
37763  31.382  -31.295  11.441 0.0000000000
37764  30.218  -31.446  11.313 0.0000000000
37765  29.540  -30.703  11.243 0.0000000000
37774  39.820  -31.132  11.309 0.0000000000
37775  29.701  -32.160  11.078 0.0000000000
37776  29.052  -31.073  10.961 0.0000000000
37783  39.743  -31.651  10.686 0.0000000000
37784  29.218  -31.443  10.688 0.0000000000
37791  40.168  -31.385  9.669 0.0000000000
37792  40.015  -32.143  9.630 0.0000000000
37793  34.970  -31.298  9.200 0.0000000000
37794  33.946  -31.597  9.310 0.0000000000
37795  32.871  -31.521  9.382 0.0000000000
37796  31.838  -31.399  9.449 0.0000000000
37797  29.980  -31.870  9.678 0.0000000000
37798  29.341  -31.828  10.021 0.0000000000
37809  41.697  -31.576  7.258 0.0000000000
37810  41.208  -32.044  8.004 0.0000000000
37811  38.252  -31.051  8.055 0.0000000000
37812  37.435  -31.308  8.444 0.0000000000
37813  36.567  -31.589  8.718 0.0000000000
37814  35.677  -31.880  8.923 0.0000000000
37821  41.663  -31.687  6.757 0.0000000000
37822  39.734  -31.479  7.067 0.0000000000
37823  38.949  -31.655  7.496 0.0000000000
37824  38.171  -31.913  7.971 0.0000000000
37830  41.143  -32.016  6.732 0.0000000000
37831  40.445  -32.012  6.819 0.0000000000
38691  32.362  -30.942  11.555 0.0000000000
38692  30.700  -30.645  11.468 0.0000000000
38693  30.161  -29.950  11.413 0.0000000000
38701  28.898  -30.234  10.964 0.0000000000
38710  39.941  -30.799  10.563 0.0000000000
38711  28.985  -30.611  10.916 0.0000000000
38720  40.478  -30.608  9.394 0.0000000000
38721  36.142  -30.079  9.260 0.0000000000
38722  35.227  -30.388  9.311 0.0000000000
38723  34.304  -30.684  9.358 0.0000000000
38724  33.396  -30.812  9.401 0.0000000000
38725  32.508  -30.783  9.427 0.0000000000
38726  31.604  -30.623  9.467 0.0000000000
38727  29.858  -30.664  9.788 0.0000000000
38728  29.342  -31.043  10.395 0.0000000000
38737  41.876  -30.808  7.455 0.0000000000
38738  41.287  -31.164  8.164 0.0000000000
38739  38.428  -30.219  8.205 0.0000000000
38740  37.622  -30.447  8.587 0.0000000000
38741  36.766  -30.703  8.859 0.0000000000
38742  35.893  -30.997  9.070 0.0000000000
38748  42.525  -30.479  6.083 0.0000000000
38749  42.124  -31.111  6.610 0.0000000000
38750  39.775  -30.692  7.048 0.0000000000
38751  39.003  -30.826  7.582 0.0000000000
38758  42.123  -31.033  6.229 0.0000000000
38759  41.473  -31.346  6.421 0.0000000000
38760  40.567  -31.437  6.631 0.0000000000
39651  32.254  -29.935  11.690 0.0000000000
39652  30.631  -29.404  11.536 0.0000000000
39653  29.630  -29.162  11.383 0.0000000000
39665  28.771  -29.390  11.040 0.0000000000
39674  28.796  -29.691  10.924 0.0000000000
39684  40.546  -29.734  9.501 0.0000000000
39685  37.314  -28.778  9.250 0.0000000000
39686  36.407  -29.152  9.384 0.0000000000
39687  35.420  -29.384  9.449 0.0000000000
39688  33.960  -29.495  9.449 0.0000000000
39689  33.279  -29.520  9.450 0.0000000000
39690  32.431  -29.580  9.456 0.0000000000
39691  31.364  -29.799  9.493 0.0000000000
39692  30.074  -29.885  9.714 0.0000000000
39693  29.161  -30.078  10.441 0.0000000000
39701  41.741  -29.777  7.834 0.0000000000
39702  41.166  -30.219  8.534 0.0000000000
39703  38.619  -29.382  8.302 0.0000000000
39704  37.872  -29.570  8.760 0.0000000000
39705  37.026  -29.798  9.089 0.0000000000
39711  42.943  -29.853  6.130 0.0000000000
39712  42.412  -30.379  6.756 0.0000000000
39713  39.853  -29.845  7.047 0.0000000000
39714  39.140  -29.997  7.683 0.0000000000
39718  43.028  -29.841  5.569 0.0000000000
39719  42.440  -30.324  5.790 0.0000000000
39720  41.655  -30.673  5.963 0.0000000000
39721  40.661  -30.698  6.423 0.0000000000
40432  31.349  -28.114  11.866 0.0000000000
40433  29.866  -28.251  11.570 0.0000000000
40442  28.894  -28.511  11.188 0.0000000000
40451  28.609  -28.757  10.947 0.0000000000
40462  36.599  -28.357  9.504 0.0000000000
40463  35.861  -28.504  9.557 0.0000000000
40464  34.422  -28.184  9.565 0.0000000000
40465  33.393  -28.084  9.528 0.0000000000
40466  32.290  -28.005  9.515 0.0000000000
40467  31.284  -28.307  9.562 0.0000000000
40468  30.318  -28.013  9.742 0.0000000000
40469  29.158  -28.520  10.299 0.0000000000
40475  39.276  -27.990  7.916 0.0000000000
40476  38.488  -27.993  8.713 0.0000000000
40477  37.855  -28.090  9.158 0.0000000000
40485  43.048  -28.946  6.420 0.0000000000
40486  42.444  -29.382  7.128 0.0000000000
40487  39.271  -29.114  7.765 0.0000000000
40492  43.955  -28.615  5.021 0.0000000000
40493  43.381  -29.258  5.506 0.0000000000
40494  41.603  -29.618  5.665 0.0000000000
40499  43.516  -29.138  4.976 0.0000000000
40500  42.730  -29.540  5.274 0.0000000000
40501  41.873  -28.558  5.269 0.0000000000
40507  43.979  -28.382  4.719 0.0000000000
41213  31.344  -27.018  12.027 0.0000000000
41214  30.260  -27.373  11.727 0.0000000000
41215  29.182  -27.628  11.336 0.0000000000
41227  28.673  -27.866  10.993 0.0000000000
41236  28.878  -27.047  10.725 0.0000000000
41248  37.135  -27.725  9.453 0.0000000000
41249  36.196  -27.621  9.586 0.0000000000
41250  34.756  -27.394  9.541 0.0000000000
41251  33.979  -27.316  9.503 0.0000000000
41252  31.320  -27.556  9.547 0.0000000000
41253  30.428  -27.244  9.703 0.0000000000
41254  29.377  -27.397  10.239 0.0000000000
41264  41.507  -27.492  8.390 0.0000000000
41265  38.644  -27.317  8.510 0.0000000000
41266  37.959  -27.258  9.097 0.0000000000
41273  42.921  -27.838  6.735 0.0000000000
41274  42.258  -28.241  7.443 0.0000000000
41275  39.644  -27.251  7.379 0.0000000000
41281  44.229  -27.861  5.137 0.0000000000
41282  43.638  -28.434  5.748 0.0000000000
41283  40.824  -28.325  6.048 0.0000000000
41284  40.031  -28.073  6.901 0.0000000000
41288  44.467  -27.305  4.283 0.0000000000
41289  44.229  -27.840  4.634 0.0000000000
41290  43.500  -28.249  4.560 0.0000000000
41291  42.513  -28.030  4.762 0.0000000000
41295  44.180  -27.744  4.365 0.0000000000
41296  43.838  -27.458  4.169 0.0000000000
42095  30.566  -26.542  11.739 0.0000000000
42096  29.530  -26.800  11.454 0.0000000000
42109  28.879  -27.045  11.091 0.0000000000
42125  28.924  -26.388  10.647 0.0000000000
42139  37.116  -26.838  9.378 0.0000000000
42140  36.236  -26.644  9.428 0.0000000000
42141  34.569  -26.541  9.367 0.0000000000
42142  33.614  -26.476  9.321 0.0000000000
42143  32.695  -26.306  9.237 0.0000000000
42144  31.202  -26.646  9.418 0.0000000000
42145  29.928  -26.538  9.715 0.0000000000
42146  29.151  -26.381  10.271 0.0000000000
42152  38.368  -26.624  8.595 0.0000000000
42153  37.655  -26.347  8.927 0.0000000000
42154  36.801  -26.024  9.077 0.0000000000
42155  35.916  -25.823  8.972 0.0000000000
42160  42.761  -26.752  6.975 0.0000000000
42161  42.117  -27.149  7.649 0.0000000000
42162  39.599  -26.395  7.295 0.0000000000
42163  39.043  -26.764  8.033 0.0000000000
42168  44.408  -26.974  5.309 0.0000000000
42169  43.661  -27.417  6.063 0.0000000000
42170  40.793  -26.588  6.012 0.0000000000
42171  40.278  -27.160  6.618 0.0000000000
42175  44.843  -26.762  4.129 0.0000000000
42176  44.583  -27.234  4.549 0.0000000000
42177  43.064  -26.918  4.311 0.0000000000
42178  42.240  -27.077  4.811 0.0000000000
42179  41.580  -27.347  5.338 0.0000000000
42183  44.528  -27.129  4.049 0.0000000000
43061  30.861  -25.851  11.618 0.0000000000
43062  29.834  -26.069  11.406 0.0000000000
43082  31.138  -25.282  11.219 0.0000000000
43083  30.118  -25.425  11.152 0.0000000000
43084  29.314  -25.613  10.891 0.0000000000
43095  28.700  -24.916  10.088 0.0000000000
43103  34.825  -25.771  8.904 0.0000000000
43104  34.040  -25.799  8.966 0.0000000000
43105  33.342  -25.825  8.987 0.0000000000
43106  31.821  -25.835  9.016 0.0000000000
43107  30.530  -25.798  9.281 0.0000000000
43108  29.353  -25.674  9.718 0.0000000000
43113  42.093  -25.251  8.120 0.0000000000
43115  38.145  -25.920  8.450 0.0000000000
43116  37.349  -25.584  8.588 0.0000000000
43117  36.379  -25.260  8.501 0.0000000000
43118  35.341  -25.272  8.526 0.0000000000
43119  34.397  -25.206  8.492 0.0000000000
43120  33.569  -25.271  8.557 0.0000000000
43121  32.173  -25.126  8.575 0.0000000000
43122  31.067  -25.019  8.705 0.0000000000
43123  29.768  -25.010  9.252 0.0000000000
43124  28.814  -24.860  9.820 0.0000000000
43129  43.499  -25.340  6.550 0.0000000000
43130  42.684  -25.736  7.220 0.0000000000
43131  42.039  -26.151  7.841 0.0000000000
43132  39.582  -25.487  7.058 0.0000000000
43133  38.811  -25.686  7.822 0.0000000000
43134  37.911  -25.196  8.134 0.0000000000
43135  37.054  -24.895  8.195 0.0000000000
43138  44.532  -26.006  5.516 0.0000000000
43139  43.583  -26.366  6.309 0.0000000000
43140  40.244  -25.331  6.400 0.0000000000
43144  45.371  -25.838  4.024 0.0000000000
43145  45.032  -26.494  4.527 0.0000000000
43146  42.256  -26.254  4.782 0.0000000000
43147  41.481  -26.396  5.377 0.0000000000
43151  44.912  -26.429  3.852 0.0000000000
43152  44.083  -26.770  3.895 0.0000000000
44017  31.509  -24.725  10.675 0.0000000000
44018  30.430  -24.759  10.752 0.0000000000
44019  29.437  -24.910  10.611 0.0000000000
44032  32.026  -24.159  10.145 0.0000000000
44033  28.828  -24.322  10.121 0.0000000000
44039  28.758  -24.179  9.844 0.0000000000
44046  35.806  -24.581  8.038 0.0000000000
44047  34.814  -24.566  8.121 0.0000000000
44048  33.871  -24.549  8.187 0.0000000000
44049  32.971  -24.743  8.338 0.0000000000
44050  30.936  -24.133  8.393 0.0000000000
44051  30.102  -24.425  8.821 0.0000000000
44052  29.205  -24.202  9.370 0.0000000000
44058  43.480  -24.396  6.866 0.0000000000
44059  42.713  -24.798  7.529 0.0000000000
44060  38.379  -24.231  7.287 0.0000000000
44061  37.572  -24.445  7.689 0.0000000000
44062  36.617  -24.395  7.832 0.0000000000
44063  35.206  -23.945  7.694 0.0000000000
44064  34.352  -23.927  7.788 0.0000000000
44065  32.816  -23.957  8.044 0.0000000000
44066  31.841  -23.701  8.078 0.0000000000
44070  45.305  -24.562  5.134 0.0000000000
44071  44.459  -24.971  5.812 0.0000000000
44072  39.777  -23.913  6.387 0.0000000000
44073  39.626  -24.688  6.692 0.0000000000
44074  38.976  -24.830  7.240 0.0000000000
44078  45.704  -24.188  4.055 0.0000000000
44079  45.590  -24.869  4.246 0.0000000000
44080  45.304  -25.533  4.691 0.0000000000
44081  43.049  -24.771  4.349 0.0000000000
44082  41.717  -24.560  5.178 0.0000000000
44083  40.807  -24.934  5.786 0.0000000000
44088  45.527  -24.836  3.969 0.0000000000
44089  45.133  -25.466  3.766 0.0000000000
44090  44.025  -25.802  3.868 0.0000000000
44091  42.556  -25.509  4.587 0.0000000000
44882  30.905  -24.056  10.347 0.0000000000
44883  29.666  -24.083  10.348 0.0000000000
44899  32.595  -23.470  9.756 0.0000000000
44900  31.505  -23.366  9.907 0.0000000000
44901  30.245  -23.280  10.014 0.0000000000
44902  29.192  -23.386  9.769 0.0000000000
44908  29.102  -23.159  9.335 0.0000000000
44913  29.748  -23.592  8.706 0.0000000000
44914  28.895  -22.527  9.063 0.0000000000
44917  44.347  -23.025  6.733 0.0000000000
44918  43.689  -22.856  7.832 0.0000000000
44919  42.913  -23.980  7.880 0.0000000000
44920  37.745  -23.666  7.323 0.0000000000
44921  36.900  -23.822  7.499 0.0000000000
44922  35.610  -23.282  7.431 0.0000000000
44923  34.755  -23.237  7.490 0.0000000000
44924  33.170  -23.316  7.673 0.0000000000
44925  32.462  -23.330  7.776 0.0000000000
44926  30.783  -23.313  8.144 0.0000000000
44927  29.777  -22.755  8.375 0.0000000000
44928  29.065  -22.251  8.746 0.0000000000
44932  45.103  -23.591  5.582 0.0000000000
44933  44.307  -23.977  6.203 0.0000000000
44934  38.514  -23.455  6.989 0.0000000000
44935  37.958  -22.975  7.133 0.0000000000
44939  45.728  -23.436  4.299 0.0000000000
44940  45.626  -24.043  4.594 0.0000000000
44941  41.418  -23.553  5.342 0.0000000000
44942  39.999  -23.074  6.235 0.0000000000
44945  45.683  -23.408  4.033 0.0000000000
44946  45.307  -23.385  3.773 0.0000000000
44947  43.625  -24.051  4.094 0.0000000000
44948  42.879  -23.093  4.476 0.0000000000
45889  33.218  -22.694  9.587 0.0000000000
45890  32.167  -22.532  9.607 0.0000000000
45891  30.984  -22.578  9.727 0.0000000000
45892  29.797  -22.409  9.570 0.0000000000
45893  29.092  -22.581  9.291 0.0000000000
45898  28.815  -22.215  9.024 0.0000000000
45904  28.799  -22.027  8.963 0.0000000000
45910  37.078  -22.987  7.252 0.0000000000
45911  36.137  -22.691  7.209 0.0000000000
45912  35.238  -22.470  7.197 0.0000000000
45913  34.265  -22.427  7.303 0.0000000000
45914  33.481  -22.715  7.448 0.0000000000
45915  32.580  -22.587  7.501 0.0000000000
45916  31.370  -22.060  7.557 0.0000000000
45917  29.760  -21.946  8.139 0.0000000000
45922  45.330  -21.967  5.708 0.0000000000
45923  45.110  -22.701  5.925 0.0000000000
45924  39.431  -22.553  6.452 0.0000000000
45925  38.644  -22.555  6.776 0.0000000000
45926  37.713  -22.283  6.991 0.0000000000
45927  36.777  -22.100  7.023 0.0000000000
45928  35.914  -21.934  6.933 0.0000000000
45932  45.626  -22.706  4.902 0.0000000000
45933  41.416  -21.977  5.309 0.0000000000
45934  40.805  -22.733  5.675 0.0000000000
45935  40.022  -22.165  6.175 0.0000000000
45938  45.757  -22.644  4.133 0.0000000000
45939  45.612  -22.279  3.928 0.0000000000
45940  44.624  -22.486  3.825 0.0000000000
45941  43.398  -22.409  4.241 0.0000000000
45942  42.294  -22.198  4.757 0.0000000000
46929  32.173  -21.553  9.446 0.0000000000
46930  31.105  -21.249  9.446 0.0000000000
46931  29.946  -21.419  9.354 0.0000000000
46932  29.134  -21.813  9.186 0.0000000000
46943  29.484  -21.026  9.041 0.0000000000
46944  29.032  -21.679  8.929 0.0000000000
46950  29.609  -20.918  8.682 0.0000000000
46951  29.142  -21.658  8.744 0.0000000000
46957  44.603  -21.437  7.489 0.0000000000
46958  34.800  -21.882  7.062 0.0000000000
46959  33.359  -21.829  7.267 0.0000000000
46960  32.270  -21.570  7.381 0.0000000000
46961  30.381  -21.329  7.771 0.0000000000
46962  29.646  -21.232  8.332 0.0000000000
46967  44.904  -21.274  6.515 0.0000000000
46968  39.227  -21.750  6.474 0.0000000000
46969  38.327  -21.689  6.704 0.0000000000
46970  37.420  -21.471  6.765 0.0000000000
46971  36.495  -21.281  6.758 0.0000000000
46972  34.961  -21.208  6.816 0.0000000000
46973  34.255  -21.444  7.063 0.0000000000
46974  33.578  -20.794  7.054 0.0000000000
46978  45.613  -21.991  4.657 0.0000000000
46979  41.198  -21.129  5.380 0.0000000000
46980  39.948  -21.295  6.132 0.0000000000
46984  45.736  -22.014  4.054 0.0000000000
46985  44.693  -21.629  3.796 0.0000000000
46986  42.843  -21.591  4.442 0.0000000000
46987  41.934  -21.360  4.920 0.0000000000
46992  45.534  -21.413  4.032 0.0000000000
46993  45.264  -21.212  3.791 0.0000000000
47991  33.076  -21.310  9.378 0.0000000000
47992  32.336  -20.664  9.295 0.0000000000
47993  31.315  -20.476  9.265 0.0000000000
47994  30.304  -20.581  9.161 0.0000000000
48007  33.290  -20.477  9.229 0.0000000000
48008  32.676  -19.936  9.118 0.0000000000
48009  30.813  -19.844  8.918 0.0000000000
48010  30.207  -20.170  8.605 0.0000000000
48016  30.246  -19.976  8.232 0.0000000000
48024  32.829  -21.004  7.226 0.0000000000
48025  31.854  -20.507  7.351 0.0000000000
48026  30.744  -20.450  7.655 0.0000000000
48027  30.424  -19.704  7.898 0.0000000000
48034  45.361  -21.153  5.341 0.0000000000
48035  44.830  -20.461  6.321 0.0000000000
48036  39.306  -20.898  6.332 0.0000000000
48037  38.650  -20.532  6.380 0.0000000000
48038  37.156  -20.538  6.515 0.0000000000
48039  36.144  -20.437  6.561 0.0000000000
48040  35.312  -20.419  6.614 0.0000000000
48041  34.429  -20.407  6.750 0.0000000000
48042  33.533  -19.794  6.780 0.0000000000
48043  31.851  -19.431  7.165 0.0000000000
48044  31.067  -19.588  7.535 0.0000000000
48051  45.214  -20.268  5.294 0.0000000000
48052  41.109  -20.331  5.354 0.0000000000
48053  40.416  -20.041  5.624 0.0000000000
48054  39.868  -20.501  5.994 0.0000000000
48062  45.506  -20.712  4.021 0.0000000000
48063  43.555  -20.376  4.023 0.0000000000
48064  42.538  -20.693  4.543 0.0000000000
48065  41.689  -20.664  5.033 0.0000000000
48074  45.392  -20.603  3.842 0.0000000000
48075  45.122  -20.526  3.624 0.0000000000
48076  44.527  -20.829  3.744 0.0000000000
48994  31.794  -19.844  9.079 0.0000000000
49006  33.428  -19.555  8.991 0.0000000000
49007  31.340  -19.199  8.628 0.0000000000
49008  30.645  -19.327  8.335 0.0000000000
49017  30.419  -19.477  8.146 0.0000000000
49025  30.476  -19.229  7.994 0.0000000000
49034  39.217  -20.160  6.167 0.0000000000
49035  38.445  -19.715  6.182 0.0000000000
49036  37.459  -19.648  6.268 0.0000000000
49037  36.574  -19.675  6.340 0.0000000000
49038  35.708  -19.528  6.358 0.0000000000
49039  34.219  -19.363  6.477 0.0000000000
49040  33.318  -18.804  6.491 0.0000000000
49041  31.699  -18.591  6.896 0.0000000000
49042  31.249  -18.705  7.329 0.0000000000
49043  30.784  -18.987  7.728 0.0000000000
49050  45.493  -20.025  4.285 0.0000000000
49051  45.137  -19.501  5.130 0.0000000000
49052  41.028  -19.492  5.322 0.0000000000
49053  40.258  -19.267  5.580 0.0000000000
49054  38.732  -18.964  5.866 0.0000000000
49055  37.825  -18.897  5.977 0.0000000000
49056  36.810  -18.853  6.022 0.0000000000
49057  35.860  -18.597  5.966 0.0000000000
49062  45.544  -19.432  3.658 0.0000000000
49063  43.436  -19.619  3.980 0.0000000000
49064  41.861  -19.874  4.851 0.0000000000
49071  45.311  -19.908  3.547 0.0000000000
49072  44.539  -19.999  3.590 0.0000000000
49920  33.810  -18.736  8.702 0.0000000000
49921  32.688  -18.336  8.391 0.0000000000
49922  31.816  -18.664  8.418 0.0000000000
49923  31.096  -18.591  8.100 0.0000000000
49931  34.424  -18.271  8.434 0.0000000000
49932  31.116  -18.467  7.644 0.0000000000
49933  30.639  -18.942  7.972 0.0000000000
49939  31.151  -18.429  7.462 0.0000000000
49940  30.818  -18.805  7.812 0.0000000000
49945  34.883  -18.812  6.170 0.0000000000
49946  33.994  -18.562  6.202 0.0000000000
49947  33.224  -17.783  6.215 0.0000000000
49948  31.292  -18.023  6.960 0.0000000000
49954  45.524  -19.226  4.261 0.0000000000
49955  45.090  -18.844  5.031 0.0000000000
49956  41.178  -17.893  5.119 0.0000000000
49957  39.999  -18.507  5.563 0.0000000000
49958  39.166  -18.325  5.638 0.0000000000
49959  38.254  -18.206  5.677 0.0000000000
49960  37.330  -18.127  5.669 0.0000000000
49961  36.467  -18.023  5.658 0.0000000000
49962  35.092  -18.001  5.722 0.0000000000
49963  34.214  -17.929  5.863 0.0000000000
49968  45.764  -18.790  3.407 0.0000000000
49969  45.459  -18.497  4.377 0.0000000000
49970  43.254  -18.956  4.058 0.0000000000
49971  42.628  -18.464  4.394 0.0000000000
49972  41.698  -18.801  4.893 0.0000000000
49978  45.996  -18.509  2.962 0.0000000000
49979  45.532  -18.597  2.896 0.0000000000
49980  44.112  -19.188  3.562 0.0000000000
49984  45.920  -17.876  2.652 0.0000000000
50866  31.732  -18.163  8.087 0.0000000000
50874  34.533  -17.593  7.903 0.0000000000
50875  33.651  -17.963  8.243 0.0000000000
50876  32.159  -17.654  7.802 0.0000000000
50877  31.438  -17.922  7.601 0.0000000000
50882  31.732  -17.191  7.220 0.0000000000
50887  31.686  -17.290  6.852 0.0000000000
50888  31.425  -17.711  7.146 0.0000000000
50893  40.490  -17.505  5.286 0.0000000000
50894  39.730  -17.650  5.441 0.0000000000
50895  38.718  -17.522  5.468 0.0000000000
50896  37.791  -17.427  5.476 0.0000000000
50897  36.925  -17.336  5.479 0.0000000000
50898  36.083  -17.255  5.477 0.0000000000
50899  34.519  -17.348  5.620 0.0000000000
50900  33.659  -16.997  5.806 0.0000000000
50906  45.789  -18.185  3.680 0.0000000000
50907  43.710  -17.432  3.504 0.0000000000
50908  42.004  -17.968  4.728 0.0000000000
50909  40.942  -17.015  5.092 0.0000000000
50915  46.278  -17.014  2.629 0.0000000000
50916  46.106  -17.821  2.806 0.0000000000
50917  45.289  -17.744  2.570 0.0000000000
50918  44.580  -18.064  3.064 0.0000000000
50919  46.172  -17.205  2.367 0.0000000000
51792  35.020  -16.946  7.545 0.0000000000
51793  34.168  -16.658  7.454 0.0000000000
51794  33.106  -16.345  7.207 0.0000000000
51795  32.462  -16.994  7.479 0.0000000000
51799  32.868  -16.273  6.842 0.0000000000
51800  32.203  -16.645  7.056 0.0000000000
51805  32.991  -16.346  6.480 0.0000000000
51806  32.359  -16.671  6.769 0.0000000000
51812  40.094  -16.897  5.223 0.0000000000
51813  39.175  -16.826  5.258 0.0000000000
51814  38.224  -16.722  5.299 0.0000000000
51815  36.491  -16.447  5.329 0.0000000000
51816  35.467  -16.455  5.352 0.0000000000
51817  34.437  -16.472  5.507 0.0000000000
51818  33.669  -16.184  5.781 0.0000000000
51819  33.119  -16.481  6.218 0.0000000000
51825  45.968  -17.440  3.452 0.0000000000
51826  45.169  -16.759  4.609 0.0000000000
51827  43.142  -16.817  3.931 0.0000000000
51828  42.365  -16.580  4.490 0.0000000000
51829  41.458  -16.368  4.853 0.0000000000
51830  40.562  -16.274  4.996 0.0000000000
51831  39.650  -16.183  5.026 0.0000000000
51832  38.703  -16.053  5.070 0.0000000000
51833  37.661  -15.909  5.142 0.0000000000
51837  46.336  -16.680  3.090 0.0000000000
51838  44.915  -16.955  2.439 0.0000000000
51839  43.923  -16.589  3.246 0.0000000000
51840  46.513  -16.529  2.119 0.0000000000
51841  46.237  -16.648  1.926 0.0000000000
51842  45.536  -16.451  2.035 0.0000000000
51843  46.745  -16.084  1.798 0.0000000000
52731  34.992  -16.037  7.174 0.0000000000
52732  34.059  -16.010  7.120 0.0000000000
52744  35.693  -15.305  6.841 0.0000000000
52745  34.263  -15.555  6.714 0.0000000000
52746  33.524  -15.875  6.747 0.0000000000
52753  33.890  -15.399  6.205 0.0000000000
52754  33.373  -15.971  6.453 0.0000000000
52760  36.715  -15.656  5.092 0.0000000000
52761  35.751  -15.639  5.109 0.0000000000
52762  34.829  -15.608  5.255 0.0000000000
52763  34.112  -15.587  5.608 0.0000000000
52764  33.533  -15.800  6.030 0.0000000000
52770  45.621  -15.455  4.043 0.0000000000
52772  43.026  -16.027  4.051 0.0000000000
52773  42.044  -15.583  4.630 0.0000000000
52774  41.298  -14.891  4.685 0.0000000000
52775  40.152  -15.593  4.823 0.0000000000
52776  39.252  -15.473  4.779 0.0000000000
52777  38.307  -15.285  4.786 0.0000000000
52778  37.248  -14.975  4.745 0.0000000000
52779  36.096  -14.917  4.759 0.0000000000
52780  35.144  -14.874  4.919 0.0000000000
52781  34.558  -14.922  5.305 0.0000000000
52782  46.651  -16.256  2.409 0.0000000000
52783  46.304  -15.192  3.403 0.0000000000
52784  44.574  -16.020  2.596 0.0000000000
52785  43.690  -15.551  3.401 0.0000000000
52786  42.889  -15.118  4.149 0.0000000000
52787  47.225  -15.359  1.860 0.0000000000
52788  46.976  -16.034  1.994 0.0000000000
52789  46.108  -15.971  1.646 0.0000000000
52790  45.282  -15.534  2.072 0.0000000000
52791  46.638  -15.528  1.596 0.0000000000
53660  36.005  -14.503  6.547 0.0000000000
53661  35.163  -14.690  6.448 0.0000000000
53662  34.488  -14.954  6.305 0.0000000000
53667  34.421  -14.691  5.917 0.0000000000
53672  34.645  -14.467  5.487 0.0000000000
53676  45.584  -14.552  4.137 0.0000000000
53678  42.126  -14.621  4.532 0.0000000000
53679  39.528  -14.157  4.376 0.0000000000
53680  38.928  -14.742  4.524 0.0000000000
53681  38.058  -14.519  4.501 0.0000000000
53682  36.527  -14.227  4.540 0.0000000000
53683  35.499  -14.087  4.708 0.0000000000
53684  34.825  -14.264  5.003 0.0000000000
53685  46.938  -15.070  2.595 0.0000000000
53686  46.353  -14.380  3.430 0.0000000000
53687  44.351  -15.013  2.785 0.0000000000
53688  42.825  -14.363  4.210 0.0000000000
53689  47.483  -14.598  1.860 0.0000000000
53690  47.466  -15.019  2.009 0.0000000000
53691  45.896  -15.081  1.595 0.0000000000
53692  45.074  -14.559  2.194 0.0000000000
53693  44.153  -13.896  3.041 0.0000000000
54631  36.300  -13.711  6.311 0.0000000000
54632  35.354  -13.874  6.104 0.0000000000
54637  35.977  -13.039  5.936 0.0000000000
54638  35.347  -13.298  5.440 0.0000000000
54639  34.882  -14.087  5.702 0.0000000000
54644  35.237  -13.186  5.033 0.0000000000
54645  34.981  -13.822  5.225 0.0000000000
54647  45.637  -13.574  4.142 0.0000000000
54649  41.091  -13.532  4.478 0.0000000000
54650  40.093  -13.488  4.269 0.0000000000
54651  39.153  -13.425  4.058 0.0000000000
54652  38.314  -13.261  4.014 0.0000000000
54653  36.980  -13.585  4.387 0.0000000000
54654  36.076  -13.466  4.491 0.0000000000
54655  35.479  -13.275  4.766 0.0000000000
54656  35.069  -13.739  4.942 0.0000000000
54657  47.638  -13.428  2.437 0.0000000000
54658  47.152  -14.201  2.598 0.0000000000
54659  46.429  -13.722  3.449 0.0000000000
54660  43.379  -13.216  3.664 0.0000000000
54661  37.444  -12.904  4.115 0.0000000000
54662  36.554  -12.867  4.348 0.0000000000
54663  35.923  -12.873  4.533 0.0000000000
54664  48.178  -13.116  1.811 0.0000000000
54665  47.754  -13.922  1.909 0.0000000000
54666  45.765  -14.266  1.647 0.0000000000
54667  44.935  -13.582  2.279 0.0000000000
54668  44.468  -12.997  2.620 0.0000000000
54669  47.647  -13.852  1.763 0.0000000000
54670  47.057  -13.992  1.491 0.0000000000
54671  46.371  -14.019  1.487 0.0000000000
54672  45.672  -13.418  1.729 0.0000000000
55569  36.620  -12.377  5.791 0.0000000000
55570  35.844  -12.492  5.369 0.0000000000
55575  35.521  -12.706  5.104 0.0000000000
55579  41.600  -12.941  4.353 0.0000000000
55580  40.640  -12.674  4.181 0.0000000000
55581  39.611  -12.770  3.924 0.0000000000
55582  38.738  -12.706  3.788 0.0000000000
55583  35.664  -12.564  4.819 0.0000000000
55584  47.885  -12.620  2.644 0.0000000000
55585  46.962  -12.801  3.274 0.0000000000
55586  46.200  -13.051  3.723 0.0000000000
55587  43.371  -12.459  3.578 0.0000000000
55588  42.521  -12.766  4.146 0.0000000000
55589  41.577  -12.149  4.164 0.0000000000
55590  39.930  -12.154  3.803 0.0000000000
55591  39.106  -12.048  3.606 0.0000000000
55592  38.197  -11.970  3.561 0.0000000000
55593  37.434  -12.044  3.757 0.0000000000
55594  36.814  -12.181  4.121 0.0000000000
55595  36.250  -12.326  4.456 0.0000000000
55596  48.761  -12.487  1.893 0.0000000000
55597  48.361  -13.060  1.962 0.0000000000
55598  48.500  -12.678  1.777 0.0000000000
55599  48.031  -13.178  1.711 0.0000000000
55600  47.352  -13.282  1.529 0.0000000000
55601  46.447  -12.725  1.511 0.0000000000
55602  45.710  -12.600  1.718 0.0000000000
56514  37.226  -11.561  5.645 0.0000000000
56515  36.416  -11.663  5.186 0.0000000000
56519  36.390  -11.500  4.728 0.0000000000
56520  35.889  -12.100  5.000 0.0000000000
56522  36.470  -11.431  4.366 0.0000000000
56523  36.159  -11.914  4.614 0.0000000000
56524  48.802  -12.345  2.154 0.0000000000
56525  48.054  -11.781  2.995 0.0000000000
56526  46.987  -11.939  3.473 0.0000000000
56527  43.540  -11.650  3.330 0.0000000000
56528  42.569  -11.800  3.890 0.0000000000
56529  41.525  -11.143  3.772 0.0000000000
56530  39.639  -11.436  3.532 0.0000000000
56531  38.477  -11.093  3.319 0.0000000000
56532  37.459  -11.206  3.529 0.0000000000
56533  36.825  -11.420  3.869 0.0000000000
56534  36.518  -11.771  4.229 0.0000000000
56535  49.173  -12.080  1.891 0.0000000000
56536  49.479  -11.889  1.947 0.0000000000
56537  45.114  -11.588  2.004 0.0000000000
56538  44.358  -11.679  2.584 0.0000000000
56539  48.681  -12.308  1.705 0.0000000000
56540  48.029  -12.785  1.596 0.0000000000
56541  46.944  -12.274  1.441 0.0000000000
56542  45.886  -11.894  1.638 0.0000000000
56543  45.422  -10.947  1.731 0.0000000000
57504  37.843  -10.759  5.629 0.0000000000
57505  37.012  -11.030  5.218 0.0000000000
57511  37.234  -10.489  4.884 0.0000000000
57512  36.753  -10.914  4.772 0.0000000000
57516  36.951  -10.425  4.259 0.0000000000
57517  36.600  -10.986  4.268 0.0000000000
57518  50.264  -11.160  2.227 0.0000000000
57519  48.136  -10.888  3.369 0.0000000000
57520  47.037  -10.998  3.680 0.0000000000
57521  43.858  -10.901  2.900 0.0000000000
57522  42.771  -10.817  3.531 0.0000000000
57523  41.837  -10.361  3.501 0.0000000000
57524  40.922  -10.310  3.374 0.0000000000
57525  39.307  -10.579  3.215 0.0000000000
57526  38.349  -10.053  3.102 0.0000000000
57527  36.859  -10.650  3.842 0.0000000000
57528  36.547  -11.159  4.043 0.0000000000
57529  51.219  -10.465  1.826 0.0000000000
57530  50.957  -10.623  1.834 0.0000000000
57531  44.927  -10.617  2.005 0.0000000000
57532  44.250  -10.305  2.442 0.0000000000
57533  43.333  -10.079  3.038 0.0000000000
57534  50.862  -10.839  1.796 0.0000000000
57535  49.491  -11.686  1.762 0.0000000000
57536  48.215  -10.402  1.586 0.0000000000
58611  38.442  -10.002  5.664 0.0000000000
58612  37.800  -10.119  5.115 0.0000000000
58616  38.916  -9.290  5.518 0.0000000000
58617  38.161  -9.560  4.878 0.0000000000
58618  37.438  -9.892  4.424 0.0000000000
58621  48.824  -9.613  3.563 0.0000000000
58622  48.109  -10.048  3.611 0.0000000000
58624  37.780  -9.241  4.113 0.0000000000
58625  37.314  -9.798  3.813 0.0000000000
58626  42.419  -10.007  3.313 0.0000000000
58627  41.456  -9.584  3.150 0.0000000000
58628  40.224  -9.603  2.978 0.0000000000
58629  39.186  -9.733  2.947 0.0000000000
58630  51.375  -10.262  1.948 0.0000000000
58632  43.822  -9.419  2.495 0.0000000000
58633  42.603  -9.251  2.919 0.0000000000
58634  41.531  -8.734  2.744 0.0000000000
58635  40.479  -8.854  2.727 0.0000000000
58636  39.306  -8.819  2.735 0.0000000000
58637  38.687  -8.362  2.895 0.0000000000
58638  51.343  -10.153  1.863 0.0000000000
58639  50.379  -10.009  1.614 0.0000000000
58640  48.757  -9.600  1.630 0.0000000000
59577  39.408  -8.599  5.312 0.0000000000
59578  38.554  -8.807  4.542 0.0000000000
59583  38.123  -8.760  3.862 0.0000000000
59584  51.211  -9.613  2.411 0.0000000000
59585  50.738  -8.943  3.083 0.0000000000
59586  49.780  -9.209  3.403 0.0000000000
59587  38.319  -8.599  3.334 0.0000000000
59588  51.554  -9.396  2.074 0.0000000000
59591  42.344  -8.406  2.554 0.0000000000
59592  40.619  -8.131  2.439 0.0000000000
59593  39.661  -8.116  2.478 0.0000000000
59594  39.040  -8.062  2.637 0.0000000000
59595  51.017  -9.301  1.771 0.0000000000
59596  49.816  -9.013  1.613 0.0000000000
60519  39.247  -8.113  4.469 0.0000000000
60526  39.984  -7.401  4.485 0.0000000000
60527  39.080  -7.552  3.496 0.0000000000
60528  38.577  -8.292  3.778 0.0000000000
60529  51.496  -7.495  2.543 0.0000000000
60530  50.797  -7.968  3.214 0.0000000000
60531  49.708  -8.239  3.674 0.0000000000
60532  38.974  -7.351  2.777 0.0000000000
60533  38.684  -8.013  3.132 0.0000000000
60535  51.729  -7.800  2.129 0.0000000000
60538  40.747  -7.466  2.115 0.0000000000
60539  39.733  -7.426  2.179 0.0000000000
60540  39.122  -7.406  2.479 0.0000000000
60541  38.818  -7.793  2.784 0.0000000000
60542  50.543  -8.385  1.694 0.0000000000
60548  40.974  -6.937  1.808 0.0000000000
60549  39.650  -6.714  1.818 0.0000000000
60550  39.234  -6.911  2.061 0.0000000000
61437  40.972  -6.958  5.060 0.0000000000
61448  41.390  -6.200  4.716 0.0000000000
61449  40.443  -6.577  4.073 0.0000000000
61450  39.574  -6.898  3.524 0.0000000000
61453  50.717  -7.033  3.342 0.0000000000
61454  39.803  -6.095  3.113 0.0000000000
61455  39.124  -6.790  2.796 0.0000000000
61457  51.987  -6.823  2.079 0.0000000000
61458  39.048  -6.732  2.301 0.0000000000
61468  40.440  -6.241  1.526 0.0000000000
62375  41.809  -5.506  4.547 0.0000000000
62376  40.851  -5.721  3.655 0.0000000000
62383  39.707  -5.573  2.601 0.0000000000
62391  39.035  -5.790  2.052 0.0000000000
62399  39.970  -5.358  1.302 0.0000000000
62400  39.400  -5.065  1.586 0.0000000000
63279  41.813  -4.822  3.895 0.0000000000
63280  40.539  -5.018  2.878 0.0000000000
63294  42.149  -3.833  3.798 0.0000000000
63295  41.216  -4.285  3.024 0.0000000000
63296  40.172  -4.591  2.333 0.0000000000
63308  39.667  -4.619  1.615 0.0000000000
63314  39.796  -4.456  0.865 0.0000000000
63315  39.651  -4.297  0.952 0.0000000000
63318  39.685  -3.886  0.530 0.0000000000
64168  42.703  -3.230  4.578 0.0000000000
64184  42.283  -2.937  3.748 0.0000000000
64185  41.526  -3.466  3.028 0.0000000000
64186  40.474  -3.978  2.276 0.0000000000
64197  39.825  -3.834  1.374 0.0000000000
64203  39.576  -3.508  0.473 0.0000000000
64206  39.584  -3.465  0.155 0.0000000000
65038  42.669  -2.335  4.510 0.0000000000
65039  42.298  -2.062  3.755 0.0000000000
65055  41.712  -2.605  3.029 0.0000000000
65056  40.804  -3.169  2.236 0.0000000000
65077  41.093  -2.261  2.307 0.0000000000
65078  40.057  -2.863  1.373 0.0000000000
65086  39.461  -2.668  0.487 0.0000000000
65087  39.190  -2.093  0.087 0.0000000000
65091  39.821  -2.746  -0.292 0.0000000000
65092  40.110  -1.849  -0.523 0.0000000000
65093  39.552  -1.602  -0.428 0.0000000000
65094  39.248  -1.913  -0.112 0.0000000000
65095  39.368  -1.395  -0.321 0.0000000000
65917  42.560  -1.479  4.462 0.0000000000
65932  42.252  -1.290  3.802 0.0000000000
65933  41.813  -1.689  3.109 0.0000000000
65952  41.249  -1.288  2.418 0.0000000000
65953  40.490  -1.917  1.655 0.0000000000
65961  39.790  -1.736  0.912 0.0000000000
65962  39.421  -1.170  0.267 0.0000000000
65966  39.230  -1.512  -0.109 0.0000000000
65967  40.685  -0.952  -0.636 0.0000000000
65968  40.107  -0.967  -0.849 0.0000000000
65969  39.302  -1.057  -0.381 0.0000000000
65970  39.477  -0.939  -0.666 0.0000000000
66787  42.391  -0.689  4.292 0.0000000000
66801  41.873  -0.591  3.348 0.0000000000
66822  41.217  -0.212  2.387 0.0000000000
66823  40.565  -1.011  1.667 0.0000000000
66838  39.947  -0.818  0.965 0.0000000000
66839  39.593  -0.054  0.344 0.0000000000
66847  39.250  -0.519  -0.406 0.0000000000
66849  41.132  0.011  -0.822 0.0000000000
66850  40.296  -0.278  -1.169 0.0000000000
66851  39.178  -0.353  -0.794 0.0000000000
66852  39.528  -0.349  -1.124 0.0000000000
67712  40.201  0.890  0.958 0.0000000000
67722  39.174  0.278  -0.709 0.0000000000
67726  42.244  1.219  -0.748 0.0000000000
67727  41.522  1.080  -1.128 0.0000000000
67728  40.610  0.608  -1.337 0.0000000000
67729  40.859  1.367  -1.445 0.0000000000
67730  40.016  1.113  -1.506 0.0000000000
67731  39.262  0.384  -1.107 0.0000000000
68612  40.118  1.809  0.562 0.0000000000
68613  39.468  1.048  -0.035 0.0000000000
68626  39.801  1.861  -0.375 0.0000000000
68627  39.300  1.133  -0.897 0.0000000000
68633  42.161  1.896  -1.234 0.0000000000
68634  41.405  1.890  -1.476 0.0000000000
68635  39.841  1.777  -1.127 0.0000000000
68636  39.632  1.230  -1.267 0.0000000000
68637  40.639  1.790  -1.478 0.0000000000
68638  40.097  1.616  -1.400 0.0000000000
69494  40.487  2.483  1.056 0.0000000000
69509  40.726  3.022  1.037 0.0000000000
69510  40.398  2.499  0.247 0.0000000000
69521  41.773  3.035  0.499 0.0000000000
69522  40.940  3.000  0.022 0.0000000000
69523  40.461  2.420  -0.806 0.0000000000
69529  42.441  2.286  -0.874 0.0000000000
69530  41.726  2.319  -1.261 0.0000000000
69531  40.998  2.296  -1.415 0.0000000000
69532  40.403  2.031  -1.349 0.0000000000
70373  41.016  3.291  1.004 0.0000000000
113292  31.664  -22.965  7.749 0.0000000000
113473  44.826  -21.999  6.688 0.0000000000
113532  38.940  -59.518  7.826 0.0000000000
113708  32.230  -31.868  11.416 0.0000000000
113995  44.200  -23.310  3.884 0.0000000000
114039  30.923  -32.300  11.288 0.0000000000
114155  39.236  -23.263  6.593 0.0000000000
114214  38.350  -24.869  7.653 0.0000000000
114282  49.105  -11.527  2.527 0.0000000000
114304  44.870  -41.846  7.557 0.0000000000
114399  45.122  -19.337  3.220 0.0000000000
114492  30.943  -32.039  9.525 0.0000000000
114529  30.015  -33.434  9.831 0.0000000000
114560  39.894  -8.032  5.158 0.0000000000
114728  40.956  -57.870  7.528 0.0000000000
114763  32.938  -30.166  9.417 0.0000000000
114848  42.856  -51.233  10.529 0.0000000000
114851  37.875  -55.533  8.783 0.0000000000
114875  30.055  -20.538  8.118 0.0000000000
115095  38.884  -58.521  7.580 0.0000000000
115200  39.513  -19.072  5.736 0.0000000000
115279  29.334  -29.343  10.054 0.0000000000
115283  41.792  -17.214  4.810 0.0000000000
115291  31.549  -52.271  9.071 0.0000000000
115311  32.411  -19.195  8.791 0.0000000000
115374  29.928  -33.135  11.072 0.0000000000
115514  40.671  -29.819  6.312 0.0000000000
115543  50.072  -41.213  6.304 0.0000000000
115618  44.557  -53.926  7.510 0.0000000000
115649  44.311  -24.947  3.812 0.0000000000
115673  40.547  -28.941  6.366 0.0000000000
115698  35.675  -21.185  6.759 0.0000000000
115716  31.171  -29.939  11.569 0.0000000000
115974  39.227  -5.855  1.764 0.0000000000
116105  30.173  -36.381  10.151 0.0000000000
116109  28.859  -25.463  10.187 0.0000000000
116269  30.687  -31.186  9.553 0.0000000000
116432  36.376  -35.758  8.876 0.0000000000
116437  30.643  -53.844  10.224 0.0000000000
116519  40.730  -54.676  10.809 0.0000000000
116568  45.813  -36.158  8.150 0.0000000000
116581  49.626  -47.874  7.935 0.0000000000
116630  32.169  -18.061  6.582 0.0000000000
116679  44.317  -22.217  7.514 0.0000000000
116808  38.178  -28.741  8.820 0.0000000000
116813  46.837  -43.996  7.635 0.0000000000
116853  41.292  -54.596  10.403 0.0000000000
116877  30.681  -21.908  9.583 0.0000000000
116894  41.191  2.664  -0.959 0.0000000000
116898  33.290  -36.095  9.551 0.0000000000
116922  50.943  -48.369  8.805 0.0000000000
116982  33.250  -32.257  9.347 0.0000000000
116994  32.894  -22.015  9.490 0.0000000000
117147  34.930  -19.709  6.479 0.0000000000
117189  45.553  -21.367  4.292 0.0000000000
117273  33.961  -56.618  10.797 0.0000000000
117277  33.735  -30.097  9.410 0.0000000000
117408  39.300  -48.946  9.037 0.0000000000
117489  30.988  -35.991  9.591 0.0000000000
117521  29.013  -25.782  10.528 0.0000000000
117584  43.079  -45.052  8.164 0.0000000000
117634  39.066  -24.061  6.818 0.0000000000
117646  32.381  -28.913  11.980 0.0000000000
117847  51.405  -8.605  2.461 0.0000000000
117878  33.460  -17.204  7.703 0.0000000000
117890  50.661  -39.348  6.082 0.0000000000
117969  31.774  -45.980  11.107 0.0000000000
118040  40.782  -18.672  5.343 0.0000000000
118041  45.747  -16.373  3.850 0.0000000000
118072  31.813  -28.926  9.503 0.0000000000
118078  32.839  -28.844  9.491 0.0000000000
118105  30.029  -41.315  9.922 0.0000000000
118144  40.205  -60.829  8.899 0.0000000000
118149  33.802  -58.611  12.694 0.0000000000
118193  38.008  -58.140  7.577 0.0000000000
118220  30.444  -28.973  9.633 0.0000000000
118271  38.065  -20.948  6.554 0.0000000000
118301  36.543  -56.910  7.643 0.0000000000
118380  43.875  -50.706  9.426 0.0000000000
118417  36.062  -23.923  7.608 0.0000000000
118600  31.389  -54.028  9.858 0.0000000000
118610  31.439  -29.186  11.689 0.0000000000
118629  36.533  -55.531  8.240 0.0000000000
118679  40.077  -45.333  8.680 0.0000000000
118753  46.408  -36.082  7.414 0.0000000000
118825  45.530  -53.849  7.399 0.0000000000
118844  36.078  -39.831  9.365 0.0000000000
118901  33.877  -46.435  9.316 0.0000000000
118920  46.720  -52.186  7.341 0.0000000000
119011  43.006  -27.593  4.415 0.0000000000
119200  45.397  -41.125  7.488 0.0000000000
119211  29.100  -23.334  9.300 0.0000000000
119222  36.748  -48.229  8.497 0.0000000000
119226  39.404  -5.107  2.049 0.0000000000
119313  47.626  -44.375  7.605 0.0000000000
119396  33.739  -28.877  9.498 0.0000000000
119400  43.532  -14.622  3.580 0.0000000000
119405  47.154  -15.655  2.069 0.0000000000
119513  32.573  -19.141  6.804 0.0000000000
119546  40.322  -39.496  11.019 0.0000000000
119897  44.557  -11.000  2.318 0.0000000000
120176  37.172  -33.807  8.392 0.0000000000
120204  35.133  -39.686  9.491 0.0000000000
120212  46.736  -14.776  1.498 0.0000000000
120223  34.117  -35.134  9.458 0.0000000000
120225  39.946  -33.116  7.216 0.0000000000
120261  51.473  -8.597  1.918 0.0000000000
120339  28.763  -27.152  10.935 0.0000000000
120385  34.174  -15.102  5.767 0.0000000000
120416  47.175  -10.561  1.507 0.0000000000
120464  34.086  -39.924  9.503 0.0000000000
120485  37.955  -57.258  7.579 0.0000000000
120531  29.092  -26.307  11.097 0.0000000000
120571  40.514  -20.830  5.706 0.0000000000
120620  49.599  -42.086  6.565 0.0000000000
120712  34.570  -33.076  9.242 0.0000000000
120725  36.273  -37.087  9.173 0.0000000000
120727  29.594  -33.341  10.586 0.0000000000
120791  37.874  -9.148  3.555 0.0000000000
120807  39.743  -19.770  5.845 0.0000000000
120870  36.867  -54.860  9.603 0.0000000000
120877  47.602  -51.315  7.398 0.0000000000
120883  44.919  -12.595  2.228 0.0000000000
120898  45.589  -19.184  3.292 0.0000000000
121034  37.971  -20.281  6.385 0.0000000000
121071  32.178  -33.995  9.518 0.0000000000
121072  33.030  -34.141  9.476 0.0000000000
121073  35.348  -44.281  9.925 0.0000000000
121137  46.193  -47.854  8.745 0.0000000000
121164  44.490  -48.228  9.489 0.0000000000
121186  30.581  -42.043  9.559 0.0000000000
121214  42.392  -43.962  7.943 0.0000000000
121245  37.399  -35.918  8.485 0.0000000000
121283  51.132  -46.244  9.053 0.0000000000
121287  37.575  -10.325  3.425 0.0000000000
121292  39.041  -0.077  -0.912 0.0000000000
121302  30.365  -37.143  10.301 0.0000000000
121310  48.262  -40.909  6.700 0.0000000000
121339  48.188  -49.363  7.785 0.0000000000
121377  35.420  -27.028  9.545 0.0000000000
121394  43.668  -52.096  9.206 0.0000000000
121456  43.620  -18.338  3.693 0.0000000000
121489  30.938  -40.205  11.108 0.0000000000
121512  36.633  -13.082  6.168 0.0000000000
121515  47.585  -49.993  7.649 0.0000000000
121546  41.078  -39.731  11.086 0.0000000000
121557  39.821  -32.275  7.080 0.0000000000
121601  44.732  -50.863  8.320 0.0000000000
121707  40.639  -23.900  5.837 0.0000000000
121708  49.567  -10.839  1.577 0.0000000000
121816  31.664  -38.965  11.428 0.0000000000
121898  38.229  -42.018  9.521 0.0000000000
121906  32.758  -20.136  7.084 0.0000000000
121911  51.929  -43.915  7.323 0.0000000000
121963  46.516  -54.100  7.423 0.0000000000
122038  39.388  -34.007  11.055 0.0000000000
122152  35.080  -60.287  12.709 0.0000000000
122193  32.544  -45.325  9.386 0.0000000000
122194  40.170  -26.123  6.654 0.0000000000
122245  34.921  -15.293  6.719 0.0000000000
122251  45.933  -42.878  7.526 0.0000000000
122428  50.000  -36.639  5.828 0.0000000000
122451  39.532  -32.821  11.213 0.0000000000
122563  50.152  -11.367  1.884 0.0000000000
122600  47.463  -46.928  8.406 0.0000000000
122913  41.789  -60.235  8.224 0.0000000000
122914  38.910  -6.319  2.009 0.0000000000
122963  33.939  -41.953  9.678 0.0000000000
122964  34.787  -41.990  9.823 0.0000000000
122965  35.685  -42.134  9.900 0.0000000000
122966  36.585  -42.366  9.846 0.0000000000
123004  36.328  -44.235  9.987 0.0000000000
123040  39.000  -50.229  13.804 0.0000000000
123054  45.753  -17.183  2.264 0.0000000000
123154  37.405  -48.529  10.344 0.0000000000
123176  37.256  -44.064  9.861 0.0000000000
123235  43.211  -23.370  8.153 0.0000000000
123295  48.609  -50.144  7.642 0.0000000000
123300  39.852  -34.946  11.735 0.0000000000
123360  46.269  -40.985  7.274 0.0000000000
123378  32.022  -24.459  8.332 0.0000000000
123400  31.462  -37.986  9.606 0.0000000000
123403  34.491  -39.096  9.495 0.0000000000
123484  39.340  -37.094  10.215 0.0000000000
123548  50.135  -35.979  6.334 0.0000000000
123557  33.053  -41.964  9.515 0.0000000000
123580  49.688  -38.722  6.109 0.0000000000
123581  33.644  -39.141  9.478 0.0000000000
123584  47.056  -11.404  1.450 0.0000000000
123585  48.336  -11.418  1.513 0.0000000000
123628  37.690  -48.358  11.346 0.0000000000
123728  39.812  0.314  -1.383 0.0000000000
123744  40.627  -21.680  5.735 0.0000000000
123794  50.964  -38.859  6.374 0.0000000000
123853  35.317  -27.893  9.603 0.0000000000
123888  49.163  -10.639  3.046 0.0000000000
123941  43.502  -38.933  10.053 0.0000000000
124161  30.375  -36.864  9.989 0.0000000000
124204  34.794  -45.236  9.482 0.0000000000
124342  41.814  -37.266  11.378 0.0000000000
124388  44.725  -38.837  8.609 0.0000000000
124412  34.534  -29.076  9.506 0.0000000000
124517  37.902  -41.123  9.404 0.0000000000
124597  46.453  -13.393  1.504 0.0000000000
124612  41.913  -45.086  8.281 0.0000000000
124637  31.683  -35.223  11.418 0.0000000000
124680  41.558  -25.547  5.303 0.0000000000
124768  30.026  -35.229  10.485 0.0000000000
124789  39.713  -38.222  10.951 0.0000000000
124891  28.660  -27.944  10.862 0.0000000000
124983  39.313  -38.354  10.170 0.0000000000
124987  48.080  -35.865  6.194 0.0000000000
125025  39.432  -34.742  11.145 0.0000000000
125151  38.222  -34.915  7.945 0.0000000000
125166  37.361  -16.661  5.349 0.0000000000
125185  47.146  -35.935  6.682 0.0000000000
125299  46.090  -11.262  1.527 0.0000000000
125350  30.429  -39.001  10.395 0.0000000000
125390  50.456  -38.585  6.118 0.0000000000
125406  35.245  -17.261  5.505 0.0000000000
125467  34.531  -29.861  9.415 0.0000000000
125506  48.740  -34.520  5.750 0.0000000000
125544  30.753  -36.197  11.119 0.0000000000
125604  32.107  -41.920  9.443 0.0000000000
125617  28.450  -52.081  8.894 0.0000000000
125748  35.096  -58.169  9.689 0.0000000000
125796  43.036  -51.957  10.382 0.0000000000
125928  40.135  -54.667  11.226 0.0000000000
125964  30.245  -41.160  10.415 0.0000000000
126078  45.521  -39.115  7.689 0.0000000000
126087  45.324  -17.681  4.523 0.0000000000
126138  30.968  -43.868  10.161 0.0000000000
126141  30.356  -39.107  9.980 0.0000000000
126182  40.008  -10.234  3.185 0.0000000000
126328  31.559  -42.990  11.127 0.0000000000
126350  35.812  -39.104  9.385 0.0000000000
126448  41.792  2.732  -0.626 0.0000000000
126471  35.167  -38.945  9.462 0.0000000000
126482  29.744  -31.330  9.810 0.0000000000
126612  39.491  -36.977  10.852 0.0000000000
126704  45.026  -24.371  3.690 0.0000000000
126711  33.939  -23.274  7.577 0.0000000000
126726  46.522  -37.961  7.210 0.0000000000
126819  46.974  -50.602  7.528 0.0000000000
126829  49.462  -50.316  7.823 0.0000000000
126830  40.346  -10.910  3.502 0.0000000000
126921  40.551  -14.314  4.561 0.0000000000
127021  35.680  -47.254  10.818 0.0000000000
127069  38.633  -13.994  4.282 0.0000000000
127129  39.827  -14.902  4.612 0.0000000000
127337  50.392  -36.990  6.100 0.0000000000
127363  40.855  -25.768  5.867 0.0000000000
127370  43.583  -23.577  7.274 0.0000000000
127388  40.450  -18.051  5.378 0.0000000000
127412  35.379  -26.234  9.234 0.0000000000
127468  40.205  -46.774  8.664 0.0000000000
127470  45.581  -24.116  3.898 0.0000000000
127484  40.615  -11.747  3.862 0.0000000000
127551  39.127  -2.809  -0.025 0.0000000000
127581  41.031  -15.621  4.835 0.0000000000
127629  29.134  -22.857  8.859 0.0000000000
127648  39.064  -33.256  7.444 0.0000000000
127666  45.418  -19.957  3.725 0.0000000000
127686  45.427  -49.614  8.454 0.0000000000
127701  36.272  -33.447  8.666 0.0000000000
127806  32.782  -25.509  8.739 0.0000000000
127842  41.492  -8.081  2.425 0.0000000000
127892  34.125  -46.006  9.191 0.0000000000
127961  33.596  -23.890  7.883 0.0000000000
128095  32.441  -37.957  9.586 0.0000000000
128113  35.410  -43.484  10.119 0.0000000000
128126  43.921  -51.433  9.123 0.0000000000
128129  35.635  -35.717  9.153 0.0000000000
128159  39.744  -34.498  8.846 0.0000000000
128213  46.885  -13.451  3.133 0.0000000000
128225  40.992  -27.574  5.831 0.0000000000
128244  41.463  -14.194  4.590 0.0000000000
128276  28.955  -25.105  10.412 0.0000000000
128302  50.909  -10.348  2.336 0.0000000000
128325  46.075  -18.276  3.106 0.0000000000
128333  31.777  -20.997  9.381 0.0000000000
128334  43.031  -47.872  10.071 0.0000000000
128350  43.631  -21.154  4.081 0.0000000000
128373  33.532  -45.319  9.376 0.0000000000
128376  39.412  -34.436  10.068 0.0000000000
128420  41.043  -44.003  8.646 0.0000000000
128443  35.129  -28.608  9.560 0.0000000000
128453  42.334  -23.801  4.742 0.0000000000
128461  30.597  -28.811  11.602 0.0000000000
128468  37.592  -35.214  8.283 0.0000000000
128503  40.706  -31.405  8.775 0.0000000000
128553  32.881  -16.966  6.245 0.0000000000
128577  40.502  -25.927  6.271 0.0000000000
128624  42.747  -19.947  4.403 0.0000000000
128631  50.023  -10.168  2.897 0.0000000000
128746  46.057  -12.210  3.911 0.0000000000
128761  50.753  -44.782  7.196 0.0000000000
128766  45.544  -53.058  7.405 0.0000000000
128799  41.376  -45.155  8.415 0.0000000000
128805  28.894  -26.569  10.881 0.0000000000
128811  32.127  -27.025  9.456 0.0000000000
128979  41.618  0.060  3.049 0.0000000000
129037  47.328  -14.583  1.672 0.0000000000
129039  43.183  -26.242  4.292 0.0000000000
129081  45.524  -47.387  9.117 0.0000000000
129090  46.184  -44.256  7.833 0.0000000000
129100  41.058  -56.831  7.563 0.0000000000
129105  42.746  -17.529  4.271 0.0000000000
129107  40.438  -0.078  1.416 0.0000000000
129110  38.890  -42.628  9.543 0.0000000000
129181  51.235  -7.522  1.786 0.0000000000
129188  33.033  -27.202  9.453 0.0000000000
129273  40.206  -24.543  6.242 0.0000000000
129279  31.335  -21.202  7.497 0.0000000000
129333  46.387  -37.359  7.312 0.0000000000
129343  44.111  -12.399  2.894 0.0000000000
129362  32.593  -46.689  12.796 0.0000000000
129561  28.770  -29.173  10.725 0.0000000000
129568  46.303  -10.679  1.478 0.0000000000
129575  32.204  -30.187  9.439 0.0000000000
129583  30.637  -22.533  7.844 0.0000000000
129718  40.133  -49.956  11.387 0.0000000000
129778  38.910  -35.191  7.805 0.0000000000
129831  28.633  -24.834  9.984 0.0000000000
129835  37.675  -40.435  9.308 0.0000000000
129905  42.457  2.605  -0.233 0.0000000000
129935  40.434  -35.055  11.941 0.0000000000
130053  31.730  -16.977  7.007 0.0000000000
130065  32.863  -39.110  9.451 0.0000000000
130097  31.313  -45.221  10.192 0.0000000000
130146  30.584  -51.947  8.904 0.0000000000
130156  38.032  -12.605  3.790 0.0000000000
130157  38.285  -36.278  8.283 0.0000000000
130182  37.990  -34.178  7.961 0.0000000000
130191  42.589  -53.792  9.629 0.0000000000
130286  45.030  -48.955  8.985 0.0000000000
130374  50.170  -11.232  1.742 0.0000000000
130397  46.709  -47.136  8.671 0.0000000000
130400  46.334  -15.990  3.252 0.0000000000
130428  43.221  -13.844  3.902 0.0000000000
130429  44.533  -43.221  7.563 0.0000000000
130471  37.571  -43.335  9.770 0.0000000000
130524  39.771  -31.639  11.566 0.0000000000
130528  34.031  -32.402  9.285 0.0000000000
130609  39.390  -2.286  -0.214 0.0000000000
130647  33.883  -57.688  12.306 0.0000000000
130665  32.372  -17.267  6.493 0.0000000000
130708  32.809  -52.347  10.367 0.0000000000
130743  34.743  -14.389  6.084 0.0000000000
130748  47.003  -45.486  8.291 0.0000000000
130795  37.080  -57.662  7.599 0.0000000000
130832  31.616  -30.543  11.534 0.0000000000
130935  37.831  -9.655  3.343 0.0000000000
130941  44.657  -18.740  3.219 0.0000000000
130955  31.751  -45.696  9.790 0.0000000000
130985  47.476  -38.688  6.690 0.0000000000
131031  39.642  -57.195  7.531 0.0000000000
131034  35.770  -17.855  5.635 0.0000000000
131041  29.269  -29.892  11.218 0.0000000000
131072  35.096  -56.604  7.880 0.0000000000
131190  41.477  -28.581  8.318 0.0000000000
131244  40.539  1.821  1.476 0.0000000000
131295  45.457  -20.726  4.584 0.0000000000
131362  38.777  -44.525  9.324 0.0000000000
131375  39.156  -41.915  9.634 0.0000000000
131423  36.279  -54.522  9.664 0.0000000000
131490  41.797  -22.870  5.079 0.0000000000
131519  43.834  -54.474  7.597 0.0000000000
131533  31.327  -41.793  9.439 0.0000000000
131556  39.914  -28.933  7.081 0.0000000000
131657  32.867  -17.612  7.955 0.0000000000
131679  42.938  -28.899  4.795 0.0000000000
131719  34.072  -40.699  9.585 0.0000000000
131738  42.569  -19.260  4.462 0.0000000000
131743  50.755  -48.321  8.501 0.0000000000
131777  33.448  -53.575  8.635 0.0000000000
132079  40.744  -36.152  11.744 0.0000000000
132088  37.484  -60.337  10.324 0.0000000000
132188  40.837  0.810  1.935 0.0000000000
132225  36.193  -60.120  11.274 0.0000000000
132335  45.598  -23.326  5.028 0.0000000000
132340  39.896  -39.898  10.643 0.0000000000
132373  39.009  -6.339  2.271 0.0000000000
132411  38.744  -21.162  6.519 0.0000000000
132615  42.922  -49.478  10.332 0.0000000000
132618  40.971  -29.242  8.944 0.0000000000
132745  42.126  -60.834  8.556 0.0000000000
132750  47.868  -12.132  1.460 0.0000000000
132754  31.224  -38.943  9.550 0.0000000000
132761  29.438  -53.241  9.555 0.0000000000
132788  38.409  -9.171  3.031 0.0000000000
132814  50.878  -41.009  6.214 0.0000000000
132906  37.819  -13.775  4.270 0.0000000000
132973  34.846  -37.717  9.513 0.0000000000
133003  28.858  -23.813  9.790 0.0000000000
133018  49.671  -51.983  8.153 0.0000000000
133083  30.512  -21.981  7.741 0.0000000000
133241  40.279  -58.172  7.538 0.0000000000
133250  42.866  -13.358  4.102 0.0000000000
133303  48.184  -52.986  7.504 0.0000000000
133319  28.632  -28.603  10.838 0.0000000000
133333  39.501  -41.234  9.899 0.0000000000
133356  36.346  -23.353  7.405 0.0000000000
133496  50.620  -9.692  2.842 0.0000000000
133559  31.482  -21.973  9.561 0.0000000000
133689  29.374  -31.478  11.093 0.0000000000
133702  37.064  -16.159  5.256 0.0000000000
133827  35.300  -21.757  6.939 0.0000000000
133905  39.892  -2.325  1.139 0.0000000000
134033  42.227  -13.678  4.402 0.0000000000
134146  34.183  -45.281  9.406 0.0000000000
134166  38.785  -43.860  9.451 0.0000000000
134179  51.729  -46.423  8.144 0.0000000000
134196  36.231  -19.138  6.198 0.0000000000
134255  36.240  -34.633  8.733 0.0000000000
134388  51.642  -8.686  2.063 0.0000000000
134532  46.722  -15.665  2.686 0.0000000000
134575  44.628  -22.456  6.736 0.0000000000
134639  39.080  -37.091  8.913 0.0000000000
134742  37.398  -60.197  10.813 0.0000000000
134753  35.345  -25.755  8.886 0.0000000000
134778  33.341  -24.282  8.124 0.0000000000
134951  38.599  -26.230  8.266 0.0000000000
134990  40.573  -15.067  4.701 0.0000000000
135034  33.108  -18.946  8.733 0.0000000000
135060  37.767  -33.494  8.063 0.0000000000
135108  41.481  -39.138  11.179 0.0000000000
135136  50.140  -39.952  6.054 0.0000000000
135145  37.350  -14.239  4.478 0.0000000000
135153  39.344  -43.094  9.460 0.0000000000
135156  40.546  -35.594  11.835 0.0000000000
135162  34.480  -36.487  9.527 0.0000000000
135164  39.303  -34.866  7.745 0.0000000000
135210  30.740  -30.425  9.555 0.0000000000
135262  43.988  -13.052  3.077 0.0000000000
135292  33.676  -54.908  8.115 0.0000000000
135306  44.479  -17.370  2.899 0.0000000000
135340  43.759  -42.286  7.761 0.0000000000
135404  40.517  -31.906  8.892 0.0000000000
135468  43.820  -21.845  4.068 0.0000000000
135629  40.282  -54.313  11.809 0.0000000000
135635  32.002  -26.462  9.283 0.0000000000
135706  36.977  -37.250  8.848 0.0000000000
135768  44.389  -13.378  2.723 0.0000000000
135869  36.435  -24.758  8.143 0.0000000000
136147  39.146  -19.542  5.977 0.0000000000
136167  38.780  -28.636  8.344 0.0000000000
136186  36.690  -27.201  9.517 0.0000000000
136211  28.299  -51.623  9.109 0.0000000000
136287  31.309  -37.209  9.615 0.0000000000
