#!ascii label  , from subject sub-09 vox2ras=TkReg
1534
31939  29.175  -51.997  5.411 0.8999999762
31951  28.857  -52.778  5.101 0.8000000119
31047  29.186  -53.118  4.220 0.8000000119
132292  29.042  -54.116  3.239 0.6999999881
31067  29.734  -53.326  2.475 0.8000000119
31940  28.488  -52.360  5.909 0.8999999762
31950  29.455  -52.352  4.530 1.0000000000
32927  29.948  -51.903  3.961 1.0000000000
31963  30.172  -52.081  3.183 0.8999999762
31979  29.918  -52.755  2.833 0.8000000119
31082  30.329  -52.678  1.490 0.8000000119
31978  30.381  -52.153  2.268 0.8999999762
31097  30.176  -53.157  0.807 0.8000000119
32006  30.138  -52.814  0.200 0.6999999881
31098  29.869  -53.423  0.154 0.6999999881
32904  27.861  -51.527  6.668 0.8000000119
32903  28.711  -51.601  6.220 0.8999999762
33881  28.419  -51.025  6.641 0.8999999762
33864  26.471  -51.155  6.811 0.8999999762
33890  30.134  -50.807  4.902 0.8999999762
33889  30.481  -50.567  4.265 1.0000000000
32936  30.469  -51.408  2.845 0.8999999762
33909  30.661  -50.593  2.588 1.0000000000
32944  30.595  -51.233  1.989 0.8999999762
31990  30.549  -51.834  1.339 0.8999999762
32005  30.392  -52.379  0.696 0.8000000119
32040  29.221  -52.268  -0.911 0.6999999881
33861  29.452  -50.383  6.274 0.8999999762
33862  28.708  -50.407  6.751 0.8999999762
33863  27.812  -50.587  6.996 0.8999999762
115674  26.897  -50.431  7.018 0.8999999762
33882  26.099  -50.314  6.610 0.8999999762
32902  29.507  -51.107  5.694 0.8999999762
33880  30.066  -50.234  5.605 0.8999999762
33902  30.557  -50.764  3.496 1.0000000000
114228  30.621  -50.962  1.121 0.8000000119
32955  30.440  -51.500  0.419 0.8000000119
32968  29.741  -51.735  -0.521 0.8000000119
33952  28.828  -50.451  -1.215 0.8000000119
32984  28.266  -51.197  -1.566 0.8000000119
33953  27.881  -50.263  -1.674 0.8000000119
34829  27.436  -49.735  7.208 0.8999999762
34830  26.585  -49.586  6.837 0.8999999762
33883  25.463  -50.133  5.887 0.8999999762
34827  29.261  -49.671  6.784 0.8999999762
35863  26.332  -48.646  6.438 0.8999999762
34850  25.873  -49.406  6.211 0.8000000119
33891  25.111  -49.921  5.090 0.8000000119
35864  25.752  -48.481  5.581 0.6999999881
34851  25.433  -49.329  5.300 0.6999999881
34860  24.976  -49.413  4.567 0.6999999881
34848  30.550  -49.239  5.605 0.8999999762
35877  24.678  -48.896  4.137 0.6999999881
35891  24.127  -48.480  3.809 0.6999999881
34859  31.084  -49.017  4.433 1.0000000000
36841  24.234  -47.713  4.156 0.6000000238
34874  30.794  -49.969  3.963 1.0000000000
131951  30.999  -49.380  3.583 1.0000000000
116976  30.799  -49.948  3.135 1.0000000000
114471  30.787  -49.745  2.300 1.0000000000
33918  30.681  -50.365  1.717 0.8999999762
34893  30.740  -49.505  1.445 0.8999999762
33929  30.638  -50.153  0.867 0.8000000119
121530  30.487  -50.709  0.415 0.8000000119
33944  29.685  -50.051  -0.617 0.8000000119
129427  29.011  -49.634  -1.095 0.8000000119
34911  28.325  -49.598  -1.418 0.8000000119
34908  28.052  -48.928  -1.451 0.8000000119
34907  28.699  -48.985  -1.191 0.8000000119
35922  27.505  -48.415  -1.567 0.8000000119
34828  28.322  -49.761  7.183 0.8999999762
34811  28.862  -49.086  7.276 0.8999999762
34812  27.991  -48.969  7.469 0.8999999762
124717  27.069  -48.921  7.109 0.8999999762
34826  29.993  -49.131  6.499 0.8999999762
35876  25.255  -48.657  4.707 0.6999999881
133541  30.909  -48.391  5.623 0.8999999762
36825  25.429  -47.732  4.865 0.6000000238
122295  24.810  -48.126  4.322 0.6000000238
35862  30.975  -48.740  5.180 1.0000000000
37798  23.261  -47.055  4.153 0.5000000000
133609  31.338  -48.492  3.922 1.0000000000
37784  22.807  -46.265  4.411 0.5000000000
35890  31.396  -48.044  3.561 1.0000000000
34884  30.973  -49.156  2.874 1.0000000000
35897  31.164  -48.254  2.739 1.0000000000
117030  30.885  -48.890  2.076 1.0000000000
35907  30.742  -48.530  1.210 0.8999999762
34900  30.160  -49.237  -0.199 0.8000000119
35908  30.384  -48.465  0.262 0.8999999762
34906  29.412  -49.104  -0.753 0.8000000119
36881  30.012  -47.599  -0.022 0.8999999762
35916  29.768  -48.381  -0.403 0.8000000119
37827  29.441  -46.694  -0.138 0.8999999762
36888  28.467  -47.591  -0.999 0.8000000119
125761  27.695  -47.659  -1.370 0.8000000119
37836  27.251  -46.202  -1.307 0.8000000119
36889  27.074  -46.986  -1.525 0.8000000119
35844  26.846  -48.222  6.798 0.8999999762
124473  29.505  -48.987  6.966 0.8999999762
36803  29.757  -47.867  7.236 0.8999999762
131399  26.434  -47.816  6.284 0.6999999881
36824  25.951  -47.572  5.592 0.8000000119
36823  30.862  -47.904  6.095 0.8999999762
36802  30.450  -47.689  6.729 0.8999999762
37781  25.344  -46.913  4.887 0.6999999881
125144  24.846  -47.313  4.493 0.6000000238
36842  24.125  -47.059  4.378 0.6000000238
37766  25.406  -46.152  5.213 0.6999999881
37782  24.676  -46.435  4.745 0.6000000238
37783  23.725  -46.387  4.563 0.5000000000
125962  31.432  -48.128  4.290 1.0000000000
38741  23.275  -45.721  4.855 0.5000000000
36855  31.661  -47.390  4.002 1.0000000000
36866  31.436  -47.293  3.090 1.0000000000
120004  31.260  -46.866  2.487 1.0000000000
36867  31.112  -47.522  2.288 1.0000000000
115422  30.602  -46.924  1.204 0.8999999762
37808  31.487  -46.390  2.949 1.0000000000
37809  31.160  -46.193  2.263 0.8999999762
119851  30.961  -46.895  1.906 0.8999999762
129976  30.259  -46.239  0.908 0.8999999762
134880  29.761  -46.232  0.398 0.8999999762
37828  28.725  -46.096  -0.359 0.8999999762
37834  28.641  -46.805  -0.670 0.8999999762
136412  30.279  -45.645  1.190 0.8999999762
116868  29.171  -45.771  0.119 0.8999999762
37835  28.003  -46.075  -0.757 0.8999999762
38796  29.081  -44.849  0.457 0.8999999762
35825  28.684  -48.457  7.446 0.8999999762
35826  28.100  -48.244  7.501 0.8999999762
36804  27.056  -47.455  6.800 0.8999999762
36788  27.813  -47.615  7.390 0.8999999762
126344  27.022  -46.631  6.602 1.0000000000
36805  26.448  -46.880  6.046 0.8000000119
125305  29.224  -47.300  7.526 0.8999999762
129519  25.818  -46.778  5.391 0.6999999881
36822  31.265  -47.690  5.574 0.8999999762
37765  26.102  -46.033  5.695 0.6999999881
37767  24.738  -45.502  5.254 0.6999999881
134227  24.075  -45.850  4.907 0.5000000000
36840  31.589  -47.509  4.852 1.0000000000
38725  22.824  -44.988  5.185 0.5000000000
38742  22.397  -45.532  4.644 0.5000000000
117192  31.911  -46.726  4.619 1.0000000000
38740  32.144  -45.934  4.349 1.0000000000
38756  32.215  -44.990  4.194 1.0000000000
37797  31.786  -46.574  3.728 1.0000000000
38772  31.406  -45.752  2.745 1.0000000000
38757  31.768  -45.635  3.450 1.0000000000
116824  32.132  -44.221  3.819 1.0000000000
38773  31.112  -45.441  2.277 0.8999999762
38784  30.613  -45.272  1.701 0.8999999762
38785  29.902  -44.968  1.098 0.8999999762
41651  29.498  -42.780  -2.553 0.6999999881
41652  28.976  -42.109  -2.748 0.8000000119
113941  28.653  -42.838  -2.969 0.8000000119
41653  27.996  -42.296  -2.708 0.8000000119
37749  30.087  -47.087  7.301 0.8999999762
37733  29.534  -46.491  7.565 1.0000000000
37734  28.788  -46.621  7.604 1.0000000000
37750  27.374  -46.042  6.868 1.0000000000
37751  26.721  -45.985  6.292 0.6999999881
36801  31.099  -47.209  6.242 0.8999999762
37748  30.737  -46.740  6.852 0.8999999762
38723  25.572  -45.364  5.623 0.6999999881
38724  23.789  -45.240  5.265 0.6000000238
37763  32.179  -46.045  5.166 1.0000000000
37764  31.649  -46.770  5.550 0.8999999762
37747  31.348  -46.319  6.376 0.8999999762
39640  22.145  -44.402  5.207 0.4000000060
38739  32.343  -45.440  4.871 1.0000000000
39673  31.770  -44.676  3.395 1.0000000000
40620  31.097  -43.697  2.598 1.0000000000
134911  31.394  -44.344  2.849 1.0000000000
41642  27.241  -42.312  -1.178 0.8999999762
41631  30.903  -42.144  -1.155 0.6000000238
122080  30.243  -41.898  -1.770 0.6000000238
41641  29.715  -42.025  -2.279 0.8000000119
42773  28.458  -41.521  -2.603 0.8000000119
115259  27.486  -43.004  -2.469 0.8999999762
40670  27.122  -43.094  -1.671 0.8999999762
38704  30.992  -45.876  7.001 0.8999999762
38705  30.317  -46.231  7.349 0.8999999762
38706  27.070  -45.272  6.652 0.8000000119
38707  26.324  -45.150  6.138 0.6999999881
38708  25.631  -44.605  6.042 0.6999999881
39638  24.323  -44.720  5.644 0.6000000238
40578  23.014  -43.955  5.961 0.4000000060
38721  32.255  -45.320  5.503 1.0000000000
38722  31.874  -45.827  5.890 0.8999999762
39657  32.431  -44.773  5.053 1.0000000000
41584  31.808  -42.922  3.484 1.0000000000
42717  31.316  -42.348  2.975 1.0000000000
41632  27.463  -42.393  -0.354 0.8999999762
42753  27.375  -41.645  -0.566 0.8999999762
121975  27.494  -40.792  -2.117 0.8999999762
42763  27.323  -41.402  -1.552 0.8999999762
42740  32.026  -41.446  -0.028 0.6000000238
117665  31.558  -41.987  -0.526 0.6000000238
42761  30.477  -41.336  -1.382 0.6000000238
42762  29.857  -41.321  -1.982 0.8000000119
42772  29.235  -41.398  -2.444 0.8000000119
42774  27.673  -41.546  -2.285 0.8999999762
38689  28.766  -45.922  7.658 0.8999999762
37735  28.066  -46.298  7.418 0.8999999762
115137  28.820  -45.088  7.796 0.8999999762
38690  27.874  -45.371  7.351 0.8999999762
39617  26.246  -44.255  6.446 0.6000000238
39615  31.174  -45.025  7.130 1.0000000000
38687  30.471  -45.375  7.495 1.0000000000
125721  25.635  -43.926  6.392 0.6000000238
39618  24.866  -44.130  6.120 0.6000000238
39619  23.868  -44.051  6.071 0.5000000000
39636  32.074  -45.049  6.132 1.0000000000
38703  31.551  -45.454  6.538 1.0000000000
39613  32.220  -44.267  6.211 1.0000000000
39635  32.333  -44.691  5.716 1.0000000000
40592  32.485  -43.326  4.715 1.0000000000
41569  32.318  -42.726  4.158 1.0000000000
42705  31.942  -42.083  3.650 1.0000000000
42718  30.636  -41.842  2.436 1.0000000000
41595  30.688  -42.832  2.380 1.0000000000
41596  30.027  -42.264  1.869 1.0000000000
122071  29.353  -41.865  1.479 1.0000000000
41607  28.869  -42.219  1.117 0.8999999762
41606  29.401  -42.718  1.375 0.8999999762
41619  27.801  -42.474  0.175 0.8999999762
45587  33.959  -39.286  0.348 0.6000000238
42739  32.829  -41.072  0.424 0.6000000238
43772  31.520  -40.681  -0.209 0.6000000238
42752  31.158  -41.380  -0.707 0.6000000238
43784  29.401  -40.666  -2.152 0.8000000119
43796  28.694  -40.805  -2.475 0.8000000119
39596  29.726  -44.801  7.884 0.8999999762
39597  28.090  -44.468  7.605 0.6999999881
128443  26.775  -44.627  6.581 0.6000000238
39594  31.350  -44.209  7.271 0.8999999762
40561  25.156  -43.344  6.641 0.6000000238
39614  31.735  -44.624  6.678 1.0000000000
40560  31.905  -43.717  6.829 0.8999999762
40577  32.456  -43.957  5.449 1.0000000000
130784  32.537  -42.622  4.862 1.0000000000
42688  32.110  -41.287  3.883 1.0000000000
43727  31.777  -40.584  3.594 1.0000000000
42706  31.348  -41.339  3.121 1.0000000000
42719  29.923  -41.403  1.919 1.0000000000
121004  28.522  -40.744  1.077 1.0000000000
42741  28.103  -41.313  0.624 0.8999999762
42742  27.717  -41.851  0.152 0.8999999762
43774  27.242  -40.806  -0.748 0.8999999762
43787  26.815  -39.680  -1.676 0.8999999762
125649  33.266  -38.983  0.457 0.6000000238
43760  32.011  -40.043  0.299 0.6000000238
44702  31.134  -39.845  -0.267 0.6000000238
44703  30.294  -39.937  -0.992 0.6999999881
44713  29.559  -39.842  -1.689 0.6999999881
43785  28.824  -40.024  -2.306 0.6999999881
43797  27.960  -40.235  -2.473 0.8000000119
124445  27.541  -39.582  -2.352 0.8999999762
45601  34.412  -38.786  -0.092 0.6000000238
133621  28.931  -39.335  -2.012 0.6999999881
44724  28.175  -39.318  -2.391 0.8000000119
44725  27.402  -38.967  -2.397 0.8999999762
39598  26.876  -43.949  6.858 0.6999999881
40545  26.181  -43.306  6.881 0.6000000238
40543  29.835  -43.818  8.133 0.8999999762
126847  28.227  -43.811  7.807 0.6999999881
40542  30.865  -43.726  7.782 0.8000000119
40559  32.353  -43.418  6.194 1.0000000000
41518  31.751  -42.913  7.341 0.8000000119
41538  32.421  -42.475  6.285 0.8999999762
132626  32.171  -43.003  6.729 0.8000000119
120890  32.575  -42.148  5.432 1.0000000000
122961  32.424  -41.906  4.513 1.0000000000
134427  32.276  -40.695  4.168 1.0000000000
43728  31.048  -40.357  2.956 1.0000000000
43739  30.287  -40.019  2.397 1.0000000000
43740  29.758  -40.539  1.928 1.0000000000
42728  29.212  -41.047  1.498 1.0000000000
43761  27.875  -40.481  0.557 0.8999999762
117386  27.557  -41.069  0.045 0.8999999762
44705  26.586  -39.146  -1.231 0.8999999762
44692  31.851  -39.272  0.309 0.6000000238
44704  29.977  -39.316  -1.094 0.6999999881
43799  26.949  -39.354  -2.234 0.8999999762
136686  34.138  -38.140  -0.175 0.6000000238
132769  33.763  -38.516  0.228 0.6000000238
45605  29.440  -38.932  -1.446 0.6999999881
45631  27.865  -38.599  -2.335 0.6999999881
40544  27.556  -43.785  7.417 0.6999999881
122681  27.038  -43.297  7.265 0.6000000238
40531  28.769  -43.444  8.166 0.8000000119
41508  28.455  -42.707  8.232 0.6999999881
41522  27.404  -42.833  7.627 0.6999999881
41519  31.221  -42.399  8.082 0.6999999881
41520  30.507  -43.027  8.198 0.8000000119
128862  32.158  -42.449  6.965 0.6999999881
42663  32.310  -41.726  6.938 0.6999999881
43698  32.663  -40.822  5.671 0.8000000119
114521  32.602  -41.347  5.197 0.8000000119
44653  32.746  -39.558  4.883 0.8000000119
43712  32.588  -40.522  4.871 0.8999999762
43726  32.223  -39.964  4.050 0.8999999762
125065  31.539  -39.910  3.397 1.0000000000
44680  28.836  -39.285  1.488 1.0000000000
44669  30.013  -39.203  2.318 1.0000000000
118231  29.562  -39.704  1.911 1.0000000000
43747  29.048  -40.195  1.477 1.0000000000
130958  28.089  -38.995  0.933 1.0000000000
44693  27.620  -39.635  0.443 0.8999999762
45591  27.392  -38.922  0.353 0.8999999762
44694  26.965  -39.255  -0.345 0.8999999762
45588  33.124  -38.222  0.375 0.6000000238
45589  32.518  -38.714  0.438 0.6000000238
45603  30.869  -38.459  -0.159 0.6000000238
45604  30.095  -38.610  -0.743 0.6999999881
44714  26.599  -39.060  -1.881 0.8999999762
46544  28.571  -37.622  -1.587 0.6999999881
45632  27.282  -38.305  -2.342 0.8999999762
45633  26.682  -37.990  -2.171 0.8999999762
41507  29.453  -42.802  8.415 0.6999999881
42630  28.108  -42.039  8.275 0.6000000238
41523  26.788  -42.650  7.433 0.6000000238
42646  30.976  -41.706  8.453 0.6999999881
42629  29.470  -41.655  8.623 0.6000000238
42645  31.547  -41.589  8.104 0.6999999881
43671  32.348  -40.906  7.314 0.6999999881
136387  32.485  -41.195  6.723 0.6999999881
122669  32.767  -40.107  5.687 0.8000000119
44661  32.373  -39.219  4.114 0.8000000119
44662  31.750  -39.277  3.527 0.8000000119
44663  30.893  -39.419  2.874 1.0000000000
45571  29.655  -38.478  2.149 1.0000000000
44670  29.387  -39.020  1.926 1.0000000000
136169  28.526  -38.744  1.334 1.0000000000
46490  29.313  -37.755  1.894 1.0000000000
45579  28.923  -38.452  1.663 1.0000000000
121792  28.257  -38.253  1.166 1.0000000000
128543  27.562  -38.272  0.626 1.0000000000
46501  26.959  -37.613  0.306 1.0000000000
45592  26.856  -38.394  -0.053 0.8999999762
45590  31.716  -38.489  0.268 0.6000000238
45602  33.613  -37.803  0.049 0.6000000238
46530  32.507  -37.104  0.104 0.6000000238
46531  30.436  -37.773  -0.361 0.6999999881
45619  26.456  -38.366  -1.681 0.8999999762
120385  30.026  -37.043  -0.472 0.6999999881
116035  28.318  -36.958  -1.552 0.6999999881
46553  27.168  -37.736  -2.259 0.8999999762
113816  27.757  -41.300  8.332 0.5000000000
42628  30.342  -41.301  8.659 0.6000000238
43653  29.387  -40.742  8.706 0.5000000000
43673  31.192  -41.027  8.513 0.6999999881
43672  31.874  -40.892  8.089 0.6999999881
118079  32.578  -40.197  7.187 0.6999999881
126196  32.289  -40.212  7.939 0.6999999881
44626  32.856  -39.665  6.560 0.6999999881
44638  32.992  -39.432  5.713 0.6999999881
45551  32.765  -38.761  4.503 0.8000000119
46479  32.546  -37.687  3.669 0.8000000119
45560  32.205  -38.522  3.715 0.8000000119
47424  32.173  -36.983  3.087 0.8000000119
46480  31.721  -37.826  3.192 0.8000000119
46488  30.879  -37.901  2.708 0.8999999762
46489  30.057  -37.833  2.319 1.0000000000
120481  31.347  -37.291  2.749 0.8000000119
47438  29.757  -37.037  1.969 1.0000000000
46499  28.595  -37.639  1.452 1.0000000000
46515  26.432  -37.670  -0.492 0.8999999762
45606  26.469  -38.435  -0.844 0.8999999762
46533  26.183  -37.625  -1.251 0.8999999762
118689  25.948  -36.920  -0.876 0.8999999762
47491  25.973  -36.788  -1.514 0.8999999762
47487  32.796  -36.348  -0.331 0.6000000238
125626  31.460  -37.593  0.132 0.6000000238
122182  29.128  -37.002  -0.973 0.6999999881
46545  27.473  -37.194  -2.031 0.8000000119
125223  26.168  -36.506  -1.945 0.8999999762
47486  33.417  -36.347  -0.707 0.6000000238
47490  29.763  -36.214  -0.560 0.6999999881
47500  28.811  -36.212  -1.063 0.6999999881
48397  26.336  -35.738  -2.005 0.8000000119
47503  25.808  -36.086  -1.714 0.8999999762
47501  27.826  -36.337  -1.641 0.6999999881
48411  25.736  -35.496  -1.924 0.8999999762
118222  28.927  -40.002  8.689 0.5000000000
44612  31.512  -40.118  8.512 0.6999999881
127541  29.750  -39.881  8.759 0.5000000000
44610  32.640  -39.558  7.574 0.6999999881
45522  33.044  -38.815  7.201 0.6999999881
45521  33.392  -38.277  6.553 0.6999999881
45538  33.467  -38.200  5.735 0.6999999881
45539  33.123  -38.854  5.309 0.6999999881
46466  32.822  -38.162  4.178 0.8000000119
116724  30.592  -37.195  2.404 0.8000000119
47452  29.019  -37.048  1.632 1.0000000000
47453  28.309  -36.884  1.300 1.0000000000
46500  27.785  -37.452  0.922 1.0000000000
47436  31.309  -36.516  2.469 0.8000000119
47437  30.389  -36.559  2.111 0.8000000119
47439  28.845  -36.288  1.464 0.8999999762
136342  27.702  -36.696  0.939 1.0000000000
47454  27.093  -36.845  0.548 1.0000000000
115574  28.036  -36.169  1.106 0.8999999762
47455  26.525  -36.199  0.249 1.0000000000
46502  26.417  -36.916  -0.135 1.0000000000
47474  25.849  -36.088  -0.524 1.0000000000
48398  25.449  -35.461  -1.591 0.8999999762
47489  30.742  -36.312  -0.281 0.6999999881
48379  25.342  -35.403  -1.036 0.8999999762
47488  31.753  -36.515  -0.118 0.6000000238
133787  31.464  -35.793  -0.371 0.6000000238
49385  25.248  -34.791  -1.883 0.8999999762
48378  30.617  -35.391  -0.470 0.6999999881
48395  28.370  -35.442  -1.218 0.6999999881
49371  26.787  -34.887  -1.848 0.6999999881
49372  25.961  -34.946  -2.102 0.8000000119
49384  25.434  -34.757  -2.025 0.8000000119
49374  24.795  -34.220  -1.895 0.8999999762
50331  26.437  -34.163  -2.000 0.6999999881
43652  30.509  -40.458  8.713 0.6000000238
128144  30.643  -39.620  8.749 0.5000000000
44611  32.201  -39.448  8.317 0.6999999881
133231  32.649  -38.971  8.019 0.6999999881
45504  33.311  -37.940  7.322 0.6999999881
46457  33.679  -37.394  5.201 0.6999999881
45550  33.248  -38.182  4.852 0.6999999881
123826  33.603  -36.824  4.374 0.6999999881
46465  33.217  -37.572  4.275 0.6999999881
46478  33.022  -36.988  3.684 0.8000000119
47423  32.848  -36.420  3.245 0.8000000119
47435  32.297  -36.103  2.739 0.8000000119
48334  30.670  -35.870  1.967 0.8000000119
48332  32.493  -35.319  2.474 0.8000000119
49320  31.005  -35.061  1.762 0.8000000119
49321  30.045  -35.257  1.583 0.8000000119
49331  28.502  -34.895  1.044 0.8999999762
48355  27.706  -35.362  0.799 0.8999999762
48356  26.784  -35.471  0.434 1.0000000000
49329  30.363  -34.445  1.401 0.8000000119
48369  26.121  -35.573  0.015 1.0000000000
49338  26.169  -34.840  0.097 1.0000000000
48377  31.708  -35.122  -0.634 0.6000000238
48370  25.581  -35.158  -0.476 1.0000000000
48394  29.448  -35.366  -0.717 0.6999999881
49369  29.115  -34.507  -0.991 0.6999999881
49373  25.082  -34.750  -1.490 0.8999999762
49355  25.058  -34.622  -0.965 1.0000000000
49370  27.909  -34.543  -1.430 0.6999999881
120756  27.246  -34.101  -1.725 0.8000000119
50343  25.598  -34.185  -2.177 0.8000000119
46437  33.665  -37.488  6.379 0.6999999881
46420  33.442  -37.109  7.416 0.6999999881
47403  34.013  -36.724  5.799 0.6999999881
47412  33.969  -36.612  5.026 0.6999999881
48301  34.040  -36.017  4.437 0.6999999881
47422  33.469  -36.289  3.715 0.6999999881
48314  33.784  -35.634  3.697 0.6999999881
121028  33.167  -35.698  3.069 0.8000000119
49319  31.907  -34.852  1.951 0.8000000119
49318  32.708  -34.607  2.205 0.8000000119
49328  31.318  -34.291  1.502 0.8000000119
50287  28.558  -33.988  0.737 0.8999999762
50286  29.290  -33.817  0.855 0.8000000119
49333  27.006  -34.678  0.452 0.8999999762
49353  31.062  -34.572  -0.786 0.6000000238
50305  27.239  -33.271  0.230 0.8999999762
49339  25.450  -34.195  -0.425 1.0000000000
48393  31.874  -34.535  -1.167 0.6000000238
50308  24.939  -33.407  -0.793 0.8999999762
50329  27.968  -33.596  -1.602 0.6999999881
51235  24.672  -32.757  -1.203 0.8999999762
50342  26.121  -33.374  -2.243 0.8000000119
124142  25.055  -33.368  -2.316 0.8999999762
129412  24.596  -32.903  -2.059 0.8000000119
47380  33.799  -36.609  6.708 0.6999999881
47379  34.154  -36.055  6.191 0.6999999881
48300  34.389  -35.332  4.987 0.6999999881
49301  33.786  -34.923  3.242 0.6999999881
49317  33.447  -34.383  2.526 0.6999999881
126947  29.861  -33.943  1.103 0.8000000119
51211  28.952  -33.222  0.574 0.8000000119
51210  29.758  -33.339  0.732 0.8000000119
51224  29.492  -32.508  0.350 0.8000000119
50306  26.419  -33.915  0.127 0.8999999762
49354  30.166  -34.578  -0.742 0.6000000238
51225  28.562  -32.508  0.253 0.8000000119
51226  27.731  -32.504  0.079 0.8999999762
122164  26.451  -33.108  -0.120 0.8999999762
50307  25.689  -33.298  -0.372 0.8999999762
134377  30.660  -34.188  -0.988 0.6000000238
114688  28.899  -33.679  -1.385 0.6999999881
51229  25.115  -32.607  -0.714 0.8999999762
130990  27.964  -33.056  -1.754 0.6999999881
120541  24.552  -32.061  -1.661 0.8000000119
51248  25.790  -32.508  -2.421 0.6999999881
122285  24.935  -32.294  -2.372 0.8000000119
48282  34.337  -35.415  5.879 0.6999999881
49280  34.550  -34.526  4.691 0.6999999881
49300  34.420  -34.381  3.775 0.6999999881
50285  30.638  -33.629  1.053 0.8000000119
51223  30.401  -32.824  0.572 0.8000000119
52080  28.182  -31.838  -0.158 0.8000000119
51227  26.881  -32.495  -0.185 0.8999999762
52082  26.382  -31.762  -0.459 0.8999999762
49368  30.157  -33.726  -1.268 0.6000000238
52083  25.419  -31.785  -0.671 0.8999999762
51239  28.625  -32.988  -1.742 0.6999999881
51246  28.063  -32.469  -2.050 0.6999999881
52094  24.936  -31.010  -0.923 0.8999999762
122173  26.593  -31.705  -2.537 0.6999999881
52107  25.574  -31.634  -2.548 0.8000000119
115467  24.638  -31.039  -1.426 0.8000000119
52935  26.169  -30.836  -2.814 0.6999999881
52108  24.945  -31.377  -2.425 0.8000000119
116064  24.678  -31.757  -2.137 0.8000000119
52936  25.352  -30.952  -2.619 0.8000000119
49262  34.474  -34.627  5.669 0.6999999881
50327  30.446  -33.052  -1.896 0.6000000238
52918  27.866  -31.004  -0.554 0.8000000119
52907  26.823  -31.025  -0.617 0.8999999762
52908  25.796  -31.014  -0.710 0.8999999762
50328  29.617  -32.988  -1.759 0.6000000238
52920  25.265  -30.270  -1.012 0.8999999762
52106  27.718  -31.715  -2.484 0.8000000119
52921  24.687  -30.262  -1.348 0.8999999762
52937  24.347  -30.058  -2.182 0.8000000119
52950  27.003  -30.274  -3.174 0.6999999881
52952  24.609  -29.964  -2.516 0.8000000119
53863  24.339  -29.211  -2.536 0.8000000119
51245  29.199  -32.375  -2.211 0.6999999881
115050  27.221  -30.317  -0.885 0.8000000119
52105  28.788  -31.759  -2.588 0.5000000000
52117  28.478  -31.092  -3.032 0.6000000238
52118  27.345  -31.002  -2.809 0.6999999881
53825  24.818  -29.524  -1.412 0.8000000119
52949  27.902  -30.514  -3.216 0.6000000238
53860  26.503  -29.423  -3.434 0.6000000238
53861  25.273  -29.220  -3.179 0.6999999881
54774  24.331  -28.251  -3.020 0.8000000119
52927  24.423  -30.197  -1.780 0.8000000119
53823  26.728  -29.660  -1.180 0.8000000119
54729  26.262  -28.878  -1.428 0.8000000119
53824  25.682  -29.544  -1.224 0.8999999762
52948  28.671  -30.425  -3.535 0.6000000238
54756  24.127  -27.582  -2.913 0.8000000119
54731  24.398  -28.915  -1.905 0.8000000119
54730  25.054  -28.618  -1.642 0.8000000119
54773  25.590  -28.166  -3.487 0.6000000238
54728  27.296  -29.072  -1.405 0.8000000119
55627  25.840  -28.144  -1.733 0.8000000119
118646  27.825  -29.683  -3.583 0.6000000238
55660  24.117  -27.011  -2.913 0.8000000119
131496  26.991  -28.844  -3.666 0.6000000238
120567  24.309  -26.933  -2.904 0.6999999881
55643  25.029  -27.673  -2.263 0.8000000119
55693  26.754  -26.894  -4.021 0.6000000238
56687  25.098  -26.501  -3.133 0.6000000238
56686  25.702  -26.048  -3.202 0.6999999881
54771  27.832  -28.724  -3.895 0.6000000238
54772  26.896  -27.987  -3.844 0.6000000238
54741  29.130  -28.208  -1.696 0.8000000119
55626  26.885  -28.252  -1.690 0.8000000119
52969  28.878  -29.780  -3.907 0.6000000238
54742  28.045  -28.451  -1.634 0.8000000119
53877  29.628  -29.675  -4.184 0.5000000000
130929  25.895  -26.872  -2.461 0.8000000119
55642  26.136  -27.443  -2.115 0.8000000119
129415  29.112  -29.161  -4.186 0.6000000238
53859  28.478  -29.212  -3.938 0.6000000238
57683  25.910  -25.668  -3.242 0.6000000238
131495  30.295  -28.692  -4.365 0.5000000000
54788  28.617  -28.599  -4.208 0.6000000238
135354  28.433  -27.463  -4.431 0.6000000238
126365  26.155  -26.173  -4.123 0.6000000238
114085  28.957  -27.919  -4.458 0.6000000238
116104  27.859  -26.950  -4.391 0.6000000238
56698  26.930  -25.866  -4.265 0.6000000238
57710  26.626  -24.709  -4.213 0.6000000238
136138  28.442  -27.736  -1.932 0.8000000119
55641  27.448  -27.501  -2.077 0.8000000119
55640  29.057  -27.477  -2.014 0.8000000119
57662  28.760  -26.060  -2.617 0.6999999881
56657  28.344  -26.929  -2.305 0.6999999881
54787  29.762  -28.272  -4.466 0.6000000238
57696  25.973  -25.072  -3.800 0.6000000238
57682  26.477  -24.757  -3.396 0.6000000238
57664  26.491  -26.006  -2.851 0.6999999881
55690  30.331  -27.073  -4.570 0.5000000000
57695  26.220  -24.428  -3.985 0.6000000238
56696  29.678  -26.533  -4.692 0.5000000000
56697  28.110  -26.368  -4.506 0.6000000238
57709  27.935  -25.488  -4.555 0.6000000238
56695  30.560  -26.386  -4.621 0.5000000000
57661  29.860  -26.059  -2.414 0.6999999881
58591  26.972  -24.059  -3.793 0.6000000238
57663  27.536  -25.941  -2.757 0.6000000238
58590  28.396  -24.337  -3.359 0.6000000238
57707  30.085  -25.718  -4.825 0.5000000000
57720  29.499  -24.876  -4.999 0.6000000238
57721  28.414  -24.764  -4.774 0.6000000238
58621  27.717  -24.043  -4.596 0.6000000238
58602  26.696  -24.034  -3.952 0.6000000238
59464  27.772  -23.578  -3.764 0.6000000238
57719  30.593  -24.971  -4.984 0.6000000238
58619  29.872  -24.054  -5.316 0.6000000238
114985  30.800  -25.726  -4.712 0.5000000000
58610  31.802  -24.772  -4.759 0.4000000060
57718  31.319  -24.708  -4.960 0.5000000000
57680  29.220  -25.261  -2.886 0.6000000238
59504  27.685  -23.506  -4.440 0.6000000238
59492  27.844  -23.120  -4.123 0.6000000238
59463  28.827  -23.577  -3.541 0.6000000238
58620  28.628  -23.853  -5.021 0.6000000238
59502  29.219  -22.930  -5.283 0.6000000238
58618  30.913  -24.173  -5.310 0.5000000000
59500  31.304  -23.435  -5.431 0.5000000000
57705  32.320  -24.482  -4.675 0.4000000060
59491  32.519  -23.839  -4.948 0.4000000060
132218  28.441  -22.750  -4.163 0.6000000238
58589  29.671  -24.451  -3.109 0.5000000000
57679  30.415  -25.236  -2.534 0.5000000000
127417  27.873  -23.177  -4.336 0.6000000238
60442  29.122  -22.722  -3.856 0.5000000000
120337  29.874  -22.365  -5.406 0.6000000238
59501  30.340  -23.269  -5.458 0.5000000000
59498  32.592  -23.078  -5.303 0.4000000060
58588  30.778  -24.304  -2.751 0.4000000060
60463  29.151  -22.065  -4.982 0.6000000238
60452  29.157  -22.212  -4.549 0.5000000000
124290  30.738  -22.414  -5.509 0.4000000060
136677  29.711  -21.921  -5.292 0.6000000238
61442  30.206  -21.328  -5.110 0.6000000238
60451  29.737  -22.128  -4.228 0.4000000060
60471  31.746  -22.729  -5.482 0.4000000060
128783  31.530  -21.086  -5.440 0.4000000060
61422  30.477  -21.626  -4.333 0.4000000060
61441  30.893  -21.072  -5.240 0.4000000060
61434  30.236  -21.246  -4.954 0.4000000060
60462  33.327  -22.601  -5.266 0.4000000060
61433  30.857  -20.905  -5.058 0.4000000060
59447  32.545  -23.683  -2.109 0.4000000060
127565  31.408  -22.989  -3.095 0.4000000060
117406  32.151  -20.720  -5.481 0.4000000060
62376  31.427  -20.554  -5.198 0.4000000060
62367  31.521  -20.333  -5.058 0.4000000060
61421  30.988  -20.877  -4.793 0.4000000060
59459  32.063  -23.179  -2.625 0.4000000060
60439  32.049  -22.354  -3.006 0.4000000060
60440  31.202  -22.188  -3.588 0.4000000060
62375  32.069  -19.929  -5.175 0.3000000119
62353  31.732  -20.338  -4.607 0.4000000060
61410  31.547  -21.285  -3.890 0.4000000060
60438  32.895  -22.228  -2.422 0.4000000060
61409  32.513  -21.428  -3.133 0.4000000060
125891  27.969  -43.040  -2.936 0.8000000119
121865  27.093  -43.561  -2.296 0.8999999762
40658  27.052  -43.588  -1.190 0.8999999762
40671  26.838  -43.851  -1.818 0.8999999762
126370  26.674  -44.976  -1.672 0.8999999762
39684  30.922  -44.540  2.252 0.8999999762
40621  30.459  -43.641  2.013 1.0000000000
38797  28.308  -45.254  -0.255 0.8999999762
37820  29.755  -45.600  0.675 0.8999999762
39693  29.444  -44.170  1.031 0.8999999762
41605  30.063  -42.988  1.821 1.0000000000
39716  27.665  -44.424  -0.434 0.8999999762
39703  28.709  -43.966  0.556 0.8999999762
40630  29.772  -43.537  1.472 1.0000000000
39705  27.373  -43.668  -0.582 0.8999999762
40632  28.701  -42.786  0.850 0.8999999762
59462  29.994  -23.570  -3.356 0.4000000060
59461  30.875  -23.506  -3.098 0.4000000060
58587  31.553  -24.484  -2.384 0.4000000060
32926  30.306  -51.494  3.521 1.0000000000
32021  30.190  -52.152  -0.024 0.8000000119
133845  27.201  -51.122  6.911 0.8999999762
33879  30.579  -49.995  4.818 1.0000000000
32956  30.173  -50.930  -0.224 0.8000000119
35842  29.957  -48.464  6.863 0.8999999762
36874  30.813  -47.631  1.564 0.8999999762
34899  30.563  -49.328  0.574 0.8000000119
35917  28.994  -48.323  -0.893 0.8000000119
35918  28.256  -48.320  -1.271 0.8000000119
36887  29.257  -47.559  -0.555 0.8999999762
117523  27.874  -46.877  -1.123 0.8000000119
38807  27.312  -45.272  -0.996 0.8999999762
130338  30.932  -45.777  1.955 0.8999999762
117191  28.314  -44.416  0.108 0.8999999762
36787  28.565  -47.798  7.524 0.8999999762
123657  27.571  -46.836  7.129 1.0000000000
39637  25.060  -44.846  5.686 0.6000000238
120528  22.742  -44.366  5.544 0.4000000060
39639  23.442  -44.566  5.619 0.4000000060
39683  31.415  -45.065  2.818 1.0000000000
39692  30.215  -44.349  1.583 0.8999999762
40681  28.314  -43.525  -3.108 0.6999999881
126345  27.998  -40.998  -2.506 0.8000000119
38688  29.654  -45.675  7.691 0.8999999762
40657  27.221  -43.019  -0.798 0.8999999762
41640  30.282  -42.730  -1.819 0.6000000238
41654  27.396  -42.282  -1.995 0.8999999762
39616  27.359  -44.565  7.039 0.6999999881
39704  27.986  -43.671  0.106 0.8999999762
43798  27.245  -40.042  -2.131 0.8999999762
43773  30.722  -40.654  -0.849 0.6999999881
43783  30.052  -40.629  -1.564 0.6999999881
114903  28.902  -44.243  7.980 0.8000000119
39595  30.608  -44.510  7.668 0.8999999762
124196  30.495  -40.910  2.450 1.0000000000
40631  29.085  -43.408  0.970 0.8999999762
42729  28.704  -41.560  1.103 0.8999999762
41618  28.290  -42.159  0.640 0.8999999762
40642  28.110  -42.908  0.387 0.8999999762
40541  31.457  -43.548  7.403 0.8000000119
41524  26.128  -42.485  7.330 0.5000000000
43763  26.960  -39.935  -0.908 0.8999999762
124864  31.863  -42.086  7.514 0.6999999881
42673  32.576  -41.490  6.120 0.8999999762
46532  29.455  -37.931  -1.039 0.6999999881
44726  26.765  -38.691  -2.231 0.8999999762
125635  27.853  -37.910  -2.147 0.8000000119
42631  27.348  -42.051  7.865 0.6000000238
41506  30.255  -42.175  8.525 0.8000000119
116670  28.891  -42.137  8.479 0.6000000238
42644  32.019  -41.439  7.615 0.6999999881
43686  32.632  -40.631  6.475 0.6999999881
45570  30.440  -38.581  2.562 1.0000000000
46547  26.394  -37.418  -1.795 0.8999999762
117355  28.607  -41.398  8.525 0.6000000238
42647  26.528  -41.891  7.655 0.5000000000
45561  31.286  -38.593  3.085 0.8999999762
43654  28.262  -40.491  8.553 0.5000000000
44625  33.220  -38.894  6.170 0.6999999881
47492  25.629  -36.167  -1.218 0.8999999762
134847  29.961  -39.234  8.788 0.5000000000
48353  29.148  -35.455  1.403 0.8999999762
48333  31.617  -35.614  2.243 0.8000000119
50332  24.556  -33.590  -1.826 0.8999999762
135507  30.547  -38.930  8.790 0.5000000000
45506  32.244  -38.676  8.443 0.6999999881
49302  33.156  -35.010  2.674 0.8000000119
49330  29.380  -34.531  1.209 0.8999999762
50289  27.252  -34.007  0.429 0.8999999762
51247  26.905  -32.507  -2.241 0.8000000119
47411  34.229  -36.051  5.369 0.6999999881
48313  34.230  -35.170  4.094 0.6999999881
50284  31.675  -33.565  1.204 0.8000000119
52084  24.775  -31.867  -1.061 0.8999999762
52081  27.333  -31.775  -0.327 0.8999999762
48260  34.105  -35.488  6.519 0.6000000238
132136  26.034  -30.020  -3.147 0.6999999881
52919  26.236  -30.307  -0.893 0.8999999762
121415  24.258  -27.412  -3.084 0.6999999881
55676  25.967  -27.269  -3.653 0.6000000238
56659  25.176  -26.936  -2.608 0.8000000119
56699  25.813  -25.729  -3.453 0.6000000238
127223  27.331  -26.651  -2.439 0.6999999881
55692  28.829  -27.030  -4.569 0.6000000238
59493  27.293  -23.508  -4.070 0.6000000238
57708  29.137  -25.648  -4.772 0.6000000238
59478  28.062  -23.095  -3.929 0.6000000238
59460  31.634  -23.801  -2.587 0.4000000060
60441  30.394  -22.631  -3.626 0.4000000060
60427  32.570  -22.917  -2.383 0.4000000060
62366  32.078  -19.794  -4.923 0.4000000060
39717  26.985  -44.312  -1.228 0.8999999762
25665  24.700  -60.055  3.725 0.4000000060
25654  24.395  -59.431  5.104 0.4000000060
134058  23.066  -60.021  5.620 0.4000000060
26530  26.126  -58.117  3.206 0.4000000060
26511  24.530  -58.788  5.332 0.4000000060
25642  23.909  -59.079  5.524 0.4000000060
118799  26.530  -57.605  2.810 0.3000000119
25653  25.085  -58.903  4.743 0.4000000060
27393  26.847  -57.378  2.169 0.4000000060
27404  27.283  -57.119  1.373 0.4000000060
28290  28.352  -55.869  0.133 0.4000000060
28302  28.020  -55.858  -0.767 0.4000000060
26494  24.966  -58.183  5.356 0.5000000000
26496  23.499  -58.573  5.676 0.4000000060
136242  26.045  -57.938  4.010 0.4000000060
27360  25.565  -58.055  4.672 0.4000000060
28255  27.372  -56.729  2.162 0.5000000000
122735  27.706  -56.474  1.580 0.4000000060
28273  28.388  -55.814  0.872 0.4000000060
29235  28.623  -55.107  -0.425 0.5000000000
30178  28.745  -54.129  -0.944 0.5000000000
122425  28.296  -53.253  -1.587 0.6000000238
31119  27.661  -53.602  -2.084 0.5000000000
31120  27.210  -53.042  -2.440 0.6000000238
32061  26.743  -52.408  -2.640 0.4000000060
27343  24.648  -57.417  5.707 0.5000000000
27344  23.719  -57.707  5.762 0.5000000000
27345  22.963  -57.623  5.708 0.5000000000
27346  22.209  -57.637  5.451 0.5000000000
28239  26.711  -56.738  3.993 0.6000000238
27341  25.941  -56.984  5.132 0.6000000238
28238  27.300  -56.235  3.498 0.5000000000
29162  27.636  -55.527  3.841 0.6000000238
126529  27.463  -56.338  2.745 0.5000000000
29195  27.913  -56.020  2.127 0.5000000000
29194  28.563  -55.453  1.529 0.4000000060
118421  29.201  -54.485  -0.124 0.6000000238
31110  29.394  -53.672  -0.386 0.6000000238
32023  29.044  -53.075  -0.997 0.6000000238
32041  28.546  -52.237  -1.434 0.6000000238
32985  27.791  -51.800  -1.932 0.6000000238
125284  27.462  -50.943  -2.039 0.6000000238
32042  27.969  -52.516  -1.841 0.6000000238
32043  27.430  -52.375  -2.240 0.6000000238
124856  26.699  -50.763  -2.397 0.6000000238
33955  25.947  -50.088  -2.684 0.6000000238
28204  24.946  -56.569  5.838 0.5000000000
28205  24.090  -56.702  5.891 0.5000000000
120666  22.665  -56.962  5.521 0.5000000000
28208  22.044  -56.937  5.210 0.5000000000
28220  27.082  -56.009  4.389 0.6000000238
28203  25.639  -56.606  5.536 0.6000000238
29180  27.778  -55.734  2.986 0.6000000238
30122  28.011  -54.864  4.109 0.6000000238
29179  28.382  -55.307  2.481 0.5000000000
29161  28.203  -55.108  3.325 0.6000000238
30150  29.466  -54.287  1.488 0.6000000238
30159  29.396  -54.485  0.655 0.6000000238
32983  29.020  -51.473  -1.091 0.6000000238
33954  26.994  -50.090  -2.151 0.6000000238
34913  26.397  -49.242  -2.266 0.6999999881
28192  24.691  -55.825  5.995 0.6000000238
28206  23.217  -56.359  5.651 0.5000000000
28207  22.341  -56.164  5.182 0.5000000000
29146  26.738  -55.661  5.169 0.6000000238
118522  26.146  -55.971  5.560 0.6000000238
29128  25.506  -55.738  5.910 0.6000000238
29147  22.377  -55.255  4.785 0.5000000000
29163  21.948  -54.986  4.022 0.5000000000
129780  26.981  -55.021  5.404 0.6000000238
30120  29.374  -54.045  2.449 0.6000000238
35923  26.699  -48.492  -1.936 0.6999999881
29116  25.747  -54.938  6.126 0.6000000238
29117  25.156  -55.048  6.191 0.6000000238
29131  23.006  -55.467  5.417 0.6000000238
128731  26.311  -55.172  5.783 0.6000000238
30088  24.917  -54.338  6.254 0.6000000238
29130  23.632  -54.828  5.624 0.6000000238
30098  22.863  -54.544  5.023 0.6000000238
132541  22.386  -54.629  4.385 0.6000000238
30086  26.225  -54.377  6.173 0.6000000238
30124  21.736  -54.677  3.117 0.5000000000
30111  27.821  -54.553  4.716 0.6000000238
30136  22.079  -53.987  2.816 0.6000000238
119986  26.241  -47.851  -2.134 0.6999999881
30087  25.590  -54.341  6.291 0.6000000238
30097  23.481  -53.974  5.334 0.6000000238
31036  26.783  -53.717  6.235 0.6000000238
31025  26.100  -53.640  6.424 0.6000000238
31026  25.368  -53.633  6.366 0.6000000238
30112  23.023  -53.779  4.730 0.6000000238
30113  22.589  -54.018  4.273 0.6000000238
31035  27.423  -53.842  5.761 0.6000000238
31050  22.865  -53.266  4.086 0.6000000238
31049  27.968  -53.990  5.125 0.6000000238
31056  28.856  -53.821  3.910 0.6000000238
36894  26.261  -47.055  -2.116 0.6999999881
37840  26.150  -46.086  -2.453 0.6999999881
31941  27.369  -53.222  6.228 0.6000000238
31931  25.054  -52.914  6.297 0.6999999881
31942  24.427  -52.843  5.791 0.6999999881
31034  28.085  -53.185  5.659 0.6000000238
39730  26.613  -44.557  -2.077 0.6999999881
31930  25.809  -52.876  6.533 0.6999999881
31929  27.699  -52.445  6.400 0.6999999881
118906  26.722  -52.834  6.557 0.6999999881
32890  25.344  -52.147  6.365 0.6999999881
31952  24.279  -52.059  5.332 0.6999999881
31038  23.431  -53.098  4.811 0.6000000238
31953  23.737  -52.227  4.655 0.6999999881
32914  24.087  -51.504  4.533 0.6000000238
31964  23.302  -52.389  3.847 0.5000000000
40682  27.492  -43.768  -2.923 0.8000000119
32888  27.034  -51.873  6.788 0.6999999881
32889  26.145  -52.017  6.707 0.6999999881
33865  25.524  -51.133  6.359 0.6999999881
135351  24.469  -51.310  5.117 0.6999999881
32929  23.553  -51.599  3.296 0.5000000000
33884  24.874  -50.679  5.355 0.6999999881
122996  24.410  -50.803  4.467 0.6000000238
32928  23.987  -51.041  3.723 0.6000000238
131345  29.647  -31.797  -0.042 0.6999999881
50269  33.015  -33.923  1.919 0.6999999881
49327  32.212  -34.136  1.658 0.6999999881
50304  31.243  -32.957  0.744 0.6999999881
49316  34.144  -34.076  2.964 0.6000000238
50268  33.761  -33.646  2.276 0.6000000238
125523  30.963  -32.380  0.406 0.6999999881
121166  30.268  -31.265  -0.332 0.6999999881
52093  28.611  -31.326  -0.373 0.6999999881
53822  28.086  -30.147  -0.962 0.6999999881
50282  33.358  -33.219  1.615 0.6000000238
50283  32.546  -33.427  1.376 0.6999999881
51222  31.667  -32.342  0.458 0.6999999881
50261  34.675  -33.583  3.511 0.6000000238
52916  29.648  -30.508  -0.730 0.6999999881
53821  29.003  -29.774  -1.121 0.6999999881
54727  28.135  -29.371  -1.315 0.6999999881
50267  34.448  -33.295  2.704 0.6000000238
50281  34.116  -32.923  1.959 0.6000000238
51220  33.236  -32.023  0.715 0.6000000238
51221  32.437  -32.248  0.555 0.6999999881
52077  31.202  -31.714  0.024 0.6999999881
53820  30.039  -29.731  -1.102 0.6999999881
53833  29.589  -28.993  -1.403 0.6999999881
53834  28.787  -28.967  -1.451 0.6999999881
51194  34.773  -32.530  2.445 0.6000000238
52069  34.038  -31.741  0.995 0.5000000000
52913  32.512  -30.198  -0.446 0.5000000000
53819  30.963  -29.675  -1.040 0.6999999881
54739  30.965  -28.280  -1.429 0.6999999881
55639  29.812  -27.534  -1.865 0.6999999881
60460  35.005  -22.076  -4.919 0.3000000119
60461  34.178  -22.259  -5.134 0.3000000119
60470  32.295  -21.924  -5.523 0.3000000119
24768  24.267  -60.142  4.626 0.4000000060
23874  22.940  -60.642  5.477 0.3000000119
114957  22.112  -60.798  5.653 0.4000000060
26544  25.628  -58.898  2.779 0.3000000119
24755  22.549  -60.058  5.680 0.4000000060
27405  26.693  -57.721  1.548 0.4000000060
25644  22.300  -59.337  5.707 0.4000000060
27413  27.399  -57.137  0.464 0.4000000060
28291  27.821  -56.536  -0.077 0.4000000060
28303  27.592  -56.584  -0.731 0.4000000060
29256  28.206  -54.957  -1.212 0.5000000000
31130  27.023  -53.773  -2.579 0.4000000060
136700  21.730  -57.964  5.302 0.4000000060
32987  26.067  -51.090  -2.787 0.5000000000
27362  20.832  -57.744  4.271 0.5000000000
34914  25.550  -49.110  -2.814 0.6000000238
28222  21.658  -56.566  4.673 0.5000000000
29148  21.793  -55.741  4.403 0.5000000000
28257  21.063  -55.908  2.810 0.5000000000
36895  25.761  -47.648  -2.609 0.6000000238
29164  21.504  -55.432  3.464 0.5000000000
30137  21.712  -54.337  2.035 0.4000000060
31965  22.773  -52.849  3.203 0.5000000000
38829  26.217  -45.581  -2.895 0.6999999881
31980  23.183  -52.118  2.816 0.5000000000
40692  26.992  -44.461  -3.023 0.8000000119
32937  23.293  -51.421  2.492 0.5000000000
122835  23.682  -51.034  3.031 0.6000000238
45505  32.850  -38.321  8.045 0.6000000238
46421  33.001  -37.510  8.122 0.6000000238
50253  34.778  -33.766  4.376 0.6000000238
51180  34.990  -32.833  3.246 0.5000000000
52068  34.765  -31.275  1.438 0.5000000000
52904  34.078  -30.515  0.523 0.5000000000
52905  33.369  -30.383  0.056 0.5000000000
123960  32.004  -28.907  -0.991 0.5000000000
54726  31.775  -28.295  -1.192 0.5000000000
128666  31.172  -27.025  -1.681 0.5000000000
61431  36.447  -21.225  -4.525 0.3000000119
135699  35.314  -21.433  -5.089 0.3000000119
131981  33.648  -20.657  -5.461 0.3000000119
120670  28.747  -54.637  2.854 0.6000000238
34912  27.407  -49.293  -1.753 0.6999999881
36893  26.889  -47.746  -1.718 0.6999999881
125372  26.645  -45.686  -1.699 0.6999999881
132155  27.511  -29.730  -1.172 0.6999999881
60469  33.297  -21.408  -5.486 0.3000000119
40683  26.859  -44.172  -2.515 0.8000000119
39750  27.475  -44.513  -3.247 0.6999999881
50303  32.084  -32.903  0.867 0.6999999881
121569  24.747  -59.588  4.427 0.4000000060
26531  25.635  -58.555  3.874 0.4000000060
26543  26.305  -58.152  2.193 0.3000000119
28256  26.970  -56.943  2.990 0.5000000000
124379  23.144  -58.158  5.728 0.5000000000
29257  27.688  -55.493  -1.576 0.3000000119
32062  26.020  -52.420  -3.193 0.4000000060
26512  21.237  -58.359  5.037 0.5000000000
32915  23.708  -51.726  4.017 0.6000000238
52915  30.586  -30.417  -0.731 0.6999999881
51209  32.900  -32.739  1.043 0.6999999881
51208  33.697  -32.482  1.309 0.6000000238
52091  32.018  -31.123  -0.260 0.6999999881
51207  34.459  -32.156  1.667 0.6000000238
52906  32.826  -30.924  -0.062 0.6000000238
123129  31.136  -30.993  -0.427 0.6999999881
53832  30.490  -28.985  -1.319 0.6999999881
54740  30.105  -28.262  -1.579 0.6999999881
52059  35.088  -31.759  2.195 0.5000000000
52074  34.251  -31.077  0.833 0.5000000000
52075  33.515  -31.189  0.444 0.5000000000
53818  31.815  -29.557  -0.864 0.5000000000
53831  31.331  -28.952  -1.183 0.5000000000
55637  31.471  -27.606  -1.436 0.5000000000
55638  30.658  -27.577  -1.667 0.6999999881
51193  35.307  -32.035  3.082 0.5000000000
53808  33.988  -29.810  0.272 0.5000000000
53816  33.303  -29.588  -0.235 0.5000000000
55625  32.377  -27.595  -1.069 0.5000000000
38835  26.424  -45.624  -3.248 0.6000000238
39751  26.897  -45.041  -3.287 0.6000000238
122339  29.514  -44.332  -2.483 0.5000000000
39741  28.196  -44.710  -3.298 0.6000000238
121054  28.716  -44.163  -3.060 0.6000000238
40668  31.531  -44.016  -0.928 0.5000000000
39739  30.333  -44.466  -1.770 0.5000000000
40680  29.157  -43.511  -2.855 0.6000000238
35892  23.416  -48.563  3.508 0.5000000000
40656  32.020  -43.462  -0.549 0.5000000000
40669  30.658  -43.711  -1.494 0.5000000000
41628  33.195  -42.751  0.025 0.5000000000
36856  23.480  -47.860  3.803 0.4000000060
35893  22.730  -48.287  3.390 0.4000000060
36857  22.597  -47.540  3.650 0.4000000060
41630  31.667  -42.669  -0.579 0.5000000000
135279  33.647  -42.123  0.269 0.5000000000
41629  32.267  -42.303  -0.140 0.5000000000
37799  22.322  -46.792  3.879 0.4000000060
43757  34.220  -40.970  0.401 0.5000000000
41617  32.915  -41.889  0.288 0.5000000000
38758  21.934  -46.037  4.104 0.4000000060
41539  25.405  -42.619  7.148 0.4000000060
41540  24.518  -42.699  7.001 0.4000000060
127469  23.339  -43.366  6.390 0.4000000060
44591  28.353  -39.682  8.589 0.4000000060
44592  27.558  -39.718  8.504 0.4000000060
120612  25.683  -41.886  7.535 0.4000000060
120177  28.121  -38.979  8.557 0.4000000060
42632  26.062  -41.190  7.887 0.4000000060
41525  24.792  -41.939  7.424 0.4000000060
43674  25.629  -40.495  8.112 0.4000000060
42648  25.184  -41.164  7.751 0.4000000060
41526  23.942  -42.047  7.242 0.4000000060
41541  23.680  -42.732  6.820 0.4000000060
43655  27.453  -40.587  8.419 0.4000000060
43656  26.831  -40.228  8.404 0.4000000060
113290  26.911  -41.137  8.136 0.4000000060
44590  29.056  -39.230  8.717 0.4000000060
44593  26.659  -39.288  8.424 0.4000000060
132500  26.316  -40.604  8.217 0.4000000060
43657  26.100  -39.947  8.367 0.4000000060
44613  25.331  -39.734  8.229 0.4000000060
116022  23.969  -40.147  7.649 0.4000000060
45507  31.437  -39.058  8.689 0.4000000060
45491  28.711  -38.337  8.634 0.4000000060
45492  27.870  -38.155  8.449 0.4000000060
45493  27.350  -38.758  8.446 0.4000000060
45489  30.845  -38.216  8.792 0.4000000060
120229  29.260  -37.699  8.654 0.4000000060
121375  27.182  -37.964  8.305 0.4000000060
132291  26.768  -38.476  8.350 0.4000000060
44594  25.870  -39.277  8.343 0.4000000060
45508  25.163  -38.812  8.182 0.4000000060
44614  24.518  -39.520  7.940 0.4000000060
46422  32.331  -37.897  8.502 0.5000000000
46407  31.548  -37.571  8.673 0.5000000000
46408  30.630  -37.320  8.710 0.4000000060
46409  29.741  -37.122  8.630 0.4000000060
118270  29.018  -37.041  8.490 0.4000000060
46410  28.369  -37.432  8.417 0.4000000060
45494  26.104  -38.593  8.305 0.4000000060
47356  28.552  -36.562  8.201 0.4000000060
46411  27.624  -37.487  8.259 0.4000000060
47353  31.241  -36.685  8.602 0.4000000060
47354  30.229  -36.510  8.544 0.4000000060
47355  29.350  -36.458  8.379 0.4000000060
47357  27.793  -36.797  8.063 0.4000000060
48244  31.264  -35.084  8.201 0.4000000060
49237  30.674  -34.382  7.636 0.4000000060
48245  30.213  -35.097  7.998 0.4000000060
48246  29.417  -35.251  7.811 0.4000000060
123810  28.675  -35.070  7.494 0.4000000060
47361  33.409  -36.289  7.588 0.5000000000
49235  32.770  -34.502  7.726 0.5000000000
49236  31.749  -34.397  7.797 0.4000000060
50211  30.165  -33.665  7.084 0.4000000060
118766  29.573  -34.487  7.432 0.4000000060
135285  28.791  -34.333  7.113 0.3000000119
47363  31.829  -35.953  8.436 0.5000000000
48229  30.743  -35.816  8.413 0.4000000060
48230  29.786  -35.794  8.251 0.4000000060
48231  28.942  -35.823  8.001 0.4000000060
47364  28.069  -35.918  7.704 0.4000000060
49234  33.572  -34.627  7.327 0.5000000000
50226  29.230  -33.751  6.819 0.3000000119
49249  34.156  -34.777  6.602 0.5000000000
50210  31.209  -33.672  7.322 0.4000000060
51142  28.745  -33.186  6.343 0.3000000119
49250  28.421  -33.883  6.701 0.3000000119
50207  33.893  -34.070  7.068 0.5000000000
50221  34.310  -33.914  6.416 0.4000000060
50242  34.671  -33.690  5.431 0.5000000000
50223  32.753  -33.147  7.155 0.3000000119
50224  31.762  -33.031  7.032 0.4000000060
50225  30.765  -32.986  6.738 0.4000000060
113487  29.711  -32.896  6.431 0.3000000119
50227  27.945  -33.399  6.313 0.3000000119
50222  33.684  -33.336  6.882 0.3000000119
51154  34.759  -32.632  5.525 0.4000000060
123175  34.924  -33.175  4.847 0.4000000060
51167  35.099  -32.996  4.110 0.4000000060
51141  30.479  -32.260  6.238 0.3000000119
128644  28.966  -32.444  5.912 0.3000000119
50243  27.439  -32.956  5.917 0.3000000119
50244  26.560  -33.119  5.946 0.3000000119
127837  33.149  -32.716  6.802 0.3000000119
124831  28.334  -32.070  5.521 0.3000000119
51157  28.191  -32.743  5.927 0.3000000119
51158  27.022  -32.398  5.555 0.3000000119
119062  34.335  -33.060  6.270 0.3000000119
51153  35.091  -31.991  5.053 0.3000000119
51179  35.239  -32.407  3.719 0.4000000060
52067  35.279  -31.055  2.084 0.4000000060
52897  34.686  -30.545  1.001 0.4000000060
53817  32.580  -29.257  -0.648 0.4000000060
51159  26.161  -32.366  5.541 0.3000000119
51994  33.149  -32.029  6.442 0.3000000119
51139  32.352  -32.500  6.711 0.3000000119
51138  33.741  -32.666  6.572 0.3000000119
51993  34.183  -32.205  6.217 0.3000000119
52003  34.583  -31.689  5.609 0.3000000119
52047  35.358  -31.816  3.895 0.3000000119
125593  35.400  -31.365  3.516 0.4000000060
52881  35.396  -30.629  3.583 0.3000000119
52058  35.379  -31.231  2.816 0.4000000060
52896  35.214  -30.403  1.668 0.4000000060
127792  34.513  -30.018  0.696 0.4000000060
126670  33.970  -29.047  0.041 0.4000000060
54724  33.269  -28.766  -0.415 0.4000000060
54725  32.522  -28.457  -0.819 0.4000000060
52890  35.422  -30.468  2.591 0.3000000119
53798  35.449  -29.652  2.247 0.3000000119
53807  34.643  -29.287  0.683 0.4000000060
54717  34.434  -28.538  0.414 0.4000000060
55624  33.179  -27.963  -0.578 0.4000000060
56639  33.467  -26.655  -0.631 0.4000000060
56640  32.701  -26.727  -1.096 0.4000000060
116500  31.381  -26.278  -1.793 0.4000000060
56655  30.445  -26.774  -1.993 0.5000000000
53791  35.447  -29.796  3.304 0.3000000119
127083  35.477  -28.887  2.236 0.3000000119
54710  34.980  -28.486  1.005 0.3000000119
55616  34.611  -27.631  0.519 0.4000000060
56630  34.249  -26.747  -0.051 0.4000000060
55623  33.784  -27.423  -0.296 0.4000000060
56638  33.929  -25.966  -0.459 0.3000000119
57640  33.115  -25.881  -1.085 0.4000000060
115160  31.883  -25.655  -1.765 0.3000000119
57660  31.278  -25.527  -2.119 0.3000000119
131163  30.697  -25.988  -2.172 0.4000000060
58574  31.914  -24.992  -2.003 0.3000000119
57678  31.214  -24.924  -2.367 0.3000000119
121597  35.509  -28.958  3.077 0.3000000119
55608  35.526  -27.629  2.049 0.3000000119
55609  35.216  -27.836  1.336 0.3000000119
129082  34.815  -26.722  0.630 0.3000000119
123132  34.611  -26.033  0.274 0.3000000119
57638  34.409  -25.291  -0.168 0.3000000119
57639  33.680  -25.220  -0.792 0.3000000119
57659  32.512  -25.376  -1.532 0.3000000119
58572  32.714  -24.551  -1.650 0.3000000119
58558  33.496  -24.548  -1.158 0.3000000119
55598  35.571  -27.330  2.949 0.3000000119
55615  35.298  -27.031  1.367 0.3000000119
127433  35.190  -26.147  1.052 0.3000000119
57626  35.042  -25.344  0.642 0.3000000119
59446  33.302  -23.849  -1.493 0.3000000119
58573  32.110  -24.329  -2.179 0.3000000119
59431  33.945  -23.946  -0.962 0.3000000119
60426  33.247  -22.985  -1.812 0.3000000119
120083  32.321  -36.930  8.478 0.5000000000
131960  33.083  -36.777  8.108 0.5000000000
37849  26.006  -46.165  -3.168 0.6000000238
37860  26.339  -46.373  -3.590 0.5000000000
120978  26.874  -45.699  -3.588 0.5000000000
39740  29.001  -45.000  -2.830 0.5000000000
38828  28.380  -45.519  -3.218 0.5000000000
39715  32.524  -44.232  -0.658 0.5000000000
38817  31.078  -45.306  -1.394 0.5000000000
38826  30.015  -45.442  -2.011 0.5000000000
33892  24.693  -50.098  4.509 0.6000000238
34861  24.501  -49.589  3.996 0.6000000238
121040  24.239  -49.153  3.714 0.6000000238
122142  23.714  -49.142  3.424 0.5000000000
34877  22.936  -49.043  3.150 0.5000000000
35898  21.985  -48.711  2.788 0.5000000000
36868  22.024  -47.958  3.238 0.4000000060
36858  21.768  -47.300  3.357 0.4000000060
37800  21.492  -46.544  3.484 0.4000000060
38759  21.193  -45.765  3.562 0.4000000060
40579  22.304  -43.813  5.592 0.3000000119
40563  22.540  -43.231  6.053 0.3000000119
41542  22.838  -42.529  6.533 0.4000000060
43676  23.301  -40.627  7.334 0.4000000060
129092  23.312  -42.143  6.951 0.4000000060
44615  23.711  -39.376  7.588 0.4000000060
46423  27.017  -37.157  7.966 0.4000000060
46425  24.660  -37.970  7.868 0.4000000060
46412  26.484  -37.862  8.181 0.4000000060
46413  25.626  -37.929  8.075 0.4000000060
46424  26.125  -37.190  7.846 0.4000000060
49238  28.126  -34.538  7.066 0.4000000060
48247  27.910  -35.169  7.351 0.4000000060
49251  27.679  -34.070  6.642 0.3000000119
50228  27.196  -33.605  6.292 0.3000000119
50229  26.505  -33.893  6.381 0.3000000119
40654  33.760  -43.418  -0.344 0.5000000000
39659  21.555  -44.405  4.628 0.4000000060
119236  23.323  -39.910  7.379 0.4000000060
45509  24.173  -38.705  7.786 0.4000000060
39658  22.060  -44.926  4.839 0.4000000060
40679  29.907  -43.565  -2.211 0.5000000000
120096  33.815  -35.857  6.970 0.5000000000
45490  29.783  -38.496  8.781 0.4000000060
56654  31.891  -26.886  -1.433 0.4000000060
136532  33.095  -27.263  -0.742 0.4000000060
39728  31.992  -45.005  -0.940 0.5000000000
43675  24.790  -40.355  7.922 0.4000000060
42649  24.174  -41.119  7.559 0.4000000060
42650  23.320  -41.484  7.193 0.4000000060
129075  31.718  -38.298  8.669 0.5000000000
134239  30.066  -37.777  8.768 0.4000000060
48261  33.840  -35.235  7.057 0.5000000000
48242  33.280  -35.374  7.691 0.5000000000
48243  32.338  -35.186  8.165 0.5000000000
47362  32.780  -36.081  8.202 0.5000000000
50208  33.211  -33.876  7.369 0.5000000000
50209  32.252  -33.742  7.463 0.4000000060
127929  35.072  -32.626  4.801 0.4000000060
52024  35.250  -31.656  4.538 0.3000000119
136697  35.259  -29.793  1.596 0.4000000060
127825  34.984  -29.886  1.149 0.4000000060
52004  33.786  -31.372  6.021 0.3000000119
54718  33.906  -28.235  -0.089 0.4000000060
53799  35.243  -29.204  1.478 0.3000000119
56653  32.260  -26.125  -1.460 0.4000000060
54704  35.543  -28.219  2.640 0.3000000119
54709  35.402  -28.384  1.763 0.3000000119
57625  35.453  -25.457  1.512 0.3000000119
59445  33.812  -23.360  -1.281 0.3000000119
133054  22.126  -53.680  2.038 0.4000000060
31084  22.433  -53.105  1.629 0.4000000060
31099  22.344  -53.020  0.659 0.4000000060
31992  22.612  -52.330  1.302 0.3000000119
31991  23.005  -52.002  2.080 0.4000000060
32945  22.804  -51.564  1.687 0.3000000119
122282  25.282  -49.722  -3.343 0.5000000000
33910  23.401  -50.680  2.639 0.5000000000
33920  22.396  -50.924  1.390 0.3000000119
35929  25.385  -48.317  -2.993 0.5000000000
35943  25.423  -48.306  -3.647 0.5000000000
34931  25.233  -49.087  -3.949 0.5000000000
34875  24.039  -49.728  3.461 0.5000000000
34876  23.371  -49.844  2.923 0.4000000060
36899  25.535  -47.564  -3.238 0.5000000000
35954  25.571  -48.300  -4.024 0.5000000000
36922  26.186  -47.519  -4.101 0.3000000119
37850  25.870  -46.920  -3.456 0.5000000000
37861  26.035  -47.158  -3.877 0.4000000060
37859  26.935  -46.327  -3.790 0.4000000060
36910  27.287  -47.609  -3.922 0.3000000119
36911  26.643  -47.020  -3.947 0.3000000119
36909  28.118  -47.681  -3.530 0.3000000119
118163  27.488  -46.897  -3.717 0.3000000119
37847  29.464  -47.100  -2.686 0.3000000119
37848  28.617  -46.322  -3.075 0.4000000060
37858  27.705  -46.072  -3.551 0.4000000060
36869  21.254  -47.848  2.659 0.3000000119
38816  32.001  -45.884  -1.392 0.4000000060
118805  30.299  -46.629  -2.171 0.4000000060
38827  29.256  -46.002  -2.623 0.4000000060
37810  21.143  -47.029  2.938 0.3000000119
38743  21.543  -45.183  4.234 0.3000000119
132618  22.859  -41.800  6.791 0.3000000119
42651  22.638  -40.988  6.763 0.3000000119
43677  22.766  -40.074  6.965 0.3000000119
44616  22.979  -39.344  7.193 0.3000000119
46426  23.659  -37.905  7.590 0.3000000119
120803  25.192  -37.215  7.776 0.3000000119
122545  24.222  -37.227  7.680 0.3000000119
46427  22.867  -37.464  7.391 0.3000000119
47365  27.281  -36.313  7.694 0.3000000119
47366  26.553  -36.480  7.650 0.3000000119
47367  25.703  -36.478  7.598 0.3000000119
47368  24.723  -36.483  7.598 0.3000000119
48248  27.363  -35.554  7.427 0.3000000119
132503  26.836  -35.889  7.486 0.3000000119
115688  26.193  -35.799  7.416 0.3000000119
48250  25.269  -35.645  7.403 0.3000000119
48263  25.965  -35.046  7.102 0.3000000119
135226  24.778  -35.242  7.344 0.3000000119
49239  27.338  -34.765  7.011 0.3000000119
48249  26.714  -35.262  7.217 0.3000000119
49252  25.739  -34.266  6.599 0.3000000119
33965  25.226  -50.658  -3.499 0.5000000000
37811  20.825  -46.272  2.747 0.3000000119
33911  22.797  -50.394  2.264 0.3000000119
34885  22.460  -49.589  2.532 0.3000000119
35899  21.120  -48.719  1.959 0.3000000119
26513  20.775  -59.230  4.951 0.4000000060
116706  20.500  -58.562  4.220 0.4000000060
122820  20.373  -57.961  3.345 0.4000000060
26552  19.548  -58.469  1.360 0.4000000060
27407  19.906  -57.715  1.139 0.3000000119
27382  20.663  -57.316  3.564 0.4000000060
27394  20.450  -57.298  2.678 0.4000000060
28258  20.642  -56.498  2.100 0.4000000060
30188  27.489  -54.354  -2.177 0.3000000119
28240  20.793  -56.670  3.219 0.4000000060
28276  20.701  -56.081  1.134 0.3000000119
29196  21.173  -55.205  0.735 0.3000000119
30160  21.532  -54.397  -0.046 0.3000000119
29214  21.050  -55.099  -0.416 0.3000000119
31112  21.610  -53.624  -0.598 0.3000000119
29181  21.398  -55.159  2.466 0.4000000060
30152  21.617  -54.359  0.964 0.3000000119
31085  22.036  -53.676  1.231 0.3000000119
26532  19.868  -58.783  3.198 0.4000000060
26551  19.984  -58.030  2.218 0.4000000060
31111  22.058  -52.989  -0.208 0.3000000119
25645  21.496  -59.214  5.473 0.3000000119
31121  21.034  -53.520  -1.392 0.3000000119
24754  23.630  -59.938  5.366 0.4000000060
25643  23.122  -59.407  5.682 0.4000000060
25664  25.218  -59.340  3.774 0.4000000060
25674  25.121  -59.783  2.871 0.3000000119
25675  19.370  -59.375  2.573 0.4000000060
26495  24.224  -58.298  5.601 0.5000000000
26497  22.808  -58.694  5.724 0.4000000060
26498  22.042  -58.468  5.572 0.4000000060
27342  25.459  -57.392  5.314 0.6000000238
27359  26.125  -57.321  4.559 0.6000000238
27361  21.515  -57.439  4.921 0.5000000000
27380  26.438  -57.451  3.591 0.5000000000
27381  21.073  -56.964  4.138 0.5000000000
27406  20.304  -57.259  1.724 0.3000000119
27414  26.850  -57.711  0.827 0.4000000060
27426  27.344  -57.162  -0.323 0.4000000060
28221  26.385  -56.502  4.966 0.6000000238
28274  27.887  -56.441  0.819 0.4000000060
28275  21.025  -55.619  1.806 0.4000000060
29129  24.439  -55.027  6.042 0.6000000238
29145  27.408  -55.183  4.718 0.6000000238
29213  28.875  -55.192  0.522 0.6000000238
29268  27.337  -55.105  -2.201 0.3000000119
30094  27.434  -54.519  5.286 0.6000000238
30095  26.858  -54.439  5.804 0.6000000238
30096  24.193  -54.216  5.878 0.6000000238
30110  28.313  -54.220  4.384 0.6000000238
30121  28.534  -54.468  3.633 0.6000000238
30123  22.193  -54.324  3.692 0.5000000000
30135  28.983  -54.795  2.022 0.6000000238
30151  29.117  -54.882  1.251 0.4000000060
30158  29.593  -54.019  0.172 0.6999999881
30179  28.068  -54.199  -1.644 0.5000000000
31027  24.661  -53.589  6.124 0.6000000238
31037  23.982  -53.411  5.580 0.6999999881
31048  28.562  -53.530  4.742 0.6000000238
31055  29.424  -53.423  3.263 0.6999999881
31057  22.464  -53.624  3.463 0.6000000238
31068  22.435  -53.308  2.571 0.5000000000
31083  29.793  -53.846  0.795 0.6000000238
31100  21.945  -53.666  0.278 0.3000000119
31131  26.511  -53.136  -2.928 0.4000000060
31943  23.903  -52.705  5.258 0.6000000238
31981  22.730  -52.592  2.262 0.4000000060
32022  29.685  -52.756  -0.390 0.6999999881
32887  29.014  -50.945  6.381 0.8999999762
32891  24.757  -52.317  6.004 0.6999999881
32905  24.834  -51.598  5.823 0.6999999881
32912  30.250  -51.220  4.158 1.0000000000
32913  29.739  -51.572  4.772 0.8999999762
32986  26.954  -51.598  -2.410 0.6000000238
33001  26.286  -51.828  -2.840 0.5000000000
33903  24.293  -50.289  3.841 0.6000000238
33904  23.825  -50.432  3.241 0.6000000238
33919  23.019  -50.990  2.072 0.5000000000
33930  30.401  -50.064  0.063 0.8000000119
33951  29.497  -50.931  -0.747 0.8000000119
34849  29.911  -49.759  6.192 0.8999999762
34873  31.202  -48.731  3.494 1.0000000000
34921  25.231  -49.053  -3.522 0.5000000000
35824  29.349  -48.498  7.238 0.8999999762
35841  30.482  -48.485  6.259 0.8999999762
35843  27.459  -48.253  7.265 0.8999999762
35861  31.284  -48.270  5.008 1.0000000000
35903  30.929  -48.167  1.975 1.0000000000
35924  25.920  -48.421  -2.425 0.6999999881
35942  27.008  -48.240  -4.175 0.3000000119
36880  30.514  -47.681  0.749 0.8999999762
36912  25.695  -47.627  -3.783 0.5000000000
36923  25.861  -47.715  -4.068 0.5000000000
37819  30.708  -46.147  1.595 0.8999999762
37826  30.156  -46.897  0.487 0.8999999762
37837  26.603  -46.385  -1.772 0.6999999881
37841  25.757  -46.842  -2.858 0.6000000238
37857  28.398  -46.984  -3.269 0.4000000060
38818  26.405  -45.278  -2.304 0.6999999881
38825  31.204  -46.306  -1.686 0.4000000060
38834  27.531  -45.203  -3.452 0.6000000238
39729  31.083  -44.501  -1.256 0.5000000000
39742  26.592  -44.963  -2.822 0.6999999881
40562  24.231  -43.414  6.531 0.4000000060
40609  32.239  -43.517  3.936 1.0000000000
40610  31.686  -43.779  3.278 1.0000000000
40643  27.591  -43.028  -0.124 0.8999999762
40655  32.927  -43.548  -0.337 0.5000000000
41509  27.824  -42.570  7.971 0.6000000238
41521  27.933  -43.196  7.820 0.6999999881
41553  32.528  -43.001  5.512 1.0000000000
41594  31.330  -43.107  2.925 1.0000000000
41616  34.239  -41.769  0.256 0.5000000000
41639  31.116  -43.113  -1.056 0.5000000000
42738  33.576  -41.425  0.425 0.5000000000
43748  28.323  -39.887  1.027 1.0000000000
43758  33.506  -40.607  0.517 0.6000000238
43759  32.765  -40.284  0.498 0.6000000238
43762  27.327  -40.212  -0.124 0.8999999762
43786  27.127  -40.448  -1.542 0.8999999762
44689  34.123  -40.123  0.414 0.6000000238
44690  33.403  -39.786  0.518 0.6000000238
44691  32.635  -39.509  0.489 0.6000000238
44701  34.650  -39.615  0.018 0.6000000238
45618  28.605  -38.527  -1.881 0.6999999881
46513  33.033  -37.581  0.220 0.6000000238
46514  32.417  -37.924  0.335 0.6000000238
46528  34.093  -37.521  -0.521 0.6000000238
46529  33.389  -37.028  -0.261 0.6000000238
46546  26.684  -37.271  -2.112 0.8999999762
47502  26.849  -36.503  -2.021 0.8000000119
48335  29.733  -36.164  1.725 0.8999999762
48354  28.438  -35.634  1.204 0.8999999762
48396  27.273  -35.608  -1.726 0.6999999881
49332  27.811  -34.448  0.668 0.8999999762
49340  24.833  -33.993  -0.945 1.0000000000
49356  24.760  -34.114  -1.419 0.8999999762
49367  31.235  -33.972  -1.360 0.6000000238
50288  27.800  -33.765  0.523 0.8999999762
50321  24.636  -33.489  -1.311 0.8999999762
50330  27.216  -33.307  -1.879 0.6999999881
50344  25.017  -34.221  -2.133 0.8999999762
51166  35.239  -32.257  4.363 0.3000000119
51212  28.133  -33.194  0.434 0.8000000119
51228  25.982  -32.506  -0.389 0.8999999762
51240  24.495  -32.997  -1.665 0.8000000119
52076  32.674  -31.561  0.243 0.6000000238
52078  30.307  -32.078  0.174 0.6999999881
52079  28.954  -31.866  -0.032 0.6999999881
52092  29.306  -31.242  -0.381 0.6999999881
52099  24.475  -30.968  -1.916 0.8000000119
52109  24.658  -30.772  -2.242 0.8000000119
52119  24.934  -30.662  -2.524 0.8000000119
52914  31.520  -30.344  -0.657 0.6999999881
52917  28.750  -30.654  -0.671 0.6999999881
52951  25.219  -30.136  -2.829 0.8000000119
53835  24.460  -29.635  -1.704 0.8000000119
53844  24.305  -29.389  -2.114 0.8000000119
53862  24.540  -29.153  -2.811 0.8000000119
54743  24.430  -28.027  -2.460 0.8000000119
54757  24.305  -28.534  -2.612 0.8000000119
54775  24.239  -28.438  -2.801 0.8000000119
54789  27.943  -27.826  -4.217 0.6000000238
55677  24.885  -26.944  -3.260 0.6000000238
55691  29.703  -27.468  -4.576 0.5000000000
55694  25.664  -26.423  -3.496 0.6000000238
56656  29.415  -26.841  -2.222 0.8000000119
56658  26.529  -26.797  -2.419 0.8000000119
56670  25.639  -26.328  -2.855 0.8000000119
56671  24.718  -26.608  -2.968 0.6999999881
57658  33.119  -25.112  -1.271 0.3000000119
57681  27.854  -25.097  -3.154 0.6000000238
57711  25.935  -25.021  -3.841 0.6000000238
57722  27.440  -24.545  -4.486 0.6000000238
58557  34.134  -24.599  -0.593 0.3000000119
58611  26.878  -23.924  -4.144 0.6000000238
58617  31.778  -24.173  -5.095 0.5000000000
59479  27.307  -23.496  -4.016 0.6000000238
59499  32.043  -23.511  -5.289 0.4000000060
59503  28.334  -22.991  -4.814 0.6000000238
60464  28.497  -22.720  -4.572 0.6000000238
60472  30.062  -21.781  -5.342 0.6000000238
60473  29.342  -22.124  -5.188 0.6000000238
60474  28.798  -22.428  -5.012 0.6000000238
61420  35.783  -21.736  -4.492 0.3000000119
61423  29.783  -21.698  -4.730 0.4000000060
61435  29.660  -21.626  -4.993 0.6000000238
61443  29.654  -21.716  -5.140 0.6000000238
113887  30.851  -37.030  -0.121 0.6999999881
117085  29.890  -53.484  1.664 0.8000000119
117122  32.427  -42.978  -0.264 0.5000000000
117738  32.286  -35.721  -0.515 0.6000000238
118504  27.779  -54.825  -1.767 0.3000000119
118742  32.010  -31.810  0.178 0.6999999881
118954  27.302  -36.132  0.711 1.0000000000
119497  31.423  -25.338  -4.664 0.4000000060
120313  21.284  -56.198  3.820 0.5000000000
120773  26.171  -24.363  -3.986 0.6000000238
122310  31.273  -21.759  -5.503 0.4000000060
122697  32.398  -44.134  4.499 1.0000000000
122955  30.562  -39.214  -0.540 0.6000000238
124393  29.677  -52.610  3.656 0.8999999762
124450  31.197  -43.133  7.782 0.8000000119
124607  29.161  -48.011  7.448 0.8999999762
124709  27.732  -52.952  -2.041 0.6000000238
124897  28.113  -56.057  1.397 0.4000000060
124976  28.306  -47.067  7.503 1.0000000000
125695  23.348  -57.088  5.747 0.5000000000
125705  23.858  -55.720  5.846 0.5000000000
126249  29.743  -28.983  -4.347 0.5000000000
126318  22.646  -58.124  5.654 0.5000000000
126416  31.206  -39.054  -0.043 0.6000000238
127304  28.793  -26.260  -4.646 0.6000000238
128890  28.208  -52.001  6.366 0.8999999762
129907  24.707  -33.700  -2.069 0.8999999762
130291  21.387  -54.942  1.595 0.4000000060
131744  32.234  -40.695  0.265 0.6000000238
132110  30.556  -21.554  -5.362 0.4000000060
132164  30.113  -52.902  2.150 0.8999999762
132568  32.427  -41.149  4.525 1.0000000000
133028  28.032  -44.088  -3.273 0.6999999881
133490  25.633  -47.229  5.150 0.6000000238
133820  29.495  -42.191  8.542 0.6999999881
134034  26.078  -48.122  5.998 0.6999999881
134055  29.253  -28.600  -4.358 0.6000000238
134206  28.047  -37.423  -1.875 0.6999999881
134578  23.788  -47.426  4.132 0.6000000238
134620  29.337  -36.643  1.681 1.0000000000
134744  28.503  -43.338  0.577 0.8999999762
135167  27.477  -43.270  7.527 0.6999999881
136775  30.200  -51.572  -0.129 0.8000000119
136804  25.159  -57.008  5.664 0.5000000000
