#!ascii label , from subject sub-10 vox2ras=TkReg lh ROI=OTS coords=white drawn-with=delineation-helper-0.1.0
1626
15860  -34.688  -61.225  0.716 0.0000000000
16703  -33.109  -60.398  1.633 0.0000000000
16704  -33.963  -60.683  1.317 0.0000000000
16721  -35.121  -61.343  0.148 0.0000000000
17521  -32.604  -59.695  1.324 0.0000000000
17522  -33.535  -59.845  1.184 0.0000000000
17533  -31.313  -59.273  0.625 0.0000000000
17534  -32.131  -59.084  0.863 0.0000000000
17535  -33.050  -59.068  0.885 0.0000000000
17536  -33.985  -59.275  0.774 0.0000000000
17537  -35.320  -59.597  0.197 0.0000000000
17538  -35.933  -59.306  -0.082 0.0000000000
17550  -30.864  -59.292  -0.194 0.0000000000
17551  -31.283  -58.773  -0.533 0.0000000000
17552  -35.797  -60.393  -0.421 0.0000000000
17553  -36.398  -59.732  -0.516 0.0000000000
17554  -37.133  -59.478  -0.767 0.0000000000
17566  -31.038  -59.091  -1.156 0.0000000000
17580  -31.662  -58.950  -2.418 0.0000000000
17581  -32.042  -58.923  -2.966 0.0000000000
17596  -32.520  -59.058  -3.654 0.0000000000
18372  -31.780  -58.752  0.321 0.0000000000
18373  -32.527  -58.396  0.331 0.0000000000
18374  -33.532  -58.418  0.539 0.0000000000
18375  -34.638  -58.617  0.503 0.0000000000
18376  -35.453  -58.786  0.279 0.0000000000
18377  -36.583  -58.877  -0.233 0.0000000000
18385  -31.813  -58.360  -0.310 0.0000000000
18386  -37.256  -58.421  -0.385 0.0000000000
18387  -37.835  -57.995  -0.557 0.0000000000
18400  -31.552  -58.404  -1.041 0.0000000000
18401  -32.042  -57.922  -1.589 0.0000000000
18402  -37.837  -58.757  -0.855 0.0000000000
18411  -31.535  -58.638  -1.760 0.0000000000
18412  -31.980  -58.364  -2.364 0.0000000000
18423  -32.493  -58.307  -3.047 0.0000000000
18424  -33.053  -58.316  -3.717 0.0000000000
18441  -33.615  -58.273  -4.320 0.0000000000
19201  -33.163  -57.857  0.161 0.0000000000
19202  -34.010  -57.679  0.265 0.0000000000
19203  -35.397  -58.039  0.372 0.0000000000
19204  -36.050  -57.570  0.311 0.0000000000
19215  -32.025  -57.932  -0.887 0.0000000000
19216  -32.574  -57.746  -0.397 0.0000000000
19217  -33.383  -57.317  -0.243 0.0000000000
19218  -34.053  -56.981  -0.114 0.0000000000
19219  -36.690  -57.975  0.074 0.0000000000
19220  -37.323  -57.527  -0.201 0.0000000000
19221  -38.024  -57.238  -0.621 0.0000000000
19232  -32.497  -57.447  -1.092 0.0000000000
19233  -38.628  -57.034  -1.426 0.0000000000
19242  -32.887  -57.154  -2.446 0.0000000000
19243  -33.340  -56.756  -2.948 0.0000000000
19255  -33.019  -57.586  -3.149 0.0000000000
19266  -33.939  -57.480  -4.292 0.0000000000
19267  -34.458  -57.405  -5.065 0.0000000000
19275  -34.888  -57.244  -5.790 0.0000000000
19997  -34.685  -57.045  0.183 0.0000000000
19998  -35.289  -56.487  0.178 0.0000000000
19999  -35.987  -56.755  0.306 0.0000000000
20007  -32.996  -57.182  -0.752 0.0000000000
20008  -33.629  -56.585  -0.679 0.0000000000
20009  -34.518  -56.280  -0.211 0.0000000000
20010  -35.172  -55.842  -0.042 0.0000000000
20011  -36.524  -56.375  0.150 0.0000000000
20012  -38.131  -56.316  -0.834 0.0000000000
20021  -33.069  -56.849  -1.275 0.0000000000
20022  -33.582  -56.066  -1.501 0.0000000000
20023  -38.667  -56.083  -1.735 0.0000000000
20033  -33.125  -56.651  -2.026 0.0000000000
20034  -39.092  -55.654  -2.596 0.0000000000
20044  -33.856  -56.656  -3.787 0.0000000000
20045  -34.039  -55.952  -3.786 0.0000000000
20058  -34.386  -55.983  -4.543 0.0000000000
20064  -34.646  -56.589  -5.233 0.0000000000
20065  -35.055  -56.416  -6.002 0.0000000000
20071  -35.574  -56.174  -6.655 0.0000000000
20808  -35.882  -55.882  0.129 0.0000000000
20820  -34.090  -55.708  -0.785 0.0000000000
20821  -34.335  -55.048  -0.754 0.0000000000
20822  -35.346  -55.180  -0.156 0.0000000000
20823  -37.528  -55.607  -0.498 0.0000000000
20824  -38.181  -55.485  -1.179 0.0000000000
20833  -33.891  -55.037  -1.402 0.0000000000
20834  -34.310  -54.428  -0.911 0.0000000000
20835  -37.702  -54.808  -0.858 0.0000000000
20836  -38.308  -54.790  -1.586 0.0000000000
20846  -33.635  -55.525  -2.296 0.0000000000
20847  -38.805  -54.859  -2.372 0.0000000000
20859  -33.793  -55.286  -3.165 0.0000000000
20860  -34.164  -55.238  -4.007 0.0000000000
20875  -34.471  -55.193  -4.744 0.0000000000
20884  -34.815  -55.648  -5.445 0.0000000000
20885  -35.271  -55.007  -6.004 0.0000000000
20893  -35.845  -55.310  -6.724 0.0000000000
21682  -34.773  -54.728  -0.484 0.0000000000
21683  -35.406  -54.267  -0.330 0.0000000000
21684  -36.350  -54.131  -0.324 0.0000000000
21685  -37.212  -54.059  -0.652 0.0000000000
21698  -33.980  -54.087  -1.514 0.0000000000
21699  -37.955  -54.088  -1.292 0.0000000000
21700  -38.543  -54.183  -2.060 0.0000000000
21713  -33.728  -54.517  -2.377 0.0000000000
21725  -33.906  -54.379  -3.456 0.0000000000
21741  -34.301  -54.474  -4.395 0.0000000000
21754  -35.306  -54.298  -5.880 0.0000000000
21765  -35.808  -54.462  -6.450 0.0000000000
21774  -36.538  -54.607  -7.081 0.0000000000
22605  -34.944  -53.459  -0.638 0.0000000000
22606  -35.753  -53.374  -0.446 0.0000000000
22607  -36.635  -53.292  -0.549 0.0000000000
22608  -37.544  -53.238  -1.056 0.0000000000
22621  -33.979  -52.827  -1.962 0.0000000000
22622  -34.395  -53.697  -1.017 0.0000000000
22623  -38.309  -53.493  -1.736 0.0000000000
22636  -33.794  -53.581  -2.142 0.0000000000
22637  -33.846  -53.038  -2.794 0.0000000000
22638  -38.791  -53.652  -2.374 0.0000000000
22656  -33.773  -53.805  -2.816 0.0000000000
22657  -33.905  -53.578  -3.350 0.0000000000
22672  -34.132  -53.709  -4.009 0.0000000000
22680  -34.511  -53.725  -4.774 0.0000000000
22681  -35.045  -53.686  -5.483 0.0000000000
22692  -35.685  -53.719  -6.149 0.0000000000
22693  -36.410  -53.841  -6.722 0.0000000000
22694  -37.027  -53.196  -6.952 0.0000000000
23525  -34.507  -52.835  -1.221 0.0000000000
23526  -35.269  -52.645  -0.730 0.0000000000
23527  -36.088  -52.541  -0.584 0.0000000000
23528  -36.946  -52.484  -0.699 0.0000000000
23542  -34.910  -51.965  -1.149 0.0000000000
23543  -37.566  -52.477  -1.105 0.0000000000
23544  -38.122  -52.796  -1.551 0.0000000000
23560  -34.088  -52.351  -2.499 0.0000000000
23561  -38.691  -53.027  -2.208 0.0000000000
23575  -34.152  -52.344  -3.213 0.0000000000
23587  -34.452  -52.376  -4.084 0.0000000000
23588  -34.876  -52.087  -4.658 0.0000000000
23595  -34.772  -52.859  -4.972 0.0000000000
23596  -35.342  -52.204  -5.267 0.0000000000
23597  -35.985  -52.279  -5.924 0.0000000000
23604  -36.221  -53.051  -6.366 0.0000000000
23605  -36.848  -52.280  -6.493 0.0000000000
23606  -37.623  -52.675  -7.098 0.0000000000
24434  -47.888  -51.248  -0.341 0.0000000000
24445  -35.650  -51.825  -0.840 0.0000000000
24446  -36.436  -51.732  -0.731 0.0000000000
24447  -37.326  -51.714  -0.928 0.0000000000
24462  -34.763  -51.452  -1.612 0.0000000000
24463  -35.282  -51.239  -1.261 0.0000000000
24464  -38.209  -51.486  -1.453 0.0000000000
24465  -38.838  -51.106  -1.766 0.0000000000
24478  -34.356  -51.630  -2.727 0.0000000000
24479  -38.972  -51.824  -2.082 0.0000000000
24480  -39.519  -51.287  -2.291 0.0000000000
24481  -40.792  -51.406  -3.057 0.0000000000
24491  -34.434  -51.770  -3.517 0.0000000000
24502  -34.740  -51.556  -4.116 0.0000000000
24503  -35.235  -51.500  -4.769 0.0000000000
24507  -35.791  -51.551  -5.407 0.0000000000
24508  -36.363  -51.625  -5.924 0.0000000000
24521  -36.996  -51.265  -6.230 0.0000000000
24522  -37.883  -51.863  -6.870 0.0000000000
25375  -49.912  -50.799  1.149 0.0000000000
25395  -47.624  -50.465  0.128 0.0000000000
25396  -49.007  -50.878  0.787 0.0000000000
25404  -36.050  -50.925  -0.940 0.0000000000
25405  -36.766  -51.037  -0.820 0.0000000000
25411  -46.920  -50.171  -1.124 0.0000000000
25412  -47.319  -50.557  -0.562 0.0000000000
25419  -34.894  -50.844  -1.800 0.0000000000
25420  -35.514  -50.478  -1.466 0.0000000000
25421  -36.751  -50.227  -1.020 0.0000000000
25422  -37.452  -50.765  -1.012 0.0000000000
25423  -38.270  -50.496  -1.361 0.0000000000
25424  -39.112  -50.397  -1.748 0.0000000000
25432  -34.702  -50.805  -2.551 0.0000000000
25433  -35.143  -50.149  -2.151 0.0000000000
25434  -39.901  -50.399  -2.237 0.0000000000
25435  -40.767  -50.419  -2.650 0.0000000000
25436  -41.424  -50.050  -2.830 0.0000000000
25447  -34.662  -51.057  -3.395 0.0000000000
25448  -35.076  -50.121  -3.184 0.0000000000
25449  -41.584  -50.772  -3.230 0.0000000000
25450  -42.472  -50.516  -3.528 0.0000000000
25451  -43.362  -50.302  -3.854 0.0000000000
25456  -35.157  -50.722  -4.170 0.0000000000
25457  -35.821  -50.258  -4.687 0.0000000000
25458  -44.272  -50.482  -4.510 0.0000000000
25467  -35.609  -50.938  -4.947 0.0000000000
25468  -36.296  -50.818  -5.476 0.0000000000
25469  -37.122  -50.364  -5.852 0.0000000000
26327  -48.236  -49.495  1.140 0.0000000000
26328  -49.078  -50.069  1.203 0.0000000000
26346  -46.778  -49.280  0.137 0.0000000000
26347  -47.482  -49.744  0.507 0.0000000000
26348  -48.238  -50.253  0.738 0.0000000000
26360  -46.625  -49.423  -0.800 0.0000000000
26361  -47.035  -49.966  -0.261 0.0000000000
26367  -35.774  -49.707  -1.699 0.0000000000
26368  -36.470  -49.536  -1.391 0.0000000000
26369  -37.040  -49.472  -1.191 0.0000000000
26370  -38.476  -49.476  -1.355 0.0000000000
26371  -39.869  -48.995  -1.719 0.0000000000
26372  -46.788  -49.529  -1.802 0.0000000000
26381  -35.577  -49.413  -2.500 0.0000000000
26382  -36.257  -48.872  -1.911 0.0000000000
26383  -39.489  -49.603  -1.736 0.0000000000
26384  -40.283  -49.611  -2.149 0.0000000000
26385  -41.657  -49.537  -2.727 0.0000000000
26386  -42.213  -49.253  -2.865 0.0000000000
26397  -35.692  -49.333  -3.421 0.0000000000
26398  -36.331  -48.675  -3.728 0.0000000000
26399  -42.003  -49.966  -3.110 0.0000000000
26400  -42.737  -49.720  -3.353 0.0000000000
26401  -43.524  -49.389  -3.616 0.0000000000
26404  -35.467  -49.914  -3.980 0.0000000000
26405  -36.055  -49.457  -4.302 0.0000000000
26406  -36.801  -48.953  -4.700 0.0000000000
26407  -44.417  -49.045  -4.027 0.0000000000
26418  -36.537  -49.864  -5.129 0.0000000000
27251  -46.658  -48.623  0.458 0.0000000000
27252  -47.372  -48.898  0.902 0.0000000000
27253  -48.285  -48.753  1.376 0.0000000000
27254  -49.478  -48.379  1.420 0.0000000000
27277  -46.343  -48.629  -0.388 0.0000000000
27285  -36.954  -48.221  -1.815 0.0000000000
27286  -37.522  -48.284  -1.523 0.0000000000
27287  -38.275  -48.464  -1.377 0.0000000000
27288  -41.147  -47.976  -1.863 0.0000000000
27289  -46.221  -48.141  -1.185 0.0000000000
27297  -36.062  -48.705  -2.801 0.0000000000
27298  -36.606  -48.202  -2.392 0.0000000000
27299  -40.583  -48.729  -1.922 0.0000000000
27300  -41.544  -48.798  -2.412 0.0000000000
27301  -43.107  -48.039  -2.875 0.0000000000
27309  -36.478  -48.187  -3.070 0.0000000000
27310  -36.862  -47.960  -3.674 0.0000000000
27311  -42.928  -48.902  -3.131 0.0000000000
27312  -43.742  -48.506  -3.464 0.0000000000
27313  -44.632  -48.091  -3.921 0.0000000000
27316  -37.229  -48.249  -4.506 0.0000000000
27317  -37.967  -47.855  -4.992 0.0000000000
27329  -37.611  -48.703  -5.226 0.0000000000
28165  -47.098  -47.458  1.445 0.0000000000
28166  -48.550  -48.150  1.521 0.0000000000
28167  -49.013  -47.532  1.574 0.0000000000
28168  -49.902  -47.607  1.283 0.0000000000
28178  -45.774  -47.318  0.169 0.0000000000
28179  -46.274  -48.005  0.366 0.0000000000
28190  -45.973  -47.833  -0.491 0.0000000000
28198  -37.535  -47.658  -1.796 0.0000000000
28199  -38.135  -47.690  -1.534 0.0000000000
28200  -39.013  -47.790  -1.423 0.0000000000
28201  -40.760  -47.094  -1.637 0.0000000000
28202  -45.724  -47.047  -0.809 0.0000000000
28203  -46.099  -46.726  -1.599 0.0000000000
28214  -37.122  -47.661  -2.208 0.0000000000
28215  -37.630  -47.131  -2.136 0.0000000000
28216  -41.640  -47.306  -1.988 0.0000000000
28217  -42.382  -47.615  -2.435 0.0000000000
28218  -43.115  -47.105  -2.694 0.0000000000
28224  -36.877  -47.683  -2.862 0.0000000000
28225  -37.944  -46.636  -3.386 0.0000000000
28226  -43.965  -47.496  -3.347 0.0000000000
28232  -37.434  -47.646  -4.157 0.0000000000
28233  -37.941  -47.108  -4.172 0.0000000000
28248  -38.633  -47.102  -4.990 0.0000000000
28249  -39.607  -47.037  -5.670 0.0000000000
29073  -45.881  -46.381  1.283 0.0000000000
29074  -46.675  -46.647  1.601 0.0000000000
29075  -47.605  -46.752  1.763 0.0000000000
29076  -48.560  -46.807  1.720 0.0000000000
29077  -49.423  -46.860  1.477 0.0000000000
29087  -45.623  -46.680  0.633 0.0000000000
29088  -46.250  -47.283  1.019 0.0000000000
29098  -45.462  -46.573  -0.222 0.0000000000
29106  -38.002  -47.165  -1.761 0.0000000000
29107  -38.646  -47.045  -1.559 0.0000000000
29108  -39.622  -46.019  -1.754 0.0000000000
29109  -40.422  -46.241  -1.669 0.0000000000
29110  -41.364  -46.425  -1.823 0.0000000000
29111  -45.743  -46.118  -1.251 0.0000000000
29125  -38.255  -46.529  -2.082 0.0000000000
29126  -38.947  -45.846  -2.254 0.0000000000
29127  -42.052  -45.818  -2.082 0.0000000000
29128  -43.102  -46.095  -2.506 0.0000000000
29129  -43.959  -45.885  -2.995 0.0000000000
29135  -37.763  -46.739  -2.713 0.0000000000
29136  -38.405  -46.038  -2.949 0.0000000000
29137  -38.942  -45.723  -3.604 0.0000000000
29138  -43.857  -46.597  -3.069 0.0000000000
29143  -38.531  -46.374  -4.071 0.0000000000
29144  -39.221  -45.919  -4.445 0.0000000000
29158  -39.091  -46.498  -4.929 0.0000000000
29159  -39.713  -46.182  -5.256 0.0000000000
29160  -40.420  -46.432  -6.021 0.0000000000
29963  -45.850  -45.164  2.024 0.0000000000
29964  -46.650  -45.260  2.218 0.0000000000
29965  -47.396  -45.188  2.279 0.0000000000
29979  -45.520  -45.593  1.487 0.0000000000
29980  -46.290  -45.857  1.816 0.0000000000
29981  -47.256  -45.911  2.042 0.0000000000
29982  -48.051  -45.356  2.136 0.0000000000
29983  -48.839  -45.414  1.840 0.0000000000
29984  -49.739  -45.505  1.399 0.0000000000
29994  -44.853  -45.063  1.055 0.0000000000
29995  -45.248  -45.934  0.749 0.0000000000
30006  -44.903  -45.319  0.281 0.0000000000
30017  -40.192  -45.615  -1.858 0.0000000000
30018  -41.002  -45.512  -1.909 0.0000000000
30019  -45.584  -45.211  -1.171 0.0000000000
30031  -39.675  -45.416  -2.277 0.0000000000
30032  -40.322  -45.167  -2.185 0.0000000000
30033  -42.705  -45.211  -2.417 0.0000000000
30034  -43.630  -45.290  -2.772 0.0000000000
30035  -44.727  -45.269  -3.427 0.0000000000
30042  -39.264  -45.345  -2.957 0.0000000000
30048  -39.529  -45.255  -3.934 0.0000000000
30049  -40.124  -45.077  -4.685 0.0000000000
30062  -39.752  -45.597  -4.800 0.0000000000
30063  -40.388  -45.609  -5.508 0.0000000000
30064  -41.095  -45.102  -5.962 0.0000000000
30070  -41.123  -45.884  -6.371 0.0000000000
30071  -41.924  -45.360  -6.909 0.0000000000
30923  -44.899  -44.437  1.652 0.0000000000
30924  -45.405  -44.519  2.092 0.0000000000
30925  -46.150  -44.585  2.353 0.0000000000
30926  -47.083  -44.622  2.440 0.0000000000
30927  -47.940  -44.662  2.290 0.0000000000
30941  -45.276  -44.968  1.685 0.0000000000
30942  -48.567  -44.816  2.019 0.0000000000
30943  -49.255  -44.686  1.694 0.0000000000
30944  -50.087  -44.588  1.237 0.0000000000
30952  -44.544  -44.211  1.081 0.0000000000
30961  -44.714  -44.532  0.147 0.0000000000
30962  -45.331  -44.462  -0.898 0.0000000000
30983  -39.984  -44.866  -2.715 0.0000000000
30984  -40.880  -44.674  -2.462 0.0000000000
30985  -42.367  -44.456  -2.590 0.0000000000
30986  -43.294  -44.553  -2.744 0.0000000000
30987  -44.142  -44.676  -3.056 0.0000000000
30994  -39.823  -44.872  -3.328 0.0000000000
30995  -40.467  -44.394  -3.318 0.0000000000
30996  -41.281  -44.057  -2.998 0.0000000000
30997  -44.134  -43.868  -3.195 0.0000000000
30998  -45.186  -44.398  -3.609 0.0000000000
31009  -40.034  -44.727  -3.928 0.0000000000
31010  -40.588  -44.402  -4.455 0.0000000000
31011  -41.188  -43.889  -4.640 0.0000000000
31023  -40.619  -44.914  -5.245 0.0000000000
31024  -41.117  -44.407  -5.351 0.0000000000
31031  -41.722  -44.487  -6.220 0.0000000000
31852  -44.965  -43.999  2.104 0.0000000000
31853  -46.653  -43.895  2.584 0.0000000000
31854  -47.693  -43.920  2.438 0.0000000000
31855  -49.094  -43.089  1.904 0.0000000000
31868  -44.630  -43.772  1.706 0.0000000000
31869  -48.655  -44.020  2.059 0.0000000000
31870  -49.574  -43.833  1.566 0.0000000000
31871  -50.380  -43.640  0.988 0.0000000000
31880  -44.401  -43.533  1.195 0.0000000000
31881  -50.871  -42.937  0.469 0.0000000000
31890  -44.513  -43.610  0.461 0.0000000000
31891  -44.989  -43.666  -0.523 0.0000000000
31915  -42.046  -43.890  -2.926 0.0000000000
31916  -42.944  -43.822  -2.926 0.0000000000
31920  -41.101  -43.845  -3.760 0.0000000000
31921  -42.583  -43.400  -3.436 0.0000000000
31922  -43.540  -43.174  -3.509 0.0000000000
31923  -44.804  -43.030  -3.713 0.0000000000
31934  -41.686  -43.437  -4.287 0.0000000000
31935  -42.421  -42.947  -4.776 0.0000000000
31943  -41.793  -43.689  -5.405 0.0000000000
31953  -42.334  -43.889  -6.450 0.0000000000
32734  -44.671  -41.759  2.817 0.0000000000
32735  -45.187  -42.120  3.054 0.0000000000
32736  -45.951  -42.387  3.096 0.0000000000
32752  -44.781  -43.218  2.261 0.0000000000
32753  -45.366  -42.885  2.760 0.0000000000
32754  -46.264  -43.139  2.813 0.0000000000
32755  -46.891  -42.430  2.929 0.0000000000
32756  -47.837  -42.364  2.628 0.0000000000
32757  -48.713  -42.308  2.261 0.0000000000
32770  -44.387  -43.011  1.672 0.0000000000
32771  -49.439  -42.227  1.796 0.0000000000
32772  -50.058  -42.148  1.325 0.0000000000
32783  -44.293  -42.837  0.889 0.0000000000
32784  -50.567  -42.128  0.799 0.0000000000
32785  -51.056  -42.069  0.256 0.0000000000
32796  -44.721  -42.623  -0.104 0.0000000000
32822  -44.240  -42.529  -4.114 0.0000000000
32835  -43.171  -42.714  -4.144 0.0000000000
33705  -44.555  -41.059  3.019 0.0000000000
33706  -44.948  -41.362  3.282 0.0000000000
33707  -45.714  -41.622  3.354 0.0000000000
33708  -47.390  -41.569  3.044 0.0000000000
33709  -48.076  -40.870  2.948 0.0000000000
33727  -44.255  -40.310  1.984 0.0000000000
33728  -44.399  -41.107  2.520 0.0000000000
33729  -48.330  -41.589  2.600 0.0000000000
33730  -49.126  -41.431  2.181 0.0000000000
33746  -44.236  -41.394  1.953 0.0000000000
33747  -49.751  -41.466  1.629 0.0000000000
33748  -50.293  -41.419  1.123 0.0000000000
33758  -40.455  -41.231  0.119 0.0000000000
33759  -41.308  -41.081  0.059 0.0000000000
33760  -44.392  -40.709  1.236 0.0000000000
33761  -50.748  -41.387  0.550 0.0000000000
33771  -39.855  -41.280  -0.703 0.0000000000
33772  -42.295  -40.858  -0.795 0.0000000000
33779  -39.637  -40.938  -1.771 0.0000000000
33780  -40.487  -41.387  -1.568 0.0000000000
33781  -41.558  -41.401  -1.402 0.0000000000
33782  -42.603  -40.889  -1.538 0.0000000000
33796  -40.215  -41.016  -2.457 0.0000000000
34625  -45.572  -39.880  4.065 0.0000000000
34631  -44.731  -40.578  3.383 0.0000000000
34632  -45.473  -40.732  3.659 0.0000000000
34633  -46.322  -40.301  3.848 0.0000000000
34634  -47.128  -39.925  3.735 0.0000000000
34635  -47.928  -40.073  3.281 0.0000000000
34647  -44.239  -38.931  2.135 0.0000000000
34648  -44.337  -40.199  2.948 0.0000000000
34649  -48.587  -40.248  2.777 0.0000000000
34650  -49.138  -40.548  2.302 0.0000000000
34661  -38.764  -40.135  1.061 0.0000000000
34662  -39.628  -40.162  1.392 0.0000000000
34663  -40.676  -40.221  1.365 0.0000000000
34664  -41.602  -39.947  1.206 0.0000000000
34666  -49.644  -40.145  1.871 0.0000000000
34667  -50.008  -40.741  1.439 0.0000000000
34677  -38.622  -40.353  0.312 0.0000000000
34678  -39.291  -40.647  0.641 0.0000000000
34679  -41.012  -40.734  0.758 0.0000000000
34680  -41.852  -40.329  0.555 0.0000000000
34681  -42.610  -39.778  0.293 0.0000000000
34683  -50.485  -40.702  0.872 0.0000000000
34684  -50.921  -40.698  0.275 0.0000000000
34690  -38.524  -40.328  -0.542 0.0000000000
34691  -39.051  -40.719  -1.116 0.0000000000
34692  -42.077  -40.626  -0.114 0.0000000000
34693  -42.914  -39.882  -0.291 0.0000000000
34694  -43.917  -38.956  -0.543 0.0000000000
34701  -38.464  -40.109  -1.422 0.0000000000
34702  -38.924  -40.295  -2.015 0.0000000000
34703  -43.048  -40.203  -0.920 0.0000000000
34718  -35.233  -39.991  -3.399 0.0000000000
34719  -35.964  -39.796  -2.767 0.0000000000
34720  -36.950  -39.824  -2.559 0.0000000000
34721  -37.885  -39.780  -2.494 0.0000000000
34722  -39.392  -40.339  -2.765 0.0000000000
34723  -39.990  -40.467  -3.181 0.0000000000
34733  -34.779  -40.178  -4.183 0.0000000000
34734  -35.251  -40.775  -3.698 0.0000000000
34735  -36.461  -40.486  -2.984 0.0000000000
34736  -37.494  -40.344  -3.063 0.0000000000
34737  -38.833  -40.085  -3.375 0.0000000000
35578  -45.698  -39.137  4.372 0.0000000000
35579  -46.412  -38.928  4.381 0.0000000000
35587  -44.416  -38.764  3.540 0.0000000000
35588  -46.390  -39.565  4.178 0.0000000000
35589  -47.069  -39.097  4.144 0.0000000000
35590  -47.758  -39.242  3.611 0.0000000000
35604  -40.180  -38.936  2.165 0.0000000000
35605  -40.980  -38.826  2.172 0.0000000000
35606  -44.008  -38.212  2.325 0.0000000000
35607  -44.221  -39.082  2.958 0.0000000000
35608  -48.461  -39.408  3.110 0.0000000000
35609  -49.132  -39.587  2.475 0.0000000000
35622  -38.267  -39.503  1.234 0.0000000000
35623  -39.534  -39.323  1.854 0.0000000000
35624  -40.370  -39.542  1.824 0.0000000000
35625  -41.314  -39.416  1.735 0.0000000000
35626  -42.717  -39.162  0.954 0.0000000000
35627  -43.925  -38.247  1.657 0.0000000000
35628  -44.216  -38.465  1.032 0.0000000000
35629  -49.737  -39.243  1.891 0.0000000000
35630  -50.233  -39.861  1.227 0.0000000000
35639  -37.675  -39.328  0.640 0.0000000000
35640  -38.241  -39.883  0.694 0.0000000000
35641  -43.654  -38.789  0.313 0.0000000000
35642  -44.374  -38.503  0.477 0.0000000000
35644  -50.673  -39.352  0.549 0.0000000000
35651  -37.461  -39.245  -0.272 0.0000000000
35652  -38.033  -39.879  0.018 0.0000000000
35653  -44.432  -38.545  0.034 0.0000000000
35662  -36.876  -38.857  -1.634 0.0000000000
35663  -37.453  -39.244  -1.246 0.0000000000
35664  -38.000  -39.723  -0.877 0.0000000000
35677  -35.808  -38.916  -2.587 0.0000000000
35678  -36.560  -39.192  -2.266 0.0000000000
35679  -37.313  -39.377  -2.017 0.0000000000
35680  -37.958  -39.608  -1.735 0.0000000000
35688  -34.809  -39.245  -3.810 0.0000000000
35696  -34.578  -39.521  -4.828 0.0000000000
35706  -34.708  -39.843  -6.055 0.0000000000
36449  -44.739  -38.508  4.130 0.0000000000
36450  -45.217  -38.545  4.389 0.0000000000
36451  -45.989  -38.429  4.483 0.0000000000
36452  -46.790  -38.355  4.332 0.0000000000
36464  -44.367  -37.967  3.745 0.0000000000
36465  -47.547  -38.425  3.945 0.0000000000
36466  -48.245  -38.553  3.423 0.0000000000
36480  -38.867  -37.923  2.112 0.0000000000
36481  -39.567  -38.505  2.153 0.0000000000
36482  -40.503  -38.179  2.318 0.0000000000
36483  -41.583  -38.059  2.352 0.0000000000
36484  -42.590  -37.756  2.380 0.0000000000
36485  -43.651  -37.855  2.544 0.0000000000
36486  -48.853  -38.711  2.874 0.0000000000
36487  -49.339  -38.796  2.395 0.0000000000
36496  -37.737  -38.746  1.326 0.0000000000
36497  -38.658  -38.842  1.760 0.0000000000
36498  -43.384  -38.100  2.114 0.0000000000
36499  -49.696  -38.370  2.029 0.0000000000
36500  -50.241  -38.686  1.258 0.0000000000
36507  -37.211  -38.616  0.738 0.0000000000
36508  -50.770  -38.438  0.385 0.0000000000
36511  -36.651  -38.055  -0.426 0.0000000000
36512  -37.003  -38.625  0.026 0.0000000000
36513  -51.186  -38.199  -0.389 0.0000000000
36517  -36.560  -38.208  -1.295 0.0000000000
36518  -37.019  -38.691  -0.828 0.0000000000
36528  -35.627  -37.977  -2.526 0.0000000000
36529  -36.284  -38.457  -2.043 0.0000000000
36533  -34.791  -38.420  -3.778 0.0000000000
36534  -35.216  -38.625  -3.159 0.0000000000
36539  -34.586  -38.616  -4.527 0.0000000000
36546  -34.682  -38.865  -5.594 0.0000000000
37245  -44.869  -37.788  4.314 0.0000000000
37246  -45.519  -37.261  4.425 0.0000000000
37247  -46.302  -37.610  4.422 0.0000000000
37248  -47.219  -37.625  4.158 0.0000000000
37264  -43.797  -37.346  3.234 0.0000000000
37265  -47.989  -37.713  3.696 0.0000000000
37266  -48.651  -37.866  3.142 0.0000000000
37279  -39.734  -37.667  2.215 0.0000000000
37280  -41.100  -37.478  2.379 0.0000000000
37281  -41.936  -37.234  2.529 0.0000000000
37282  -42.953  -37.144  2.700 0.0000000000
37283  -49.205  -38.093  2.589 0.0000000000
37284  -49.539  -37.673  2.237 0.0000000000
37292  -37.052  -36.944  1.294 0.0000000000
37293  -37.674  -37.277  1.587 0.0000000000
37294  -38.373  -37.311  1.847 0.0000000000
37295  -39.127  -37.100  2.028 0.0000000000
37296  -49.986  -37.741  1.669 0.0000000000
37299  -36.783  -37.978  0.484 0.0000000000
37300  -50.489  -37.731  0.912 0.0000000000
37301  -50.984  -37.585  0.109 0.0000000000
37304  -36.491  -37.198  -0.010 0.0000000000
37305  -51.322  -37.439  -0.690 0.0000000000
37310  -36.397  -37.494  -1.002 0.0000000000
37320  -35.805  -37.116  -2.137 0.0000000000
37321  -36.136  -37.724  -1.760 0.0000000000
37327  -34.689  -37.779  -4.212 0.0000000000
37328  -35.075  -37.820  -3.346 0.0000000000
37333  -35.003  -37.006  -3.748 0.0000000000
37343  -34.628  -37.941  -5.183 0.0000000000
37344  -34.978  -37.381  -5.870 0.0000000000
37351  -35.099  -38.205  -6.345 0.0000000000
38106  -44.892  -36.047  4.125 0.0000000000
38107  -45.558  -36.459  4.313 0.0000000000
38108  -46.299  -36.188  4.195 0.0000000000
38109  -46.799  -36.851  4.202 0.0000000000
38119  -43.110  -35.740  3.043 0.0000000000
38120  -43.827  -36.130  3.469 0.0000000000
38121  -47.135  -36.077  3.870 0.0000000000
38122  -47.636  -36.868  3.826 0.0000000000
38123  -48.410  -37.002  3.363 0.0000000000
38135  -39.948  -36.887  2.015 0.0000000000
38136  -40.809  -36.749  2.205 0.0000000000
38137  -41.652  -36.396  2.441 0.0000000000
38138  -42.547  -36.507  2.730 0.0000000000
38139  -43.346  -36.631  3.116 0.0000000000
38140  -49.086  -37.197  2.730 0.0000000000
38141  -49.254  -36.365  2.464 0.0000000000
38144  -37.024  -36.073  1.254 0.0000000000
38145  -37.723  -36.445  1.594 0.0000000000
38146  -38.525  -36.606  1.786 0.0000000000
38147  -39.315  -36.303  1.752 0.0000000000
38148  -40.210  -36.163  1.721 0.0000000000
38149  -49.669  -37.007  2.084 0.0000000000
38150  -50.214  -36.965  1.399 0.0000000000
38153  -36.630  -36.566  0.765 0.0000000000
38154  -50.721  -36.922  0.614 0.0000000000
38155  -51.181  -36.825  -0.146 0.0000000000
38158  -36.343  -36.196  -0.062 0.0000000000
38159  -51.444  -36.689  -0.947 0.0000000000
38167  -35.931  -36.430  -1.665 0.0000000000
38168  -36.079  -35.833  -0.977 0.0000000000
38177  -35.651  -36.346  -2.464 0.0000000000
38182  -35.380  -36.297  -3.290 0.0000000000
38190  -34.805  -36.946  -4.851 0.0000000000
38191  -35.140  -36.205  -4.166 0.0000000000
38201  -35.253  -36.496  -6.024 0.0000000000
38997  -45.612  -35.654  4.065 0.0000000000
39004  -43.956  -35.338  3.450 0.0000000000
39005  -45.722  -34.847  3.620 0.0000000000
39006  -46.470  -35.416  3.784 0.0000000000
39007  -47.356  -35.299  3.355 0.0000000000
39008  -48.066  -36.065  3.342 0.0000000000
39015  -41.013  -35.930  1.959 0.0000000000
39016  -41.727  -35.489  2.266 0.0000000000
39017  -42.511  -35.072  2.606 0.0000000000
39018  -43.390  -34.767  3.006 0.0000000000
39019  -48.178  -35.192  2.809 0.0000000000
39020  -48.759  -35.783  2.702 0.0000000000
39021  -49.313  -35.696  2.266 0.0000000000
39024  -37.596  -35.652  1.442 0.0000000000
39025  -39.566  -35.442  1.366 0.0000000000
39026  -40.493  -35.571  1.486 0.0000000000
39027  -41.143  -35.261  1.634 0.0000000000
39028  -49.646  -35.308  1.828 0.0000000000
39029  -50.156  -35.596  1.427 0.0000000000
39033  -36.620  -35.643  0.689 0.0000000000
39034  -37.114  -35.224  1.173 0.0000000000
39035  -50.605  -35.529  0.837 0.0000000000
39036  -51.074  -35.516  0.168 0.0000000000
39041  -36.303  -35.247  -0.121 0.0000000000
39042  -51.610  -35.839  -1.100 0.0000000000
39052  -35.815  -35.520  -1.942 0.0000000000
39053  -36.048  -34.916  -1.071 0.0000000000
39054  -52.404  -35.073  -2.285 0.0000000000
39065  -35.581  -35.579  -2.860 0.0000000000
39066  -51.997  -35.874  -2.020 0.0000000000
39072  -35.409  -35.517  -3.706 0.0000000000
39081  -35.252  -35.500  -4.564 0.0000000000
39890  -44.282  -34.582  3.287 0.0000000000
39891  -46.626  -34.620  3.231 0.0000000000
39896  -41.859  -34.765  2.017 0.0000000000
39897  -42.811  -34.228  2.328 0.0000000000
39898  -44.703  -33.950  2.981 0.0000000000
39899  -45.741  -34.019  3.000 0.0000000000
39900  -47.516  -34.565  2.750 0.0000000000
39901  -48.985  -35.023  2.274 0.0000000000
39905  -37.848  -34.937  1.377 0.0000000000
39906  -38.702  -34.751  1.302 0.0000000000
39907  -39.512  -34.579  0.966 0.0000000000
39908  -40.367  -35.021  1.045 0.0000000000
39909  -41.170  -34.766  1.210 0.0000000000
39910  -41.939  -34.251  1.474 0.0000000000
39911  -48.938  -34.299  1.802 0.0000000000
39912  -49.468  -34.690  1.713 0.0000000000
39917  -36.751  -34.661  0.631 0.0000000000
39918  -37.352  -34.550  1.097 0.0000000000
39919  -39.535  -33.671  0.644 0.0000000000
39920  -40.126  -34.462  0.597 0.0000000000
39921  -40.635  -34.625  0.630 0.0000000000
39922  -50.746  -34.812  0.555 0.0000000000
39923  -51.239  -34.840  -0.063 0.0000000000
39927  -36.379  -34.319  -0.229 0.0000000000
39928  -51.417  -34.129  -0.364 0.0000000000
39938  -35.851  -34.581  -1.932 0.0000000000
39939  -36.117  -34.000  -1.177 0.0000000000
39940  -51.857  -34.157  -0.999 0.0000000000
39941  -52.328  -34.187  -1.692 0.0000000000
39948  -35.720  -34.311  -2.705 0.0000000000
39949  -35.920  -33.760  -2.079 0.0000000000
39950  -52.754  -34.208  -2.490 0.0000000000
39951  -53.220  -34.179  -3.182 0.0000000000
39955  -35.616  -34.113  -3.514 0.0000000000
39965  -35.448  -34.729  -4.225 0.0000000000
40829  -42.818  -33.629  1.618 0.0000000000
40830  -43.490  -33.652  2.215 0.0000000000
40831  -44.283  -33.506  2.380 0.0000000000
40832  -47.736  -34.027  2.241 0.0000000000
40833  -48.298  -34.476  2.302 0.0000000000
40837  -37.987  -33.997  1.137 0.0000000000
40838  -38.583  -33.469  0.897 0.0000000000
40839  -41.146  -34.447  0.439 0.0000000000
40840  -42.085  -33.822  0.894 0.0000000000
40841  -43.795  -33.139  1.596 0.0000000000
40842  -44.769  -33.043  1.858 0.0000000000
40843  -45.468  -33.078  1.915 0.0000000000
40844  -46.017  -33.378  2.236 0.0000000000
40845  -47.587  -33.502  1.750 0.0000000000
40846  -48.905  -33.737  1.394 0.0000000000
40847  -49.606  -34.049  1.280 0.0000000000
40850  -36.844  -33.798  0.368 0.0000000000
40851  -37.416  -33.560  0.690 0.0000000000
40852  -37.939  -33.107  0.736 0.0000000000
40853  -40.562  -34.187  0.145 0.0000000000
40854  -41.045  -34.164  -0.607 0.0000000000
40855  -41.752  -33.909  -0.036 0.0000000000
40856  -42.882  -33.262  0.755 0.0000000000
40857  -49.257  -33.378  0.885 0.0000000000
40858  -50.337  -34.088  0.751 0.0000000000
40859  -50.940  -34.088  0.208 0.0000000000
40861  -36.526  -33.424  -0.378 0.0000000000
40862  -37.155  -32.928  0.235 0.0000000000
40863  -40.834  -33.955  -0.635 0.0000000000
40866  -50.531  -33.377  0.213 0.0000000000
40867  -51.112  -33.534  -0.171 0.0000000000
40877  -36.294  -33.032  -1.397 0.0000000000
40881  -51.555  -33.391  -0.666 0.0000000000
40882  -52.101  -33.346  -1.278 0.0000000000
40891  -35.793  -33.572  -2.896 0.0000000000
40892  -36.018  -33.081  -2.329 0.0000000000
40895  -52.619  -33.365  -1.944 0.0000000000
40896  -53.154  -33.417  -2.653 0.0000000000
40899  -35.657  -33.332  -3.693 0.0000000000
40911  -35.520  -33.073  -4.597 0.0000000000
41726  -43.795  -32.773  0.761 0.0000000000
41727  -44.578  -32.712  1.155 0.0000000000
41728  -45.353  -32.744  1.343 0.0000000000
41729  -46.061  -32.901  1.537 0.0000000000
41730  -47.417  -32.934  1.118 0.0000000000
41731  -48.353  -33.232  1.111 0.0000000000
41734  -37.959  -32.225  0.359 0.0000000000
41735  -38.706  -32.750  0.679 0.0000000000
41736  -40.228  -33.186  0.164 0.0000000000
41738  -43.661  -32.650  0.038 0.0000000000
41739  -44.515  -32.450  0.393 0.0000000000
41740  -45.196  -32.479  0.725 0.0000000000
41741  -47.058  -32.520  0.517 0.0000000000
41742  -49.795  -32.984  0.369 0.0000000000
41747  -36.736  -32.683  -0.538 0.0000000000
41748  -37.262  -32.088  -0.320 0.0000000000
41749  -40.566  -32.920  -0.343 0.0000000000
41750  -40.924  -33.368  -1.074 0.0000000000
41753  -44.326  -32.281  -0.444 0.0000000000
41754  -45.409  -32.155  -0.076 0.0000000000
41755  -48.066  -32.296  -0.302 0.0000000000
41756  -48.736  -32.396  -0.178 0.0000000000
41757  -49.552  -32.489  -0.143 0.0000000000
41758  -50.362  -32.666  -0.196 0.0000000000
41759  -51.060  -32.911  -0.381 0.0000000000
41771  -36.730  -32.118  -1.182 0.0000000000
41772  -41.288  -33.547  -1.820 0.0000000000
41774  -50.907  -32.247  -0.742 0.0000000000
41775  -51.616  -32.574  -1.063 0.0000000000
41776  -52.315  -32.582  -1.629 0.0000000000
41782  -35.898  -32.801  -3.027 0.0000000000
41783  -36.319  -32.267  -2.231 0.0000000000
41787  -52.868  -32.624  -2.244 0.0000000000
41788  -53.475  -32.668  -2.908 0.0000000000
41792  -35.692  -32.540  -3.855 0.0000000000
41793  -36.017  -31.992  -3.190 0.0000000000
41805  -35.497  -32.257  -4.826 0.0000000000
42667  -38.729  -31.900  0.404 0.0000000000
42668  -39.456  -32.385  0.447 0.0000000000
42674  -37.911  -31.526  -0.140 0.0000000000
42675  -38.586  -31.288  0.053 0.0000000000
42676  -39.301  -31.375  0.176 0.0000000000
42677  -40.149  -31.825  0.105 0.0000000000
42678  -40.762  -32.015  -0.540 0.0000000000
42681  -46.727  -31.821  -1.222 0.0000000000
42682  -47.593  -32.054  -0.831 0.0000000000
42683  -48.497  -32.086  -0.789 0.0000000000
42684  -49.290  -32.108  -0.694 0.0000000000
42685  -50.096  -32.114  -0.670 0.0000000000
42695  -36.762  -31.543  -1.793 0.0000000000
42696  -37.349  -31.304  -1.014 0.0000000000
42697  -41.215  -32.216  -1.265 0.0000000000
42698  -41.537  -32.430  -2.206 0.0000000000
42701  -46.795  -31.599  -2.045 0.0000000000
42702  -47.489  -31.761  -1.666 0.0000000000
42703  -48.259  -31.849  -1.447 0.0000000000
42704  -49.072  -31.805  -1.284 0.0000000000
42705  -51.988  -31.927  -1.595 0.0000000000
42714  -36.463  -31.274  -2.633 0.0000000000
42718  -47.861  -31.647  -2.856 0.0000000000
42719  -48.083  -31.716  -2.163 0.0000000000
42720  -49.381  -31.378  -2.517 0.0000000000
42721  -50.592  -31.169  -2.082 0.0000000000
42722  -51.416  -31.314  -1.880 0.0000000000
42723  -52.271  -31.406  -2.189 0.0000000000
42724  -53.049  -31.795  -2.568 0.0000000000
42730  -35.715  -31.742  -4.005 0.0000000000
42731  -36.045  -31.302  -3.435 0.0000000000
42737  -48.401  -31.590  -3.580 0.0000000000
42738  -49.185  -31.375  -3.267 0.0000000000
42739  -52.666  -30.873  -2.825 0.0000000000
42740  -53.462  -31.199  -3.255 0.0000000000
42748  -35.485  -31.393  -4.916 0.0000000000
42754  -49.108  -31.469  -4.145 0.0000000000
42760  -35.404  -31.872  -6.066 0.0000000000
43665  -38.155  -30.827  -0.564 0.0000000000
43666  -38.972  -30.622  -0.269 0.0000000000
43667  -39.795  -30.625  -0.286 0.0000000000
43668  -40.500  -30.268  -0.705 0.0000000000
43678  -37.063  -30.845  -1.941 0.0000000000
43679  -37.709  -30.416  -1.387 0.0000000000
43680  -38.482  -30.083  -0.965 0.0000000000
43681  -41.266  -30.032  -1.210 0.0000000000
43682  -41.075  -31.056  -0.843 0.0000000000
43683  -41.835  -30.186  -1.781 0.0000000000
43693  -36.761  -30.505  -2.571 0.0000000000
43694  -37.291  -30.069  -2.185 0.0000000000
43695  -42.083  -30.846  -2.352 0.0000000000
43696  -49.892  -31.036  -3.008 0.0000000000
43697  -50.558  -30.788  -2.740 0.0000000000
43698  -51.121  -30.794  -2.446 0.0000000000
43699  -51.841  -30.740  -2.553 0.0000000000
43706  -35.758  -30.935  -4.072 0.0000000000
43707  -36.284  -30.521  -3.318 0.0000000000
43708  -42.349  -31.046  -3.260 0.0000000000
43709  -49.753  -31.044  -3.807 0.0000000000
43710  -50.450  -30.575  -3.516 0.0000000000
43711  -51.234  -30.341  -3.158 0.0000000000
43712  -52.145  -30.231  -3.288 0.0000000000
43713  -53.057  -30.267  -3.600 0.0000000000
43714  -53.874  -30.728  -3.824 0.0000000000
43720  -35.488  -30.527  -4.957 0.0000000000
43721  -35.805  -30.084  -4.136 0.0000000000
43722  -49.651  -31.223  -4.614 0.0000000000
43723  -50.339  -30.594  -4.592 0.0000000000
43724  -51.058  -30.014  -4.057 0.0000000000
43732  -35.327  -30.958  -5.995 0.0000000000
43734  -50.008  -31.274  -5.555 0.0000000000
43735  -50.756  -30.604  -5.952 0.0000000000
43736  -51.678  -30.014  -6.537 0.0000000000
44653  -39.287  -29.884  -0.750 0.0000000000
44654  -39.911  -29.786  -0.771 0.0000000000
44664  -38.771  -29.414  -1.266 0.0000000000
44665  -39.552  -28.990  -1.310 0.0000000000
44666  -40.443  -29.415  -1.110 0.0000000000
44667  -41.586  -29.397  -1.772 0.0000000000
44675  -36.780  -29.842  -2.850 0.0000000000
44676  -37.341  -29.268  -2.510 0.0000000000
44677  -37.989  -29.510  -1.741 0.0000000000
44678  -41.828  -28.827  -2.295 0.0000000000
44679  -42.136  -29.716  -2.290 0.0000000000
44685  -36.317  -29.621  -3.544 0.0000000000
44686  -42.471  -30.008  -2.911 0.0000000000
44687  -51.661  -29.908  -3.804 0.0000000000
44688  -52.356  -29.710  -4.084 0.0000000000
44689  -53.264  -29.561  -4.463 0.0000000000
44696  -35.502  -29.661  -5.042 0.0000000000
44697  -35.856  -29.227  -4.272 0.0000000000
44698  -42.542  -29.357  -4.360 0.0000000000
44699  -51.216  -29.923  -5.127 0.0000000000
44700  -51.800  -29.672  -4.549 0.0000000000
44701  -52.640  -29.351  -5.050 0.0000000000
44702  -53.733  -28.830  -5.766 0.0000000000
44713  -52.151  -29.464  -5.697 0.0000000000
45681  -38.595  -28.784  -1.739 0.0000000000
45682  -41.202  -28.660  -1.824 0.0000000000
45688  -36.782  -29.077  -3.145 0.0000000000
45689  -37.259  -28.435  -2.883 0.0000000000
45690  -37.893  -28.637  -2.282 0.0000000000
45691  -40.785  -28.141  -1.933 0.0000000000
45692  -41.352  -28.097  -2.290 0.0000000000
45693  -42.327  -29.126  -2.871 0.0000000000
45700  -36.640  -28.318  -3.536 0.0000000000
45701  -37.101  -27.604  -3.342 0.0000000000
45702  -42.019  -28.181  -2.960 0.0000000000
45703  -42.396  -28.705  -3.616 0.0000000000
45711  -35.550  -28.781  -5.175 0.0000000000
45712  -36.006  -28.289  -4.371 0.0000000000
45713  -42.407  -28.017  -4.815 0.0000000000
45720  -42.419  -28.607  -6.509 0.0000000000
46709  -39.140  -28.140  -1.847 0.0000000000
46710  -39.813  -28.198  -1.726 0.0000000000
46711  -40.268  -27.954  -1.891 0.0000000000
46718  -37.866  -27.685  -2.668 0.0000000000
46719  -38.752  -27.516  -2.326 0.0000000000
46720  -39.712  -27.448  -2.194 0.0000000000
46721  -40.661  -27.535  -2.284 0.0000000000
46722  -41.401  -27.490  -2.751 0.0000000000
46731  -36.487  -27.534  -4.028 0.0000000000
46732  -41.811  -27.492  -3.334 0.0000000000
46733  -42.241  -27.845  -3.930 0.0000000000
46745  -36.031  -27.371  -4.835 0.0000000000
46746  -41.856  -27.047  -3.873 0.0000000000
46747  -42.212  -27.206  -4.813 0.0000000000
46758  -42.305  -27.049  -5.853 0.0000000000
46768  -42.389  -28.153  -7.148 0.0000000000
47784  -38.408  -26.856  -2.763 0.0000000000
47785  -38.974  -26.168  -2.873 0.0000000000
47786  -39.683  -26.582  -2.681 0.0000000000
47787  -40.865  -26.919  -2.766 0.0000000000
47788  -41.401  -26.962  -3.221 0.0000000000
47800  -36.908  -26.941  -3.799 0.0000000000
47801  -37.602  -26.744  -3.299 0.0000000000
47802  -38.254  -26.227  -3.143 0.0000000000
47803  -40.386  -26.290  -3.012 0.0000000000
47804  -41.424  -26.461  -3.676 0.0000000000
47813  -36.505  -26.735  -4.514 0.0000000000
47814  -37.089  -26.215  -4.095 0.0000000000
47815  -41.793  -26.436  -4.382 0.0000000000
47816  -42.078  -26.393  -5.252 0.0000000000
47830  -42.221  -26.376  -6.045 0.0000000000
47856  -42.385  -27.198  -7.740 0.0000000000
48766  -37.787  -25.836  -3.626 0.0000000000
48767  -38.530  -25.604  -3.323 0.0000000000
48768  -39.678  -25.804  -3.082 0.0000000000
48769  -40.358  -25.350  -3.492 0.0000000000
48770  -41.117  -25.372  -3.983 0.0000000000
48776  -36.606  -25.824  -5.120 0.0000000000
48777  -37.372  -25.391  -4.445 0.0000000000
48778  -38.094  -25.066  -3.857 0.0000000000
48779  -41.667  -25.660  -4.716 0.0000000000
48787  -37.041  -24.943  -5.363 0.0000000000
48788  -41.740  -25.027  -5.292 0.0000000000
48789  -42.024  -25.750  -5.670 0.0000000000
48799  -42.242  -25.859  -6.605 0.0000000000
48809  -42.376  -25.542  -7.367 0.0000000000
49635  -38.851  -24.916  -3.480 0.0000000000
49636  -39.337  -24.305  -3.717 0.0000000000
49637  -40.062  -24.455  -3.724 0.0000000000
49638  -40.733  -24.664  -4.014 0.0000000000
49643  -37.709  -24.565  -4.694 0.0000000000
49644  -38.494  -24.310  -4.066 0.0000000000
49645  -39.016  -23.607  -4.159 0.0000000000
49646  -40.479  -23.912  -4.215 0.0000000000
49647  -41.028  -24.208  -4.463 0.0000000000
49652  -37.342  -24.174  -5.651 0.0000000000
49653  -41.484  -24.254  -5.018 0.0000000000
49654  -41.956  -24.484  -5.812 0.0000000000
49664  -42.268  -24.872  -6.773 0.0000000000
49674  -42.453  -24.874  -7.821 0.0000000000
49675  -42.509  -24.924  -8.937 0.0000000000
50454  -39.825  -23.724  -4.045 0.0000000000
50458  -38.127  -23.666  -4.925 0.0000000000
50459  -38.898  -22.971  -4.689 0.0000000000
50460  -39.566  -23.147  -4.379 0.0000000000
50461  -41.067  -23.453  -4.733 0.0000000000
50465  -37.529  -23.401  -5.947 0.0000000000
50466  -38.227  -22.859  -5.435 0.0000000000
50467  -41.742  -23.632  -5.513 0.0000000000
50468  -42.224  -23.936  -6.413 0.0000000000
50479  -42.417  -24.111  -7.360 0.0000000000
50486  -42.490  -24.101  -8.383 0.0000000000
51243  -38.877  -22.431  -5.114 0.0000000000
51244  -39.641  -22.476  -4.763 0.0000000000
51245  -40.401  -22.241  -4.921 0.0000000000
51246  -40.855  -22.679  -4.857 0.0000000000
51250  -37.584  -22.589  -6.213 0.0000000000
51251  -38.389  -22.122  -5.636 0.0000000000
51252  -39.243  -21.911  -5.255 0.0000000000
51253  -41.073  -22.043  -5.180 0.0000000000
51254  -41.440  -22.780  -5.289 0.0000000000
51255  -42.136  -22.984  -6.151 0.0000000000
51268  -42.442  -22.786  -7.109 0.0000000000
51273  -42.465  -22.586  -8.138 0.0000000000
51276  -42.287  -22.256  -9.234 0.0000000000
52045  -39.942  -21.840  -5.061 0.0000000000
52049  -37.841  -21.592  -6.149 0.0000000000
52050  -39.665  -21.275  -5.369 0.0000000000
52051  -40.518  -21.396  -5.291 0.0000000000
52052  -41.348  -21.325  -5.603 0.0000000000
52053  -41.748  -22.099  -5.739 0.0000000000
52060  -32.958  -21.612  -6.656 0.0000000000
52064  -37.092  -21.265  -6.524 0.0000000000
52065  -37.797  -20.744  -6.225 0.0000000000
52066  -42.055  -21.427  -6.347 0.0000000000
52068  -42.345  -21.167  -7.336 0.0000000000
52070  -42.386  -21.705  -8.266 0.0000000000
52916  -38.429  -20.831  -5.947 0.0000000000
52917  -39.219  -20.624  -5.719 0.0000000000
52918  -40.106  -20.576  -5.549 0.0000000000
52919  -40.923  -20.580  -5.646 0.0000000000
52924  -32.704  -20.932  -6.563 0.0000000000
52925  -33.977  -20.871  -6.610 0.0000000000
52926  -34.858  -20.545  -6.564 0.0000000000
52927  -35.659  -20.617  -6.587 0.0000000000
52928  -38.473  -19.887  -6.122 0.0000000000
52929  -41.606  -20.639  -6.083 0.0000000000
52930  -42.082  -20.719  -6.699 0.0000000000
52932  -42.206  -20.400  -7.398 0.0000000000
52934  -41.935  -20.367  -9.013 0.0000000000
53856  -39.636  -19.847  -5.876 0.0000000000
53857  -40.512  -19.867  -5.877 0.0000000000
53858  -41.252  -19.923  -6.135 0.0000000000
53863  -33.214  -19.353  -6.470 0.0000000000
53864  -34.008  -19.901  -6.467 0.0000000000
53865  -34.872  -19.353  -6.404 0.0000000000
53866  -35.828  -19.249  -6.406 0.0000000000
53867  -36.686  -19.239  -6.390 0.0000000000
53868  -37.621  -19.030  -6.355 0.0000000000
53869  -38.519  -18.908  -6.295 0.0000000000
53870  -39.296  -19.064  -6.177 0.0000000000
53871  -40.143  -19.152  -6.150 0.0000000000
53872  -41.554  -19.339  -6.772 0.0000000000
53873  -41.983  -19.658  -7.519 0.0000000000
53875  -41.674  -18.869  -7.616 0.0000000000
53877  -41.732  -19.443  -8.780 0.0000000000
54786  -33.970  -18.871  -6.386 0.0000000000
54787  -34.616  -18.423  -6.446 0.0000000000
54788  -35.421  -18.465  -6.431 0.0000000000
54789  -37.397  -18.166  -6.477 0.0000000000
54790  -38.174  -18.264  -6.444 0.0000000000
54791  -39.050  -18.284  -6.396 0.0000000000
54792  -39.902  -18.412  -6.429 0.0000000000
54793  -41.189  -18.591  -6.890 0.0000000000
54798  -40.584  -17.889  -6.982 0.0000000000
54799  -41.289  -18.082  -7.727 0.0000000000
54802  -41.464  -18.569  -8.529 0.0000000000
54810  -41.105  -18.790  -9.664 0.0000000000
55705  -33.879  -17.823  -6.623 0.0000000000
55706  -34.973  -17.773  -6.639 0.0000000000
55707  -35.909  -17.710  -6.611 0.0000000000
55708  -37.170  -17.590  -6.633 0.0000000000
55709  -37.805  -17.563  -6.648 0.0000000000
55710  -38.661  -17.571  -6.664 0.0000000000
55711  -39.608  -17.658  -6.749 0.0000000000
55719  -34.550  -17.080  -7.256 0.0000000000
55720  -35.336  -17.230  -6.984 0.0000000000
55721  -40.051  -17.213  -7.463 0.0000000000
55722  -40.762  -17.436  -7.989 0.0000000000
55726  -40.254  -17.777  -9.731 0.0000000000
55727  -40.971  -17.972  -9.008 0.0000000000
55735  -40.626  -18.339  -9.967 0.0000000000
56564  -35.974  -16.976  -7.204 0.0000000000
56565  -36.703  -16.769  -7.473 0.0000000000
56566  -37.323  -17.056  -6.919 0.0000000000
56567  -38.133  -16.914  -7.071 0.0000000000
56568  -39.123  -16.927  -7.338 0.0000000000
56580  -37.495  -16.656  -7.776 0.0000000000
56581  -38.362  -16.630  -8.073 0.0000000000
56582  -39.077  -16.700  -8.266 0.0000000000
56583  -40.131  -17.096  -8.415 0.0000000000
56597  -37.670  -16.825  -9.179 0.0000000000
56598  -38.560  -17.011  -9.416 0.0000000000
56599  -39.464  -16.972  -8.929 0.0000000000
56600  -39.895  -17.388  -9.496 0.0000000000
56613  -38.284  -17.330  -10.102 0.0000000000
56614  -39.129  -17.428  -9.935 0.0000000000
56615  -39.775  -17.564  -9.819 0.0000000000
56616  -46.950  -16.418  -10.238 0.0000000000
56617  -47.779  -16.484  -9.910 0.0000000000
56618  -48.738  -16.285  -9.817 0.0000000000
56634  -48.380  -16.976  -10.415 0.0000000000
56635  -49.378  -16.777  -10.336 0.0000000000
57574  -45.834  -15.079  -9.471 0.0000000000
57575  -46.530  -15.240  -9.021 0.0000000000
57576  -47.516  -15.144  -8.899 0.0000000000
57584  -45.822  -15.293  -10.521 0.0000000000
57585  -46.383  -15.748  -9.829 0.0000000000
57586  -47.166  -15.899  -9.452 0.0000000000
57587  -48.124  -15.737  -9.393 0.0000000000
57588  -49.774  -15.849  -9.919 0.0000000000
57589  -50.345  -15.080  -9.946 0.0000000000
57601  -50.794  -15.656  -10.378 0.0000000000
58554  -45.331  -14.416  -9.206 0.0000000000
58555  -45.882  -14.576  -8.700 0.0000000000
58556  -46.828  -14.404  -8.439 0.0000000000
58557  -47.980  -14.240  -8.610 0.0000000000
58570  -45.454  -14.666  -10.161 0.0000000000
58571  -48.648  -14.821  -9.109 0.0000000000
58572  -49.440  -14.157  -9.284 0.0000000000
58573  -50.290  -14.270  -9.721 0.0000000000
58588  -51.087  -14.730  -10.312 0.0000000000
59451  -44.788  -13.289  -8.291 0.0000000000
59452  -45.392  -13.342  -7.896 0.0000000000
59453  -46.208  -13.204  -7.722 0.0000000000
59454  -47.106  -13.050  -7.823 0.0000000000
59461  -44.825  -13.806  -9.043 0.0000000000
59462  -45.290  -13.914  -8.503 0.0000000000
59463  -46.002  -13.896  -8.135 0.0000000000
59464  -47.529  -13.599  -8.269 0.0000000000
59465  -49.347  -13.418  -9.035 0.0000000000
59472  -44.909  -13.525  -10.001 0.0000000000
59473  -49.915  -13.625  -9.425 0.0000000000
59474  -51.169  -13.281  -9.885 0.0000000000
59482  -51.767  -13.695  -10.237 0.0000000000
60318  -44.929  -12.830  -7.727 0.0000000000
60319  -45.581  -12.660  -7.493 0.0000000000
60320  -46.591  -12.365  -7.450 0.0000000000
60321  -47.605  -12.362  -7.808 0.0000000000
60326  -44.437  -13.003  -9.031 0.0000000000
60327  -47.875  -12.951  -8.162 0.0000000000
60328  -48.398  -12.423  -8.308 0.0000000000
60329  -49.273  -12.517  -8.795 0.0000000000
60336  -49.969  -12.937  -9.329 0.0000000000
60337  -50.775  -12.562  -9.579 0.0000000000
60345  -51.800  -12.699  -9.900 0.0000000000
61227  -44.676  -11.143  -6.922 0.0000000000
61228  -45.589  -11.213  -6.820 0.0000000000
61238  -43.720  -11.221  -7.977 0.0000000000
61239  -44.217  -11.681  -7.594 0.0000000000
61240  -44.933  -12.059  -7.297 0.0000000000
61241  -46.477  -11.501  -7.126 0.0000000000
61242  -47.309  -11.646  -7.473 0.0000000000
61243  -48.099  -11.674  -7.921 0.0000000000
61249  -43.831  -11.364  -9.163 0.0000000000
61250  -44.056  -12.057  -8.490 0.0000000000
61251  -48.495  -10.951  -8.081 0.0000000000
61252  -49.532  -11.577  -8.805 0.0000000000
61253  -50.512  -10.644  -9.275 0.0000000000
61260  -50.045  -12.112  -9.188 0.0000000000
61261  -50.645  -11.614  -9.371 0.0000000000
61262  -51.400  -11.795  -9.614 0.0000000000
61263  -52.359  -11.746  -9.883 0.0000000000
62164  -43.974  -10.035  -6.895 0.0000000000
62165  -45.110  -10.442  -6.615 0.0000000000
62166  -45.860  -10.380  -6.639 0.0000000000
62174  -43.623  -10.364  -7.522 0.0000000000
62175  -44.046  -10.839  -7.227 0.0000000000
62176  -46.493  -10.722  -6.884 0.0000000000
62177  -47.262  -10.339  -7.257 0.0000000000
62178  -47.759  -10.952  -7.589 0.0000000000
62186  -43.493  -10.563  -8.498 0.0000000000
62187  -48.116  -10.092  -7.814 0.0000000000
62188  -48.913  -10.290  -8.370 0.0000000000
62189  -49.668  -10.618  -8.826 0.0000000000
62194  -43.795  -10.548  -9.942 0.0000000000
62195  -51.299  -10.359  -9.568 0.0000000000
62196  -51.844  -10.996  -9.671 0.0000000000
62203  -52.054  -10.216  -9.905 0.0000000000
62204  -52.713  -10.896  -10.172 0.0000000000
63021  -43.865  -9.214  -6.703 0.0000000000
63022  -44.621  -9.649  -6.586 0.0000000000
63023  -45.585  -9.680  -6.565 0.0000000000
63024  -46.553  -9.768  -6.844 0.0000000000
63035  -42.747  -8.662  -7.558 0.0000000000
63036  -43.502  -9.573  -7.156 0.0000000000
63037  -47.442  -9.501  -7.434 0.0000000000
63038  -48.056  -9.270  -7.909 0.0000000000
63046  -42.852  -9.290  -8.269 0.0000000000
63047  -43.221  -9.850  -7.905 0.0000000000
63048  -48.654  -9.458  -8.321 0.0000000000
63049  -49.401  -9.658  -8.734 0.0000000000
63050  -50.044  -9.895  -9.102 0.0000000000
63053  -43.008  -9.199  -9.548 0.0000000000
63054  -43.735  -9.712  -10.523 0.0000000000
63055  -49.887  -9.000  -9.261 0.0000000000
63056  -50.738  -9.605  -9.508 0.0000000000
63057  -51.469  -9.757  -9.781 0.0000000000
63063  -51.276  -9.224  -9.970 0.0000000000
63064  -51.924  -9.507  -10.266 0.0000000000
63065  -52.838  -10.059  -10.716 0.0000000000
63073  -53.250  -9.638  -11.780 0.0000000000
63857  -42.866  -8.000  -7.032 0.0000000000
63858  -43.709  -8.448  -6.679 0.0000000000
63859  -44.390  -8.692  -6.557 0.0000000000
63860  -45.242  -8.864  -6.550 0.0000000000
63861  -46.117  -8.948  -6.742 0.0000000000
63871  -43.266  -8.770  -6.962 0.0000000000
63872  -46.901  -8.885  -7.206 0.0000000000
63873  -47.619  -8.739  -7.744 0.0000000000
63874  -48.315  -8.642  -8.330 0.0000000000
63885  -42.494  -8.626  -8.592 0.0000000000
63886  -48.157  -7.848  -8.599 0.0000000000
63887  -49.095  -8.861  -8.761 0.0000000000
63893  -42.675  -8.483  -9.953 0.0000000000
63894  -49.157  -7.787  -9.529 0.0000000000
63895  -49.824  -8.135  -9.759 0.0000000000
63901  -50.668  -8.597  -10.007 0.0000000000
63902  -51.514  -8.794  -10.569 0.0000000000
63903  -52.351  -9.181  -11.071 0.0000000000
64757  -42.989  -7.182  -6.902 0.0000000000
64758  -43.433  -7.820  -6.749 0.0000000000
64759  -44.117  -7.890  -6.608 0.0000000000
64760  -44.929  -8.033  -6.613 0.0000000000
64761  -45.777  -8.193  -6.812 0.0000000000
64770  -41.716  -6.658  -7.773 0.0000000000
64771  -42.363  -7.278  -7.371 0.0000000000
64772  -45.484  -7.390  -6.985 0.0000000000
64773  -46.304  -7.663  -7.301 0.0000000000
64774  -47.089  -8.061  -7.615 0.0000000000
64783  -41.555  -7.114  -8.625 0.0000000000
64784  -42.036  -7.878  -8.893 0.0000000000
64785  -46.791  -7.234  -7.901 0.0000000000
64786  -47.483  -7.549  -8.284 0.0000000000
64798  -41.743  -7.346  -9.609 0.0000000000
64799  -47.871  -7.150  -8.919 0.0000000000
64800  -48.517  -7.486  -9.239 0.0000000000
64808  -48.833  -7.154  -9.949 0.0000000000
64809  -49.511  -7.462  -10.232 0.0000000000
64810  -50.251  -7.773  -10.531 0.0000000000
65641  -43.729  -7.145  -6.731 0.0000000000
65642  -44.580  -7.215  -6.762 0.0000000000
65652  -42.485  -6.461  -7.202 0.0000000000
65653  -43.259  -6.401  -6.928 0.0000000000
65654  -44.124  -6.427  -6.910 0.0000000000
65655  -45.114  -6.491  -7.236 0.0000000000
65656  -46.037  -6.867  -7.528 0.0000000000
65659  -41.252  -6.477  -8.553 0.0000000000
65660  -45.787  -6.118  -7.886 0.0000000000
65661  -46.504  -6.475  -8.242 0.0000000000
65662  -47.209  -6.811  -8.583 0.0000000000
65672  -40.697  -6.013  -9.015 0.0000000000
65673  -41.258  -6.659  -9.721 0.0000000000
65674  -46.892  -6.102  -8.980 0.0000000000
65675  -47.547  -6.458  -9.305 0.0000000000
65676  -48.210  -6.797  -9.610 0.0000000000
65689  -47.833  -6.160  -10.049 0.0000000000
65690  -48.477  -6.493  -10.382 0.0000000000
65691  -49.145  -6.814  -10.719 0.0000000000
66533  -41.992  -5.066  -7.555 0.0000000000
66534  -42.708  -5.579  -7.246 0.0000000000
66535  -43.641  -5.684  -7.161 0.0000000000
66536  -44.488  -5.776  -7.346 0.0000000000
66537  -45.172  -5.786  -7.673 0.0000000000
66545  -41.222  -5.881  -8.069 0.0000000000
66546  -44.818  -5.219  -7.894 0.0000000000
66547  -45.518  -5.454  -8.278 0.0000000000
66548  -46.225  -5.752  -8.615 0.0000000000
66554  -39.704  -4.795  -9.372 0.0000000000
66555  -40.134  -5.455  -9.721 0.0000000000
66556  -45.880  -5.098  -9.038 0.0000000000
66557  -46.563  -5.436  -9.402 0.0000000000
66558  -47.231  -5.779  -9.711 0.0000000000
66569  -46.879  -5.181  -10.163 0.0000000000
66570  -47.483  -5.543  -10.436 0.0000000000
67350  -42.069  -4.356  -7.721 0.0000000000
67351  -42.564  -4.822  -7.504 0.0000000000
67352  -43.313  -4.893  -7.479 0.0000000000
67353  -44.079  -5.112  -7.560 0.0000000000
67371  -39.950  -4.206  -8.632 0.0000000000
67372  -41.374  -4.611  -7.857 0.0000000000
67373  -43.587  -4.294  -7.964 0.0000000000
67374  -44.340  -4.559  -8.152 0.0000000000
67375  -45.177  -4.775  -8.590 0.0000000000
67383  -37.630  -4.124  -10.369 0.0000000000
67384  -38.329  -4.108  -9.830 0.0000000000
67385  -39.132  -4.132  -9.260 0.0000000000
67386  -44.771  -4.119  -8.973 0.0000000000
67387  -45.508  -4.432  -9.430 0.0000000000
67388  -46.248  -4.753  -9.834 0.0000000000
67397  -45.809  -4.098  -10.294 0.0000000000
67398  -47.188  -5.045  -10.758 0.0000000000
68122  -42.831  -4.233  -7.766 0.0000000000
68138  -39.540  -3.402  -8.751 0.0000000000
68139  -40.342  -3.379  -8.450 0.0000000000
68140  -41.516  -3.898  -7.976 0.0000000000
68141  -42.262  -3.594  -8.097 0.0000000000
68142  -43.193  -3.645  -8.279 0.0000000000
68143  -44.018  -3.819  -8.553 0.0000000000
68158  -36.623  -3.150  -10.054 0.0000000000
68159  -36.932  -3.728  -10.363 0.0000000000
68160  -37.891  -3.307  -9.671 0.0000000000
68161  -38.766  -3.340  -9.167 0.0000000000
68162  -43.608  -3.176  -8.946 0.0000000000
68163  -44.381  -3.444  -9.343 0.0000000000
68164  -45.118  -3.741  -9.790 0.0000000000
68178  -44.664  -3.122  -10.161 0.0000000000
68179  -45.357  -3.404  -10.621 0.0000000000
68183  -46.062  -3.650  -11.219 0.0000000000
68916  -39.969  -2.687  -8.709 0.0000000000
68917  -40.830  -2.557  -8.662 0.0000000000
68918  -41.812  -2.841  -8.507 0.0000000000
68919  -42.756  -2.974  -8.643 0.0000000000
68928  -36.865  -2.431  -9.815 0.0000000000
68929  -37.743  -2.437  -9.544 0.0000000000
68930  -38.509  -2.509  -9.241 0.0000000000
68931  -39.713  -2.125  -8.976 0.0000000000
68932  -40.771  -1.770  -9.228 0.0000000000
68933  -41.567  -2.054  -9.122 0.0000000000
68934  -42.407  -2.345  -9.130 0.0000000000
68935  -43.201  -2.568  -9.337 0.0000000000
68936  -43.966  -2.794  -9.698 0.0000000000
68952  -35.096  -2.639  -10.458 0.0000000000
68953  -35.988  -2.957  -10.255 0.0000000000
68954  -43.494  -2.222  -10.071 0.0000000000
68955  -44.226  -2.489  -10.513 0.0000000000
68956  -44.920  -2.804  -10.924 0.0000000000
68964  -44.494  -2.237  -11.322 0.0000000000
68965  -45.174  -2.579  -11.620 0.0000000000
68968  -44.796  -2.021  -12.053 0.0000000000
68969  -45.461  -2.423  -12.357 0.0000000000
69793  -37.562  -1.656  -9.711 0.0000000000
69794  -38.318  -1.716  -9.479 0.0000000000
69795  -39.141  -1.760  -9.246 0.0000000000
69796  -40.612  -1.225  -9.721 0.0000000000
69797  -42.225  -1.733  -9.705 0.0000000000
69798  -42.908  -1.684  -10.295 0.0000000000
69808  -36.018  -1.371  -10.480 0.0000000000
69809  -36.797  -1.513  -10.038 0.0000000000
69810  -37.524  -0.982  -10.097 0.0000000000
69811  -38.102  -1.153  -9.787 0.0000000000
69812  -40.831  -0.841  -10.215 0.0000000000
69813  -41.376  -1.319  -9.825 0.0000000000
69814  -42.170  -1.208  -10.439 0.0000000000
69815  -43.694  -1.824  -10.955 0.0000000000
69829  -33.618  -1.595  -11.217 0.0000000000
69830  -42.913  -1.239  -11.050 0.0000000000
69831  -43.510  -1.318  -11.562 0.0000000000
69832  -44.133  -1.642  -11.754 0.0000000000
69842  -43.722  -1.142  -12.177 0.0000000000
69843  -44.374  -1.480  -12.489 0.0000000000
69844  -45.080  -1.829  -12.823 0.0000000000
69847  -43.920  -0.936  -12.878 0.0000000000
69848  -44.580  -1.317  -13.280 0.0000000000
70659  -38.764  -1.095  -9.709 0.0000000000
70660  -39.448  -1.116  -9.686 0.0000000000
70661  -40.001  -1.529  -9.372 0.0000000000
70667  -35.025  -1.246  -10.889 0.0000000000
70668  -35.929  -0.847  -10.938 0.0000000000
70669  -36.775  -0.802  -10.626 0.0000000000
70670  -37.607  -0.542  -10.655 0.0000000000
70671  -38.335  -0.624  -10.309 0.0000000000
70672  -39.232  -0.621  -10.231 0.0000000000
70673  -40.082  -0.794  -10.104 0.0000000000
70674  -41.444  -0.731  -10.658 0.0000000000
70681  -35.474  -0.653  -11.556 0.0000000000
70682  -36.377  -0.455  -11.481 0.0000000000
70683  -38.959  -0.143  -10.957 0.0000000000
70684  -39.764  -0.251  -10.889 0.0000000000
70685  -40.640  -0.346  -10.946 0.0000000000
70686  -41.448  -0.261  -11.493 0.0000000000
70687  -42.196  -0.708  -11.231 0.0000000000
70688  -42.995  -0.751  -11.826 0.0000000000
70700  -35.160  -0.464  -12.294 0.0000000000
70701  -35.972  -0.276  -12.280 0.0000000000
70702  -42.197  -0.281  -12.040 0.0000000000
70703  -42.831  -0.394  -12.513 0.0000000000
70704  -43.372  -0.699  -12.512 0.0000000000
70713  -34.377  -0.479  -12.781 0.0000000000
70714  -42.729  0.175  -13.866 0.0000000000
70715  -44.078  -0.754  -13.684 0.0000000000
70722  -43.089  0.148  -14.714 0.0000000000
71525  -36.871  -0.002  -12.154 0.0000000000
71526  -37.833  0.203  -11.934 0.0000000000
71527  -38.709  0.252  -11.716 0.0000000000
71528  -39.500  0.206  -11.591 0.0000000000
71529  -40.780  0.164  -11.812 0.0000000000
71536  -35.428  -0.160  -13.128 0.0000000000
71537  -36.398  0.132  -12.976 0.0000000000
71538  -37.490  0.377  -12.926 0.0000000000
71539  -38.490  0.450  -12.494 0.0000000000
71540  -39.241  0.466  -12.316 0.0000000000
71541  -40.830  0.405  -12.502 0.0000000000
71542  -41.469  0.160  -12.297 0.0000000000
71553  -37.581  0.512  -13.947 0.0000000000
71554  -38.547  0.619  -13.376 0.0000000000
71555  -40.489  0.594  -13.129 0.0000000000
71556  -41.316  0.466  -13.067 0.0000000000
71557  -42.261  0.105  -12.952 0.0000000000
71569  -39.256  0.760  -14.093 0.0000000000
71570  -41.003  0.669  -13.869 0.0000000000
71571  -42.260  0.502  -14.550 0.0000000000
71585  -41.763  0.685  -15.222 0.0000000000
71586  -42.729  0.501  -15.414 0.0000000000
106471  -48.838  -11.709  -8.426 0.0000000000
106474  -43.261  -0.385  -13.215 0.0000000000
106739  -35.259  -35.599  -5.500 0.0000000000
106775  -41.815  -48.033  -2.267 0.0000000000
106823  -42.277  -20.816  -8.238 0.0000000000
106826  -41.429  -25.953  -4.019 0.0000000000
106962  -40.810  0.725  -14.900 0.0000000000
106963  -39.828  0.789  -14.877 0.0000000000
106966  -40.160  0.769  -13.982 0.0000000000
107078  -46.530  -41.067  3.505 0.0000000000
107167  -42.538  -29.681  -5.244 0.0000000000
107289  -43.807  -34.045  2.786 0.0000000000
107335  -37.547  -49.864  -1.129 0.0000000000
107416  -36.729  -55.691  -0.037 0.0000000000
107450  -35.397  -37.101  -2.891 0.0000000000
107479  -41.909  -5.793  -7.502 0.0000000000
107516  -41.839  0.488  -13.769 0.0000000000
107607  -42.562  -30.194  -3.762 0.0000000000
107661  -36.115  -54.989  -0.087 0.0000000000
107734  -34.248  -0.848  -11.738 0.0000000000
107757  -39.552  0.646  -13.125 0.0000000000
107776  -42.303  -35.816  2.626 0.0000000000
107898  -33.676  -56.067  -3.076 0.0000000000
107934  -33.458  -57.777  -3.822 0.0000000000
108082  -36.960  -54.867  -0.311 0.0000000000
108125  -44.579  -39.737  3.494 0.0000000000
108131  -48.964  -32.805  0.426 0.0000000000
108132  -50.590  -31.662  -1.313 0.0000000000
108246  -48.844  -31.606  -1.972 0.0000000000
108271  -48.319  -33.854  1.789 0.0000000000
108365  -42.472  -25.695  -8.175 0.0000000000
108377  -39.138  -48.742  -1.462 0.0000000000
108410  -44.836  -35.214  3.733 0.0000000000
108433  -40.114  -40.794  0.815 0.0000000000
108458  -52.516  -32.018  -1.990 0.0000000000
108521  -35.488  -52.969  -5.743 0.0000000000
108599  -42.406  -27.869  -5.655 0.0000000000
108637  -40.263  -26.944  -2.556 0.0000000000
108710  -44.381  -35.821  3.735 0.0000000000
108731  -38.014  -38.019  1.726 0.0000000000
108743  -34.729  -59.672  0.532 0.0000000000
108865  -35.571  -34.864  -3.249 0.0000000000
108926  -42.485  -28.783  -5.314 0.0000000000
108946  -33.453  -56.193  -2.367 0.0000000000
109055  -37.588  -49.024  -1.258 0.0000000000
109178  -37.229  -34.081  0.840 0.0000000000
109435  -38.552  -52.328  -1.859 0.0000000000
109466  -36.722  0.301  -13.761 0.0000000000
109488  -42.428  -22.001  -7.256 0.0000000000
109766  -50.444  -36.224  1.125 0.0000000000
109792  -42.390  -26.317  -7.505 0.0000000000
109859  -49.172  -49.191  1.411 0.0000000000
110032  -53.155  -28.927  -6.426 0.0000000000
110204  -44.442  -42.217  2.230 0.0000000000
110258  -39.124  -40.851  -0.194 0.0000000000
110396  -48.670  -40.945  2.550 0.0000000000
110512  -40.272  -47.786  -1.574 0.0000000000
110579  -40.090  0.423  -12.263 0.0000000000
110624  -36.926  -48.856  -1.453 0.0000000000
110629  -40.415  -37.399  2.266 0.0000000000
110793  -39.107  -26.900  -2.534 0.0000000000
110949  -42.435  -23.254  -9.068 0.0000000000
111006  -46.453  -8.343  -7.115 0.0000000000
111132  -46.624  -32.167  -0.257 0.0000000000
111133  -46.062  -32.502  0.714 0.0000000000
111135  -49.755  -31.468  -1.781 0.0000000000
111256  -44.464  -12.561  -7.969 0.0000000000
111286  -45.161  -33.459  2.451 0.0000000000
111371  -34.266  -56.759  -4.500 0.0000000000
111396  -42.337  -48.457  -2.643 0.0000000000
111464  -42.482  -23.389  -7.836 0.0000000000
111585  -41.051  -49.533  -2.464 0.0000000000
111642  -40.454  -17.496  -8.953 0.0000000000
111753  -46.499  -41.843  3.220 0.0000000000
111787  -50.540  -13.436  -9.665 0.0000000000
111837  -46.622  -4.503  -10.744 0.0000000000
111903  -39.581  -25.034  -3.400 0.0000000000
112177  -37.250  -0.261  -11.332 0.0000000000
112213  -42.383  -7.758  -10.389 0.0000000000
112216  -38.130  -0.155  -11.144 0.0000000000
112750  -42.228  -22.244  -6.446 0.0000000000
112914  -48.017  -32.620  0.384 0.0000000000
112915  -49.771  -31.791  -1.118 0.0000000000
112943  -42.282  -43.155  -3.922 0.0000000000
113146  -48.986  -15.535  -9.501 0.0000000000
113215  -38.611  -40.028  -2.701 0.0000000000
113220  -39.759  -48.280  -1.549 0.0000000000
113375  -41.769  -44.980  -2.244 0.0000000000
113411  -42.037  -21.278  -9.343 0.0000000000
113541  -44.243  -42.074  1.477 0.0000000000
113563  -44.869  -36.863  4.252 0.0000000000
113601  -45.208  -45.816  -0.263 0.0000000000
113653  -51.048  -13.937  -10.035 0.0000000000
113676  -34.089  -53.014  -3.637 0.0000000000
113759  -45.465  -3.087  -11.261 0.0000000000
113790  -43.528  -0.290  -14.157 0.0000000000
113925  -43.453  -37.545  2.732 0.0000000000
113983  -46.499  -48.743  -1.498 0.0000000000
114146  -49.832  -36.154  1.836 0.0000000000
114162  -40.484  -31.080  -0.374 0.0000000000
114208  -45.800  -11.978  -7.174 0.0000000000
114218  -42.305  -7.997  -7.748 0.0000000000
114233  -40.852  -41.417  -0.658 0.0000000000
114234  -41.104  -41.386  -2.348 0.0000000000
114449  -38.925  -39.661  1.500 0.0000000000
114464  -34.264  -2.082  -10.638 0.0000000000
114493  -38.277  -40.070  -3.063 0.0000000000
114774  -51.599  -34.933  -0.712 0.0000000000
114926  -34.380  -60.222  0.808 0.0000000000
115001  -37.200  -37.868  1.250 0.0000000000
115014  -35.736  -40.471  -3.187 0.0000000000
115180  -36.041  -2.124  -10.126 0.0000000000
115262  -31.262  -59.369  -2.079 0.0000000000
115267  -43.281  -9.886  -9.072 0.0000000000
115345  -43.899  -38.345  1.010 0.0000000000
115378  -45.052  -34.481  3.386 0.0000000000
115429  -40.159  0.095  -11.494 0.0000000000
115470  -42.407  -23.450  -6.959 0.0000000000
115521  -36.719  -17.963  -6.498 0.0000000000
115600  -46.872  -33.853  2.476 0.0000000000
115601  -50.124  -34.832  1.271 0.0000000000
115626  -42.339  -26.874  -6.798 0.0000000000
115693  -40.290  -23.061  -4.487 0.0000000000
115695  -32.655  -57.260  -1.763 0.0000000000
115818  -48.225  -46.074  1.924 0.0000000000
115946  -38.387  -39.885  -2.117 0.0000000000
116036  -48.505  -13.306  -8.562 0.0000000000
116313  -33.534  -57.242  -3.616 0.0000000000
116334  -37.316  -56.536  -0.184 0.0000000000
116397  -41.025  -29.171  -1.448 0.0000000000
116413  -41.305  -24.849  -4.552 0.0000000000
116427  -35.073  -60.600  0.176 0.0000000000
116515  -46.773  -33.213  1.713 0.0000000000
116524  -47.643  -48.170  1.367 0.0000000000
116549  -46.111  -36.859  4.383 0.0000000000
116589  -33.188  -20.344  -6.521 0.0000000000
116705  -39.465  -52.056  -2.511 0.0000000000
116719  -46.707  -13.651  -8.041 0.0000000000
116742  -34.376  -53.129  -4.313 0.0000000000
116841  -35.275  -55.715  -6.178 0.0000000000
116959  -35.331  -1.841  -10.416 0.0000000000
116985  -39.263  -2.617  -8.919 0.0000000000
117044  -49.831  -42.957  1.432 0.0000000000
117053  -37.381  -47.230  -3.336 0.0000000000
117068  -42.496  -29.445  -3.456 0.0000000000
117145  -51.293  -36.108  -0.350 0.0000000000
117203  -34.760  -54.571  -5.272 0.0000000000
117205  -51.993  -35.039  -1.435 0.0000000000
117217  -48.242  -43.136  2.332 0.0000000000
117301  -42.160  -20.098  -8.156 0.0000000000
117376  -34.727  -54.101  -0.639 0.0000000000
117535  -40.890  -19.230  -6.329 0.0000000000
117563  -50.914  -36.198  0.367 0.0000000000
117648  -36.263  -18.510  -6.435 0.0000000000
117780  -34.339  -52.006  -1.830 0.0000000000
117876  -42.449  -26.602  -8.402 0.0000000000
117880  -36.675  -57.105  0.173 0.0000000000
117887  -48.815  -13.987  -8.875 0.0000000000
118056  -50.680  -40.114  0.583 0.0000000000
118147  -48.047  -47.496  1.627 0.0000000000
118255  -46.124  -47.449  -1.419 0.0000000000
118267  -48.612  -31.570  -2.718 0.0000000000
118452  -40.773  -4.099  -8.174 0.0000000000
118551  -37.197  -3.007  -9.749 0.0000000000
118692  -41.873  -7.427  -7.955 0.0000000000
118733  -40.438  -28.605  -1.564 0.0000000000
118885  -49.592  -14.948  -9.531 0.0000000000
118926  -38.983  -46.409  -1.704 0.0000000000
118986  -45.536  -37.941  4.473 0.0000000000
119010  -47.293  -43.150  2.643 0.0000000000
119075  -49.104  -46.148  1.671 0.0000000000
119134  -41.627  -44.378  -2.613 0.0000000000
119136  -36.637  -17.317  -6.783 0.0000000000
119204  -42.279  -46.725  -2.209 0.0000000000
119237  -31.349  -58.827  0.017 0.0000000000
119314  -45.431  -43.678  -3.777 0.0000000000
119338  -41.577  -31.067  -1.552 0.0000000000
119341  -32.462  -57.719  -2.392 0.0000000000
119376  -38.424  -28.154  -2.169 0.0000000000
119395  -49.548  -40.871  1.892 0.0000000000
119402  -49.776  -46.294  1.339 0.0000000000
119640  -44.439  -41.794  0.616 0.0000000000
119721  -37.953  -52.164  -1.381 0.0000000000
119792  -53.698  -32.012  -3.184 0.0000000000
119816  -41.140  -3.348  -8.269 0.0000000000
119841  -46.827  -48.111  0.990 0.0000000000
119868  -43.181  -38.424  1.565 0.0000000000
119903  -40.952  -25.971  -3.524 0.0000000000
120106  -38.612  -55.369  -1.915 0.0000000000
120138  -42.179  -39.107  1.545 0.0000000000
120161  -41.862  -20.074  -6.680 0.0000000000
120270  -50.362  -42.771  1.029 0.0000000000
120400  -38.796  -21.377  -5.633 0.0000000000
120445  -45.573  -43.794  2.457 0.0000000000
120478  -36.317  -28.916  -3.727 0.0000000000
120594  -34.539  -51.305  -2.068 0.0000000000
120978  -44.463  -10.438  -6.785 0.0000000000
121035  -38.056  -36.910  1.742 0.0000000000
121039  -35.472  -19.973  -6.476 0.0000000000
121051  -38.468  -35.699  1.582 0.0000000000
121135  -36.328  -20.928  -6.604 0.0000000000
121151  -47.453  -31.635  -2.313 0.0000000000
121292  -43.080  -9.237  -7.490 0.0000000000
121480  -49.105  -11.021  -8.490 0.0000000000
121485  -38.311  -48.518  -5.605 0.0000000000
121526  -34.156  -56.351  -4.155 0.0000000000
121570  -48.781  -8.165  -8.935 0.0000000000
121597  -47.741  -8.177  -8.109 0.0000000000
121692  -44.604  -49.715  -4.423 0.0000000000
121721  -39.003  -47.954  -5.748 0.0000000000
121728  -36.204  -20.022  -6.461 0.0000000000
121765  -41.008  -26.495  -3.186 0.0000000000
122166  -37.176  -20.157  -6.347 0.0000000000
122182  -42.925  -51.032  -3.929 0.0000000000
122253  -40.564  -18.634  -6.524 0.0000000000
122486  -50.084  -11.338  -9.112 0.0000000000
122524  -44.011  -37.987  3.120 0.0000000000
122529  -49.926  -33.557  0.724 0.0000000000
122531  -51.382  -35.475  -0.406 0.0000000000
122574  -41.497  0.648  -14.451 0.0000000000
122593  -36.234  -36.705  -0.885 0.0000000000
122694  -47.082  -11.035  -7.218 0.0000000000
123059  -35.013  -36.096  -4.978 0.0000000000
123292  -45.152  -14.109  -9.823 0.0000000000
123486  -34.623  -0.307  -13.649 0.0000000000
123513  -35.385  -57.247  0.335 0.0000000000
123576  -39.133  -25.482  -3.183 0.0000000000
123618  -38.311  -31.714  0.217 0.0000000000
123700  -48.723  -36.465  2.948 0.0000000000
123785  -44.355  -37.226  3.817 0.0000000000
123794  -44.006  -49.790  -4.060 0.0000000000
123878  -50.041  -31.173  -2.415 0.0000000000
123908  -44.079  -38.399  2.917 0.0000000000
123910  -36.026  -58.405  0.196 0.0000000000
123995  -40.585  -5.071  -8.410 0.0000000000
124003  -47.480  -32.313  -0.092 0.0000000000
124086  -42.450  -28.519  -4.403 0.0000000000
124111  -47.353  -40.678  3.371 0.0000000000
124218  -34.102  -53.388  -1.549 0.0000000000
124244  -35.979  0.109  -13.705 0.0000000000
124427  -40.216  -51.119  -2.625 0.0000000000
124457  -41.799  -43.608  -3.478 0.0000000000
124556  -46.682  -32.768  1.139 0.0000000000
124583  -33.283  -22.189  -6.809 0.0000000000
124696  -45.053  -45.086  -0.378 0.0000000000
124806  -39.721  -41.091  0.166 0.0000000000
124930  -44.943  -39.293  4.116 0.0000000000
124980  -35.519  -61.452  -0.356 0.0000000000
125006  -44.976  -40.082  3.808 0.0000000000
125037  -39.116  -52.536  -2.427 0.0000000000
125089  -44.374  -36.478  3.813 0.0000000000
125135  -42.064  -25.209  -6.037 0.0000000000
125188  -44.812  -42.462  2.644 0.0000000000
125288  -34.698  -55.447  -0.371 0.0000000000
125438  -51.353  -31.908  -1.272 0.0000000000
125444  -42.460  -24.077  -9.321 0.0000000000
125496  -41.600  -41.209  -0.569 0.0000000000
125572  -42.149  -38.460  2.105 0.0000000000
125576  -42.388  -27.685  -6.552 0.0000000000
125649  -43.827  -4.705  -7.744 0.0000000000
125827  -41.423  -5.262  -7.810 0.0000000000
125883  -49.351  -8.387  -9.247 0.0000000000
125929  -36.939  -18.574  -6.437 0.0000000000
126066  -33.338  -21.131  -6.605 0.0000000000
126088  -38.982  0.588  -12.810 0.0000000000
126163  -36.118  -50.168  -1.243 0.0000000000
126190  -37.327  -47.267  -2.623 0.0000000000
126387  -41.363  -36.987  2.428 0.0000000000
126391  -51.468  -14.244  -10.303 0.0000000000
126393  -48.261  -50.885  0.352 0.0000000000
126472  -48.861  -48.607  1.486 0.0000000000
126513  -32.612  -20.404  -6.525 0.0000000000
126518  -46.857  -40.497  3.628 0.0000000000
126602  -36.768  -48.427  -4.164 0.0000000000
126643  -35.686  -34.968  -2.540 0.0000000000
126669  -43.929  -36.783  3.478 0.0000000000
126926  -38.840  -34.045  1.062 0.0000000000
126998  -53.560  -30.181  -4.010 0.0000000000
127018  -33.270  -18.487  -6.498 0.0000000000
127045  -34.815  -57.703  0.374 0.0000000000
127096  -42.057  -38.113  2.311 0.0000000000
127308  -39.640  -16.820  -7.987 0.0000000000
127396  -42.389  -27.606  -7.234 0.0000000000
127441  -43.304  -8.260  -6.820 0.0000000000
127528  -38.011  -17.330  -9.950 0.0000000000
127614  -45.319  -46.284  0.256 0.0000000000
127746  -40.248  -2.119  -8.943 0.0000000000
127906  -43.287  -32.928  0.361 0.0000000000
127970  -39.656  -47.676  -1.479 0.0000000000
128047  -44.294  -40.177  2.464 0.0000000000
128285  -36.102  -37.097  -1.499 0.0000000000
128288  -51.129  -11.081  -9.482 0.0000000000
128397  -41.674  -3.415  -8.195 0.0000000000
128632  -35.367  -39.334  -3.091 0.0000000000
128717  -42.858  -2.085  -9.689 0.0000000000
128734  -39.656  -46.967  -1.481 0.0000000000
128764  -36.733  -37.328  0.866 0.0000000000
128788  -37.304  -38.976  0.308 0.0000000000
