#!ascii label , from subject sub-10 vox2ras=TkReg rh ROI=FG coords=white from=aparc.a2009s:G_oc-temp_lat-fusifor
1774
16115  25.543  -57.523  1.279 0.0000000000
16124  25.250  -57.684  0.767 0.0000000000
16125  24.632  -57.516  0.473 0.0000000000
16126  23.223  -56.837  0.476 0.0000000000
16127  22.314  -57.150  0.554 0.0000000000
16937  26.037  -56.228  2.094 0.0000000000
16952  25.655  -56.570  1.491 0.0000000000
16953  25.353  -56.852  1.036 0.0000000000
16960  25.040  -56.349  0.748 0.0000000000
16961  24.238  -56.714  0.537 0.0000000000
16962  22.712  -56.159  0.756 0.0000000000
16963  22.239  -56.381  0.925 0.0000000000
17849  27.227  -55.433  5.682 0.0000000000
17860  27.556  -55.238  3.599 0.0000000000
17861  26.804  -55.764  4.221 0.0000000000
17866  27.554  -55.233  2.740 0.0000000000
17867  26.842  -55.697  3.210 0.0000000000
17876  27.513  -54.929  2.218 0.0000000000
17877  26.823  -55.460  2.196 0.0000000000
17888  26.200  -55.636  1.543 0.0000000000
17889  25.972  -55.175  1.133 0.0000000000
17890  22.967  -54.861  1.298 0.0000000000
17891  22.646  -55.231  1.442 0.0000000000
17898  25.103  -55.568  0.821 0.0000000000
17899  24.227  -55.845  0.649 0.0000000000
17900  23.273  -55.361  0.841 0.0000000000
17901  22.629  -55.578  1.048 0.0000000000
18786  31.643  -54.317  6.724 0.0000000000
18787  31.145  -54.153  7.993 0.0000000000
18788  30.193  -54.356  7.789 0.0000000000
18789  29.331  -54.490  7.503 0.0000000000
18790  28.525  -54.697  7.188 0.0000000000
18791  27.811  -55.070  6.906 0.0000000000
18806  32.066  -54.602  5.794 0.0000000000
18807  31.453  -54.651  5.734 0.0000000000
18808  30.527  -54.588  5.726 0.0000000000
18809  29.154  -54.509  6.288 0.0000000000
18810  28.209  -54.722  6.158 0.0000000000
18811  27.617  -55.081  6.136 0.0000000000
18822  33.335  -54.986  3.886 0.0000000000
18823  32.098  -54.948  4.818 0.0000000000
18824  31.253  -54.779  4.806 0.0000000000
18825  30.513  -54.640  4.789 0.0000000000
18826  29.773  -54.557  5.332 0.0000000000
18827  28.810  -54.643  5.058 0.0000000000
18828  27.811  -54.906  5.345 0.0000000000
18838  34.316  -54.417  3.096 0.0000000000
18839  33.728  -54.747  3.409 0.0000000000
18840  32.519  -55.062  4.042 0.0000000000
18841  31.711  -54.884  4.214 0.0000000000
18842  30.872  -54.654  4.242 0.0000000000
18843  29.905  -54.585  4.309 0.0000000000
18844  28.944  -54.634  3.988 0.0000000000
18845  28.114  -54.851  4.285 0.0000000000
18850  33.684  -54.524  3.171 0.0000000000
18851  32.998  -54.820  3.540 0.0000000000
18852  32.014  -54.832  3.865 0.0000000000
18853  31.104  -54.619  3.979 0.0000000000
18854  29.712  -54.343  3.569 0.0000000000
18855  29.099  -54.483  3.390 0.0000000000
18856  28.421  -54.836  3.303 0.0000000000
18864  29.137  -54.283  3.080 0.0000000000
18865  28.613  -54.570  2.885 0.0000000000
18866  28.024  -54.481  2.392 0.0000000000
18867  23.180  -54.204  2.268 0.0000000000
18868  22.855  -54.692  1.802 0.0000000000
18875  26.850  -55.038  1.610 0.0000000000
18876  25.486  -54.379  1.228 0.0000000000
18877  24.577  -54.031  1.348 0.0000000000
18878  23.326  -54.103  1.791 0.0000000000
18884  24.878  -54.760  0.970 0.0000000000
18885  23.734  -54.495  1.173 0.0000000000
19748  32.444  -53.501  9.002 0.0000000000
19749  31.831  -53.897  8.645 0.0000000000
19766  32.533  -53.467  7.519 0.0000000000
19767  31.950  -53.900  7.629 0.0000000000
19785  33.146  -53.857  5.922 0.0000000000
19786  32.393  -54.077  6.519 0.0000000000
19795  34.606  -54.002  4.260 0.0000000000
19796  33.584  -54.533  4.698 0.0000000000
19797  32.671  -54.615  5.346 0.0000000000
19808  35.389  -53.436  2.968 0.0000000000
19809  34.995  -53.967  3.291 0.0000000000
19810  34.179  -54.617  3.678 0.0000000000
19819  34.853  -53.838  2.843 0.0000000000
19820  34.039  -54.090  2.871 0.0000000000
19821  33.154  -54.241  3.123 0.0000000000
19822  32.204  -54.364  3.494 0.0000000000
19823  31.241  -54.360  3.702 0.0000000000
19824  29.763  -53.991  3.251 0.0000000000
19825  29.012  -53.746  2.939 0.0000000000
19835  26.943  -53.782  1.788 0.0000000000
19836  26.090  -53.334  1.818 0.0000000000
19837  23.580  -53.554  2.549 0.0000000000
19845  27.334  -54.431  1.853 0.0000000000
19846  26.411  -54.315  1.466 0.0000000000
19847  25.336  -53.663  1.552 0.0000000000
19848  24.397  -53.389  1.817 0.0000000000
19849  23.793  -53.414  2.099 0.0000000000
20676  33.052  -53.007  9.289 0.0000000000
20696  33.190  -52.210  8.992 0.0000000000
20697  32.810  -52.968  8.411 0.0000000000
20717  33.157  -52.123  8.073 0.0000000000
20718  33.044  -52.859  7.424 0.0000000000
20732  33.934  -52.370  6.027 0.0000000000
20733  33.420  -53.001  6.510 0.0000000000
20734  32.915  -53.452  6.805 0.0000000000
20742  33.922  -53.444  5.442 0.0000000000
20751  35.654  -53.164  3.306 0.0000000000
20752  35.310  -53.458  3.881 0.0000000000
20753  32.676  -52.289  3.696 0.0000000000
20754  31.635  -52.409  4.083 0.0000000000
20755  29.930  -52.845  3.621 0.0000000000
20756  29.249  -52.377  3.620 0.0000000000
20758  24.198  -52.495  3.651 0.0000000000
20768  35.847  -52.780  2.963 0.0000000000
20769  35.340  -52.957  2.707 0.0000000000
20770  34.384  -53.256  2.745 0.0000000000
20771  33.395  -53.351  3.032 0.0000000000
20772  32.409  -53.419  3.470 0.0000000000
20773  31.396  -53.611  3.643 0.0000000000
20774  29.497  -53.367  3.309 0.0000000000
20775  27.914  -52.360  3.024 0.0000000000
20776  23.872  -52.836  3.074 0.0000000000
20787  28.255  -53.292  2.669 0.0000000000
20788  27.413  -52.774  2.534 0.0000000000
20789  26.795  -53.067  2.160 0.0000000000
20790  24.537  -52.462  2.627 0.0000000000
20791  23.880  -53.042  2.594 0.0000000000
20801  25.012  -52.854  2.124 0.0000000000
20802  24.225  -52.917  2.347 0.0000000000
21644  33.308  -51.497  8.642 0.0000000000
21659  33.436  -51.203  7.741 0.0000000000
21667  34.602  -51.776  5.541 0.0000000000
21668  33.874  -51.389  6.574 0.0000000000
21677  35.487  -51.454  4.853 0.0000000000
21687  36.801  -51.155  3.475 0.0000000000
21688  36.297  -51.767  3.979 0.0000000000
21689  35.747  -52.580  4.102 0.0000000000
21690  32.083  -51.812  4.215 0.0000000000
21691  30.686  -51.568  4.427 0.0000000000
21692  29.874  -52.009  4.079 0.0000000000
21693  29.025  -51.358  4.077 0.0000000000
21694  24.390  -51.342  4.159 0.0000000000
21695  24.340  -51.887  3.788 0.0000000000
21706  36.266  -52.248  3.276 0.0000000000
21707  35.476  -51.835  2.637 0.0000000000
21708  34.384  -51.965  2.807 0.0000000000
21709  33.245  -51.492  3.548 0.0000000000
21710  28.440  -51.914  3.524 0.0000000000
21711  27.577  -51.483  3.380 0.0000000000
21712  26.564  -51.095  3.262 0.0000000000
21713  25.561  -50.880  3.264 0.0000000000
21714  24.514  -51.370  3.696 0.0000000000
21715  24.320  -52.210  3.355 0.0000000000
21724  36.639  -51.511  3.030 0.0000000000
21725  36.255  -52.178  2.937 0.0000000000
21726  35.951  -52.377  2.792 0.0000000000
21727  27.013  -51.910  2.871 0.0000000000
21728  25.870  -51.664  2.829 0.0000000000
21729  25.023  -52.051  2.673 0.0000000000
21730  24.543  -51.994  3.106 0.0000000000
21731  24.151  -52.564  2.868 0.0000000000
22672  34.596  -50.693  5.967 0.0000000000
22673  33.877  -50.519  7.044 0.0000000000
22683  36.379  -50.861  4.402 0.0000000000
22684  35.538  -50.336  5.273 0.0000000000
22693  37.421  -50.334  3.275 0.0000000000
22694  32.392  -51.297  4.158 0.0000000000
22695  31.614  -51.351  4.444 0.0000000000
22696  29.846  -51.190  4.387 0.0000000000
22697  29.404  -50.356  4.488 0.0000000000
22698  27.703  -49.799  4.126 0.0000000000
22699  24.548  -50.404  4.212 0.0000000000
22706  37.470  -50.298  2.999 0.0000000000
22707  37.066  -50.817  3.087 0.0000000000
22708  34.658  -50.828  2.866 0.0000000000
22709  33.699  -50.691  3.384 0.0000000000
22710  32.810  -50.511  4.044 0.0000000000
22711  28.157  -51.138  3.774 0.0000000000
22712  27.342  -50.537  3.695 0.0000000000
22713  26.018  -50.192  3.555 0.0000000000
22714  24.948  -50.372  3.587 0.0000000000
22715  24.677  -49.951  4.042 0.0000000000
22718  36.957  -50.847  2.918 0.0000000000
22719  36.328  -51.532  2.780 0.0000000000
22720  35.579  -50.703  2.646 0.0000000000
23651  35.133  -49.063  6.097 0.0000000000
23652  34.490  -49.306  6.698 0.0000000000
23661  36.385  -49.796  4.787 0.0000000000
23662  35.539  -49.553  5.532 0.0000000000
23663  34.899  -49.777  6.020 0.0000000000
23664  24.476  -49.729  4.830 0.0000000000
23667  37.757  -49.664  3.521 0.0000000000
23668  37.333  -49.588  4.167 0.0000000000
23669  32.286  -49.652  4.401 0.0000000000
23670  31.381  -49.755  4.714 0.0000000000
23671  29.439  -49.311  4.596 0.0000000000
23672  28.567  -49.655  4.381 0.0000000000
23673  26.816  -48.902  4.195 0.0000000000
23674  24.606  -49.638  4.457 0.0000000000
23678  37.902  -49.670  3.070 0.0000000000
23679  34.706  -49.816  2.964 0.0000000000
23680  34.028  -49.971  3.277 0.0000000000
23681  33.240  -49.559  3.799 0.0000000000
23682  26.859  -49.685  3.905 0.0000000000
23683  25.948  -49.328  3.950 0.0000000000
23684  24.719  -49.283  4.356 0.0000000000
23685  37.782  -49.669  2.873 0.0000000000
23686  37.087  -49.556  2.607 0.0000000000
23687  35.501  -49.608  2.674 0.0000000000
24644  24.426  -47.644  6.098 0.0000000000
24648  35.274  -48.319  5.984 0.0000000000
24649  34.630  -48.562  6.660 0.0000000000
24655  36.798  -48.939  4.689 0.0000000000
24656  35.856  -48.961  5.414 0.0000000000
24657  24.488  -48.296  5.163 0.0000000000
24662  38.239  -49.015  3.169 0.0000000000
24663  37.851  -48.908  3.856 0.0000000000
24664  31.874  -48.050  4.486 0.0000000000
24665  31.066  -48.358  4.684 0.0000000000
24666  30.227  -48.700  4.674 0.0000000000
24667  29.300  -48.481  4.570 0.0000000000
24668  28.408  -48.300  4.510 0.0000000000
24669  27.441  -48.202  4.441 0.0000000000
24670  26.380  -48.069  4.445 0.0000000000
24671  25.356  -48.243  4.470 0.0000000000
24672  24.671  -48.492  4.700 0.0000000000
24674  38.581  -48.370  3.034 0.0000000000
24675  34.711  -48.844  3.019 0.0000000000
24676  33.971  -49.099  3.329 0.0000000000
24677  32.539  -48.714  4.224 0.0000000000
24678  25.930  -48.688  4.229 0.0000000000
24679  25.188  -48.929  4.196 0.0000000000
24680  38.498  -48.380  2.897 0.0000000000
24681  35.503  -48.650  2.721 0.0000000000
25540  24.546  -47.092  6.430 0.0000000000
25544  35.322  -47.318  5.805 0.0000000000
25545  34.685  -47.743  6.573 0.0000000000
25546  24.263  -47.205  5.937 0.0000000000
25549  36.346  -47.258  4.971 0.0000000000
25550  36.100  -48.169  5.242 0.0000000000
25551  24.452  -47.545  5.530 0.0000000000
25555  38.532  -47.615  3.321 0.0000000000
25556  37.176  -48.147  4.495 0.0000000000
25557  32.077  -47.152  4.469 0.0000000000
25558  31.141  -47.461  4.641 0.0000000000
25559  30.010  -47.431  4.669 0.0000000000
25560  29.126  -47.640  4.639 0.0000000000
25561  28.079  -47.570  4.648 0.0000000000
25562  27.062  -47.430  4.689 0.0000000000
25563  25.635  -47.594  4.668 0.0000000000
25564  24.800  -47.752  4.843 0.0000000000
25565  24.542  -47.867  5.109 0.0000000000
25566  38.779  -47.603  2.989 0.0000000000
25567  38.724  -47.810  3.019 0.0000000000
25568  34.195  -47.262  3.362 0.0000000000
25569  33.491  -47.515  3.687 0.0000000000
25570  32.724  -47.762  4.119 0.0000000000
25571  38.199  -47.813  2.635 0.0000000000
25572  36.940  -47.635  2.498 0.0000000000
25573  35.683  -47.735  2.696 0.0000000000
25574  34.807  -47.913  3.042 0.0000000000
26437  34.886  -46.288  6.080 0.0000000000
26439  24.243  -46.428  6.248 0.0000000000
26445  36.600  -46.333  4.758 0.0000000000
26446  35.661  -46.354  5.424 0.0000000000
26447  30.015  -46.254  5.298 0.0000000000
26448  29.080  -46.292  5.306 0.0000000000
26449  26.458  -46.276  5.222 0.0000000000
26450  25.452  -46.388  5.223 0.0000000000
26451  24.595  -46.517  5.515 0.0000000000
26452  24.306  -46.656  5.841 0.0000000000
26455  38.494  -46.707  3.503 0.0000000000
26456  37.597  -47.235  4.204 0.0000000000
26457  32.965  -46.056  4.286 0.0000000000
26458  32.281  -46.313  4.577 0.0000000000
26459  31.428  -46.608  4.780 0.0000000000
26460  29.558  -46.879  4.875 0.0000000000
26461  28.617  -46.939  4.888 0.0000000000
26462  27.793  -47.001  4.890 0.0000000000
26463  26.144  -46.991  4.877 0.0000000000
26464  25.027  -47.070  4.987 0.0000000000
26465  24.546  -47.264  5.333 0.0000000000
26466  38.991  -46.557  2.909 0.0000000000
26467  38.875  -46.986  3.019 0.0000000000
26468  34.285  -46.331  3.413 0.0000000000
26469  33.547  -46.161  3.843 0.0000000000
26470  32.987  -46.806  4.091 0.0000000000
26471  38.409  -46.882  2.611 0.0000000000
26472  37.076  -46.538  2.516 0.0000000000
26473  35.878  -46.781  2.713 0.0000000000
26474  34.950  -46.996  3.049 0.0000000000
27289  24.502  -44.995  7.126 0.0000000000
27303  24.276  -45.180  6.190 0.0000000000
27308  35.986  -45.465  5.230 0.0000000000
27309  35.205  -45.458  5.830 0.0000000000
27310  32.677  -44.519  5.364 0.0000000000
27311  31.800  -45.017  5.585 0.0000000000
27312  30.435  -45.589  5.696 0.0000000000
27313  29.565  -45.618  5.764 0.0000000000
27314  28.620  -45.600  5.710 0.0000000000
27315  26.770  -45.587  5.495 0.0000000000
27316  25.919  -45.790  5.382 0.0000000000
27317  24.962  -45.619  5.575 0.0000000000
27318  24.299  -45.809  5.878 0.0000000000
27319  39.118  -45.287  3.349 0.0000000000
27320  38.216  -45.606  3.882 0.0000000000
27321  36.938  -45.477  4.624 0.0000000000
27322  33.377  -45.535  4.219 0.0000000000
27323  32.577  -45.483  4.820 0.0000000000
27324  31.682  -45.851  5.079 0.0000000000
27325  30.877  -46.135  5.214 0.0000000000
27326  39.380  -44.829  2.786 0.0000000000
27327  39.402  -45.295  2.942 0.0000000000
27328  39.153  -46.089  3.110 0.0000000000
27329  35.289  -45.280  3.130 0.0000000000
27330  34.030  -45.548  3.716 0.0000000000
27331  39.233  -45.677  2.815 0.0000000000
27332  38.840  -46.006  2.611 0.0000000000
27333  37.063  -45.434  2.562 0.0000000000
27334  36.001  -45.841  2.780 0.0000000000
27335  35.124  -46.115  3.068 0.0000000000
28080  39.091  -45.060  8.269 0.0000000000
28088  24.792  -44.290  7.261 0.0000000000
28094  39.710  -45.249  7.792 0.0000000000
28097  24.384  -44.490  6.970 0.0000000000
28105  34.961  -44.649  6.347 0.0000000000
28107  31.455  -44.215  6.204 0.0000000000
28108  24.342  -44.554  6.504 0.0000000000
28113  36.374  -44.597  5.159 0.0000000000
28114  35.572  -44.589  5.739 0.0000000000
28115  33.483  -44.295  4.774 0.0000000000
28116  32.054  -44.366  5.865 0.0000000000
28117  30.515  -44.217  6.354 0.0000000000
28118  29.125  -44.907  6.171 0.0000000000
28119  28.176  -44.815  5.970 0.0000000000
28120  27.123  -44.760  5.730 0.0000000000
28121  26.033  -45.090  5.602 0.0000000000
28122  24.540  -44.542  6.028 0.0000000000
28123  39.284  -44.507  3.341 0.0000000000
28124  38.486  -44.612  3.991 0.0000000000
28125  37.356  -44.613  4.580 0.0000000000
28126  34.185  -44.110  4.209 0.0000000000
28127  33.202  -44.972  4.634 0.0000000000
28128  39.529  -44.246  2.913 0.0000000000
28129  35.602  -44.345  3.141 0.0000000000
28130  34.599  -44.792  3.572 0.0000000000
28131  33.817  -44.892  4.146 0.0000000000
28132  39.004  -44.354  2.509 0.0000000000
28133  37.948  -44.652  2.469 0.0000000000
28134  36.667  -44.496  2.714 0.0000000000
28135  36.045  -45.058  2.827 0.0000000000
28941  38.447  -44.474  8.342 0.0000000000
28955  38.852  -44.390  7.762 0.0000000000
28956  37.828  -43.478  7.784 0.0000000000
28957  35.966  -43.191  7.050 0.0000000000
28958  24.585  -43.789  7.053 0.0000000000
28967  40.572  -45.139  6.903 0.0000000000
28968  39.796  -44.713  7.372 0.0000000000
28969  39.131  -43.213  6.939 0.0000000000
28970  36.349  -43.240  6.102 0.0000000000
28971  35.461  -43.832  6.429 0.0000000000
28972  31.519  -43.582  6.282 0.0000000000
28973  30.925  -43.475  6.373 0.0000000000
28974  24.502  -43.891  6.732 0.0000000000
28980  37.871  -43.092  4.940 0.0000000000
28981  36.850  -43.671  5.225 0.0000000000
28982  36.021  -43.919  5.684 0.0000000000
28983  33.094  -43.651  5.394 0.0000000000
28984  32.183  -43.624  6.018 0.0000000000
28985  30.034  -43.334  6.314 0.0000000000
28986  29.139  -43.336  6.118 0.0000000000
28987  27.763  -43.020  5.679 0.0000000000
28988  26.814  -43.453  5.617 0.0000000000
28989  25.655  -43.626  5.627 0.0000000000
28990  24.859  -43.790  5.858 0.0000000000
28991  24.593  -43.907  6.211 0.0000000000
28992  39.406  -42.997  3.193 0.0000000000
28993  39.391  -43.631  3.319 0.0000000000
28994  38.755  -43.722  4.117 0.0000000000
28995  37.767  -43.871  4.601 0.0000000000
28996  34.404  -43.224  4.269 0.0000000000
28997  33.746  -43.505  4.792 0.0000000000
28998  39.538  -43.762  2.892 0.0000000000
28999  39.530  -43.625  3.104 0.0000000000
29000  36.459  -43.671  2.918 0.0000000000
29001  35.673  -43.357  3.307 0.0000000000
29002  34.873  -43.781  3.636 0.0000000000
29003  39.422  -44.065  2.758 0.0000000000
29004  38.790  -43.573  2.514 0.0000000000
29005  38.196  -43.697  2.493 0.0000000000
29006  37.291  -43.887  2.624 0.0000000000
29883  24.803  -43.152  7.127 0.0000000000
29889  38.276  -42.942  7.020 0.0000000000
29890  37.387  -42.828  6.957 0.0000000000
29892  24.629  -42.983  6.677 0.0000000000
29900  39.954  -43.500  6.731 0.0000000000
29901  39.350  -42.344  6.177 0.0000000000
29902  38.082  -42.536  6.149 0.0000000000
29903  37.111  -42.731  6.226 0.0000000000
29904  24.536  -43.078  6.257 0.0000000000
29909  38.902  -42.077  5.507 0.0000000000
29910  37.632  -42.693  5.604 0.0000000000
29911  37.066  -43.028  5.623 0.0000000000
29912  33.387  -42.981  5.265 0.0000000000
29913  32.750  -42.843  5.648 0.0000000000
29914  31.439  -42.947  6.268 0.0000000000
29915  29.528  -42.402  5.830 0.0000000000
29916  28.580  -42.688  5.707 0.0000000000
29917  27.932  -42.310  5.401 0.0000000000
29918  26.981  -42.446  5.360 0.0000000000
29919  25.056  -42.133  5.281 0.0000000000
29920  24.500  -42.296  5.717 0.0000000000
29922  39.124  -42.211  3.493 0.0000000000
29923  39.084  -42.780  4.100 0.0000000000
29924  34.522  -42.280  4.260 0.0000000000
29925  33.865  -42.652  4.792 0.0000000000
29926  24.622  -41.638  5.088 0.0000000000
29927  39.464  -43.253  2.911 0.0000000000
29928  39.217  -42.519  2.966 0.0000000000
29929  38.080  -41.893  2.718 0.0000000000
29930  36.922  -41.949  3.077 0.0000000000
29931  35.856  -42.476  3.378 0.0000000000
29932  35.072  -42.864  3.739 0.0000000000
29933  39.407  -43.539  2.784 0.0000000000
29934  39.178  -42.956  2.739 0.0000000000
29935  38.507  -42.830  2.606 0.0000000000
29936  37.405  -42.968  2.725 0.0000000000
30859  24.457  -41.934  6.426 0.0000000000
30860  23.826  -41.157  6.068 0.0000000000
30866  38.883  -41.555  5.719 0.0000000000
30867  24.242  -41.962  6.049 0.0000000000
30868  23.584  -40.933  5.656 0.0000000000
30873  38.700  -41.518  4.778 0.0000000000
30874  33.233  -42.238  5.257 0.0000000000
30875  32.390  -41.911  5.521 0.0000000000
30876  31.311  -42.005  5.860 0.0000000000
30877  30.295  -41.797  5.629 0.0000000000
30878  29.520  -41.606  5.275 0.0000000000
30879  28.646  -41.794  5.250 0.0000000000
30880  27.615  -41.669  4.995 0.0000000000
30881  26.607  -41.647  4.878 0.0000000000
30882  25.582  -41.640  4.878 0.0000000000
30883  24.000  -41.448  5.447 0.0000000000
30884  23.620  -40.944  5.201 0.0000000000
30888  38.811  -41.475  3.714 0.0000000000
30889  34.667  -41.322  3.993 0.0000000000
30890  33.779  -41.676  4.641 0.0000000000
30891  32.469  -41.147  4.869 0.0000000000
30892  31.636  -41.279  5.140 0.0000000000
30893  30.081  -41.102  4.856 0.0000000000
30894  29.158  -41.124  4.712 0.0000000000
30895  28.269  -41.094  4.611 0.0000000000
30896  27.291  -40.967  4.497 0.0000000000
30897  26.242  -41.053  4.505 0.0000000000
30898  25.212  -41.082  4.597 0.0000000000
30899  24.128  -41.042  4.829 0.0000000000
30901  38.819  -41.646  3.086 0.0000000000
30902  38.391  -41.137  2.919 0.0000000000
30903  37.842  -40.825  2.856 0.0000000000
30904  36.737  -40.868  3.197 0.0000000000
30905  35.635  -41.019  3.508 0.0000000000
30906  38.788  -42.106  2.823 0.0000000000
31813  24.322  -41.051  6.448 0.0000000000
31814  23.640  -40.436  6.169 0.0000000000
31821  37.644  -40.478  5.913 0.0000000000
31822  23.414  -40.529  5.898 0.0000000000
31828  38.431  -40.762  3.963 0.0000000000
31829  37.756  -40.211  4.572 0.0000000000
31830  23.301  -40.514  5.243 0.0000000000
31835  38.050  -40.035  3.292 0.0000000000
31836  34.030  -40.721  4.123 0.0000000000
31837  33.225  -40.974  4.558 0.0000000000
31838  30.959  -40.773  4.699 0.0000000000
31839  30.306  -40.370  4.368 0.0000000000
31840  28.867  -40.414  4.423 0.0000000000
31841  28.042  -40.487  4.446 0.0000000000
31842  27.457  -40.148  4.383 0.0000000000
31843  25.971  -40.387  4.387 0.0000000000
31844  24.963  -40.355  4.486 0.0000000000
31845  23.576  -40.659  4.935 0.0000000000
31847  38.412  -40.788  3.158 0.0000000000
31848  38.065  -40.241  2.995 0.0000000000
31849  37.510  -39.883  3.023 0.0000000000
31850  36.344  -39.996  3.256 0.0000000000
31851  35.076  -40.209  3.599 0.0000000000
31852  33.305  -40.065  3.960 0.0000000000
32810  24.490  -40.088  6.474 0.0000000000
32817  37.013  -39.884  6.481 0.0000000000
32818  23.070  -39.857  5.910 0.0000000000
32819  22.556  -38.866  6.212 0.0000000000
32825  37.264  -39.987  5.447 0.0000000000
32826  36.932  -39.282  5.249 0.0000000000
32827  22.970  -39.940  5.451 0.0000000000
32828  22.542  -39.228  5.836 0.0000000000
32831  37.537  -39.345  3.639 0.0000000000
32832  32.383  -39.852  3.982 0.0000000000
32833  31.046  -40.071  4.169 0.0000000000
32834  30.465  -39.690  4.156 0.0000000000
32835  29.672  -39.887  4.271 0.0000000000
32836  28.330  -39.659  4.377 0.0000000000
32837  27.538  -39.481  4.398 0.0000000000
32838  25.769  -39.451  4.400 0.0000000000
32839  24.689  -39.597  4.531 0.0000000000
32840  23.244  -40.067  4.920 0.0000000000
32841  22.856  -39.365  5.370 0.0000000000
32845  37.516  -39.597  3.270 0.0000000000
32846  36.931  -39.033  3.262 0.0000000000
32847  35.926  -39.309  3.324 0.0000000000
32848  35.000  -39.060  3.505 0.0000000000
32849  33.904  -39.134  3.645 0.0000000000
32850  32.958  -39.041  3.724 0.0000000000
32851  32.041  -38.993  3.798 0.0000000000
33790  24.396  -38.296  6.780 0.0000000000
33791  22.589  -38.082  6.525 0.0000000000
33792  22.107  -38.178  6.176 0.0000000000
33798  22.106  -38.472  6.004 0.0000000000
33804  36.645  -38.407  4.775 0.0000000000
33805  22.347  -38.593  5.737 0.0000000000
33806  22.092  -37.940  5.779 0.0000000000
33810  37.186  -38.741  4.082 0.0000000000
33811  36.766  -38.269  3.904 0.0000000000
33812  31.601  -38.273  3.929 0.0000000000
33813  30.851  -38.444  4.090 0.0000000000
33814  29.502  -38.352  4.381 0.0000000000
33815  28.647  -38.652  4.421 0.0000000000
33816  27.878  -38.862  4.433 0.0000000000
33817  26.634  -38.808  4.414 0.0000000000
33818  25.188  -38.751  4.559 0.0000000000
33819  24.249  -38.990  4.669 0.0000000000
33820  23.773  -38.463  4.918 0.0000000000
33821  22.964  -38.674  5.282 0.0000000000
33825  37.088  -38.835  3.535 0.0000000000
33826  36.597  -38.425  3.569 0.0000000000
33827  36.051  -38.120  3.573 0.0000000000
33828  35.341  -38.205  3.572 0.0000000000
33829  33.662  -38.260  3.681 0.0000000000
33830  32.646  -38.061  3.808 0.0000000000
34694  24.435  -36.756  7.479 0.0000000000
34695  23.601  -36.801  7.358 0.0000000000
34696  22.687  -36.810  7.143 0.0000000000
34707  35.524  -36.959  7.103 0.0000000000
34712  24.064  -37.479  7.126 0.0000000000
34713  23.063  -37.503  6.969 0.0000000000
34714  22.205  -37.434  6.553 0.0000000000
34715  21.659  -36.899  6.260 0.0000000000
34721  36.107  -37.939  5.706 0.0000000000
34722  35.541  -37.309  6.171 0.0000000000
34723  21.798  -37.667  6.054 0.0000000000
34729  36.257  -37.875  4.468 0.0000000000
34730  35.591  -37.508  5.092 0.0000000000
34731  34.051  -37.281  4.981 0.0000000000
34732  33.109  -37.182  5.193 0.0000000000
34733  32.177  -37.125  5.144 0.0000000000
34734  31.140  -37.178  4.934 0.0000000000
34735  30.138  -37.002  5.003 0.0000000000
34736  23.756  -37.187  5.255 0.0000000000
34737  21.950  -38.049  5.963 0.0000000000
34742  36.235  -37.966  3.802 0.0000000000
34743  35.648  -37.662  4.199 0.0000000000
34744  34.246  -37.536  4.183 0.0000000000
34745  33.395  -37.453  4.378 0.0000000000
34746  32.001  -37.552  4.273 0.0000000000
34747  31.066  -37.795  4.309 0.0000000000
34748  28.814  -37.690  4.541 0.0000000000
34749  27.964  -37.505  4.570 0.0000000000
34750  26.551  -37.952  4.519 0.0000000000
34751  25.615  -37.818  4.664 0.0000000000
34752  24.675  -38.179  4.750 0.0000000000
34753  24.199  -37.681  5.006 0.0000000000
34754  23.346  -37.914  5.215 0.0000000000
34755  22.235  -37.427  5.664 0.0000000000
34758  35.532  -37.849  3.767 0.0000000000
34759  34.561  -37.858  3.793 0.0000000000
34760  33.543  -37.731  3.942 0.0000000000
34761  32.839  -37.605  4.099 0.0000000000
35626  24.108  -36.093  7.678 0.0000000000
35627  23.189  -36.093  7.500 0.0000000000
35637  35.114  -36.261  7.283 0.0000000000
35638  34.139  -36.044  7.228 0.0000000000
35642  22.270  -36.118  7.150 0.0000000000
35643  21.656  -36.190  6.550 0.0000000000
35650  35.174  -36.792  6.599 0.0000000000
35651  34.440  -36.567  6.659 0.0000000000
35652  33.462  -36.407  6.771 0.0000000000
35653  31.931  -36.308  6.664 0.0000000000
35654  31.004  -36.268  6.466 0.0000000000
35655  30.218  -36.175  6.253 0.0000000000
35656  29.611  -36.422  5.623 0.0000000000
35657  21.431  -36.306  6.111 0.0000000000
35662  33.778  -36.875  5.928 0.0000000000
35663  32.658  -36.735  6.107 0.0000000000
35664  31.564  -36.735  5.850 0.0000000000
35665  30.588  -36.655  5.684 0.0000000000
35666  28.750  -36.403  5.277 0.0000000000
35667  27.983  -36.353  5.070 0.0000000000
35668  27.122  -36.434  4.889 0.0000000000
35669  26.180  -36.271  4.990 0.0000000000
35670  25.417  -36.121  5.156 0.0000000000
35671  24.043  -36.578  5.300 0.0000000000
35672  23.327  -36.667  5.385 0.0000000000
35673  22.862  -36.065  5.480 0.0000000000
35674  21.511  -36.449  5.976 0.0000000000
35679  29.251  -36.945  4.907 0.0000000000
35680  28.425  -36.927  4.789 0.0000000000
35681  27.209  -37.323  4.606 0.0000000000
35682  26.375  -37.085  4.701 0.0000000000
35683  25.469  -36.860  4.892 0.0000000000
35684  24.605  -36.905  5.112 0.0000000000
35685  22.527  -36.774  5.540 0.0000000000
35686  21.922  -36.867  5.761 0.0000000000
36610  24.627  -35.420  8.035 0.0000000000
36611  23.763  -35.355  7.801 0.0000000000
36612  22.688  -35.263  7.507 0.0000000000
36613  21.921  -34.712  7.186 0.0000000000
36625  35.368  -35.605  7.901 0.0000000000
36626  34.806  -35.497  7.542 0.0000000000
36627  33.899  -35.335  7.456 0.0000000000
36628  32.906  -35.054  7.546 0.0000000000
36629  31.866  -35.081  7.479 0.0000000000
36630  31.081  -35.111  7.335 0.0000000000
36631  21.744  -35.456  6.917 0.0000000000
36632  21.452  -34.787  6.532 0.0000000000
36641  33.211  -35.864  7.244 0.0000000000
36642  32.328  -35.754  7.214 0.0000000000
36643  31.428  -35.715  7.064 0.0000000000
36644  30.493  -35.559  6.863 0.0000000000
36645  29.542  -35.663  6.389 0.0000000000
36646  28.671  -35.372  6.217 0.0000000000
36647  27.866  -35.164  6.004 0.0000000000
36648  21.328  -34.886  6.036 0.0000000000
36653  28.959  -35.949  5.808 0.0000000000
36654  28.291  -35.818  5.581 0.0000000000
36655  27.510  -35.727  5.380 0.0000000000
36656  26.265  -34.933  5.531 0.0000000000
36657  25.897  -35.556  5.268 0.0000000000
36658  24.252  -35.331  5.373 0.0000000000
36659  23.272  -35.341  5.460 0.0000000000
36660  22.263  -35.418  5.616 0.0000000000
36661  21.501  -35.568  5.884 0.0000000000
36666  21.999  -36.197  5.680 0.0000000000
37640  35.199  -34.137  8.319 0.0000000000
37643  25.118  -34.148  8.495 0.0000000000
37644  24.357  -34.618  8.163 0.0000000000
37645  23.457  -34.639  7.825 0.0000000000
37646  22.665  -34.349  7.572 0.0000000000
37657  35.084  -34.838  7.866 0.0000000000
37658  34.586  -34.215  7.920 0.0000000000
37659  33.811  -34.553  7.686 0.0000000000
37660  32.277  -34.320  7.699 0.0000000000
37661  31.267  -34.337  7.591 0.0000000000
37662  29.729  -34.234  7.303 0.0000000000
37663  21.617  -34.150  6.962 0.0000000000
37670  29.851  -35.047  6.998 0.0000000000
37671  29.144  -34.861  6.798 0.0000000000
37672  28.347  -34.625  6.560 0.0000000000
37673  26.588  -34.263  5.977 0.0000000000
37674  21.374  -34.054  6.403 0.0000000000
37679  27.049  -35.021  5.759 0.0000000000
37680  23.690  -34.575  5.459 0.0000000000
37681  22.626  -34.659  5.568 0.0000000000
37682  21.677  -34.714  5.790 0.0000000000
37683  21.501  -33.904  5.957 0.0000000000
38570  25.890  -32.865  8.884 0.0000000000
38585  35.280  -33.290  8.701 0.0000000000
38586  34.612  -33.312  8.251 0.0000000000
38587  33.832  -32.953  8.092 0.0000000000
38588  25.248  -33.429  8.575 0.0000000000
38589  24.505  -33.156  8.283 0.0000000000
38590  23.798  -34.069  8.018 0.0000000000
38591  23.107  -33.557  7.715 0.0000000000
38592  22.126  -33.782  7.325 0.0000000000
38600  33.710  -33.702  7.929 0.0000000000
38601  32.757  -33.616  7.850 0.0000000000
38602  31.854  -33.527  7.772 0.0000000000
38603  30.957  -33.463  7.645 0.0000000000
38604  30.147  -33.422  7.494 0.0000000000
38605  21.639  -33.463  6.929 0.0000000000
38612  29.307  -33.329  7.279 0.0000000000
38613  28.462  -33.261  6.969 0.0000000000
38614  27.688  -33.358  6.630 0.0000000000
38615  26.914  -33.479  6.304 0.0000000000
38616  21.602  -33.308  6.434 0.0000000000
38620  26.175  -33.567  6.020 0.0000000000
38621  25.706  -33.087  5.932 0.0000000000
38622  25.090  -33.527  5.676 0.0000000000
38623  24.020  -33.716  5.514 0.0000000000
38624  22.105  -33.380  5.788 0.0000000000
38625  21.802  -33.158  6.052 0.0000000000
39528  34.977  -32.505  8.572 0.0000000000
39529  34.258  -32.386  8.251 0.0000000000
39530  25.890  -32.124  8.704 0.0000000000
39531  25.099  -32.572  8.449 0.0000000000
39532  24.544  -32.109  8.127 0.0000000000
39533  23.764  -32.132  7.793 0.0000000000
39534  22.961  -32.589  7.554 0.0000000000
39535  22.156  -33.007  7.296 0.0000000000
39545  33.316  -32.303  7.993 0.0000000000
39546  32.479  -32.834  7.867 0.0000000000
39547  31.456  -32.592  7.692 0.0000000000
39548  30.527  -31.968  7.370 0.0000000000
39549  29.852  -32.622  7.339 0.0000000000
39550  22.267  -32.247  7.145 0.0000000000
39551  21.825  -32.752  6.930 0.0000000000
39559  28.967  -32.356  6.949 0.0000000000
39560  28.052  -32.481  6.592 0.0000000000
39561  27.250  -32.616  6.363 0.0000000000
39562  26.414  -32.690  6.105 0.0000000000
39563  22.152  -32.122  6.883 0.0000000000
39564  21.930  -32.633  6.451 0.0000000000
39566  26.910  -31.988  6.078 0.0000000000
39567  25.679  -32.333  5.802 0.0000000000
39568  23.266  -32.168  5.778 0.0000000000
39569  22.318  -32.098  6.457 0.0000000000
40445  34.636  -31.550  8.462 0.0000000000
40446  33.898  -31.690  8.104 0.0000000000
40448  26.008  -31.397  8.339 0.0000000000
40449  25.144  -31.689  8.218 0.0000000000
40450  24.256  -31.536  7.823 0.0000000000
40451  23.450  -31.404  7.544 0.0000000000
40452  22.827  -31.742  7.361 0.0000000000
40461  33.130  -31.291  7.780 0.0000000000
40462  32.252  -31.217  7.551 0.0000000000
40463  31.510  -31.584  7.482 0.0000000000
40464  29.693  -31.933  7.073 0.0000000000
40465  22.452  -31.525  7.030 0.0000000000
40471  30.860  -31.091  7.025 0.0000000000
40472  30.044  -31.317  6.746 0.0000000000
40473  29.253  -31.467  6.544 0.0000000000
40474  28.438  -31.616  6.341 0.0000000000
40475  27.603  -31.774  6.160 0.0000000000
40476  22.478  -31.508  6.749 0.0000000000
40477  28.879  -30.912  5.924 0.0000000000
40478  28.025  -30.931  5.742 0.0000000000
40479  27.025  -31.173  5.736 0.0000000000
40480  26.284  -31.773  5.806 0.0000000000
40481  25.454  -31.515  5.640 0.0000000000
40482  24.416  -31.270  5.662 0.0000000000
40483  23.438  -31.379  5.873 0.0000000000
40484  41.336  -31.780  3.131 0.0000000000
40485  40.848  -31.769  3.040 0.0000000000
41430  34.673  -30.550  8.341 0.0000000000
41431  33.991  -30.935  8.046 0.0000000000
41435  26.095  -30.580  7.868 0.0000000000
41436  25.439  -31.029  7.971 0.0000000000
41437  24.161  -30.163  7.541 0.0000000000
41438  23.191  -30.029  7.227 0.0000000000
41439  22.824  -30.847  7.162 0.0000000000
41445  34.145  -30.088  7.792 0.0000000000
41446  33.422  -30.432  7.597 0.0000000000
41447  31.717  -30.812  7.216 0.0000000000
41448  22.904  -29.977  6.894 0.0000000000
41449  22.667  -30.791  6.908 0.0000000000
41454  32.014  -30.190  6.709 0.0000000000
41455  31.221  -30.466  6.499 0.0000000000
41456  30.431  -30.667  6.276 0.0000000000
41457  29.655  -30.805  6.079 0.0000000000
41458  22.964  -30.070  6.572 0.0000000000
41459  22.776  -30.920  6.607 0.0000000000
41460  42.195  -30.940  4.478 0.0000000000
41461  41.463  -31.253  4.300 0.0000000000
41462  40.223  -31.033  4.373 0.0000000000
41463  30.873  -30.141  5.653 0.0000000000
41464  30.107  -30.273  5.531 0.0000000000
41465  29.320  -30.331  5.462 0.0000000000
41466  28.637  -30.408  5.476 0.0000000000
41467  27.447  -30.468  5.492 0.0000000000
41468  26.685  -30.351  5.452 0.0000000000
41469  25.076  -30.612  5.553 0.0000000000
41470  24.143  -30.555  5.679 0.0000000000
41471  23.100  -30.759  6.213 0.0000000000
41472  42.418  -31.392  3.583 0.0000000000
41473  41.766  -31.668  3.285 0.0000000000
41474  41.002  -31.667  3.537 0.0000000000
41475  40.097  -31.524  3.382 0.0000000000
41476  38.325  -31.017  3.264 0.0000000000
41477  37.422  -30.714  3.435 0.0000000000
41478  36.802  -30.620  3.093 0.0000000000
41479  42.405  -31.441  2.997 0.0000000000
41480  41.567  -31.628  2.929 0.0000000000
41481  40.689  -31.487  2.776 0.0000000000
41482  40.090  -31.573  2.941 0.0000000000
41483  38.519  -31.017  2.896 0.0000000000
41484  37.616  -30.856  2.978 0.0000000000
41485  37.212  -30.499  2.852 0.0000000000
41486  41.302  -31.280  2.623 0.0000000000
41487  39.569  -31.171  2.725 0.0000000000
41488  37.988  -30.600  2.735 0.0000000000
42398  34.815  -29.670  8.064 0.0000000000
42403  26.546  -29.807  7.659 0.0000000000
42404  25.689  -29.705  7.590 0.0000000000
42405  24.686  -29.515  7.529 0.0000000000
42406  23.610  -29.358  7.324 0.0000000000
42410  35.130  -28.862  7.637 0.0000000000
42411  34.359  -29.234  7.386 0.0000000000
42412  33.523  -29.667  7.199 0.0000000000
42413  32.768  -29.890  6.909 0.0000000000
42414  22.984  -29.276  6.952 0.0000000000
42422  33.904  -28.994  6.592 0.0000000000
42423  33.113  -29.418  6.347 0.0000000000
42424  32.336  -29.672  6.073 0.0000000000
42425  31.615  -29.948  5.831 0.0000000000
42426  22.924  -29.211  6.612 0.0000000000
42429  42.474  -30.254  5.033 0.0000000000
42430  41.595  -30.420  5.215 0.0000000000
42431  40.754  -30.412  5.289 0.0000000000
42432  39.732  -30.042  5.507 0.0000000000
42433  38.029  -29.498  5.071 0.0000000000
42434  33.534  -29.557  4.415 0.0000000000
42435  32.807  -29.436  5.099 0.0000000000
42436  32.087  -29.622  5.075 0.0000000000
42437  31.365  -29.670  4.909 0.0000000000
42438  30.557  -29.773  4.972 0.0000000000
42439  29.754  -29.767  4.918 0.0000000000
42440  28.838  -29.767  4.999 0.0000000000
42441  27.326  -29.715  5.257 0.0000000000
42442  26.186  -29.519  5.350 0.0000000000
42443  25.027  -29.668  5.526 0.0000000000
42444  23.761  -29.398  5.783 0.0000000000
42445  23.093  -29.245  6.237 0.0000000000
42446  43.891  -30.458  3.322 0.0000000000
42447  43.153  -31.048  3.250 0.0000000000
42448  39.275  -30.549  4.605 0.0000000000
42449  38.306  -30.559  4.217 0.0000000000
42450  37.282  -30.239  4.231 0.0000000000
42451  35.889  -30.404  3.341 0.0000000000
42452  34.961  -30.135  3.490 0.0000000000
42453  34.206  -29.875  3.738 0.0000000000
42454  33.279  -29.649  3.951 0.0000000000
42455  32.064  -29.495  4.320 0.0000000000
42456  31.504  -29.355  4.137 0.0000000000
42457  30.277  -29.315  4.384 0.0000000000
42458  29.438  -29.092  4.420 0.0000000000
42459  28.509  -29.063  4.683 0.0000000000
42460  27.739  -29.044  4.950 0.0000000000
42462  43.673  -30.453  2.988 0.0000000000
42463  42.976  -31.013  2.927 0.0000000000
42464  42.082  -31.266  2.748 0.0000000000
42465  41.282  -30.553  2.540 0.0000000000
42466  36.347  -30.332  2.944 0.0000000000
42467  34.458  -29.908  3.320 0.0000000000
42468  33.950  -29.650  3.558 0.0000000000
42469  32.600  -29.498  3.911 0.0000000000
42470  32.053  -29.361  3.894 0.0000000000
42471  40.448  -30.811  2.467 0.0000000000
42472  39.464  -30.267  2.407 0.0000000000
42473  38.552  -29.836  2.421 0.0000000000
42474  37.722  -30.026  2.555 0.0000000000
43420  26.205  -28.908  7.527 0.0000000000
43421  25.326  -28.226  7.470 0.0000000000
43422  24.154  -28.575  7.361 0.0000000000
43429  35.565  -28.307  7.035 0.0000000000
43430  34.721  -28.597  6.788 0.0000000000
43431  23.200  -28.774  7.057 0.0000000000
43439  36.090  -28.219  6.359 0.0000000000
43440  35.119  -28.406  6.038 0.0000000000
43441  34.291  -28.674  5.926 0.0000000000
43442  33.493  -29.152  5.571 0.0000000000
43443  22.981  -28.681  6.587 0.0000000000
43447  37.188  -29.275  4.982 0.0000000000
43448  35.770  -29.272  4.798 0.0000000000
43449  34.996  -29.216  4.841 0.0000000000
43450  34.151  -29.404  4.707 0.0000000000
43451  26.906  -28.920  5.166 0.0000000000
43452  24.464  -28.720  5.577 0.0000000000
43453  23.166  -28.594  5.953 0.0000000000
43454  22.906  -28.557  6.264 0.0000000000
43458  42.594  -29.426  3.194 0.0000000000
43459  41.742  -28.896  3.312 0.0000000000
43460  40.789  -28.135  3.148 0.0000000000
43461  36.304  -30.048  4.237 0.0000000000
43462  35.334  -30.223  3.999 0.0000000000
43463  34.702  -30.083  3.998 0.0000000000
43464  30.913  -29.104  4.015 0.0000000000
43465  30.234  -28.774  4.087 0.0000000000
43466  28.887  -28.285  4.446 0.0000000000
43467  28.049  -28.421  4.736 0.0000000000
43468  27.421  -28.489  4.982 0.0000000000
43469  26.791  -28.137  5.165 0.0000000000
43472  43.465  -30.411  2.886 0.0000000000
43473  42.304  -30.393  2.791 0.0000000000
43474  41.104  -29.304  2.650 0.0000000000
43475  37.031  -28.769  2.764 0.0000000000
43476  36.217  -29.683  2.805 0.0000000000
43477  34.547  -29.623  3.205 0.0000000000
43478  33.906  -29.490  3.364 0.0000000000
43479  33.162  -29.364  3.594 0.0000000000
43480  32.307  -29.165  3.650 0.0000000000
43481  31.600  -29.062  3.761 0.0000000000
43482  30.969  -28.497  3.888 0.0000000000
43483  40.223  -29.545  2.388 0.0000000000
43484  39.630  -28.560  2.350 0.0000000000
43485  38.796  -28.562  2.307 0.0000000000
43486  37.900  -28.306  2.512 0.0000000000
43487  37.156  -29.654  2.657 0.0000000000
44490  26.344  -27.891  7.539 0.0000000000
44491  25.490  -27.267  7.494 0.0000000000
44492  24.299  -27.732  7.265 0.0000000000
44493  23.269  -28.030  6.812 0.0000000000
44497  26.563  -26.931  7.711 0.0000000000
44498  25.877  -26.570  7.581 0.0000000000
44499  23.494  -27.004  6.757 0.0000000000
44503  22.730  -27.190  6.187 0.0000000000
44510  26.032  -27.634  5.307 0.0000000000
44511  24.850  -27.789  5.427 0.0000000000
44512  23.499  -27.805  5.730 0.0000000000
44513  22.872  -27.656  6.174 0.0000000000
44521  35.875  -27.670  3.722 0.0000000000
44522  35.146  -27.392  4.166 0.0000000000
44523  34.389  -27.665  4.038 0.0000000000
44524  33.524  -27.889  3.890 0.0000000000
44525  32.774  -28.042  3.781 0.0000000000
44526  31.418  -27.808  4.010 0.0000000000
44527  30.748  -27.721  4.138 0.0000000000
44528  29.517  -27.685  4.347 0.0000000000
44529  28.219  -27.657  4.696 0.0000000000
44530  27.508  -27.862  4.912 0.0000000000
44531  26.869  -27.356  5.168 0.0000000000
44532  25.343  -27.018  5.284 0.0000000000
44533  23.966  -26.933  5.443 0.0000000000
44534  22.850  -26.357  5.699 0.0000000000
44539  39.981  -27.400  2.907 0.0000000000
44540  37.403  -27.675  2.837 0.0000000000
44541  36.494  -28.407  3.116 0.0000000000
44542  34.894  -28.478  3.462 0.0000000000
44543  34.006  -28.811  3.344 0.0000000000
44544  33.278  -28.849  3.405 0.0000000000
44545  32.561  -28.737  3.550 0.0000000000
44546  31.820  -28.587  3.717 0.0000000000
44547  40.228  -28.305  2.505 0.0000000000
44548  39.398  -27.617  2.407 0.0000000000
44549  38.676  -27.578  2.351 0.0000000000
44550  38.190  -26.967  2.478 0.0000000000
45465  24.583  -26.959  7.288 0.0000000000
45469  27.150  -26.305  8.008 0.0000000000
45470  26.399  -26.097  7.766 0.0000000000
45471  25.542  -26.008  7.520 0.0000000000
45472  23.095  -26.085  6.504 0.0000000000
45478  22.440  -26.359  6.051 0.0000000000
45487  35.241  -26.030  5.346 0.0000000000
45488  34.260  -26.119  5.404 0.0000000000
45489  33.277  -26.217  5.349 0.0000000000
45490  32.326  -26.358  5.208 0.0000000000
45491  31.460  -26.451  5.067 0.0000000000
45492  29.945  -26.139  5.099 0.0000000000
45493  28.919  -26.042  5.089 0.0000000000
45494  22.463  -25.856  5.980 0.0000000000
45500  39.608  -26.724  3.484 0.0000000000
45501  36.487  -26.507  4.171 0.0000000000
45502  35.648  -26.635  4.615 0.0000000000
45503  34.776  -26.750  4.776 0.0000000000
45504  33.856  -26.921  4.745 0.0000000000
45505  32.877  -27.118  4.564 0.0000000000
45506  31.949  -27.154  4.494 0.0000000000
45507  31.067  -27.103  4.491 0.0000000000
45508  29.311  -26.854  4.660 0.0000000000
45509  28.383  -26.772  4.815 0.0000000000
45510  26.847  -26.473  5.178 0.0000000000
45511  25.843  -26.340  5.190 0.0000000000
45512  24.881  -26.391  5.194 0.0000000000
45513  23.932  -25.993  5.264 0.0000000000
45514  23.002  -25.510  5.548 0.0000000000
45520  39.268  -26.803  2.658 0.0000000000
45521  36.907  -27.178  3.387 0.0000000000
45522  37.308  -26.089  3.233 0.0000000000
45525  38.876  -26.952  2.382 0.0000000000
45526  38.609  -26.248  2.573 0.0000000000
45527  38.060  -26.080  2.471 0.0000000000
46419  27.738  -25.849  8.272 0.0000000000
46423  27.018  -25.552  7.962 0.0000000000
46424  26.157  -25.282  7.587 0.0000000000
46425  25.122  -25.396  7.216 0.0000000000
46426  24.037  -25.395  6.748 0.0000000000
46427  23.092  -25.288  6.367 0.0000000000
46432  22.532  -25.595  6.058 0.0000000000
46439  38.818  -24.934  5.119 0.0000000000
46440  36.322  -25.014  4.915 0.0000000000
46441  35.516  -25.246  5.475 0.0000000000
46442  34.626  -25.349  5.726 0.0000000000
46443  33.702  -25.387  5.787 0.0000000000
46444  32.600  -25.389  5.744 0.0000000000
46445  31.792  -25.801  5.484 0.0000000000
46446  30.928  -25.756  5.432 0.0000000000
46447  29.389  -25.283  5.469 0.0000000000
46448  22.720  -25.153  5.815 0.0000000000
46454  39.123  -26.011  3.835 0.0000000000
46455  38.707  -25.178  3.890 0.0000000000
46456  37.543  -25.104  2.847 0.0000000000
46457  36.896  -25.571  4.128 0.0000000000
46458  36.134  -25.902  5.013 0.0000000000
46459  28.068  -25.895  5.117 0.0000000000
46460  27.220  -25.627  5.151 0.0000000000
46461  26.288  -25.589  5.047 0.0000000000
46462  23.986  -25.065  5.027 0.0000000000
46463  23.251  -24.619  5.439 0.0000000000
46469  39.089  -26.232  2.954 0.0000000000
46470  38.687  -25.632  2.912 0.0000000000
46471  37.856  -25.585  2.571 0.0000000000
47414  27.753  -24.979  8.098 0.0000000000
47421  27.325  -24.225  7.558 0.0000000000
47422  26.358  -24.350  7.288 0.0000000000
47423  24.755  -24.639  6.775 0.0000000000
47424  23.571  -24.610  6.418 0.0000000000
47432  22.820  -24.824  6.077 0.0000000000
47440  38.841  -24.275  5.715 0.0000000000
47441  35.701  -24.536  5.380 0.0000000000
47442  34.873  -24.504  5.772 0.0000000000
47443  34.079  -24.186  5.935 0.0000000000
47444  33.289  -24.480  5.955 0.0000000000
47445  32.173  -24.326  5.870 0.0000000000
47446  30.774  -24.869  5.726 0.0000000000
47447  28.911  -24.407  5.436 0.0000000000
47448  28.010  -24.430  5.251 0.0000000000
47449  22.986  -24.425  5.849 0.0000000000
47459  38.615  -24.327  4.376 0.0000000000
47460  37.117  -24.493  3.741 0.0000000000
47461  27.145  -24.675  5.051 0.0000000000
47462  26.225  -24.731  4.832 0.0000000000
47463  25.104  -24.645  4.723 0.0000000000
47464  24.035  -24.032  4.814 0.0000000000
47465  23.452  -23.708  5.274 0.0000000000
47472  38.515  -24.506  3.134 0.0000000000
47473  37.721  -24.395  2.595 0.0000000000
47474  37.535  -23.793  2.776 0.0000000000
47479  38.165  -24.141  2.535 0.0000000000
48420  28.267  -24.141  7.756 0.0000000000
48436  26.877  -23.586  7.018 0.0000000000
48437  25.987  -23.533  6.744 0.0000000000
48438  24.969  -23.452  6.484 0.0000000000
48439  24.012  -23.161  6.128 0.0000000000
48466  38.699  -23.582  5.297 0.0000000000
48467  36.291  -24.107  4.817 0.0000000000
48468  35.435  -23.824  5.388 0.0000000000
48469  34.533  -23.613  5.638 0.0000000000
48470  33.505  -23.494  5.702 0.0000000000
48471  32.772  -23.775  5.793 0.0000000000
48472  30.692  -24.007  5.669 0.0000000000
48473  29.332  -23.560  5.308 0.0000000000
48474  28.427  -23.539  5.096 0.0000000000
48475  23.492  -23.475  5.500 0.0000000000
48487  38.591  -23.521  3.976 0.0000000000
48488  36.875  -23.529  3.947 0.0000000000
48489  36.009  -23.243  4.782 0.0000000000
48490  28.970  -22.747  4.781 0.0000000000
48491  28.009  -22.666  4.589 0.0000000000
48492  26.601  -23.997  4.761 0.0000000000
48493  25.634  -23.799  4.582 0.0000000000
48494  24.603  -23.314  4.558 0.0000000000
48495  23.821  -23.076  4.834 0.0000000000
48496  23.573  -23.048  5.099 0.0000000000
48505  38.374  -23.468  2.834 0.0000000000
48506  37.880  -23.355  2.476 0.0000000000
48507  37.332  -23.034  3.078 0.0000000000
48513  38.042  -23.469  2.455 0.0000000000
49459  28.383  -22.804  6.912 0.0000000000
49460  27.693  -22.754  6.721 0.0000000000
49461  26.473  -22.884  6.583 0.0000000000
49462  25.495  -22.678  6.353 0.0000000000
49463  24.640  -22.719  6.169 0.0000000000
49476  24.810  -22.039  5.825 0.0000000000
49477  24.179  -22.491  5.729 0.0000000000
49478  23.733  -23.023  5.646 0.0000000000
49488  35.081  -23.020  5.194 0.0000000000
49489  34.086  -22.724  5.252 0.0000000000
49490  33.093  -22.648  5.312 0.0000000000
49491  32.306  -22.667  5.317 0.0000000000
49492  31.568  -22.831  5.338 0.0000000000
49493  30.712  -23.030  5.315 0.0000000000
49494  29.832  -22.836  5.052 0.0000000000
49495  23.936  -22.344  5.231 0.0000000000
49496  23.678  -22.841  5.218 0.0000000000
49503  38.582  -22.844  3.517 0.0000000000
49504  36.533  -22.683  4.040 0.0000000000
49505  35.560  -22.477  4.582 0.0000000000
49506  34.174  -22.093  4.669 0.0000000000
49507  33.418  -22.080  4.755 0.0000000000
49508  32.565  -22.083  4.801 0.0000000000
49509  31.760  -22.170  4.835 0.0000000000
49510  30.405  -22.253  4.694 0.0000000000
49511  29.577  -22.116  4.471 0.0000000000
49512  27.390  -21.744  4.187 0.0000000000
49513  27.037  -22.541  4.444 0.0000000000
49514  26.214  -22.358  4.355 0.0000000000
49515  24.350  -22.394  4.589 0.0000000000
49516  23.849  -22.358  4.916 0.0000000000
49523  38.181  -22.816  2.628 0.0000000000
49524  37.759  -22.705  2.620 0.0000000000
49525  37.066  -22.229  3.312 0.0000000000
49526  25.576  -21.710  4.240 0.0000000000
49527  24.841  -21.716  4.392 0.0000000000
49528  24.816  -21.206  4.452 0.0000000000
49534  37.978  -22.455  2.538 0.0000000000
50320  27.957  -22.171  6.437 0.0000000000
50321  27.026  -22.279  6.374 0.0000000000
50322  26.049  -22.158  6.211 0.0000000000
50334  28.313  -21.516  6.025 0.0000000000
50335  26.293  -21.463  5.817 0.0000000000
50336  24.672  -21.171  5.205 0.0000000000
50337  24.270  -21.862  5.317 0.0000000000
50347  24.703  -20.929  4.790 0.0000000000
50348  24.269  -21.568  4.946 0.0000000000
50355  38.855  -21.675  3.356 0.0000000000
50356  36.077  -21.897  3.947 0.0000000000
50357  34.907  -21.731  4.269 0.0000000000
50358  33.814  -21.525  4.196 0.0000000000
50359  32.891  -21.547  4.175 0.0000000000
50360  32.018  -21.628  4.173 0.0000000000
50361  31.085  -21.734  4.258 0.0000000000
50362  30.180  -21.620  4.068 0.0000000000
50363  28.581  -21.817  4.208 0.0000000000
50364  26.412  -21.665  4.190 0.0000000000
50365  24.840  -20.897  4.502 0.0000000000
50366  24.612  -21.192  4.679 0.0000000000
50373  38.186  -22.008  2.752 0.0000000000
50374  37.613  -21.907  2.798 0.0000000000
50375  36.685  -21.407  3.311 0.0000000000
50376  35.557  -21.136  3.561 0.0000000000
50377  34.325  -20.943  3.507 0.0000000000
50378  33.257  -21.066  3.509 0.0000000000
50379  32.368  -21.141  3.504 0.0000000000
50380  31.496  -21.190  3.522 0.0000000000
50381  30.678  -21.198  3.546 0.0000000000
50382  28.814  -21.040  3.563 0.0000000000
50383  27.638  -20.966  3.644 0.0000000000
50384  26.412  -20.785  3.806 0.0000000000
50388  37.962  -21.553  2.642 0.0000000000
51213  28.692  -20.886  5.680 0.0000000000
51214  27.723  -20.752  5.588 0.0000000000
51215  26.453  -20.464  5.432 0.0000000000
51216  25.410  -20.703  5.320 0.0000000000
51228  25.584  -19.924  4.836 0.0000000000
51229  25.080  -20.438  5.137 0.0000000000
51236  25.560  -19.867  4.375 0.0000000000
51237  25.078  -20.575  4.411 0.0000000000
51242  40.271  -20.530  3.842 0.0000000000
51243  39.533  -21.001  3.462 0.0000000000
51244  37.286  -20.990  2.848 0.0000000000
51245  36.217  -20.548  2.996 0.0000000000
51246  35.104  -20.465  3.060 0.0000000000
51247  33.542  -20.533  2.958 0.0000000000
51248  32.720  -20.628  2.978 0.0000000000
51249  31.879  -20.642  2.990 0.0000000000
51250  30.955  -20.645  3.032 0.0000000000
51251  29.151  -20.345  3.185 0.0000000000
51252  27.976  -20.189  3.292 0.0000000000
51253  26.646  -19.946  3.452 0.0000000000
51254  25.514  -19.934  3.885 0.0000000000
51255  25.087  -20.705  4.266 0.0000000000
51259  40.152  -20.420  3.090 0.0000000000
51260  39.331  -20.496  2.829 0.0000000000
51261  38.468  -20.252  2.561 0.0000000000
51262  36.985  -20.153  2.575 0.0000000000
51263  35.580  -19.958  2.684 0.0000000000
51264  34.713  -19.944  2.627 0.0000000000
51265  33.018  -20.170  2.637 0.0000000000
51266  32.302  -20.098  2.597 0.0000000000
51267  31.438  -20.037  2.601 0.0000000000
51268  30.525  -19.918  2.661 0.0000000000
51269  29.506  -19.708  2.760 0.0000000000
52093  29.183  -20.320  5.448 0.0000000000
52094  28.241  -20.127  5.316 0.0000000000
52095  27.119  -19.836  5.232 0.0000000000
52096  26.187  -19.604  4.925 0.0000000000
52104  28.812  -19.517  5.022 0.0000000000
52105  27.722  -19.300  4.887 0.0000000000
52106  26.665  -19.136  4.664 0.0000000000
52107  25.939  -19.196  4.303 0.0000000000
52114  25.992  -19.123  3.814 0.0000000000
52118  41.494  -19.606  2.945 0.0000000000
52119  40.809  -20.022  3.347 0.0000000000
52120  28.310  -19.444  2.917 0.0000000000
52121  27.063  -19.228  3.097 0.0000000000
52122  26.238  -19.073  3.503 0.0000000000
52123  26.385  -18.492  3.380 0.0000000000
52126  41.240  -19.380  2.445 0.0000000000
52127  40.597  -19.821  2.698 0.0000000000
52128  39.040  -19.865  2.416 0.0000000000
52129  38.204  -19.591  2.279 0.0000000000
52130  36.744  -19.229  2.126 0.0000000000
52131  35.983  -19.363  2.507 0.0000000000
52132  35.258  -19.371  2.497 0.0000000000
52133  32.831  -19.517  2.447 0.0000000000
52134  31.908  -19.341  2.411 0.0000000000
52135  30.972  -19.295  2.429 0.0000000000
52136  29.955  -19.044  2.473 0.0000000000
52137  28.725  -18.712  2.499 0.0000000000
52138  27.310  -18.349  2.726 0.0000000000
52139  26.554  -18.796  2.888 0.0000000000
53014  29.374  -18.813  4.756 0.0000000000
53015  28.240  -18.592  4.616 0.0000000000
53016  27.155  -18.495  4.408 0.0000000000
53017  26.411  -18.616  4.170 0.0000000000
53023  26.834  -17.819  4.060 0.0000000000
53024  26.307  -18.575  3.714 0.0000000000
53029  42.066  -19.143  3.137 0.0000000000
53030  37.530  -18.433  1.915 0.0000000000
53031  37.064  -18.219  3.496 0.0000000000
53032  36.778  -18.218  3.922 0.0000000000
53033  26.530  -17.957  3.188 0.0000000000
53036  42.685  -18.631  2.543 0.0000000000
53037  42.055  -19.113  2.362 0.0000000000
53038  41.207  -18.911  2.020 0.0000000000
53039  40.469  -19.186  2.192 0.0000000000
53040  36.548  -19.057  2.373 0.0000000000
53041  35.845  -18.832  2.796 0.0000000000
53042  34.977  -18.687  2.555 0.0000000000
53043  33.957  -18.524  2.437 0.0000000000
53044  31.978  -18.455  2.282 0.0000000000
53045  30.455  -18.413  2.271 0.0000000000
53046  29.267  -17.978  2.186 0.0000000000
53047  27.997  -17.564  2.322 0.0000000000
53048  26.540  -17.931  2.968 0.0000000000
53049  42.853  -18.635  1.973 0.0000000000
53050  41.944  -18.589  1.822 0.0000000000
53908  29.910  -18.070  4.560 0.0000000000
53909  28.770  -17.806  4.374 0.0000000000
53914  30.351  -17.461  4.419 0.0000000000
53915  29.398  -17.094  4.139 0.0000000000
53916  28.208  -16.890  3.655 0.0000000000
53917  27.497  -17.606  4.010 0.0000000000
53920  44.087  -17.233  2.196 0.0000000000
53921  43.085  -18.072  2.860 0.0000000000
53922  37.292  -17.791  3.400 0.0000000000
53923  37.053  -17.666  4.233 0.0000000000
53924  36.691  -17.688  4.119 0.0000000000
53925  27.323  -16.940  3.262 0.0000000000
53926  26.823  -17.400  3.253 0.0000000000
53929  43.350  -18.266  2.108 0.0000000000
53930  40.847  -18.119  1.736 0.0000000000
53931  39.890  -17.738  1.814 0.0000000000
53932  38.960  -17.377  1.991 0.0000000000
53933  37.836  -17.100  2.407 0.0000000000
53934  35.164  -17.422  2.824 0.0000000000
53935  34.045  -17.685  2.517 0.0000000000
53936  33.316  -17.980  2.411 0.0000000000
53937  32.535  -17.794  2.285 0.0000000000
53938  31.614  -17.453  2.103 0.0000000000
53939  29.904  -17.368  1.940 0.0000000000
53940  28.597  -16.703  1.899 0.0000000000
53941  27.715  -16.726  2.346 0.0000000000
53942  27.048  -17.363  2.726 0.0000000000
53943  43.867  -17.707  1.868 0.0000000000
53944  43.460  -18.085  1.797 0.0000000000
53945  42.618  -18.139  1.623 0.0000000000
53946  41.440  -17.612  1.609 0.0000000000
53947  30.603  -16.897  1.803 0.0000000000
53948  29.475  -16.232  1.645 0.0000000000
53949  28.643  -15.652  1.781 0.0000000000
54803  31.089  -16.371  4.163 0.0000000000
54804  30.194  -16.627  4.040 0.0000000000
54805  28.886  -15.943  3.173 0.0000000000
54809  37.367  -17.109  3.912 0.0000000000
54810  37.045  -17.057  4.189 0.0000000000
54811  35.957  -16.771  3.173 0.0000000000
54812  28.251  -15.835  2.282 0.0000000000
54813  27.821  -16.421  2.844 0.0000000000
54815  45.039  -15.903  1.653 0.0000000000
54816  44.516  -16.890  1.484 0.0000000000
54819  39.527  -16.773  2.122 0.0000000000
54820  38.656  -16.454  2.455 0.0000000000
54821  37.843  -16.316  2.876 0.0000000000
54822  34.705  -16.419  2.611 0.0000000000
54823  33.529  -16.138  2.278 0.0000000000
54824  32.638  -16.311  2.059 0.0000000000
54825  32.165  -16.866  2.099 0.0000000000
54826  28.463  -15.479  1.955 0.0000000000
54827  28.113  -15.996  1.990 0.0000000000
54828  45.200  -16.631  1.021 0.0000000000
54829  44.543  -16.881  1.046 0.0000000000
54830  43.167  -17.508  1.410 0.0000000000
54831  42.046  -17.084  1.455 0.0000000000
54832  31.618  -15.803  1.636 0.0000000000
54833  29.239  -15.320  1.606 0.0000000000
55758  31.639  -15.189  3.777 0.0000000000
55759  30.217  -15.725  3.546 0.0000000000
55763  37.221  -16.252  3.316 0.0000000000
55764  36.433  -16.079  3.080 0.0000000000
55765  29.521  -15.032  2.622 0.0000000000
55766  28.706  -15.207  2.133 0.0000000000
55770  36.776  -15.291  3.070 0.0000000000
55771  34.252  -15.481  2.334 0.0000000000
55772  33.272  -15.093  1.784 0.0000000000
55773  32.538  -15.489  1.713 0.0000000000
55774  29.371  -14.680  1.866 0.0000000000
55775  45.511  -16.253  1.028 0.0000000000
55776  43.519  -16.730  1.064 0.0000000000
55778  32.289  -14.523  1.226 0.0000000000
55779  31.648  -14.867  1.275 0.0000000000
55780  30.683  -14.657  1.202 0.0000000000
55781  28.878  -15.079  1.800 0.0000000000
55782  45.431  -16.167  0.633 0.0000000000
55783  44.929  -16.407  0.642 0.0000000000
56723  31.193  -14.201  2.943 0.0000000000
56724  30.557  -14.929  3.179 0.0000000000
56732  30.533  -13.715  1.834 0.0000000000
56733  30.049  -14.291  2.221 0.0000000000
56739  37.145  -14.502  3.038 0.0000000000
56740  36.184  -14.432  2.708 0.0000000000
56741  34.859  -14.871  2.358 0.0000000000
56742  33.874  -14.527  1.760 0.0000000000
56743  30.557  -13.708  1.250 0.0000000000
56744  30.111  -14.117  1.572 0.0000000000
56745  45.653  -15.662  0.564 0.0000000000
56746  45.647  -15.518  1.099 0.0000000000
56750  33.262  -13.481  0.908 0.0000000000
56751  32.197  -13.663  0.753 0.0000000000
56752  31.248  -13.930  0.836 0.0000000000
56753  30.451  -13.924  1.140 0.0000000000
56754  45.945  -14.962  -0.141 0.0000000000
56755  45.441  -15.133  -0.191 0.0000000000
56756  44.576  -15.113  -0.046 0.0000000000
57670  32.109  -13.830  3.146 0.0000000000
57684  32.460  -13.155  2.744 0.0000000000
57685  31.398  -13.407  2.281 0.0000000000
57691  36.468  -13.570  2.518 0.0000000000
57692  35.494  -13.683  2.169 0.0000000000
57693  34.535  -13.893  1.750 0.0000000000
57694  31.674  -12.825  1.565 0.0000000000
57695  30.974  -13.334  1.299 0.0000000000
57698  34.779  -13.115  1.273 0.0000000000
57699  34.020  -13.162  0.939 0.0000000000
57700  32.192  -12.533  0.667 0.0000000000
57701  30.922  -13.439  0.904 0.0000000000
57702  46.518  -13.647  -0.912 0.0000000000
57703  46.272  -14.334  -0.285 0.0000000000
57704  44.915  -14.382  -0.525 0.0000000000
57705  33.472  -12.773  0.495 0.0000000000
57706  32.837  -12.638  0.425 0.0000000000
57707  32.741  -12.129  0.406 0.0000000000
57708  46.240  -14.049  -0.766 0.0000000000
57709  45.200  -13.558  -0.948 0.0000000000
57710  46.454  -13.490  -1.200 0.0000000000
57711  46.332  -13.617  -1.118 0.0000000000
57712  45.735  -13.180  -1.468 0.0000000000
58609  33.312  -12.697  2.941 0.0000000000
58620  36.772  -12.642  2.105 0.0000000000
58621  35.682  -12.920  1.671 0.0000000000
58622  32.654  -11.811  1.209 0.0000000000
58623  32.090  -12.333  1.037 0.0000000000
58629  36.599  -12.026  1.302 0.0000000000
58630  35.723  -12.203  0.907 0.0000000000
58631  34.761  -12.353  0.571 0.0000000000
58632  34.015  -12.542  0.447 0.0000000000
58633  32.556  -11.946  0.660 0.0000000000
58634  46.828  -12.849  -0.824 0.0000000000
58635  46.499  -13.439  -0.208 0.0000000000
58638  33.885  -11.764  0.024 0.0000000000
58639  33.266  -12.083  0.198 0.0000000000
58640  46.744  -12.328  -1.199 0.0000000000
58641  46.970  -12.981  -1.179 0.0000000000
58644  46.592  -12.976  -1.218 0.0000000000
58645  46.362  -13.055  -1.337 0.0000000000
59521  37.428  -12.034  1.910 0.0000000000
59522  33.380  -11.108  0.696 0.0000000000
59523  33.385  -11.897  2.215 0.0000000000
59533  37.005  -11.577  1.087 0.0000000000
59534  35.878  -11.623  0.358 0.0000000000
59535  34.601  -11.501  -0.086 0.0000000000
59536  33.338  -11.372  0.119 0.0000000000
59537  32.981  -11.543  0.617 0.0000000000
59542  36.350  -11.116  0.148 0.0000000000
59543  34.992  -10.978  -0.457 0.0000000000
59544  32.945  -11.749  0.309 0.0000000000
59546  47.068  -12.300  -1.097 0.0000000000
59550  46.552  -12.166  -1.565 0.0000000000
59551  46.171  -12.227  -1.670 0.0000000000
59552  45.959  -12.444  -1.622 0.0000000000
60457  34.638  -11.070  2.268 0.0000000000
60469  34.880  -10.516  1.709 0.0000000000
60470  33.907  -10.730  1.056 0.0000000000
60481  37.705  -11.005  1.042 0.0000000000
60482  34.256  -10.341  0.419 0.0000000000
60483  33.632  -10.838  0.159 0.0000000000
60493  37.006  -10.601  0.054 0.0000000000
60494  35.584  -10.595  -0.622 0.0000000000
60495  34.577  -10.249  -0.671 0.0000000000
60496  33.781  -11.135  -0.140 0.0000000000
60501  36.343  -10.206  -0.716 0.0000000000
60502  35.025  -10.036  -1.071 0.0000000000
60503  34.472  -9.629  -0.838 0.0000000000
61422  34.998  -9.637  0.538 0.0000000000
61432  37.557  -10.048  -0.118 0.0000000000
61433  34.721  -9.056  -0.550 0.0000000000
61441  37.948  -9.498  -0.398 0.0000000000
61442  34.762  -9.397  -1.249 0.0000000000
61443  34.478  -9.044  -1.075 0.0000000000
61448  36.429  -9.130  -1.549 0.0000000000
61449  35.277  -8.981  -1.695 0.0000000000
61450  34.659  -8.953  -1.403 0.0000000000
62342  35.458  -8.993  0.352 0.0000000000
62350  35.662  -8.350  0.023 0.0000000000
62351  34.855  -8.479  -0.823 0.0000000000
62364  37.205  -9.347  -1.063 0.0000000000
62365  34.698  -8.566  -1.329 0.0000000000
62370  37.360  -8.740  -1.466 0.0000000000
62371  36.257  -8.560  -1.987 0.0000000000
62372  34.823  -8.570  -1.639 0.0000000000
62378  35.157  -8.163  -2.135 0.0000000000
63241  35.701  -7.676  -0.446 0.0000000000
63251  34.984  -7.873  -1.252 0.0000000000
63259  34.795  -8.000  -1.759 0.0000000000
63267  36.127  -7.855  -2.440 0.0000000000
64064  36.579  -6.801  -0.067 0.0000000000
64074  36.560  -6.080  -0.519 0.0000000000
64075  35.602  -6.921  -1.009 0.0000000000
64082  35.110  -6.513  -1.977 0.0000000000
64089  36.028  -7.091  -2.849 0.0000000000
64090  35.175  -6.607  -2.469 0.0000000000
64931  36.594  -5.394  -0.856 0.0000000000
64932  35.720  -6.057  -1.390 0.0000000000
64943  35.232  -5.243  -2.943 0.0000000000
65820  36.025  -4.990  -1.595 0.0000000000
65828  35.674  -4.209  -2.183 0.0000000000
107233  30.316  -54.511  3.891 0.0000000000
107292  43.993  -17.424  1.476 0.0000000000
107591  23.410  -30.090  5.975 0.0000000000
107673  26.102  -30.949  5.573 0.0000000000
107875  35.315  -5.042  -2.509 0.0000000000
108033  32.612  -30.535  7.359 0.0000000000
108247  24.416  -26.217  7.119 0.0000000000
108263  30.402  -54.312  3.694 0.0000000000
108287  30.921  -44.965  6.050 0.0000000000
108380  24.251  -30.058  5.652 0.0000000000
108506  23.627  -30.786  5.834 0.0000000000
108527  27.676  -53.723  2.204 0.0000000000
108529  36.789  -43.183  7.682 0.0000000000
108551  25.615  -24.775  7.185 0.0000000000
108650  25.487  -24.152  6.828 0.0000000000
108726  24.885  -32.102  5.685 0.0000000000
108750  35.219  -5.890  -2.481 0.0000000000
108786  30.379  -53.741  3.496 0.0000000000
109011  33.634  -52.470  3.081 0.0000000000
109171  27.785  -23.415  7.188 0.0000000000
109175  37.627  -15.446  3.168 0.0000000000
109262  30.912  -29.452  4.436 0.0000000000
109293  35.016  -7.263  -1.714 0.0000000000
109478  37.611  -19.787  2.374 0.0000000000
109603  23.802  -32.930  7.932 0.0000000000
109676  24.506  -49.030  4.782 0.0000000000
109701  39.199  -31.153  3.770 0.0000000000
109711  34.777  -52.848  4.880 0.0000000000
109749  38.259  -17.995  1.859 0.0000000000
109835  25.855  -30.228  5.460 0.0000000000
109868  44.919  -15.955  0.235 0.0000000000
109874  39.190  -46.136  2.972 0.0000000000
109949  39.258  -31.364  3.062 0.0000000000
110012  24.868  -51.219  3.264 0.0000000000
110065  43.390  -30.626  4.105 0.0000000000
110155  27.200  -23.009  6.751 0.0000000000
110156  25.365  -22.636  4.397 0.0000000000
110196  38.495  -23.996  3.199 0.0000000000
110199  34.924  -37.446  4.619 0.0000000000
110409  29.656  -54.474  3.745 0.0000000000
110711  30.195  -27.137  4.451 0.0000000000
110739  33.213  -33.077  7.974 0.0000000000
110742  34.225  -39.873  3.722 0.0000000000
110856  28.082  -30.135  5.329 0.0000000000
111227  40.414  -17.109  1.821 0.0000000000
111304  34.963  -7.306  -2.179 0.0000000000
111358  37.572  -46.282  4.227 0.0000000000
111664  37.630  -28.704  5.887 0.0000000000
111860  24.268  -32.752  5.623 0.0000000000
111881  21.375  -35.568  6.260 0.0000000000
111948  38.958  -42.057  4.423 0.0000000000
111972  37.822  -11.554  1.686 0.0000000000
112085  45.841  -14.242  -0.713 0.0000000000
112118  31.454  -12.916  0.922 0.0000000000
112181  28.740  -52.850  3.136 0.0000000000
112207  26.424  -23.168  4.534 0.0000000000
112264  24.414  -48.042  5.669 0.0000000000
112272  25.248  -28.983  7.506 0.0000000000
112315  24.492  -45.156  5.902 0.0000000000
112321  34.054  -48.153  3.344 0.0000000000
112327  33.081  -30.112  7.284 0.0000000000
112358  31.675  -48.930  4.589 0.0000000000
112399  38.982  -45.211  2.524 0.0000000000
112402  21.767  -37.377  5.958 0.0000000000
112508  25.103  -42.867  5.568 0.0000000000
112520  22.595  -26.672  6.141 0.0000000000
112604  36.432  -42.909  3.084 0.0000000000
112608  30.078  -23.558  5.438 0.0000000000
112762  23.108  -33.037  5.634 0.0000000000
112842  24.503  -33.834  8.301 0.0000000000
112859  24.756  -48.824  5.810 0.0000000000
112868  32.830  -54.979  4.462 0.0000000000
112888  32.346  -31.955  7.759 0.0000000000
112978  31.012  -17.915  2.131 0.0000000000
113083  31.928  -50.519  4.521 0.0000000000
113084  34.308  -9.960  -0.369 0.0000000000
113119  32.044  -42.624  6.017 0.0000000000
113247  35.279  -30.102  3.093 0.0000000000
113299  28.536  -54.067  2.584 0.0000000000
113519  27.183  -16.923  2.795 0.0000000000
113597  30.847  -54.437  6.803 0.0000000000
113607  32.166  -23.395  5.606 0.0000000000
113622  37.416  -19.019  1.968 0.0000000000
113673  31.822  -40.516  4.426 0.0000000000
113740  32.512  -12.363  1.928 0.0000000000
113787  31.437  -23.668  5.632 0.0000000000
113888  26.301  -44.258  5.666 0.0000000000
113945  30.506  -46.858  4.816 0.0000000000
114009  34.633  -46.952  6.475 0.0000000000
114044  23.725  -30.812  7.536 0.0000000000
114056  29.235  -39.232  4.333 0.0000000000
114057  27.731  -43.945  5.895 0.0000000000
114058  24.678  -30.957  7.779 0.0000000000
114072  32.928  -18.671  2.368 0.0000000000
114157  36.479  -38.956  6.137 0.0000000000
114271  27.328  -55.298  4.735 0.0000000000
114273  45.539  -15.588  0.238 0.0000000000
114337  32.540  -29.520  4.352 0.0000000000
114477  30.038  -44.957  6.214 0.0000000000
114507  35.832  -15.142  2.730 0.0000000000
114707  28.702  -44.110  6.182 0.0000000000
114827  30.174  -38.982  4.166 0.0000000000
114830  36.668  -30.534  3.539 0.0000000000
114879  38.520  -19.024  2.041 0.0000000000
114899  33.192  -17.123  2.341 0.0000000000
114917  25.126  -44.567  5.737 0.0000000000
114970  27.842  -49.023  4.338 0.0000000000
115045  40.072  -42.529  6.291 0.0000000000
115158  23.363  -39.285  4.914 0.0000000000
115226  25.793  -20.979  3.920 0.0000000000
115270  36.494  -50.330  2.624 0.0000000000
115359  30.479  -47.890  4.632 0.0000000000
115505  37.922  -46.073  2.456 0.0000000000
115578  42.855  -31.054  4.025 0.0000000000
115651  29.841  -48.022  4.589 0.0000000000
115653  24.897  -37.552  7.140 0.0000000000
115674  30.287  -15.679  1.502 0.0000000000
115675  24.647  -50.603  3.779 0.0000000000
115742  24.219  -45.102  6.662 0.0000000000
115849  35.326  -15.790  2.689 0.0000000000
115962  35.267  -41.952  3.729 0.0000000000
116020  30.843  -41.359  5.291 0.0000000000
116074  38.270  -49.019  2.984 0.0000000000
116171  25.083  -49.634  3.859 0.0000000000
116210  25.412  -21.578  5.757 0.0000000000
116249  25.861  -52.524  2.335 0.0000000000
116339  25.142  -25.612  4.984 0.0000000000
116355  25.755  -34.200  5.695 0.0000000000
116433  24.440  -48.876  5.231 0.0000000000
116440  25.158  -30.348  7.690 0.0000000000
116573  37.046  -9.811  -0.739 0.0000000000
116751  39.463  -18.555  1.897 0.0000000000
116762  38.590  -21.076  2.840 0.0000000000
116949  29.599  -44.162  6.326 0.0000000000
117003  37.172  -50.305  3.929 0.0000000000
117012  28.095  -54.899  2.758 0.0000000000
117014  27.605  -27.093  4.958 0.0000000000
117022  35.363  -34.876  8.205 0.0000000000
117045  33.055  -41.582  5.070 0.0000000000
117058  22.920  -33.886  5.565 0.0000000000
117084  31.629  -13.175  0.736 0.0000000000
117127  28.821  -34.066  7.063 0.0000000000
117420  38.329  -24.921  2.688 0.0000000000
117457  24.874  -39.078  6.619 0.0000000000
117474  30.314  -38.079  4.306 0.0000000000
117502  23.763  -36.017  5.374 0.0000000000
117540  38.296  -40.907  5.225 0.0000000000
117574  37.962  -24.735  2.449 0.0000000000
117656  28.362  -50.476  4.126 0.0000000000
117820  23.340  -23.854  6.054 0.0000000000
117832  30.501  -34.046  7.528 0.0000000000
117844  27.677  -45.538  5.617 0.0000000000
117849  29.893  -24.439  5.630 0.0000000000
117850  31.343  -24.437  5.765 0.0000000000
117866  32.122  -27.975  3.837 0.0000000000
117986  44.311  -15.791  0.390 0.0000000000
118107  27.479  -34.295  6.368 0.0000000000
118113  29.961  -54.453  6.730 0.0000000000
118169  35.934  -9.666  -1.287 0.0000000000
118195  36.040  -41.667  3.382 0.0000000000
118251  24.685  -43.163  5.906 0.0000000000
118344  31.305  -18.722  2.309 0.0000000000
118359  38.443  -48.351  3.232 0.0000000000
118415  33.540  -19.206  2.406 0.0000000000
118444  31.109  -39.171  3.944 0.0000000000
118448  21.991  -34.056  5.679 0.0000000000
118466  33.697  -46.794  3.653 0.0000000000
118640  34.158  -10.670  -0.282 0.0000000000
118767  30.580  -42.603  6.162 0.0000000000
118775  37.276  -50.222  2.805 0.0000000000
118788  24.378  -45.662  6.679 0.0000000000
118827  28.120  -29.537  5.051 0.0000000000
118842  35.850  -18.143  3.318 0.0000000000
118889  24.210  -45.767  6.210 0.0000000000
118985  31.149  -45.525  5.533 0.0000000000
119150  22.340  -32.557  6.014 0.0000000000
119173  38.189  -45.483  2.458 0.0000000000
119179  37.838  -20.623  2.599 0.0000000000
119199  22.039  -36.711  6.766 0.0000000000
119279  36.555  -28.673  5.493 0.0000000000
119292  22.888  -28.064  6.259 0.0000000000
119308  24.636  -36.121  5.261 0.0000000000
119319  35.333  -5.703  -2.018 0.0000000000
119423  33.416  -52.112  7.079 0.0000000000
119434  39.343  -29.294  2.327 0.0000000000
119463  31.043  -50.621  4.719 0.0000000000
119522  33.803  -11.287  1.750 0.0000000000
119559  30.400  -49.781  4.745 0.0000000000
119605  25.649  -56.014  1.085 0.0000000000
119639  30.957  -49.098  4.768 0.0000000000
119642  36.500  -48.608  2.540 0.0000000000
119780  29.737  -14.624  1.567 0.0000000000
119793  36.104  -38.548  3.424 0.0000000000
119848  30.184  -25.313  5.562 0.0000000000
119899  24.819  -34.529  5.474 0.0000000000
119947  34.340  -19.294  2.441 0.0000000000
120025  27.650  -26.389  5.066 0.0000000000
120046  30.576  -32.813  7.549 0.0000000000
120066  39.690  -19.489  2.293 0.0000000000
120105  25.896  -42.264  5.229 0.0000000000
120153  27.383  -38.216  4.450 0.0000000000
120154  28.137  -38.165  4.462 0.0000000000
120183  34.745  -22.414  4.823 0.0000000000
120301  23.333  -38.279  6.683 0.0000000000
120437  24.394  -21.652  4.704 0.0000000000
120440  29.859  -21.039  3.475 0.0000000000
120496  35.464  -29.298  3.045 0.0000000000
120511  32.687  -37.375  4.564 0.0000000000
120580  34.126  -24.779  5.956 0.0000000000
120591  25.097  -21.147  4.264 0.0000000000
120746  24.989  -57.016  0.695 0.0000000000
120812  40.364  -18.552  1.889 0.0000000000
120861  38.002  -29.259  2.461 0.0000000000
121131  29.609  -40.605  4.478 0.0000000000
121133  33.742  -19.905  2.551 0.0000000000
121168  38.493  -42.413  5.094 0.0000000000
121241  32.638  -40.526  4.378 0.0000000000
121252  35.723  -28.571  5.550 0.0000000000
121330  30.714  -26.519  4.924 0.0000000000
121354  27.323  -21.484  5.906 0.0000000000
121424  26.755  -40.472  4.406 0.0000000000
121436  32.307  -53.550  8.280 0.0000000000
121486  25.130  -35.430  5.324 0.0000000000
121525  28.029  -46.336  5.270 0.0000000000
121530  23.868  -57.378  0.349 0.0000000000
121551  30.469  -34.735  7.327 0.0000000000
121568  26.328  -47.517  4.655 0.0000000000
121599  30.198  -28.045  4.083 0.0000000000
121658  37.786  -48.760  2.647 0.0000000000
121677  23.844  -39.697  4.696 0.0000000000
121687  26.094  -42.918  5.457 0.0000000000
121724  25.975  -38.548  4.488 0.0000000000
121750  37.948  -23.978  2.404 0.0000000000
121765  26.778  -39.688  4.366 0.0000000000
121794  26.334  -56.099  2.808 0.0000000000
121820  35.547  -6.184  -2.985 0.0000000000
121861  42.537  -16.589  1.331 0.0000000000
121938  45.850  -13.552  -1.219 0.0000000000
121955  29.754  -37.547  4.587 0.0000000000
122028  26.686  -35.651  5.268 0.0000000000
122140  24.930  -37.469  4.853 0.0000000000
122197  27.754  -36.883  4.748 0.0000000000
122210  35.006  -37.622  4.042 0.0000000000
122305  26.922  -24.870  7.756 0.0000000000
122374  44.612  -16.554  1.951 0.0000000000
122539  34.764  -18.111  2.643 0.0000000000
122575  23.483  -56.134  0.602 0.0000000000
122587  28.404  -43.413  5.923 0.0000000000
122635  24.168  -23.918  6.434 0.0000000000
122648  27.773  -25.176  5.254 0.0000000000
122700  27.404  -23.577  4.814 0.0000000000
122715  30.631  -52.710  3.881 0.0000000000
122721  35.377  -14.398  2.407 0.0000000000
122850  22.875  -27.072  5.859 0.0000000000
122973  34.095  -16.954  2.529 0.0000000000
123059  36.299  -19.855  2.593 0.0000000000
123086  23.840  -53.819  1.641 0.0000000000
123109  32.363  -13.056  0.545 0.0000000000
123153  23.997  -40.317  4.676 0.0000000000
123156  38.772  -42.531  6.325 0.0000000000
123391  24.079  -31.933  5.694 0.0000000000
123476  38.853  -29.904  5.095 0.0000000000
123501  34.595  -28.808  5.440 0.0000000000
123651  31.605  -25.112  5.772 0.0000000000
123681  27.337  -26.923  7.929 0.0000000000
123729  36.672  -42.899  6.844 0.0000000000
123748  31.107  -15.670  3.814 0.0000000000
123754  24.700  -48.210  6.124 0.0000000000
123782  21.359  -35.755  6.062 0.0000000000
123783  28.499  -25.217  5.365 0.0000000000
123913  46.109  -14.775  0.426 0.0000000000
124014  25.844  -28.552  5.344 0.0000000000
124080  32.972  -14.250  1.253 0.0000000000
124129  34.641  -45.603  3.374 0.0000000000
124132  35.175  -10.066  1.355 0.0000000000
124214  38.165  -25.488  2.505 0.0000000000
124259  38.007  -23.013  2.433 0.0000000000
124274  26.702  -17.481  2.941 0.0000000000
124313  34.358  -49.975  6.647 0.0000000000
124351  31.282  -16.578  1.805 0.0000000000
124362  23.236  -40.353  5.625 0.0000000000
124733  24.214  -55.148  0.781 0.0000000000
124819  25.203  -26.595  7.451 0.0000000000
124912  33.331  -48.439  3.727 0.0000000000
124982  29.424  -21.529  3.934 0.0000000000
125032  30.280  -50.696  4.605 0.0000000000
125201  35.454  -7.497  -2.460 0.0000000000
125216  34.847  -37.081  5.705 0.0000000000
125347  36.957  -18.864  1.919 0.0000000000
125565  22.934  -37.354  5.405 0.0000000000
125579  23.630  -39.348  6.439 0.0000000000
125629  32.698  -36.264  6.885 0.0000000000
125679  22.574  -38.029  5.509 0.0000000000
125830  22.599  -25.239  5.936 0.0000000000
125970  30.114  -20.441  3.057 0.0000000000
126038  28.701  -48.951  4.485 0.0000000000
126067  34.288  -20.381  2.893 0.0000000000
126133  22.754  -31.616  6.249 0.0000000000
126144  33.082  -34.251  7.761 0.0000000000
126201  27.135  -46.710  5.051 0.0000000000
126290  25.420  -29.122  5.434 0.0000000000
126471  34.518  -34.869  7.666 0.0000000000
126510  25.746  -25.155  4.862 0.0000000000
126591  35.156  -52.157  4.849 0.0000000000
126602  37.694  -47.233  2.498 0.0000000000
126621  25.451  -22.098  6.084 0.0000000000
126623  25.695  -33.602  5.837 0.0000000000
126632  35.288  -6.713  -1.569 0.0000000000
126682  37.689  -26.530  2.741 0.0000000000
126759  35.188  -4.801  -2.915 0.0000000000
126850  24.653  -37.166  7.332 0.0000000000
126855  22.042  -34.250  7.287 0.0000000000
126878  23.870  -28.104  7.224 0.0000000000
126884  25.591  -34.928  5.442 0.0000000000
126894  24.366  -32.586  8.138 0.0000000000
126943  33.181  -11.449  1.282 0.0000000000
126987  25.159  -32.771  5.746 0.0000000000
127054  39.829  -20.094  2.668 0.0000000000
127093  26.739  -25.161  5.052 0.0000000000
127165  29.018  -39.826  4.330 0.0000000000
127174  35.362  -6.961  -2.611 0.0000000000
127177  30.537  -47.394  4.659 0.0000000000
127218  43.591  -17.786  2.355 0.0000000000
127318  30.434  -20.831  3.277 0.0000000000
127329  45.089  -16.528  1.291 0.0000000000
127350  29.832  -54.512  6.020 0.0000000000
127357  27.233  -46.109  5.346 0.0000000000
127406  34.480  -38.423  3.602 0.0000000000
127427  38.555  -22.283  3.168 0.0000000000
127429  36.201  -49.357  2.556 0.0000000000
127567  22.762  -26.673  6.319 0.0000000000
127662  28.139  -33.943  6.779 0.0000000000
127700  27.294  -49.352  4.151 0.0000000000
127716  32.757  -23.174  5.566 0.0000000000
127737  23.292  -34.166  7.802 0.0000000000
127772  31.094  -22.352  4.918 0.0000000000
127825  27.246  -39.010  4.407 0.0000000000
127833  34.602  -9.497  -0.296 0.0000000000
127943  32.414  -19.022  2.372 0.0000000000
127963  28.872  -27.450  4.558 0.0000000000
128017  38.001  -48.109  3.765 0.0000000000
128018  31.667  -39.746  3.994 0.0000000000
128089  25.051  -36.494  5.111 0.0000000000
128123  24.895  -24.052  6.635 0.0000000000
128180  30.494  -37.496  4.607 0.0000000000
128285  23.963  -33.524  8.069 0.0000000000
128398  26.600  -52.368  2.523 0.0000000000
128483  28.012  -55.096  3.021 0.0000000000
128627  37.613  -17.767  2.118 0.0000000000
128696  44.205  -16.428  0.701 0.0000000000
128734  38.763  -30.685  2.620 0.0000000000
128768  27.890  -16.419  2.387 0.0000000000
128867  27.018  -44.095  5.723 0.0000000000
129134  32.425  -27.537  4.199 0.0000000000
129142  26.235  -26.960  5.263 0.0000000000
129205  29.652  -28.402  4.214 0.0000000000
129243  46.506  -13.429  -1.300 0.0000000000
129307  24.846  -23.965  4.605 0.0000000000
129309  37.382  -39.440  4.497 0.0000000000
129378  21.569  -36.948  6.059 0.0000000000
