#!ascii label , from subject sub-10 vox2ras=TkReg rh ROI=ITG coords=white from=aparc.a2009s:G_temporal_inf
2127
26320  50.275  -46.673  14.545 0.0000000000
26341  49.671  -46.760  14.584 0.0000000000
27163  51.320  -45.917  14.993 0.0000000000
27174  51.434  -45.818  14.250 0.0000000000
27175  50.847  -46.454  14.635 0.0000000000
27197  51.523  -45.447  13.717 0.0000000000
27198  50.924  -46.254  13.967 0.0000000000
27199  50.160  -46.220  14.053 0.0000000000
27200  49.332  -46.333  14.510 0.0000000000
27949  52.211  -44.339  15.069 0.0000000000
27950  51.908  -45.197  14.626 0.0000000000
27966  52.459  -44.457  14.412 0.0000000000
27984  52.078  -45.102  13.954 0.0000000000
27985  50.787  -44.705  13.393 0.0000000000
27986  50.158  -45.120  13.794 0.0000000000
27987  49.342  -45.439  14.349 0.0000000000
28004  52.010  -44.666  13.508 0.0000000000
28005  51.384  -44.751  13.334 0.0000000000
28828  52.480  -43.599  15.324 0.0000000000
28844  52.868  -43.802  14.901 0.0000000000
28858  52.888  -43.756  14.310 0.0000000000
28859  51.140  -43.995  13.234 0.0000000000
28860  50.177  -43.904  13.760 0.0000000000
28861  49.338  -44.316  14.352 0.0000000000
28874  52.439  -44.310  13.794 0.0000000000
28875  52.251  -44.051  13.433 0.0000000000
28876  51.845  -44.089  13.238 0.0000000000
29783  53.705  -42.442  15.521 0.0000000000
29784  53.116  -43.144  15.368 0.0000000000
29798  53.674  -42.532  14.836 0.0000000000
29799  53.342  -43.181  14.871 0.0000000000
29813  53.361  -42.268  14.281 0.0000000000
29814  53.232  -43.074  14.232 0.0000000000
29815  50.696  -42.947  13.611 0.0000000000
29816  49.836  -42.902  14.128 0.0000000000
29817  49.234  -43.281  14.487 0.0000000000
29826  52.653  -43.592  13.722 0.0000000000
29827  52.252  -43.494  13.401 0.0000000000
29828  51.649  -43.346  13.295 0.0000000000
29905  45.598  -42.722  4.167 0.0000000000
29906  45.130  -43.908  4.749 0.0000000000
29921  44.974  -43.825  4.337 0.0000000000
30756  54.631  -41.363  16.042 0.0000000000
30757  54.351  -41.853  16.216 0.0000000000
30767  54.102  -41.925  15.363 0.0000000000
30779  52.592  -42.051  13.823 0.0000000000
30780  51.698  -41.831  13.739 0.0000000000
30781  50.772  -41.859  13.906 0.0000000000
30782  49.911  -42.061  14.227 0.0000000000
30783  49.128  -42.315  14.614 0.0000000000
30790  52.753  -42.879  13.704 0.0000000000
30791  52.161  -42.726  13.459 0.0000000000
30792  51.420  -42.540  13.533 0.0000000000
30861  45.102  -43.374  5.542 0.0000000000
30862  44.402  -42.512  6.419 0.0000000000
30869  45.819  -42.603  4.948 0.0000000000
30885  46.063  -41.910  3.724 0.0000000000
30886  45.846  -42.062  3.692 0.0000000000
30900  46.044  -41.315  3.498 0.0000000000
31714  54.663  -40.869  16.034 0.0000000000
31724  54.198  -41.277  15.456 0.0000000000
31725  53.463  -40.912  14.971 0.0000000000
31726  52.469  -40.501  14.687 0.0000000000
31739  53.780  -41.725  14.827 0.0000000000
31740  53.036  -41.433  14.360 0.0000000000
31741  52.065  -41.098  14.107 0.0000000000
31742  51.029  -40.960  14.127 0.0000000000
31743  49.973  -41.015  14.357 0.0000000000
31744  48.516  -40.781  14.949 0.0000000000
31745  47.850  -40.111  15.051 0.0000000000
31805  44.229  -40.963  6.656 0.0000000000
31806  43.434  -41.618  7.151 0.0000000000
31815  45.468  -41.156  5.718 0.0000000000
31816  45.152  -42.199  5.860 0.0000000000
31823  46.483  -40.533  4.117 0.0000000000
31824  46.240  -41.763  4.278 0.0000000000
31831  46.352  -40.253  3.749 0.0000000000
31832  46.246  -41.157  3.728 0.0000000000
31846  46.148  -40.431  3.532 0.0000000000
32684  54.169  -40.048  16.324 0.0000000000
32685  53.194  -39.610  16.089 0.0000000000
32699  53.793  -40.454  15.677 0.0000000000
32700  52.858  -40.031  15.367 0.0000000000
32701  51.963  -39.617  15.082 0.0000000000
32702  51.243  -39.205  14.878 0.0000000000
32715  51.358  -40.053  14.493 0.0000000000
32716  50.444  -39.100  14.568 0.0000000000
32717  49.434  -39.390  14.427 0.0000000000
32718  48.332  -39.474  14.481 0.0000000000
32719  47.371  -39.395  14.640 0.0000000000
32768  48.525  -39.375  9.720 0.0000000000
32769  47.963  -39.238  9.745 0.0000000000
32780  51.739  -39.613  8.659 0.0000000000
32781  50.156  -39.792  8.864 0.0000000000
32782  49.301  -39.569  9.256 0.0000000000
32783  48.670  -39.343  9.249 0.0000000000
32788  52.179  -39.500  8.347 0.0000000000
32789  51.487  -39.815  8.159 0.0000000000
32790  50.188  -39.680  8.454 0.0000000000
32791  49.365  -39.555  8.857 0.0000000000
32798  51.743  -39.566  7.851 0.0000000000
32799  50.981  -39.832  7.908 0.0000000000
32800  43.671  -39.574  7.174 0.0000000000
32811  45.956  -39.431  5.307 0.0000000000
32812  45.337  -39.767  5.876 0.0000000000
32813  44.542  -39.857  6.524 0.0000000000
32820  46.537  -39.311  3.895 0.0000000000
32821  46.430  -39.524  4.521 0.0000000000
32842  46.287  -39.527  3.618 0.0000000000
32843  46.082  -39.584  3.433 0.0000000000
32844  45.818  -40.327  3.433 0.0000000000
33664  52.323  -39.218  15.778 0.0000000000
33665  51.550  -38.867  15.445 0.0000000000
33666  50.819  -38.523  15.068 0.0000000000
33678  50.064  -38.178  14.669 0.0000000000
33679  49.357  -37.912  14.161 0.0000000000
33680  47.791  -38.884  13.954 0.0000000000
33681  46.873  -38.801  14.127 0.0000000000
33695  48.684  -38.348  13.639 0.0000000000
33696  47.772  -38.546  12.937 0.0000000000
33697  47.029  -38.499  13.126 0.0000000000
33698  46.520  -38.254  13.497 0.0000000000
33699  45.911  -37.901  13.911 0.0000000000
33715  47.719  -38.757  11.954 0.0000000000
33716  47.188  -38.624  11.997 0.0000000000
33717  46.742  -38.256  12.275 0.0000000000
33730  48.741  -39.140  10.579 0.0000000000
33731  47.483  -38.985  11.187 0.0000000000
33732  47.061  -38.604  11.270 0.0000000000
33739  49.968  -39.615  9.365 0.0000000000
33740  49.381  -39.347  9.912 0.0000000000
33741  48.072  -39.293  10.413 0.0000000000
33742  47.425  -38.901  10.469 0.0000000000
33750  54.265  -37.931  9.621 0.0000000000
33751  53.516  -38.657  9.124 0.0000000000
33752  52.680  -39.235  8.856 0.0000000000
33753  50.941  -39.635  9.121 0.0000000000
33754  48.244  -38.930  9.205 0.0000000000
33755  47.648  -38.745  9.760 0.0000000000
33763  52.813  -39.133  8.593 0.0000000000
33764  50.496  -39.269  7.880 0.0000000000
33765  49.496  -39.186  8.414 0.0000000000
33766  48.690  -38.753  8.810 0.0000000000
33776  53.129  -38.701  8.428 0.0000000000
33777  52.480  -39.157  7.986 0.0000000000
33778  52.014  -38.989  7.541 0.0000000000
33779  51.281  -39.158  7.585 0.0000000000
33780  43.946  -38.008  7.315 0.0000000000
33793  45.360  -38.621  5.971 0.0000000000
33794  44.558  -38.244  6.724 0.0000000000
33795  44.093  -38.864  6.960 0.0000000000
33799  46.716  -38.465  4.174 0.0000000000
33800  46.331  -38.574  5.059 0.0000000000
33807  46.698  -38.286  3.904 0.0000000000
33822  46.469  -38.628  3.713 0.0000000000
33823  46.227  -38.921  3.527 0.0000000000
33824  45.932  -38.812  3.410 0.0000000000
34601  45.305  -37.518  14.346 0.0000000000
34615  49.049  -37.576  13.526 0.0000000000
34616  48.603  -38.085  13.092 0.0000000000
34617  46.233  -37.714  13.011 0.0000000000
34618  45.562  -37.133  13.512 0.0000000000
34633  48.966  -37.451  12.825 0.0000000000
34634  48.431  -38.372  12.277 0.0000000000
34635  46.425  -37.587  12.188 0.0000000000
34636  45.984  -37.131  12.771 0.0000000000
34644  49.690  -37.495  11.235 0.0000000000
34645  48.921  -38.455  11.369 0.0000000000
34646  48.143  -38.988  11.297 0.0000000000
34647  46.997  -38.445  10.851 0.0000000000
34655  54.781  -37.596  10.302 0.0000000000
34656  54.128  -38.040  10.074 0.0000000000
34657  52.985  -37.982  9.924 0.0000000000
34658  51.306  -38.628  9.666 0.0000000000
34659  49.578  -38.554  10.581 0.0000000000
34660  47.693  -37.839  9.811 0.0000000000
34661  47.241  -38.265  10.343 0.0000000000
34671  54.695  -37.604  10.243 0.0000000000
34672  54.225  -38.003  9.840 0.0000000000
34673  53.299  -38.638  9.392 0.0000000000
34674  52.146  -39.239  9.143 0.0000000000
34675  48.714  -37.718  9.007 0.0000000000
34676  48.151  -38.324  9.322 0.0000000000
34684  53.808  -38.189  8.841 0.0000000000
34685  50.191  -38.291  7.977 0.0000000000
34697  53.237  -37.960  8.109 0.0000000000
34698  52.565  -38.256  7.603 0.0000000000
34699  51.736  -38.221  7.290 0.0000000000
34700  50.977  -38.325  7.477 0.0000000000
34701  44.512  -37.304  7.092 0.0000000000
34716  45.888  -37.732  5.691 0.0000000000
34717  45.093  -37.759  6.437 0.0000000000
34724  46.952  -37.613  3.998 0.0000000000
34725  46.813  -37.583  4.528 0.0000000000
34738  46.665  -37.846  3.744 0.0000000000
34739  45.852  -37.567  3.553 0.0000000000
34756  46.293  -38.185  3.538 0.0000000000
34757  45.722  -38.153  3.508 0.0000000000
35525  44.970  -36.802  14.166 0.0000000000
35538  49.197  -36.752  13.421 0.0000000000
35539  45.145  -36.201  13.641 0.0000000000
35540  44.666  -36.082  14.135 0.0000000000
35555  49.377  -36.393  12.663 0.0000000000
35556  46.256  -36.489  12.307 0.0000000000
35557  45.669  -36.323  13.022 0.0000000000
35564  55.319  -36.833  11.071 0.0000000000
35565  54.767  -36.968  11.033 0.0000000000
35566  50.341  -36.604  11.122 0.0000000000
35567  49.720  -36.515  11.802 0.0000000000
35568  47.054  -36.639  11.154 0.0000000000
35569  46.621  -37.216  11.569 0.0000000000
35579  55.098  -37.095  10.823 0.0000000000
35580  54.977  -37.321  10.662 0.0000000000
35581  54.577  -37.496  10.517 0.0000000000
35582  53.494  -37.315  10.411 0.0000000000
35583  52.277  -36.858  10.351 0.0000000000
35584  51.207  -36.637  10.586 0.0000000000
35585  47.443  -37.036  10.447 0.0000000000
35598  55.035  -37.217  10.433 0.0000000000
35599  54.809  -37.300  9.834 0.0000000000
35600  48.756  -36.684  9.398 0.0000000000
35601  48.131  -36.745  9.901 0.0000000000
35610  54.264  -37.358  9.119 0.0000000000
35611  53.578  -37.207  8.283 0.0000000000
35612  50.059  -37.108  8.284 0.0000000000
35613  49.357  -36.882  8.844 0.0000000000
35628  52.886  -37.143  7.505 0.0000000000
35629  52.199  -37.195  7.078 0.0000000000
35630  51.544  -37.269  7.219 0.0000000000
35631  50.830  -37.274  7.636 0.0000000000
35632  46.271  -36.112  6.250 0.0000000000
35633  44.953  -36.319  7.261 0.0000000000
35644  47.283  -36.335  4.747 0.0000000000
35645  46.488  -36.980  5.433 0.0000000000
35646  45.454  -37.018  6.415 0.0000000000
35658  47.260  -36.673  3.965 0.0000000000
35675  46.980  -36.908  3.766 0.0000000000
35676  46.474  -36.876  3.648 0.0000000000
35687  46.563  -37.533  3.648 0.0000000000
36500  44.751  -35.374  13.791 0.0000000000
36514  56.267  -35.713  12.117 0.0000000000
36515  56.076  -35.894  12.131 0.0000000000
36516  55.452  -35.787  12.106 0.0000000000
36518  49.775  -35.656  12.187 0.0000000000
36519  45.928  -35.353  12.705 0.0000000000
36520  45.325  -35.357  13.282 0.0000000000
36532  56.071  -35.930  11.551 0.0000000000
36533  55.920  -36.117  11.764 0.0000000000
36534  55.739  -36.250  11.542 0.0000000000
36535  53.766  -35.922  11.237 0.0000000000
36536  52.471  -35.328  11.138 0.0000000000
36537  51.428  -35.137  11.275 0.0000000000
36538  50.869  -35.804  11.112 0.0000000000
36539  50.200  -35.899  11.581 0.0000000000
36541  46.547  -35.326  12.113 0.0000000000
36557  55.844  -35.957  10.925 0.0000000000
36558  53.891  -36.794  10.808 0.0000000000
36559  52.884  -36.241  10.711 0.0000000000
36560  51.793  -35.879  10.752 0.0000000000
36561  48.005  -35.816  10.432 0.0000000000
36562  47.505  -35.946  10.875 0.0000000000
36579  55.418  -36.602  10.699 0.0000000000
36580  55.172  -36.287  9.969 0.0000000000
36581  49.420  -35.764  9.308 0.0000000000
36582  48.737  -35.499  9.946 0.0000000000
36595  54.629  -35.192  9.396 0.0000000000
36596  53.855  -36.225  8.474 0.0000000000
36597  50.651  -36.158  8.064 0.0000000000
36598  49.993  -36.010  8.691 0.0000000000
36614  53.414  -35.272  7.624 0.0000000000
36615  52.603  -35.887  6.942 0.0000000000
36616  52.005  -35.362  6.661 0.0000000000
36617  51.459  -36.105  7.265 0.0000000000
36618  46.751  -34.996  6.568 0.0000000000
36633  53.011  -34.817  6.691 0.0000000000
36634  52.528  -34.668  6.485 0.0000000000
36635  47.951  -34.301  5.473 0.0000000000
36636  47.527  -35.366  5.214 0.0000000000
36649  48.191  -34.446  4.135 0.0000000000
36650  47.686  -35.374  3.958 0.0000000000
36651  46.425  -35.205  3.959 0.0000000000
36662  48.018  -34.346  3.564 0.0000000000
36663  47.755  -34.641  3.646 0.0000000000
36664  47.104  -35.716  3.654 0.0000000000
37515  56.737  -34.305  14.050 0.0000000000
37528  57.454  -34.058  14.022 0.0000000000
37529  56.988  -34.821  13.300 0.0000000000
37530  56.267  -34.807  13.352 0.0000000000
37531  55.181  -34.466  13.295 0.0000000000
37532  54.077  -34.055  13.066 0.0000000000
37547  57.311  -34.459  13.201 0.0000000000
37548  56.761  -35.114  12.596 0.0000000000
37549  55.850  -35.330  12.712 0.0000000000
37550  54.755  -34.866  12.559 0.0000000000
37551  53.624  -34.425  12.338 0.0000000000
37571  57.052  -34.461  12.248 0.0000000000
37572  56.526  -35.166  11.705 0.0000000000
37573  54.288  -35.296  11.875 0.0000000000
37574  53.104  -34.828  11.640 0.0000000000
37593  56.117  -34.488  10.902 0.0000000000
37594  55.664  -34.931  10.477 0.0000000000
37612  55.134  -35.043  9.925 0.0000000000
37613  54.625  -34.361  9.496 0.0000000000
37614  49.997  -33.770  9.129 0.0000000000
37615  49.426  -34.526  9.624 0.0000000000
37630  54.153  -34.444  8.940 0.0000000000
37631  53.685  -34.397  8.127 0.0000000000
37632  51.196  -33.983  7.688 0.0000000000
37633  50.552  -34.375  8.495 0.0000000000
37634  50.020  -34.950  9.027 0.0000000000
37647  53.309  -34.282  7.033 0.0000000000
37648  51.669  -34.793  6.946 0.0000000000
37649  51.007  -35.138  7.837 0.0000000000
37650  48.429  -33.272  5.468 0.0000000000
37664  52.954  -34.088  6.345 0.0000000000
37665  52.529  -33.925  6.212 0.0000000000
37666  52.106  -34.293  6.357 0.0000000000
37667  48.550  -33.321  4.136 0.0000000000
37668  46.042  -33.967  5.126 0.0000000000
37675  48.209  -33.610  3.454 0.0000000000
37676  47.833  -33.493  3.381 0.0000000000
37677  46.818  -34.166  3.944 0.0000000000
37684  48.045  -33.882  3.368 0.0000000000
37685  47.999  -33.856  3.355 0.0000000000
37686  47.508  -34.438  3.612 0.0000000000
38461  57.687  -32.856  15.146 0.0000000000
38462  57.145  -33.111  15.370 0.0000000000
38463  56.327  -33.253  15.279 0.0000000000
38464  55.461  -33.416  14.822 0.0000000000
38471  58.259  -33.130  14.019 0.0000000000
38472  57.671  -33.398  14.751 0.0000000000
38473  57.028  -33.697  14.751 0.0000000000
38474  54.506  -33.150  14.758 0.0000000000
38483  57.817  -33.709  13.676 0.0000000000
38484  54.465  -33.675  13.919 0.0000000000
38497  57.532  -33.719  12.775 0.0000000000
38518  56.935  -33.382  11.746 0.0000000000
38536  56.006  -33.476  10.796 0.0000000000
38537  55.615  -34.004  10.470 0.0000000000
38554  55.120  -34.079  9.998 0.0000000000
38555  54.144  -33.943  9.090 0.0000000000
38556  54.062  -33.500  9.305 0.0000000000
38575  53.647  -33.547  8.429 0.0000000000
38576  50.547  -33.271  8.368 0.0000000000
38577  49.818  -32.661  8.851 0.0000000000
38593  53.443  -33.634  7.485 0.0000000000
38594  51.820  -33.653  6.557 0.0000000000
38595  51.217  -32.844  7.323 0.0000000000
38606  53.156  -33.621  6.568 0.0000000000
38607  52.795  -33.404  6.181 0.0000000000
38608  52.258  -33.396  6.154 0.0000000000
38609  48.808  -32.236  4.367 0.0000000000
38610  46.505  -33.073  5.256 0.0000000000
38617  48.196  -32.644  3.602 0.0000000000
38618  48.011  -32.860  3.316 0.0000000000
38619  47.378  -33.216  3.908 0.0000000000
38626  48.062  -33.293  3.270 0.0000000000
39406  55.725  -32.084  16.444 0.0000000000
39415  57.479  -32.292  15.211 0.0000000000
39416  57.021  -32.531  15.542 0.0000000000
39417  56.392  -32.583  15.804 0.0000000000
39429  58.400  -32.505  14.136 0.0000000000
39430  58.157  -33.027  14.586 0.0000000000
39440  58.405  -31.961  13.506 0.0000000000
39441  58.044  -32.897  13.288 0.0000000000
39450  57.469  -32.848  12.366 0.0000000000
39463  57.053  -32.352  11.659 0.0000000000
39464  56.376  -32.805  11.150 0.0000000000
39481  55.840  -32.644  10.788 0.0000000000
39482  55.411  -33.376  10.385 0.0000000000
39483  54.400  -32.925  10.000 0.0000000000
39484  53.470  -32.629  9.867 0.0000000000
39485  52.476  -32.128  9.841 0.0000000000
39501  54.828  -33.436  9.953 0.0000000000
39502  53.662  -33.043  9.275 0.0000000000
39503  52.963  -32.516  8.763 0.0000000000
39519  53.437  -33.039  8.426 0.0000000000
39520  52.905  -32.301  7.448 0.0000000000
39521  50.412  -32.274  7.852 0.0000000000
39522  49.643  -31.885  7.995 0.0000000000
39536  53.250  -32.902  7.334 0.0000000000
39537  52.597  -32.111  6.516 0.0000000000
39538  51.932  -32.497  6.204 0.0000000000
39539  51.140  -31.796  6.764 0.0000000000
39540  49.291  -31.220  5.561 0.0000000000
39541  49.135  -31.519  4.910 0.0000000000
39542  47.118  -31.779  5.956 0.0000000000
39552  53.047  -32.990  6.512 0.0000000000
39553  52.469  -32.690  6.175 0.0000000000
39554  52.097  -31.746  6.215 0.0000000000
39555  49.101  -31.124  4.938 0.0000000000
39556  48.618  -31.829  4.206 0.0000000000
39557  47.949  -31.664  4.538 0.0000000000
39558  46.881  -32.334  5.541 0.0000000000
39565  47.892  -32.239  3.901 0.0000000000
40352  56.856  -31.815  15.466 0.0000000000
40353  56.193  -32.054  16.213 0.0000000000
40361  58.511  -31.627  14.099 0.0000000000
40362  58.077  -32.247  14.668 0.0000000000
40363  57.603  -31.652  14.816 0.0000000000
40367  58.565  -31.042  13.597 0.0000000000
40374  58.430  -30.989  12.859 0.0000000000
40375  57.838  -31.906  12.470 0.0000000000
40389  57.260  -31.436  11.632 0.0000000000
40390  56.443  -31.900  11.232 0.0000000000
40391  55.579  -31.615  11.061 0.0000000000
40392  54.588  -31.698  11.114 0.0000000000
40393  53.474  -31.741  11.282 0.0000000000
40394  52.342  -31.666  11.142 0.0000000000
40395  51.340  -31.231  11.220 0.0000000000
40396  50.493  -30.868  10.836 0.0000000000
40410  55.025  -32.282  10.550 0.0000000000
40411  54.061  -32.283  10.550 0.0000000000
40412  51.615  -31.544  10.331 0.0000000000
40424  52.389  -31.824  8.612 0.0000000000
40425  51.749  -31.436  9.049 0.0000000000
40426  50.958  -30.970  9.615 0.0000000000
40437  52.439  -31.398  6.805 0.0000000000
40438  52.085  -31.035  7.587 0.0000000000
40439  50.354  -31.449  6.840 0.0000000000
40440  49.837  -31.244  6.454 0.0000000000
40453  52.099  -31.127  6.295 0.0000000000
40454  51.714  -31.418  6.256 0.0000000000
40455  50.978  -30.811  6.208 0.0000000000
40456  50.056  -30.448  5.734 0.0000000000
40457  49.407  -30.602  5.395 0.0000000000
40458  48.453  -30.795  5.567 0.0000000000
40459  47.349  -31.205  6.401 0.0000000000
40466  51.593  -30.850  6.241 0.0000000000
40467  50.603  -30.207  5.971 0.0000000000
40468  49.683  -30.289  5.476 0.0000000000
40469  49.298  -30.517  5.424 0.0000000000
40470  48.259  -31.385  4.893 0.0000000000
41326  55.878  -31.373  16.192 0.0000000000
41341  58.543  -30.704  13.931 0.0000000000
41342  58.088  -30.493  14.222 0.0000000000
41343  57.191  -31.006  14.648 0.0000000000
41344  56.260  -30.783  14.986 0.0000000000
41351  58.670  -30.111  13.261 0.0000000000
41356  58.290  -30.062  12.210 0.0000000000
41357  57.921  -30.968  12.119 0.0000000000
41358  54.322  -30.254  12.233 0.0000000000
41359  53.264  -30.380  12.398 0.0000000000
41360  52.246  -30.363  12.430 0.0000000000
41361  51.367  -30.247  12.368 0.0000000000
41362  50.569  -30.009  12.328 0.0000000000
41374  57.469  -30.613  11.622 0.0000000000
41375  56.867  -30.406  11.361 0.0000000000
41376  56.030  -30.667  11.316 0.0000000000
41377  55.019  -30.905  11.559 0.0000000000
41378  53.926  -31.094  11.906 0.0000000000
41379  52.816  -31.134  11.975 0.0000000000
41380  51.784  -30.962  11.941 0.0000000000
41381  50.881  -30.669  11.831 0.0000000000
41382  49.930  -30.264  11.701 0.0000000000
41398  49.589  -30.332  10.665 0.0000000000
41411  51.333  -30.564  8.163 0.0000000000
41412  50.123  -30.438  9.656 0.0000000000
41424  51.977  -30.671  6.556 0.0000000000
41425  51.564  -30.164  7.111 0.0000000000
41426  50.000  -29.842  8.573 0.0000000000
41427  47.872  -29.931  7.518 0.0000000000
41440  51.558  -30.331  6.429 0.0000000000
41441  51.109  -29.890  6.455 0.0000000000
41442  49.315  -30.014  5.776 0.0000000000
41443  48.537  -30.238  6.296 0.0000000000
41444  47.605  -30.590  6.937 0.0000000000
41450  51.709  -30.623  6.298 0.0000000000
41451  51.185  -30.292  6.192 0.0000000000
41452  50.435  -29.935  5.811 0.0000000000
41453  49.877  -29.957  5.541 0.0000000000
42303  58.459  -29.749  13.711 0.0000000000
42304  58.120  -29.591  14.010 0.0000000000
42305  57.059  -30.018  14.304 0.0000000000
42306  55.787  -29.820  14.625 0.0000000000
42314  58.714  -29.121  13.316 0.0000000000
42315  58.406  -28.824  13.662 0.0000000000
42321  58.696  -29.394  12.775 0.0000000000
42322  55.337  -29.056  12.143 0.0000000000
42323  54.617  -29.346  12.340 0.0000000000
42324  53.654  -29.515  12.549 0.0000000000
42325  52.658  -29.587  12.668 0.0000000000
42326  51.754  -29.630  12.668 0.0000000000
42327  50.499  -29.295  12.593 0.0000000000
42328  49.822  -29.587  12.327 0.0000000000
42329  48.996  -29.081  12.294 0.0000000000
42343  58.433  -29.183  12.221 0.0000000000
42344  57.977  -29.124  11.696 0.0000000000
42345  57.274  -29.581  11.470 0.0000000000
42346  56.208  -29.015  11.719 0.0000000000
42347  55.484  -29.890  11.844 0.0000000000
42348  49.203  -29.976  11.321 0.0000000000
42349  48.505  -29.491  11.482 0.0000000000
42364  48.817  -29.818  10.506 0.0000000000
42377  49.353  -29.927  9.549 0.0000000000
42378  48.597  -29.477  9.378 0.0000000000
42392  49.887  -29.522  7.610 0.0000000000
42393  49.231  -29.458  7.670 0.0000000000
42394  48.011  -29.498  8.298 0.0000000000
42407  50.345  -29.587  6.604 0.0000000000
42408  49.625  -29.525  6.818 0.0000000000
42409  48.827  -29.642  7.065 0.0000000000
42415  49.962  -29.683  6.014 0.0000000000
42416  49.524  -29.759  6.143 0.0000000000
43332  57.732  -29.105  14.025 0.0000000000
43333  56.637  -29.055  14.137 0.0000000000
43334  55.370  -28.964  14.405 0.0000000000
43350  58.667  -28.252  13.283 0.0000000000
43351  57.731  -28.248  13.822 0.0000000000
43359  58.795  -28.682  12.826 0.0000000000
43360  56.371  -28.095  11.884 0.0000000000
43361  55.497  -28.366  12.185 0.0000000000
43362  54.812  -28.663  12.360 0.0000000000
43363  54.057  -28.658  12.525 0.0000000000
43364  53.110  -28.741  12.696 0.0000000000
43365  52.083  -28.783  12.800 0.0000000000
43366  49.826  -28.847  12.599 0.0000000000
43382  58.491  -28.470  12.220 0.0000000000
43383  58.086  -28.390  11.768 0.0000000000
43384  57.012  -28.591  11.583 0.0000000000
44407  56.296  -28.216  13.972 0.0000000000
44408  55.106  -28.110  14.302 0.0000000000
44424  59.010  -26.526  13.093 0.0000000000
44425  58.221  -27.308  13.583 0.0000000000
44426  57.067  -27.439  13.759 0.0000000000
44434  58.905  -27.086  12.838 0.0000000000
44435  57.685  -27.121  11.920 0.0000000000
44436  56.633  -27.261  12.035 0.0000000000
44437  55.463  -27.431  12.304 0.0000000000
44438  54.424  -27.310  12.437 0.0000000000
44439  52.860  -27.281  12.517 0.0000000000
44440  51.915  -27.767  12.636 0.0000000000
44441  50.912  -27.875  12.634 0.0000000000
44442  49.964  -27.967  12.652 0.0000000000
44457  58.505  -27.742  12.265 0.0000000000
44458  58.051  -27.756  11.818 0.0000000000
44459  57.278  -27.873  11.739 0.0000000000
45379  55.470  -26.281  13.931 0.0000000000
45380  54.251  -26.672  14.354 0.0000000000
45395  59.106  -26.060  13.076 0.0000000000
45396  58.948  -26.205  13.206 0.0000000000
45397  58.505  -26.445  13.445 0.0000000000
45398  57.560  -26.624  13.669 0.0000000000
45399  56.310  -26.823  13.785 0.0000000000
45410  58.998  -26.378  12.828 0.0000000000
45411  58.017  -26.282  12.179 0.0000000000
45412  56.968  -26.431  12.144 0.0000000000
45413  55.864  -26.533  12.293 0.0000000000
45414  54.716  -26.498  12.377 0.0000000000
45415  53.028  -26.438  12.222 0.0000000000
45416  52.179  -26.787  12.320 0.0000000000
45417  51.292  -27.048  12.432 0.0000000000
45434  58.460  -26.929  12.332 0.0000000000
45435  53.147  -25.741  11.738 0.0000000000
45436  52.369  -25.996  11.815 0.0000000000
45437  51.548  -26.248  12.028 0.0000000000
46338  54.706  -25.723  14.132 0.0000000000
46345  59.191  -25.069  13.021 0.0000000000
46346  59.090  -25.459  13.115 0.0000000000
46347  58.697  -25.630  13.368 0.0000000000
46348  56.987  -25.137  13.708 0.0000000000
46349  55.788  -25.406  13.792 0.0000000000
46350  54.979  -24.850  13.974 0.0000000000
46362  59.059  -25.171  12.856 0.0000000000
46363  58.341  -25.370  12.426 0.0000000000
46364  57.229  -25.533  12.240 0.0000000000
46365  55.327  -25.070  12.105 0.0000000000
46366  54.556  -25.600  12.162 0.0000000000
46367  53.830  -26.043  12.215 0.0000000000
46384  54.471  -24.901  11.662 0.0000000000
46385  53.262  -25.282  11.230 0.0000000000
46386  52.546  -25.353  11.104 0.0000000000
46398  53.082  -25.074  10.707 0.0000000000
47321  54.174  -24.416  14.143 0.0000000000
47331  59.181  -24.284  13.033 0.0000000000
47332  59.154  -24.711  13.087 0.0000000000
47333  58.913  -24.773  13.261 0.0000000000
47334  57.278  -24.220  13.666 0.0000000000
47335  56.070  -24.506  13.723 0.0000000000
47347  58.756  -24.385  12.619 0.0000000000
47348  57.514  -24.582  12.220 0.0000000000
47349  56.358  -24.845  12.162 0.0000000000
47366  56.296  -23.627  11.495 0.0000000000
47367  53.760  -24.819  11.008 0.0000000000
47380  55.079  -23.900  10.647 0.0000000000
47381  54.189  -24.490  10.178 0.0000000000
47392  55.298  -24.163  8.860 0.0000000000
47393  54.433  -24.399  9.125 0.0000000000
47394  53.628  -24.509  9.394 0.0000000000
47404  55.766  -24.127  7.785 0.0000000000
47405  54.846  -24.298  8.244 0.0000000000
47406  54.020  -24.323  8.541 0.0000000000
47407  53.189  -24.113  8.824 0.0000000000
47450  52.965  -24.332  3.921 0.0000000000
47451  52.086  -24.243  3.873 0.0000000000
47452  51.212  -24.080  3.828 0.0000000000
47453  50.360  -23.994  3.577 0.0000000000
47466  50.652  -23.844  3.485 0.0000000000
47467  49.653  -24.051  3.129 0.0000000000
48309  54.778  -23.048  13.863 0.0000000000
48310  53.403  -23.255  14.314 0.0000000000
48326  59.233  -22.585  13.066 0.0000000000
48327  58.685  -22.920  13.387 0.0000000000
48328  57.589  -23.237  13.618 0.0000000000
48329  56.383  -23.570  13.684 0.0000000000
48330  55.143  -23.860  13.838 0.0000000000
48340  59.090  -23.292  12.721 0.0000000000
48341  57.759  -23.533  11.996 0.0000000000
48357  58.778  -22.531  11.867 0.0000000000
48358  57.192  -22.953  11.268 0.0000000000
48376  56.937  -22.826  10.515 0.0000000000
48377  55.966  -23.365  10.947 0.0000000000
48392  58.278  -22.518  8.516 0.0000000000
48393  57.034  -22.938  9.352 0.0000000000
48394  55.802  -23.474  9.966 0.0000000000
48405  57.996  -22.574  7.599 0.0000000000
48406  57.247  -23.248  8.068 0.0000000000
48407  55.095  -24.206  7.489 0.0000000000
48408  54.396  -24.112  7.709 0.0000000000
48421  57.162  -23.290  7.237 0.0000000000
48422  56.428  -23.775  6.988 0.0000000000
48423  55.620  -24.006  6.833 0.0000000000
48424  54.781  -23.996  6.896 0.0000000000
48425  53.332  -23.418  7.043 0.0000000000
48440  56.899  -23.137  6.469 0.0000000000
48441  56.127  -23.547  6.141 0.0000000000
48442  55.215  -23.806  5.915 0.0000000000
48443  54.227  -23.801  6.364 0.0000000000
48444  52.393  -23.422  5.740 0.0000000000
48453  56.476  -22.703  5.723 0.0000000000
48454  55.732  -23.345  5.296 0.0000000000
48455  54.896  -23.732  4.949 0.0000000000
48456  54.014  -24.035  4.575 0.0000000000
48457  53.029  -23.983  4.800 0.0000000000
48458  52.084  -23.845  4.786 0.0000000000
48459  51.171  -23.684  4.726 0.0000000000
48476  55.285  -23.193  4.614 0.0000000000
48477  54.523  -23.634  4.297 0.0000000000
48478  53.743  -24.102  3.980 0.0000000000
48479  52.588  -24.353  4.087 0.0000000000
48480  51.707  -24.239  4.096 0.0000000000
48481  50.842  -24.085  4.062 0.0000000000
48497  54.233  -23.117  3.740 0.0000000000
48498  53.323  -23.732  3.634 0.0000000000
48499  52.607  -24.042  3.656 0.0000000000
48500  51.936  -23.731  3.495 0.0000000000
48501  50.224  -23.727  3.131 0.0000000000
48502  49.506  -23.779  2.849 0.0000000000
48508  51.035  -23.484  3.291 0.0000000000
48509  50.325  -23.182  2.961 0.0000000000
49333  53.615  -22.416  14.122 0.0000000000
49334  52.746  -22.771  14.449 0.0000000000
49353  59.284  -21.732  12.913 0.0000000000
49354  58.916  -21.995  13.313 0.0000000000
49355  57.938  -22.268  13.561 0.0000000000
49356  56.700  -22.633  13.636 0.0000000000
49363  59.288  -22.152  12.631 0.0000000000
49373  59.643  -21.414  11.400 0.0000000000
49390  59.867  -21.179  9.612 0.0000000000
49391  59.564  -21.625  10.165 0.0000000000
49392  58.461  -22.311  10.922 0.0000000000
49407  59.462  -21.337  8.741 0.0000000000
49408  59.314  -21.861  9.018 0.0000000000
49409  58.337  -22.401  9.772 0.0000000000
49421  58.944  -21.435  8.089 0.0000000000
49422  58.968  -21.935  8.045 0.0000000000
49423  52.476  -23.055  7.597 0.0000000000
49440  58.349  -21.896  7.360 0.0000000000
49441  57.602  -22.517  6.836 0.0000000000
49442  52.536  -23.140  6.678 0.0000000000
49464  57.549  -21.863  6.726 0.0000000000
49465  57.127  -22.377  6.261 0.0000000000
49466  51.709  -22.856  6.478 0.0000000000
49479  55.839  -22.534  5.057 0.0000000000
49480  51.455  -23.239  5.587 0.0000000000
49497  55.243  -22.396  4.528 0.0000000000
49498  54.909  -22.941  4.135 0.0000000000
49517  53.491  -22.541  3.485 0.0000000000
49518  52.666  -23.132  3.387 0.0000000000
49519  51.842  -22.594  3.165 0.0000000000
49520  48.695  -22.736  3.023 0.0000000000
49529  51.379  -21.822  2.911 0.0000000000
49530  50.486  -21.893  2.839 0.0000000000
49531  49.790  -22.919  2.838 0.0000000000
49532  49.055  -23.311  2.781 0.0000000000
50201  52.928  -21.814  14.140 0.0000000000
50225  58.218  -21.492  13.315 0.0000000000
50226  56.122  -21.368  13.434 0.0000000000
50227  55.055  -21.512  13.605 0.0000000000
50228  54.019  -21.657  13.803 0.0000000000
50229  52.571  -21.062  13.723 0.0000000000
50248  59.036  -21.154  12.821 0.0000000000
50249  57.737  -20.964  13.060 0.0000000000
50256  59.503  -21.276  12.086 0.0000000000
50257  59.485  -20.851  11.862 0.0000000000
50267  60.062  -20.977  10.160 0.0000000000
50280  59.797  -21.004  9.234 0.0000000000
50289  59.406  -21.057  8.624 0.0000000000
50290  58.843  -20.984  8.219 0.0000000000
50291  57.561  -21.031  7.808 0.0000000000
50292  56.626  -21.298  7.195 0.0000000000
50293  55.333  -21.261  7.628 0.0000000000
50294  54.147  -21.123  8.077 0.0000000000
50302  58.217  -21.467  7.484 0.0000000000
50303  56.891  -21.694  6.441 0.0000000000
50304  55.914  -21.489  6.575 0.0000000000
50305  54.703  -21.377  6.985 0.0000000000
50306  53.610  -21.218  7.289 0.0000000000
50307  53.129  -21.225  6.526 0.0000000000
50323  56.816  -22.038  5.997 0.0000000000
50324  56.265  -21.859  5.786 0.0000000000
50325  54.721  -21.592  5.224 0.0000000000
50326  54.161  -21.449  6.285 0.0000000000
50338  56.240  -22.139  5.499 0.0000000000
50339  55.646  -21.952  5.057 0.0000000000
50340  54.870  -21.825  4.486 0.0000000000
50341  54.119  -21.449  4.639 0.0000000000
50342  53.212  -21.173  4.893 0.0000000000
50349  54.711  -22.268  4.012 0.0000000000
50350  54.256  -21.600  4.015 0.0000000000
50351  53.504  -21.149  4.100 0.0000000000
50367  54.151  -22.095  3.701 0.0000000000
50368  53.445  -21.450  3.639 0.0000000000
50369  52.078  -21.345  2.962 0.0000000000
50370  49.657  -20.921  3.019 0.0000000000
50371  49.020  -21.673  3.315 0.0000000000
50385  51.379  -20.752  2.707 0.0000000000
50386  50.568  -20.700  2.651 0.0000000000
50387  49.536  -22.104  2.978 0.0000000000
51092  56.451  -20.923  13.168 0.0000000000
51093  55.371  -20.953  13.326 0.0000000000
51094  54.442  -21.016  13.491 0.0000000000
51095  53.097  -20.501  13.177 0.0000000000
51118  58.329  -20.743  12.380 0.0000000000
51119  56.867  -20.641  12.572 0.0000000000
51120  55.504  -20.514  12.741 0.0000000000
51121  54.441  -20.305  12.560 0.0000000000
51122  53.577  -20.125  12.516 0.0000000000
51123  52.727  -20.002  12.574 0.0000000000
51134  59.723  -20.760  10.807 0.0000000000
51135  58.597  -20.563  11.410 0.0000000000
51136  57.349  -20.520  11.818 0.0000000000
51137  55.998  -20.383  11.735 0.0000000000
51138  54.907  -20.140  11.289 0.0000000000
51139  54.087  -19.945  11.747 0.0000000000
51147  59.683  -20.812  9.681 0.0000000000
51148  58.656  -20.571  10.251 0.0000000000
51149  57.111  -20.457  10.812 0.0000000000
51150  55.662  -20.340  10.735 0.0000000000
51151  54.817  -20.242  10.562 0.0000000000
51152  54.160  -19.965  10.830 0.0000000000
51163  58.819  -20.687  9.104 0.0000000000
51164  57.561  -20.577  9.603 0.0000000000
51165  56.287  -20.536  9.904 0.0000000000
51166  55.256  -20.479  9.944 0.0000000000
51167  53.456  -20.245  9.457 0.0000000000
51168  52.820  -20.252  8.897 0.0000000000
51178  57.980  -20.739  8.620 0.0000000000
51179  55.987  -20.979  8.343 0.0000000000
51180  54.897  -20.997  8.459 0.0000000000
51181  52.308  -20.329  8.229 0.0000000000
51182  51.749  -19.881  8.230 0.0000000000
51192  52.639  -20.807  7.427 0.0000000000
51193  51.796  -20.298  7.555 0.0000000000
51202  52.130  -20.742  6.538 0.0000000000
51203  51.460  -20.350  5.900 0.0000000000
51217  52.275  -20.820  5.356 0.0000000000
51218  51.685  -20.313  4.748 0.0000000000
51230  52.655  -20.691  4.222 0.0000000000
51231  52.006  -20.074  3.507 0.0000000000
51232  48.760  -20.278  4.229 0.0000000000
51238  52.689  -20.758  3.617 0.0000000000
51239  52.114  -20.190  3.137 0.0000000000
51240  49.746  -19.860  2.892 0.0000000000
51241  49.227  -20.635  3.479 0.0000000000
51256  51.604  -19.644  2.778 0.0000000000
51257  50.841  -19.725  2.533 0.0000000000
51258  50.141  -20.154  2.640 0.0000000000
52006  53.176  -19.718  11.886 0.0000000000
52007  52.375  -19.566  11.961 0.0000000000
52025  52.773  -19.466  11.369 0.0000000000
52026  52.055  -19.162  11.247 0.0000000000
52036  53.423  -19.644  11.127 0.0000000000
52037  52.760  -19.420  10.667 0.0000000000
52038  52.072  -19.049  10.317 0.0000000000
52049  53.459  -19.841  10.300 0.0000000000
52050  52.651  -19.637  9.729 0.0000000000
52051  51.861  -19.101  9.463 0.0000000000
52063  52.122  -19.754  8.885 0.0000000000
52064  51.597  -19.235  8.611 0.0000000000
52077  51.299  -19.522  7.708 0.0000000000
52078  50.910  -19.373  6.851 0.0000000000
52084  50.990  -19.842  6.241 0.0000000000
52085  50.718  -19.177  5.938 0.0000000000
52097  50.991  -19.816  5.318 0.0000000000
52098  50.701  -18.943  4.757 0.0000000000
52108  51.575  -19.177  3.088 0.0000000000
52109  50.974  -18.894  3.674 0.0000000000
52110  49.537  -18.624  3.134 0.0000000000
52111  48.946  -19.323  4.281 0.0000000000
52115  51.336  -18.845  2.852 0.0000000000
52116  49.776  -19.030  2.768 0.0000000000
52117  49.358  -19.655  3.458 0.0000000000
52124  50.954  -18.744  2.531 0.0000000000
52125  50.233  -18.871  2.498 0.0000000000
52932  51.484  -18.589  10.802 0.0000000000
52933  50.809  -18.207  11.237 0.0000000000
52943  51.529  -18.473  9.969 0.0000000000
52944  50.960  -17.930  10.457 0.0000000000
52955  51.325  -18.401  9.051 0.0000000000
52956  51.135  -17.924  9.702 0.0000000000
52969  51.231  -18.743  8.211 0.0000000000
52984  50.997  -18.663  7.452 0.0000000000
52985  50.778  -18.506  6.548 0.0000000000
52996  50.645  -18.330  5.523 0.0000000000
53004  50.614  -18.150  4.551 0.0000000000
53018  50.718  -18.358  3.876 0.0000000000
53019  49.569  -17.803  3.089 0.0000000000
53020  49.108  -18.379  4.162 0.0000000000
53025  50.912  -18.007  2.789 0.0000000000
53026  51.047  -18.268  2.914 0.0000000000
53027  50.012  -17.663  2.452 0.0000000000
53034  50.456  -18.094  2.527 0.0000000000
53035  50.179  -17.983  2.462 0.0000000000
53840  50.544  -17.167  10.606 0.0000000000
53849  50.984  -17.518  9.130 0.0000000000
53879  51.127  -17.027  7.556 0.0000000000
53880  50.983  -17.790  7.084 0.0000000000
53891  51.109  -17.006  6.587 0.0000000000
53892  50.814  -17.641  6.072 0.0000000000
53898  50.905  -16.770  5.472 0.0000000000
53899  50.628  -17.501  4.898 0.0000000000
53900  48.581  -17.348  5.275 0.0000000000
53910  50.619  -17.490  3.421 0.0000000000
53911  49.254  -17.381  3.927 0.0000000000
53918  50.444  -17.486  2.668 0.0000000000
53919  49.875  -17.057  2.540 0.0000000000
53927  50.242  -17.506  2.480 0.0000000000
53928  50.085  -17.060  2.408 0.0000000000
54719  50.346  -16.436  10.925 0.0000000000
54735  50.610  -16.554  10.132 0.0000000000
54743  50.812  -15.983  9.569 0.0000000000
54754  50.995  -16.843  8.567 0.0000000000
54767  51.456  -16.383  7.022 0.0000000000
54778  51.385  -16.408  6.133 0.0000000000
54779  48.447  -16.550  5.643 0.0000000000
54788  51.049  -15.975  4.662 0.0000000000
54789  50.657  -16.625  4.066 0.0000000000
54790  49.069  -16.582  4.477 0.0000000000
54797  51.091  -15.302  3.788 0.0000000000
54798  50.568  -15.822  3.354 0.0000000000
54799  49.691  -16.447  3.051 0.0000000000
54806  50.157  -16.099  2.820 0.0000000000
54807  50.064  -16.622  2.525 0.0000000000
54814  50.113  -16.928  2.451 0.0000000000
55677  50.936  -15.239  10.025 0.0000000000
55678  50.557  -15.810  10.451 0.0000000000
55686  51.262  -15.337  9.186 0.0000000000
55697  52.027  -15.028  7.955 0.0000000000
55698  51.554  -15.473  8.335 0.0000000000
55712  52.565  -14.970  7.208 0.0000000000
55713  51.834  -15.600  7.363 0.0000000000
55724  52.249  -15.486  6.605 0.0000000000
55725  51.788  -15.898  6.432 0.0000000000
55726  48.313  -15.784  5.899 0.0000000000
55727  47.807  -15.489  6.557 0.0000000000
55738  52.137  -15.488  5.631 0.0000000000
55739  51.581  -15.401  4.667 0.0000000000
55740  49.200  -15.244  4.600 0.0000000000
55749  52.130  -14.924  4.604 0.0000000000
55750  51.453  -14.655  3.749 0.0000000000
55751  50.630  -15.136  3.375 0.0000000000
55752  49.814  -15.181  3.487 0.0000000000
55753  49.462  -15.829  3.814 0.0000000000
55760  50.268  -15.350  3.185 0.0000000000
56581  58.045  -14.338  10.926 0.0000000000
56597  60.626  -14.380  10.009 0.0000000000
56598  59.982  -14.576  10.005 0.0000000000
56599  58.759  -14.549  10.123 0.0000000000
56600  57.489  -14.352  10.145 0.0000000000
56617  60.689  -14.265  9.910 0.0000000000
56618  60.296  -14.362  9.373 0.0000000000
56619  59.501  -14.580  9.335 0.0000000000
56620  58.258  -14.557  9.388 0.0000000000
56621  57.080  -14.369  9.304 0.0000000000
56622  56.091  -14.088  9.003 0.0000000000
56623  53.079  -13.838  9.333 0.0000000000
56625  51.520  -14.659  9.631 0.0000000000
56636  60.044  -14.243  8.564 0.0000000000
56637  59.529  -14.414  8.137 0.0000000000
56638  57.880  -14.551  8.619 0.0000000000
56639  56.871  -14.362  8.439 0.0000000000
56640  55.194  -13.969  8.490 0.0000000000
56641  54.228  -13.935  8.452 0.0000000000
56642  53.303  -14.119  8.532 0.0000000000
56643  52.518  -14.590  8.206 0.0000000000
56644  51.811  -14.805  8.738 0.0000000000
56657  59.719  -14.149  7.805 0.0000000000
56658  59.180  -14.362  7.263 0.0000000000
56659  58.145  -14.486  7.054 0.0000000000
56660  56.783  -14.395  7.434 0.0000000000
56661  55.615  -14.266  7.543 0.0000000000
56662  54.146  -14.477  6.906 0.0000000000
56663  53.377  -14.781  6.564 0.0000000000
56677  59.425  -14.089  7.162 0.0000000000
56678  58.976  -14.149  6.495 0.0000000000
56679  58.257  -14.317  6.229 0.0000000000
56680  56.482  -14.450  5.510 0.0000000000
56681  55.498  -14.561  5.727 0.0000000000
56682  54.716  -14.616  6.050 0.0000000000
56683  54.031  -14.731  5.805 0.0000000000
56684  52.808  -15.198  6.163 0.0000000000
56685  48.379  -14.145  5.904 0.0000000000
56695  58.284  -14.036  5.666 0.0000000000
56696  56.644  -14.256  4.767 0.0000000000
56697  55.759  -14.477  4.725 0.0000000000
56698  54.766  -14.653  4.989 0.0000000000
56699  53.734  -14.641  4.694 0.0000000000
56700  52.865  -15.005  5.196 0.0000000000
56701  49.544  -14.549  4.360 0.0000000000
56702  48.844  -14.668  5.257 0.0000000000
56713  55.918  -14.161  4.112 0.0000000000
56714  53.337  -14.191  3.834 0.0000000000
56715  52.130  -14.360  3.878 0.0000000000
56716  51.784  -13.935  3.441 0.0000000000
56717  50.741  -14.122  3.415 0.0000000000
56718  50.204  -14.639  3.505 0.0000000000
56725  53.729  -13.276  3.319 0.0000000000
56726  53.332  -13.615  3.460 0.0000000000
56727  52.629  -13.837  3.500 0.0000000000
56728  51.101  -14.334  3.386 0.0000000000
56729  50.637  -14.780  3.368 0.0000000000
57540  56.886  -14.072  10.910 0.0000000000
57561  56.245  -14.000  10.030 0.0000000000
57562  55.889  -13.751  10.981 0.0000000000
57590  60.385  -14.160  9.232 0.0000000000
57591  55.271  -13.791  9.447 0.0000000000
57592  54.411  -13.615  9.763 0.0000000000
57605  60.070  -13.937  8.184 0.0000000000
57606  59.612  -13.860  7.464 0.0000000000
57607  54.569  -13.746  9.060 0.0000000000
57608  53.821  -13.730  9.177 0.0000000000
57628  59.234  -13.667  6.726 0.0000000000
57629  49.093  -13.121  5.648 0.0000000000
57630  48.550  -13.360  6.030 0.0000000000
57631  47.902  -13.706  6.548 0.0000000000
57641  58.762  -13.538  6.004 0.0000000000
57642  58.073  -13.302  5.241 0.0000000000
57643  57.473  -13.983  4.937 0.0000000000
57644  50.380  -13.206  4.491 0.0000000000
57645  49.724  -13.211  5.106 0.0000000000
57646  49.154  -13.822  5.223 0.0000000000
57658  57.316  -13.340  4.628 0.0000000000
57659  56.680  -13.810  4.321 0.0000000000
57660  55.913  -13.401  3.792 0.0000000000
57661  55.293  -13.734  3.677 0.0000000000
57662  52.277  -12.983  3.350 0.0000000000
57663  50.860  -13.441  3.713 0.0000000000
57664  50.069  -13.841  4.179 0.0000000000
57676  55.021  -12.945  3.502 0.0000000000
57677  54.533  -13.537  3.493 0.0000000000
57678  52.884  -13.101  3.231 0.0000000000
57679  52.104  -13.350  3.343 0.0000000000
57680  51.406  -13.697  3.402 0.0000000000
58520  60.081  -13.766  8.681 0.0000000000
58521  59.552  -13.532  7.937 0.0000000000
58522  58.521  -12.639  8.072 0.0000000000
58536  59.073  -13.039  7.019 0.0000000000
58537  58.480  -12.109  7.028 0.0000000000
58538  51.687  -12.135  7.055 0.0000000000
58539  50.708  -12.126  7.194 0.0000000000
58540  49.775  -12.116  7.209 0.0000000000
58541  48.817  -12.237  7.084 0.0000000000
58556  58.804  -12.829  6.261 0.0000000000
58557  54.260  -12.038  5.687 0.0000000000
58558  53.447  -12.202  6.074 0.0000000000
58559  51.031  -12.487  6.284 0.0000000000
58560  50.107  -12.483  6.459 0.0000000000
58561  48.851  -12.758  6.269 0.0000000000
58562  48.090  -12.837  6.763 0.0000000000
58571  58.126  -12.398  5.303 0.0000000000
58572  57.535  -12.515  4.775 0.0000000000
58573  57.070  -11.723  4.575 0.0000000000
58574  54.086  -12.385  4.450 0.0000000000
58575  53.482  -12.402  5.051 0.0000000000
58576  52.745  -12.559  4.385 0.0000000000
58577  51.383  -12.676  5.067 0.0000000000
58578  50.427  -12.793  5.338 0.0000000000
58579  49.553  -12.770  5.886 0.0000000000
58586  56.650  -12.766  4.209 0.0000000000
58587  55.801  -12.656  3.837 0.0000000000
58588  54.329  -12.655  3.719 0.0000000000
58589  53.467  -12.583  3.880 0.0000000000
58590  52.779  -12.811  3.499 0.0000000000
58591  51.951  -12.734  3.925 0.0000000000
58603  54.174  -12.964  3.363 0.0000000000
58604  53.517  -12.908  3.390 0.0000000000
59413  57.582  -11.707  7.792 0.0000000000
59414  56.816  -10.993  8.028 0.0000000000
59416  49.606  -11.023  8.192 0.0000000000
59447  58.503  -11.960  6.330 0.0000000000
59448  58.250  -11.061  6.527 0.0000000000
59449  53.150  -11.248  7.284 0.0000000000
59450  52.200  -11.494  7.466 0.0000000000
59451  51.271  -11.557  7.629 0.0000000000
59452  50.290  -11.494  7.803 0.0000000000
59453  49.308  -11.620  7.690 0.0000000000
59471  58.393  -11.840  5.765 0.0000000000
59472  58.325  -10.803  5.900 0.0000000000
59473  55.572  -10.920  5.771 0.0000000000
59474  53.736  -11.648  6.628 0.0000000000
59475  52.754  -12.044  6.752 0.0000000000
59484  58.098  -10.922  5.500 0.0000000000
59485  56.823  -11.095  4.770 0.0000000000
59486  55.889  -11.580  4.761 0.0000000000
59487  54.871  -12.138  4.578 0.0000000000
59495  56.230  -12.017  4.279 0.0000000000
59496  55.339  -12.334  4.006 0.0000000000
60348  51.052  -10.128  8.170 0.0000000000
60349  50.328  -10.696  8.246 0.0000000000
60381  58.051  -9.789  6.110 0.0000000000
60382  57.608  -10.443  7.022 0.0000000000
60383  53.365  -10.307  7.266 0.0000000000
60384  52.517  -10.608  7.601 0.0000000000
60385  51.670  -10.828  7.866 0.0000000000
60386  50.962  -11.002  8.085 0.0000000000
60406  55.963  -9.771  5.695 0.0000000000
60407  54.930  -10.401  6.407 0.0000000000
60408  54.049  -10.895  6.950 0.0000000000
60423  57.864  -10.019  5.603 0.0000000000
60424  57.238  -10.070  5.199 0.0000000000
60425  56.632  -10.444  5.184 0.0000000000
61264  56.720  -10.040  7.697 0.0000000000
61267  50.247  -9.886  8.322 0.0000000000
61300  56.666  -8.901  7.382 0.0000000000
61301  52.684  -9.638  7.366 0.0000000000
61302  51.910  -9.874  7.763 0.0000000000
61303  50.663  -9.328  8.055 0.0000000000
61304  50.041  -9.081  8.173 0.0000000000
61335  57.757  -9.184  5.849 0.0000000000
61336  57.676  -8.748  6.062 0.0000000000
61337  56.440  -8.579  5.635 0.0000000000
61338  55.151  -9.341  6.200 0.0000000000
61339  53.473  -9.255  6.837 0.0000000000
61340  52.721  -8.881  6.985 0.0000000000
61360  57.431  -9.242  5.534 0.0000000000
62222  49.289  -8.952  8.289 0.0000000000
62242  57.241  -8.231  6.506 0.0000000000
62243  56.583  -7.863  7.137 0.0000000000
62244  55.697  -7.694  7.592 0.0000000000
62245  52.071  -8.988  7.310 0.0000000000
62246  51.306  -9.154  7.705 0.0000000000
62247  50.601  -8.495  7.558 0.0000000000
62248  49.750  -8.364  7.794 0.0000000000
62249  48.968  -8.221  8.006 0.0000000000
62269  57.494  -8.595  5.849 0.0000000000
62270  57.326  -7.958  5.999 0.0000000000
62271  55.273  -8.273  5.876 0.0000000000
62272  54.045  -8.439  6.270 0.0000000000
62273  53.104  -8.394  6.467 0.0000000000
62274  52.277  -8.311  6.644 0.0000000000
62275  51.464  -8.334  7.016 0.0000000000
62290  57.228  -7.989  5.857 0.0000000000
62291  56.586  -7.455  5.742 0.0000000000
63106  48.139  -8.061  8.242 0.0000000000
63124  56.911  -7.361  6.351 0.0000000000
63125  56.392  -7.016  6.908 0.0000000000
63126  55.590  -6.846  7.339 0.0000000000
63128  50.110  -7.877  7.261 0.0000000000
63129  49.436  -7.689  7.459 0.0000000000
63130  48.608  -7.496  7.720 0.0000000000
63131  47.757  -7.301  7.967 0.0000000000
63149  56.828  -7.094  6.022 0.0000000000
63150  55.723  -7.270  5.640 0.0000000000
63151  54.679  -7.638  5.751 0.0000000000
63152  53.632  -7.765  5.933 0.0000000000
63153  52.705  -7.718  5.992 0.0000000000
63154  51.807  -7.673  6.199 0.0000000000
63155  50.805  -7.647  6.635 0.0000000000
63156  49.904  -7.335  6.793 0.0000000000
63173  56.379  -6.594  5.861 0.0000000000
63174  55.348  -6.696  5.568 0.0000000000
63175  53.274  -7.197  5.370 0.0000000000
63176  52.385  -7.169  5.382 0.0000000000
63177  51.390  -7.022  5.586 0.0000000000
63942  56.534  -6.615  6.198 0.0000000000
63943  56.098  -6.449  6.646 0.0000000000
63944  55.448  -6.203  6.874 0.0000000000
63948  49.127  -7.011  7.141 0.0000000000
63949  48.240  -6.735  7.438 0.0000000000
63950  47.314  -6.501  7.670 0.0000000000
63969  56.037  -6.034  6.114 0.0000000000
63970  55.001  -5.749  6.435 0.0000000000
63971  50.424  -6.926  6.114 0.0000000000
63972  49.594  -6.665  6.443 0.0000000000
63973  48.743  -6.317  6.785 0.0000000000
63990  56.414  -6.401  6.002 0.0000000000
63991  55.817  -6.011  5.855 0.0000000000
63992  54.732  -6.150  5.299 0.0000000000
63993  53.862  -6.629  5.021 0.0000000000
63994  53.129  -6.669  4.753 0.0000000000
63995  52.250  -6.663  4.727 0.0000000000
63996  50.743  -6.583  5.462 0.0000000000
63997  50.032  -6.353  5.756 0.0000000000
64015  54.395  -5.816  4.979 0.0000000000
64016  53.867  -6.079  4.479 0.0000000000
64017  53.041  -6.266  4.026 0.0000000000
64018  52.154  -6.264  4.073 0.0000000000
64019  51.373  -6.457  4.831 0.0000000000
64039  52.794  -5.962  3.379 0.0000000000
64806  47.791  -5.920  7.121 0.0000000000
64821  55.477  -5.756  5.911 0.0000000000
64822  54.735  -5.534  5.780 0.0000000000
64823  53.046  -5.222  6.217 0.0000000000
64825  49.249  -5.968  6.128 0.0000000000
64826  48.341  -5.538  6.460 0.0000000000
64827  47.361  -5.090  6.660 0.0000000000
64828  46.370  -4.680  6.564 0.0000000000
64843  54.971  -5.757  5.546 0.0000000000
64844  54.391  -5.494  5.119 0.0000000000
64845  53.854  -5.120  5.481 0.0000000000
64846  50.535  -6.084  5.072 0.0000000000
64847  49.703  -5.704  5.423 0.0000000000
64848  48.851  -5.263  5.775 0.0000000000
64865  53.929  -5.514  4.377 0.0000000000
64866  53.375  -5.656  3.524 0.0000000000
64867  52.064  -5.970  3.559 0.0000000000
64868  51.184  -5.893  4.216 0.0000000000
64869  50.155  -5.458  4.683 0.0000000000
64891  53.400  -5.312  2.769 0.0000000000
64892  53.086  -5.631  2.697 0.0000000000
64893  52.429  -5.733  2.921 0.0000000000
64894  51.501  -5.594  3.379 0.0000000000
64902  53.191  -5.363  2.069 0.0000000000
64903  52.788  -5.549  2.174 0.0000000000
64911  53.046  -5.341  1.461 0.0000000000
65701  52.647  -4.790  5.794 0.0000000000
65702  51.564  -4.555  6.194 0.0000000000
65704  47.976  -4.760  6.089 0.0000000000
65719  53.969  -5.014  4.598 0.0000000000
65720  53.239  -4.588  4.966 0.0000000000
65721  52.095  -4.276  5.379 0.0000000000
65722  49.299  -4.981  5.094 0.0000000000
65723  48.426  -4.492  5.443 0.0000000000
65724  46.966  -3.680  5.485 0.0000000000
65725  46.106  -3.886  5.761 0.0000000000
65726  45.242  -4.089  5.503 0.0000000000
65742  53.766  -5.084  3.659 0.0000000000
65743  53.379  -4.384  3.685 0.0000000000
65744  50.562  -5.211  3.906 0.0000000000
65745  49.682  -4.711  4.371 0.0000000000
65746  48.790  -4.195  4.751 0.0000000000
65767  53.578  -4.805  3.031 0.0000000000
65768  51.873  -5.473  2.556 0.0000000000
65769  50.931  -4.991  3.118 0.0000000000
65770  50.025  -4.469  3.614 0.0000000000
65783  53.542  -4.919  2.201 0.0000000000
65784  52.342  -5.340  1.730 0.0000000000
65785  51.298  -4.864  2.283 0.0000000000
65792  53.116  -4.980  0.683 0.0000000000
65793  52.665  -5.120  0.855 0.0000000000
65794  51.622  -4.792  1.378 0.0000000000
65803  52.912  -4.457  -0.816 0.0000000000
65804  52.727  -4.760  -0.155 0.0000000000
65816  52.616  -4.323  -1.465 0.0000000000
65817  52.468  -4.484  -0.996 0.0000000000
66596  51.058  -3.934  5.829 0.0000000000
66612  52.681  -4.089  4.482 0.0000000000
66613  51.580  -3.656  5.028 0.0000000000
66614  50.560  -3.187  5.503 0.0000000000
66616  47.837  -3.676  5.087 0.0000000000
66617  46.273  -3.320  4.922 0.0000000000
66618  45.579  -3.560  4.897 0.0000000000
66635  52.708  -3.754  3.740 0.0000000000
66636  51.872  -3.216  3.782 0.0000000000
66637  51.058  -2.985  4.574 0.0000000000
66638  49.175  -3.897  4.045 0.0000000000
66639  48.304  -3.414  4.346 0.0000000000
66640  46.577  -2.922  4.293 0.0000000000
66641  45.873  -3.070  4.046 0.0000000000
66657  53.319  -4.174  2.991 0.0000000000
66658  52.641  -3.482  3.035 0.0000000000
66659  50.346  -4.277  2.825 0.0000000000
66660  49.455  -3.681  3.286 0.0000000000
66661  48.594  -3.175  3.613 0.0000000000
66662  46.075  -3.046  2.875 0.0000000000
66675  53.120  -3.740  1.326 0.0000000000
66676  53.290  -3.998  2.187 0.0000000000
66677  50.627  -4.144  1.992 0.0000000000
66678  49.703  -3.534  2.472 0.0000000000
66679  48.843  -2.909  2.849 0.0000000000
66680  46.436  -3.694  1.447 0.0000000000
66688  53.264  -4.385  0.245 0.0000000000
66689  51.816  -4.627  0.389 0.0000000000
66690  50.821  -4.001  1.106 0.0000000000
66691  49.911  -3.400  1.650 0.0000000000
66692  46.397  -4.021  0.540 0.0000000000
66701  53.101  -4.297  -0.723 0.0000000000
66702  51.896  -4.452  -0.685 0.0000000000
66703  50.809  -3.724  0.052 0.0000000000
66704  50.081  -3.300  0.905 0.0000000000
66705  45.907  -4.109  0.437 0.0000000000
66716  52.948  -4.228  -1.233 0.0000000000
66717  52.083  -4.305  -1.789 0.0000000000
66718  51.188  -3.797  -1.224 0.0000000000
66725  52.732  -4.094  -1.673 0.0000000000
66726  52.366  -4.136  -2.025 0.0000000000
66727  52.016  -3.834  -2.620 0.0000000000
67510  50.009  -2.389  5.184 0.0000000000
67529  51.149  -2.631  3.853 0.0000000000
67530  50.323  -2.179  4.317 0.0000000000
67531  49.651  -1.594  4.858 0.0000000000
67532  47.771  -2.771  3.845 0.0000000000
67533  47.049  -2.675  3.917 0.0000000000
67546  51.734  -2.817  3.134 0.0000000000
67547  50.657  -2.055  3.348 0.0000000000
67548  48.001  -2.538  3.131 0.0000000000
67549  47.195  -2.519  3.247 0.0000000000
67550  46.524  -2.754  3.501 0.0000000000
67565  52.490  -3.197  2.273 0.0000000000
67566  51.487  -2.429  2.385 0.0000000000
67567  49.037  -2.741  2.002 0.0000000000
67568  48.145  -2.378  2.274 0.0000000000
67569  47.432  -2.452  2.534 0.0000000000
67570  46.794  -2.693  2.378 0.0000000000
67581  52.803  -3.353  0.449 0.0000000000
67582  51.915  -2.462  0.659 0.0000000000
67583  51.269  -2.077  1.560 0.0000000000
67584  49.284  -2.685  1.156 0.0000000000
67585  48.303  -2.394  1.268 0.0000000000
67586  47.464  -2.573  1.537 0.0000000000
67587  46.866  -3.315  1.071 0.0000000000
67588  45.079  -2.475  0.758 0.0000000000
67596  53.094  -3.776  -0.621 0.0000000000
67597  52.520  -2.868  -0.418 0.0000000000
67598  50.213  -3.173  -0.645 0.0000000000
67599  49.667  -2.840  0.281 0.0000000000
67600  48.127  -2.656  -0.169 0.0000000000
67601  47.189  -3.201  -0.476 0.0000000000
67602  46.575  -3.491  -0.065 0.0000000000
67603  45.845  -3.279  0.106 0.0000000000
67613  53.000  -3.996  -1.381 0.0000000000
67614  52.705  -3.384  -1.459 0.0000000000
67615  50.380  -3.214  -1.875 0.0000000000
67616  49.186  -2.616  -0.654 0.0000000000
67617  48.193  -2.755  -1.118 0.0000000000
67618  47.207  -2.851  -1.026 0.0000000000
67619  46.841  -3.053  -0.637 0.0000000000
67620  46.217  -2.714  -0.320 0.0000000000
67626  52.466  -3.806  -2.127 0.0000000000
67627  51.242  -3.400  -2.974 0.0000000000
67628  50.208  -2.994  -2.902 0.0000000000
67629  48.185  -2.412  -2.280 0.0000000000
67630  47.793  -2.659  -1.449 0.0000000000
67640  52.019  -3.415  -2.796 0.0000000000
67641  51.527  -3.140  -3.216 0.0000000000
67642  50.708  -2.795  -3.717 0.0000000000
67643  49.344  -2.535  -3.177 0.0000000000
67648  51.028  -2.481  -3.893 0.0000000000
67649  49.922  -2.350  -4.140 0.0000000000
68449  49.830  -1.472  3.985 0.0000000000
68450  49.480  -0.846  4.472 0.0000000000
68460  49.950  -1.353  3.243 0.0000000000
68461  49.557  -0.786  3.635 0.0000000000
68470  50.448  -1.569  2.409 0.0000000000
68471  49.677  -0.766  2.830 0.0000000000
68485  51.042  -1.737  0.784 0.0000000000
68486  50.432  -1.363  1.478 0.0000000000
68487  49.800  -0.720  2.007 0.0000000000
68488  45.227  -1.589  0.783 0.0000000000
68489  44.507  -1.487  1.404 0.0000000000
68502  51.590  -2.051  -0.158 0.0000000000
68503  50.691  -1.348  0.113 0.0000000000
68504  45.686  -1.805  0.175 0.0000000000
68512  52.151  -2.499  -1.344 0.0000000000
68513  51.210  -1.573  -0.934 0.0000000000
68514  46.718  -2.203  -1.009 0.0000000000
68520  52.315  -3.085  -2.414 0.0000000000
68521  51.686  -2.101  -2.231 0.0000000000
68522  47.425  -2.361  -1.596 0.0000000000
68530  51.629  -2.683  -3.255 0.0000000000
68531  48.502  -2.102  -2.997 0.0000000000
68532  47.768  -1.799  -2.390 0.0000000000
68539  50.554  -1.876  -4.408 0.0000000000
68540  50.136  -1.935  -4.586 0.0000000000
68541  49.410  -1.784  -4.315 0.0000000000
68545  50.167  -1.324  -4.803 0.0000000000
68546  49.727  -1.408  -4.761 0.0000000000
69282  49.501  -0.273  4.869 0.0000000000
69289  49.469  -0.140  4.037 0.0000000000
69299  49.486  -0.027  2.441 0.0000000000
69300  43.790  -0.092  2.057 0.0000000000
69313  49.880  -0.638  1.216 0.0000000000
69314  49.549  0.063  1.638 0.0000000000
69315  44.918  -0.715  1.246 0.0000000000
69316  44.337  -0.616  1.677 0.0000000000
69331  50.059  -0.650  0.445 0.0000000000
69332  49.638  0.082  0.835 0.0000000000
69333  46.042  -1.485  -0.232 0.0000000000
69334  45.515  -0.816  0.562 0.0000000000
69342  50.348  -0.750  -0.448 0.0000000000
69343  49.773  0.011  0.006 0.0000000000
69344  46.366  -1.018  -0.645 0.0000000000
69352  47.294  -0.885  -1.906 0.0000000000
69353  46.790  -1.011  -1.231 0.0000000000
69362  50.779  -0.803  -3.373 0.0000000000
69363  48.496  -1.468  -3.512 0.0000000000
69364  47.780  -0.764  -2.768 0.0000000000
69372  50.491  -1.101  -4.659 0.0000000000
69376  50.150  -0.518  -5.121 0.0000000000
69377  49.649  -0.736  -5.085 0.0000000000
70108  52.770  0.308  6.280 0.0000000000
70115  54.390  0.716  4.934 0.0000000000
70116  53.356  0.581  5.406 0.0000000000
70117  52.185  0.646  5.509 0.0000000000
70118  50.733  0.560  5.607 0.0000000000
70119  49.825  0.300  5.256 0.0000000000
70121  55.085  0.925  4.884 0.0000000000
70122  54.595  1.049  4.312 0.0000000000
70123  53.485  0.891  4.500 0.0000000000
70124  51.760  1.039  4.682 0.0000000000
70125  50.461  0.916  4.649 0.0000000000
70126  49.741  0.505  4.402 0.0000000000
70136  49.664  0.605  3.558 0.0000000000
70144  50.037  1.254  2.865 0.0000000000
70145  43.322  0.778  2.265 0.0000000000
70156  49.668  0.861  2.088 0.0000000000
70157  45.222  -0.003  1.094 0.0000000000
70158  44.569  0.045  1.632 0.0000000000
70159  44.146  0.803  1.980 0.0000000000
70174  49.650  0.779  1.211 0.0000000000
70175  45.978  -0.268  0.020 0.0000000000
70184  50.048  -0.030  -1.007 0.0000000000
70185  49.734  0.782  0.434 0.0000000000
70186  46.208  0.802  -0.285 0.0000000000
70195  50.173  0.509  -1.768 0.0000000000
70196  47.388  0.056  -2.199 0.0000000000
70197  46.957  -0.049  -1.429 0.0000000000
70205  50.409  0.370  -2.924 0.0000000000
70206  47.712  0.049  -2.990 0.0000000000
70216  50.524  0.724  -4.074 0.0000000000
70217  48.988  0.015  -5.274 0.0000000000
70218  47.950  0.416  -3.693 0.0000000000
70225  50.133  0.396  -5.369 0.0000000000
70226  49.665  0.048  -5.408 0.0000000000
70231  49.707  0.732  -5.586 0.0000000000
70232  49.289  0.625  -5.569 0.0000000000
70924  54.857  1.121  4.567 0.0000000000
70925  54.388  1.438  3.896 0.0000000000
70926  52.850  1.243  3.733 0.0000000000
70927  51.290  1.312  3.890 0.0000000000
70928  50.257  1.130  3.789 0.0000000000
70936  53.961  1.803  2.193 0.0000000000
70937  53.618  1.478  2.801 0.0000000000
70938  52.310  1.433  3.085 0.0000000000
70939  50.988  1.475  3.100 0.0000000000
70951  53.689  1.895  1.633 0.0000000000
70952  53.384  1.616  2.153 0.0000000000
70953  52.157  1.578  2.359 0.0000000000
70954  50.851  1.594  2.274 0.0000000000
70955  42.650  1.492  2.279 0.0000000000
70964  52.968  1.702  1.558 0.0000000000
70965  50.900  1.757  1.355 0.0000000000
70966  50.030  1.429  1.416 0.0000000000
70967  44.891  0.773  1.390 0.0000000000
70968  44.460  1.537  1.566 0.0000000000
70969  43.586  1.691  2.068 0.0000000000
70982  50.449  1.670  0.792 0.0000000000
70983  49.910  1.299  0.780 0.0000000000
70984  45.148  1.525  0.974 0.0000000000
70985  44.721  2.091  1.126 0.0000000000
70993  50.290  1.631  -0.070 0.0000000000
70994  46.533  1.440  -1.011 0.0000000000
70995  45.729  1.655  0.117 0.0000000000
71004  50.406  1.518  -1.976 0.0000000000
71005  47.048  0.825  -1.667 0.0000000000
71006  46.978  1.722  -1.972 0.0000000000
71013  50.578  1.618  -3.099 0.0000000000
71014  47.467  0.941  -2.704 0.0000000000
71022  50.605  1.848  -4.054 0.0000000000
71023  48.798  1.168  -5.566 0.0000000000
71024  48.334  0.733  -4.626 0.0000000000
71032  50.413  1.045  -4.939 0.0000000000
71033  48.092  1.646  -4.818 0.0000000000
71036  50.020  1.408  -5.567 0.0000000000
71037  49.356  1.350  -5.766 0.0000000000
71747  54.614  1.678  4.209 0.0000000000
71756  54.145  1.955  2.332 0.0000000000
71757  54.320  2.034  3.137 0.0000000000
71768  53.893  2.037  1.766 0.0000000000
71769  42.867  2.194  2.160 0.0000000000
71770  42.279  2.178  2.165 0.0000000000
71771  41.842  1.739  2.136 0.0000000000
71779  53.543  2.241  1.160 0.0000000000
71780  53.296  2.385  0.557 0.0000000000
71781  52.536  1.978  0.840 0.0000000000
71782  44.108  2.310  1.484 0.0000000000
71783  43.338  2.605  1.772 0.0000000000
71784  42.471  2.873  1.870 0.0000000000
71785  41.237  1.892  1.796 0.0000000000
71786  40.671  2.377  1.407 0.0000000000
71797  53.439  2.677  0.515 0.0000000000
71798  53.183  2.829  -0.167 0.0000000000
71799  52.831  2.455  -0.060 0.0000000000
71800  51.416  2.144  0.261 0.0000000000
71801  45.124  2.285  0.502 0.0000000000
71802  44.494  2.724  0.780 0.0000000000
71803  43.808  3.067  1.150 0.0000000000
71804  39.979  2.512  0.771 0.0000000000
71805  39.558  2.542  0.108 0.0000000000
71811  52.911  2.961  -0.941 0.0000000000
71812  52.719  2.766  -0.890 0.0000000000
71813  51.431  2.317  -0.666 0.0000000000
71814  46.087  2.099  -0.631 0.0000000000
71815  45.509  2.583  -0.281 0.0000000000
71816  44.872  3.046  0.030 0.0000000000
71817  39.202  2.525  -0.605 0.0000000000
71824  52.580  2.950  -1.453 0.0000000000
71825  51.822  2.619  -1.642 0.0000000000
71826  46.428  2.350  -1.451 0.0000000000
71827  45.845  2.884  -1.071 0.0000000000
71828  38.823  2.581  -1.369 0.0000000000
71833  51.935  2.962  -2.221 0.0000000000
71834  51.045  2.614  -3.179 0.0000000000
71835  47.274  1.960  -2.982 0.0000000000
71836  46.703  2.576  -2.385 0.0000000000
71844  50.463  2.059  -4.875 0.0000000000
71845  47.488  2.213  -4.049 0.0000000000
71846  46.923  2.793  -3.381 0.0000000000
71855  50.092  2.329  -5.471 0.0000000000
71856  49.768  3.133  -5.678 0.0000000000
71857  48.417  2.067  -5.560 0.0000000000
71858  47.779  2.487  -5.084 0.0000000000
71863  49.495  2.192  -5.925 0.0000000000
71864  48.872  2.221  -6.006 0.0000000000
71865  48.198  2.808  -5.893 0.0000000000
72623  53.411  2.978  2.990 0.0000000000
72638  53.806  2.472  2.151 0.0000000000
72639  53.290  3.174  1.652 0.0000000000
72640  52.293  3.590  2.111 0.0000000000
72652  53.623  2.536  1.277 0.0000000000
72653  53.378  3.107  0.770 0.0000000000
72654  52.488  3.642  0.686 0.0000000000
72655  50.629  4.090  1.474 0.0000000000
72657  43.073  3.369  1.418 0.0000000000
72658  42.397  3.564  1.435 0.0000000000
72659  41.741  3.392  1.540 0.0000000000
72660  40.982  3.225  1.423 0.0000000000
72672  53.251  3.065  -0.231 0.0000000000
72673  52.172  3.899  -0.095 0.0000000000
72674  44.204  3.434  0.357 0.0000000000
72675  43.495  3.771  0.713 0.0000000000
72676  42.747  4.043  1.005 0.0000000000
72677  41.210  3.981  1.164 0.0000000000
72678  40.516  3.766  0.895 0.0000000000
72679  39.857  3.324  0.478 0.0000000000
72688  52.660  3.430  -0.991 0.0000000000
72689  45.207  3.345  -0.748 0.0000000000
72690  44.549  3.738  -0.439 0.0000000000
72691  43.901  4.135  -0.074 0.0000000000
72692  39.514  3.750  -0.098 0.0000000000
72696  52.512  3.083  -1.591 0.0000000000
72697  46.149  3.151  -1.911 0.0000000000
72698  45.465  3.585  -1.572 0.0000000000
72699  44.822  3.990  -1.244 0.0000000000
72700  39.088  3.448  -0.845 0.0000000000
72701  38.637  3.419  -1.805 0.0000000000
72706  51.272  3.266  -3.132 0.0000000000
72707  46.349  3.357  -2.844 0.0000000000
72708  45.686  3.817  -2.440 0.0000000000
72709  38.348  3.296  -2.606 0.0000000000
72713  49.693  4.176  -5.332 0.0000000000
72714  47.189  3.045  -4.417 0.0000000000
72715  46.541  3.557  -3.860 0.0000000000
72716  45.917  4.061  -3.368 0.0000000000
72725  47.490  3.279  -5.476 0.0000000000
72726  46.801  3.771  -4.957 0.0000000000
72727  37.989  3.977  -3.972 0.0000000000
72730  48.993  2.996  -6.255 0.0000000000
72731  48.422  3.764  -6.365 0.0000000000
72732  47.867  3.642  -6.279 0.0000000000
72733  47.166  3.964  -5.999 0.0000000000
72744  35.783  4.792  -10.462 0.0000000000
73465  51.270  4.102  0.848 0.0000000000
73466  50.190  4.315  0.943 0.0000000000
73470  41.969  4.110  1.181 0.0000000000
73481  50.828  4.373  0.161 0.0000000000
73482  49.659  4.546  0.259 0.0000000000
73485  43.206  4.491  0.351 0.0000000000
73486  42.366  4.793  0.628 0.0000000000
73487  41.483  4.699  0.829 0.0000000000
73488  40.719  4.567  0.687 0.0000000000
73489  39.953  4.312  0.316 0.0000000000
73498  51.577  4.240  -0.749 0.0000000000
73499  50.993  4.440  -1.368 0.0000000000
73500  50.329  4.579  -0.547 0.0000000000
73501  49.189  4.835  -0.591 0.0000000000
73502  44.269  4.416  -0.861 0.0000000000
73503  43.619  4.887  -0.505 0.0000000000
73504  42.973  5.107  0.076 0.0000000000
73505  39.381  4.452  -0.481 0.0000000000
73510  51.996  3.837  -1.570 0.0000000000
73511  51.427  4.154  -2.060 0.0000000000
73512  49.409  5.091  -1.571 0.0000000000
73513  45.075  4.262  -2.054 0.0000000000
73514  44.519  4.654  -1.638 0.0000000000
73515  44.063  4.953  -1.242 0.0000000000
73516  38.867  4.296  -1.449 0.0000000000
73522  51.216  4.055  -2.800 0.0000000000
73523  50.314  4.657  -3.141 0.0000000000
73524  45.306  4.535  -2.930 0.0000000000
73525  44.713  4.973  -2.468 0.0000000000
73526  38.505  4.271  -2.492 0.0000000000
73531  50.757  3.927  -3.655 0.0000000000
73532  50.071  4.502  -4.193 0.0000000000
73533  46.156  4.290  -4.396 0.0000000000
73534  45.532  4.734  -3.879 0.0000000000
73535  38.343  4.676  -3.568 0.0000000000
73542  49.042  4.734  -5.927 0.0000000000
73543  46.448  4.557  -5.627 0.0000000000
73544  45.772  4.974  -4.836 0.0000000000
73545  38.162  4.581  -4.334 0.0000000000
73546  37.837  4.108  -4.709 0.0000000000
73548  49.052  3.851  -6.206 0.0000000000
73549  48.402  4.488  -6.469 0.0000000000
73550  47.803  4.397  -6.588 0.0000000000
73551  47.157  4.557  -6.454 0.0000000000
73552  38.112  4.812  -5.027 0.0000000000
73553  37.702  4.184  -5.611 0.0000000000
73555  47.892  4.934  -6.705 0.0000000000
73556  47.443  4.958  -6.690 0.0000000000
73557  38.041  5.096  -5.867 0.0000000000
73558  37.748  4.632  -6.603 0.0000000000
73561  37.683  4.651  -7.698 0.0000000000
73564  37.654  4.709  -8.874 0.0000000000
73566  37.119  5.016  -9.980 0.0000000000
74329  48.236  5.112  -0.396 0.0000000000
74333  41.764  5.303  0.556 0.0000000000
74334  41.030  5.310  0.555 0.0000000000
74335  40.206  5.250  0.262 0.0000000000
74346  48.479  5.348  -1.136 0.0000000000
74347  47.540  5.671  -0.730 0.0000000000
74349  43.167  5.596  -0.471 0.0000000000
74350  42.400  5.650  0.151 0.0000000000
74351  41.537  5.889  0.350 0.0000000000
74352  39.996  6.118  -0.012 0.0000000000
74353  39.534  5.398  -0.409 0.0000000000
74360  49.572  5.222  -2.550 0.0000000000
74361  48.724  5.591  -2.028 0.0000000000
74362  47.881  5.884  -1.591 0.0000000000
74363  44.257  5.345  -1.849 0.0000000000
74364  43.727  5.496  -1.183 0.0000000000
74365  39.048  5.711  -1.223 0.0000000000
74366  38.705  6.073  -1.981 0.0000000000
74371  49.539  5.218  -3.646 0.0000000000
74372  48.877  5.790  -3.030 0.0000000000
74373  48.143  6.150  -2.440 0.0000000000
74374  45.015  5.312  -3.445 0.0000000000
74375  44.473  5.900  -2.720 0.0000000000
74376  43.910  6.068  -1.811 0.0000000000
74377  38.540  5.210  -2.827 0.0000000000
74384  49.418  5.024  -4.845 0.0000000000
74385  45.168  5.795  -4.165 0.0000000000
74386  44.849  6.071  -3.645 0.0000000000
74387  38.463  5.611  -3.641 0.0000000000
74394  48.832  5.419  -5.503 0.0000000000
74395  46.052  5.327  -5.659 0.0000000000
74396  45.555  5.795  -5.015 0.0000000000
74397  38.351  5.217  -4.409 0.0000000000
74399  48.361  5.236  -6.320 0.0000000000
74400  47.535  5.638  -6.507 0.0000000000
74401  46.715  5.331  -6.411 0.0000000000
74402  46.164  6.026  -5.925 0.0000000000
74403  38.349  5.533  -5.276 0.0000000000
74405  38.361  5.848  -6.333 0.0000000000
74406  38.027  5.355  -7.102 0.0000000000
74408  38.370  6.079  -7.485 0.0000000000
74409  37.947  5.453  -8.197 0.0000000000
74411  38.283  6.293  -8.429 0.0000000000
74412  37.804  5.861  -9.100 0.0000000000
74414  37.060  5.653  -9.861 0.0000000000
74415  34.923  5.568  -10.366 0.0000000000
74416  34.821  6.185  -10.140 0.0000000000
75141  40.727  5.976  0.293 0.0000000000
75149  46.719  6.547  -0.605 0.0000000000
75150  43.325  6.168  -1.053 0.0000000000
75151  41.245  6.465  0.253 0.0000000000
75152  40.584  6.730  0.133 0.0000000000
75153  39.844  6.936  -0.221 0.0000000000
75157  46.987  6.984  -1.412 0.0000000000
75158  43.521  6.787  -1.569 0.0000000000
75159  42.768  6.879  -0.753 0.0000000000
75160  39.228  7.012  -0.826 0.0000000000
75161  38.760  6.932  -1.610 0.0000000000
75166  47.729  6.770  -2.793 0.0000000000
75167  44.630  6.873  -3.383 0.0000000000
75168  44.111  6.749  -2.366 0.0000000000
75169  38.553  6.769  -2.530 0.0000000000
75175  48.289  6.391  -3.424 0.0000000000
75176  47.807  6.997  -3.725 0.0000000000
75177  45.205  6.594  -4.445 0.0000000000
75184  48.155  6.618  -4.520 0.0000000000
75185  47.632  6.957  -5.360 0.0000000000
75186  45.788  6.662  -5.396 0.0000000000
75188  48.182  6.109  -5.679 0.0000000000
75189  47.331  6.565  -6.027 0.0000000000
75190  46.426  6.780  -5.881 0.0000000000
75191  38.484  6.155  -5.467 0.0000000000
75193  38.632  6.635  -6.992 0.0000000000
75194  38.713  6.801  -7.920 0.0000000000
75195  38.520  7.131  -8.856 0.0000000000
75196  37.045  6.281  -9.772 0.0000000000
75198  35.888  6.612  -10.154 0.0000000000
75199  34.988  6.817  -10.157 0.0000000000
75923  46.606  7.567  -0.920 0.0000000000
75924  41.522  7.938  -0.212 0.0000000000
75925  40.499  7.637  -0.043 0.0000000000
75926  39.589  7.725  -0.438 0.0000000000
75930  47.314  7.357  -2.253 0.0000000000
75931  46.942  7.833  -1.559 0.0000000000
75932  43.175  7.499  -1.318 0.0000000000
75933  42.454  7.726  -0.669 0.0000000000
75934  38.920  7.726  -1.111 0.0000000000
75935  38.539  7.641  -2.060 0.0000000000
75940  47.565  7.396  -3.138 0.0000000000
75941  44.299  7.569  -2.704 0.0000000000
75942  43.771  7.439  -1.978 0.0000000000
75943  38.470  7.468  -3.070 0.0000000000
75947  47.580  7.862  -4.068 0.0000000000
75948  45.186  7.622  -4.211 0.0000000000
75949  44.740  7.800  -3.434 0.0000000000
75950  38.487  7.305  -3.879 0.0000000000
75957  47.485  7.790  -5.099 0.0000000000
75958  45.694  7.479  -5.069 0.0000000000
75959  38.513  7.602  -4.681 0.0000000000
75964  47.129  7.501  -5.619 0.0000000000
75965  46.696  7.487  -5.700 0.0000000000
75966  46.134  7.305  -5.564 0.0000000000
75967  38.632  7.403  -5.731 0.0000000000
75969  38.775  7.274  -6.674 0.0000000000
75973  37.166  7.100  -9.653 0.0000000000
75974  35.680  7.351  -10.127 0.0000000000
76662  46.348  8.241  -0.551 0.0000000000
76663  42.930  8.946  -0.956 0.0000000000
76664  42.250  8.489  -0.577 0.0000000000
76665  41.452  8.822  -0.280 0.0000000000
76666  40.790  8.415  -0.140 0.0000000000
76667  40.035  8.455  -0.257 0.0000000000
76672  47.105  8.707  -1.767 0.0000000000
76673  46.720  8.488  -1.075 0.0000000000
76674  44.264  8.957  -2.116 0.0000000000
76675  43.614  8.671  -1.567 0.0000000000
76676  42.971  8.218  -1.155 0.0000000000
76677  39.262  8.498  -0.725 0.0000000000
76678  38.687  8.505  -1.515 0.0000000000
76683  47.372  8.853  -2.752 0.0000000000
76684  44.644  8.525  -2.943 0.0000000000
76685  44.013  8.173  -2.161 0.0000000000
76686  38.460  8.483  -2.669 0.0000000000
76691  47.435  8.975  -3.967 0.0000000000
76692  45.875  8.520  -4.857 0.0000000000
76693  45.255  8.519  -3.903 0.0000000000
76694  38.466  8.071  -3.720 0.0000000000
76699  47.328  8.569  -4.837 0.0000000000
76700  47.035  8.808  -5.123 0.0000000000
76701  46.672  8.749  -5.135 0.0000000000
76702  38.540  8.669  -4.515 0.0000000000
76708  47.141  8.257  -5.301 0.0000000000
76709  46.908  8.212  -5.439 0.0000000000
76710  46.309  8.014  -5.398 0.0000000000
76711  38.655  8.239  -5.477 0.0000000000
77412  46.289  9.423  -0.068 0.0000000000
77413  45.886  9.671  0.490 0.0000000000
77422  47.248  10.269  -1.422 0.0000000000
77423  46.793  10.049  -0.600 0.0000000000
77424  42.991  9.683  -0.701 0.0000000000
77425  42.210  9.274  -0.465 0.0000000000
77426  41.460  9.630  -0.224 0.0000000000
77427  40.613  9.194  -0.254 0.0000000000
77428  39.687  9.230  -0.524 0.0000000000
77434  46.966  9.384  -1.221 0.0000000000
77435  43.583  9.373  -1.287 0.0000000000
77436  38.955  9.285  -1.055 0.0000000000
77437  38.578  9.330  -1.951 0.0000000000
77444  47.406  10.376  -3.135 0.0000000000
77445  45.863  10.168  -3.714 0.0000000000
77446  44.919  9.521  -2.781 0.0000000000
77447  38.484  9.447  -2.982 0.0000000000
77452  46.735  10.025  -4.307 0.0000000000
77453  45.921  9.389  -4.371 0.0000000000
77454  45.304  9.236  -3.554 0.0000000000
77455  38.550  9.523  -3.978 0.0000000000
77459  47.160  9.236  -4.698 0.0000000000
77460  46.966  9.373  -4.764 0.0000000000
77461  46.501  9.246  -4.756 0.0000000000
78191  45.785  10.819  0.828 0.0000000000
78199  46.868  10.898  -0.229 0.0000000000
78200  46.406  10.888  0.327 0.0000000000
78201  41.725  11.121  0.242 0.0000000000
78202  41.078  11.140  0.236 0.0000000000
78209  47.267  10.938  -0.902 0.0000000000
78210  43.249  10.531  -0.561 0.0000000000
78211  42.374  10.844  -0.008 0.0000000000
78212  41.471  10.462  0.017 0.0000000000
78213  40.583  10.613  -0.133 0.0000000000
78214  40.167  9.918  -0.416 0.0000000000
78221  47.497  11.049  -1.767 0.0000000000
78222  44.794  10.697  -1.827 0.0000000000
78223  44.131  10.583  -1.204 0.0000000000
78224  39.406  10.049  -0.798 0.0000000000
78225  38.842  10.030  -1.467 0.0000000000
78230  47.441  11.055  -2.733 0.0000000000
78231  46.189  11.060  -3.296 0.0000000000
78232  45.264  10.433  -2.607 0.0000000000
78233  38.952  10.775  -1.903 0.0000000000
78234  38.638  10.144  -2.406 0.0000000000
78238  47.234  10.860  -3.536 0.0000000000
78239  47.027  10.837  -3.846 0.0000000000
78240  46.665  10.754  -3.827 0.0000000000
78241  38.658  10.281  -3.449 0.0000000000
78937  45.490  11.426  1.187 0.0000000000
78941  46.841  11.587  0.106 0.0000000000
78942  46.195  11.505  0.622 0.0000000000
78943  42.275  11.565  0.240 0.0000000000
78944  41.500  11.714  0.406 0.0000000000
78945  40.777  11.790  0.345 0.0000000000
78946  40.174  11.765  0.037 0.0000000000
78953  47.539  11.698  -1.313 0.0000000000
78954  47.277  11.637  -0.525 0.0000000000
78955  44.128  11.942  -0.766 0.0000000000
78956  43.915  11.173  -0.787 0.0000000000
78957  43.199  11.493  -0.245 0.0000000000
78958  40.078  11.105  -0.273 0.0000000000
78959  39.724  11.625  -0.495 0.0000000000
78967  47.524  11.724  -2.247 0.0000000000
78968  44.674  11.422  -1.431 0.0000000000
78974  47.326  12.311  -2.588 0.0000000000
78975  47.021  12.125  -3.035 0.0000000000
78976  46.520  11.860  -2.948 0.0000000000
78982  47.195  11.558  -3.200 0.0000000000
78983  46.907  11.398  -3.469 0.0000000000
79691  45.906  12.686  0.942 0.0000000000
79695  47.580  13.171  -0.631 0.0000000000
79696  47.268  12.320  -0.195 0.0000000000
79697  46.596  12.305  0.446 0.0000000000
79698  42.686  12.883  0.249 0.0000000000
79699  42.047  12.265  0.447 0.0000000000
79700  41.171  12.497  0.574 0.0000000000
79701  40.382  12.435  0.320 0.0000000000
79707  47.629  12.893  -1.389 0.0000000000
79708  47.577  12.359  -0.934 0.0000000000
79709  44.291  12.850  -0.759 0.0000000000
79710  43.464  12.427  -0.252 0.0000000000
79711  42.761  12.111  0.134 0.0000000000
79718  47.409  13.054  -2.152 0.0000000000
79719  45.691  13.047  -1.917 0.0000000000
79720  45.008  12.399  -1.456 0.0000000000
79730  47.083  12.702  -2.669 0.0000000000
79731  46.836  12.642  -2.746 0.0000000000
79732  45.909  12.393  -2.340 0.0000000000
80437  47.512  13.921  -0.415 0.0000000000
80438  47.244  13.574  0.071 0.0000000000
80439  46.614  13.162  0.501 0.0000000000
80446  47.651  13.984  -1.109 0.0000000000
80447  44.348  13.710  -0.739 0.0000000000
80448  43.574  13.346  -0.255 0.0000000000
80454  47.277  13.948  -1.935 0.0000000000
80455  46.782  14.003  -2.195 0.0000000000
80456  45.933  13.820  -1.988 0.0000000000
80465  47.045  13.283  -2.419 0.0000000000
80466  46.471  13.245  -2.369 0.0000000000
81167  47.303  14.339  0.016 0.0000000000
81176  47.528  14.565  -0.591 0.0000000000
81177  45.154  14.387  -1.339 0.0000000000
81181  47.442  14.700  -1.385 0.0000000000
81182  46.983  14.824  -1.877 0.0000000000
81183  46.259  14.636  -1.950 0.0000000000
81184  45.716  15.274  -1.620 0.0000000000
81857  47.473  15.348  -0.872 0.0000000000
81863  47.202  15.349  -1.448 0.0000000000
81864  46.893  15.641  -1.578 0.0000000000
107228  54.298  -20.330  9.915 0.0000000000
107279  54.193  -20.690  8.978 0.0000000000
107330  49.258  -29.534  8.505 0.0000000000
107337  50.404  -0.074  -4.884 0.0000000000
107345  52.806  -14.532  4.274 0.0000000000
107353  54.047  -25.219  14.275 0.0000000000
107359  56.660  -26.001  13.712 0.0000000000
107419  55.005  -14.282  4.037 0.0000000000
107495  51.539  3.849  1.622 0.0000000000
107535  49.200  -37.457  12.035 0.0000000000
107546  54.601  -24.359  11.103 0.0000000000
107558  53.405  -4.669  1.316 0.0000000000
107632  51.711  -37.625  10.024 0.0000000000
107641  53.315  -24.762  10.173 0.0000000000
107766  58.416  -23.969  13.473 0.0000000000
107768  58.131  -24.935  13.563 0.0000000000
107916  57.875  -25.800  13.625 0.0000000000
107994  57.453  -14.251  5.507 0.0000000000
108035  55.175  -27.185  14.137 0.0000000000
108072  48.600  -29.451  8.325 0.0000000000
108100  50.645  -0.532  -4.184 0.0000000000
108349  55.636  -22.970  13.718 0.0000000000
108356  48.851  -15.905  5.039 0.0000000000
108453  38.519  6.770  -5.134 0.0000000000
108469  56.526  -29.822  11.460 0.0000000000
108495  58.746  -26.004  12.608 0.0000000000
108547  47.518  -2.889  -0.908 0.0000000000
108548  50.559  -37.707  10.433 0.0000000000
108740  51.967  -12.470  6.084 0.0000000000
108811  50.508  -27.279  12.526 0.0000000000
109014  50.768  2.714  -3.987 0.0000000000
109056  48.681  -18.064  4.962 0.0000000000
109194  51.319  -16.234  7.932 0.0000000000
109340  56.280  -23.732  8.558 0.0000000000
109424  48.968  -2.695  -1.993 0.0000000000
109448  53.244  -5.184  1.510 0.0000000000
109464  56.287  -31.268  11.212 0.0000000000
109583  38.498  6.849  -4.360 0.0000000000
109908  46.846  6.261  -6.324 0.0000000000
109980  53.296  -14.504  7.549 0.0000000000
109991  50.384  -16.687  2.855 0.0000000000
110034  55.041  -36.341  11.559 0.0000000000
110140  59.124  -23.783  13.142 0.0000000000
110441  56.143  -25.706  12.278 0.0000000000
110523  47.742  1.319  -3.792 0.0000000000
110543  58.851  -27.884  12.869 0.0000000000
110651  53.809  -25.359  11.714 0.0000000000
110715  54.126  -23.610  14.064 0.0000000000
110743  53.738  -26.869  12.421 0.0000000000
110857  50.379  -1.178  0.824 0.0000000000
110907  47.041  -3.464  0.283 0.0000000000
110967  50.798  -16.760  9.396 0.0000000000
111127  51.768  -19.554  3.019 0.0000000000
111134  37.471  3.718  -6.403 0.0000000000
111149  50.916  -39.883  8.467 0.0000000000
111171  55.369  -23.927  11.271 0.0000000000
111192  52.735  -21.939  3.277 0.0000000000
111257  54.192  -9.920  6.742 0.0000000000
111321  52.651  3.527  1.376 0.0000000000
111364  50.275  -38.999  9.867 0.0000000000
111368  49.278  -37.075  14.092 0.0000000000
111372  54.033  0.372  5.851 0.0000000000
111424  53.933  -5.475  6.313 0.0000000000
111429  48.773  -40.080  14.664 0.0000000000
111453  53.302  -24.290  4.105 0.0000000000
111454  51.832  3.444  -2.216 0.0000000000
111456  48.515  3.124  -6.175 0.0000000000
111662  53.027  -4.608  -0.197 0.0000000000
111686  50.208  1.427  2.037 0.0000000000
111696  58.786  -14.602  8.788 0.0000000000
111699  49.999  -15.865  2.831 0.0000000000
111804  56.810  -31.079  11.335 0.0000000000
111812  55.744  -24.289  11.798 0.0000000000
111887  47.498  6.551  -1.946 0.0000000000
112008  53.551  -23.741  7.913 0.0000000000
112221  42.285  10.062  -0.267 0.0000000000
112305  47.164  -1.732  -1.615 0.0000000000
112310  51.262  -1.528  -3.015 0.0000000000
112319  49.166  -41.406  14.654 0.0000000000
112388  49.361  -38.039  8.489 0.0000000000
112398  54.484  -23.844  5.405 0.0000000000
112417  39.598  10.870  -0.739 0.0000000000
112434  50.788  -29.808  7.542 0.0000000000
112593  48.931  -38.756  14.132 0.0000000000
112594  47.766  -2.652  0.535 0.0000000000
112676  47.495  4.163  -6.387 0.0000000000
112736  45.604  -2.422  0.234 0.0000000000
112767  51.624  -13.137  3.525 0.0000000000
112776  49.461  -0.111  3.225 0.0000000000
112780  47.817  -14.599  6.539 0.0000000000
112793  49.819  -18.452  2.562 0.0000000000
112807  59.358  -14.519  10.828 0.0000000000
112941  51.296  -20.121  6.860 0.0000000000
113044  52.323  -38.498  9.590 0.0000000000
113088  51.809  1.732  1.682 0.0000000000
113195  47.597  12.370  -1.770 0.0000000000
113236  58.209  -31.312  14.349 0.0000000000
113349  48.259  -37.469  9.466 0.0000000000
113398  52.347  -14.239  9.193 0.0000000000
113539  56.940  -9.372  5.311 0.0000000000
113547  47.373  -35.783  3.828 0.0000000000
113548  57.958  -33.509  14.256 0.0000000000
113608  50.743  -1.032  -1.621 0.0000000000
113639  41.849  12.917  0.544 0.0000000000
113720  51.935  -36.380  6.881 0.0000000000
113822  41.326  7.113  0.062 0.0000000000
113924  50.597  -28.613  12.678 0.0000000000
113932  56.944  -29.219  11.469 0.0000000000
113975  47.178  10.059  -4.165 0.0000000000
113997  56.114  -14.430  6.535 0.0000000000
114020  58.636  -14.568  7.910 0.0000000000
114158  55.175  -13.652  10.328 0.0000000000
114184  54.260  -7.082  5.415 0.0000000000
114266  46.728  -38.101  11.439 0.0000000000
114330  54.952  -20.206  12.029 0.0000000000
114338  38.580  6.659  -6.047 0.0000000000
114399  46.423  10.210  0.090 0.0000000000
114404  53.155  -32.175  10.606 0.0000000000
114435  50.068  1.123  -1.002 0.0000000000
114553  44.711  -39.041  6.447 0.0000000000
114889  55.302  -21.612  5.905 0.0000000000
114956  56.982  -21.795  13.518 0.0000000000
115064  54.108  1.261  3.639 0.0000000000
115166  53.957  -20.567  13.146 0.0000000000
115211  45.572  0.647  0.617 0.0000000000
115251  52.575  -31.830  7.748 0.0000000000
115312  50.653  2.020  -1.139 0.0000000000
115526  50.459  4.677  -2.101 0.0000000000
115601  51.540  -3.790  -2.265 0.0000000000
115626  38.871  7.204  -7.437 0.0000000000
115665  47.054  -4.296  6.112 0.0000000000
115687  54.376  -9.084  6.422 0.0000000000
115698  38.206  3.774  -3.244 0.0000000000
115746  51.264  -19.600  4.111 0.0000000000
115772  42.753  6.168  -0.421 0.0000000000
115795  55.235  -32.844  10.391 0.0000000000
115811  51.329  -28.457  12.714 0.0000000000
115830  47.344  9.678  -2.241 0.0000000000
115845  55.106  -14.406  6.755 0.0000000000
115879  51.109  2.389  -2.394 0.0000000000
116058  46.493  -0.128  -0.731 0.0000000000
116156  53.513  -21.084  13.631 0.0000000000
116178  54.630  -11.318  6.329 0.0000000000
116221  50.509  -0.404  -2.212 0.0000000000
116229  42.042  6.513  0.003 0.0000000000
116275  45.903  12.014  0.920 0.0000000000
116283  57.650  -28.339  11.650 0.0000000000
116328  55.383  -32.779  15.596 0.0000000000
116330  39.429  6.277  -0.624 0.0000000000
116375  54.046  -14.096  3.741 0.0000000000
116488  47.431  -3.067  4.447 0.0000000000
116686  53.632  -27.826  12.556 0.0000000000
116687  53.693  -21.388  5.565 0.0000000000
116784  57.826  -11.647  5.133 0.0000000000
116851  58.473  -27.965  13.478 0.0000000000
116906  56.132  -35.359  11.088 0.0000000000
116991  42.020  7.260  -0.241 0.0000000000
117020  37.443  3.792  -7.319 0.0000000000
117221  50.335  3.688  -4.629 0.0000000000
117228  54.124  1.755  2.928 0.0000000000
117325  43.672  9.984  -1.082 0.0000000000
117342  46.532  9.081  -0.612 0.0000000000
117402  37.483  3.938  -8.540 0.0000000000
117466  47.582  13.434  -1.480 0.0000000000
117494  53.127  -20.788  8.148 0.0000000000
117516  50.823  -17.323  9.910 0.0000000000
117550  50.873  -45.545  13.594 0.0000000000
117841  51.203  -29.080  12.746 0.0000000000
117857  45.661  -39.402  3.464 0.0000000000
117889  50.310  -40.090  14.419 0.0000000000
117934  48.849  -39.390  10.058 0.0000000000
117993  38.470  8.845  -3.562 0.0000000000
118000  49.168  -40.675  14.651 0.0000000000
118028  52.260  -2.849  1.468 0.0000000000
118077  52.771  -12.429  5.620 0.0000000000
118098  47.400  9.655  -3.344 0.0000000000
118131  40.858  9.960  -0.207 0.0000000000
118297  57.504  -10.822  5.073 0.0000000000
118306  38.502  6.567  -3.559 0.0000000000
118307  38.549  5.965  -2.836 0.0000000000
118417  52.710  -28.083  12.682 0.0000000000
118472  41.577  2.543  1.853 0.0000000000
118498  49.663  -38.589  14.412 0.0000000000
118513  53.268  -36.316  7.677 0.0000000000
118606  57.639  -14.505  7.899 0.0000000000
118611  37.664  5.306  -9.195 0.0000000000
118648  47.440  10.495  -2.241 0.0000000000
118650  43.495  7.989  -1.665 0.0000000000
118679  37.213  4.228  -9.993 0.0000000000
118735  52.067  -20.462  2.910 0.0000000000
118762  40.368  3.079  1.082 0.0000000000
118777  51.078  -17.853  8.150 0.0000000000
118823  48.825  5.844  -4.360 0.0000000000
119128  54.630  -28.014  12.427 0.0000000000
119353  55.569  -36.446  11.261 0.0000000000
119366  48.770  -2.475  0.489 0.0000000000
119409  49.066  -2.141  -3.685 0.0000000000
119505  57.459  -9.251  6.685 0.0000000000
119590  45.072  13.363  -1.356 0.0000000000
119925  47.412  8.055  -3.045 0.0000000000
119959  50.447  -35.316  8.463 0.0000000000
119965  59.931  -21.008  11.115 0.0000000000
119978  56.524  -34.065  11.364 0.0000000000
120014  54.013  2.402  4.217 0.0000000000
120039  39.107  5.003  -1.122 0.0000000000
120048  56.440  -35.320  12.607 0.0000000000
120157  38.738  5.163  -1.945 0.0000000000
120174  53.067  3.286  2.400 0.0000000000
120336  54.533  -36.271  9.268 0.0000000000
120401  47.219  8.114  -2.218 0.0000000000
120476  54.067  -35.207  8.679 0.0000000000
120642  46.466  15.263  -1.819 0.0000000000
120782  39.408  3.118  -0.177 0.0000000000
120805  49.527  -40.203  14.518 0.0000000000
120808  57.124  -21.254  13.306 0.0000000000
120867  53.809  -33.968  8.496 0.0000000000
120905  59.840  -14.456  8.773 0.0000000000
120912  52.591  -20.917  3.253 0.0000000000
120979  53.151  -42.601  15.936 0.0000000000
120994  59.122  -25.689  12.935 0.0000000000
121091  50.995  -1.765  -4.061 0.0000000000
121184  56.061  -14.218  8.208 0.0000000000
121192  51.069  -29.647  12.568 0.0000000000
121206  46.905  -37.727  10.909 0.0000000000
121316  47.751  7.233  -4.572 0.0000000000
121337  55.069  -11.608  5.556 0.0000000000
121340  35.122  6.228  -10.299 0.0000000000
121348  53.464  -23.660  5.819 0.0000000000
121392  51.529  -15.937  5.554 0.0000000000
121394  57.475  -21.482  7.036 0.0000000000
121480  56.604  -23.755  7.676 0.0000000000
121679  53.394  -14.911  5.680 0.0000000000
121757  50.748  3.313  -4.002 0.0000000000
121963  59.237  -23.219  13.029 0.0000000000
122122  48.280  -15.000  5.949 0.0000000000
122190  51.119  -16.033  8.785 0.0000000000
122254  57.249  -14.422  6.317 0.0000000000
122313  55.580  -34.014  14.094 0.0000000000
122355  49.829  0.716  -0.316 0.0000000000
122368  49.544  -9.737  8.398 0.0000000000
122369  50.582  -17.620  11.051 0.0000000000
122414  50.041  4.748  -1.205 0.0000000000
122494  56.399  -33.376  11.166 0.0000000000
122528  46.709  -36.223  11.703 0.0000000000
122532  53.495  2.771  3.702 0.0000000000
122768  57.523  -28.912  11.568 0.0000000000
122774  35.936  5.961  -10.251 0.0000000000
122901  54.676  -14.190  7.676 0.0000000000
122922  52.832  -21.171  5.807 0.0000000000
122923  53.520  -20.632  8.724 0.0000000000
122969  56.206  -33.749  14.628 0.0000000000
123035  54.611  -22.299  13.845 0.0000000000
123196  39.195  10.595  -1.204 0.0000000000
123211  46.128  -41.689  4.931 0.0000000000
123241  49.242  -28.382  12.561 0.0000000000
123258  55.964  -27.539  13.907 0.0000000000
123340  57.227  -8.704  5.572 0.0000000000
123351  58.515  -12.772  5.711 0.0000000000
123422  50.513  -2.302  -4.243 0.0000000000
123529  54.725  -20.638  13.132 0.0000000000
123535  56.638  -24.118  11.950 0.0000000000
123541  59.187  -13.109  8.608 0.0000000000
123542  51.008  -22.616  3.017 0.0000000000
123572  50.118  -29.770  5.486 0.0000000000
123797  59.507  -20.914  8.865 0.0000000000
123825  50.023  -21.116  2.790 0.0000000000
123856  51.054  -12.916  4.199 0.0000000000
123857  56.823  -20.713  8.896 0.0000000000
123895  47.655  -4.164  5.673 0.0000000000
123944  47.171  12.896  0.107 0.0000000000
124074  55.039  -20.669  9.147 0.0000000000
124099  57.667  -29.858  11.603 0.0000000000
124124  51.395  -23.960  3.648 0.0000000000
124418  55.297  -25.872  12.307 0.0000000000
124501  48.962  -0.941  -4.619 0.0000000000
124553  45.509  11.387  -2.340 0.0000000000
124677  55.744  -22.117  13.674 0.0000000000
124723  52.966  1.465  2.570 0.0000000000
124727  52.190  2.431  -0.413 0.0000000000
124897  58.736  -27.165  13.228 0.0000000000
124935  53.525  -4.625  4.260 0.0000000000
124973  46.209  -40.657  4.975 0.0000000000
125005  45.575  -0.087  0.609 0.0000000000
125117  50.460  2.894  -4.816 0.0000000000
125157  53.399  1.986  1.096 0.0000000000
125286  49.582  0.530  2.843 0.0000000000
125336  47.280  6.309  -1.247 0.0000000000
125506  38.994  6.397  -1.246 0.0000000000
125585  49.277  -29.722  11.896 0.0000000000
125609  55.977  -31.950  10.990 0.0000000000
125705  46.179  8.729  -0.194 0.0000000000
125754  55.500  -35.791  10.398 0.0000000000
125811  48.824  -39.270  8.886 0.0000000000
125875  54.573  -33.856  9.578 0.0000000000
125908  46.020  10.332  0.534 0.0000000000
125928  48.206  -0.479  -3.677 0.0000000000
125942  40.538  11.280  0.066 0.0000000000
126092  57.810  -31.104  14.515 0.0000000000
126235  46.960  6.946  -6.030 0.0000000000
126238  50.621  -30.334  8.695 0.0000000000
126353  49.764  -39.715  8.828 0.0000000000
126386  49.383  -12.469  6.595 0.0000000000
126463  53.008  -23.384  7.727 0.0000000000
126513  54.957  -33.552  14.408 0.0000000000
126528  48.474  -0.093  -4.452 0.0000000000
126555  38.050  5.276  -6.460 0.0000000000
126568  53.805  -42.145  14.801 0.0000000000
126596  51.075  -31.225  10.584 0.0000000000
126657  54.892  0.624  5.371 0.0000000000
126660  55.041  -24.464  11.600 0.0000000000
126758  43.967  9.186  -1.665 0.0000000000
126772  46.151  1.512  -0.420 0.0000000000
126825  55.817  -20.664  9.251 0.0000000000
126832  47.086  -36.922  4.535 0.0000000000
126844  50.925  -16.396  9.089 0.0000000000
126942  36.130  5.410  -10.312 0.0000000000
126982  37.924  6.482  -9.193 0.0000000000
127026  58.112  -29.528  11.822 0.0000000000
127038  39.731  4.875  -0.008 0.0000000000
127130  55.176  -22.604  13.756 0.0000000000
127238  54.072  -22.919  14.031 0.0000000000
127503  47.008  -3.271  4.900 0.0000000000
127541  48.207  -2.459  0.605 0.0000000000
127694  60.022  -21.072  10.483 0.0000000000
127803  59.012  -21.543  13.142 0.0000000000
127823  48.661  -15.327  5.393 0.0000000000
127906  52.144  -12.595  4.989 0.0000000000
127942  58.758  -14.339  6.711 0.0000000000
128024  51.226  -16.290  5.507 0.0000000000
128087  58.338  -32.664  13.792 0.0000000000
128167  46.645  0.604  -0.995 0.0000000000
128211  45.293  11.873  -1.837 0.0000000000
128220  50.893  2.193  -1.760 0.0000000000
128595  54.421  -14.460  4.326 0.0000000000
128710  39.929  10.508  -0.465 0.0000000000
128722  54.871  -24.091  9.789 0.0000000000
128755  49.760  -10.388  8.352 0.0000000000
128774  54.981  -37.447  10.507 0.0000000000
128989  51.975  -3.545  4.330 0.0000000000
129061  38.485  6.080  -4.553 0.0000000000
129111  44.347  9.815  -1.784 0.0000000000
129165  55.590  -32.310  10.776 0.0000000000
129226  53.919  -14.218  7.827 0.0000000000
129426  38.620  5.597  -2.407 0.0000000000
129442  54.040  -23.797  7.186 0.0000000000
129447  45.373  5.303  -4.267 0.0000000000
