# sub-07 hemi-R FacesvsAllnoFacenoCS_scaled Cluster_3
14
3736 33.944000 -80.712000 -3.017000 1
3737 33.200000 -81.079000 -2.447000 1
3746 34.497000 -80.579000 -4.039000 1
3758 33.938000 -80.919000 -4.270000 1
4440 34.438000 -79.905000 -3.047000 1
4441 33.475000 -80.038000 -2.581000 1
4448 35.562000 -79.656000 -4.066000 1
4449 34.911000 -80.100000 -3.738000 1
4450 34.365000 -80.469000 -3.478000 1
5129 34.620000 -79.020000 -2.908000 1
5144 35.175000 -79.398000 -3.390000 1
5151 36.175000 -79.093000 -4.407000 1
5882 36.140000 -77.829000 -3.174000 1
5883 35.224000 -78.487000 -2.992000 1
