# sub-07 hemi-R RWvsSC_scaled Cluster_21
43
26034 28.255000 -55.767000 -12.089000 1
26997 27.353000 -55.028000 -11.302000 1
26998 26.428000 -54.864000 -10.499000 1
27008 31.290000 -54.226000 -13.207000 1
27009 31.060000 -54.912000 -13.243000 1
27010 29.079000 -55.513000 -12.653000 1
27011 27.978000 -54.759000 -11.765000 1
27021 30.569000 -55.121000 -13.300000 1
27993 27.136000 -53.173000 -10.677000 1
27994 26.203000 -53.323000 -10.116000 1
28006 31.632000 -53.916000 -12.927000 1
28009 28.731000 -53.786000 -12.099000 1
28010 27.852000 -53.840000 -11.445000 1
29073 27.964000 -52.159000 -11.049000 1
29074 27.340000 -52.488000 -10.671000 1
29075 26.461000 -52.439000 -10.132000 1
29076 25.687000 -52.727000 -9.503000 1
29089 32.743000 -52.695000 -12.224000 1
29090 32.108000 -53.267000 -12.793000 1
29094 27.955000 -52.990000 -11.267000 1
29103 31.542000 -53.577000 -13.251000 1
30145 25.407000 -51.584000 -9.086000 1
30153 27.902000 -51.455000 -10.786000 1
30154 27.158000 -51.759000 -10.404000 1
30155 26.350000 -51.713000 -9.918000 1
30156 25.768000 -51.965000 -9.500000 1
30165 33.001000 -51.716000 -12.540000 1
30166 32.370000 -52.172000 -12.978000 1
30176 32.673000 -51.093000 -13.151000 1
31222 27.357000 -50.865000 -10.318000 1
31223 26.406000 -50.611000 -9.813000 1
31224 25.864000 -51.180000 -9.514000 1
31236 33.190000 -49.885000 -12.976000 1
103585 30.161000 -55.932000 -13.060000 1
108219 27.331000 -55.886000 -11.379000 1
109324 27.004000 -54.106000 -10.767000 1
111584 30.547000 -55.373000 -13.135000 1
111765 25.422000 -52.215000 -9.115000 1
111782 31.712000 -52.670000 -13.321000 1
116504 26.631000 -51.226000 -10.005000 1
116775 26.044000 -54.017000 -10.120000 1
117018 28.602000 -54.543000 -12.212000 1
121179 33.164000 -50.715000 -12.837000 1
