# sub-07 hemi-L FacesvsAllnoFacenoCS_scaled Cluster_15
20
12418 -39.080000 -71.872000 -6.899000 1
13303 -39.781000 -71.565000 -7.323000 1
13317 -40.634000 -71.179000 -7.874000 1
13318 -41.457000 -70.342000 -8.264000 1
13336 -41.309000 -71.273000 -8.525000 1
13337 -41.846000 -70.925000 -8.913000 1
14219 -39.233000 -69.616000 -5.824000 1
14238 -38.947000 -70.517000 -6.177000 1
14239 -39.778000 -69.814000 -6.520000 1
14240 -40.130000 -70.486000 -7.235000 1
14257 -40.813000 -70.113000 -7.660000 1
14258 -42.129000 -69.786000 -8.184000 1
14274 -42.355000 -70.345000 -8.782000 1
15127 -39.609000 -69.014000 -5.327000 1
15142 -39.868000 -69.168000 -5.963000 1
15143 -40.482000 -69.120000 -6.303000 1
15144 -41.275000 -69.074000 -6.604000 1
15155 -40.633000 -69.541000 -7.040000 1
15156 -41.549000 -69.518000 -7.510000 1
111933 -39.385000 -70.960000 -6.766000 1
