# sub-07 hemi-L CSvsAllNotext_scaled Cluster_1
88
4875 -31.923000 -81.554000 -9.467000 1
4876 -32.356000 -81.332000 -8.925000 1
4877 -33.036000 -81.358000 -8.743000 1
4878 -33.540000 -81.464000 -9.660000 1
4888 -31.514000 -81.681000 -10.261000 1
4889 -32.254000 -81.887000 -10.169000 1
4890 -33.019000 -81.663000 -10.200000 1
4898 -30.780000 -81.639000 -12.050000 1
4899 -31.876000 -81.994000 -11.003000 1
4900 -32.817000 -81.650000 -10.963000 1
4912 -30.564000 -81.604000 -12.946000 1
4913 -31.107000 -81.890000 -12.602000 1
4914 -31.836000 -81.749000 -12.726000 1
4928 -32.940000 -81.120000 -13.071000 1
4945 -31.930000 -81.320000 -14.340000 1
4967 -30.160000 -80.806000 -16.290000 1
5530 -32.651000 -80.910000 -8.433000 1
5531 -33.463000 -80.885000 -8.086000 1
5545 -31.671000 -80.401000 -9.799000 1
5562 -31.191000 -80.860000 -10.606000 1
5582 -33.433000 -81.181000 -11.732000 1
5595 -30.500000 -81.004000 -12.482000 1
5596 -30.733000 -80.346000 -12.228000 1
5597 -33.435000 -80.944000 -12.431000 1
5610 -32.930000 -80.703000 -14.066000 1
5611 -33.733000 -80.161000 -13.815000 1
5625 -29.800000 -80.063000 -15.469000 1
5634 -29.802000 -80.512000 -16.051000 1
5646 -30.033000 -80.334000 -16.874000 1
5655 -29.957000 -79.532000 -17.449000 1
6225 -33.109000 -80.184000 -7.970000 1
6239 -32.166000 -80.003000 -9.164000 1
6256 -31.535000 -79.824000 -10.643000 1
6257 -32.130000 -79.216000 -10.176000 1
6275 -31.194000 -79.831000 -11.594000 1
6276 -32.065000 -78.839000 -11.353000 1
6294 -30.562000 -80.188000 -13.026000 1
6295 -31.243000 -79.372000 -12.708000 1
6311 -30.371000 -79.911000 -13.978000 1
6312 -31.224000 -79.010000 -13.628000 1
6313 -34.445000 -79.589000 -14.518000 1
6327 -27.335000 -79.347000 -14.487000 1
6328 -30.385000 -79.242000 -14.958000 1
6329 -34.192000 -79.611000 -15.201000 1
6342 -27.191000 -79.294000 -15.345000 1
6355 -27.339000 -78.937000 -16.201000 1
6357 -30.015000 -78.170000 -16.207000 1
7008 -32.641000 -79.592000 -8.593000 1
7037 -32.767000 -78.506000 -10.065000 1
7053 -32.078000 -78.572000 -12.481000 1
7054 -32.930000 -78.233000 -11.062000 1
7073 -32.001000 -78.327000 -13.307000 1
7074 -32.567000 -77.865000 -12.999000 1
7088 -29.374000 -77.626000 -13.868000 1
7089 -31.127000 -78.486000 -14.418000 1
7090 -31.803000 -78.056000 -13.932000 1
7091 -32.204000 -77.636000 -13.377000 1
7100 -27.916000 -78.740000 -14.222000 1
7101 -28.556000 -78.065000 -14.865000 1
7102 -30.845000 -78.072000 -15.147000 1
7103 -31.337000 -77.769000 -14.389000 1
7113 -27.824000 -78.666000 -15.064000 1
7114 -28.563000 -77.958000 -15.800000 1
7115 -30.421000 -77.936000 -15.680000 1
7127 -29.594000 -77.938000 -16.425000 1
7953 -29.322000 -77.610000 -14.668000 1
7954 -29.983000 -77.364000 -14.523000 1
7955 -31.116000 -77.294000 -13.971000 1
7956 -31.747000 -77.484000 -13.748000 1
7965 -29.364000 -77.624000 -15.457000 1
7966 -30.038000 -77.462000 -15.167000 1
7967 -30.664000 -77.544000 -14.736000 1
7978 -29.376000 -77.700000 -16.068000 1
7979 -30.015000 -77.687000 -15.822000 1
7980 -30.480000 -77.681000 -15.372000 1
105470 -33.812000 -80.419000 -13.072000 1
107710 -30.253000 -78.641000 -15.720000 1
108283 -27.742000 -78.585000 -15.771000 1
108675 -32.983000 -77.858000 -12.209000 1
109733 -30.248000 -77.276000 -13.913000 1
111622 -31.181000 -81.816000 -13.507000 1
112501 -31.032000 -81.706000 -11.128000 1
112601 -30.295000 -81.517000 -13.912000 1
112603 -31.449000 -81.889000 -11.864000 1
114693 -32.628000 -81.606000 -9.464000 1
119942 -31.597000 -81.134000 -9.741000 1
120030 -33.692000 -79.896000 -14.545000 1
120804 -32.469000 -79.139000 -9.410000 1
