# sub-07 hemi-R RWvsAllnoletterstring_scaled Cluster_22
47
35276 41.432000 -46.931000 -13.820000 1
35277 40.672000 -46.446000 -13.331000 1
35282 41.542000 -46.759000 -14.785000 1
35283 40.667000 -46.392000 -14.358000 1
35287 42.988000 -46.699000 -15.809000 1
35288 41.951000 -46.415000 -15.589000 1
35291 43.634000 -46.334000 -16.692000 1
36264 40.930000 -46.116000 -15.314000 1
36266 42.576000 -45.996000 -16.349000 1
36267 41.556000 -45.629000 -16.078000 1
36268 44.373000 -46.014000 -17.659000 1
36269 43.303000 -45.483000 -17.223000 1
36270 42.317000 -45.177000 -16.750000 1
36271 45.905000 -45.831000 -18.924000 1
37285 46.000000 -45.306000 -19.257000 1
37288 45.253000 -44.990000 -18.837000 1
37289 44.223000 -45.033000 -18.110000 1
37292 40.735000 -44.164000 -16.201000 1
38266 45.526000 -43.281000 -18.319000 1
38274 47.150000 -45.668000 -19.576000 1
38275 45.670000 -44.259000 -18.943000 1
38276 44.408000 -43.228000 -18.261000 1
38277 43.394000 -42.590000 -17.646000 1
38278 40.521000 -43.316000 -16.244000 1
38282 47.272000 -45.202000 -19.610000 1
38283 45.209000 -44.230000 -18.815000 1
38284 44.145000 -43.718000 -18.175000 1
39215 46.758000 -43.841000 -19.081000 1
39216 46.310000 -43.976000 -19.035000 1
39219 40.477000 -42.280000 -16.285000 1
39223 48.086000 -45.141000 -19.685000 1
39227 49.054000 -44.327000 -19.727000 1
39228 48.533000 -44.807000 -19.698000 1
39229 49.522000 -43.656000 -19.652000 1
40210 46.556000 -42.129000 -17.365000 1
40211 45.980000 -42.508000 -17.221000 1
40219 47.208000 -43.531000 -19.041000 1
40220 47.040000 -41.406000 -17.320000 1
40224 48.588000 -43.884000 -20.024000 1
40227 49.259000 -43.491000 -20.015000 1
105450 47.832000 -40.737000 -18.462000 1
105866 46.388000 -44.632000 -19.358000 1
106092 47.535000 -45.103000 -19.689000 1
106782 40.559000 -45.145000 -15.698000 1
106958 46.756000 -45.813000 -19.217000 1
109665 47.537000 -42.104000 -18.515000 1
124799 45.252000 -45.811000 -18.419000 1
