# sub-07 hemi-L CSvsAllnoletterstring_scaled Cluster_15
141
25338 -49.262000 -58.339000 -15.872000 1
26306 -48.030000 -57.936000 -13.895000 1
26309 -55.117000 -56.348000 -13.267000 1
26312 -48.713000 -57.935000 -14.839000 1
26313 -49.424000 -57.429000 -15.737000 1
26316 -54.133000 -56.311000 -14.676000 1
26322 -50.242000 -57.377000 -16.833000 1
27263 -48.579000 -56.656000 -13.651000 1
27264 -49.124000 -56.178000 -14.357000 1
27265 -54.696000 -55.801000 -14.090000 1
27266 -55.168000 -55.527000 -13.300000 1
27270 -48.916000 -57.016000 -14.585000 1
27271 -49.377000 -56.568000 -15.184000 1
27273 -54.236000 -55.425000 -14.949000 1
27277 -49.655000 -55.640000 -15.359000 1
27278 -50.725000 -56.356000 -16.985000 1
28225 -55.114000 -54.940000 -12.996000 1
28230 -48.849000 -55.711000 -13.407000 1
28231 -49.270000 -54.709000 -13.867000 1
28235 -49.673000 -54.408000 -15.128000 1
28236 -53.702000 -54.756000 -15.785000 1
28237 -54.120000 -54.973000 -15.193000 1
28239 -50.270000 -54.784000 -16.098000 1
28240 -50.853000 -55.264000 -16.835000 1
28242 -53.327000 -55.011000 -16.449000 1
28243 -51.352000 -55.735000 -17.173000 1
29241 -52.786000 -53.626000 -10.752000 1
29243 -55.332000 -53.529000 -9.723000 1
29246 -52.322000 -54.237000 -11.965000 1
29247 -53.514000 -54.050000 -11.337000 1
29248 -54.691000 -53.889000 -10.899000 1
29253 -49.167000 -54.073000 -13.240000 1
29254 -52.277000 -54.234000 -13.320000 1
29255 -53.540000 -54.556000 -12.641000 1
29256 -54.850000 -54.495000 -12.066000 1
29262 -49.473000 -53.588000 -14.533000 1
29263 -52.276000 -53.682000 -14.962000 1
29264 -53.366000 -54.498000 -14.368000 1
29265 -54.400000 -54.848000 -13.666000 1
29268 -49.848000 -53.273000 -15.509000 1
29269 -52.239000 -53.671000 -16.087000 1
29270 -53.231000 -54.292000 -15.568000 1
29272 -50.362000 -53.578000 -16.115000 1
29273 -51.025000 -54.252000 -16.653000 1
30243 -51.608000 -52.665000 -9.775000 1
30244 -53.053000 -52.629000 -8.914000 1
30249 -51.179000 -53.029000 -10.918000 1
30250 -52.195000 -53.144000 -10.207000 1
30251 -53.766000 -52.932000 -9.342000 1
30257 -48.966000 -52.921000 -12.320000 1
30258 -51.119000 -53.069000 -12.211000 1
30259 -51.705000 -53.644000 -11.407000 1
30263 -48.997000 -53.652000 -12.560000 1
30264 -51.371000 -52.906000 -13.592000 1
30265 -51.616000 -53.782000 -12.629000 1
30269 -51.595000 -52.684000 -14.995000 1
30270 -49.766000 -52.416000 -15.426000 1
30271 -51.564000 -52.753000 -15.918000 1
30272 -50.193000 -52.721000 -15.915000 1
30274 -51.365000 -53.049000 -16.222000 1
31190 -52.815000 -52.116000 -5.485000 1
31196 -52.756000 -51.958000 -6.291000 1
31204 -51.559000 -51.750000 -7.604000 1
31205 -52.831000 -52.103000 -7.383000 1
31219 -51.606000 -52.000000 -8.330000 1
31226 -51.069000 -52.257000 -9.371000 1
31227 -52.181000 -52.423000 -8.670000 1
31233 -50.838000 -52.277000 -10.551000 1
31238 -49.140000 -51.336000 -12.957000 1
31239 -50.852000 -52.212000 -11.846000 1
31244 -49.325000 -51.482000 -14.074000 1
31245 -51.203000 -51.912000 -13.386000 1
31248 -49.563000 -51.636000 -15.059000 1
31249 -51.349000 -51.778000 -14.904000 1
32165 -51.832000 -51.813000 -5.040000 1
32173 -50.796000 -51.346000 -5.493000 1
32174 -51.740000 -51.655000 -5.932000 1
32179 -50.717000 -51.184000 -6.470000 1
32180 -51.528000 -51.642000 -6.848000 1
32186 -50.744000 -51.262000 -7.611000 1
32199 -50.758000 -51.616000 -9.088000 1
32206 -50.728000 -51.436000 -10.215000 1
32213 -50.951000 -51.148000 -11.665000 1
32221 -51.222000 -51.254000 -12.817000 1
32224 -49.346000 -50.382000 -14.143000 1
32225 -51.483000 -50.715000 -14.048000 1
32226 -49.591000 -50.769000 -15.156000 1
33160 -50.028000 -50.271000 -5.536000 1
33161 -50.204000 -50.821000 -5.043000 1
33165 -50.151000 -49.689000 -6.080000 1
33166 -50.318000 -50.435000 -6.288000 1
33175 -50.628000 -50.062000 -8.347000 1
33191 -51.957000 -49.897000 -11.264000 1
33198 -51.967000 -49.997000 -12.275000 1
33203 -51.774000 -50.038000 -13.359000 1
33206 -49.716000 -49.400000 -14.782000 1
34128 -49.878000 -49.535000 -5.311000 1
34129 -50.263000 -48.941000 -5.898000 1
34143 -50.786000 -49.451000 -7.683000 1
34151 -51.410000 -49.540000 -9.139000 1
35056 -50.639000 -47.501000 -4.465000 1
35061 -50.564000 -48.269000 -5.574000 1
35070 -50.976000 -48.457000 -6.609000 1
35079 -51.720000 -49.048000 -8.495000 1
35975 -51.404000 -47.193000 -4.683000 1
35980 -51.325000 -47.831000 -5.953000 1
35981 -51.598000 -47.411000 -5.367000 1
35982 -52.406000 -47.469000 -6.122000 1
35992 -52.042000 -48.042000 -7.017000 1
36905 -51.164000 -47.076000 -3.935000 1
36906 -52.048000 -46.867000 -4.066000 1
36907 -52.962000 -46.826000 -4.229000 1
36921 -52.254000 -47.066000 -4.953000 1
36922 -53.283000 -47.006000 -5.357000 1
36939 -53.643000 -47.437000 -6.904000 1
103140 -49.291000 -52.731000 -13.811000 1
103563 -50.873000 -47.630000 -5.182000 1
104316 -50.457000 -50.411000 -7.181000 1
105464 -51.307000 -51.080000 -14.783000 1
108470 -50.394000 -50.840000 -5.759000 1
108984 -51.070000 -48.893000 -7.388000 1
109142 -50.606000 -50.851000 -8.783000 1
109195 -50.923000 -51.634000 -8.256000 1
109236 -48.433000 -57.349000 -13.992000 1
110426 -50.778000 -50.615000 -9.960000 1
111023 -50.573000 -49.162000 -6.717000 1
111939 -52.504000 -51.888000 -6.975000 1
112248 -51.760000 -53.569000 -13.800000 1
112280 -54.192000 -54.305000 -11.698000 1
112764 -51.032000 -49.958000 -9.667000 1
112836 -50.239000 -48.075000 -4.788000 1
113067 -50.979000 -50.577000 -11.015000 1
115959 -51.121000 -53.408000 -16.436000 1
115983 -50.242000 -55.696000 -16.325000 1
118269 -54.106000 -47.143000 -6.219000 1
120229 -49.874000 -56.500000 -16.135000 1
120472 -52.982000 -52.312000 -7.771000 1
120694 -49.689000 -50.018000 -15.141000 1
121741 -50.385000 -49.793000 -6.787000 1
123676 -49.133000 -52.136000 -13.007000 1
124311 -49.328000 -55.352000 -14.357000 1
