# sub-07 hemi-R RWvsAllnoletterstring_scaled Cluster_12
22
16777 43.495000 -64.043000 -2.798000 1
18851 45.282000 -62.211000 -0.143000 1
18852 44.322000 -62.274000 -0.184000 1
18853 43.765000 -62.402000 -0.801000 1
18868 43.676000 -62.433000 -1.757000 1
18883 43.676000 -62.484000 -2.603000 1
19816 45.935000 -61.926000 -0.762000 1
19817 44.698000 -61.829000 -0.848000 1
19834 45.589000 -61.514000 -1.428000 1
19835 44.653000 -61.565000 -1.712000 1
19836 44.024000 -61.879000 -2.092000 1
19852 46.670000 -61.379000 -2.016000 1
19853 45.436000 -61.174000 -2.190000 1
19854 44.524000 -61.413000 -2.636000 1
19855 43.933000 -61.931000 -2.805000 1
20815 46.228000 -60.844000 -2.849000 1
20816 45.257000 -60.903000 -2.891000 1
20830 46.815000 -60.694000 -3.807000 1
105039 43.590000 -65.141000 -2.627000 1
107079 46.542000 -61.727000 -1.289000 1
116211 43.486000 -63.058000 -2.386000 1
117732 44.105000 -61.940000 -1.380000 1
