# sub-07 hemi-R CSvsAllnoletterstring_scaled Cluster_25
23
31168 39.136000 -49.743000 -6.849000 1
31181 38.345000 -49.563000 -7.676000 1
31182 37.693000 -49.474000 -8.192000 1
31196 38.740000 -50.037000 -8.085000 1
31197 38.100000 -49.566000 -8.872000 1
32179 40.421000 -49.520000 -6.545000 1
32180 39.598000 -49.366000 -6.405000 1
32181 38.560000 -49.205000 -6.679000 1
32182 37.670000 -48.920000 -6.927000 1
32194 37.840000 -49.243000 -7.497000 1
33173 40.781000 -48.896000 -6.623000 1
33174 40.146000 -48.772000 -6.276000 1
33175 39.251000 -48.550000 -6.022000 1
33176 38.232000 -48.526000 -6.214000 1
33190 40.622000 -48.088000 -6.612000 1
34189 40.061000 -47.236000 -6.347000 1
34190 39.398000 -47.641000 -5.826000 1
34200 41.119000 -47.798000 -7.404000 1
34201 40.656000 -47.321000 -7.000000 1
34211 40.856000 -47.094000 -7.745000 1
35204 40.315000 -46.574000 -7.163000 1
114083 39.954000 -48.073000 -6.091000 1
114341 40.539000 -46.497000 -8.044000 1
