# sub-07 hemi-L FacesvsAllnoFacenoCS_scaled Cluster_4
16
5529 -27.183000 -79.832000 -8.565000 1
5544 -27.309000 -80.032000 -9.412000 1
5561 -27.074000 -80.276000 -10.266000 1
5579 -25.963000 -80.853000 -11.446000 1
5580 -26.699000 -80.419000 -11.331000 1
6237 -27.721000 -79.529000 -9.160000 1
6238 -28.214000 -78.884000 -8.943000 1
6254 -27.612000 -79.773000 -10.116000 1
6255 -28.146000 -79.236000 -9.863000 1
7020 -28.606000 -78.258000 -8.771000 1
7021 -29.104000 -77.773000 -8.911000 1
7035 -28.763000 -78.470000 -9.629000 1
7036 -29.487000 -77.681000 -9.688000 1
7052 -29.121000 -78.155000 -10.889000 1
7909 -30.072000 -77.046000 -9.713000 1
114152 -27.404000 -79.876000 -11.222000 1
