# sub-07 hemi-R CSvsAllnoletterstring_scaled Cluster_10
76
5917 30.222000 -77.566000 -5.208000 1
6666 30.984000 -75.774000 -4.634000 1
6677 31.161000 -76.186000 -5.189000 1
6678 30.723000 -76.953000 -5.226000 1
6685 31.159000 -76.466000 -6.128000 1
7418 31.613000 -74.791000 -4.711000 1
7419 31.019000 -75.117000 -4.423000 1
7420 30.394000 -75.649000 -4.263000 1
7433 36.178000 -74.872000 -5.841000 1
7434 34.807000 -74.886000 -5.894000 1
7435 33.007000 -74.945000 -6.121000 1
7436 32.337000 -74.714000 -5.223000 1
7437 31.565000 -75.408000 -5.078000 1
7443 35.797000 -75.088000 -6.602000 1
7444 34.677000 -75.090000 -6.722000 1
7446 32.592000 -75.368000 -6.893000 1
7447 31.801000 -75.766000 -6.617000 1
8191 36.367000 -74.096000 -5.258000 1
8192 35.038000 -74.102000 -5.048000 1
8193 33.975000 -74.153000 -4.924000 1
8194 32.907000 -74.203000 -4.848000 1
8195 31.952000 -74.257000 -4.626000 1
8196 31.083000 -74.346000 -4.373000 1
8197 30.290000 -74.788000 -4.224000 1
8198 29.472000 -75.120000 -4.311000 1
8211 37.402000 -74.669000 -5.709000 1
8212 35.896000 -74.389000 -5.393000 1
8213 34.885000 -74.455000 -5.345000 1
8214 33.670000 -74.546000 -5.389000 1
8947 36.713000 -73.438000 -5.246000 1
8948 35.326000 -73.472000 -5.037000 1
8949 34.207000 -73.565000 -4.820000 1
8950 33.241000 -73.624000 -4.696000 1
8951 32.308000 -73.611000 -4.580000 1
8952 31.368000 -73.675000 -4.483000 1
8953 29.917000 -73.604000 -4.843000 1
8964 30.260000 -72.940000 -5.672000 1
8977 29.742000 -73.226000 -6.945000 1
9728 36.706000 -72.667000 -5.378000 1
9729 35.530000 -72.732000 -5.270000 1
9730 34.394000 -72.846000 -5.006000 1
9731 33.441000 -72.975000 -4.769000 1
9732 32.665000 -73.093000 -4.656000 1
9733 31.764000 -73.001000 -4.674000 1
9734 30.830000 -73.339000 -4.622000 1
9746 35.844000 -72.049000 -5.624000 1
9747 34.572000 -72.234000 -5.410000 1
9748 33.580000 -72.405000 -5.146000 1
9749 32.679000 -72.614000 -4.908000 1
9750 30.881000 -72.837000 -4.974000 1
9760 30.700000 -72.513000 -6.493000 1
9782 31.285000 -72.154000 -8.328000 1
10550 36.826000 -71.657000 -5.877000 1
10551 35.743000 -71.547000 -6.054000 1
10552 34.733000 -71.716000 -5.850000 1
10553 33.740000 -71.847000 -5.651000 1
10554 32.831000 -72.056000 -5.440000 1
10570 35.969000 -71.283000 -6.818000 1
10572 33.901000 -71.483000 -6.424000 1
10573 32.978000 -71.643000 -6.160000 1
10574 32.262000 -71.860000 -5.934000 1
10594 32.259000 -71.702000 -6.747000 1
104941 31.040000 -72.480000 -5.698000 1
106028 32.292000 -71.652000 -7.903000 1
106321 32.161000 -75.290000 -5.952000 1
110237 31.525000 -72.093000 -6.317000 1
113307 30.494000 -73.899000 -4.380000 1
114352 31.588000 -75.802000 -5.800000 1
117556 36.844000 -75.197000 -6.713000 1
119168 36.592000 -71.362000 -6.328000 1
119435 31.503000 -71.995000 -7.290000 1
120825 29.841000 -74.276000 -4.410000 1
120872 33.896000 -74.913000 -6.203000 1
121691 31.852000 -72.345000 -5.315000 1
122012 31.102000 -72.254000 -6.919000 1
124812 29.889000 -75.598000 -4.125000 1
