# sub-07 hemi-R LimbsvsAllnoLimbsnoCS_scaled Cluster_5
15
3607 23.620000 -79.964000 10.115000 1
4304 23.952000 -79.294000 10.128000 1
4966 26.994000 -78.808000 11.013000 1
4967 26.144000 -78.519000 11.222000 1
4968 25.304000 -78.389000 11.372000 1
4984 27.084000 -79.054000 9.988000 1
4985 26.306000 -78.652000 10.371000 1
4986 25.566000 -78.475000 10.606000 1
4987 24.456000 -78.801000 10.218000 1
4996 26.323000 -79.075000 9.395000 1
104245 24.805000 -78.454000 10.748000 1
105694 25.155000 -78.676000 10.021000 1
110060 23.497000 -80.703000 10.308000 1
113913 27.765000 -79.600000 9.716000 1
115644 25.760000 -78.688000 9.943000 1
