#!ascii label  , from subject sub-02 vox2ras=TkReg aparc.a2009s=S_occipital_ant
581
10153  -42.367  -72.496  19.905 0.0000000000
10164  -38.101  -71.997  18.888 0.0000000000
10165  -39.178  -72.200  18.980 0.0000000000
10166  -41.348  -72.094  19.590 0.0000000000
10177  -37.102  -72.031  17.783 0.0000000000
10178  -37.541  -72.135  18.291 0.0000000000
10179  -38.507  -72.442  18.306 0.0000000000
10180  -39.751  -72.501  18.293 0.0000000000
10181  -41.318  -72.423  18.225 0.0000000000
10195  -37.899  -72.378  17.530 0.0000000000
10196  -39.046  -72.608  17.595 0.0000000000
10197  -40.342  -72.524  17.591 0.0000000000
10217  -37.815  -72.070  16.717 0.0000000000
10218  -39.703  -72.266  16.201 0.0000000000
11001  -42.878  -71.406  23.740 0.0000000000
11018  -42.970  -71.948  22.551 0.0000000000
11036  -40.896  -71.429  21.069 0.0000000000
11037  -41.937  -71.722  21.230 0.0000000000
11038  -42.768  -72.108  21.632 0.0000000000
11053  -38.212  -71.075  20.013 0.0000000000
11054  -39.276  -71.366  20.262 0.0000000000
11055  -40.489  -71.665  20.363 0.0000000000
11056  -41.679  -71.940  20.469 0.0000000000
11057  -42.536  -72.315  20.828 0.0000000000
11064  -36.892  -71.292  19.008 0.0000000000
11065  -37.707  -71.481  19.340 0.0000000000
11066  -38.672  -71.721  19.558 0.0000000000
11067  -39.886  -71.894  19.633 0.0000000000
11077  -35.956  -71.162  17.865 0.0000000000
11078  -36.715  -71.659  18.285 0.0000000000
11079  -37.335  -71.758  18.770 0.0000000000
11096  -36.520  -71.626  17.480 0.0000000000
11097  -37.151  -71.951  17.056 0.0000000000
11115  -36.637  -71.389  16.611 0.0000000000
11116  -37.365  -71.584  16.286 0.0000000000
11117  -38.206  -71.758  16.005 0.0000000000
11133  -36.990  -70.921  15.850 0.0000000000
11134  -37.642  -71.186  15.716 0.0000000000
11135  -38.304  -71.075  15.374 0.0000000000
11884  -41.797  -70.387  23.346 0.0000000000
11899  -40.388  -70.415  22.319 0.0000000000
11900  -41.343  -70.739  22.542 0.0000000000
11901  -42.241  -71.144  22.767 0.0000000000
11916  -39.146  -70.396  21.440 0.0000000000
11917  -40.119  -70.848  21.645 0.0000000000
11918  -41.149  -71.158  21.774 0.0000000000
11919  -42.129  -71.436  21.979 0.0000000000
11931  -36.955  -69.975  19.941 0.0000000000
11932  -37.822  -70.356  20.376 0.0000000000
11933  -38.712  -70.707  20.752 0.0000000000
11934  -39.757  -71.106  20.968 0.0000000000
11943  -35.733  -70.351  18.903 0.0000000000
11944  -36.498  -70.622  19.275 0.0000000000
11945  -37.312  -70.827  19.678 0.0000000000
11962  -34.878  -70.050  17.801 0.0000000000
11963  -35.454  -70.575  18.188 0.0000000000
11964  -36.140  -71.020  18.602 0.0000000000
11983  -35.380  -70.565  17.449 0.0000000000
11984  -35.938  -71.072  17.025 0.0000000000
11998  -35.516  -70.325  16.629 0.0000000000
11999  -36.242  -70.632  16.179 0.0000000000
12012  -36.840  -69.928  15.607 0.0000000000
12013  -37.619  -70.408  15.516 0.0000000000
12014  -38.528  -70.112  15.273 0.0000000000
12795  -42.321  -70.331  24.157 0.0000000000
12796  -42.732  -69.646  24.643 0.0000000000
12806  -39.823  -69.533  22.567 0.0000000000
12807  -40.698  -69.727  23.083 0.0000000000
12808  -41.583  -69.474  23.884 0.0000000000
12820  -38.054  -68.995  21.272 0.0000000000
12821  -38.725  -69.481  21.740 0.0000000000
12822  -39.517  -70.056  22.047 0.0000000000
12830  -37.017  -69.044  20.354 0.0000000000
12831  -37.607  -69.522  20.651 0.0000000000
12832  -38.307  -69.929  21.087 0.0000000000
12840  -34.704  -69.276  18.763 0.0000000000
12841  -35.470  -69.544  19.235 0.0000000000
12842  -36.308  -69.302  19.813 0.0000000000
12854  -34.562  -69.574  18.168 0.0000000000
12855  -35.047  -69.966  18.509 0.0000000000
12865  -34.391  -69.342  17.521 0.0000000000
12866  -34.883  -69.955  17.074 0.0000000000
12875  -34.651  -69.286  16.768 0.0000000000
12876  -35.236  -69.497  16.312 0.0000000000
12877  -35.994  -69.694  15.852 0.0000000000
12885  -35.813  -68.689  15.789 0.0000000000
12886  -36.787  -68.768  15.711 0.0000000000
12887  -37.832  -68.950  15.750 0.0000000000
13651  -41.997  -68.586  24.110 0.0000000000
13652  -43.023  -68.848  24.617 0.0000000000
13664  -39.430  -68.641  22.497 0.0000000000
13665  -40.053  -68.711  22.981 0.0000000000
13666  -40.910  -68.458  23.438 0.0000000000
13675  -37.767  -68.145  21.091 0.0000000000
13676  -38.308  -68.222  21.535 0.0000000000
13677  -38.802  -68.572  22.018 0.0000000000
13684  -36.538  -68.446  20.178 0.0000000000
13685  -37.204  -68.234  20.616 0.0000000000
13688  -34.359  -68.529  18.994 0.0000000000
13689  -35.005  -68.845  19.282 0.0000000000
13690  -35.725  -68.684  19.699 0.0000000000
13701  -33.248  -67.526  17.843 0.0000000000
13702  -33.697  -68.123  18.440 0.0000000000
13712  -33.815  -68.594  17.687 0.0000000000
13722  -33.598  -68.030  17.227 0.0000000000
13723  -34.184  -68.592  16.797 0.0000000000
13724  -34.943  -68.668  16.164 0.0000000000
13732  -36.620  -67.785  15.639 0.0000000000
13733  -37.637  -67.840  15.785 0.0000000000
14477  -41.766  -67.611  23.500 0.0000000000
14478  -42.881  -68.038  24.156 0.0000000000
14494  -39.865  -67.710  22.577 0.0000000000
14495  -40.802  -67.270  22.829 0.0000000000
14496  -41.867  -66.681  22.601 0.0000000000
14504  -38.197  -67.283  21.259 0.0000000000
14505  -39.441  -67.107  21.959 0.0000000000
14506  -40.231  -66.712  22.099 0.0000000000
14507  -41.096  -66.327  22.062 0.0000000000
14512  -36.879  -67.593  20.411 0.0000000000
14513  -37.531  -67.446  20.812 0.0000000000
14514  -38.464  -66.376  20.928 0.0000000000
14517  -35.039  -68.011  19.585 0.0000000000
14518  -36.066  -67.797  20.043 0.0000000000
14533  -33.400  -67.118  18.760 0.0000000000
14534  -34.120  -67.682  19.224 0.0000000000
14535  -34.758  -67.217  19.603 0.0000000000
14550  -33.415  -67.294  16.868 0.0000000000
14551  -34.004  -67.711  16.413 0.0000000000
14552  -34.644  -67.973  16.110 0.0000000000
14564  -34.689  -67.240  15.681 0.0000000000
14565  -35.519  -67.702  15.659 0.0000000000
14566  -37.367  -67.276  15.476 0.0000000000
14585  -36.000  -66.805  14.667 0.0000000000
14586  -36.977  -66.917  15.000 0.0000000000
14602  -35.849  -66.767  13.552 0.0000000000
15325  -42.924  -66.493  22.006 0.0000000000
15331  -38.961  -66.697  21.426 0.0000000000
15332  -39.780  -66.318  21.456 0.0000000000
15333  -40.596  -66.034  21.453 0.0000000000
15334  -42.856  -66.163  20.767 0.0000000000
15341  -37.329  -66.776  20.529 0.0000000000
15342  -39.306  -65.869  20.860 0.0000000000
15343  -41.130  -65.589  20.740 0.0000000000
15344  -41.984  -65.760  20.661 0.0000000000
15350  -34.394  -65.919  19.601 0.0000000000
15351  -35.080  -66.431  19.756 0.0000000000
15352  -36.554  -66.884  20.208 0.0000000000
15353  -37.164  -65.989  20.209 0.0000000000
15366  -32.594  -65.643  18.454 0.0000000000
15367  -32.912  -66.295  18.653 0.0000000000
15368  -34.129  -66.802  19.431 0.0000000000
15378  -32.616  -66.129  17.780 0.0000000000
15379  -32.918  -66.830  18.132 0.0000000000
15388  -32.822  -66.053  16.185 0.0000000000
15389  -33.244  -66.599  16.471 0.0000000000
15390  -33.893  -66.956  16.043 0.0000000000
15401  -34.356  -66.706  15.377 0.0000000000
15402  -35.426  -66.964  15.217 0.0000000000
15412  -34.076  -66.389  14.888 0.0000000000
15413  -34.430  -66.410  14.226 0.0000000000
15414  -35.222  -66.585  14.156 0.0000000000
15426  -34.664  -66.450  13.507 0.0000000000
15440  -33.722  -66.067  12.508 0.0000000000
15441  -34.565  -66.338  12.664 0.0000000000
15442  -35.246  -66.508  12.472 0.0000000000
15451  -33.074  -65.817  11.049 0.0000000000
15452  -33.427  -65.889  11.751 0.0000000000
15453  -34.231  -66.074  11.798 0.0000000000
15454  -35.000  -66.288  11.868 0.0000000000
15461  -34.092  -65.926  10.319 0.0000000000
15462  -34.709  -66.072  10.973 0.0000000000
15469  -32.816  -65.820  10.282 0.0000000000
15470  -34.108  -66.059  9.498 0.0000000000
15471  -34.757  -66.034  10.025 0.0000000000
15482  -31.518  -65.773  8.261 0.0000000000
15483  -32.359  -66.139  8.432 0.0000000000
15484  -33.246  -66.370  8.259 0.0000000000
15497  -31.789  -66.064  7.506 0.0000000000
15498  -32.692  -66.494  7.511 0.0000000000
15515  -31.873  -66.115  6.595 0.0000000000
15516  -32.524  -66.607  6.674 0.0000000000
15532  -31.925  -65.925  5.876 0.0000000000
15533  -32.325  -66.062  5.196 0.0000000000
16191  -37.925  -66.173  20.533 0.0000000000
16192  -38.615  -65.707  20.498 0.0000000000
16193  -40.875  -65.225  20.217 0.0000000000
16194  -41.841  -65.412  19.951 0.0000000000
16195  -42.714  -65.820  19.763 0.0000000000
16199  -35.509  -65.432  19.736 0.0000000000
16200  -36.637  -65.380  19.837 0.0000000000
16201  -37.429  -65.265  19.937 0.0000000000
16202  -38.728  -65.119  20.106 0.0000000000
16203  -39.545  -64.835  19.951 0.0000000000
16204  -40.551  -64.870  19.883 0.0000000000
16205  -41.579  -65.058  19.620 0.0000000000
16206  -42.624  -65.427  19.259 0.0000000000
16224  -33.015  -65.512  19.152 0.0000000000
16225  -33.768  -65.534  19.463 0.0000000000
16233  -31.834  -65.119  16.734 0.0000000000
16234  -32.193  -65.188  17.733 0.0000000000
16239  -31.539  -65.167  15.992 0.0000000000
16240  -32.188  -65.574  16.072 0.0000000000
16247  -31.822  -65.417  15.197 0.0000000000
16248  -32.731  -65.870  15.386 0.0000000000
16249  -33.323  -66.090  14.779 0.0000000000
16258  -31.733  -65.512  14.175 0.0000000000
16259  -32.536  -65.804  14.535 0.0000000000
16275  -31.033  -65.112  12.896 0.0000000000
16276  -31.692  -65.508  13.258 0.0000000000
16277  -32.406  -65.824  13.629 0.0000000000
16278  -33.156  -66.058  13.962 0.0000000000
16291  -30.923  -65.047  12.008 0.0000000000
16292  -31.692  -65.417  12.350 0.0000000000
16293  -32.393  -65.740  12.741 0.0000000000
16294  -33.103  -65.952  13.108 0.0000000000
16300  -30.781  -64.989  11.096 0.0000000000
16301  -31.591  -65.338  11.451 0.0000000000
16307  -30.616  -64.930  10.197 0.0000000000
16308  -31.334  -65.313  10.539 0.0000000000
16309  -32.221  -65.578  10.858 0.0000000000
16315  -30.545  -64.844  9.330 0.0000000000
16316  -31.062  -65.339  9.602 0.0000000000
16317  -31.957  -65.591  9.968 0.0000000000
16326  -30.567  -64.724  8.619 0.0000000000
16327  -30.937  -65.315  8.636 0.0000000000
16328  -31.682  -65.708  9.048 0.0000000000
16338  -30.731  -64.954  7.990 0.0000000000
16339  -31.179  -65.472  7.790 0.0000000000
16346  -31.385  -65.548  7.052 0.0000000000
16353  -31.620  -65.441  6.312 0.0000000000
16354  -31.993  -65.246  5.554 0.0000000000
16364  -32.567  -65.390  4.848 0.0000000000
16366  -33.740  -65.233  4.029 0.0000000000
17009  -33.523  -63.949  19.421 0.0000000000
17010  -34.540  -65.047  19.621 0.0000000000
17011  -36.255  -64.753  19.671 0.0000000000
17012  -37.118  -64.689  19.698 0.0000000000
17013  -38.863  -64.612  19.817 0.0000000000
17014  -40.218  -64.374  19.637 0.0000000000
17015  -41.188  -64.505  19.489 0.0000000000
17016  -42.066  -65.017  19.219 0.0000000000
17017  -42.856  -65.206  18.916 0.0000000000
17040  -32.006  -64.255  18.151 0.0000000000
17041  -32.501  -64.941  18.687 0.0000000000
17042  -32.987  -64.714  19.233 0.0000000000
17043  -33.672  -64.837  19.472 0.0000000000
17054  -31.632  -64.480  17.249 0.0000000000
17057  -31.172  -64.543  16.345 0.0000000000
17067  -30.653  -63.792  16.210 0.0000000000
17068  -31.086  -64.863  15.488 0.0000000000
17076  -30.621  -64.415  14.956 0.0000000000
17077  -31.099  -65.048  14.626 0.0000000000
17097  -30.098  -64.141  13.498 0.0000000000
17098  -31.069  -65.158  13.752 0.0000000000
17108  -29.873  -63.936  12.746 0.0000000000
17109  -30.361  -64.528  12.597 0.0000000000
17116  -29.851  -64.027  12.009 0.0000000000
17117  -30.299  -64.551  11.603 0.0000000000
17124  -29.841  -64.042  11.158 0.0000000000
17125  -30.156  -64.388  9.928 0.0000000000
17134  -29.891  -63.763  9.874 0.0000000000
17135  -30.246  -64.133  9.076 0.0000000000
17145  -30.520  -64.274  8.187 0.0000000000
17152  -30.828  -64.500  7.507 0.0000000000
17153  -31.224  -64.814  6.798 0.0000000000
17161  -31.615  -64.796  6.110 0.0000000000
17170  -32.538  -64.604  5.148 0.0000000000
17178  -34.300  -64.579  4.330 0.0000000000
17814  -34.342  -63.432  19.559 0.0000000000
17815  -35.329  -63.413  19.578 0.0000000000
17816  -39.089  -63.374  19.537 0.0000000000
17817  -40.076  -63.529  19.467 0.0000000000
17818  -42.226  -64.212  19.074 0.0000000000
17819  -43.372  -64.399  18.676 0.0000000000
17837  -31.718  -63.506  18.040 0.0000000000
17838  -32.279  -63.342  18.650 0.0000000000
17839  -32.962  -63.411  19.216 0.0000000000
17840  -43.060  -63.400  18.694 0.0000000000
17858  -31.220  -63.151  17.522 0.0000000000
17866  -30.666  -63.152  16.773 0.0000000000
17867  -31.089  -63.877  16.963 0.0000000000
17876  -30.258  -63.066  16.054 0.0000000000
17883  -29.823  -63.195  14.620 0.0000000000
17884  -30.152  -63.952  14.423 0.0000000000
17900  -29.721  -63.412  13.201 0.0000000000
17901  -29.824  -63.515  13.921 0.0000000000
17910  -29.662  -63.358  12.378 0.0000000000
17918  -29.658  -63.377  11.540 0.0000000000
17923  -29.715  -63.411  10.633 0.0000000000
17932  -29.775  -63.146  9.952 0.0000000000
17933  -30.035  -63.296  9.290 0.0000000000
17942  -30.371  -63.498  8.463 0.0000000000
17948  -30.676  -63.733  7.707 0.0000000000
17949  -31.080  -63.947  7.050 0.0000000000
17957  -31.541  -64.087  6.370 0.0000000000
17958  -32.179  -63.491  6.084 0.0000000000
17959  -33.047  -63.125  5.971 0.0000000000
17968  -31.989  -64.328  5.713 0.0000000000
17969  -33.494  -63.539  5.440 0.0000000000
17970  -34.412  -63.407  5.453 0.0000000000
17971  -35.332  -63.314  5.480 0.0000000000
17982  -33.860  -63.981  4.864 0.0000000000
17983  -34.818  -63.870  4.898 0.0000000000
17984  -35.763  -63.817  5.012 0.0000000000
18603  -33.693  -62.923  19.457 0.0000000000
18604  -34.645  -62.729  19.569 0.0000000000
18605  -35.488  -62.443  19.573 0.0000000000
18606  -37.029  -62.152  19.555 0.0000000000
18607  -37.894  -62.316  19.534 0.0000000000
18608  -38.753  -62.443  19.507 0.0000000000
18609  -39.625  -62.502  19.457 0.0000000000
18610  -40.578  -62.424  19.351 0.0000000000
18611  -41.525  -62.197  19.115 0.0000000000
18612  -42.268  -62.893  18.939 0.0000000000
18628  -31.722  -62.764  18.224 0.0000000000
18629  -32.253  -62.499  18.700 0.0000000000
18630  -33.424  -62.029  19.360 0.0000000000
18646  -31.219  -62.205  17.795 0.0000000000
18652  -29.782  -61.819  15.707 0.0000000000
18653  -30.309  -62.322  16.533 0.0000000000
18663  -29.899  -62.788  15.417 0.0000000000
18674  -29.611  -62.343  14.730 0.0000000000
18692  -29.586  -62.732  13.806 0.0000000000
18701  -29.538  -62.661  12.820 0.0000000000
18706  -29.548  -62.658  11.946 0.0000000000
18709  -29.604  -62.706  11.142 0.0000000000
18715  -29.702  -62.639  10.408 0.0000000000
18716  -29.942  -62.568  9.699 0.0000000000
18729  -30.372  -62.627  8.829 0.0000000000
18730  -30.926  -62.328  8.249 0.0000000000
18739  -30.627  -62.997  7.945 0.0000000000
18740  -31.224  -62.693  7.555 0.0000000000
18741  -32.127  -62.383  7.262 0.0000000000
18742  -33.106  -62.153  7.166 0.0000000000
18751  -31.605  -63.178  6.818 0.0000000000
18752  -32.563  -62.749  6.579 0.0000000000
18753  -33.548  -62.538  6.566 0.0000000000
18754  -34.476  -62.359  6.549 0.0000000000
18755  -35.325  -62.134  6.386 0.0000000000
18764  -33.993  -62.963  6.003 0.0000000000
18765  -34.894  -62.811  5.968 0.0000000000
18766  -35.733  -62.660  5.860 0.0000000000
19421  -34.118  -61.341  19.482 0.0000000000
19422  -34.833  -61.944  19.584 0.0000000000
19423  -35.939  -61.068  19.564 0.0000000000
19424  -36.831  -61.190  19.538 0.0000000000
19425  -37.656  -61.416  19.521 0.0000000000
19426  -38.527  -61.394  19.469 0.0000000000
19427  -40.104  -61.466  19.300 0.0000000000
19428  -40.991  -61.401  19.105 0.0000000000
19429  -41.688  -61.442  18.745 0.0000000000
19430  -42.358  -61.850  18.598 0.0000000000
19444  -31.869  -60.957  18.351 0.0000000000
19445  -32.436  -61.027  18.749 0.0000000000
19446  -33.196  -61.141  19.198 0.0000000000
19461  -30.775  -60.866  17.198 0.0000000000
19462  -31.314  -61.203  17.865 0.0000000000
19472  -29.922  -60.945  16.024 0.0000000000
19473  -30.268  -61.367  16.578 0.0000000000
19490  -29.689  -60.852  15.293 0.0000000000
19506  -29.525  -61.469  14.679 0.0000000000
19522  -29.461  -61.949  13.278 0.0000000000
19530  -29.506  -61.889  12.360 0.0000000000
19538  -29.571  -62.044  11.514 0.0000000000
19541  -29.817  -61.512  11.044 0.0000000000
19542  -30.247  -61.309  10.406 0.0000000000
19546  -29.849  -61.981  10.302 0.0000000000
19547  -30.366  -61.817  9.596 0.0000000000
19548  -31.159  -61.326  9.272 0.0000000000
19567  -30.795  -61.948  8.890 0.0000000000
19568  -31.469  -61.662  8.620 0.0000000000
19569  -32.340  -61.390  8.397 0.0000000000
19570  -33.228  -61.162  8.227 0.0000000000
19584  -31.774  -62.032  7.960 0.0000000000
19585  -32.708  -61.776  7.779 0.0000000000
19586  -33.587  -61.560  7.649 0.0000000000
19587  -34.969  -60.615  7.697 0.0000000000
19596  -34.025  -61.970  7.134 0.0000000000
19597  -34.922  -61.562  7.039 0.0000000000
20246  -33.759  -60.537  19.223 0.0000000000
20247  -34.532  -60.425  19.351 0.0000000000
20248  -35.455  -60.292  19.398 0.0000000000
20249  -36.506  -60.151  19.365 0.0000000000
20250  -37.595  -60.428  19.383 0.0000000000
20251  -38.511  -60.410  19.274 0.0000000000
20252  -40.519  -60.657  18.823 0.0000000000
20253  -41.364  -60.855  18.472 0.0000000000
20260  -31.730  -60.536  18.039 0.0000000000
20261  -32.263  -60.333  18.339 0.0000000000
20262  -33.086  -60.180  18.758 0.0000000000
20263  -39.922  -60.087  18.472 0.0000000000
20264  -40.933  -60.429  18.120 0.0000000000
20272  -31.016  -60.106  16.965 0.0000000000
20273  -31.392  -60.380  17.561 0.0000000000
20274  -31.969  -59.938  17.842 0.0000000000
20282  -30.116  -60.204  15.713 0.0000000000
20283  -30.437  -60.535  16.497 0.0000000000
20338  -29.461  -61.294  13.798 0.0000000000
20347  -29.714  -60.845  12.243 0.0000000000
20348  -30.087  -60.011  12.072 0.0000000000
20358  -29.944  -60.821  11.554 0.0000000000
20359  -30.390  -60.264  11.245 0.0000000000
20365  -30.163  -60.902  10.959 0.0000000000
20366  -30.620  -60.584  10.589 0.0000000000
20367  -31.259  -60.225  10.240 0.0000000000
20378  -30.855  -60.973  9.940 0.0000000000
20379  -31.606  -60.601  9.621 0.0000000000
20380  -32.450  -60.346  9.419 0.0000000000
20381  -33.362  -60.108  9.268 0.0000000000
20401  -31.963  -60.972  8.999 0.0000000000
20402  -32.840  -60.737  8.802 0.0000000000
20403  -33.745  -60.498  8.658 0.0000000000
20419  -34.073  -60.905  8.025 0.0000000000
20420  -34.640  -60.082  8.443 0.0000000000
21037  -34.895  -59.677  19.057 0.0000000000
21038  -35.796  -59.584  19.056 0.0000000000
21039  -37.279  -59.615  19.031 0.0000000000
21040  -38.149  -59.786  19.009 0.0000000000
21041  -39.027  -59.896  18.852 0.0000000000
21044  -32.680  -59.627  18.057 0.0000000000
21045  -33.544  -59.386  18.254 0.0000000000
21046  -34.427  -59.271  18.462 0.0000000000
21047  -35.270  -59.213  18.557 0.0000000000
21048  -36.075  -59.135  18.487 0.0000000000
21049  -36.949  -59.121  18.367 0.0000000000
21050  -38.504  -59.467  18.378 0.0000000000
21051  -39.343  -59.692  18.178 0.0000000000
21052  -40.104  -60.001  17.919 0.0000000000
21056  -31.670  -59.758  17.252 0.0000000000
21057  -32.310  -59.499  17.399 0.0000000000
21058  -33.064  -59.321  17.521 0.0000000000
21059  -34.099  -59.493  16.938 0.0000000000
21060  -35.072  -59.502  17.120 0.0000000000
21061  -36.037  -59.352  17.421 0.0000000000
21062  -36.807  -59.142  17.721 0.0000000000
21063  -38.763  -59.567  17.701 0.0000000000
21064  -39.483  -59.815  17.703 0.0000000000
21068  -30.758  -59.804  16.255 0.0000000000
21069  -31.431  -59.553  16.602 0.0000000000
21070  -32.515  -59.314  16.635 0.0000000000
21071  -33.041  -59.372  15.752 0.0000000000
21072  -33.639  -59.959  15.700 0.0000000000
21084  -30.085  -59.769  15.118 0.0000000000
21085  -30.577  -59.487  15.524 0.0000000000
21086  -31.261  -59.247  15.876 0.0000000000
21087  -31.899  -59.195  16.191 0.0000000000
21115  -29.864  -59.778  14.486 0.0000000000
21116  -30.384  -59.246  14.784 0.0000000000
21133  -29.714  -59.944  13.696 0.0000000000
21134  -30.220  -59.114  13.862 0.0000000000
21143  -29.716  -60.342  12.890 0.0000000000
21144  -30.069  -59.490  12.965 0.0000000000
21151  -30.697  -59.440  11.523 0.0000000000
21152  -31.334  -59.067  11.093 0.0000000000
21164  -30.934  -59.812  10.830 0.0000000000
21165  -31.616  -59.527  10.526 0.0000000000
21182  -32.023  -59.931  9.980 0.0000000000
21183  -32.874  -59.645  9.777 0.0000000000
21199  -34.301  -59.692  9.116 0.0000000000
21861  -34.022  -59.162  17.758 0.0000000000
21862  -34.849  -59.030  18.104 0.0000000000
21863  -35.514  -58.969  18.100 0.0000000000
21864  -36.210  -58.927  17.993 0.0000000000
21867  -34.879  -59.116  17.763 0.0000000000
21868  -35.592  -59.075  17.779 0.0000000000
21872  -32.423  -58.960  15.621 0.0000000000
21877  -31.007  -58.865  15.182 0.0000000000
21878  -31.762  -58.673  15.385 0.0000000000
21899  -30.772  -58.614  14.426 0.0000000000
21900  -31.397  -58.314  14.726 0.0000000000
21916  -30.770  -58.325  13.662 0.0000000000
21925  -30.527  -58.657  13.023 0.0000000000
21933  -30.538  -59.063  12.285 0.0000000000
21934  -31.097  -58.605  11.765 0.0000000000
96045  -36.356  -67.195  15.297 0.0000000000
96114  -33.336  -66.122  9.008 0.0000000000
96797  -40.550  -72.203  18.935 0.0000000000
97501  -36.132  -66.179  19.951 0.0000000000
97578  -33.498  -66.240  19.240 0.0000000000
97652  -32.625  -64.125  18.968 0.0000000000
98267  -35.611  -67.084  19.888 0.0000000000
98470  -30.563  -64.616  14.119 0.0000000000
98622  -32.604  -65.915  9.435 0.0000000000
98988  -34.152  -68.968  18.294 0.0000000000
99413  -32.841  -62.684  19.142 0.0000000000
100416  -40.232  -65.671  20.867 0.0000000000
100448  -32.496  -65.659  11.791 0.0000000000
100452  -31.865  -61.787  18.445 0.0000000000
100458  -30.893  -58.361  12.445 0.0000000000
101109  -41.665  -72.296  18.839 0.0000000000
101324  -33.898  -66.250  13.461 0.0000000000
101431  -39.470  -60.651  19.189 0.0000000000
102003  -41.189  -63.437  19.324 0.0000000000
102199  -38.194  -63.235  19.551 0.0000000000
102200  -37.262  -63.082  19.558 0.0000000000
102201  -36.311  -62.828  19.563 0.0000000000
102373  -33.520  -66.354  15.573 0.0000000000
102477  -38.783  -67.600  21.771 0.0000000000
102479  -34.140  -62.201  19.539 0.0000000000
102657  -29.518  -61.188  12.903 0.0000000000
102703  -36.492  -63.887  19.579 0.0000000000
102877  -41.993  -66.136  21.585 0.0000000000
102989  -34.483  -64.175  19.581 0.0000000000
103077  -39.614  -72.532  16.984 0.0000000000
103309  -35.264  -64.369  4.474 0.0000000000
103399  -35.197  -66.600  13.149 0.0000000000
103462  -37.741  -59.249  17.762 0.0000000000
103535  -29.571  -60.568  14.373 0.0000000000
104365  -37.633  -63.989  19.588 0.0000000000
104383  -39.934  -65.272  20.348 0.0000000000
104493  -36.199  -61.927  19.561 0.0000000000
104752  -29.788  -60.209  15.016 0.0000000000
105227  -30.983  -63.293  7.381 0.0000000000
105325  -31.525  -63.877  17.578 0.0000000000
105512  -38.007  -65.497  20.185 0.0000000000
105519  -39.144  -71.655  15.478 0.0000000000
105630  -32.386  -65.722  16.889 0.0000000000
105659  -38.664  -72.366  16.713 0.0000000000
105865  -32.978  -66.790  17.374 0.0000000000
105893  -34.013  -59.796  18.940 0.0000000000
105898  -30.268  -63.663  15.347 0.0000000000
105941  -32.326  -66.488  5.925 0.0000000000
106048  -37.751  -59.373  18.550 0.0000000000
106118  -39.385  -64.183  19.620 0.0000000000
106119  -38.548  -64.069  19.612 0.0000000000
106259  -42.147  -72.447  19.116 0.0000000000
106319  -30.222  -64.503  10.733 0.0000000000
106541  -34.315  -61.352  7.514 0.0000000000
106686  -29.665  -62.153  10.861 0.0000000000
106869  -35.443  -64.436  19.624 0.0000000000
107053  -33.871  -65.888  11.063 0.0000000000
107166  -42.892  -67.142  23.190 0.0000000000
107177  -35.065  -61.137  19.555 0.0000000000
107254  -32.636  -61.861  18.984 0.0000000000
107404  -38.068  -64.767  19.823 0.0000000000
107463  -31.002  -65.090  7.404 0.0000000000
107765  -36.173  -69.994  19.435 0.0000000000
107768  -43.475  -65.738  18.774 0.0000000000
107914  -33.263  -59.369  16.778 0.0000000000
108009  -30.611  -64.732  13.380 0.0000000000
108068  -39.203  -69.315  22.237 0.0000000000
108270  -32.673  -63.823  5.502 0.0000000000
108319  -39.205  -67.892  22.227 0.0000000000
108864  -37.514  -68.784  20.811 0.0000000000
108915  -39.290  -61.676  19.428 0.0000000000
108921  -36.544  -59.443  18.938 0.0000000000
109126  -39.227  -65.344  20.345 0.0000000000
109278  -33.774  -66.251  14.275 0.0000000000
110779  -34.878  -66.604  14.901 0.0000000000
110823  -30.781  -62.523  17.205 0.0000000000
110974  -31.968  -59.380  16.871 0.0000000000
111186  -43.653  -65.362  18.593 0.0000000000
111372  -29.547  -60.657  13.529 0.0000000000
111545  -30.716  -61.736  17.251 0.0000000000
111704  -33.053  -65.846  12.364 0.0000000000
111714  -32.761  -66.267  16.916 0.0000000000
111791  -29.659  -61.408  11.827 0.0000000000
111865  -37.873  -66.775  20.850 0.0000000000
111976  -33.490  -65.881  10.513 0.0000000000
112027  -35.518  -61.729  19.572 0.0000000000
112379  -38.079  -60.898  19.465 0.0000000000
112788  -30.715  -64.279  15.685 0.0000000000
112841  -29.878  -64.047  10.447 0.0000000000
112842  -41.335  -65.900  21.320 0.0000000000
112871  -33.434  -65.952  9.839 0.0000000000
112910  -29.473  -61.962  14.058 0.0000000000
112922  -33.249  -64.753  4.546 0.0000000000
113613  -38.869  -72.084  16.076 0.0000000000
113706  -40.636  -64.020  19.465 0.0000000000
113735  -30.028  -62.512  15.938 0.0000000000
114163  -43.285  -65.938  19.056 0.0000000000
114166  -32.632  -65.916  4.687 0.0000000000
114232  -34.903  -64.774  4.096 0.0000000000
114502  -34.876  -66.859  15.278 0.0000000000
114769  -32.156  -66.371  7.050 0.0000000000
115078  -29.588  -61.339  12.325 0.0000000000
115114  -40.322  -68.003  23.032 0.0000000000
115262  -33.115  -64.103  5.027 0.0000000000
115581  -35.408  -66.711  14.801 0.0000000000
115635  -33.527  -68.100  17.811 0.0000000000
115789  -38.438  -68.823  21.661 0.0000000000
