#!ascii label  , from subject sub-02 vox2ras=TkReg aparc.a2009s=G_occipital_middle
1850
1020  25.260  -86.181  19.926 0.0000000000
1378  26.156  -85.244  20.107 0.0000000000
1379  25.655  -85.723  20.101 0.0000000000
1388  25.721  -85.568  19.730 0.0000000000
1389  25.155  -86.020  19.475 0.0000000000
1401  24.521  -86.029  18.983 0.0000000000
1402  23.543  -85.810  18.774 0.0000000000
1403  22.460  -85.529  18.986 0.0000000000
1749  26.868  -84.238  20.603 0.0000000000
1750  26.277  -84.701  20.569 0.0000000000
1756  26.737  -84.666  20.134 0.0000000000
1764  26.386  -84.963  19.840 0.0000000000
1765  25.957  -85.054  19.420 0.0000000000
1766  25.163  -85.340  18.962 0.0000000000
1772  25.632  -84.551  18.958 0.0000000000
1773  24.033  -85.118  18.542 0.0000000000
1774  22.940  -84.691  18.520 0.0000000000
1775  21.847  -84.539  18.924 0.0000000000
2127  24.998  -82.919  24.807 0.0000000000
2139  25.393  -82.957  24.004 0.0000000000
2152  26.721  -83.140  21.997 0.0000000000
2153  26.071  -82.737  23.015 0.0000000000
2161  27.900  -83.369  20.595 0.0000000000
2162  27.213  -83.647  21.047 0.0000000000
2168  28.199  -83.599  20.004 0.0000000000
2169  27.433  -84.068  20.221 0.0000000000
2176  28.110  -83.508  19.444 0.0000000000
2177  27.504  -84.023  19.757 0.0000000000
2178  26.618  -84.484  19.469 0.0000000000
2184  27.136  -83.775  19.157 0.0000000000
2185  25.109  -83.745  18.728 0.0000000000
2186  24.476  -84.260  18.588 0.0000000000
2187  22.862  -83.718  18.369 0.0000000000
2188  21.396  -83.649  18.759 0.0000000000
2596  25.360  -82.355  24.460 0.0000000000
2597  24.790  -82.270  25.045 0.0000000000
2606  26.099  -82.130  23.197 0.0000000000
2607  25.701  -82.413  23.764 0.0000000000
2618  26.718  -82.431  22.354 0.0000000000
2627  27.925  -82.659  20.945 0.0000000000
2628  27.391  -82.899  21.483 0.0000000000
2637  29.002  -82.555  19.825 0.0000000000
2638  28.526  -83.032  20.239 0.0000000000
2644  28.710  -83.055  19.640 0.0000000000
2654  29.264  -82.622  19.190 0.0000000000
2655  28.635  -83.065  19.027 0.0000000000
2656  27.589  -83.078  18.876 0.0000000000
2657  25.098  -82.927  18.736 0.0000000000
2658  24.184  -82.407  18.601 0.0000000000
2659  22.102  -83.047  18.322 0.0000000000
2844  30.510  -82.504  0.397 0.0000000000
3078  25.244  -81.612  24.547 0.0000000000
3079  24.720  -81.352  24.818 0.0000000000
3080  24.364  -81.835  25.151 0.0000000000
3089  25.578  -81.206  23.967 0.0000000000
3100  26.503  -81.770  22.609 0.0000000000
3101  25.910  -81.048  23.255 0.0000000000
3111  28.380  -82.338  20.573 0.0000000000
3112  27.297  -82.248  21.770 0.0000000000
3126  30.166  -81.700  18.642 0.0000000000
3127  29.663  -81.970  19.263 0.0000000000
3133  29.754  -82.251  18.636 0.0000000000
3134  28.942  -82.567  18.565 0.0000000000
3135  26.938  -82.250  18.540 0.0000000000
3136  25.714  -81.678  18.618 0.0000000000
3137  24.933  -82.009  18.750 0.0000000000
3148  30.222  -81.832  18.105 0.0000000000
3258  33.286  -81.218  7.060 0.0000000000
3264  32.576  -81.316  6.469 0.0000000000
3265  31.881  -81.525  5.831 0.0000000000
3266  31.322  -81.779  5.034 0.0000000000
3277  31.123  -81.704  4.442 0.0000000000
3287  30.875  -81.517  3.483 0.0000000000
3288  30.724  -82.029  2.886 0.0000000000
3299  30.713  -82.255  1.350 0.0000000000
3312  31.261  -81.552  0.087 0.0000000000
3323  30.816  -81.971  -0.298 0.0000000000
3324  30.293  -82.313  -0.610 0.0000000000
3340  31.131  -81.432  -1.038 0.0000000000
3341  30.402  -81.757  -1.226 0.0000000000
3560  25.107  -80.606  24.432 0.0000000000
3561  24.407  -80.537  24.586 0.0000000000
3571  25.476  -80.487  23.864 0.0000000000
3572  23.776  -80.506  24.400 0.0000000000
3583  26.347  -81.004  22.407 0.0000000000
3584  25.603  -80.074  23.069 0.0000000000
3597  27.738  -81.701  20.982 0.0000000000
3598  26.809  -80.938  21.429 0.0000000000
3601  28.756  -81.704  20.182 0.0000000000
3602  27.473  -80.756  20.648 0.0000000000
3605  30.283  -81.352  18.912 0.0000000000
3606  29.469  -81.135  19.546 0.0000000000
3607  28.118  -80.422  19.986 0.0000000000
3614  31.208  -80.817  17.743 0.0000000000
3615  30.733  -81.255  18.288 0.0000000000
3616  29.154  -81.993  17.977 0.0000000000
3617  27.765  -81.838  18.172 0.0000000000
3628  30.631  -81.188  17.486 0.0000000000
3629  29.376  -81.253  17.440 0.0000000000
3630  28.008  -80.959  17.646 0.0000000000
3644  30.592  -80.661  16.845 0.0000000000
3726  34.512  -80.103  7.961 0.0000000000
3727  33.848  -80.688  7.295 0.0000000000
3735  34.057  -80.074  7.144 0.0000000000
3736  33.259  -80.824  6.669 0.0000000000
3744  32.340  -81.206  6.036 0.0000000000
3745  31.605  -81.459  5.350 0.0000000000
3757  31.251  -81.084  4.603 0.0000000000
3758  30.833  -80.620  3.691 0.0000000000
3778  30.860  -81.515  2.218 0.0000000000
3791  31.458  -80.966  0.587 0.0000000000
3792  30.987  -81.716  1.195 0.0000000000
3803  32.221  -80.188  -1.216 0.0000000000
3804  31.676  -80.925  -0.631 0.0000000000
3816  31.394  -80.631  -1.620 0.0000000000
3817  30.617  -81.056  -1.731 0.0000000000
3818  29.695  -81.224  -1.686 0.0000000000
3968  30.330  -80.877  32.847 0.0000000000
4023  29.518  -81.129  27.836 0.0000000000
4030  29.697  -80.718  27.288 0.0000000000
4049  24.555  -79.715  24.393 0.0000000000
4059  25.106  -79.562  24.085 0.0000000000
4060  24.473  -78.990  24.259 0.0000000000
4070  26.087  -80.131  21.953 0.0000000000
4071  25.192  -78.919  23.380 0.0000000000
4081  26.501  -80.052  21.031 0.0000000000
4087  30.650  -80.914  18.641 0.0000000000
4088  29.969  -80.587  19.106 0.0000000000
4089  28.728  -79.955  19.436 0.0000000000
4096  31.095  -80.666  18.255 0.0000000000
4097  30.476  -80.143  18.671 0.0000000000
4098  29.351  -79.518  18.923 0.0000000000
4099  26.574  -80.560  18.004 0.0000000000
4105  31.424  -80.420  17.843 0.0000000000
4106  29.567  -80.587  16.879 0.0000000000
4107  28.308  -80.260  17.076 0.0000000000
4108  27.088  -79.891  17.385 0.0000000000
4122  31.094  -80.205  16.641 0.0000000000
4123  29.910  -80.130  16.475 0.0000000000
4124  28.725  -79.683  16.526 0.0000000000
4203  34.518  -79.780  8.937 0.0000000000
4204  34.152  -79.016  9.159 0.0000000000
4205  32.752  -78.970  9.309 0.0000000000
4225  34.395  -79.218  7.580 0.0000000000
4226  33.466  -79.923  6.618 0.0000000000
4227  32.474  -79.359  6.194 0.0000000000
4235  32.580  -80.577  6.106 0.0000000000
4236  31.506  -79.950  5.362 0.0000000000
4251  30.777  -79.851  4.326 0.0000000000
4261  30.743  -79.713  3.445 0.0000000000
4269  31.135  -80.496  1.743 0.0000000000
4270  30.965  -79.636  2.599 0.0000000000
4280  32.753  -79.528  0.137 0.0000000000
4281  31.787  -79.934  0.824 0.0000000000
4291  33.481  -79.061  -1.009 0.0000000000
4292  32.884  -79.573  -0.830 0.0000000000
4293  32.188  -80.262  -0.333 0.0000000000
4294  29.217  -79.733  -0.543 0.0000000000
4303  32.668  -79.493  -1.382 0.0000000000
4304  31.926  -79.923  -1.801 0.0000000000
4305  30.991  -79.968  -2.067 0.0000000000
4306  29.977  -80.323  -1.746 0.0000000000
4455  28.837  -79.491  36.596 0.0000000000
4464  29.798  -79.786  36.042 0.0000000000
4465  29.202  -79.744  36.089 0.0000000000
4474  30.407  -79.904  35.360 0.0000000000
4475  29.698  -80.010  35.455 0.0000000000
4485  30.008  -80.291  34.843 0.0000000000
4486  29.631  -79.944  34.790 0.0000000000
4494  30.474  -80.564  33.612 0.0000000000
4495  29.927  -80.470  34.008 0.0000000000
4543  32.504  -78.886  28.172 0.0000000000
4544  31.848  -79.640  28.941 0.0000000000
4545  31.225  -80.262  28.217 0.0000000000
4553  31.729  -79.583  27.537 0.0000000000
4554  30.454  -80.616  27.408 0.0000000000
4555  29.212  -81.017  27.914 0.0000000000
4562  32.550  -78.727  27.258 0.0000000000
4563  31.594  -79.544  26.745 0.0000000000
4564  30.481  -80.067  26.546 0.0000000000
4565  30.037  -80.028  26.469 0.0000000000
4573  31.660  -79.193  25.850 0.0000000000
4574  31.419  -78.715  24.858 0.0000000000
4575  30.670  -79.260  25.662 0.0000000000
4589  24.647  -78.574  23.998 0.0000000000
4623  31.153  -79.966  18.210 0.0000000000
4624  30.094  -79.235  18.447 0.0000000000
4625  28.812  -78.535  18.589 0.0000000000
4632  31.606  -79.936  17.599 0.0000000000
4633  31.045  -79.191  17.948 0.0000000000
4634  29.609  -78.275  18.117 0.0000000000
4635  27.520  -79.295  16.761 0.0000000000
4636  26.459  -79.024  16.988 0.0000000000
4649  32.638  -78.526  16.174 0.0000000000
4650  31.959  -79.400  16.752 0.0000000000
4651  31.184  -79.358  15.972 0.0000000000
4652  29.576  -79.272  16.038 0.0000000000
4653  28.023  -78.718  16.209 0.0000000000
4654  26.918  -78.409  16.448 0.0000000000
4663  32.023  -78.923  15.814 0.0000000000
4664  29.760  -78.446  15.543 0.0000000000
4715  34.533  -79.082  8.323 0.0000000000
4716  34.056  -78.342  8.386 0.0000000000
4717  32.303  -78.144  8.704 0.0000000000
4731  34.218  -78.409  7.860 0.0000000000
4732  33.835  -77.880  7.925 0.0000000000
4745  34.044  -78.539  7.314 0.0000000000
4746  33.579  -77.858  7.079 0.0000000000
4747  32.695  -78.072  6.466 0.0000000000
4751  31.583  -78.469  5.680 0.0000000000
4752  30.868  -78.742  4.854 0.0000000000
4763  30.684  -78.847  4.024 0.0000000000
4769  30.910  -78.900  3.246 0.0000000000
4778  34.710  -78.405  1.282 0.0000000000
4779  33.738  -78.532  1.540 0.0000000000
4780  31.844  -78.672  2.198 0.0000000000
4781  31.438  -78.384  3.080 0.0000000000
4791  34.206  -78.689  0.405 0.0000000000
4792  33.274  -78.958  0.774 0.0000000000
4793  32.275  -79.115  1.250 0.0000000000
4808  34.793  -78.280  0.286 0.0000000000
4809  34.130  -78.594  -0.460 0.0000000000
4810  33.612  -79.075  -0.342 0.0000000000
4811  30.298  -78.368  -0.982 0.0000000000
4812  29.611  -78.315  -0.043 0.0000000000
4829  33.808  -78.429  -1.077 0.0000000000
4830  33.072  -78.816  -1.515 0.0000000000
4831  32.112  -79.134  -1.916 0.0000000000
4832  31.020  -79.052  -1.843 0.0000000000
4833  29.971  -79.195  -1.123 0.0000000000
4975  29.023  -78.083  42.813 0.0000000000
4983  29.093  -78.078  42.059 0.0000000000
4989  28.919  -78.009  41.131 0.0000000000
4990  28.927  -78.044  41.981 0.0000000000
4999  28.370  -79.017  37.610 0.0000000000
5004  29.897  -79.270  36.644 0.0000000000
5005  29.220  -79.562  36.576 0.0000000000
5006  28.451  -79.111  36.943 0.0000000000
5017  31.012  -78.949  35.433 0.0000000000
5018  30.516  -79.154  36.044 0.0000000000
5019  29.247  -79.483  35.485 0.0000000000
5020  28.717  -79.113  36.155 0.0000000000
5031  31.149  -79.416  34.800 0.0000000000
5032  29.328  -78.485  34.660 0.0000000000
5042  31.799  -78.658  33.037 0.0000000000
5053  33.067  -77.543  31.275 0.0000000000
5055  32.976  -78.214  30.136 0.0000000000
5064  33.453  -77.962  29.398 0.0000000000
5080  34.313  -77.250  29.095 0.0000000000
5081  33.498  -77.918  28.603 0.0000000000
5082  32.338  -79.097  29.595 0.0000000000
5093  34.162  -77.255  28.182 0.0000000000
5094  33.354  -77.974  27.750 0.0000000000
5095  29.543  -78.213  26.954 0.0000000000
5108  33.948  -77.368  27.204 0.0000000000
5109  33.448  -77.742  26.155 0.0000000000
5110  32.564  -78.467  25.656 0.0000000000
5111  29.841  -79.039  26.367 0.0000000000
5114  33.022  -77.922  25.193 0.0000000000
5115  31.059  -78.629  24.850 0.0000000000
5116  30.412  -78.399  25.478 0.0000000000
5119  32.560  -77.956  24.497 0.0000000000
5120  31.887  -78.240  24.109 0.0000000000
5121  31.545  -78.206  24.056 0.0000000000
5122  30.890  -78.077  24.436 0.0000000000
5126  31.819  -78.089  23.030 0.0000000000
5127  31.419  -78.135  23.204 0.0000000000
5175  31.772  -78.164  17.131 0.0000000000
5176  30.511  -77.981  17.595 0.0000000000
5187  33.413  -77.249  15.553 0.0000000000
5188  33.162  -77.909  15.861 0.0000000000
5189  33.043  -78.032  16.195 0.0000000000
5190  28.470  -78.100  15.712 0.0000000000
5191  27.391  -77.764  16.022 0.0000000000
5201  32.411  -78.240  15.522 0.0000000000
5202  29.962  -77.753  15.260 0.0000000000
5203  28.824  -77.438  15.485 0.0000000000
5251  33.337  -77.802  8.294 0.0000000000
5252  32.647  -77.354  8.148 0.0000000000
5261  33.774  -77.860  7.544 0.0000000000
5262  33.346  -77.234  7.674 0.0000000000
5271  33.445  -77.231  7.247 0.0000000000
5272  33.135  -76.824  6.826 0.0000000000
5277  32.199  -76.314  5.986 0.0000000000
5278  31.256  -77.451  5.169 0.0000000000
5287  31.248  -77.356  4.454 0.0000000000
5288  30.877  -78.087  4.458 0.0000000000
5301  35.494  -77.685  2.735 0.0000000000
5302  34.705  -77.707  2.861 0.0000000000
5303  33.664  -77.537  2.965 0.0000000000
5304  32.580  -77.440  3.217 0.0000000000
5305  31.603  -77.509  3.683 0.0000000000
5306  30.996  -78.153  3.835 0.0000000000
5320  35.135  -78.123  2.110 0.0000000000
5321  34.212  -78.136  2.287 0.0000000000
5322  33.167  -78.038  2.517 0.0000000000
5323  32.200  -78.084  2.791 0.0000000000
5336  35.656  -77.558  1.305 0.0000000000
5337  35.320  -78.103  1.201 0.0000000000
5353  35.123  -77.722  0.444 0.0000000000
5354  34.477  -77.869  -0.510 0.0000000000
5355  31.134  -78.103  -1.458 0.0000000000
5356  30.131  -77.445  -0.403 0.0000000000
5370  33.823  -77.633  -1.110 0.0000000000
5371  33.181  -77.833  -1.463 0.0000000000
5372  32.249  -77.985  -1.664 0.0000000000
5483  29.134  -77.515  44.221 0.0000000000
5484  28.445  -77.531  44.355 0.0000000000
5491  30.450  -76.913  43.151 0.0000000000
5492  29.465  -77.620  43.534 0.0000000000
5493  28.830  -77.927  43.619 0.0000000000
5494  28.446  -77.577  43.266 0.0000000000
5503  29.720  -77.638  42.630 0.0000000000
5504  28.789  -77.920  42.555 0.0000000000
5505  28.347  -77.320  41.865 0.0000000000
5515  30.731  -77.000  42.309 0.0000000000
5516  29.617  -77.702  41.670 0.0000000000
5517  28.708  -77.830  41.331 0.0000000000
5518  28.245  -77.308  40.477 0.0000000000
5525  30.424  -77.107  41.375 0.0000000000
5526  29.158  -77.970  40.643 0.0000000000
5527  28.660  -77.905  40.305 0.0000000000
5528  28.214  -77.853  39.435 0.0000000000
5533  28.694  -78.384  39.124 0.0000000000
5534  28.347  -78.446  38.700 0.0000000000
5535  27.730  -77.704  38.428 0.0000000000
5540  28.492  -78.797  38.327 0.0000000000
5541  28.014  -78.631  38.019 0.0000000000
5545  30.400  -78.106  36.522 0.0000000000
5546  29.286  -79.209  37.176 0.0000000000
5547  27.977  -78.514  37.267 0.0000000000
5553  31.458  -77.536  34.805 0.0000000000
5554  30.924  -77.746  35.735 0.0000000000
5555  28.606  -77.731  35.642 0.0000000000
5556  28.251  -78.186  36.464 0.0000000000
5567  31.701  -78.177  33.920 0.0000000000
5568  29.520  -76.953  34.283 0.0000000000
5569  29.092  -77.126  34.958 0.0000000000
5579  32.296  -77.057  33.115 0.0000000000
5580  29.734  -77.680  33.829 0.0000000000
5591  33.464  -76.732  31.835 0.0000000000
5592  32.511  -77.344  32.413 0.0000000000
5593  30.760  -76.617  31.844 0.0000000000
5594  30.359  -77.493  32.446 0.0000000000
5602  32.494  -77.905  31.929 0.0000000000
5607  34.677  -76.858  30.598 0.0000000000
5608  30.874  -77.263  30.427 0.0000000000
5613  35.192  -76.346  30.272 0.0000000000
5614  34.323  -77.268  29.991 0.0000000000
5620  35.444  -76.192  28.056 0.0000000000
5621  34.923  -76.660  28.605 0.0000000000
5626  35.401  -76.179  27.041 0.0000000000
5627  34.764  -76.671  27.622 0.0000000000
5628  30.431  -76.977  27.761 0.0000000000
5629  29.716  -77.181  27.036 0.0000000000
5637  35.365  -76.138  26.049 0.0000000000
5638  34.571  -76.758  26.383 0.0000000000
5648  34.990  -76.433  25.276 0.0000000000
5649  33.994  -77.175  25.332 0.0000000000
5650  30.141  -77.302  25.338 0.0000000000
5657  34.174  -76.686  24.770 0.0000000000
5658  33.000  -77.298  24.366 0.0000000000
5659  32.194  -77.803  23.637 0.0000000000
5660  30.613  -77.240  24.210 0.0000000000
5665  31.973  -77.994  22.191 0.0000000000
5666  32.026  -77.978  22.064 0.0000000000
5676  32.237  -77.544  21.629 0.0000000000
5677  32.108  -77.431  21.747 0.0000000000
5690  32.060  -76.999  21.392 0.0000000000
5718  32.044  -77.409  16.747 0.0000000000
5728  34.111  -76.061  15.712 0.0000000000
5729  33.837  -76.572  15.618 0.0000000000
5730  33.593  -77.266  15.961 0.0000000000
5731  32.986  -77.263  16.355 0.0000000000
5740  32.806  -77.511  15.226 0.0000000000
5741  31.639  -77.463  15.002 0.0000000000
5742  30.364  -77.116  15.095 0.0000000000
5743  29.214  -76.783  15.362 0.0000000000
5796  33.217  -76.393  7.177 0.0000000000
5797  32.786  -75.458  7.135 0.0000000000
5807  32.954  -75.804  6.835 0.0000000000
5813  32.342  -75.396  6.193 0.0000000000
5821  31.913  -75.789  4.463 0.0000000000
5822  31.517  -76.200  5.034 0.0000000000
5833  35.940  -77.257  3.343 0.0000000000
5834  34.202  -77.096  3.296 0.0000000000
5835  33.075  -76.819  3.407 0.0000000000
5836  32.065  -76.644  3.820 0.0000000000
5837  31.601  -76.687  4.345 0.0000000000
5852  36.534  -76.929  3.131 0.0000000000
5853  36.108  -77.426  2.336 0.0000000000
5867  36.533  -76.827  2.285 0.0000000000
5868  35.987  -76.657  1.241 0.0000000000
5869  35.168  -76.078  0.360 0.0000000000
5881  34.755  -76.874  -0.053 0.0000000000
5882  33.867  -76.724  -0.718 0.0000000000
5883  32.662  -76.298  -0.750 0.0000000000
5894  33.243  -77.057  -1.196 0.0000000000
5895  32.362  -77.013  -1.257 0.0000000000
5896  31.259  -77.099  -1.078 0.0000000000
6029  29.984  -76.998  43.810 0.0000000000
6030  29.570  -76.995  44.238 0.0000000000
6031  27.711  -77.102  44.575 0.0000000000
6041  32.164  -75.442  42.072 0.0000000000
6042  31.378  -76.200  42.598 0.0000000000
6043  27.846  -76.612  42.434 0.0000000000
6052  32.269  -75.432  41.506 0.0000000000
6053  31.627  -76.283  41.937 0.0000000000
6054  27.868  -76.127  41.122 0.0000000000
6064  31.898  -75.473  40.622 0.0000000000
6065  30.499  -76.109  39.892 0.0000000000
6066  29.488  -77.350  39.507 0.0000000000
6067  27.714  -75.894  39.929 0.0000000000
6075  29.981  -75.990  38.863 0.0000000000
6076  27.530  -75.778  38.163 0.0000000000
6080  29.881  -76.010  37.918 0.0000000000
6081  29.349  -77.641  38.722 0.0000000000
6082  27.683  -77.613  37.487 0.0000000000
6083  27.572  -76.546  37.603 0.0000000000
6085  29.977  -77.029  37.111 0.0000000000
6086  29.337  -78.314  37.791 0.0000000000
6087  27.935  -77.226  36.695 0.0000000000
6088  27.749  -76.265  36.933 0.0000000000
6092  30.631  -76.545  36.239 0.0000000000
6093  29.020  -76.018  35.131 0.0000000000
6094  28.439  -76.684  35.816 0.0000000000
6103  32.396  -75.573  33.857 0.0000000000
6104  31.830  -75.841  34.472 0.0000000000
6105  29.504  -75.900  34.453 0.0000000000
6114  33.645  -75.479  32.876 0.0000000000
6115  32.685  -75.896  33.223 0.0000000000
6116  32.040  -76.586  33.863 0.0000000000
6117  29.997  -76.018  33.725 0.0000000000
6127  34.639  -75.604  32.034 0.0000000000
6128  34.103  -75.871  32.227 0.0000000000
6129  33.068  -76.262  32.501 0.0000000000
6130  30.685  -75.887  32.388 0.0000000000
6131  30.402  -75.569  33.021 0.0000000000
6142  34.893  -75.683  31.525 0.0000000000
6143  34.217  -76.814  31.205 0.0000000000
6144  31.070  -75.638  31.607 0.0000000000
6152  34.854  -76.320  31.060 0.0000000000
6153  31.321  -76.233  30.340 0.0000000000
6158  35.444  -75.859  29.437 0.0000000000
6159  31.442  -76.255  28.902 0.0000000000
6163  35.527  -75.715  28.439 0.0000000000
6164  31.324  -75.984  27.973 0.0000000000
6170  35.664  -75.660  27.457 0.0000000000
6175  35.750  -75.681  26.414 0.0000000000
6182  35.834  -75.700  25.253 0.0000000000
6183  35.317  -75.891  24.604 0.0000000000
6191  36.110  -75.378  24.364 0.0000000000
6192  32.523  -77.199  23.661 0.0000000000
6199  32.872  -76.260  23.836 0.0000000000
6200  32.376  -76.441  22.770 0.0000000000
6213  32.299  -76.448  21.483 0.0000000000
6214  31.716  -77.066  21.956 0.0000000000
6223  32.277  -76.056  20.910 0.0000000000
6224  32.147  -77.127  21.104 0.0000000000
6268  34.164  -75.568  15.842 0.0000000000
6269  34.055  -76.140  15.938 0.0000000000
6270  33.162  -76.353  16.325 0.0000000000
6271  31.933  -76.242  16.664 0.0000000000
6282  33.844  -75.805  15.389 0.0000000000
6283  33.194  -76.615  14.957 0.0000000000
6284  31.712  -75.794  14.918 0.0000000000
6285  30.285  -75.530  15.231 0.0000000000
6361  32.379  -74.946  6.912 0.0000000000
6371  32.187  -74.822  6.326 0.0000000000
6377  37.217  -75.587  4.385 0.0000000000
6378  36.726  -75.918  4.452 0.0000000000
6379  35.936  -75.993  4.274 0.0000000000
6380  32.515  -75.109  4.289 0.0000000000
6381  31.961  -75.175  5.266 0.0000000000
6393  36.822  -76.292  3.744 0.0000000000
6394  36.320  -76.588  3.842 0.0000000000
6395  34.678  -76.088  3.763 0.0000000000
6396  33.488  -75.427  3.802 0.0000000000
6397  32.621  -75.941  3.818 0.0000000000
6411  37.245  -75.736  3.305 0.0000000000
6412  36.877  -76.358  2.778 0.0000000000
6427  36.463  -75.951  1.628 0.0000000000
6428  35.612  -75.459  0.856 0.0000000000
6444  34.235  -75.841  -0.072 0.0000000000
6634  30.842  -76.302  43.134 0.0000000000
6635  30.209  -76.463  43.518 0.0000000000
6636  29.763  -76.011  43.646 0.0000000000
6637  27.325  -76.012  43.127 0.0000000000
6647  31.564  -75.574  42.476 0.0000000000
6648  30.657  -75.512  42.885 0.0000000000
6649  29.465  -74.745  42.741 0.0000000000
6650  27.392  -75.273  41.699 0.0000000000
6651  26.865  -74.558  42.228 0.0000000000
6659  32.808  -74.685  41.529 0.0000000000
6660  27.446  -74.831  40.597 0.0000000000
6668  33.238  -74.333  41.017 0.0000000000
6669  32.854  -74.868  41.050 0.0000000000
6670  27.383  -74.390  39.643 0.0000000000
6682  33.252  -74.448  40.477 0.0000000000
6683  31.955  -74.627  39.356 0.0000000000
6684  31.161  -75.253  39.486 0.0000000000
6685  27.527  -75.145  38.957 0.0000000000
6692  31.649  -74.218  38.229 0.0000000000
6693  30.671  -74.938  38.422 0.0000000000
6694  27.555  -74.556  37.680 0.0000000000
6697  31.157  -74.373  36.706 0.0000000000
6698  30.426  -75.468  36.891 0.0000000000
6699  28.007  -75.039  36.632 0.0000000000
6700  27.651  -75.375  37.264 0.0000000000
6703  33.276  -73.901  35.117 0.0000000000
6704  32.335  -74.180  35.388 0.0000000000
6705  31.507  -74.685  35.711 0.0000000000
6706  30.909  -75.334  36.075 0.0000000000
6707  28.745  -75.316  35.519 0.0000000000
6708  28.202  -75.834  36.248 0.0000000000
6714  34.526  -74.232  33.971 0.0000000000
6715  33.598  -74.377  34.146 0.0000000000
6716  32.528  -74.763  34.401 0.0000000000
6717  31.780  -75.015  34.956 0.0000000000
6718  29.947  -75.055  34.079 0.0000000000
6719  29.451  -74.685  34.750 0.0000000000
6727  34.765  -74.491  33.190 0.0000000000
6728  34.047  -74.798  33.350 0.0000000000
6729  33.065  -75.065  33.535 0.0000000000
6730  30.334  -74.722  33.379 0.0000000000
6737  34.506  -75.143  32.606 0.0000000000
6738  30.665  -74.798  32.607 0.0000000000
6747  34.907  -74.964  32.011 0.0000000000
6748  31.209  -74.693  31.370 0.0000000000
6749  30.934  -74.046  32.014 0.0000000000
6761  34.992  -74.936  31.239 0.0000000000
6770  35.147  -75.093  29.835 0.0000000000
6776  35.258  -75.068  28.854 0.0000000000
6782  35.824  -75.174  26.714 0.0000000000
6783  35.468  -74.997  27.760 0.0000000000
6789  35.437  -74.348  26.724 0.0000000000
6796  36.923  -74.615  24.106 0.0000000000
6797  36.509  -75.051  24.794 0.0000000000
6802  37.018  -74.360  23.103 0.0000000000
6803  36.629  -74.920  23.877 0.0000000000
6804  35.684  -75.257  24.077 0.0000000000
6805  33.882  -75.440  24.282 0.0000000000
6817  32.826  -75.185  23.686 0.0000000000
6818  32.438  -75.441  22.846 0.0000000000
6836  32.765  -75.703  20.555 0.0000000000
6848  33.050  -75.637  20.094 0.0000000000
6849  32.751  -75.643  20.127 0.0000000000
6859  33.553  -74.526  19.328 0.0000000000
6860  33.206  -75.171  19.739 0.0000000000
6868  34.000  -74.204  18.806 0.0000000000
6880  33.810  -74.180  16.658 0.0000000000
6881  33.589  -74.459  16.753 0.0000000000
6882  32.374  -74.626  16.978 0.0000000000
6892  34.035  -74.709  16.109 0.0000000000
6893  34.049  -75.113  16.134 0.0000000000
6894  33.379  -75.328  16.446 0.0000000000
6895  32.067  -75.343  16.750 0.0000000000
6896  29.085  -74.081  15.843 0.0000000000
6906  33.924  -74.876  15.700 0.0000000000
6907  33.238  -74.820  15.189 0.0000000000
6908  32.004  -74.761  15.078 0.0000000000
6909  29.664  -74.746  15.494 0.0000000000
7019  37.451  -75.004  5.100 0.0000000000
7020  37.085  -75.303  5.081 0.0000000000
7021  35.919  -75.067  4.595 0.0000000000
7022  34.677  -75.167  3.971 0.0000000000
7023  33.340  -74.391  4.158 0.0000000000
7024  32.353  -74.343  4.715 0.0000000000
7025  32.052  -74.498  5.464 0.0000000000
7030  37.752  -74.872  4.417 0.0000000000
7038  37.576  -75.128  3.626 0.0000000000
7039  37.447  -74.870  2.561 0.0000000000
7040  36.664  -74.367  1.604 0.0000000000
7054  36.956  -75.397  2.071 0.0000000000
7055  36.118  -74.874  1.222 0.0000000000
7314  32.197  -74.872  41.948 0.0000000000
7315  31.403  -74.941  42.247 0.0000000000
7316  30.115  -74.311  41.882 0.0000000000
7318  27.027  -74.097  41.180 0.0000000000
7319  26.613  -73.413  41.676 0.0000000000
7331  32.445  -74.131  41.359 0.0000000000
7332  31.412  -74.237  41.617 0.0000000000
7334  27.088  -73.727  40.302 0.0000000000
7335  26.764  -72.878  40.200 0.0000000000
7341  34.111  -73.817  40.154 0.0000000000
7342  33.640  -74.036  40.664 0.0000000000
7343  33.204  -73.906  41.061 0.0000000000
7344  27.091  -73.271  39.518 0.0000000000
7353  35.738  -73.656  38.814 0.0000000000
7354  34.688  -73.957  39.586 0.0000000000
7355  34.163  -74.167  39.717 0.0000000000
7356  33.150  -74.337  39.562 0.0000000000
7357  27.362  -73.855  38.765 0.0000000000
7358  27.097  -72.814  38.781 0.0000000000
7368  36.555  -73.488  37.894 0.0000000000
7369  36.104  -73.575  38.409 0.0000000000
7370  35.309  -74.098  38.293 0.0000000000
7371  34.494  -74.160  38.774 0.0000000000
7372  33.060  -74.018  38.533 0.0000000000
7373  27.561  -73.602  37.533 0.0000000000
7379  37.355  -73.063  36.637 0.0000000000
7380  36.543  -73.483  36.919 0.0000000000
7381  35.961  -73.901  37.859 0.0000000000
7382  35.099  -73.862  37.052 0.0000000000
7383  34.293  -73.866  37.374 0.0000000000
7384  33.114  -73.743  37.433 0.0000000000
7385  31.954  -73.844  37.393 0.0000000000
7386  28.266  -73.919  36.426 0.0000000000
7387  27.794  -74.264  37.034 0.0000000000
7388  36.687  -73.133  35.665 0.0000000000
7389  35.788  -73.428  35.478 0.0000000000
7390  34.915  -73.602  35.750 0.0000000000
7391  34.111  -73.636  36.041 0.0000000000
7392  33.175  -73.682  36.259 0.0000000000
7393  32.126  -73.841  36.421 0.0000000000
7394  29.345  -73.551  35.106 0.0000000000
7395  28.506  -74.647  35.982 0.0000000000
7398  36.203  -73.116  34.751 0.0000000000
7399  35.695  -73.498  34.265 0.0000000000
7400  35.018  -73.694  34.651 0.0000000000
7401  34.195  -73.787  34.903 0.0000000000
7402  30.107  -74.173  34.000 0.0000000000
7409  35.205  -73.873  32.845 0.0000000000
7410  35.185  -73.960  33.730 0.0000000000
7411  29.843  -73.489  34.398 0.0000000000
7427  34.944  -74.050  32.092 0.0000000000
7428  34.447  -73.329  31.405 0.0000000000
7440  34.678  -74.066  30.848 0.0000000000
7441  34.044  -73.237  30.489 0.0000000000
7453  34.508  -74.073  29.933 0.0000000000
7454  33.923  -73.148  29.556 0.0000000000
7470  34.615  -74.071  28.249 0.0000000000
7471  33.985  -72.974  28.588 0.0000000000
7478  34.679  -73.621  27.291 0.0000000000
7487  35.884  -73.868  25.707 0.0000000000
7499  37.093  -74.103  24.138 0.0000000000
7500  36.631  -74.430  24.855 0.0000000000
7513  37.145  -74.279  23.346 0.0000000000
7514  36.562  -74.568  23.523 0.0000000000
7515  35.353  -74.676  23.923 0.0000000000
7525  36.336  -73.971  23.246 0.0000000000
7526  33.506  -74.270  24.082 0.0000000000
7527  32.691  -74.116  23.395 0.0000000000
7532  32.522  -75.043  22.075 0.0000000000
7539  32.850  -74.283  21.357 0.0000000000
7550  33.389  -74.840  19.631 0.0000000000
7551  33.280  -75.308  20.116 0.0000000000
7565  33.949  -74.209  19.049 0.0000000000
7566  33.422  -74.521  19.128 0.0000000000
7573  34.216  -73.911  18.143 0.0000000000
7574  33.585  -74.155  18.292 0.0000000000
7589  34.090  -73.654  17.331 0.0000000000
7590  33.955  -74.026  17.475 0.0000000000
7591  32.922  -74.239  17.493 0.0000000000
7601  33.936  -73.861  16.485 0.0000000000
7602  30.507  -72.966  15.654 0.0000000000
7603  29.413  -73.234  15.883 0.0000000000
7613  33.888  -74.026  15.980 0.0000000000
7614  33.369  -73.965  15.525 0.0000000000
7615  32.311  -73.903  15.276 0.0000000000
7616  31.138  -73.880  15.353 0.0000000000
7617  30.036  -73.921  15.574 0.0000000000
7643  37.158  -74.387  12.538 0.0000000000
7705  38.225  -73.849  5.931 0.0000000000
7706  37.884  -74.019  6.237 0.0000000000
7707  37.526  -74.126  6.135 0.0000000000
7708  36.647  -73.781  5.564 0.0000000000
7715  38.400  -73.685  4.773 0.0000000000
7716  37.939  -74.465  5.384 0.0000000000
7717  37.463  -74.607  5.629 0.0000000000
7725  38.183  -74.190  4.214 0.0000000000
7728  37.985  -74.321  3.175 0.0000000000
7729  37.297  -73.890  1.922 0.0000000000
8003  32.407  -73.478  40.805 0.0000000000
8007  26.589  -72.676  40.962 0.0000000000
8014  33.549  -73.516  40.505 0.0000000000
8018  26.723  -72.282  39.425 0.0000000000
8027  35.472  -73.344  39.038 0.0000000000
8028  34.719  -73.421  39.578 0.0000000000
8030  27.329  -73.204  38.158 0.0000000000
8031  26.836  -72.010  38.550 0.0000000000
8038  37.379  -72.670  37.615 0.0000000000
8039  36.750  -73.141  38.095 0.0000000000
8040  36.167  -73.189  38.548 0.0000000000
8041  27.422  -72.725  37.604 0.0000000000
8047  37.738  -72.554  37.160 0.0000000000
8048  37.177  -73.134  37.545 0.0000000000
8049  28.476  -72.933  36.158 0.0000000000
8050  27.826  -73.095  36.884 0.0000000000
8053  38.409  -72.080  36.721 0.0000000000
8054  37.952  -72.539  36.292 0.0000000000
8055  37.315  -72.801  35.670 0.0000000000
8057  29.039  -72.773  35.483 0.0000000000
8060  38.601  -72.125  35.783 0.0000000000
8061  37.736  -72.470  35.158 0.0000000000
8062  36.878  -72.763  34.666 0.0000000000
8063  36.218  -73.089  33.977 0.0000000000
8069  37.456  -72.426  34.225 0.0000000000
8070  36.831  -72.567  33.828 0.0000000000
8071  36.031  -72.700  33.473 0.0000000000
8082  35.310  -72.761  32.823 0.0000000000
8091  34.270  -72.394  31.735 0.0000000000
8092  33.760  -72.329  30.977 0.0000000000
8103  33.619  -72.419  30.058 0.0000000000
8111  33.682  -72.276  29.199 0.0000000000
8132  34.100  -72.355  27.862 0.0000000000
8138  35.691  -72.817  25.534 0.0000000000
8139  34.462  -72.660  27.119 0.0000000000
8146  36.813  -73.222  24.452 0.0000000000
8152  37.353  -73.833  23.326 0.0000000000
8153  37.384  -73.078  23.613 0.0000000000
8154  34.552  -73.778  24.026 0.0000000000
8159  37.218  -73.952  22.887 0.0000000000
8160  36.681  -73.457  22.818 0.0000000000
8161  35.031  -73.155  23.743 0.0000000000
8162  33.462  -73.110  23.909 0.0000000000
8163  32.665  -72.860  23.226 0.0000000000
8169  32.514  -72.663  22.246 0.0000000000
8177  32.928  -72.985  21.012 0.0000000000
8186  33.759  -73.856  19.529 0.0000000000
8187  33.410  -74.174  20.289 0.0000000000
8200  34.105  -73.486  18.888 0.0000000000
8201  33.604  -72.793  19.568 0.0000000000
8208  34.238  -73.274  18.117 0.0000000000
8221  33.923  -72.654  17.141 0.0000000000
8233  33.971  -73.308  16.694 0.0000000000
8234  33.614  -72.753  16.275 0.0000000000
8235  32.805  -72.341  15.791 0.0000000000
8236  30.351  -71.961  15.867 0.0000000000
8243  33.858  -73.429  16.226 0.0000000000
8244  33.446  -73.224  15.827 0.0000000000
8245  32.547  -73.077  15.494 0.0000000000
8246  31.581  -73.176  15.451 0.0000000000
8264  37.777  -73.083  13.374 0.0000000000
8265  37.237  -73.735  13.182 0.0000000000
8280  37.703  -73.621  12.587 0.0000000000
8292  37.524  -74.073  11.889 0.0000000000
8341  38.507  -72.540  6.591 0.0000000000
8357  38.253  -73.278  6.528 0.0000000000
8358  37.916  -73.551  6.666 0.0000000000
8359  37.304  -73.393  6.317 0.0000000000
8360  36.105  -72.699  5.388 0.0000000000
8371  38.526  -73.206  5.613 0.0000000000
8384  38.689  -72.913  4.128 0.0000000000
8385  38.462  -73.380  3.296 0.0000000000
8392  38.760  -72.568  2.904 0.0000000000
8651  26.572  -72.067  40.320 0.0000000000
8665  26.593  -71.397  39.007 0.0000000000
8674  34.872  -72.668  38.944 0.0000000000
8686  36.847  -72.759  37.952 0.0000000000
8687  35.557  -72.664  38.514 0.0000000000
8691  27.139  -71.880  37.745 0.0000000000
8692  26.701  -71.228  38.192 0.0000000000
8700  38.014  -72.195  37.191 0.0000000000
8701  37.459  -72.273  37.413 0.0000000000
8702  36.566  -72.080  37.517 0.0000000000
8703  35.421  -71.841  37.507 0.0000000000
8704  34.266  -71.453  37.273 0.0000000000
8705  28.060  -72.074  36.474 0.0000000000
8706  27.442  -71.538  36.998 0.0000000000
8710  39.688  -71.089  35.659 0.0000000000
8711  38.976  -71.541  36.131 0.0000000000
8712  38.529  -71.728  36.602 0.0000000000
8717  40.486  -70.579  34.422 0.0000000000
8718  40.064  -71.096  34.856 0.0000000000
8719  39.208  -71.609  35.058 0.0000000000
8720  38.233  -72.115  34.536 0.0000000000
8726  40.094  -71.037  33.901 0.0000000000
8727  39.247  -71.189  33.297 0.0000000000
8728  37.613  -72.039  33.693 0.0000000000
8729  36.719  -72.114  33.393 0.0000000000
8739  38.259  -71.247  33.131 0.0000000000
8740  36.455  -71.341  33.064 0.0000000000
8741  35.763  -71.965  33.085 0.0000000000
8742  34.941  -71.727  32.647 0.0000000000
8752  34.311  -71.593  32.117 0.0000000000
8753  33.885  -71.689  31.524 0.0000000000
8761  33.574  -71.312  30.980 0.0000000000
8770  33.568  -71.615  29.654 0.0000000000
8784  34.144  -71.624  27.925 0.0000000000
8785  33.836  -71.953  28.471 0.0000000000
8801  35.980  -72.059  25.224 0.0000000000
8802  34.755  -71.363  26.918 0.0000000000
8809  36.820  -71.745  24.529 0.0000000000
8818  37.823  -72.027  22.490 0.0000000000
8819  37.679  -72.630  22.874 0.0000000000
8825  37.791  -71.801  22.215 0.0000000000
8826  37.611  -72.265  22.558 0.0000000000
8827  36.659  -72.521  22.615 0.0000000000
8828  34.820  -71.709  23.565 0.0000000000
8829  33.643  -71.402  23.657 0.0000000000
8830  32.762  -71.362  23.330 0.0000000000
8839  32.366  -71.556  22.522 0.0000000000
8850  32.449  -71.752  21.399 0.0000000000
8860  32.968  -72.258  20.353 0.0000000000
8878  33.699  -72.358  18.732 0.0000000000
8879  33.014  -71.800  19.585 0.0000000000
8888  33.252  -71.524  18.199 0.0000000000
8897  33.848  -72.267  17.914 0.0000000000
8898  33.294  -71.635  17.336 0.0000000000
8899  32.427  -71.147  16.793 0.0000000000
8907  33.130  -71.877  16.446 0.0000000000
8908  32.114  -71.517  16.040 0.0000000000
8909  31.014  -71.346  16.006 0.0000000000
8910  29.904  -71.119  16.122 0.0000000000
8921  38.711  -71.528  14.477 0.0000000000
8922  38.268  -71.802  14.465 0.0000000000
8923  37.885  -71.994  14.448 0.0000000000
8931  38.879  -71.526  13.616 0.0000000000
8932  38.312  -72.315  13.771 0.0000000000
8933  37.921  -72.498  14.006 0.0000000000
8934  37.480  -72.918  13.669 0.0000000000
8950  38.233  -72.824  12.842 0.0000000000
8951  37.954  -72.906  12.009 0.0000000000
8952  37.040  -73.850  13.254 0.0000000000
8961  37.433  -73.266  11.535 0.0000000000
9015  38.461  -72.159  6.674 0.0000000000
9030  38.730  -72.135  6.279 0.0000000000
9031  38.219  -72.935  6.792 0.0000000000
9032  37.769  -72.343  6.656 0.0000000000
9033  35.867  -71.699  5.470 0.0000000000
9051  38.687  -72.530  5.227 0.0000000000
9065  38.898  -72.181  3.478 0.0000000000
9076  39.104  -71.876  2.221 0.0000000000
9381  26.501  -70.686  39.604 0.0000000000
9393  26.550  -70.609  38.669 0.0000000000
9405  26.960  -71.020  37.460 0.0000000000
9412  38.009  -71.764  36.953 0.0000000000
9413  37.077  -71.595  36.906 0.0000000000
9414  35.940  -71.326  36.599 0.0000000000
9415  34.704  -70.871  36.320 0.0000000000
9427  39.134  -71.260  36.035 0.0000000000
9428  36.602  -70.906  36.082 0.0000000000
9429  35.577  -70.509  35.746 0.0000000000
9436  40.209  -70.523  35.103 0.0000000000
9442  40.941  -70.205  34.183 0.0000000000
9443  40.596  -70.541  33.635 0.0000000000
9444  39.986  -70.830  33.193 0.0000000000
9450  41.255  -69.962  33.499 0.0000000000
9451  40.484  -70.347  32.867 0.0000000000
9452  39.329  -70.650  32.802 0.0000000000
9453  38.383  -70.669  32.797 0.0000000000
9454  37.282  -70.719  32.869 0.0000000000
9455  36.012  -70.311  32.846 0.0000000000
9456  34.912  -69.972  32.577 0.0000000000
9469  34.228  -70.108  32.154 0.0000000000
9470  33.893  -70.768  31.743 0.0000000000
9478  33.638  -70.314  30.880 0.0000000000
9488  34.341  -70.109  28.924 0.0000000000
9489  33.781  -70.839  29.298 0.0000000000
9499  34.711  -70.378  28.145 0.0000000000
9500  34.105  -71.039  28.446 0.0000000000
9513  36.459  -70.150  27.416 0.0000000000
9514  35.762  -70.192  27.562 0.0000000000
9515  35.060  -70.694  27.318 0.0000000000
9527  40.666  -70.247  26.666 0.0000000000
9528  39.790  -70.150  26.989 0.0000000000
9529  36.606  -70.515  26.695 0.0000000000
9530  35.770  -70.618  26.892 0.0000000000
9537  39.861  -70.488  26.225 0.0000000000
9538  38.483  -70.643  25.069 0.0000000000
9539  36.637  -70.914  25.430 0.0000000000
9540  35.917  -71.136  25.715 0.0000000000
9548  40.676  -70.433  25.947 0.0000000000
9549  39.452  -70.506  24.987 0.0000000000
9550  37.998  -71.497  23.165 0.0000000000
9551  37.381  -71.189  24.396 0.0000000000
9563  38.806  -70.576  23.644 0.0000000000
9564  38.047  -71.400  22.598 0.0000000000
9565  37.065  -71.609  22.212 0.0000000000
9566  35.447  -71.126  23.175 0.0000000000
9567  34.101  -70.738  23.556 0.0000000000
9568  33.079  -70.617  23.434 0.0000000000
9579  37.917  -71.309  22.170 0.0000000000
9580  37.564  -71.094  22.000 0.0000000000
9581  36.771  -70.589  22.167 0.0000000000
9582  31.982  -70.284  22.242 0.0000000000
9583  31.927  -69.442  22.338 0.0000000000
9597  32.018  -70.776  21.356 0.0000000000
9598  31.725  -69.902  21.518 0.0000000000
9611  32.416  -71.277  20.458 0.0000000000
9612  31.857  -70.372  20.584 0.0000000000
9626  32.512  -70.816  18.563 0.0000000000
9627  31.810  -70.100  18.926 0.0000000000
9637  32.573  -70.922  17.673 0.0000000000
9638  31.877  -70.304  18.041 0.0000000000
9646  31.750  -70.525  17.222 0.0000000000
9647  30.797  -70.031  16.969 0.0000000000
9653  39.529  -69.934  15.856 0.0000000000
9654  31.463  -70.835  16.499 0.0000000000
9655  30.465  -70.566  16.370 0.0000000000
9662  39.122  -70.511  15.470 0.0000000000
9663  38.600  -71.042  15.153 0.0000000000
9669  39.624  -70.314  15.556 0.0000000000
9670  39.181  -70.962  15.083 0.0000000000
9671  38.376  -71.421  14.812 0.0000000000
9672  37.917  -71.028  14.932 0.0000000000
9673  37.300  -71.187  14.457 0.0000000000
9681  39.817  -70.485  14.769 0.0000000000
9682  39.315  -71.005  14.221 0.0000000000
9683  37.062  -71.847  14.023 0.0000000000
9701  39.349  -70.657  13.301 0.0000000000
9702  38.801  -71.023  12.749 0.0000000000
9703  38.346  -71.946  12.415 0.0000000000
9714  38.199  -70.696  12.051 0.0000000000
9715  37.377  -71.961  11.418 0.0000000000
9759  39.650  -70.299  6.308 0.0000000000
9760  39.189  -70.807  6.407 0.0000000000
9761  38.623  -71.230  6.630 0.0000000000
9762  37.739  -71.330  6.549 0.0000000000
9771  36.754  -71.457  6.075 0.0000000000
9786  39.268  -70.986  6.221 0.0000000000
9794  38.903  -71.385  3.773 0.0000000000
10225  39.701  -70.865  35.616 0.0000000000
10226  39.084  -70.645  35.710 0.0000000000
10227  38.098  -70.447  35.621 0.0000000000
10228  36.363  -70.137  35.380 0.0000000000
10237  41.092  -69.876  34.252 0.0000000000
10238  39.881  -70.239  35.139 0.0000000000
10239  38.930  -69.954  35.057 0.0000000000
10240  37.252  -69.783  35.075 0.0000000000
10248  42.057  -69.393  33.060 0.0000000000
10249  41.590  -69.421  33.674 0.0000000000
10254  41.303  -69.789  32.766 0.0000000000
10255  40.560  -69.724  32.477 0.0000000000
10256  38.653  -70.100  32.577 0.0000000000
10257  37.747  -69.900  32.646 0.0000000000
10258  36.657  -69.625  32.695 0.0000000000
10259  35.564  -69.331  32.604 0.0000000000
10270  34.332  -69.393  32.037 0.0000000000
10271  33.934  -69.786  31.541 0.0000000000
10282  34.149  -68.966  30.140 0.0000000000
10283  33.855  -69.387  30.798 0.0000000000
10294  34.434  -69.185  29.338 0.0000000000
10295  33.867  -69.933  29.886 0.0000000000
10305  34.896  -69.340  28.557 0.0000000000
10313  36.761  -69.765  27.477 0.0000000000
10314  35.993  -69.705  27.677 0.0000000000
10315  35.354  -69.894  27.978 0.0000000000
10324  41.418  -69.501  26.803 0.0000000000
10325  40.837  -70.018  26.994 0.0000000000
10326  38.468  -70.115  27.172 0.0000000000
10327  37.367  -70.140  27.306 0.0000000000
10335  42.188  -69.293  26.219 0.0000000000
10336  41.516  -69.900  26.546 0.0000000000
10346  41.334  -70.033  25.702 0.0000000000
10347  39.998  -70.266  24.858 0.0000000000
10360  40.509  -69.781  24.595 0.0000000000
10361  39.187  -70.159  23.554 0.0000000000
10362  38.293  -70.736  22.607 0.0000000000
10363  35.791  -70.406  22.726 0.0000000000
10364  34.564  -70.081  23.312 0.0000000000
10365  33.497  -69.895  23.394 0.0000000000
10366  32.493  -69.843  23.036 0.0000000000
10379  38.518  -69.956  22.569 0.0000000000
10380  37.090  -69.979  21.952 0.0000000000
10410  31.470  -69.422  20.840 0.0000000000
10427  31.226  -69.594  18.324 0.0000000000
10433  41.005  -69.360  17.323 0.0000000000
10434  40.926  -69.492  17.260 0.0000000000
10435  31.251  -69.936  17.630 0.0000000000
10440  40.629  -69.265  16.664 0.0000000000
10441  40.290  -69.306  16.556 0.0000000000
10442  39.513  -69.870  15.957 0.0000000000
10448  40.805  -69.492  15.805 0.0000000000
10449  40.185  -69.836  16.130 0.0000000000
10450  38.824  -70.201  15.564 0.0000000000
10451  38.905  -70.707  15.529 0.0000000000
10459  41.306  -68.901  14.095 0.0000000000
10460  40.311  -70.009  15.343 0.0000000000
10472  40.558  -69.675  14.175 0.0000000000
10473  39.889  -70.230  13.760 0.0000000000
10491  40.403  -69.487  13.141 0.0000000000
10492  39.758  -69.858  12.890 0.0000000000
10493  39.218  -70.149  12.680 0.0000000000
10503  38.640  -69.842  12.237 0.0000000000
10504  37.884  -69.463  11.698 0.0000000000
10551  40.521  -69.549  6.212 0.0000000000
10552  39.977  -69.872  6.355 0.0000000000
10553  39.453  -70.106  6.522 0.0000000000
10554  38.684  -70.248  6.622 0.0000000000
10555  37.695  -70.285  6.487 0.0000000000
10565  40.017  -70.047  6.207 0.0000000000
10578  40.266  -69.889  5.994 0.0000000000
10579  39.647  -70.363  5.866 0.0000000000
10586  38.776  -70.362  4.206 0.0000000000
10594  39.413  -70.386  2.528 0.0000000000
11022  41.034  -69.507  34.176 0.0000000000
11023  40.307  -69.522  34.539 0.0000000000
11033  42.534  -68.974  33.107 0.0000000000
11034  42.324  -69.000  33.403 0.0000000000
11035  41.661  -68.937  33.774 0.0000000000
11043  42.601  -68.884  32.857 0.0000000000
11044  42.016  -69.153  32.445 0.0000000000
11045  41.148  -69.241  32.252 0.0000000000
11046  40.030  -69.011  32.245 0.0000000000
11047  37.244  -68.911  32.565 0.0000000000
11057  43.092  -68.165  32.529 0.0000000000
11058  42.443  -68.669  32.306 0.0000000000
11059  41.688  -68.584  31.886 0.0000000000
11060  34.136  -68.955  31.376 0.0000000000
11061  34.102  -68.597  30.774 0.0000000000
11106  35.998  -69.071  27.577 0.0000000000
11118  40.232  -69.831  27.052 0.0000000000
11119  38.862  -69.873  27.198 0.0000000000
11120  37.690  -69.854  27.365 0.0000000000
11131  42.278  -68.891  26.511 0.0000000000
11132  42.039  -68.658  26.656 0.0000000000
11133  40.817  -68.917  26.716 0.0000000000
11134  39.251  -69.138  26.737 0.0000000000
11135  37.699  -69.060  26.834 0.0000000000
11136  36.524  -68.379  26.524 0.0000000000
11146  42.839  -68.137  26.105 0.0000000000
11147  41.877  -69.147  25.454 0.0000000000
11160  42.341  -68.129  25.223 0.0000000000
11161  40.946  -68.715  24.295 0.0000000000
11162  39.546  -69.362  23.377 0.0000000000
11176  39.800  -68.018  23.208 0.0000000000
11177  38.723  -69.029  22.592 0.0000000000
11178  37.886  -69.323  22.044 0.0000000000
11222  41.069  -68.834  17.552 0.0000000000
11223  40.781  -69.084  17.358 0.0000000000
11228  41.282  -68.339  17.587 0.0000000000
11229  40.994  -69.236  17.155 0.0000000000
11230  40.385  -69.404  16.625 0.0000000000
11237  41.209  -69.052  16.481 0.0000000000
11248  41.869  -68.277  15.820 0.0000000000
11249  41.421  -68.765  15.155 0.0000000000
11260  41.728  -68.286  13.282 0.0000000000
11261  41.076  -68.932  13.262 0.0000000000
11279  41.350  -68.209  12.520 0.0000000000
11280  40.032  -69.051  12.508 0.0000000000
11281  39.255  -69.313  12.366 0.0000000000
11291  40.473  -68.296  12.183 0.0000000000
11292  39.532  -68.448  12.031 0.0000000000
11293  38.545  -68.712  11.799 0.0000000000
11361  41.006  -69.021  6.277 0.0000000000
11362  40.218  -69.131  6.503 0.0000000000
11363  39.599  -69.510  6.563 0.0000000000
11364  38.618  -69.153  6.538 0.0000000000
11365  37.308  -68.167  6.250 0.0000000000
11379  41.065  -69.120  6.086 0.0000000000
11394  41.151  -68.703  5.558 0.0000000000
11395  40.359  -69.276  5.643 0.0000000000
11396  39.197  -69.713  5.157 0.0000000000
11402  38.932  -68.486  3.690 0.0000000000
11403  38.768  -69.392  3.893 0.0000000000
11410  39.262  -69.391  2.627 0.0000000000
11784  42.890  -68.499  33.097 0.0000000000
11785  42.403  -68.374  33.455 0.0000000000
11797  43.685  -67.147  32.316 0.0000000000
11798  43.359  -67.737  32.885 0.0000000000
11799  43.152  -67.767  33.203 0.0000000000
11800  40.541  -68.393  31.915 0.0000000000
11801  39.466  -68.055  32.100 0.0000000000
11811  42.547  -68.198  31.863 0.0000000000
11812  40.959  -67.648  31.530 0.0000000000
11813  39.908  -67.564  31.731 0.0000000000
11878  42.725  -67.867  26.293 0.0000000000
11879  41.716  -67.883  26.420 0.0000000000
11880  39.880  -68.073  26.188 0.0000000000
11881  38.214  -68.162  25.945 0.0000000000
11882  36.884  -67.971  25.772 0.0000000000
11892  43.151  -67.286  26.014 0.0000000000
11893  42.700  -67.083  26.097 0.0000000000
11894  40.791  -67.165  25.660 0.0000000000
11895  38.822  -67.338  25.192 0.0000000000
11896  37.337  -67.414  24.918 0.0000000000
11913  43.130  -67.252  25.620 0.0000000000
11914  41.889  -67.537  24.483 0.0000000000
11965  42.234  -67.239  19.016 0.0000000000
11971  42.554  -67.276  18.551 0.0000000000
11972  42.044  -67.650  18.529 0.0000000000
11973  41.821  -67.916  18.193 0.0000000000
11978  42.750  -67.309  17.673 0.0000000000
11979  42.015  -67.990  18.118 0.0000000000
11980  41.612  -68.299  17.888 0.0000000000
11981  41.270  -68.490  17.729 0.0000000000
11989  42.978  -67.082  16.597 0.0000000000
11990  42.192  -67.975  17.357 0.0000000000
12000  43.139  -66.881  15.477 0.0000000000
12001  42.394  -67.723  16.249 0.0000000000
12013  42.489  -67.527  14.181 0.0000000000
12030  42.351  -67.652  13.357 0.0000000000
12031  41.892  -68.186  14.094 0.0000000000
12043  42.816  -67.170  12.728 0.0000000000
12044  42.135  -67.726  12.639 0.0000000000
12045  42.550  -67.284  12.077 0.0000000000
12046  41.898  -67.632  12.058 0.0000000000
12047  41.128  -67.630  11.701 0.0000000000
12048  40.026  -67.731  11.586 0.0000000000
12049  39.016  -67.827  11.429 0.0000000000
12052  40.507  -67.164  11.046 0.0000000000
12053  39.534  -67.204  10.940 0.0000000000
12104  41.877  -68.016  6.050 0.0000000000
12105  40.671  -68.323  6.484 0.0000000000
12106  39.569  -67.873  6.470 0.0000000000
12107  38.050  -67.833  6.371 0.0000000000
12124  42.067  -67.981  5.535 0.0000000000
12125  41.574  -68.645  6.004 0.0000000000
12140  41.027  -67.974  4.679 0.0000000000
12141  39.850  -68.239  4.530 0.0000000000
12152  39.947  -67.375  3.863 0.0000000000
12153  39.336  -67.617  3.441 0.0000000000
12164  39.269  -68.398  2.572 0.0000000000
12564  44.006  -66.580  32.314 0.0000000000
12565  43.607  -67.170  32.781 0.0000000000
12574  44.122  -66.487  31.946 0.0000000000
12575  43.878  -66.722  31.682 0.0000000000
12576  43.148  -66.730  31.234 0.0000000000
12577  40.924  -66.675  31.200 0.0000000000
12578  39.935  -66.839  31.421 0.0000000000
12589  44.172  -66.198  31.611 0.0000000000
12590  43.938  -66.175  31.168 0.0000000000
12659  43.160  -66.952  25.790 0.0000000000
12660  42.099  -66.471  25.438 0.0000000000
12661  39.726  -66.566  24.796 0.0000000000
12662  37.989  -66.684  24.408 0.0000000000
12680  43.103  -66.889  25.045 0.0000000000
12681  41.064  -66.874  23.527 0.0000000000
12682  38.763  -65.927  24.142 0.0000000000
12683  37.345  -65.972  23.864 0.0000000000
12696  42.934  -66.460  24.654 0.0000000000
12709  43.309  -66.463  20.364 0.0000000000
12710  43.350  -66.314  20.964 0.0000000000
12711  42.700  -66.461  20.682 0.0000000000
12724  42.785  -66.778  19.983 0.0000000000
12725  42.278  -66.859  19.693 0.0000000000
12741  43.394  -66.555  18.895 0.0000000000
12742  42.628  -66.911  19.369 0.0000000000
12762  43.452  -66.544  17.913 0.0000000000
12787  43.599  -66.379  16.904 0.0000000000
12804  43.852  -66.132  15.819 0.0000000000
12819  43.997  -66.052  14.757 0.0000000000
12820  43.163  -66.843  14.441 0.0000000000
12834  43.943  -66.151  13.789 0.0000000000
12835  43.055  -66.966  13.512 0.0000000000
12838  43.729  -66.349  12.818 0.0000000000
12839  43.160  -66.837  12.196 0.0000000000
12841  43.802  -66.276  11.962 0.0000000000
12842  43.027  -66.813  11.591 0.0000000000
12843  42.135  -67.189  11.404 0.0000000000
12844  41.348  -67.103  11.055 0.0000000000
12848  43.690  -66.245  11.190 0.0000000000
12849  42.819  -66.650  10.851 0.0000000000
12850  41.900  -66.744  10.614 0.0000000000
12851  40.950  -66.674  10.480 0.0000000000
12861  42.534  -66.296  10.056 0.0000000000
12862  41.502  -66.242  9.860 0.0000000000
12863  40.406  -66.186  9.700 0.0000000000
12898  41.871  -66.698  6.119 0.0000000000
12899  41.093  -67.386  6.355 0.0000000000
12900  38.766  -66.831  6.516 0.0000000000
12914  43.070  -67.023  5.195 0.0000000000
12915  42.428  -67.424  5.576 0.0000000000
12922  43.327  -66.772  4.666 0.0000000000
12923  42.705  -67.443  5.050 0.0000000000
12924  42.083  -67.670  4.734 0.0000000000
12931  42.178  -66.878  3.832 0.0000000000
12932  40.719  -66.918  3.683 0.0000000000
12933  39.685  -66.870  3.081 0.0000000000
12938  41.146  -66.081  3.001 0.0000000000
12939  40.194  -66.270  2.588 0.0000000000
13353  44.282  -66.010  31.836 0.0000000000
13366  41.935  -66.340  30.947 0.0000000000
13367  40.888  -65.954  30.831 0.0000000000
13378  44.225  -65.751  31.305 0.0000000000
13379  44.010  -65.495  30.708 0.0000000000
13380  43.022  -65.939  30.670 0.0000000000
13381  41.581  -65.449  30.381 0.0000000000
13448  42.871  -66.273  25.170 0.0000000000
13449  40.819  -65.889  24.661 0.0000000000
13459  44.374  -65.227  24.010 0.0000000000
13460  43.720  -65.706  24.296 0.0000000000
13461  42.923  -66.116  24.939 0.0000000000
13462  41.766  -65.606  24.605 0.0000000000
13463  39.527  -65.165  23.921 0.0000000000
13464  37.963  -65.190  23.706 0.0000000000
13474  44.807  -65.017  23.467 0.0000000000
13475  44.140  -65.474  23.825 0.0000000000
13476  43.661  -65.824  24.035 0.0000000000
13477  42.929  -66.264  24.475 0.0000000000
13478  41.504  -66.363  23.158 0.0000000000
13481  45.085  -64.844  22.862 0.0000000000
13482  44.489  -65.420  22.768 0.0000000000
13483  42.951  -65.954  22.832 0.0000000000
13484  41.912  -66.043  22.677 0.0000000000
13489  45.017  -64.982  22.059 0.0000000000
13490  43.809  -65.863  21.921 0.0000000000
13491  43.161  -66.050  21.778 0.0000000000
13501  44.971  -64.978  20.880 0.0000000000
13502  44.130  -65.848  20.301 0.0000000000
13518  45.305  -64.619  18.510 0.0000000000
13519  44.239  -65.709  19.224 0.0000000000
13535  45.147  -64.809  16.970 0.0000000000
13536  44.387  -65.545  18.051 0.0000000000
13551  45.539  -64.450  15.841 0.0000000000
13552  44.565  -65.431  16.263 0.0000000000
13562  45.644  -64.192  14.308 0.0000000000
13563  45.004  -65.086  15.101 0.0000000000
13567  45.559  -64.239  13.573 0.0000000000
13568  44.958  -65.199  14.090 0.0000000000
13571  45.499  -64.305  12.912 0.0000000000
13572  44.854  -65.314  13.253 0.0000000000
13575  45.511  -64.451  12.280 0.0000000000
13576  44.727  -65.428  12.477 0.0000000000
13578  45.366  -64.692  11.450 0.0000000000
13579  44.601  -65.523  11.685 0.0000000000
13583  44.439  -65.598  10.820 0.0000000000
13584  43.512  -66.122  10.366 0.0000000000
13590  45.191  -64.835  10.479 0.0000000000
13591  44.284  -65.549  9.877 0.0000000000
13592  43.213  -65.769  9.497 0.0000000000
13593  42.124  -65.731  9.211 0.0000000000
13594  41.048  -65.684  8.975 0.0000000000
13595  40.080  -65.706  8.761 0.0000000000
13600  43.967  -65.280  8.882 0.0000000000
13601  42.838  -65.248  8.571 0.0000000000
13602  41.686  -65.173  8.115 0.0000000000
13603  40.603  -65.370  7.962 0.0000000000
13604  39.695  -65.570  7.778 0.0000000000
13612  42.601  -64.847  7.589 0.0000000000
13613  41.816  -65.025  6.952 0.0000000000
13614  40.338  -65.603  6.914 0.0000000000
13615  39.366  -65.776  6.964 0.0000000000
13623  43.642  -64.797  6.359 0.0000000000
13624  42.177  -65.586  6.264 0.0000000000
13625  40.863  -66.140  6.464 0.0000000000
13626  39.071  -66.257  6.698 0.0000000000
13634  44.767  -65.111  5.098 0.0000000000
13635  43.899  -65.581  5.423 0.0000000000
13636  43.300  -66.352  5.361 0.0000000000
13637  42.706  -66.525  5.692 0.0000000000
13643  45.260  -64.713  4.449 0.0000000000
13644  44.159  -65.909  4.612 0.0000000000
13652  44.544  -65.413  3.863 0.0000000000
13653  43.879  -65.705  3.273 0.0000000000
13654  43.146  -66.543  3.779 0.0000000000
13655  42.283  -66.188  3.216 0.0000000000
13666  43.549  -65.204  2.530 0.0000000000
13667  42.922  -65.775  2.898 0.0000000000
13668  41.809  -65.530  2.492 0.0000000000
13669  40.714  -65.567  2.091 0.0000000000
13684  41.497  -64.916  1.488 0.0000000000
14133  44.267  -65.391  31.363 0.0000000000
14145  44.324  -65.025  30.780 0.0000000000
14146  44.104  -64.700  30.179 0.0000000000
14147  42.955  -65.130  30.135 0.0000000000
14148  41.782  -64.703  29.838 0.0000000000
14160  44.651  -64.087  30.042 0.0000000000
14161  44.380  -63.993  29.650 0.0000000000
14162  42.948  -64.236  29.559 0.0000000000
14227  43.977  -65.289  24.255 0.0000000000
14228  43.301  -65.521  24.410 0.0000000000
14229  41.956  -65.448  24.473 0.0000000000
14230  40.464  -64.767  23.950 0.0000000000
14231  39.327  -64.210  23.647 0.0000000000
14232  38.304  -64.202  23.583 0.0000000000
14248  45.167  -64.353  22.907 0.0000000000
14252  45.357  -64.298  22.315 0.0000000000
14256  45.497  -63.736  21.705 0.0000000000
14257  45.481  -64.214  21.389 0.0000000000
14262  45.643  -63.429  19.939 0.0000000000
14263  45.640  -63.973  20.168 0.0000000000
14276  45.724  -63.502  19.166 0.0000000000
14286  45.869  -63.642  18.288 0.0000000000
14287  45.816  -64.104  17.505 0.0000000000
14294  46.051  -63.256  17.228 0.0000000000
14295  45.939  -63.799  16.519 0.0000000000
14305  46.115  -63.154  16.299 0.0000000000
14306  45.696  -63.435  14.688 0.0000000000
14318  45.549  -63.558  13.930 0.0000000000
14319  44.762  -63.193  14.014 0.0000000000
14320  43.187  -63.588  14.073 0.0000000000
14321  41.938  -63.907  14.228 0.0000000000
14333  45.548  -63.740  13.228 0.0000000000
14334  45.310  -63.449  13.483 0.0000000000
14335  43.939  -63.594  13.489 0.0000000000
14336  42.336  -64.222  13.570 0.0000000000
14349  45.667  -63.704  12.640 0.0000000000
14350  45.509  -63.575  12.874 0.0000000000
14351  43.393  -64.002  12.998 0.0000000000
14363  45.913  -63.341  11.562 0.0000000000
14364  45.875  -63.658  12.041 0.0000000000
14365  42.999  -63.905  12.258 0.0000000000
14382  46.133  -63.153  10.723 0.0000000000
14383  45.963  -64.014  10.984 0.0000000000
14395  46.349  -63.241  9.827 0.0000000000
14396  45.882  -64.014  10.196 0.0000000000
14397  45.109  -64.762  9.340 0.0000000000
14409  46.355  -63.352  8.929 0.0000000000
14410  45.695  -64.084  8.391 0.0000000000
14411  44.584  -64.685  8.213 0.0000000000
14412  43.512  -64.805  7.951 0.0000000000
14423  46.472  -63.241  8.033 0.0000000000
14424  45.156  -64.337  7.389 0.0000000000
14425  44.060  -64.535  7.259 0.0000000000
14426  43.234  -64.627  7.130 0.0000000000
14427  42.677  -64.933  6.618 0.0000000000
14441  46.684  -62.972  6.717 0.0000000000
14442  45.738  -64.068  6.434 0.0000000000
14443  44.602  -64.507  6.618 0.0000000000
14453  46.572  -63.208  5.237 0.0000000000
14454  45.771  -64.190  5.337 0.0000000000
14455  44.702  -64.735  5.866 0.0000000000
14466  45.987  -63.823  4.025 0.0000000000
14476  45.656  -63.736  2.845 0.0000000000
14477  45.423  -64.406  3.593 0.0000000000
14478  44.756  -64.777  2.948 0.0000000000
14490  45.316  -63.830  2.172 0.0000000000
14491  42.646  -65.068  2.140 0.0000000000
14504  45.004  -63.801  1.524 0.0000000000
14505  42.742  -64.539  1.279 0.0000000000
14518  44.070  -64.120  1.155 0.0000000000
14519  43.038  -63.977  0.270 0.0000000000
15001  44.427  -64.395  30.608 0.0000000000
15018  45.826  -62.374  28.963 0.0000000000
15019  45.114  -63.262  29.627 0.0000000000
15020  44.734  -63.284  30.291 0.0000000000
15025  45.186  -63.208  29.253 0.0000000000
15026  44.045  -63.466  29.146 0.0000000000
15027  42.159  -63.282  29.166 0.0000000000
15088  44.374  -64.695  23.904 0.0000000000
15089  43.501  -64.231  23.830 0.0000000000
15090  42.295  -64.029  23.758 0.0000000000
15091  41.051  -63.489  23.533 0.0000000000
15092  38.800  -63.413  23.425 0.0000000000
15093  37.977  -63.317  23.381 0.0000000000
15094  37.194  -63.174  23.319 0.0000000000
15108  44.872  -64.505  23.469 0.0000000000
15109  43.283  -63.164  23.002 0.0000000000
15110  41.655  -63.040  23.147 0.0000000000
15111  40.848  -62.815  23.000 0.0000000000
15112  39.103  -62.864  23.165 0.0000000000
15118  45.372  -63.790  22.262 0.0000000000
15119  45.105  -63.559  22.598 0.0000000000
15120  44.108  -62.953  22.481 0.0000000000
15121  41.839  -62.384  22.103 0.0000000000
15122  40.914  -62.359  21.916 0.0000000000
15123  39.960  -62.472  21.712 0.0000000000
15124  39.008  -62.579  21.442 0.0000000000
15127  45.400  -63.215  21.481 0.0000000000
15128  44.730  -62.733  21.704 0.0000000000
15129  43.697  -62.629  20.736 0.0000000000
15130  42.498  -62.660  20.935 0.0000000000
15131  40.622  -62.724  21.010 0.0000000000
15132  39.647  -62.891  20.729 0.0000000000
15133  38.730  -63.026  20.374 0.0000000000
15134  37.849  -63.041  19.966 0.0000000000
15138  41.530  -63.108  20.254 0.0000000000
15139  40.330  -63.285  20.025 0.0000000000
15140  39.377  -63.328  19.732 0.0000000000
15141  38.503  -63.266  19.321 0.0000000000
15154  45.903  -63.169  18.278 0.0000000000
15155  45.537  -62.895  18.394 0.0000000000
15156  44.527  -62.906  18.834 0.0000000000
15157  43.180  -63.257  18.629 0.0000000000
15158  41.911  -63.471  18.358 0.0000000000
15159  40.219  -63.427  18.330 0.0000000000
15160  39.259  -63.348  18.593 0.0000000000
15174  45.801  -62.871  17.455 0.0000000000
15175  43.615  -62.529  16.829 0.0000000000
15176  40.568  -63.076  17.390 0.0000000000
15177  39.726  -63.031  17.565 0.0000000000
15191  45.918  -62.792  16.553 0.0000000000
15192  44.245  -62.316  16.036 0.0000000000
15193  42.868  -62.243  15.983 0.0000000000
15194  41.802  -62.330  16.271 0.0000000000
15195  40.976  -62.457  16.462 0.0000000000
15196  40.171  -62.420  16.578 0.0000000000
15206  45.663  -62.864  15.258 0.0000000000
15207  44.782  -62.520  15.295 0.0000000000
15208  42.731  -62.327  15.198 0.0000000000
15209  41.441  -62.662  14.753 0.0000000000
15227  45.281  -62.992  14.582 0.0000000000
15228  43.910  -62.766  14.735 0.0000000000
15229  42.501  -62.866  14.678 0.0000000000
15250  45.690  -63.406  12.315 0.0000000000
15259  45.818  -63.266  11.912 0.0000000000
15260  45.098  -63.143  11.981 0.0000000000
15261  43.842  -63.332  11.691 0.0000000000
15262  42.507  -63.562  11.364 0.0000000000
15280  45.764  -62.952  11.259 0.0000000000
15281  44.581  -62.847  11.141 0.0000000000
15282  43.197  -63.095  10.866 0.0000000000
15283  41.958  -63.312  10.628 0.0000000000
15299  46.420  -62.323  8.818 0.0000000000
15300  46.451  -62.714  9.279 0.0000000000
15315  46.569  -62.108  8.189 0.0000000000
15316  46.553  -62.636  8.474 0.0000000000
15332  46.691  -62.457  7.563 0.0000000000
15342  46.693  -62.445  5.736 0.0000000000
15351  46.584  -62.606  4.774 0.0000000000
15358  46.499  -62.913  4.026 0.0000000000
15364  46.134  -63.334  3.421 0.0000000000
15372  46.048  -62.755  2.802 0.0000000000
15373  45.863  -63.048  2.261 0.0000000000
15380  45.756  -62.394  2.279 0.0000000000
15381  45.629  -62.809  1.546 0.0000000000
15382  45.207  -63.259  0.780 0.0000000000
15393  45.420  -62.277  0.637 0.0000000000
15394  45.193  -62.743  -0.052 0.0000000000
15883  46.092  -61.980  28.907 0.0000000000
15884  45.548  -62.311  29.436 0.0000000000
15891  45.991  -61.885  28.842 0.0000000000
15892  45.724  -62.370  28.838 0.0000000000
15893  44.967  -62.877  28.789 0.0000000000
15894  43.635  -62.552  28.729 0.0000000000
15900  45.782  -61.716  28.741 0.0000000000
15901  45.077  -62.026  28.553 0.0000000000
15944  38.390  -62.910  23.195 0.0000000000
15945  37.762  -62.778  23.116 0.0000000000
15962  42.205  -62.770  22.690 0.0000000000
15963  41.272  -62.588  22.554 0.0000000000
15964  38.398  -62.595  22.817 0.0000000000
15965  37.518  -62.478  22.457 0.0000000000
15966  36.515  -62.452  22.515 0.0000000000
15980  40.374  -62.522  22.507 0.0000000000
15981  39.308  -62.491  22.494 0.0000000000
15982  38.330  -62.398  22.033 0.0000000000
15983  36.878  -62.485  21.637 0.0000000000
15993  38.109  -62.722  21.020 0.0000000000
15994  37.173  -62.725  20.654 0.0000000000
15995  36.226  -62.592  20.783 0.0000000000
16043  41.890  -62.172  15.497 0.0000000000
16044  41.255  -62.076  15.720 0.0000000000
16045  40.581  -61.907  15.599 0.0000000000
16060  41.061  -62.074  15.177 0.0000000000
16117  46.042  -62.525  10.205 0.0000000000
16118  45.137  -62.494  10.515 0.0000000000
16119  43.856  -62.657  10.381 0.0000000000
16120  42.682  -62.935  10.174 0.0000000000
16131  46.287  -62.347  9.431 0.0000000000
16132  45.976  -62.089  9.452 0.0000000000
16133  44.471  -62.291  9.830 0.0000000000
16134  43.295  -62.519  9.672 0.0000000000
16135  42.224  -62.776  9.501 0.0000000000
16136  41.204  -63.003  9.284 0.0000000000
16147  46.276  -62.058  8.794 0.0000000000
16148  45.862  -61.854  8.858 0.0000000000
16149  43.984  -62.106  9.123 0.0000000000
16150  42.759  -62.383  8.956 0.0000000000
16151  41.814  -62.625  8.853 0.0000000000
16152  40.952  -62.669  8.365 0.0000000000
16168  46.265  -61.796  8.061 0.0000000000
16169  45.489  -61.695  7.426 0.0000000000
16170  44.073  -61.925  7.577 0.0000000000
16171  42.834  -62.168  7.515 0.0000000000
16172  41.163  -62.433  7.514 0.0000000000
16188  46.516  -61.988  6.056 0.0000000000
16189  45.755  -61.734  6.463 0.0000000000
16190  43.498  -62.093  6.821 0.0000000000
16191  42.386  -62.259  6.740 0.0000000000
16192  41.422  -62.365  6.723 0.0000000000
16203  46.399  -62.165  4.987 0.0000000000
16204  45.722  -61.885  5.315 0.0000000000
16205  43.953  -62.193  5.291 0.0000000000
16216  46.340  -62.270  4.136 0.0000000000
16217  46.057  -61.964  4.250 0.0000000000
16218  44.761  -62.104  4.472 0.0000000000
16219  43.317  -62.350  4.555 0.0000000000
16220  42.210  -62.516  4.352 0.0000000000
16221  41.040  -62.709  3.879 0.0000000000
16236  46.190  -62.473  3.431 0.0000000000
16237  45.959  -62.197  3.348 0.0000000000
16238  45.230  -62.098  3.607 0.0000000000
16239  42.667  -62.514  3.384 0.0000000000
16240  41.270  -62.715  2.913 0.0000000000
16251  45.607  -62.225  2.493 0.0000000000
16252  45.382  -62.100  2.854 0.0000000000
16253  42.417  -62.471  2.324 0.0000000000
16263  45.386  -61.994  1.509 0.0000000000
16264  44.862  -61.700  1.014 0.0000000000
16265  43.710  -62.049  1.629 0.0000000000
16776  45.652  -61.301  29.083 0.0000000000
16785  45.859  -61.608  28.845 0.0000000000
16794  45.745  -61.504  28.754 0.0000000000
16795  45.056  -60.902  28.468 0.0000000000
16796  43.981  -61.344  28.435 0.0000000000
17556  44.941  -60.537  29.040 0.0000000000
17565  45.319  -60.982  28.682 0.0000000000
17576  44.597  -60.481  28.460 0.0000000000
94537  30.821  -80.786  32.430 0.0000000000
94538  30.138  -81.167  32.225 0.0000000000
94539  32.075  -78.980  31.581 0.0000000000
94540  31.000  -76.657  31.100 0.0000000000
94541  29.822  -81.394  29.503 0.0000000000
94542  29.887  -81.293  28.462 0.0000000000
94543  29.934  -79.133  30.601 0.0000000000
94544  31.383  -80.238  31.376 0.0000000000
94545  29.550  -79.151  28.763 0.0000000000
94611  29.656  -80.965  31.100 0.0000000000
94612  29.880  -81.210  30.426 0.0000000000
94613  30.474  -81.094  31.110 0.0000000000
94625  29.140  -80.817  29.203 0.0000000000
94632  31.078  -77.040  29.195 0.0000000000
94638  31.681  -79.402  32.355 0.0000000000
94639  30.370  -81.191  30.308 0.0000000000
94648  30.668  -77.709  29.806 0.0000000000
94660  29.737  -79.645  31.484 0.0000000000
94663  30.576  -81.027  31.875 0.0000000000
94673  31.311  -80.327  31.967 0.0000000000
94680  29.866  -80.857  32.631 0.0000000000
94681  29.538  -78.612  27.670 0.0000000000
94682  29.070  -80.493  28.262 0.0000000000
94690  30.658  -77.287  28.504 0.0000000000
94696  31.532  -80.001  30.460 0.0000000000
94750  24.745  -86.560  19.621 0.0000000000
94753  22.938  -82.918  18.286 0.0000000000
94897  43.448  -64.711  1.872 0.0000000000
94906  43.024  -65.533  5.925 0.0000000000
94972  29.742  -79.268  29.721 0.0000000000
95106  43.086  -65.950  24.621 0.0000000000
95224  41.298  -65.631  6.616 0.0000000000
95388  43.668  -62.346  15.464 0.0000000000
95448  42.123  -67.363  31.379 0.0000000000
95568  46.500  -61.815  7.052 0.0000000000
95605  43.581  -66.519  5.014 0.0000000000
95933  41.210  -62.552  4.999 0.0000000000
95934  42.549  -62.375  5.198 0.0000000000
95936  40.822  -62.476  5.933 0.0000000000
95937  41.868  -62.362  5.936 0.0000000000
95938  43.063  -62.259  6.029 0.0000000000
96106  44.428  -61.996  6.133 0.0000000000
96243  26.987  -84.498  19.908 0.0000000000
96285  42.504  -67.524  15.138 0.0000000000
96389  30.832  -80.610  2.850 0.0000000000
96432  26.436  -81.354  18.380 0.0000000000
96646  38.616  -67.495  6.432 0.0000000000
96681  38.581  -72.025  13.056 0.0000000000
96860  36.890  -74.820  5.430 0.0000000000
96955  43.757  -65.783  22.910 0.0000000000
96983  31.445  -79.387  1.826 0.0000000000
97100  45.092  -62.464  16.879 0.0000000000
97113  37.401  -73.314  22.751 0.0000000000
97188  26.192  -82.831  18.755 0.0000000000
97298  44.400  -63.782  23.347 0.0000000000
97319  27.112  -81.714  21.801 0.0000000000
97345  31.276  -76.589  29.700 0.0000000000
97514  37.608  -69.275  6.355 0.0000000000
97570  45.027  -62.735  20.653 0.0000000000
97586  28.748  -78.104  39.626 0.0000000000
97667  43.233  -66.080  24.170 0.0000000000
97878  32.532  -73.703  22.618 0.0000000000
97896  34.535  -70.825  32.427 0.0000000000
97898  37.494  -73.559  22.932 0.0000000000
97907  31.566  -72.266  15.655 0.0000000000
97930  32.429  -78.594  16.613 0.0000000000
98023  42.553  -63.316  23.293 0.0000000000
98065  44.953  -61.662  29.783 0.0000000000
98087  32.029  -78.708  24.966 0.0000000000
98233  31.344  -75.483  30.789 0.0000000000
98270  44.305  -64.553  2.146 0.0000000000
98334  32.350  -76.426  7.778 0.0000000000
98373  45.042  -64.838  19.717 0.0000000000
98546  46.455  -63.373  5.864 0.0000000000
98548  37.922  -73.358  2.224 0.0000000000
98550  45.172  -61.994  9.296 0.0000000000
98574  31.111  -79.322  25.620 0.0000000000
98642  36.177  -72.571  38.109 0.0000000000
98657  22.268  -83.887  18.529 0.0000000000
98684  37.458  -63.795  23.496 0.0000000000
98708  34.477  -76.176  31.673 0.0000000000
98735  35.528  -76.733  3.745 0.0000000000
98758  46.272  -63.576  4.623 0.0000000000
98836  34.701  -72.301  32.313 0.0000000000
98885  39.911  -63.584  23.528 0.0000000000
98923  38.406  -71.182  36.282 0.0000000000
98968  34.695  -74.185  4.227 0.0000000000
98987  32.036  -77.360  6.005 0.0000000000
99054  32.716  -78.541  1.848 0.0000000000
99084  30.902  -76.481  14.993 0.0000000000
99124  42.678  -62.955  20.096 0.0000000000
99224  35.067  -76.668  29.533 0.0000000000
99303  32.319  -70.793  19.561 0.0000000000
99321  35.277  -73.935  39.121 0.0000000000
99366  44.705  -63.513  13.102 0.0000000000
99511  28.998  -74.337  35.417 0.0000000000
99566  31.201  -79.885  33.970 0.0000000000
99628  44.946  -61.897  2.096 0.0000000000
99709  42.108  -65.926  21.582 0.0000000000
99827  45.672  -63.211  19.280 0.0000000000
99855  30.579  -73.906  32.808 0.0000000000
99872  41.093  -65.291  7.250 0.0000000000
99927  46.762  -62.099  6.751 0.0000000000
99953  37.076  -62.672  23.045 0.0000000000
100037  34.158  -72.247  23.877 0.0000000000
100129  32.547  -78.618  26.410 0.0000000000
100139  37.894  -70.437  22.012 0.0000000000
100168  44.939  -61.792  8.424 0.0000000000
100193  43.862  -66.229  4.071 0.0000000000
100288  39.812  -67.009  6.389 0.0000000000
100326  39.156  -68.551  6.534 0.0000000000
100374  38.589  -72.768  6.307 0.0000000000
100434  45.283  -62.876  19.570 0.0000000000
100575  34.745  -74.425  29.191 0.0000000000
100669  42.036  -64.852  24.190 0.0000000000
100743  34.817  -72.097  38.106 0.0000000000
100752  38.508  -72.651  2.378 0.0000000000
100908  39.994  -63.521  19.189 0.0000000000
100909  41.006  -63.552  19.105 0.0000000000
100910  42.279  -63.398  19.303 0.0000000000
100911  43.796  -62.926  19.637 0.0000000000
100959  32.645  -75.220  6.835 0.0000000000
101155  25.617  -83.224  23.099 0.0000000000
101198  34.412  -71.817  27.253 0.0000000000
101212  23.567  -83.527  18.421 0.0000000000
101221  31.895  -79.115  17.261 0.0000000000
101363  23.738  -81.906  25.054 0.0000000000
101389  43.403  -62.104  8.329 0.0000000000
101426  44.340  -62.206  3.051 0.0000000000
101444  35.690  -73.688  36.646 0.0000000000
101452  45.418  -62.534  15.926 0.0000000000
101453  44.641  -63.434  12.502 0.0000000000
101552  25.678  -81.900  23.955 0.0000000000
101581  37.533  -71.230  36.431 0.0000000000
101685  37.898  -68.294  32.412 0.0000000000
101758  35.425  -76.197  28.856 0.0000000000
101803  35.854  -74.041  4.742 0.0000000000
101957  35.004  -73.153  26.377 0.0000000000
101992  39.430  -71.002  2.465 0.0000000000
101995  25.593  -79.219  22.317 0.0000000000
102003  34.870  -74.261  31.539 0.0000000000
102033  29.737  -76.166  15.270 0.0000000000
102074  39.188  -68.945  4.602 0.0000000000
102146  36.200  -74.799  25.785 0.0000000000
102155  32.366  -74.954  40.277 0.0000000000
102259  26.024  -83.801  18.923 0.0000000000
102281  43.835  -62.297  3.873 0.0000000000
102385  34.803  -73.127  32.178 0.0000000000
102417  31.123  -80.343  33.145 0.0000000000
102566  40.979  -64.409  23.895 0.0000000000
102578  37.680  -70.498  26.340 0.0000000000
102664  35.482  -69.107  28.056 0.0000000000
102678  31.224  -77.253  23.018 0.0000000000
102692  37.382  -64.460  23.559 0.0000000000
102717  38.757  -71.734  6.452 0.0000000000
102787  37.418  -71.575  33.243 0.0000000000
102846  27.487  -74.608  38.293 0.0000000000
102859  38.297  -69.261  32.503 0.0000000000
102883  32.964  -75.598  14.904 0.0000000000
102926  41.721  -68.285  5.425 0.0000000000
102998  33.736  -76.324  3.549 0.0000000000
103193  30.425  -77.916  31.723 0.0000000000
103220  39.495  -69.773  32.450 0.0000000000
103221  32.400  -70.736  22.870 0.0000000000
103393  35.161  -75.608  30.698 0.0000000000
103401  35.153  -77.268  3.358 0.0000000000
103487  37.362  -70.606  35.784 0.0000000000
103566  44.185  -65.727  17.195 0.0000000000
103717  41.732  -63.150  9.983 0.0000000000
103780  44.133  -65.793  21.383 0.0000000000
103981  46.315  -62.738  9.928 0.0000000000
104001  35.631  -73.409  33.471 0.0000000000
104018  32.088  -76.847  14.865 0.0000000000
104115  24.105  -81.229  24.805 0.0000000000
104246  26.323  -83.896  21.415 0.0000000000
104423  44.327  -62.813  17.842 0.0000000000
104473  43.301  -67.515  31.822 0.0000000000
104603  34.909  -72.085  26.305 0.0000000000
104657  29.655  -79.463  33.997 0.0000000000
104740  33.086  -72.102  23.623 0.0000000000
104926  31.263  -76.264  41.041 0.0000000000
105018  36.089  -75.264  25.805 0.0000000000
105046  33.535  -78.833  6.769 0.0000000000
105077  28.694  -77.206  44.656 0.0000000000
105174  45.232  -61.780  0.548 0.0000000000
105212  31.986  -80.778  5.545 0.0000000000
105237  28.785  -73.662  35.749 0.0000000000
105407  43.420  -62.489  21.677 0.0000000000
105434  38.590  -71.664  33.767 0.0000000000
105452  30.729  -74.740  15.247 0.0000000000
105583  28.922  -78.475  35.381 0.0000000000
105607  42.077  -62.358  8.159 0.0000000000
105644  31.580  -75.489  29.793 0.0000000000
105672  34.305  -73.757  29.102 0.0000000000
105907  29.348  -79.945  27.312 0.0000000000
105964  40.009  -66.693  10.419 0.0000000000
105998  30.497  -80.230  34.479 0.0000000000
106015  38.759  -71.786  5.148 0.0000000000
106017  36.517  -73.691  24.977 0.0000000000
106092  30.764  -82.063  2.007 0.0000000000
106119  33.542  -70.941  30.150 0.0000000000
106193  36.705  -69.173  27.230 0.0000000000
106197  33.003  -71.426  18.931 0.0000000000
106266  42.772  -63.102  17.641 0.0000000000
106267  41.593  -62.568  21.361 0.0000000000
106336  36.956  -72.476  6.180 0.0000000000
106343  43.439  -66.472  19.765 0.0000000000
106405  29.784  -77.633  26.254 0.0000000000
106448  34.945  -74.748  30.513 0.0000000000
106462  35.238  -71.318  26.322 0.0000000000
106474  40.006  -66.228  6.576 0.0000000000
106802  26.764  -73.324  40.824 0.0000000000
106856  30.697  -74.703  37.511 0.0000000000
106985  36.478  -70.189  5.933 0.0000000000
107068  45.884  -63.930  9.359 0.0000000000
107123  31.248  -76.057  35.357 0.0000000000
107215  38.264  -70.018  35.186 0.0000000000
107268  24.064  -79.826  24.462 0.0000000000
107313  33.732  -77.424  30.667 0.0000000000
107319  32.109  -74.964  4.787 0.0000000000
107387  33.848  -74.168  40.308 0.0000000000
107436  40.641  -70.023  34.723 0.0000000000
107449  31.593  -69.814  19.887 0.0000000000
107555  26.057  -83.327  22.396 0.0000000000
107615  36.687  -75.484  4.824 0.0000000000
107651  38.919  -68.686  32.339 0.0000000000
107662  45.959  -63.430  15.567 0.0000000000
107730  29.848  -78.614  33.180 0.0000000000
107752  41.584  -63.053  17.297 0.0000000000
107756  24.103  -82.598  25.502 0.0000000000
107966  27.948  -77.222  43.719 0.0000000000
108006  29.517  -81.243  29.473 0.0000000000
108007  29.294  -81.233  28.680 0.0000000000
108008  30.008  -81.218  31.565 0.0000000000
108009  29.781  -80.943  31.914 0.0000000000
108016  29.448  -80.921  30.162 0.0000000000
108017  32.448  -78.584  30.871 0.0000000000
108031  30.477  -77.919  29.206 0.0000000000
108033  29.747  -79.623  32.385 0.0000000000
108035  29.714  -80.251  33.198 0.0000000000
108086  35.681  -73.223  4.895 0.0000000000
108098  31.073  -80.605  29.706 0.0000000000
108159  41.670  -69.441  32.620 0.0000000000
108190  27.707  -76.700  39.109 0.0000000000
108220  31.165  -80.755  17.179 0.0000000000
108229  42.864  -62.579  22.282 0.0000000000
108256  33.729  -71.527  28.985 0.0000000000
108370  33.223  -78.054  26.966 0.0000000000
108433  29.894  -80.793  27.270 0.0000000000
108636  31.221  -78.102  15.249 0.0000000000
108691  32.802  -78.596  28.933 0.0000000000
108709  31.434  -80.367  17.360 0.0000000000
108743  27.460  -73.929  38.066 0.0000000000
108766  35.366  -76.999  0.638 0.0000000000
108930  24.312  -83.230  18.581 0.0000000000
108931  30.371  -73.824  33.421 0.0000000000
108946  30.240  -76.790  33.098 0.0000000000
108998  44.612  -61.868  6.884 0.0000000000
109012  30.500  -77.999  31.077 0.0000000000
109036  45.882  -62.337  2.878 0.0000000000
109247  45.722  -64.021  19.168 0.0000000000
109274  34.513  -71.115  27.631 0.0000000000
109391  30.882  -81.982  0.602 0.0000000000
109432  40.057  -62.866  23.091 0.0000000000
109496  36.970  -74.542  23.461 0.0000000000
109679  34.228  -68.436  30.299 0.0000000000
109752  29.670  -72.494  15.915 0.0000000000
109793  29.389  -75.427  15.457 0.0000000000
109859  41.934  -62.309  7.351 0.0000000000
109882  30.878  -81.934  3.738 0.0000000000
109885  38.699  -71.042  15.121 0.0000000000
109941  28.040  -82.639  18.575 0.0000000000
109975  46.124  -63.671  7.397 0.0000000000
109989  33.385  -77.421  24.821 0.0000000000
110077  30.195  -73.612  41.064 0.0000000000
110092  34.885  -74.562  32.590 0.0000000000
110462  29.999  -80.783  33.230 0.0000000000
110472  35.404  -71.011  32.807 0.0000000000
110507  37.937  -71.627  11.855 0.0000000000
110508  41.361  -68.498  6.253 0.0000000000
110514  28.772  -76.813  35.356 0.0000000000
110653  34.705  -76.744  3.561 0.0000000000
110676  38.966  -70.375  26.622 0.0000000000
110686  45.445  -62.226  9.885 0.0000000000
110742  32.544  -72.052  23.064 0.0000000000
110787  46.661  -61.976  7.514 0.0000000000
110806  28.674  -72.211  35.845 0.0000000000
110813  33.530  -71.734  30.373 0.0000000000
110833  42.800  -67.165  4.463 0.0000000000
111075  27.154  -72.499  38.184 0.0000000000
111127  39.516  -71.394  34.150 0.0000000000
111166  33.420  -76.616  24.352 0.0000000000
111179  32.126  -71.016  22.087 0.0000000000
111189  37.603  -62.503  21.597 0.0000000000
111388  41.913  -64.454  0.654 0.0000000000
111403  41.673  -68.483  16.811 0.0000000000
111531  32.248  -77.169  22.803 0.0000000000
111551  38.845  -71.042  5.210 0.0000000000
111564  40.881  -69.415  14.934 0.0000000000
111673  44.494  -63.549  0.295 0.0000000000
111677  45.732  -64.073  15.014 0.0000000000
111713  28.759  -79.330  37.114 0.0000000000
111993  40.716  -70.130  34.651 0.0000000000
112060  38.542  -67.843  32.220 0.0000000000
112076  29.866  -77.121  40.361 0.0000000000
112133  39.251  -71.549  2.416 0.0000000000
112148  34.513  -76.053  24.480 0.0000000000
112212  45.582  -63.533  20.836 0.0000000000
112240  34.064  -79.307  7.019 0.0000000000
112255  27.727  -82.143  21.225 0.0000000000
112367  34.195  -73.903  18.544 0.0000000000
112417  34.827  -69.129  32.356 0.0000000000
112452  33.387  -78.367  8.825 0.0000000000
112503  42.968  -61.771  28.643 0.0000000000
112724  31.109  -81.306  1.421 0.0000000000
112745  32.194  -77.895  21.671 0.0000000000
112761  31.580  -79.600  -1.969 0.0000000000
112776  30.976  -74.957  32.031 0.0000000000
112815  34.922  -76.828  30.150 0.0000000000
112846  27.552  -72.246  37.127 0.0000000000
113015  26.552  -71.518  39.762 0.0000000000
113031  30.697  -80.821  29.012 0.0000000000
113037  38.822  -70.990  32.961 0.0000000000
113124  28.769  -79.092  37.665 0.0000000000
113184  35.339  -75.769  30.085 0.0000000000
113187  36.784  -69.375  6.047 0.0000000000
113385  32.168  -78.268  32.428 0.0000000000
113408  37.961  -71.630  33.420 0.0000000000
113466  37.755  -73.078  6.737 0.0000000000
113478  30.238  -73.424  33.801 0.0000000000
113494  45.509  -63.174  20.302 0.0000000000
113500  37.484  -69.743  21.932 0.0000000000
113507  27.939  -77.118  39.708 0.0000000000
113597  29.842  -78.544  37.075 0.0000000000
113684  45.961  -62.880  15.875 0.0000000000
113703  23.531  -84.266  18.442 0.0000000000
113728  40.697  -68.811  12.682 0.0000000000
113767  33.442  -73.185  20.181 0.0000000000
113784  44.109  -65.134  2.749 0.0000000000
113806  38.448  -70.815  23.831 0.0000000000
113840  42.401  -62.443  21.680 0.0000000000
113859  33.645  -76.120  24.313 0.0000000000
113925  31.255  -78.938  2.562 0.0000000000
113989  30.523  -79.672  26.111 0.0000000000
114108  34.275  -73.144  27.820 0.0000000000
114148  43.548  -65.937  24.565 0.0000000000
114153  31.289  -74.168  37.383 0.0000000000
114221  36.183  -62.440  21.675 0.0000000000
114229  41.006  -63.444  18.092 0.0000000000
114321  30.870  -78.591  15.506 0.0000000000
114357  35.736  -73.951  38.642 0.0000000000
114385  45.234  -64.744  17.723 0.0000000000
114407  43.648  -62.254  2.497 0.0000000000
114415  34.983  -74.290  27.514 0.0000000000
114685  41.848  -68.018  31.594 0.0000000000
114723  46.608  -63.107  7.420 0.0000000000
114741  42.464  -62.639  16.785 0.0000000000
114770  42.940  -62.444  4.058 0.0000000000
114794  29.009  -78.152  39.877 0.0000000000
114940  45.381  -62.672  17.611 0.0000000000
115012  35.631  -77.890  1.960 0.0000000000
115017  42.020  -68.023  14.834 0.0000000000
115044  30.758  -80.524  -1.927 0.0000000000
115136  41.880  -62.312  15.035 0.0000000000
115138  23.612  -82.839  18.434 0.0000000000
115139  25.929  -81.630  23.388 0.0000000000
115164  28.813  -77.999  40.363 0.0000000000
115165  35.450  -72.603  23.462 0.0000000000
