#!ascii label  , from subject sub-02 vox2ras=TkReg aparc.a2009s=G_temporal_inf
1751
23443  36.286  -54.516  2.861 0.0000000000
23444  35.795  -54.537  2.456 0.0000000000
23452  36.570  -54.274  1.216 0.0000000000
23453  36.387  -54.555  2.098 0.0000000000
23454  35.912  -54.489  1.805 0.0000000000
23458  37.134  -54.017  0.261 0.0000000000
24260  38.126  -52.584  4.707 0.0000000000
24261  36.965  -53.757  4.021 0.0000000000
24273  38.004  -52.859  3.727 0.0000000000
24274  37.222  -54.043  2.845 0.0000000000
24275  35.665  -54.331  2.296 0.0000000000
24282  37.399  -54.106  1.832 0.0000000000
24287  49.853  -55.109  0.100 0.0000000000
24288  37.745  -53.863  0.773 0.0000000000
24289  36.658  -53.996  0.618 0.0000000000
24290  36.182  -54.194  1.359 0.0000000000
24300  50.010  -55.255  -0.325 0.0000000000
24301  49.912  -55.085  -0.659 0.0000000000
24302  38.571  -53.307  -1.197 0.0000000000
24303  37.967  -53.669  -0.430 0.0000000000
24304  37.379  -53.610  -0.302 0.0000000000
24314  50.658  -54.462  -0.616 0.0000000000
24315  50.061  -55.040  -0.940 0.0000000000
24316  49.896  -54.776  -1.186 0.0000000000
24317  38.068  -53.346  -1.148 0.0000000000
24318  37.788  -53.308  -0.990 0.0000000000
24321  50.508  -54.323  -1.137 0.0000000000
24322  50.054  -54.589  -1.469 0.0000000000
24323  49.640  -54.340  -1.731 0.0000000000
24324  38.695  -53.149  -1.790 0.0000000000
25140  39.343  -50.755  4.695 0.0000000000
25141  38.904  -51.649  5.082 0.0000000000
25153  38.674  -51.684  4.392 0.0000000000
25161  38.551  -51.848  3.482 0.0000000000
25162  35.528  -53.669  2.700 0.0000000000
25169  38.707  -52.021  2.380 0.0000000000
25170  36.438  -52.474  1.665 0.0000000000
25171  35.799  -53.944  1.768 0.0000000000
25177  49.641  -53.212  0.788 0.0000000000
25178  39.181  -52.232  0.798 0.0000000000
25179  36.372  -53.755  0.970 0.0000000000
25187  49.524  -54.467  -0.991 0.0000000000
25188  39.087  -53.056  -0.429 0.0000000000
25189  38.629  -53.283  0.368 0.0000000000
25190  37.385  -53.175  -0.529 0.0000000000
25201  51.225  -53.044  -0.985 0.0000000000
25202  49.405  -54.196  -1.804 0.0000000000
25203  48.660  -53.386  -2.482 0.0000000000
25204  39.192  -53.047  -1.529 0.0000000000
25205  38.334  -53.091  -1.552 0.0000000000
25206  37.858  -52.805  -1.212 0.0000000000
25209  50.595  -53.719  -1.489 0.0000000000
25210  50.050  -53.757  -2.109 0.0000000000
25211  49.061  -53.742  -2.483 0.0000000000
25212  48.339  -53.153  -2.998 0.0000000000
25213  47.806  -52.529  -3.300 0.0000000000
25214  39.226  -52.779  -2.307 0.0000000000
25215  38.871  -52.854  -2.294 0.0000000000
25216  38.417  -52.543  -2.014 0.0000000000
25219  49.362  -53.095  -2.746 0.0000000000
25220  48.597  -53.205  -3.007 0.0000000000
25221  48.244  -52.790  -3.257 0.0000000000
25222  39.403  -52.239  -2.847 0.0000000000
26094  38.978  -50.752  4.137 0.0000000000
26103  38.749  -50.775  3.329 0.0000000000
26111  38.790  -50.721  2.344 0.0000000000
26116  39.063  -50.743  1.316 0.0000000000
26117  37.049  -51.458  1.249 0.0000000000
26123  49.386  -52.585  -0.094 0.0000000000
26124  48.830  -51.454  -0.541 0.0000000000
26125  39.482  -51.586  0.233 0.0000000000
26126  39.289  -50.433  0.537 0.0000000000
26127  37.537  -51.788  -0.463 0.0000000000
26139  51.804  -51.302  -1.036 0.0000000000
26140  48.946  -53.285  -1.401 0.0000000000
26141  48.163  -52.215  -1.833 0.0000000000
26142  47.247  -51.498  -2.149 0.0000000000
26143  39.658  -52.344  -1.779 0.0000000000
26144  37.884  -51.491  -1.278 0.0000000000
26148  51.054  -52.536  -1.544 0.0000000000
26149  50.525  -52.269  -2.149 0.0000000000
26150  49.732  -51.762  -2.730 0.0000000000
26151  47.784  -52.622  -2.837 0.0000000000
26152  47.107  -51.921  -3.049 0.0000000000
26153  46.744  -51.085  -3.199 0.0000000000
26154  39.718  -52.168  -2.762 0.0000000000
26155  38.948  -52.255  -2.852 0.0000000000
26156  38.268  -51.181  -2.212 0.0000000000
26158  48.721  -52.517  -3.298 0.0000000000
26159  48.085  -51.957  -3.685 0.0000000000
26160  47.469  -51.708  -3.559 0.0000000000
26161  40.441  -50.834  -4.476 0.0000000000
26162  39.585  -51.733  -3.495 0.0000000000
26163  47.845  -51.169  -3.966 0.0000000000
26164  47.415  -50.906  -3.891 0.0000000000
26165  46.907  -50.471  -3.589 0.0000000000
26166  40.160  -51.201  -4.220 0.0000000000
27036  39.210  -49.887  3.953 0.0000000000
27047  38.747  -49.683  2.247 0.0000000000
27054  38.833  -49.469  1.252 0.0000000000
27055  37.389  -50.499  0.725 0.0000000000
27063  49.252  -50.827  0.402 0.0000000000
27064  48.776  -50.050  0.247 0.0000000000
27066  39.678  -51.067  -0.569 0.0000000000
27067  39.239  -49.715  0.228 0.0000000000
27068  37.587  -50.283  -0.286 0.0000000000
27081  52.177  -50.212  -0.988 0.0000000000
27082  51.882  -49.941  -1.247 0.0000000000
27083  47.897  -50.568  -0.781 0.0000000000
27084  46.846  -50.302  -1.323 0.0000000000
27085  46.105  -49.961  -1.629 0.0000000000
27086  39.943  -51.357  -1.895 0.0000000000
27087  37.750  -50.098  -1.098 0.0000000000
27093  51.533  -51.114  -1.408 0.0000000000
27094  50.790  -50.806  -1.887 0.0000000000
27095  49.734  -50.399  -2.401 0.0000000000
27096  48.803  -50.076  -3.245 0.0000000000
27097  46.585  -50.928  -2.337 0.0000000000
27098  46.282  -50.382  -2.411 0.0000000000
27099  40.175  -51.586  -3.014 0.0000000000
27100  38.855  -51.379  -3.266 0.0000000000
27101  38.279  -50.244  -2.589 0.0000000000
27102  48.853  -51.322  -3.417 0.0000000000
27103  48.230  -50.751  -3.983 0.0000000000
27104  46.363  -50.165  -2.893 0.0000000000
27105  40.492  -50.954  -3.634 0.0000000000
27106  39.444  -51.048  -3.912 0.0000000000
27107  38.556  -50.078  -3.289 0.0000000000
27108  47.991  -50.299  -4.207 0.0000000000
27109  47.593  -50.018  -4.055 0.0000000000
27110  46.903  -49.672  -3.595 0.0000000000
27111  40.952  -50.355  -4.969 0.0000000000
27112  40.541  -50.689  -4.638 0.0000000000
27113  39.785  -50.786  -4.474 0.0000000000
27114  40.595  -50.364  -4.876 0.0000000000
27964  38.825  -48.849  0.733 0.0000000000
27975  39.596  -49.964  -0.842 0.0000000000
27976  39.075  -48.861  -0.062 0.0000000000
27977  37.474  -49.177  -0.423 0.0000000000
27985  52.969  -48.280  -0.212 0.0000000000
27986  51.966  -48.918  -1.055 0.0000000000
27987  50.515  -48.683  -1.011 0.0000000000
27988  46.489  -49.376  -0.683 0.0000000000
27989  45.667  -48.954  -0.978 0.0000000000
27990  45.497  -48.623  -1.556 0.0000000000
27991  40.031  -50.192  -2.129 0.0000000000
27992  39.007  -47.915  -0.463 0.0000000000
27993  37.439  -48.585  -1.030 0.0000000000
27999  50.728  -49.620  -1.513 0.0000000000
28000  49.404  -49.174  -1.903 0.0000000000
28001  48.670  -49.049  -2.983 0.0000000000
28002  45.767  -49.574  -1.989 0.0000000000
28003  45.808  -48.215  -2.370 0.0000000000
28004  39.606  -48.584  -1.670 0.0000000000
28005  37.891  -49.008  -2.384 0.0000000000
28006  48.299  -49.374  -4.098 0.0000000000
28007  46.221  -49.151  -2.763 0.0000000000
28008  41.130  -50.187  -4.427 0.0000000000
28009  40.430  -49.571  -3.010 0.0000000000
28010  39.013  -49.872  -3.960 0.0000000000
28011  38.170  -48.628  -3.213 0.0000000000
28012  48.134  -49.153  -4.245 0.0000000000
28013  47.697  -49.008  -4.137 0.0000000000
28014  47.052  -48.819  -3.644 0.0000000000
28015  41.326  -50.024  -4.961 0.0000000000
28016  38.662  -48.705  -3.990 0.0000000000
28017  41.299  -49.887  -5.101 0.0000000000
28018  40.873  -49.821  -5.183 0.0000000000
28019  39.578  -48.809  -4.676 0.0000000000
28882  53.207  -47.487  -0.162 0.0000000000
28883  52.580  -47.458  -0.483 0.0000000000
28884  51.088  -47.389  -0.352 0.0000000000
28885  49.609  -47.269  -0.321 0.0000000000
28887  45.448  -47.503  0.146 0.0000000000
28889  37.212  -48.037  -0.026 0.0000000000
28896  52.678  -48.200  -0.498 0.0000000000
28897  51.747  -48.121  -0.724 0.0000000000
28898  49.365  -48.122  -1.045 0.0000000000
28899  48.626  -47.384  -1.229 0.0000000000
28900  45.752  -48.137  -0.198 0.0000000000
28901  45.148  -48.016  -0.718 0.0000000000
28902  44.723  -47.393  -0.885 0.0000000000
28903  39.316  -47.345  -1.291 0.0000000000
28904  37.230  -47.510  -1.026 0.0000000000
28905  36.856  -46.937  -0.236 0.0000000000
28910  48.698  -48.242  -2.070 0.0000000000
28911  48.487  -48.238  -3.568 0.0000000000
28912  45.196  -47.718  -1.500 0.0000000000
28913  39.910  -48.081  -2.483 0.0000000000
28914  37.358  -47.167  -2.037 0.0000000000
28915  48.259  -47.954  -4.441 0.0000000000
28916  46.641  -47.392  -3.448 0.0000000000
28917  41.304  -48.435  -4.277 0.0000000000
28918  41.025  -49.091  -3.935 0.0000000000
28919  37.651  -47.468  -2.980 0.0000000000
28920  48.229  -47.243  -4.660 0.0000000000
28921  47.677  -47.839  -4.287 0.0000000000
28922  42.264  -48.393  -5.464 0.0000000000
28923  38.358  -47.669  -4.064 0.0000000000
28924  38.052  -47.785  -3.518 0.0000000000
28925  42.325  -48.300  -5.685 0.0000000000
28926  40.404  -48.595  -5.185 0.0000000000
29820  53.220  -46.753  -0.301 0.0000000000
29821  51.872  -46.726  -0.351 0.0000000000
29822  50.412  -46.652  0.140 0.0000000000
29823  49.396  -46.463  0.140 0.0000000000
29825  45.125  -46.789  0.457 0.0000000000
29826  44.448  -46.544  0.080 0.0000000000
29833  48.162  -46.564  -1.633 0.0000000000
29834  44.795  -47.229  -0.270 0.0000000000
29835  44.496  -46.729  -0.616 0.0000000000
29836  39.305  -46.184  -0.901 0.0000000000
29837  38.973  -46.880  -0.438 0.0000000000
29838  37.042  -46.581  -1.138 0.0000000000
29839  36.707  -46.127  -0.388 0.0000000000
29844  48.406  -47.399  -2.502 0.0000000000
29845  44.886  -46.690  -1.495 0.0000000000
29846  39.671  -46.810  -1.981 0.0000000000
29847  37.226  -46.219  -1.926 0.0000000000
29849  48.486  -47.231  -4.090 0.0000000000
29850  48.274  -46.530  -3.030 0.0000000000
29851  46.514  -46.455  -3.621 0.0000000000
29852  45.737  -47.011  -2.462 0.0000000000
29853  41.039  -47.165  -3.629 0.0000000000
29854  40.422  -47.606  -3.125 0.0000000000
29855  37.470  -46.619  -2.774 0.0000000000
29856  48.262  -46.913  -4.771 0.0000000000
29857  47.539  -46.788  -4.547 0.0000000000
29858  42.079  -48.315  -4.791 0.0000000000
29859  38.160  -46.688  -4.058 0.0000000000
29860  37.750  -47.019  -3.519 0.0000000000
29861  48.251  -46.749  -4.872 0.0000000000
29862  48.168  -46.809  -4.838 0.0000000000
29863  47.872  -46.133  -5.113 0.0000000000
29864  43.981  -47.192  -6.158 0.0000000000
29865  43.460  -47.611  -6.052 0.0000000000
29866  42.870  -48.184  -5.892 0.0000000000
29867  40.427  -47.446  -5.326 0.0000000000
29868  39.218  -47.522  -4.625 0.0000000000
29869  42.645  -47.856  -6.071 0.0000000000
29870  41.549  -47.488  -5.767 0.0000000000
30744  53.077  -45.454  -0.376 0.0000000000
30745  51.461  -45.336  0.268 0.0000000000
30746  50.315  -45.240  0.791 0.0000000000
30750  43.647  -45.378  0.871 0.0000000000
30760  51.004  -46.005  0.318 0.0000000000
30761  49.826  -45.917  0.561 0.0000000000
30762  48.734  -45.741  0.214 0.0000000000
30764  44.097  -45.862  0.420 0.0000000000
30765  43.399  -45.437  -0.154 0.0000000000
30773  47.976  -45.721  -0.761 0.0000000000
30774  44.088  -45.988  -0.378 0.0000000000
30775  43.944  -45.236  -1.329 0.0000000000
30776  40.004  -44.831  -0.373 0.0000000000
30778  36.974  -45.192  -0.992 0.0000000000
30779  36.780  -45.533  -0.490 0.0000000000
30784  47.613  -45.118  -1.382 0.0000000000
30785  45.635  -45.924  -2.785 0.0000000000
30786  44.762  -45.557  -1.974 0.0000000000
30787  44.394  -44.930  -2.507 0.0000000000
30788  40.315  -45.008  -1.091 0.0000000000
30789  39.857  -45.772  -1.562 0.0000000000
30790  37.253  -45.492  -1.739 0.0000000000
30792  48.417  -46.357  -4.457 0.0000000000
30793  48.215  -45.628  -3.548 0.0000000000
30794  45.868  -45.520  -3.680 0.0000000000
30795  45.233  -45.203  -3.102 0.0000000000
30796  41.746  -45.864  -3.431 0.0000000000
30797  40.999  -45.993  -3.057 0.0000000000
30798  40.299  -46.359  -2.533 0.0000000000
30799  37.880  -45.396  -3.114 0.0000000000
30800  48.279  -45.542  -4.723 0.0000000000
30801  47.106  -46.032  -4.804 0.0000000000
30802  46.420  -45.644  -4.901 0.0000000000
30803  43.936  -46.695  -5.317 0.0000000000
30804  41.804  -46.935  -4.129 0.0000000000
30805  39.008  -45.358  -4.342 0.0000000000
30806  38.231  -45.773  -3.915 0.0000000000
30807  37.723  -46.190  -3.380 0.0000000000
30808  48.210  -46.322  -5.014 0.0000000000
30809  48.011  -45.498  -5.271 0.0000000000
30810  47.325  -45.346  -5.341 0.0000000000
30811  46.719  -45.032  -5.566 0.0000000000
30812  44.619  -45.843  -5.790 0.0000000000
30813  44.232  -46.810  -6.078 0.0000000000
30814  43.342  -47.703  -5.775 0.0000000000
30815  42.686  -48.029  -5.294 0.0000000000
30816  40.547  -46.180  -5.424 0.0000000000
30817  39.686  -46.004  -4.898 0.0000000000
30818  38.983  -46.370  -4.547 0.0000000000
30819  44.184  -46.432  -6.160 0.0000000000
30820  43.726  -46.979  -6.307 0.0000000000
30821  42.862  -46.866  -6.280 0.0000000000
30822  41.653  -46.449  -5.874 0.0000000000
31704  51.777  -44.634  0.168 0.0000000000
31705  50.613  -44.557  0.902 0.0000000000
31706  49.783  -44.629  1.166 0.0000000000
31707  49.014  -44.347  1.244 0.0000000000
31723  53.153  -44.633  -0.414 0.0000000000
31724  49.307  -45.141  0.865 0.0000000000
31725  48.413  -44.787  0.530 0.0000000000
31726  47.856  -44.178  0.345 0.0000000000
31727  42.969  -45.058  0.513 0.0000000000
31728  42.366  -44.664  0.174 0.0000000000
31729  41.761  -44.453  0.740 0.0000000000
31737  47.738  -44.754  -0.381 0.0000000000
31738  43.172  -44.760  -1.057 0.0000000000
31739  42.339  -44.536  -0.768 0.0000000000
31740  41.652  -44.460  -0.148 0.0000000000
31741  40.817  -44.539  -0.487 0.0000000000
31742  37.268  -44.608  -0.671 0.0000000000
31743  36.862  -45.016  -0.187 0.0000000000
31747  47.411  -44.107  -2.705 0.0000000000
31748  43.567  -44.709  -2.085 0.0000000000
31749  42.775  -44.585  -1.796 0.0000000000
31750  41.917  -44.554  -1.619 0.0000000000
31751  41.080  -44.700  -1.396 0.0000000000
31752  37.900  -44.430  -1.814 0.0000000000
31753  37.377  -44.851  -1.458 0.0000000000
31756  47.977  -44.749  -3.862 0.0000000000
31757  45.683  -45.367  -4.262 0.0000000000
31758  44.838  -45.065  -3.889 0.0000000000
31759  43.969  -44.754  -3.023 0.0000000000
31760  43.296  -44.724  -2.806 0.0000000000
31761  42.226  -45.325  -3.298 0.0000000000
31762  41.489  -45.055  -2.464 0.0000000000
31763  38.912  -44.146  -2.996 0.0000000000
31764  38.176  -44.658  -2.671 0.0000000000
31765  37.619  -45.102  -2.257 0.0000000000
31766  47.944  -44.723  -4.916 0.0000000000
31767  46.126  -45.326  -5.356 0.0000000000
31768  45.568  -45.483  -5.073 0.0000000000
31769  44.072  -45.153  -3.978 0.0000000000
31770  43.113  -45.315  -3.724 0.0000000000
31771  40.335  -44.249  -4.792 0.0000000000
31772  39.407  -44.385  -4.035 0.0000000000
31773  38.522  -44.947  -3.573 0.0000000000
31774  47.669  -44.817  -5.367 0.0000000000
31775  47.121  -44.554  -5.537 0.0000000000
31776  46.336  -44.575  -5.608 0.0000000000
31777  45.486  -45.147  -5.402 0.0000000000
31778  44.814  -45.786  -5.411 0.0000000000
31779  43.392  -44.299  -5.902 0.0000000000
31780  42.268  -44.211  -5.784 0.0000000000
31781  40.811  -45.115  -5.438 0.0000000000
31782  39.890  -45.133  -4.835 0.0000000000
31783  45.286  -44.716  -5.735 0.0000000000
31784  44.546  -45.474  -5.966 0.0000000000
31785  43.198  -45.626  -6.185 0.0000000000
31786  41.922  -45.320  -5.895 0.0000000000
32679  52.008  -43.929  0.040 0.0000000000
32680  50.810  -43.735  0.967 0.0000000000
32681  49.830  -43.887  1.390 0.0000000000
32682  48.860  -43.502  1.465 0.0000000000
32693  53.134  -43.870  -0.550 0.0000000000
32694  48.295  -43.905  0.991 0.0000000000
32695  47.705  -43.559  0.568 0.0000000000
32697  37.800  -43.870  -0.375 0.0000000000
32703  53.895  -43.667  -0.517 0.0000000000
32704  47.349  -43.772  -0.426 0.0000000000
32705  46.862  -43.162  -0.833 0.0000000000
32706  38.509  -43.160  -0.608 0.0000000000
32709  47.035  -43.621  -1.661 0.0000000000
32710  38.871  -43.139  -1.458 0.0000000000
32711  38.201  -43.789  -1.246 0.0000000000
32712  37.676  -44.304  -1.117 0.0000000000
32714  47.445  -43.785  -4.020 0.0000000000
32715  46.751  -42.975  -3.287 0.0000000000
32716  40.718  -42.746  -3.459 0.0000000000
32717  40.012  -42.950  -3.007 0.0000000000
32718  39.326  -43.252  -2.389 0.0000000000
32719  38.537  -43.892  -2.096 0.0000000000
32720  47.396  -44.073  -5.193 0.0000000000
32721  46.804  -43.107  -4.670 0.0000000000
32722  46.282  -43.042  -5.336 0.0000000000
32723  42.329  -42.603  -4.668 0.0000000000
32724  41.389  -42.726  -4.135 0.0000000000
32725  40.199  -43.481  -3.916 0.0000000000
32726  39.549  -43.642  -3.269 0.0000000000
32727  46.771  -43.742  -5.573 0.0000000000
32728  45.957  -43.679  -5.731 0.0000000000
32729  44.949  -43.536  -5.762 0.0000000000
32730  43.861  -43.352  -5.684 0.0000000000
32731  42.766  -43.281  -5.514 0.0000000000
32732  41.741  -43.342  -5.145 0.0000000000
32733  40.891  -43.478  -4.624 0.0000000000
32734  44.383  -44.445  -5.899 0.0000000000
33581  49.750  -42.244  1.518 0.0000000000
33582  48.832  -42.569  1.601 0.0000000000
33583  48.100  -42.017  1.483 0.0000000000
33584  47.399  -42.142  1.015 0.0000000000
33585  46.804  -41.547  1.034 0.0000000000
33595  51.300  -42.990  0.566 0.0000000000
33596  50.718  -42.079  0.979 0.0000000000
33597  47.196  -42.871  0.236 0.0000000000
33598  46.703  -42.072  0.335 0.0000000000
33604  54.090  -43.037  -0.609 0.0000000000
33605  53.150  -43.030  -0.766 0.0000000000
33606  51.986  -42.607  -0.233 0.0000000000
33607  46.528  -42.542  -0.610 0.0000000000
33608  45.524  -42.048  -1.380 0.0000000000
33609  44.569  -41.799  -1.427 0.0000000000
33610  40.768  -41.690  -1.297 0.0000000000
33611  40.006  -41.906  -1.084 0.0000000000
33612  39.224  -42.409  -0.719 0.0000000000
33615  45.164  -42.018  -2.305 0.0000000000
33616  44.160  -41.802  -2.465 0.0000000000
33617  43.063  -41.659  -2.355 0.0000000000
33618  42.091  -41.700  -2.261 0.0000000000
33619  41.176  -41.830  -1.997 0.0000000000
33620  40.343  -42.112  -1.818 0.0000000000
33621  39.604  -42.534  -1.629 0.0000000000
33622  46.285  -42.578  -3.653 0.0000000000
33623  45.606  -42.213  -3.259 0.0000000000
33624  44.915  -41.962  -3.045 0.0000000000
33625  43.466  -41.825  -3.312 0.0000000000
33626  42.494  -41.842  -3.155 0.0000000000
33627  41.488  -42.139  -3.063 0.0000000000
33628  40.607  -42.366  -2.597 0.0000000000
33629  39.949  -42.594  -2.294 0.0000000000
33630  45.874  -42.453  -4.458 0.0000000000
33631  44.889  -42.205  -4.499 0.0000000000
33632  43.881  -42.068  -4.322 0.0000000000
33633  42.906  -42.073  -4.079 0.0000000000
33634  42.099  -42.211  -3.818 0.0000000000
33635  45.468  -42.759  -5.363 0.0000000000
33636  44.395  -42.576  -5.260 0.0000000000
33637  43.328  -42.536  -5.037 0.0000000000
34467  49.919  -41.347  1.350 0.0000000000
34468  48.900  -41.568  1.610 0.0000000000
34469  48.125  -41.308  1.576 0.0000000000
34470  47.494  -41.440  1.435 0.0000000000
34471  46.102  -41.250  1.164 0.0000000000
34472  45.417  -41.085  1.381 0.0000000000
34473  44.595  -41.107  1.278 0.0000000000
34474  42.958  -41.064  0.953 0.0000000000
34475  40.131  -40.855  0.891 0.0000000000
34484  54.500  -41.605  -0.398 0.0000000000
34485  54.217  -41.593  0.185 0.0000000000
34486  51.725  -41.211  -0.438 0.0000000000
34487  50.825  -41.010  0.550 0.0000000000
34488  46.237  -41.616  0.522 0.0000000000
34489  44.392  -41.413  0.303 0.0000000000
34490  43.488  -41.366  0.159 0.0000000000
34491  42.595  -41.310  0.021 0.0000000000
34492  41.164  -41.211  -0.037 0.0000000000
34493  40.353  -41.232  0.173 0.0000000000
34499  54.356  -41.641  -0.957 0.0000000000
34500  53.527  -41.473  -1.327 0.0000000000
34501  52.632  -41.972  -0.896 0.0000000000
34502  46.009  -41.892  -0.374 0.0000000000
34503  45.002  -41.689  -0.490 0.0000000000
34504  44.024  -41.550  -0.595 0.0000000000
34505  42.225  -41.441  -0.768 0.0000000000
34506  41.362  -41.456  -0.827 0.0000000000
34507  40.548  -41.489  -0.580 0.0000000000
34508  39.785  -41.685  -0.284 0.0000000000
34510  54.315  -40.892  -1.263 0.0000000000
34511  43.592  -41.623  -1.485 0.0000000000
34512  42.647  -41.546  -1.494 0.0000000000
34513  41.786  -41.582  -1.463 0.0000000000
35292  47.224  -40.225  2.021 0.0000000000
35293  46.433  -40.279  2.252 0.0000000000
35294  45.091  -40.086  2.831 0.0000000000
35295  44.191  -40.348  2.579 0.0000000000
35296  43.155  -40.321  2.486 0.0000000000
35297  42.197  -40.295  2.200 0.0000000000
35298  41.242  -39.967  2.210 0.0000000000
35305  49.982  -40.582  1.169 0.0000000000
35306  49.240  -40.697  1.479 0.0000000000
35307  48.431  -40.739  1.615 0.0000000000
35308  47.678  -40.766  1.679 0.0000000000
35309  46.816  -40.890  1.647 0.0000000000
35310  45.938  -40.767  1.837 0.0000000000
35311  43.712  -40.819  1.719 0.0000000000
35312  42.288  -40.725  1.405 0.0000000000
35313  41.513  -40.532  1.436 0.0000000000
35314  40.593  -40.399  1.464 0.0000000000
35324  54.506  -40.688  -0.194 0.0000000000
35326  51.416  -40.230  -0.443 0.0000000000
35327  41.900  -41.022  0.604 0.0000000000
35328  40.932  -40.843  0.704 0.0000000000
35333  54.632  -40.841  -0.811 0.0000000000
35334  53.187  -40.594  -1.537 0.0000000000
35335  52.407  -40.962  -1.183 0.0000000000
35338  54.798  -40.063  -1.108 0.0000000000
35339  53.977  -40.183  -1.509 0.0000000000
36010  44.760  -38.788  3.313 0.0000000000
36011  43.842  -39.083  3.380 0.0000000000
36012  42.986  -39.149  3.312 0.0000000000
36013  42.245  -39.047  3.225 0.0000000000
36029  47.282  -39.023  2.467 0.0000000000
36030  46.818  -39.643  2.448 0.0000000000
36031  45.180  -39.468  3.154 0.0000000000
36032  44.429  -39.645  3.187 0.0000000000
36033  43.513  -39.739  3.097 0.0000000000
36034  42.503  -39.696  2.925 0.0000000000
36048  49.536  -39.923  1.274 0.0000000000
36049  48.123  -39.265  2.000 0.0000000000
36050  47.949  -40.095  1.815 0.0000000000
36057  54.618  -39.634  -0.163 0.0000000000
36058  49.885  -39.049  0.805 0.0000000000
36068  54.993  -39.316  -1.085 0.0000000000
36069  55.051  -39.320  -0.741 0.0000000000
36070  52.202  -40.043  -1.398 0.0000000000
36071  51.608  -39.463  -0.980 0.0000000000
36072  50.837  -39.057  -0.231 0.0000000000
36079  54.219  -39.419  -1.558 0.0000000000
36080  52.925  -39.674  -1.781 0.0000000000
36081  51.969  -39.253  -1.735 0.0000000000
36783  45.455  -38.153  3.127 0.0000000000
36784  44.072  -38.392  3.290 0.0000000000
36785  43.350  -38.465  3.304 0.0000000000
36799  47.770  -38.374  2.333 0.0000000000
36800  46.872  -38.195  2.720 0.0000000000
36801  45.658  -38.918  3.157 0.0000000000
36818  49.228  -38.382  1.291 0.0000000000
36819  48.501  -38.488  1.823 0.0000000000
36828  54.718  -38.541  -0.164 0.0000000000
36830  50.458  -38.138  -0.133 0.0000000000
36831  49.849  -38.178  0.596 0.0000000000
36839  54.960  -38.692  -1.191 0.0000000000
36840  55.190  -38.506  -0.807 0.0000000000
36841  51.494  -38.865  -1.181 0.0000000000
36842  51.099  -38.231  -0.982 0.0000000000
36849  53.792  -38.659  -1.845 0.0000000000
36850  52.559  -38.798  -2.128 0.0000000000
36851  51.728  -38.396  -1.967 0.0000000000
37764  44.652  -37.934  3.135 0.0000000000
37765  43.760  -37.780  3.070 0.0000000000
37777  48.179  -37.699  2.106 0.0000000000
37778  47.459  -37.545  2.442 0.0000000000
37779  46.148  -37.714  2.866 0.0000000000
37780  45.409  -37.376  2.769 0.0000000000
37781  44.451  -37.316  2.718 0.0000000000
37801  49.281  -37.410  1.107 0.0000000000
37802  48.536  -37.129  1.715 0.0000000000
37813  54.347  -37.513  0.062 0.0000000000
37815  50.634  -37.343  -0.826 0.0000000000
37816  49.976  -37.366  0.178 0.0000000000
37824  55.245  -37.646  -1.011 0.0000000000
37825  55.112  -37.575  -0.650 0.0000000000
37826  51.257  -37.595  -1.745 0.0000000000
37838  54.466  -37.793  -1.604 0.0000000000
37839  53.121  -37.991  -2.290 0.0000000000
37840  51.767  -37.545  -2.507 0.0000000000
37841  51.246  -36.750  -2.477 0.0000000000
37845  52.356  -37.340  -2.629 0.0000000000
38682  47.879  -36.966  2.153 0.0000000000
38683  47.157  -36.847  2.316 0.0000000000
38684  46.302  -37.044  2.547 0.0000000000
38685  45.032  -36.814  2.272 0.0000000000
38704  48.855  -36.649  1.235 0.0000000000
38705  48.127  -36.383  1.511 0.0000000000
38706  47.367  -36.372  1.702 0.0000000000
38707  46.524  -36.474  1.925 0.0000000000
38708  45.647  -36.507  1.688 0.0000000000
38709  44.815  -36.589  1.423 0.0000000000
38726  54.825  -36.672  -0.390 0.0000000000
38727  53.701  -36.767  0.275 0.0000000000
38728  50.081  -36.618  -0.435 0.0000000000
38729  49.409  -36.450  0.401 0.0000000000
38730  48.757  -36.125  0.851 0.0000000000
38731  46.326  -36.234  0.955 0.0000000000
38732  45.475  -36.424  0.621 0.0000000000
38733  44.640  -36.553  0.347 0.0000000000
38747  55.431  -35.771  -1.095 0.0000000000
38748  55.391  -36.463  -0.939 0.0000000000
38749  50.511  -36.338  -1.524 0.0000000000
38750  49.730  -35.731  -0.906 0.0000000000
38751  46.267  -36.182  -0.226 0.0000000000
38765  54.802  -35.776  -1.654 0.0000000000
38766  53.679  -36.875  -2.152 0.0000000000
38767  47.986  -35.380  -3.662 0.0000000000
38768  46.387  -36.462  -3.085 0.0000000000
38769  45.040  -36.735  -2.908 0.0000000000
38770  43.874  -36.731  -2.896 0.0000000000
38771  41.736  -36.553  -2.652 0.0000000000
38772  40.739  -36.458  -2.651 0.0000000000
38782  53.528  -35.733  -2.353 0.0000000000
38783  52.338  -36.365  -2.886 0.0000000000
38784  51.736  -36.547  -2.914 0.0000000000
38785  46.813  -35.645  -5.135 0.0000000000
38786  45.968  -36.514  -4.217 0.0000000000
38787  44.645  -36.762  -4.028 0.0000000000
38788  43.311  -36.726  -4.053 0.0000000000
38789  42.042  -36.619  -3.708 0.0000000000
38790  41.004  -36.479  -3.555 0.0000000000
38791  40.444  -36.294  -3.288 0.0000000000
38794  45.880  -35.567  -5.255 0.0000000000
38795  44.687  -35.741  -5.252 0.0000000000
38796  43.435  -36.157  -4.929 0.0000000000
38797  42.385  -36.431  -4.497 0.0000000000
38798  41.061  -36.383  -4.042 0.0000000000
38799  40.653  -36.333  -3.592 0.0000000000
38801  45.552  -35.228  -5.387 0.0000000000
38802  43.565  -35.459  -5.323 0.0000000000
38803  42.679  -35.817  -5.012 0.0000000000
38804  41.803  -36.158  -4.554 0.0000000000
39628  52.847  -35.512  0.462 0.0000000000
39631  48.355  -35.787  0.582 0.0000000000
39632  47.742  -35.927  1.073 0.0000000000
39633  47.134  -36.015  1.058 0.0000000000
39646  55.191  -35.809  -0.719 0.0000000000
39647  54.114  -35.821  -0.121 0.0000000000
39648  52.594  -34.501  0.332 0.0000000000
39649  49.061  -35.688  0.018 0.0000000000
39650  47.942  -35.574  0.058 0.0000000000
39651  47.070  -35.796  0.089 0.0000000000
39662  55.356  -34.855  -1.251 0.0000000000
39663  55.489  -35.272  -0.998 0.0000000000
39664  55.111  -34.825  -0.741 0.0000000000
39665  50.091  -35.289  -2.413 0.0000000000
39666  49.308  -34.910  -2.523 0.0000000000
39667  48.902  -34.916  -2.456 0.0000000000
39668  48.821  -35.152  -1.744 0.0000000000
39669  47.945  -35.448  -1.129 0.0000000000
39679  54.653  -34.781  -1.904 0.0000000000
39680  50.425  -34.809  -3.615 0.0000000000
39681  49.654  -33.679  -3.797 0.0000000000
39682  48.681  -34.213  -3.448 0.0000000000
39683  48.890  -34.003  -3.840 0.0000000000
39684  48.086  -35.368  -2.185 0.0000000000
39696  53.546  -34.872  -2.384 0.0000000000
39697  52.348  -35.384  -2.973 0.0000000000
39698  51.479  -35.590  -3.438 0.0000000000
39699  51.140  -35.695  -3.393 0.0000000000
39700  48.753  -34.243  -4.764 0.0000000000
39701  40.352  -36.237  -3.255 0.0000000000
39704  47.742  -34.923  -5.230 0.0000000000
39705  46.527  -35.138  -5.362 0.0000000000
39706  41.296  -35.789  -4.453 0.0000000000
39707  40.703  -36.164  -3.827 0.0000000000
39710  44.558  -35.108  -5.371 0.0000000000
39711  42.179  -35.452  -4.976 0.0000000000
40644  45.798  -34.075  2.139 0.0000000000
40645  44.868  -34.232  2.386 0.0000000000
40646  43.978  -34.224  2.430 0.0000000000
40647  43.150  -34.021  2.301 0.0000000000
40652  51.049  -33.570  1.213 0.0000000000
40653  46.825  -33.844  0.676 0.0000000000
40654  46.148  -34.153  1.070 0.0000000000
40655  45.271  -34.374  1.419 0.0000000000
40656  44.400  -34.454  1.647 0.0000000000
40657  43.575  -34.353  1.538 0.0000000000
40658  42.858  -34.088  1.591 0.0000000000
40667  53.756  -33.307  -0.512 0.0000000000
40668  52.303  -33.331  0.175 0.0000000000
40669  47.436  -33.603  -0.411 0.0000000000
40670  46.593  -33.943  -0.113 0.0000000000
40671  45.686  -34.278  0.313 0.0000000000
40672  44.654  -34.438  0.631 0.0000000000
40673  43.748  -34.372  0.584 0.0000000000
40674  42.989  -34.152  0.814 0.0000000000
40681  55.429  -34.142  -1.063 0.0000000000
40682  55.033  -33.560  -0.889 0.0000000000
40683  48.682  -33.969  -3.554 0.0000000000
40684  47.986  -33.450  -2.119 0.0000000000
40685  47.380  -33.633  -1.704 0.0000000000
40686  45.942  -34.139  -1.723 0.0000000000
40687  44.835  -34.274  -1.393 0.0000000000
40688  44.203  -34.331  -0.344 0.0000000000
40689  43.140  -34.034  -0.275 0.0000000000
40695  55.133  -33.847  -1.504 0.0000000000
40696  49.947  -33.906  -4.147 0.0000000000
40697  49.158  -33.681  -4.160 0.0000000000
40698  48.280  -33.390  -3.230 0.0000000000
40699  47.943  -33.579  -3.074 0.0000000000
40700  47.120  -33.776  -3.137 0.0000000000
40701  45.624  -34.203  -2.844 0.0000000000
40702  44.402  -34.229  -3.291 0.0000000000
40703  42.305  -33.656  -2.783 0.0000000000
40719  54.327  -33.931  -2.119 0.0000000000
40720  52.927  -34.360  -2.590 0.0000000000
40721  51.464  -34.609  -3.582 0.0000000000
40722  49.645  -33.585  -4.149 0.0000000000
40723  48.277  -33.843  -4.346 0.0000000000
40724  47.326  -33.995  -4.397 0.0000000000
40725  45.617  -34.426  -4.291 0.0000000000
40726  43.178  -34.036  -3.845 0.0000000000
40727  41.939  -33.931  -3.877 0.0000000000
40728  40.981  -34.518  -3.764 0.0000000000
40729  40.382  -35.586  -3.475 0.0000000000
40732  48.423  -34.507  -4.896 0.0000000000
40733  46.822  -34.790  -5.124 0.0000000000
40734  45.140  -34.831  -5.132 0.0000000000
40735  43.669  -34.647  -4.988 0.0000000000
40736  42.748  -34.903  -5.123 0.0000000000
40737  41.749  -34.797  -4.561 0.0000000000
40738  40.912  -35.362  -4.121 0.0000000000
40741  45.779  -35.067  -5.368 0.0000000000
40742  43.439  -35.056  -5.358 0.0000000000
40743  42.893  -35.282  -5.326 0.0000000000
41686  47.137  -32.881  2.981 0.0000000000
41687  45.672  -33.141  3.404 0.0000000000
41688  44.836  -33.245  3.403 0.0000000000
41689  43.985  -33.223  3.389 0.0000000000
41690  43.137  -33.045  3.286 0.0000000000
41695  45.332  -33.747  2.956 0.0000000000
41696  44.419  -33.815  3.031 0.0000000000
41697  43.551  -33.705  2.979 0.0000000000
41698  42.711  -33.478  2.777 0.0000000000
41702  50.574  -32.947  1.733 0.0000000000
41703  48.378  -32.668  1.581 0.0000000000
41704  47.374  -33.551  0.927 0.0000000000
41705  46.675  -33.804  1.671 0.0000000000
41706  42.390  -33.784  2.031 0.0000000000
41717  49.634  -32.431  -0.551 0.0000000000
41718  48.639  -32.895  0.465 0.0000000000
41719  47.992  -33.351  0.120 0.0000000000
41720  42.312  -33.857  1.129 0.0000000000
41728  55.034  -33.125  -1.208 0.0000000000
41729  54.521  -32.457  -1.141 0.0000000000
41730  49.149  -33.053  -2.326 0.0000000000
41731  48.587  -33.244  -2.151 0.0000000000
41743  54.667  -33.046  -1.778 0.0000000000
41744  53.871  -32.665  -2.056 0.0000000000
41745  52.433  -32.965  -2.404 0.0000000000
41746  50.515  -33.210  -3.086 0.0000000000
41747  49.444  -33.262  -3.543 0.0000000000
41763  53.847  -33.378  -2.247 0.0000000000
41764  52.545  -33.662  -2.621 0.0000000000
41765  50.327  -33.777  -4.000 0.0000000000
42627  48.406  -31.892  2.498 0.0000000000
42628  47.611  -32.223  3.172 0.0000000000
42629  46.359  -32.170  3.882 0.0000000000
42630  45.174  -32.594  3.732 0.0000000000
42631  44.409  -32.610  3.632 0.0000000000
42632  43.634  -32.490  3.525 0.0000000000
42633  42.795  -32.278  3.387 0.0000000000
42638  47.903  -32.596  2.451 0.0000000000
42639  42.298  -32.806  3.099 0.0000000000
42646  49.313  -32.136  0.719 0.0000000000
42664  54.396  -32.366  -1.399 0.0000000000
42665  50.457  -32.400  -1.707 0.0000000000
42672  53.547  -31.934  -1.649 0.0000000000
42673  53.065  -31.138  -1.378 0.0000000000
42674  51.609  -32.008  -1.741 0.0000000000
43548  46.265  -31.442  4.253 0.0000000000
43549  45.549  -31.897  4.093 0.0000000000
43550  44.965  -31.247  4.211 0.0000000000
43553  48.036  -31.519  3.292 0.0000000000
43554  47.141  -31.705  3.864 0.0000000000
43555  44.735  -31.963  3.924 0.0000000000
43556  44.293  -31.343  3.813 0.0000000000
43557  43.445  -31.592  3.514 0.0000000000
43558  42.495  -31.461  3.324 0.0000000000
43563  49.222  -30.508  2.302 0.0000000000
44371  47.411  -30.204  4.272 0.0000000000
44372  46.866  -30.869  4.324 0.0000000000
44373  46.042  -30.683  4.497 0.0000000000
44374  45.265  -30.557  4.392 0.0000000000
44375  44.567  -30.589  4.074 0.0000000000
44377  49.049  -29.981  2.866 0.0000000000
44378  48.497  -30.784  3.186 0.0000000000
44379  47.714  -30.926  3.866 0.0000000000
44380  43.886  -30.763  3.524 0.0000000000
44381  43.037  -30.829  3.243 0.0000000000
44382  42.236  -30.694  3.142 0.0000000000
45180  47.932  -29.653  4.112 0.0000000000
45181  47.157  -29.329  4.486 0.0000000000
45182  46.226  -29.402  4.633 0.0000000000
45183  45.708  -29.935  4.568 0.0000000000
45184  44.935  -29.864  4.329 0.0000000000
45188  48.696  -29.411  3.445 0.0000000000
45189  44.241  -29.934  3.610 0.0000000000
45190  43.586  -29.847  2.817 0.0000000000
45191  42.829  -30.158  2.846 0.0000000000
45192  42.036  -30.084  2.927 0.0000000000
45194  50.884  -28.106  0.902 0.0000000000
45195  49.802  -28.818  2.137 0.0000000000
45196  43.679  -29.416  2.225 0.0000000000
45197  43.057  -29.642  2.438 0.0000000000
46075  48.462  -28.008  3.868 0.0000000000
46076  47.455  -28.336  4.427 0.0000000000
46077  46.390  -28.564  4.640 0.0000000000
46078  45.512  -28.170  4.516 0.0000000000
46079  44.806  -28.585  4.205 0.0000000000
46087  49.851  -28.070  2.380 0.0000000000
46088  49.082  -28.559  3.267 0.0000000000
46089  44.384  -29.130  3.501 0.0000000000
46090  44.019  -29.501  2.889 0.0000000000
46093  51.762  -28.111  0.744 0.0000000000
46094  51.359  -27.832  0.876 0.0000000000
46095  50.616  -27.825  1.463 0.0000000000
46096  44.077  -28.908  1.288 0.0000000000
46097  42.824  -29.139  2.111 0.0000000000
46098  41.736  -28.906  2.475 0.0000000000
46106  44.171  -28.546  0.454 0.0000000000
46107  43.866  -28.702  0.731 0.0000000000
46108  43.794  -29.078  1.552 0.0000000000
46938  49.894  -26.947  2.724 0.0000000000
46940  44.498  -28.127  3.461 0.0000000000
46949  51.562  -27.045  1.918 0.0000000000
46950  51.184  -27.093  1.636 0.0000000000
46951  50.458  -27.364  2.002 0.0000000000
46952  44.380  -28.446  2.063 0.0000000000
46953  41.991  -28.204  2.149 0.0000000000
46962  43.012  -28.651  1.473 0.0000000000
46963  42.208  -27.583  1.711 0.0000000000
46973  44.940  -28.163  -0.903 0.0000000000
46974  44.465  -28.256  -0.136 0.0000000000
46975  44.086  -28.416  -0.053 0.0000000000
46976  43.009  -28.067  0.928 0.0000000000
46985  44.422  -28.166  -0.755 0.0000000000
46991  45.057  -27.832  -1.779 0.0000000000
47839  45.317  -27.612  -0.512 0.0000000000
47840  44.895  -28.018  0.093 0.0000000000
47841  43.669  -27.851  -0.372 0.0000000000
47846  45.202  -27.922  -1.391 0.0000000000
47847  44.813  -28.041  -1.399 0.0000000000
47848  44.144  -27.669  -1.221 0.0000000000
47852  45.908  -27.194  -2.945 0.0000000000
47853  44.685  -27.496  -1.998 0.0000000000
47858  46.092  -26.887  -3.646 0.0000000000
47859  45.668  -26.884  -3.378 0.0000000000
47860  45.287  -27.354  -2.481 0.0000000000
48751  45.766  -27.010  -1.058 0.0000000000
48756  46.223  -26.641  -1.895 0.0000000000
48757  43.974  -26.631  -1.464 0.0000000000
48759  47.020  -26.353  -3.924 0.0000000000
48760  46.424  -26.793  -3.476 0.0000000000
48761  44.908  -27.006  -2.819 0.0000000000
48765  46.450  -26.585  -4.082 0.0000000000
48766  46.057  -26.586  -4.153 0.0000000000
48769  46.983  -26.206  -4.652 0.0000000000
48770  46.138  -26.048  -4.666 0.0000000000
49604  46.372  -25.074  -1.225 0.0000000000
49605  46.060  -25.821  -0.940 0.0000000000
49611  46.708  -25.575  -2.079 0.0000000000
49612  44.639  -25.796  -2.582 0.0000000000
49616  47.537  -25.399  -3.366 0.0000000000
49617  46.980  -26.059  -2.978 0.0000000000
49618  45.163  -26.292  -3.313 0.0000000000
49622  48.451  -25.219  -4.915 0.0000000000
49623  47.607  -25.701  -4.417 0.0000000000
49624  45.584  -25.925  -4.121 0.0000000000
49627  49.177  -24.624  -5.814 0.0000000000
49628  48.538  -25.049  -5.501 0.0000000000
49629  47.675  -25.572  -5.194 0.0000000000
49630  46.734  -25.732  -5.098 0.0000000000
49633  48.520  -24.817  -5.674 0.0000000000
49634  47.981  -25.114  -5.581 0.0000000000
49635  47.379  -25.218  -5.413 0.0000000000
50451  47.267  -23.585  -1.930 0.0000000000
50452  46.738  -24.265  -1.574 0.0000000000
50453  44.547  -24.356  -2.095 0.0000000000
50458  48.522  -23.847  -3.347 0.0000000000
50459  47.781  -24.191  -2.822 0.0000000000
50460  47.201  -24.810  -2.379 0.0000000000
50461  45.053  -24.902  -3.180 0.0000000000
50465  49.824  -24.245  -5.065 0.0000000000
50466  48.975  -24.514  -4.461 0.0000000000
50467  48.208  -24.925  -3.890 0.0000000000
50468  45.503  -24.264  -3.985 0.0000000000
50472  50.516  -23.902  -6.013 0.0000000000
50473  49.890  -24.287  -5.834 0.0000000000
50474  49.188  -24.690  -5.428 0.0000000000
50475  46.918  -23.633  -5.086 0.0000000000
50476  46.802  -24.813  -5.310 0.0000000000
50477  46.076  -25.033  -4.827 0.0000000000
50480  49.787  -24.247  -6.009 0.0000000000
50481  48.837  -24.431  -5.878 0.0000000000
50482  47.781  -24.663  -5.626 0.0000000000
51290  49.540  -22.710  -3.357 0.0000000000
51291  48.816  -22.992  -3.024 0.0000000000
51292  47.995  -22.927  -2.361 0.0000000000
51293  45.306  -23.205  -3.320 0.0000000000
51294  44.887  -22.461  -2.546 0.0000000000
51298  50.953  -23.210  -4.973 0.0000000000
51299  50.197  -23.459  -4.454 0.0000000000
51300  49.355  -23.661  -3.900 0.0000000000
51301  45.681  -22.983  -4.004 0.0000000000
51306  51.393  -22.893  -6.008 0.0000000000
51307  51.019  -23.449  -5.855 0.0000000000
51308  50.496  -23.856  -5.565 0.0000000000
51309  48.013  -23.676  -5.552 0.0000000000
51310  46.090  -22.979  -4.401 0.0000000000
51312  50.955  -23.373  -6.111 0.0000000000
51313  50.276  -23.577  -6.188 0.0000000000
51314  49.160  -23.522  -6.014 0.0000000000
52162  50.500  -21.461  -3.367 0.0000000000
52163  49.681  -21.718  -2.898 0.0000000000
52164  48.757  -22.020  -2.426 0.0000000000
52165  45.474  -20.834  -3.458 0.0000000000
52166  44.907  -21.233  -2.758 0.0000000000
52170  51.844  -21.907  -4.935 0.0000000000
52171  51.160  -22.247  -4.370 0.0000000000
52172  50.391  -22.497  -3.835 0.0000000000
52173  47.687  -21.711  -4.519 0.0000000000
52174  46.615  -21.467  -4.136 0.0000000000
52175  46.162  -21.239  -3.904 0.0000000000
52176  45.889  -21.776  -3.916 0.0000000000
52180  52.212  -21.685  -6.374 0.0000000000
52181  51.946  -22.328  -5.912 0.0000000000
52182  51.464  -22.785  -5.465 0.0000000000
52183  49.442  -21.926  -5.607 0.0000000000
52184  47.242  -22.577  -4.771 0.0000000000
52185  46.419  -22.353  -4.390 0.0000000000
52188  51.738  -22.323  -6.295 0.0000000000
52189  51.108  -22.658  -6.395 0.0000000000
52190  49.760  -22.716  -6.148 0.0000000000
53028  44.921  -20.081  -3.317 0.0000000000
53033  53.004  -20.432  -4.736 0.0000000000
53034  52.157  -20.845  -4.322 0.0000000000
53035  51.334  -21.198  -3.833 0.0000000000
53036  48.982  -20.453  -4.286 0.0000000000
53037  47.903  -20.704  -3.956 0.0000000000
53038  46.793  -20.742  -3.861 0.0000000000
53039  46.114  -20.518  -3.746 0.0000000000
53040  45.816  -20.538  -3.667 0.0000000000
53045  53.019  -20.994  -5.957 0.0000000000
53046  52.490  -21.497  -5.464 0.0000000000
53047  50.477  -21.113  -6.026 0.0000000000
53048  49.631  -21.176  -5.277 0.0000000000
53049  48.736  -21.391  -4.745 0.0000000000
53053  53.242  -20.402  -7.122 0.0000000000
53054  52.697  -21.015  -6.754 0.0000000000
53055  52.039  -21.296  -7.002 0.0000000000
53056  51.117  -21.899  -6.612 0.0000000000
53057  50.246  -22.017  -6.243 0.0000000000
53061  52.355  -20.615  -7.245 0.0000000000
53923  47.545  -19.417  -3.197 0.0000000000
53924  46.565  -19.428  -3.246 0.0000000000
53933  53.696  -19.383  -4.037 0.0000000000
53934  52.617  -19.749  -3.759 0.0000000000
53935  51.584  -20.137  -3.388 0.0000000000
53936  49.324  -19.482  -3.983 0.0000000000
53937  48.302  -19.714  -3.539 0.0000000000
53938  47.120  -20.039  -3.554 0.0000000000
53939  46.242  -20.050  -3.665 0.0000000000
53940  45.646  -19.774  -3.536 0.0000000000
53945  53.848  -20.011  -5.122 0.0000000000
53946  50.765  -20.068  -5.658 0.0000000000
53947  49.938  -20.240  -4.846 0.0000000000
53951  54.196  -19.862  -5.964 0.0000000000
53952  53.390  -20.566  -6.311 0.0000000000
53953  51.589  -20.468  -6.794 0.0000000000
53954  51.301  -21.199  -6.673 0.0000000000
53956  53.911  -19.764  -7.049 0.0000000000
53957  53.350  -19.846  -7.586 0.0000000000
53958  52.718  -19.998  -7.621 0.0000000000
54821  48.938  -18.008  -3.124 0.0000000000
54822  48.269  -18.846  -3.050 0.0000000000
54835  55.049  -18.579  -3.805 0.0000000000
54836  54.612  -18.503  -3.445 0.0000000000
54837  53.322  -18.797  -3.278 0.0000000000
54838  50.175  -18.299  -4.300 0.0000000000
54839  49.546  -18.534  -3.786 0.0000000000
54840  48.918  -18.904  -3.422 0.0000000000
54843  55.082  -19.034  -4.787 0.0000000000
54844  54.744  -19.114  -4.161 0.0000000000
54845  51.245  -19.302  -5.792 0.0000000000
54846  50.632  -18.982  -4.957 0.0000000000
54847  50.087  -19.216  -4.512 0.0000000000
54850  54.919  -18.376  -6.837 0.0000000000
54851  54.755  -19.177  -6.334 0.0000000000
54852  51.953  -19.622  -7.013 0.0000000000
54853  54.468  -18.195  -7.654 0.0000000000
54854  53.969  -19.085  -7.632 0.0000000000
54855  52.585  -19.165  -7.591 0.0000000000
54856  53.888  -18.159  -8.161 0.0000000000
54857  53.115  -18.600  -8.092 0.0000000000
55702  49.134  -17.058  -3.128 0.0000000000
55703  48.477  -17.227  -2.614 0.0000000000
55716  54.953  -18.236  -3.325 0.0000000000
55718  50.255  -17.505  -4.306 0.0000000000
55719  49.657  -17.659  -3.684 0.0000000000
55722  55.206  -18.408  -4.253 0.0000000000
55723  51.478  -18.418  -5.848 0.0000000000
55724  50.805  -18.282  -4.944 0.0000000000
55726  55.283  -18.439  -5.551 0.0000000000
55727  51.567  -17.399  -6.167 0.0000000000
55728  50.880  -17.436  -5.088 0.0000000000
55729  54.874  -17.554  -7.259 0.0000000000
55730  52.687  -17.514  -7.976 0.0000000000
55731  52.394  -18.033  -7.298 0.0000000000
55732  54.437  -17.552  -7.995 0.0000000000
55733  53.357  -17.657  -8.352 0.0000000000
55734  53.956  -17.342  -8.419 0.0000000000
56549  49.136  -16.314  -3.256 0.0000000000
56550  48.575  -16.475  -2.674 0.0000000000
56551  47.995  -16.619  -2.195 0.0000000000
56559  54.498  -17.588  -3.339 0.0000000000
56561  49.717  -16.880  -3.735 0.0000000000
56563  54.769  -17.671  -4.121 0.0000000000
56564  53.677  -16.602  -4.174 0.0000000000
56565  50.242  -16.721  -4.464 0.0000000000
56566  49.647  -16.145  -3.968 0.0000000000
56567  55.124  -17.629  -6.355 0.0000000000
56568  55.050  -17.728  -5.262 0.0000000000
56569  54.231  -16.810  -5.280 0.0000000000
56570  50.711  -16.534  -5.382 0.0000000000
56571  54.864  -16.872  -7.087 0.0000000000
56572  54.789  -16.934  -6.327 0.0000000000
56573  52.323  -16.527  -7.949 0.0000000000
56574  51.940  -16.918  -7.114 0.0000000000
56575  51.116  -16.280  -6.342 0.0000000000
56576  54.678  -16.883  -7.708 0.0000000000
56577  52.944  -16.183  -8.806 0.0000000000
56578  54.368  -16.937  -8.232 0.0000000000
56579  54.047  -16.530  -8.584 0.0000000000
56580  53.491  -16.832  -8.563 0.0000000000
57497  48.489  -15.746  -2.792 0.0000000000
57498  47.761  -15.534  -2.227 0.0000000000
57512  49.037  -15.636  -3.563 0.0000000000
57513  48.498  -15.203  -3.313 0.0000000000
57516  52.593  -15.545  -4.351 0.0000000000
57518  49.386  -15.452  -4.397 0.0000000000
57519  53.254  -15.725  -5.538 0.0000000000
57520  50.013  -15.947  -4.840 0.0000000000
57521  49.635  -15.251  -5.255 0.0000000000
57522  54.579  -16.338  -7.656 0.0000000000
57523  54.492  -16.037  -7.294 0.0000000000
57524  53.803  -15.297  -6.974 0.0000000000
57525  51.480  -15.990  -7.301 0.0000000000
57526  50.673  -15.445  -6.698 0.0000000000
57527  54.351  -15.617  -8.092 0.0000000000
57528  52.006  -15.688  -8.267 0.0000000000
57529  51.126  -15.209  -7.713 0.0000000000
57530  54.427  -16.282  -8.178 0.0000000000
57531  54.062  -15.560  -8.798 0.0000000000
57532  53.341  -15.236  -9.226 0.0000000000
57533  52.632  -15.351  -9.050 0.0000000000
57534  53.277  -14.339  -9.592 0.0000000000
58436  48.011  -15.040  -2.780 0.0000000000
58451  48.772  -14.997  -4.008 0.0000000000
58452  48.104  -14.566  -3.596 0.0000000000
58453  47.602  -14.495  -2.945 0.0000000000
58458  52.288  -14.809  -5.293 0.0000000000
58460  49.036  -14.819  -4.798 0.0000000000
58461  48.430  -14.425  -4.471 0.0000000000
58462  52.861  -14.683  -6.411 0.0000000000
58463  52.148  -14.172  -5.997 0.0000000000
58464  49.923  -14.972  -6.123 0.0000000000
58465  49.219  -14.598  -5.575 0.0000000000
58466  48.682  -14.354  -5.137 0.0000000000
58467  54.152  -14.984  -7.958 0.0000000000
58468  53.511  -14.250  -7.732 0.0000000000
58469  52.573  -13.840  -6.923 0.0000000000
58470  50.255  -14.661  -7.202 0.0000000000
58471  49.387  -14.340  -6.460 0.0000000000
58472  53.990  -14.768  -8.628 0.0000000000
58473  51.830  -14.840  -8.850 0.0000000000
58474  50.352  -14.116  -8.212 0.0000000000
58475  53.700  -14.564  -9.252 0.0000000000
58476  52.834  -14.616  -9.560 0.0000000000
58477  52.442  -13.986  -9.810 0.0000000000
58478  51.308  -14.133  -9.069 0.0000000000
58479  53.415  -13.832  -9.672 0.0000000000
58480  53.092  -13.812  -9.958 0.0000000000
59305  47.064  -14.121  -2.749 0.0000000000
59323  47.811  -13.962  -4.266 0.0000000000
59324  47.439  -13.999  -3.497 0.0000000000
59325  46.801  -13.514  -3.309 0.0000000000
59337  48.164  -13.935  -5.023 0.0000000000
59338  47.504  -13.496  -4.886 0.0000000000
59339  51.764  -13.569  -6.227 0.0000000000
59340  51.178  -13.335  -5.652 0.0000000000
59341  48.614  -14.004  -5.818 0.0000000000
59342  47.866  -13.544  -5.630 0.0000000000
59343  53.005  -13.381  -8.039 0.0000000000
59344  48.787  -13.795  -6.762 0.0000000000
59345  48.118  -13.360  -7.020 0.0000000000
59346  53.699  -13.991  -9.146 0.0000000000
59347  53.551  -13.632  -8.823 0.0000000000
59348  49.687  -13.606  -8.336 0.0000000000
59349  49.026  -13.142  -8.581 0.0000000000
59350  53.367  -13.352  -9.604 0.0000000000
59351  50.740  -13.520  -9.356 0.0000000000
59352  49.856  -13.201  -9.134 0.0000000000
59353  53.231  -13.341  -10.043 0.0000000000
59354  52.783  -13.098  -10.268 0.0000000000
59355  51.821  -12.793  -10.397 0.0000000000
59356  50.621  -12.777  -10.036 0.0000000000
60111  46.839  -13.014  -4.745 0.0000000000
60121  47.168  -13.093  -5.548 0.0000000000
60122  46.486  -12.600  -5.394 0.0000000000
60123  51.822  -12.597  -7.542 0.0000000000
60124  51.303  -12.865  -6.478 0.0000000000
60125  48.076  -12.985  -7.992 0.0000000000
60126  47.407  -12.908  -7.150 0.0000000000
60127  46.786  -12.646  -6.350 0.0000000000
60128  53.181  -12.834  -9.215 0.0000000000
60129  52.433  -12.304  -8.693 0.0000000000
60130  51.497  -12.084  -7.979 0.0000000000
60131  50.644  -11.910  -7.275 0.0000000000
60132  47.288  -12.649  -7.891 0.0000000000
60133  46.706  -12.447  -7.390 0.0000000000
60134  53.053  -12.761  -10.071 0.0000000000
60135  52.721  -12.132  -9.855 0.0000000000
60136  52.090  -11.698  -9.180 0.0000000000
60137  49.502  -12.736  -9.549 0.0000000000
60138  48.431  -12.711  -9.066 0.0000000000
60139  47.517  -12.567  -8.666 0.0000000000
60140  46.757  -12.331  -8.336 0.0000000000
60141  51.453  -12.077  -10.767 0.0000000000
60142  50.306  -12.139  -10.533 0.0000000000
60143  49.079  -12.144  -10.089 0.0000000000
60144  47.824  -12.115  -9.583 0.0000000000
60145  51.801  -11.438  -10.847 0.0000000000
60146  51.098  -11.433  -11.051 0.0000000000
60919  46.032  -12.185  -5.933 0.0000000000
60926  46.069  -12.130  -6.817 0.0000000000
60927  45.467  -11.727  -6.332 0.0000000000
60928  44.865  -11.280  -5.850 0.0000000000
60929  51.062  -11.526  -8.332 0.0000000000
60930  50.105  -11.371  -7.639 0.0000000000
60932  45.938  -11.987  -7.860 0.0000000000
60933  45.093  -11.567  -7.756 0.0000000000
60934  44.454  -11.260  -7.655 0.0000000000
60935  52.167  -11.503  -10.206 0.0000000000
60936  51.541  -11.163  -9.512 0.0000000000
60937  50.572  -11.005  -8.756 0.0000000000
60938  46.892  -11.780  -9.595 0.0000000000
60939  46.169  -11.936  -8.981 0.0000000000
60940  45.322  -11.648  -8.649 0.0000000000
60941  44.558  -11.361  -8.450 0.0000000000
60942  51.870  -11.397  -10.786 0.0000000000
60943  51.701  -10.964  -10.468 0.0000000000
60944  50.017  -11.395  -10.993 0.0000000000
60945  48.696  -11.350  -10.671 0.0000000000
60946  47.599  -11.519  -10.158 0.0000000000
60947  46.130  -11.401  -9.762 0.0000000000
60948  45.506  -11.488  -9.333 0.0000000000
60949  44.769  -11.298  -9.232 0.0000000000
60950  51.843  -11.352  -10.858 0.0000000000
60951  51.530  -11.002  -11.048 0.0000000000
60952  50.743  -10.716  -11.218 0.0000000000
60953  49.731  -10.555  -11.355 0.0000000000
60954  47.934  -10.861  -10.815 0.0000000000
60955  46.969  -11.160  -10.286 0.0000000000
61752  43.975  -10.923  -7.143 0.0000000000
61753  43.426  -10.475  -6.484 0.0000000000
61754  42.582  -10.126  -6.709 0.0000000000
61758  49.608  -10.843  -8.163 0.0000000000
61759  48.694  -10.613  -7.679 0.0000000000
61762  43.850  -11.043  -8.122 0.0000000000
61763  43.069  -10.604  -7.614 0.0000000000
61764  42.220  -10.291  -7.555 0.0000000000
61765  41.447  -10.234  -7.946 0.0000000000
61766  51.101  -10.620  -9.883 0.0000000000
61767  50.159  -10.476  -9.302 0.0000000000
61768  49.194  -10.275  -8.795 0.0000000000
61769  48.225  -10.072  -8.273 0.0000000000
61770  43.931  -11.122  -9.025 0.0000000000
61771  43.125  -10.862  -8.736 0.0000000000
61772  42.191  -10.572  -8.528 0.0000000000
61773  51.617  -10.962  -10.948 0.0000000000
61774  51.187  -10.545  -10.734 0.0000000000
61775  50.403  -9.837  -10.967 0.0000000000
61776  49.910  -9.831  -10.080 0.0000000000
61777  46.296  -10.664  -10.495 0.0000000000
61778  45.276  -10.921  -9.934 0.0000000000
61779  44.227  -10.793  -9.706 0.0000000000
61780  43.308  -10.686  -9.503 0.0000000000
61781  42.569  -10.640  -9.271 0.0000000000
61782  50.107  -9.869  -11.322 0.0000000000
61783  49.319  -9.834  -11.613 0.0000000000
61784  48.405  -10.050  -11.564 0.0000000000
61785  47.339  -10.359  -11.092 0.0000000000
61786  45.628  -10.078  -10.720 0.0000000000
61787  44.638  -10.220  -10.355 0.0000000000
61788  49.342  -9.304  -11.596 0.0000000000
61789  48.882  -9.236  -11.852 0.0000000000
62596  41.982  -9.701  -6.030 0.0000000000
62599  39.907  -8.922  -5.615 0.0000000000
62603  41.109  -9.626  -6.425 0.0000000000
62604  40.463  -9.335  -5.995 0.0000000000
62605  39.804  -9.178  -6.644 0.0000000000
62609  47.302  -9.780  -7.577 0.0000000000
62610  46.424  -9.250  -7.161 0.0000000000
62611  45.876  -8.727  -7.084 0.0000000000
62612  41.732  -9.913  -6.992 0.0000000000
62613  40.888  -9.830  -7.326 0.0000000000
62614  40.114  -9.610  -7.539 0.0000000000
62615  39.617  -9.214  -7.574 0.0000000000
62618  48.846  -9.596  -9.480 0.0000000000
62619  47.818  -9.385  -8.870 0.0000000000
62620  46.877  -9.046  -8.301 0.0000000000
62621  41.828  -10.412  -9.433 0.0000000000
62622  41.173  -10.396  -8.912 0.0000000000
62623  39.772  -9.576  -8.605 0.0000000000
62624  49.431  -9.206  -10.762 0.0000000000
62625  48.463  -8.874  -10.159 0.0000000000
62626  43.643  -10.143  -10.203 0.0000000000
62627  41.014  -10.139  -9.680 0.0000000000
62628  40.323  -10.022  -9.366 0.0000000000
62629  39.575  -9.552  -9.783 0.0000000000
62630  49.374  -9.166  -11.453 0.0000000000
62631  47.926  -9.367  -11.796 0.0000000000
62632  45.954  -9.078  -11.494 0.0000000000
62633  44.247  -9.379  -10.784 0.0000000000
62634  43.162  -9.082  -10.771 0.0000000000
62635  41.959  -9.291  -10.553 0.0000000000
62636  40.876  -9.554  -10.341 0.0000000000
62637  49.052  -8.884  -11.840 0.0000000000
62638  48.431  -8.546  -11.914 0.0000000000
62639  47.298  -8.444  -12.028 0.0000000000
63398  39.413  -8.651  -6.093 0.0000000000
63399  38.902  -8.107  -6.027 0.0000000000
63403  39.175  -8.663  -6.973 0.0000000000
63404  38.719  -8.003  -6.853 0.0000000000
63407  46.142  -8.582  -7.869 0.0000000000
63408  45.573  -8.119  -7.449 0.0000000000
63409  39.285  -8.856  -8.188 0.0000000000
63410  38.859  -8.427  -8.937 0.0000000000
63413  47.490  -8.580  -9.517 0.0000000000
63414  46.594  -8.217  -8.940 0.0000000000
63415  45.867  -7.754  -8.431 0.0000000000
63416  39.195  -9.098  -9.395 0.0000000000
63417  38.596  -8.829  -10.210 0.0000000000
63418  48.837  -8.516  -11.212 0.0000000000
63419  48.095  -8.072  -10.753 0.0000000000
63420  47.190  -7.711  -10.165 0.0000000000
63421  40.076  -9.639  -10.209 0.0000000000
63422  39.439  -9.367  -10.544 0.0000000000
63423  38.450  -8.958  -11.095 0.0000000000
63424  48.281  -7.984  -11.552 0.0000000000
63425  45.048  -8.677  -11.409 0.0000000000
63426  44.132  -8.396  -11.285 0.0000000000
63427  42.377  -8.167  -11.114 0.0000000000
63428  41.252  -8.552  -10.981 0.0000000000
63429  48.695  -8.543  -11.695 0.0000000000
63430  48.266  -8.074  -11.856 0.0000000000
63431  47.957  -7.899  -12.058 0.0000000000
63432  46.116  -7.797  -12.003 0.0000000000
63433  44.966  -7.705  -11.699 0.0000000000
63434  44.219  -7.504  -11.538 0.0000000000
64130  38.572  -7.342  -4.947 0.0000000000
64133  45.088  -7.603  -6.979 0.0000000000
64135  38.445  -7.454  -6.325 0.0000000000
64139  45.257  -7.246  -7.931 0.0000000000
64140  44.724  -6.717  -7.458 0.0000000000
64141  38.358  -7.443  -7.466 0.0000000000
64144  46.363  -7.236  -9.598 0.0000000000
64145  45.616  -6.715  -8.988 0.0000000000
64146  44.903  -6.291  -8.442 0.0000000000
64147  38.314  -8.106  -9.699 0.0000000000
64149  47.667  -7.390  -11.253 0.0000000000
64150  46.889  -6.819  -10.777 0.0000000000
64151  46.011  -6.282  -10.278 0.0000000000
64152  37.939  -8.584  -11.081 0.0000000000
64153  47.801  -7.622  -11.818 0.0000000000
64154  47.068  -6.937  -11.562 0.0000000000
64155  46.508  -6.452  -11.097 0.0000000000
64156  43.962  -6.624  -11.407 0.0000000000
64157  43.403  -7.815  -11.326 0.0000000000
64158  41.792  -7.279  -11.260 0.0000000000
64159  40.730  -7.703  -11.317 0.0000000000
64160  39.801  -8.064  -11.492 0.0000000000
64161  38.840  -8.795  -11.392 0.0000000000
64162  37.954  -8.449  -11.627 0.0000000000
64163  47.241  -7.468  -12.025 0.0000000000
64164  45.620  -6.996  -11.826 0.0000000000
64165  44.869  -6.873  -11.635 0.0000000000
64900  38.179  -6.844  -5.589 0.0000000000
64901  37.677  -6.130  -6.028 0.0000000000
64906  43.848  -5.762  -6.514 0.0000000000
64907  37.986  -6.772  -6.655 0.0000000000
64908  37.546  -6.090  -7.018 0.0000000000
64911  44.277  -6.163  -6.970 0.0000000000
64912  43.819  -5.678  -7.336 0.0000000000
64913  43.118  -5.686  -7.646 0.0000000000
64914  37.830  -6.695  -7.853 0.0000000000
64915  37.379  -6.059  -8.190 0.0000000000
64918  44.302  -5.934  -7.892 0.0000000000
64919  43.827  -5.616  -8.235 0.0000000000
64920  42.954  -5.913  -8.643 0.0000000000
64921  41.945  -6.194  -9.103 0.0000000000
64922  41.014  -6.042  -9.626 0.0000000000
64923  37.543  -7.869  -10.545 0.0000000000
64924  37.523  -6.795  -9.402 0.0000000000
64926  45.190  -5.888  -9.468 0.0000000000
64927  44.525  -5.652  -9.799 0.0000000000
64928  43.802  -5.655  -9.233 0.0000000000
64929  42.818  -6.012  -9.922 0.0000000000
64930  41.701  -6.215  -10.337 0.0000000000
64931  40.803  -6.121  -10.803 0.0000000000
64932  39.902  -6.279  -11.345 0.0000000000
64933  37.114  -8.085  -11.752 0.0000000000
64934  36.635  -7.467  -11.316 0.0000000000
64935  46.397  -6.572  -11.440 0.0000000000
64936  45.917  -6.194  -11.080 0.0000000000
64937  45.122  -6.255  -11.253 0.0000000000
64938  43.327  -6.116  -10.805 0.0000000000
64939  42.305  -6.446  -10.839 0.0000000000
64940  41.289  -6.574  -11.055 0.0000000000
64941  40.349  -6.889  -11.389 0.0000000000
64942  39.282  -7.597  -11.765 0.0000000000
64943  37.256  -7.851  -12.193 0.0000000000
64944  36.458  -7.707  -12.242 0.0000000000
64945  45.853  -6.519  -11.571 0.0000000000
64946  45.376  -6.641  -11.600 0.0000000000
65739  42.642  -5.469  -6.433 0.0000000000
65740  41.732  -5.415  -6.363 0.0000000000
65741  40.684  -5.331  -6.760 0.0000000000
65742  39.886  -5.075  -7.159 0.0000000000
65743  37.169  -5.479  -7.347 0.0000000000
65744  43.220  -5.581  -6.845 0.0000000000
65745  42.393  -5.632  -7.079 0.0000000000
65746  41.419  -5.681  -7.376 0.0000000000
65747  40.405  -5.553  -7.867 0.0000000000
65748  39.734  -5.197  -8.159 0.0000000000
65749  37.017  -5.563  -8.348 0.0000000000
65750  36.615  -5.484  -9.223 0.0000000000
65752  42.169  -5.929  -8.004 0.0000000000
65753  41.173  -5.963  -8.451 0.0000000000
65754  40.340  -5.772  -8.952 0.0000000000
65755  39.741  -5.339  -9.395 0.0000000000
65756  39.156  -4.838  -10.499 0.0000000000
65757  36.944  -6.232  -9.621 0.0000000000
65758  35.964  -6.750  -11.186 0.0000000000
65759  40.264  -5.702  -10.327 0.0000000000
65760  39.434  -5.644  -11.372 0.0000000000
65761  35.548  -7.121  -12.346 0.0000000000
65762  38.322  -6.552  -12.278 0.0000000000
65763  37.177  -7.101  -12.599 0.0000000000
65764  36.071  -7.374  -12.542 0.0000000000
66581  36.703  -4.261  -6.284 0.0000000000
66585  40.057  -4.856  -6.214 0.0000000000
66586  39.490  -4.419  -6.668 0.0000000000
66587  38.968  -3.939  -7.158 0.0000000000
66588  36.916  -4.901  -6.786 0.0000000000
66589  36.581  -4.355  -7.273 0.0000000000
66593  39.369  -4.608  -7.627 0.0000000000
66594  38.868  -4.149  -8.196 0.0000000000
66595  36.784  -5.031  -7.811 0.0000000000
66596  36.417  -4.662  -8.475 0.0000000000
66598  39.224  -4.795  -8.779 0.0000000000
66599  38.701  -4.304  -9.571 0.0000000000
66600  36.027  -5.387  -10.039 0.0000000000
66601  38.424  -5.682  -12.012 0.0000000000
66602  38.390  -4.723  -11.515 0.0000000000
66603  38.196  -3.896  -10.481 0.0000000000
66604  35.207  -6.550  -11.784 0.0000000000
66605  34.538  -6.144  -12.211 0.0000000000
66606  37.302  -6.078  -12.646 0.0000000000
66607  35.948  -6.830  -12.918 0.0000000000
66608  34.998  -6.720  -12.689 0.0000000000
66609  34.289  -6.273  -13.063 0.0000000000
67440  39.129  -3.692  -6.295 0.0000000000
67441  38.708  -3.168  -6.797 0.0000000000
67442  36.450  -3.610  -6.767 0.0000000000
67446  38.575  -3.381  -7.708 0.0000000000
67447  36.242  -3.766  -7.907 0.0000000000
67450  38.423  -3.662  -8.822 0.0000000000
67451  38.000  -3.283  -9.440 0.0000000000
67452  35.782  -3.740  -8.906 0.0000000000
67453  35.308  -3.853  -9.720 0.0000000000
67454  35.395  -4.941  -10.381 0.0000000000
67455  34.658  -4.725  -10.992 0.0000000000
67456  36.277  -5.728  -13.001 0.0000000000
67457  35.202  -6.137  -13.343 0.0000000000
67458  33.850  -5.610  -12.560 0.0000000000
67459  33.459  -5.293  -13.216 0.0000000000
67460  34.496  -5.971  -13.434 0.0000000000
67461  33.903  -5.780  -13.266 0.0000000000
67462  33.458  -4.991  -13.587 0.0000000000
68241  38.667  -2.409  -6.415 0.0000000000
68245  38.425  -2.451  -7.290 0.0000000000
68250  36.205  -2.931  -7.233 0.0000000000
68252  38.172  -2.798  -8.281 0.0000000000
68253  37.742  -2.677  -9.230 0.0000000000
68254  35.972  -3.066  -8.066 0.0000000000
68255  35.568  -2.877  -8.796 0.0000000000
68256  36.393  -2.902  -11.949 0.0000000000
68257  34.975  -3.365  -9.954 0.0000000000
68258  36.522  -4.341  -12.527 0.0000000000
68259  35.569  -4.700  -13.280 0.0000000000
68260  34.182  -4.101  -11.223 0.0000000000
68261  33.404  -4.604  -12.508 0.0000000000
68262  34.422  -4.903  -13.744 0.0000000000
68263  32.927  -4.381  -13.529 0.0000000000
68264  32.436  -3.535  -13.981 0.0000000000
68265  33.670  -4.382  -14.023 0.0000000000
68266  32.854  -4.014  -14.045 0.0000000000
68267  32.361  -3.160  -14.160 0.0000000000
69065  38.533  -1.634  -6.759 0.0000000000
69069  38.262  -1.632  -7.472 0.0000000000
69070  37.873  -1.912  -8.261 0.0000000000
69072  35.703  -1.341  -7.953 0.0000000000
69075  37.619  -1.134  -8.648 0.0000000000
69076  35.934  -2.239  -7.763 0.0000000000
69078  37.231  -1.380  -9.551 0.0000000000
69079  36.689  -1.573  -10.532 0.0000000000
69080  35.237  -2.246  -9.217 0.0000000000
69081  36.118  -1.760  -11.567 0.0000000000
69082  34.674  -2.662  -10.226 0.0000000000
69083  33.903  -3.203  -11.390 0.0000000000
69084  35.432  -1.946  -12.543 0.0000000000
69085  34.658  -3.371  -13.634 0.0000000000
69086  33.535  -2.385  -11.769 0.0000000000
69087  32.514  -3.023  -13.262 0.0000000000
69088  33.687  -3.332  -14.163 0.0000000000
69089  32.813  -2.975  -14.345 0.0000000000
69090  32.058  -2.509  -14.078 0.0000000000
69091  32.177  -2.398  -14.229 0.0000000000
69799  38.784  -0.910  -6.358 0.0000000000
69804  38.499  -0.778  -7.108 0.0000000000
69805  38.076  -0.862  -7.846 0.0000000000
69807  35.494  -0.457  -8.260 0.0000000000
69811  37.980  -0.094  -8.431 0.0000000000
69812  35.222  -0.735  -9.051 0.0000000000
69815  37.479  -0.355  -9.145 0.0000000000
69816  36.950  -0.582  -9.872 0.0000000000
69817  34.781  -0.583  -9.860 0.0000000000
69818  36.481  -0.728  -10.694 0.0000000000
69819  34.445  -1.825  -10.574 0.0000000000
69820  34.113  -1.046  -11.026 0.0000000000
69821  35.935  -0.793  -11.586 0.0000000000
69822  35.294  -0.883  -12.517 0.0000000000
69823  33.115  -1.538  -12.198 0.0000000000
69824  32.132  -1.704  -13.458 0.0000000000
69825  33.791  -2.083  -14.058 0.0000000000
69826  31.676  -1.522  -14.099 0.0000000000
69827  31.819  -1.893  -14.155 0.0000000000
69828  32.834  -1.839  -14.385 0.0000000000
69829  31.963  -1.596  -14.332 0.0000000000
70490  38.949  -0.135  -6.722 0.0000000000
70496  39.116  1.157  -8.506 0.0000000000
70503  37.975  0.545  -9.133 0.0000000000
70508  38.156  1.112  -9.952 0.0000000000
70509  37.462  0.367  -9.734 0.0000000000
70510  36.910  0.225  -10.363 0.0000000000
70511  35.207  0.083  -8.993 0.0000000000
70512  34.774  0.552  -9.641 0.0000000000
70513  37.253  1.083  -11.088 0.0000000000
70514  36.425  0.142  -11.111 0.0000000000
70515  34.296  0.071  -10.556 0.0000000000
70516  36.199  1.040  -12.174 0.0000000000
70517  35.148  0.112  -12.753 0.0000000000
70518  33.670  -0.458  -11.434 0.0000000000
70519  32.781  -0.582  -12.397 0.0000000000
70520  35.671  1.434  -12.740 0.0000000000
70521  33.876  -0.721  -13.758 0.0000000000
70522  31.768  -0.559  -13.570 0.0000000000
70523  31.543  -0.706  -14.160 0.0000000000
70524  32.601  -0.794  -14.376 0.0000000000
70525  31.705  -0.771  -14.304 0.0000000000
71136  38.710  1.230  -9.329 0.0000000000
71137  35.150  0.907  -8.959 0.0000000000
71138  34.735  1.557  -9.379 0.0000000000
71140  38.164  1.573  -10.777 0.0000000000
71141  34.300  1.091  -10.320 0.0000000000
71143  37.078  1.554  -11.826 0.0000000000
71144  33.601  0.493  -11.375 0.0000000000
71146  36.716  1.804  -12.304 0.0000000000
71147  34.561  0.522  -13.290 0.0000000000
71151  33.463  0.276  -13.972 0.0000000000
94554  51.535  -31.939  0.884 0.0000000000
94555  52.233  -28.488  0.015 0.0000000000
94556  52.764  -30.034  -0.637 0.0000000000
94558  50.063  -30.861  0.574 0.0000000000
94559  51.078  -31.142  -0.994 0.0000000000
94560  50.305  -31.420  -0.105 0.0000000000
94561  51.415  -30.098  -0.595 0.0000000000
94562  51.786  -30.007  1.717 0.0000000000
94563  51.589  -29.236  -0.331 0.0000000000
94565  50.702  -28.710  0.793 0.0000000000
94566  50.249  -29.822  0.943 0.0000000000
94567  51.711  -28.577  -0.045 0.0000000000
94619  52.112  -28.404  0.304 0.0000000000
94626  53.117  -30.516  -0.634 0.0000000000
94628  52.133  -28.527  1.363 0.0000000000
94640  53.076  -30.452  -0.910 0.0000000000
94651  51.561  -30.751  1.576 0.0000000000
94653  52.357  -31.900  0.101 0.0000000000
94658  51.699  -28.220  0.322 0.0000000000
94661  52.564  -30.465  -1.130 0.0000000000
94662  49.733  -29.640  1.842 0.0000000000
94672  50.999  -31.952  1.723 0.0000000000
94674  51.991  -30.100  -0.899 0.0000000000
94679  52.253  -30.480  0.562 0.0000000000
94687  49.231  -31.106  1.837 0.0000000000
94689  52.347  -29.468  -0.432 0.0000000000
94839  40.558  -10.047  -8.300 0.0000000000
94854  44.342  -5.857  -10.690 0.0000000000
94862  47.962  -33.204  1.100 0.0000000000
94919  38.974  -51.635  1.655 0.0000000000
95069  53.609  -45.044  -0.153 0.0000000000
95134  48.704  -39.988  1.593 0.0000000000
95408  52.207  -28.749  -0.128 0.0000000000
95532  46.132  -42.361  -1.324 0.0000000000
95536  47.300  -14.813  -2.243 0.0000000000
95923  44.430  -36.569  -0.720 0.0000000000
95972  46.724  -9.705  -11.348 0.0000000000
96309  42.431  -44.745  -2.577 0.0000000000
96555  45.418  -36.468  -0.560 0.0000000000
96598  46.562  -30.077  4.540 0.0000000000
96654  41.586  -48.899  -5.319 0.0000000000
96655  46.650  -36.183  -1.739 0.0000000000
96768  38.144  -53.141  2.676 0.0000000000
96818  45.231  -5.891  -10.454 0.0000000000
96894  45.404  -22.050  -3.376 0.0000000000
96978  42.739  -33.736  -1.504 0.0000000000
96997  41.228  -44.188  -5.398 0.0000000000
97001  51.042  -10.490  -11.056 0.0000000000
97038  50.804  -34.692  -3.906 0.0000000000
97060  54.276  -42.333  -0.494 0.0000000000
97071  47.051  -43.425  -2.748 0.0000000000
97317  38.854  -49.787  3.201 0.0000000000
97321  48.932  -31.893  1.615 0.0000000000
97396  51.506  -27.511  1.359 0.0000000000
97488  36.029  -4.393  -9.068 0.0000000000
97568  43.375  -36.542  -0.918 0.0000000000
97628  48.227  -30.208  3.712 0.0000000000
97662  49.155  -33.414  -3.802 0.0000000000
97679  44.206  -10.833  -6.211 0.0000000000
97698  44.356  -34.416  -4.374 0.0000000000
97780  45.419  -29.102  4.507 0.0000000000
97854  32.658  0.260  -12.418 0.0000000000
97871  42.740  -46.597  -4.435 0.0000000000
97920  48.993  -39.201  1.497 0.0000000000
97969  44.899  -23.631  -2.661 0.0000000000
98115  50.339  -15.708  -5.747 0.0000000000
98120  47.370  -44.375  -1.465 0.0000000000
98150  43.851  -47.337  -6.090 0.0000000000
98174  48.793  -35.399  -0.661 0.0000000000
98232  37.936  1.951  -11.526 0.0000000000
98339  52.501  -49.118  -0.611 0.0000000000
98517  46.778  -37.426  2.622 0.0000000000
98582  45.072  -9.543  -10.923 0.0000000000
98596  44.404  -41.927  -3.557 0.0000000000
98660  52.153  -13.176  -7.204 0.0000000000
98783  52.341  -11.969  -10.593 0.0000000000
99235  44.112  -29.152  2.327 0.0000000000
99409  40.605  -45.395  -1.983 0.0000000000
99575  48.146  -28.929  4.088 0.0000000000
99654  51.129  -27.421  1.281 0.0000000000
99683  54.868  -40.099  -0.637 0.0000000000
99714  48.136  -18.086  -2.606 0.0000000000
99818  49.458  -27.711  3.016 0.0000000000
99866  53.864  -34.634  -0.295 0.0000000000
99870  35.888  0.106  -11.878 0.0000000000
99892  52.281  -43.335  -0.286 0.0000000000
99969  52.473  -46.087  -0.321 0.0000000000
100122  49.598  -54.470  -0.235 0.0000000000
100155  37.470  -45.820  -2.564 0.0000000000
100209  45.430  -36.253  -4.909 0.0000000000
100367  44.047  -45.324  -6.102 0.0000000000
100433  45.324  -36.579  -1.747 0.0000000000
100449  38.273  -53.308  1.793 0.0000000000
100566  47.440  -33.270  2.029 0.0000000000
100588  40.029  -51.638  -3.649 0.0000000000
100593  47.188  -13.450  -4.103 0.0000000000
100610  48.087  -16.066  -2.271 0.0000000000
100810  37.381  -49.135  0.503 0.0000000000
100904  44.209  -36.656  -1.808 0.0000000000
101006  44.098  -32.005  3.703 0.0000000000
101052  37.498  -2.027  -9.220 0.0000000000
101064  44.083  -34.483  1.117 0.0000000000
101185  43.526  -30.339  3.152 0.0000000000
101271  45.923  -23.833  -4.499 0.0000000000
101294  35.757  -54.395  3.375 0.0000000000
101312  38.725  -52.774  1.321 0.0000000000
101388  45.237  -34.300  -0.509 0.0000000000
101395  35.579  -1.981  -8.447 0.0000000000
101399  48.853  -13.496  -7.662 0.0000000000
101466  35.560  -3.252  -12.901 0.0000000000
101474  41.621  -9.988  -10.008 0.0000000000
101545  37.441  -53.174  4.998 0.0000000000
101574  55.089  -36.713  -1.289 0.0000000000
101600  48.633  -46.559  -0.498 0.0000000000
101706  42.799  -36.672  -2.820 0.0000000000
101869  37.493  -48.126  -1.747 0.0000000000
101901  53.598  -16.084  -8.821 0.0000000000
101971  46.399  -32.821  3.437 0.0000000000
102036  52.211  -38.078  -2.448 0.0000000000
102080  46.312  -23.935  -4.855 0.0000000000
102086  41.630  -49.236  -5.039 0.0000000000
102173  50.367  -47.947  -0.578 0.0000000000
102261  48.919  -34.790  -3.241 0.0000000000
102268  38.476  0.633  -8.594 0.0000000000
102437  39.403  -8.324  -5.213 0.0000000000
102495  48.192  -48.182  -4.375 0.0000000000
102729  39.729  -45.380  -0.831 0.0000000000
102740  43.756  -34.101  -1.309 0.0000000000
102807  41.536  -36.476  -4.132 0.0000000000
103024  41.260  -41.615  -1.405 0.0000000000
103058  50.509  -22.883  -6.348 0.0000000000
103072  39.902  -9.027  -11.026 0.0000000000
103387  53.840  -42.334  -1.027 0.0000000000
103461  48.634  -33.122  -0.814 0.0000000000
103543  49.517  -51.117  1.028 0.0000000000
103559  49.635  -43.075  1.552 0.0000000000
103628  51.497  -41.856  0.142 0.0000000000
103675  51.122  -12.371  -7.085 0.0000000000
103735  50.593  -34.166  -4.078 0.0000000000
103806  42.863  -40.679  1.789 0.0000000000
103842  44.471  -5.683  -8.833 0.0000000000
103873  47.574  -13.203  -6.318 0.0000000000
104049  48.481  -33.540  -3.398 0.0000000000
104190  42.819  -6.965  -11.313 0.0000000000
104281  46.574  -42.927  -1.845 0.0000000000
104309  34.654  -2.107  -13.420 0.0000000000
104318  53.105  -19.490  -7.869 0.0000000000
104381  37.092  -2.515  -10.570 0.0000000000
104406  53.374  -46.092  -0.224 0.0000000000
104518  39.562  -52.292  -0.798 0.0000000000
104756  50.388  -42.908  1.299 0.0000000000
104822  45.483  -27.519  -2.042 0.0000000000
104847  50.396  -39.967  0.600 0.0000000000
104852  42.549  -36.546  -1.729 0.0000000000
104942  52.952  -17.003  -8.418 0.0000000000
104992  37.305  -5.475  -6.411 0.0000000000
105185  50.543  -12.319  -6.388 0.0000000000
105373  36.837  -53.553  0.224 0.0000000000
105470  37.375  -5.091  -12.368 0.0000000000
105528  38.972  -9.227  -10.437 0.0000000000
105600  42.326  -29.576  2.618 0.0000000000
105653  52.056  -18.539  -6.790 0.0000000000
105679  47.483  -18.849  -2.804 0.0000000000
105732  51.790  -21.792  -6.682 0.0000000000
105906  45.410  -41.436  0.528 0.0000000000
105996  46.264  -34.067  -0.911 0.0000000000
106102  43.830  -41.212  0.898 0.0000000000
106447  45.607  -31.165  4.343 0.0000000000
106449  49.533  -14.014  -7.413 0.0000000000
106501  46.449  -6.931  -11.864 0.0000000000
106555  47.797  -45.797  -2.045 0.0000000000
106676  48.819  -34.722  -2.728 0.0000000000
106724  47.638  -44.968  -2.442 0.0000000000
106812  48.849  -22.366  -5.405 0.0000000000
106835  43.103  -41.468  -0.685 0.0000000000
106885  35.008  -1.519  -9.547 0.0000000000
106905  38.120  -7.331  -8.875 0.0000000000
107014  46.628  -48.285  -3.325 0.0000000000
107257  38.794  -7.033  -12.078 0.0000000000
107410  37.655  -48.016  -2.492 0.0000000000
107489  38.904  -7.812  -5.270 0.0000000000
107491  44.807  -11.320  -6.847 0.0000000000
107514  38.837  -8.200  -7.756 0.0000000000
107684  45.052  -40.677  2.083 0.0000000000
107801  46.453  -38.983  2.826 0.0000000000
107829  48.163  -22.773  -5.237 0.0000000000
107844  45.488  -11.734  -7.105 0.0000000000
107857  38.549  -7.823  -8.493 0.0000000000
107908  38.598  -7.512  -5.614 0.0000000000
107943  51.230  -33.875  -3.513 0.0000000000
107958  36.938  -45.823  -1.142 0.0000000000
108021  51.719  -31.003  -1.249 0.0000000000
108022  52.777  -29.949  -0.482 0.0000000000
108023  53.633  -31.782  -0.729 0.0000000000
108024  52.285  -28.761  0.694 0.0000000000
108028  52.773  -30.710  -0.052 0.0000000000
108029  53.653  -31.397  -1.107 0.0000000000
108145  48.411  -32.314  2.094 0.0000000000
108164  48.660  -31.211  2.661 0.0000000000
108192  43.773  -5.755  -10.119 0.0000000000
108193  44.410  -26.558  -2.165 0.0000000000
108285  39.650  -49.768  -4.569 0.0000000000
108338  50.910  -37.055  -1.617 0.0000000000
108459  45.782  -36.784  2.342 0.0000000000
108462  52.614  -29.165  0.102 0.0000000000
108610  53.804  -14.305  -8.530 0.0000000000
108639  46.914  -33.782  -2.074 0.0000000000
108645  35.385  -1.352  -8.707 0.0000000000
108726  46.943  -32.407  3.525 0.0000000000
108736  47.961  -42.995  1.229 0.0000000000
108781  37.563  -3.555  -11.129 0.0000000000
108825  44.491  -28.378  0.854 0.0000000000
108877  46.456  -26.667  -2.751 0.0000000000
108968  52.578  -12.816  -8.133 0.0000000000
108984  43.614  -28.254  0.260 0.0000000000
109302  35.945  -7.472  -12.174 0.0000000000
109352  37.149  -52.320  0.244 0.0000000000
109367  41.853  -41.292  -0.201 0.0000000000
109397  51.636  -34.417  0.922 0.0000000000
109485  51.932  -13.509  -9.999 0.0000000000
109528  46.969  -12.255  -9.053 0.0000000000
109743  45.833  -32.553  3.749 0.0000000000
109832  47.317  -49.634  -0.433 0.0000000000
110093  31.678  -1.376  -14.145 0.0000000000
110213  48.744  -37.842  1.622 0.0000000000
110315  36.018  -52.750  2.415 0.0000000000
110359  37.782  -49.547  -1.672 0.0000000000
110446  46.437  -26.285  -4.543 0.0000000000
110513  43.413  -33.921  -2.468 0.0000000000
110670  43.361  -36.643  -1.986 0.0000000000
110707  52.098  -32.414  -2.094 0.0000000000
110731  48.843  -10.535  -11.320 0.0000000000
110815  50.657  -10.239  -10.322 0.0000000000
110916  46.370  -33.471  2.758 0.0000000000
110942  34.599  -1.123  -13.314 0.0000000000
110999  39.444  -49.021  -0.968 0.0000000000
111112  47.158  -36.007  -4.417 0.0000000000
111149  45.395  -19.802  -3.530 0.0000000000
111184  42.849  -44.877  -0.240 0.0000000000
111188  48.192  -13.569  -6.286 0.0000000000
111375  44.385  -46.040  -1.067 0.0000000000
111558  41.071  -44.378  0.255 0.0000000000
111653  47.505  -39.651  2.174 0.0000000000
111811  44.288  -36.449  -4.715 0.0000000000
111848  36.565  0.835  -11.606 0.0000000000
111939  48.083  -33.369  -1.007 0.0000000000
112009  46.350  -45.878  -3.863 0.0000000000
112073  48.048  -34.929  -5.132 0.0000000000
112117  44.009  -29.202  1.777 0.0000000000
112266  41.531  -44.490  -0.879 0.0000000000
112286  50.678  -26.841  2.125 0.0000000000
112326  53.019  -36.256  0.529 0.0000000000
112399  42.530  -44.739  0.885 0.0000000000
112463  45.706  -40.325  2.432 0.0000000000
112532  45.917  -39.704  2.819 0.0000000000
112562  54.546  -19.502  -4.911 0.0000000000
112570  44.707  -29.293  4.162 0.0000000000
112574  44.386  -40.760  1.928 0.0000000000
112655  38.685  0.271  -7.675 0.0000000000
112686  45.014  -28.089  -1.412 0.0000000000
112786  42.552  -10.150  -10.008 0.0000000000
112807  46.115  -38.372  3.007 0.0000000000
112858  53.013  -30.160  -0.569 0.0000000000
112873  40.526  -9.939  -9.925 0.0000000000
112994  40.759  -43.054  -4.049 0.0000000000
113014  47.641  -36.647  1.998 0.0000000000
113099  54.089  -16.193  -6.313 0.0000000000
113100  40.009  -5.516  -8.522 0.0000000000
113144  53.294  -39.156  -1.891 0.0000000000
113222  36.645  -52.887  0.729 0.0000000000
113360  33.112  -3.674  -12.544 0.0000000000
113438  41.667  -48.214  -5.642 0.0000000000
113464  50.900  -14.619  -8.179 0.0000000000
113501  37.555  -49.290  -0.996 0.0000000000
113530  37.606  -48.766  -1.667 0.0000000000
113541  50.143  -43.379  1.395 0.0000000000
113700  48.175  -45.262  -0.047 0.0000000000
113756  50.292  -38.600  0.298 0.0000000000
113823  42.607  -34.348  -4.613 0.0000000000
113843  41.882  -39.840  2.594 0.0000000000
113869  45.643  -48.990  -2.081 0.0000000000
113944  42.447  -33.836  0.302 0.0000000000
114044  40.440  -9.524  -6.779 0.0000000000
114075  37.589  0.889  -10.364 0.0000000000
114122  51.182  -33.402  -2.962 0.0000000000
114130  50.725  -35.826  -2.760 0.0000000000
114190  46.402  -23.199  -4.642 0.0000000000
114191  51.321  -42.355  0.453 0.0000000000
114192  40.215  -49.921  -5.020 0.0000000000
114261  38.181  -2.185  -7.774 0.0000000000
114442  45.162  -42.083  -3.768 0.0000000000
114490  47.123  -35.791  -0.950 0.0000000000
114532  45.207  -23.974  -3.286 0.0000000000
114544  50.475  -32.837  -2.518 0.0000000000
114607  37.446  -2.631  -9.850 0.0000000000
114629  55.166  -38.992  -0.975 0.0000000000
114712  48.567  -34.637  -5.020 0.0000000000
115013  49.239  -35.313  -1.145 0.0000000000
115036  38.987  -9.184  -11.012 0.0000000000
115099  46.080  -42.400  -2.433 0.0000000000
115199  44.374  -34.192  -2.188 0.0000000000
