#!ascii label  , from subject sub-02 vox2ras=TkReg
883
13670  32.777  -65.066  2.066 0.0000000000
13688  32.765  -65.454  1.458 0.0000000000
13705  32.696  -65.780  0.854 0.0000000000
13721  32.304  -65.553  -0.416 0.0000000000
13733  32.251  -65.698  -1.136 0.0000000000
14479  32.803  -64.323  2.995 0.0000000000
14494  33.103  -64.772  2.517 0.0000000000
14495  32.348  -64.516  2.540 0.0000000000
14496  31.713  -63.873  2.791 0.0000000000
14509  32.202  -64.909  1.707 0.0000000000
14510  31.710  -64.261  1.999 0.0000000000
14524  32.259  -65.243  0.893 0.0000000000
14525  31.772  -64.422  1.028 0.0000000000
14536  32.076  -64.929  0.117 0.0000000000
14537  31.765  -64.003  0.092 0.0000000000
14543  32.310  -64.795  -1.561 0.0000000000
15365  33.846  -63.569  3.321 0.0000000000
15366  32.987  -63.819  3.435 0.0000000000
15367  32.306  -63.913  3.256 0.0000000000
15368  31.691  -63.239  3.582 0.0000000000
15376  33.456  -64.272  2.958 0.0000000000
15385  31.369  -63.632  2.174 0.0000000000
15399  31.469  -63.500  0.651 0.0000000000
15410  31.935  -63.613  -0.682 0.0000000000
15411  31.634  -63.110  -0.192 0.0000000000
15419  31.929  -62.798  -0.988 0.0000000000
16225  33.735  -62.315  4.195 0.0000000000
16226  32.794  -62.624  4.376 0.0000000000
16227  31.979  -62.726  4.377 0.0000000000
16228  31.282  -62.436  4.044 0.0000000000
16245  34.220  -62.710  3.597 0.0000000000
16246  33.326  -63.093  3.837 0.0000000000
16247  32.458  -63.290  3.852 0.0000000000
16248  31.098  -62.674  3.350 0.0000000000
16257  31.138  -63.090  2.700 0.0000000000
16258  30.822  -62.393  2.861 0.0000000000
16272  31.036  -63.047  1.784 0.0000000000
16273  30.766  -62.357  2.140 0.0000000000
16287  31.306  -62.623  0.389 0.0000000000
16298  31.600  -62.126  -0.541 0.0000000000
16305  32.353  -62.514  -1.721 0.0000000000
16306  31.927  -61.394  -1.252 0.0000000000
17004  32.785  -61.429  5.384 0.0000000000
17005  31.985  -61.483  5.420 0.0000000000
17014  34.158  -61.497  4.472 0.0000000000
17015  33.244  -61.888  4.784 0.0000000000
17016  32.338  -62.096  4.927 0.0000000000
17017  31.603  -61.974  4.765 0.0000000000
17018  30.849  -61.465  4.225 0.0000000000
17028  34.543  -61.820  3.811 0.0000000000
17029  30.783  -62.019  3.433 0.0000000000
17037  30.638  -61.713  2.623 0.0000000000
17049  30.901  -62.236  1.155 0.0000000000
17050  30.668  -61.503  1.742 0.0000000000
17066  31.200  -61.700  0.234 0.0000000000
17067  30.853  -61.243  0.883 0.0000000000
17076  31.528  -61.131  -0.549 0.0000000000
17085  32.378  -60.847  -1.904 0.0000000000
17773  32.943  -60.243  6.374 0.0000000000
17774  32.156  -60.220  6.297 0.0000000000
17784  34.214  -60.399  5.443 0.0000000000
17785  33.309  -60.757  5.798 0.0000000000
17786  32.457  -60.861  5.892 0.0000000000
17787  31.710  -60.721  5.735 0.0000000000
17788  31.046  -60.291  5.338 0.0000000000
17799  34.583  -60.650  4.681 0.0000000000
17800  33.728  -61.136  5.119 0.0000000000
17801  31.258  -61.143  5.093 0.0000000000
17802  30.743  -60.524  4.632 0.0000000000
17814  30.538  -60.471  3.815 0.0000000000
17824  30.550  -60.820  2.295 0.0000000000
17836  30.690  -60.638  1.412 0.0000000000
17843  31.208  -60.051  0.192 0.0000000000
17847  31.509  -60.271  -0.508 0.0000000000
17852  32.420  -59.930  -1.899 0.0000000000
17853  31.887  -60.518  -1.227 0.0000000000
18539  33.743  -58.973  7.173 0.0000000000
18540  33.033  -58.962  7.225 0.0000000000
18553  34.775  -59.111  6.386 0.0000000000
18554  33.502  -59.553  6.767 0.0000000000
18555  32.578  -59.569  6.747 0.0000000000
18556  31.788  -59.496  6.496 0.0000000000
18557  31.343  -58.825  6.473 0.0000000000
18571  34.562  -59.732  5.821 0.0000000000
18572  33.802  -60.090  6.165 0.0000000000
18573  31.437  -59.964  5.960 0.0000000000
18574  30.884  -59.532  5.582 0.0000000000
18585  30.617  -59.728  4.902 0.0000000000
18594  30.433  -59.600  3.572 0.0000000000
18603  30.436  -59.140  2.731 0.0000000000
18614  30.568  -59.822  1.903 0.0000000000
18620  31.207  -59.235  0.276 0.0000000000
18621  30.848  -59.902  0.939 0.0000000000
18627  31.466  -59.602  -0.358 0.0000000000
18638  31.869  -59.542  -1.128 0.0000000000
19337  34.078  -57.627  7.497 0.0000000000
19338  33.540  -58.333  7.412 0.0000000000
19339  32.731  -58.200  7.387 0.0000000000
19340  32.002  -57.887  7.207 0.0000000000
19353  35.227  -58.350  6.668 0.0000000000
19354  34.390  -58.533  7.146 0.0000000000
19355  32.110  -58.777  7.015 0.0000000000
19356  31.506  -58.220  6.791 0.0000000000
19357  30.906  -58.161  6.339 0.0000000000
19364  30.480  -58.189  5.665 0.0000000000
19373  30.219  -58.270  4.824 0.0000000000
19383  30.217  -58.272  3.116 0.0000000000
19396  30.401  -58.295  2.252 0.0000000000
19408  30.653  -58.355  1.397 0.0000000000
19415  31.271  -57.926  0.051 0.0000000000
19416  31.014  -58.495  0.595 0.0000000000
19426  31.640  -58.171  -0.632 0.0000000000
19438  32.070  -58.551  -1.262 0.0000000000
20146  35.208  -56.999  7.263 0.0000000000
20147  34.878  -57.667  7.245 0.0000000000
20148  33.238  -57.545  7.510 0.0000000000
20149  32.554  -57.519  7.394 0.0000000000
20150  32.032  -57.084  7.204 0.0000000000
20162  36.386  -57.166  6.485 0.0000000000
20163  35.615  -57.527  6.844 0.0000000000
20164  31.321  -57.425  6.720 0.0000000000
20165  30.589  -57.399  6.097 0.0000000000
20177  30.176  -57.465  5.311 0.0000000000
20189  29.933  -57.571  4.473 0.0000000000
20190  29.708  -56.999  4.217 0.0000000000
20199  29.865  -57.485  3.594 0.0000000000
20200  29.622  -56.676  3.682 0.0000000000
20212  29.928  -56.772  2.335 0.0000000000
20213  29.743  -56.943  3.055 0.0000000000
20221  30.391  -57.462  1.689 0.0000000000
20227  31.135  -57.187  0.182 0.0000000000
20237  31.601  -57.360  -0.582 0.0000000000
20944  35.847  -55.810  7.056 0.0000000000
20945  35.759  -56.675  7.035 0.0000000000
20946  34.592  -56.898  7.434 0.0000000000
20947  33.714  -56.712  7.476 0.0000000000
20948  32.790  -56.858  7.398 0.0000000000
20956  38.141  -55.843  6.251 0.0000000000
20957  37.379  -56.227  6.366 0.0000000000
20958  36.306  -56.391  6.798 0.0000000000
20959  33.078  -56.112  7.196 0.0000000000
20960  32.222  -56.250  6.985 0.0000000000
20961  31.570  -56.637  6.783 0.0000000000
20962  30.917  -56.614  6.386 0.0000000000
20971  30.291  -56.539  5.669 0.0000000000
20972  29.815  -56.024  5.027 0.0000000000
20982  29.847  -56.828  4.891 0.0000000000
20983  29.633  -56.366  4.366 0.0000000000
20995  29.515  -56.058  3.818 0.0000000000
21007  29.581  -56.181  3.035 0.0000000000
21012  30.270  -56.506  1.541 0.0000000000
21017  30.973  -56.523  0.307 0.0000000000
21018  30.620  -56.134  0.822 0.0000000000
21028  31.442  -56.543  -0.377 0.0000000000
21797  35.049  -55.595  7.203 0.0000000000
21798  34.443  -56.128  7.376 0.0000000000
21799  33.782  -55.936  7.274 0.0000000000
21810  38.219  -54.993  6.504 0.0000000000
21811  37.362  -55.291  6.597 0.0000000000
21812  35.603  -55.103  6.883 0.0000000000
21813  34.261  -55.483  7.031 0.0000000000
21814  33.386  -55.445  6.716 0.0000000000
21815  32.142  -55.600  6.616 0.0000000000
21816  31.440  -55.878  6.474 0.0000000000
21817  30.725  -55.913  6.102 0.0000000000
21830  30.269  -55.578  5.576 0.0000000000
21831  29.803  -55.208  5.000 0.0000000000
21840  29.595  -55.637  4.383 0.0000000000
21848  29.514  -55.421  3.590 0.0000000000
21855  29.829  -55.989  2.138 0.0000000000
21856  29.637  -55.361  2.687 0.0000000000
21858  30.260  -55.720  1.452 0.0000000000
21864  31.139  -55.724  0.043 0.0000000000
21865  30.654  -55.335  0.813 0.0000000000
22607  39.087  -54.032  6.451 0.0000000000
22608  38.221  -54.146  6.477 0.0000000000
22609  36.900  -54.564  6.539 0.0000000000
22610  36.075  -54.629  6.540 0.0000000000
22611  35.239  -54.666  6.378 0.0000000000
22612  33.970  -54.986  6.285 0.0000000000
22613  33.251  -54.786  6.185 0.0000000000
22614  30.912  -55.068  6.030 0.0000000000
22625  34.773  -54.452  5.637 0.0000000000
22626  34.381  -54.549  5.874 0.0000000000
22627  33.682  -54.426  5.838 0.0000000000
22628  30.757  -54.152  5.675 0.0000000000
22629  30.267  -54.743  5.442 0.0000000000
22640  29.796  -53.971  4.611 0.0000000000
22641  29.600  -54.747  4.291 0.0000000000
22652  29.604  -54.512  3.240 0.0000000000
22658  29.894  -54.667  2.187 0.0000000000
22661  30.302  -54.959  1.464 0.0000000000
22667  31.144  -54.756  0.234 0.0000000000
22668  30.719  -54.603  0.910 0.0000000000
23398  39.475  -53.270  6.327 0.0000000000
23399  38.573  -53.442  6.327 0.0000000000
23400  37.854  -53.611  6.269 0.0000000000
23401  36.466  -54.212  6.258 0.0000000000
23402  35.525  -54.371  6.022 0.0000000000
23403  33.393  -53.779  5.858 0.0000000000
23404  32.729  -53.581  6.094 0.0000000000
23405  31.964  -53.526  6.089 0.0000000000
23415  37.064  -53.692  6.035 0.0000000000
23416  35.739  -54.247  5.476 0.0000000000
23417  34.844  -54.317  5.078 0.0000000000
23418  34.473  -54.236  5.261 0.0000000000
23419  33.955  -54.100  5.484 0.0000000000
23420  31.216  -53.488  5.794 0.0000000000
23421  30.596  -53.384  5.388 0.0000000000
23430  36.320  -53.940  4.893 0.0000000000
23431  35.043  -54.216  4.108 0.0000000000
23432  30.150  -53.309  4.840 0.0000000000
23433  29.819  -53.383  4.199 0.0000000000
23445  30.095  -53.045  2.952 0.0000000000
23446  29.756  -53.606  3.457 0.0000000000
23455  30.501  -53.150  2.031 0.0000000000
23456  29.969  -53.824  2.518 0.0000000000
23460  30.491  -54.036  1.528 0.0000000000
23466  31.212  -53.828  0.550 0.0000000000
24226  38.924  -52.726  6.135 0.0000000000
24227  38.037  -53.135  6.043 0.0000000000
24228  33.690  -52.234  6.170 0.0000000000
24229  33.164  -52.937  6.136 0.0000000000
24230  32.381  -52.672  6.193 0.0000000000
24231  31.572  -52.770  5.930 0.0000000000
24243  39.395  -51.912  5.669 0.0000000000
24244  38.323  -52.587  5.479 0.0000000000
24245  37.502  -53.292  5.569 0.0000000000
24246  34.665  -54.082  4.696 0.0000000000
24247  34.229  -53.751  5.301 0.0000000000
24248  33.755  -53.307  5.775 0.0000000000
24249  30.975  -52.838  5.588 0.0000000000
24250  30.581  -52.615  5.153 0.0000000000
24262  35.422  -54.208  3.161 0.0000000000
24263  34.873  -54.051  4.041 0.0000000000
24264  30.248  -52.559  4.345 0.0000000000
24265  29.939  -52.974  3.712 0.0000000000
24276  30.315  -52.391  3.419 0.0000000000
24283  30.591  -52.411  2.523 0.0000000000
24292  31.084  -52.377  1.610 0.0000000000
25127  34.016  -51.247  6.401 0.0000000000
25128  33.192  -51.453  6.465 0.0000000000
25129  32.430  -51.739  6.324 0.0000000000
25130  31.797  -51.296  6.060 0.0000000000
25142  34.905  -51.947  5.412 0.0000000000
25143  34.364  -51.985  5.915 0.0000000000
25144  31.245  -51.273  5.466 0.0000000000
25154  35.287  -53.233  3.617 0.0000000000
25155  35.133  -52.577  4.556 0.0000000000
25156  31.090  -50.755  4.977 0.0000000000
25163  30.654  -51.554  3.798 0.0000000000
25172  31.189  -51.048  2.732 0.0000000000
25173  31.173  -51.638  2.087 0.0000000000
26066  35.039  -50.043  6.181 0.0000000000
26067  34.222  -50.324  6.551 0.0000000000
26068  33.356  -50.586  6.617 0.0000000000
26069  32.635  -50.059  6.566 0.0000000000
26070  32.013  -50.399  6.242 0.0000000000
26081  35.659  -50.280  5.313 0.0000000000
26082  34.721  -51.036  6.126 0.0000000000
26083  31.530  -50.598  5.664 0.0000000000
26095  35.819  -51.390  4.361 0.0000000000
26096  35.430  -51.346  5.147 0.0000000000
26097  30.934  -50.931  4.317 0.0000000000
26104  36.915  -50.080  2.839 0.0000000000
26105  36.517  -51.409  2.721 0.0000000000
26106  31.135  -50.579  3.442 0.0000000000
26112  36.878  -51.000  2.099 0.0000000000
27007  34.960  -49.056  6.383 0.0000000000
27008  34.334  -49.450  6.644 0.0000000000
27009  33.452  -49.648  6.779 0.0000000000
27010  32.517  -49.208  6.693 0.0000000000
27011  32.089  -49.727  6.359 0.0000000000
27023  35.962  -49.278  5.092 0.0000000000
27024  35.483  -49.305  5.805 0.0000000000
27025  31.671  -49.853  5.876 0.0000000000
27037  36.242  -49.982  4.495 0.0000000000
27038  31.153  -49.390  4.495 0.0000000000
27042  36.629  -49.407  3.705 0.0000000000
27043  31.313  -49.772  3.057 0.0000000000
27048  37.203  -50.128  1.878 0.0000000000
27049  37.050  -49.207  2.483 0.0000000000
27906  34.857  -48.214  6.410 0.0000000000
27907  34.314  -48.683  6.719 0.0000000000
27908  33.585  -48.327  6.962 0.0000000000
27909  32.742  -48.405  6.933 0.0000000000
27910  31.746  -49.167  6.169 0.0000000000
27922  35.705  -48.610  5.487 0.0000000000
27923  35.394  -48.041  5.858 0.0000000000
27924  30.805  -48.057  5.088 0.0000000000
27935  36.128  -48.522  4.814 0.0000000000
27936  35.834  -47.900  5.207 0.0000000000
27937  30.944  -48.798  3.858 0.0000000000
27938  30.685  -48.103  4.235 0.0000000000
27946  36.760  -48.571  3.114 0.0000000000
27947  31.178  -48.885  2.751 0.0000000000
27948  30.737  -48.172  3.147 0.0000000000
27954  37.238  -49.051  1.580 0.0000000000
27955  36.945  -48.480  2.298 0.0000000000
28822  35.080  -47.550  6.190 0.0000000000
28823  34.542  -47.443  6.620 0.0000000000
28824  33.800  -47.497  6.991 0.0000000000
28825  32.990  -47.661  7.100 0.0000000000
28826  32.229  -47.764  6.813 0.0000000000
28835  35.462  -47.312  5.640 0.0000000000
28836  31.538  -47.761  6.324 0.0000000000
28837  30.953  -47.586  5.666 0.0000000000
28849  36.202  -47.796  4.435 0.0000000000
28850  35.847  -47.143  4.857 0.0000000000
28851  30.495  -47.333  4.776 0.0000000000
28857  36.466  -47.727  3.540 0.0000000000
28858  30.404  -47.457  3.612 0.0000000000
28864  36.674  -47.668  2.492 0.0000000000
28874  37.074  -48.100  1.047 0.0000000000
28875  36.931  -48.095  1.801 0.0000000000
28890  36.787  -47.208  0.680 0.0000000000
29738  33.501  -45.977  7.175 0.0000000000
29750  35.020  -46.730  6.246 0.0000000000
29751  34.172  -46.602  6.923 0.0000000000
29752  32.637  -46.173  7.073 0.0000000000
29753  31.740  -46.391  6.664 0.0000000000
29754  30.938  -46.253  6.106 0.0000000000
29763  35.550  -46.508  5.379 0.0000000000
29764  31.238  -47.012  6.208 0.0000000000
29765  30.673  -46.813  5.579 0.0000000000
29777  36.152  -47.010  3.998 0.0000000000
29778  35.895  -46.359  4.498 0.0000000000
29779  30.258  -46.465  4.891 0.0000000000
29780  29.905  -46.104  4.347 0.0000000000
29790  36.395  -46.869  3.081 0.0000000000
29791  30.134  -46.737  4.068 0.0000000000
29792  29.753  -46.192  3.619 0.0000000000
29801  36.449  -45.978  1.712 0.0000000000
29802  30.072  -46.831  3.105 0.0000000000
29803  29.651  -46.246  2.751 0.0000000000
29812  36.562  -46.583  1.246 0.0000000000
29828  36.611  -46.392  0.433 0.0000000000
30676  33.820  -45.116  7.212 0.0000000000
30677  32.934  -45.307  7.229 0.0000000000
30689  34.961  -45.120  6.422 0.0000000000
30690  34.429  -45.292  6.878 0.0000000000
30691  34.141  -45.781  7.045 0.0000000000
30692  32.081  -45.474  6.915 0.0000000000
30693  31.287  -45.534  6.439 0.0000000000
30694  30.585  -45.510  5.820 0.0000000000
30704  35.522  -44.877  5.637 0.0000000000
30705  30.014  -45.622  4.989 0.0000000000
30706  29.575  -44.807  4.708 0.0000000000
30717  36.016  -45.610  4.161 0.0000000000
30718  35.701  -45.692  5.053 0.0000000000
30719  29.569  -45.521  4.133 0.0000000000
30729  36.173  -46.202  3.624 0.0000000000
30730  29.319  -45.589  3.260 0.0000000000
30731  28.804  -45.019  2.869 0.0000000000
30739  36.572  -45.291  2.108 0.0000000000
30752  36.603  -45.418  1.221 0.0000000000
30768  36.629  -45.603  0.316 0.0000000000
31624  34.510  -44.543  6.952 0.0000000000
31625  33.894  -44.346  7.297 0.0000000000
31626  33.246  -44.505  7.298 0.0000000000
31638  35.199  -44.276  6.408 0.0000000000
31639  34.822  -43.806  6.828 0.0000000000
31640  32.368  -44.525  7.067 0.0000000000
31641  31.545  -43.986  6.617 0.0000000000
31642  30.870  -44.650  6.196 0.0000000000
31655  36.299  -44.323  4.466 0.0000000000
31656  35.718  -43.926  5.792 0.0000000000
31657  30.294  -43.981  5.763 0.0000000000
31658  29.675  -44.060  5.203 0.0000000000
31671  35.927  -44.976  4.687 0.0000000000
31672  29.161  -44.065  4.515 0.0000000000
31673  28.651  -43.964  3.823 0.0000000000
31684  36.603  -44.413  3.563 0.0000000000
31685  29.081  -44.785  3.827 0.0000000000
31686  28.581  -44.417  3.238 0.0000000000
31698  37.179  -44.185  1.849 0.0000000000
31699  36.856  -44.487  2.546 0.0000000000
31713  37.201  -44.286  1.068 0.0000000000
31714  36.840  -44.765  1.564 0.0000000000
31732  37.242  -44.405  0.186 0.0000000000
31733  36.834  -44.903  0.682 0.0000000000
32600  34.244  -43.755  7.211 0.0000000000
32601  33.540  -43.768  7.321 0.0000000000
32613  35.343  -43.304  6.453 0.0000000000
32614  34.656  -43.114  6.967 0.0000000000
32615  32.330  -43.557  6.984 0.0000000000
32616  31.755  -43.166  6.629 0.0000000000
32617  31.139  -43.232  6.302 0.0000000000
32628  36.237  -43.671  5.153 0.0000000000
32629  36.014  -43.036  5.830 0.0000000000
32630  30.527  -43.268  5.921 0.0000000000
32631  29.926  -43.317  5.490 0.0000000000
32646  37.249  -42.576  4.241 0.0000000000
32647  36.816  -43.425  4.328 0.0000000000
32648  29.367  -43.341  4.947 0.0000000000
32649  28.817  -43.309  4.339 0.0000000000
32663  37.392  -43.080  3.570 0.0000000000
32664  37.051  -43.856  3.313 0.0000000000
32665  28.323  -43.216  3.628 0.0000000000
32673  37.438  -43.584  2.572 0.0000000000
32683  38.150  -43.054  1.163 0.0000000000
32684  37.676  -43.737  0.629 0.0000000000
32696  38.251  -43.158  0.235 0.0000000000
33512  33.885  -43.000  7.261 0.0000000000
33513  33.062  -43.134  7.228 0.0000000000
33526  35.030  -42.577  6.688 0.0000000000
33527  34.367  -42.332  6.936 0.0000000000
33528  31.506  -42.481  6.319 0.0000000000
33529  30.844  -42.712  6.027 0.0000000000
33541  36.311  -42.054  5.650 0.0000000000
33542  35.607  -42.370  6.280 0.0000000000
33543  30.904  -42.049  5.812 0.0000000000
33544  30.323  -42.605  5.644 0.0000000000
33545  29.695  -42.589  5.221 0.0000000000
33557  37.300  -41.779  4.444 0.0000000000
33558  36.876  -42.353  4.872 0.0000000000
33559  29.147  -42.605  4.679 0.0000000000
33560  28.569  -42.519  4.092 0.0000000000
33568  38.089  -41.830  3.251 0.0000000000
33569  37.637  -42.212  3.778 0.0000000000
33570  28.039  -42.457  3.352 0.0000000000
33574  38.233  -42.231  2.574 0.0000000000
33575  37.852  -42.664  3.015 0.0000000000
33586  38.537  -42.190  1.726 0.0000000000
33587  37.985  -42.900  2.119 0.0000000000
33599  39.169  -42.023  0.180 0.0000000000
33600  38.646  -42.464  0.694 0.0000000000
33613  38.731  -42.615  -0.063 0.0000000000
34416  34.829  -41.083  6.261 0.0000000000
34417  34.161  -41.532  6.656 0.0000000000
34418  33.305  -41.277  6.474 0.0000000000
34426  36.204  -41.034  5.535 0.0000000000
34427  35.634  -41.484  6.097 0.0000000000
34428  33.233  -40.762  5.984 0.0000000000
34429  32.544  -41.069  6.018 0.0000000000
34430  31.024  -41.297  5.374 0.0000000000
34431  30.175  -41.788  5.262 0.0000000000
34441  37.276  -40.913  4.487 0.0000000000
34442  36.796  -41.414  5.034 0.0000000000
34443  31.210  -40.669  4.754 0.0000000000
34444  30.417  -41.007  4.796 0.0000000000
34445  29.656  -41.325  4.579 0.0000000000
34446  29.000  -41.872  4.416 0.0000000000
34454  38.249  -40.988  3.304 0.0000000000
34455  37.744  -41.353  3.905 0.0000000000
34456  29.004  -41.255  4.113 0.0000000000
34457  28.411  -41.701  3.727 0.0000000000
34461  38.507  -41.522  2.578 0.0000000000
34476  39.493  -41.063  1.272 0.0000000000
34477  38.958  -41.309  1.849 0.0000000000
34494  39.646  -41.404  0.520 0.0000000000
34495  39.058  -41.733  1.028 0.0000000000
35249  33.946  -40.823  6.201 0.0000000000
35258  35.423  -40.688  5.741 0.0000000000
35259  34.493  -40.458  5.678 0.0000000000
35260  33.616  -40.468  5.509 0.0000000000
35261  32.747  -40.613  5.307 0.0000000000
35262  31.865  -40.924  5.369 0.0000000000
35271  37.148  -40.104  4.319 0.0000000000
35272  36.647  -40.574  4.896 0.0000000000
35273  35.040  -40.051  5.196 0.0000000000
35274  34.028  -40.111  4.839 0.0000000000
35275  32.673  -40.391  4.537 0.0000000000
35276  32.028  -40.507  4.664 0.0000000000
35277  30.512  -40.368  4.180 0.0000000000
35284  38.321  -40.139  3.267 0.0000000000
35285  37.761  -40.484  3.882 0.0000000000
35286  32.269  -40.270  3.998 0.0000000000
35287  31.463  -40.212  4.084 0.0000000000
35288  29.513  -40.634  3.997 0.0000000000
35299  40.205  -39.760  2.058 0.0000000000
35300  39.420  -40.088  2.219 0.0000000000
35301  38.790  -40.626  2.556 0.0000000000
35315  39.845  -40.428  1.583 0.0000000000
35316  39.303  -40.693  1.894 0.0000000000
36000  36.828  -39.368  4.010 0.0000000000
36001  36.394  -39.859  4.591 0.0000000000
36002  35.489  -39.719  4.635 0.0000000000
36003  34.676  -39.807  4.528 0.0000000000
36014  38.321  -39.426  3.147 0.0000000000
36015  37.684  -39.574  3.659 0.0000000000
36016  35.798  -39.305  4.026 0.0000000000
36017  34.813  -39.584  3.909 0.0000000000
36018  33.121  -40.269  3.966 0.0000000000
36019  32.894  -40.331  3.134 0.0000000000
36035  41.590  -39.323  2.849 0.0000000000
36036  40.251  -39.139  2.461 0.0000000000
36037  39.508  -39.237  2.485 0.0000000000
36038  38.714  -38.933  2.815 0.0000000000
36786  42.540  -38.523  3.266 0.0000000000
36787  41.669  -38.450  3.085 0.0000000000
36788  37.988  -38.817  3.159 0.0000000000
36789  37.210  -38.774  3.460 0.0000000000
36790  36.146  -38.798  3.427 0.0000000000
36791  35.099  -39.268  3.228 0.0000000000
36802  40.704  -37.815  2.770 0.0000000000
36803  40.013  -38.468  2.577 0.0000000000
36804  39.192  -38.291  2.641 0.0000000000
36805  38.382  -38.125  2.764 0.0000000000
36806  37.562  -38.127  2.930 0.0000000000
36807  36.589  -38.225  2.910 0.0000000000
36808  35.568  -38.719  2.532 0.0000000000
36809  34.505  -39.779  2.359 0.0000000000
36820  34.828  -39.695  1.031 0.0000000000
36821  34.944  -39.363  1.855 0.0000000000
36832  34.875  -39.835  0.029 0.0000000000
36843  35.824  -38.843  -1.460 0.0000000000
37766  42.890  -37.881  3.140 0.0000000000
37767  42.194  -37.960  3.154 0.0000000000
37782  43.143  -37.346  2.744 0.0000000000
37783  42.388  -37.374  2.806 0.0000000000
37784  41.601  -37.547  2.851 0.0000000000
37785  39.733  -37.596  2.595 0.0000000000
37786  38.873  -37.429  2.508 0.0000000000
37787  36.988  -37.592  2.438 0.0000000000
37788  36.233  -37.987  2.247 0.0000000000
37803  37.305  -36.997  1.953 0.0000000000
37804  36.540  -37.492  1.750 0.0000000000
37805  35.690  -38.379  1.617 0.0000000000
37817  36.223  -37.607  0.940 0.0000000000
37818  35.560  -38.611  0.604 0.0000000000
37827  36.314  -37.866  -0.767 0.0000000000
37828  35.630  -38.777  -0.404 0.0000000000
37842  36.587  -37.983  -1.866 0.0000000000
38686  44.099  -36.809  2.066 0.0000000000
38687  43.381  -36.920  2.284 0.0000000000
38688  42.720  -36.849  2.299 0.0000000000
38689  41.818  -36.743  2.332 0.0000000000
38690  40.265  -36.492  2.218 0.0000000000
38691  39.460  -36.744  2.337 0.0000000000
38692  38.578  -36.756  2.206 0.0000000000
38693  37.953  -36.712  2.037 0.0000000000
38710  43.206  -36.620  1.420 0.0000000000
38711  41.650  -36.312  1.337 0.0000000000
38712  40.337  -36.117  1.710 0.0000000000
38713  39.607  -36.089  1.704 0.0000000000
38714  38.360  -36.358  1.670 0.0000000000
38715  37.682  -36.538  1.411 0.0000000000
38716  36.944  -36.926  1.164 0.0000000000
38734  43.759  -36.568  0.236 0.0000000000
38735  42.858  -36.498  0.166 0.0000000000
38736  41.891  -36.307  0.013 0.0000000000
38737  38.150  -36.151  0.814 0.0000000000
38738  37.489  -36.547  0.497 0.0000000000
38739  36.788  -37.159  0.094 0.0000000000
38752  42.454  -36.438  -0.773 0.0000000000
38753  40.373  -36.334  -1.834 0.0000000000
38754  37.949  -36.303  -0.404 0.0000000000
38755  37.632  -36.694  -1.340 0.0000000000
38756  37.064  -37.221  -1.119 0.0000000000
38773  40.099  -36.255  -2.761 0.0000000000
38774  37.029  -36.204  -2.506 0.0000000000
38775  37.184  -37.276  -2.058 0.0000000000
38792  36.931  -37.141  -2.587 0.0000000000
39634  40.792  -35.982  1.218 0.0000000000
39635  40.030  -35.771  1.057 0.0000000000
39636  39.361  -35.782  0.906 0.0000000000
39637  38.845  -35.986  1.249 0.0000000000
39652  40.447  -35.838  0.233 0.0000000000
39653  39.599  -35.777  0.080 0.0000000000
39654  38.726  -35.925  0.070 0.0000000000
39670  39.974  -36.048  -0.961 0.0000000000
39671  39.054  -36.075  -1.238 0.0000000000
39672  38.251  -36.197  -1.315 0.0000000000
39673  37.958  -36.335  -1.377 0.0000000000
39685  39.524  -36.212  -2.082 0.0000000000
39686  38.710  -36.132  -1.980 0.0000000000
39687  38.077  -36.140  -1.761 0.0000000000
39688  37.725  -36.232  -1.893 0.0000000000
40704  41.180  -33.680  -2.985 0.0000000000
40705  40.226  -34.602  -2.979 0.0000000000
40706  38.830  -35.335  -2.111 0.0000000000
40707  38.143  -35.385  -1.811 0.0000000000
40708  37.652  -35.140  -1.937 0.0000000000
40709  36.945  -34.500  -2.241 0.0000000000
40730  37.227  -35.431  -2.231 0.0000000000
40731  36.775  -35.225  -2.793 0.0000000000
41699  41.899  -33.253  2.465 0.0000000000
41707  41.683  -33.482  1.554 0.0000000000
41708  40.935  -33.127  1.076 0.0000000000
41721  41.639  -33.474  0.407 0.0000000000
41722  40.682  -33.018  0.023 0.0000000000
41723  39.814  -32.826  -0.145 0.0000000000
41732  42.149  -33.603  -0.598 0.0000000000
41733  41.156  -33.181  -0.854 0.0000000000
41734  40.100  -33.144  -0.974 0.0000000000
41735  39.182  -33.303  -0.799 0.0000000000
41736  38.396  -33.286  -0.665 0.0000000000
41737  37.929  -33.162  -0.595 0.0000000000
41748  41.638  -33.431  -1.824 0.0000000000
41749  40.399  -33.560  -2.056 0.0000000000
41750  39.319  -33.874  -1.737 0.0000000000
41751  38.459  -34.102  -1.541 0.0000000000
41752  37.895  -33.951  -1.367 0.0000000000
41753  37.417  -33.212  -1.132 0.0000000000
41754  36.931  -33.536  -1.917 0.0000000000
41766  36.694  -33.849  -2.903 0.0000000000
42634  41.948  -32.036  3.221 0.0000000000
42640  41.503  -32.531  2.762 0.0000000000
42641  40.736  -32.220  2.395 0.0000000000
42647  41.127  -32.972  2.041 0.0000000000
42648  40.438  -32.547  1.606 0.0000000000
42649  39.755  -32.188  1.266 0.0000000000
42650  39.095  -31.872  0.977 0.0000000000
42659  40.205  -32.683  0.703 0.0000000000
42660  39.449  -32.457  0.511 0.0000000000
42661  38.741  -32.287  0.393 0.0000000000
42662  38.119  -32.122  0.191 0.0000000000
42666  39.011  -32.857  -0.092 0.0000000000
42667  38.296  -32.736  -0.113 0.0000000000
42668  37.688  -32.428  -0.397 0.0000000000
42675  37.207  -32.289  -1.243 0.0000000000
42676  36.970  -32.248  -2.201 0.0000000000
42690  37.081  -32.456  -3.476 0.0000000000
42691  36.814  -33.013  -2.587 0.0000000000
42695  36.844  -33.354  -3.948 0.0000000000
43559  41.671  -31.231  3.156 0.0000000000
43560  40.928  -30.903  2.963 0.0000000000
43564  41.180  -31.719  2.935 0.0000000000
43565  40.441  -31.383  2.593 0.0000000000
43566  39.750  -31.093  2.217 0.0000000000
43571  40.043  -31.862  2.013 0.0000000000
43572  39.454  -31.520  1.614 0.0000000000
43573  38.896  -31.154  1.324 0.0000000000
43583  38.398  -31.477  0.663 0.0000000000
43584  37.786  -31.519  0.039 0.0000000000
43592  37.417  -31.529  -0.746 0.0000000000
43597  37.236  -31.490  -1.717 0.0000000000
43609  37.299  -31.582  -2.893 0.0000000000
43619  37.626  -31.829  -4.436 0.0000000000
44383  41.478  -30.464  3.010 0.0000000000
44385  41.404  -29.647  2.780 0.0000000000
44386  40.208  -30.426  2.613 0.0000000000
44387  39.449  -30.315  2.161 0.0000000000
44390  38.916  -30.417  1.628 0.0000000000
44391  38.437  -30.612  1.065 0.0000000000
44397  37.943  -30.688  0.421 0.0000000000
44398  37.605  -30.698  -0.347 0.0000000000
44405  37.458  -30.690  -1.257 0.0000000000
44410  37.538  -30.743  -2.325 0.0000000000
44415  37.784  -30.892  -3.660 0.0000000000
45198  40.544  -29.558  2.671 0.0000000000
45199  39.780  -29.514  2.405 0.0000000000
45203  39.034  -29.488  1.841 0.0000000000
45207  38.149  -29.896  0.752 0.0000000000
45208  37.783  -29.897  0.026 0.0000000000
45213  38.042  -29.137  -0.437 0.0000000000
45214  37.683  -29.885  -0.838 0.0000000000
45221  38.084  -29.112  -1.423 0.0000000000
45222  37.742  -29.919  -1.838 0.0000000000
45229  38.280  -29.235  -2.512 0.0000000000
45230  38.000  -30.043  -3.012 0.0000000000
46099  40.265  -28.720  2.481 0.0000000000
46100  39.510  -28.648  2.138 0.0000000000
46109  38.968  -28.631  1.596 0.0000000000
46110  38.455  -29.081  1.082 0.0000000000
46117  38.416  -28.468  0.131 0.0000000000
46124  38.399  -28.369  -0.950 0.0000000000
46131  38.590  -28.308  -2.159 0.0000000000
46139  38.847  -28.695  -3.359 0.0000000000
46954  40.977  -28.059  2.404 0.0000000000
46955  40.000  -27.832  2.231 0.0000000000
46964  39.315  -27.896  1.675 0.0000000000
46965  38.722  -28.143  1.006 0.0000000000
46977  39.136  -27.312  0.887 0.0000000000
46978  38.769  -27.753  0.284 0.0000000000
46986  38.694  -27.735  -0.479 0.0000000000
46992  38.713  -27.611  -1.406 0.0000000000
46994  38.955  -27.399  -2.427 0.0000000000
46997  39.210  -27.906  -3.405 0.0000000000
47824  41.358  -27.248  2.078 0.0000000000
47825  40.557  -27.119  2.094 0.0000000000
47833  42.354  -26.827  1.278 0.0000000000
47834  41.692  -26.680  1.728 0.0000000000
47835  39.780  -26.999  1.684 0.0000000000
47842  43.016  -27.316  0.534 0.0000000000
47843  39.215  -26.616  -0.265 0.0000000000
47844  39.006  -27.210  -0.033 0.0000000000
47849  39.152  -26.364  -1.083 0.0000000000
47850  38.921  -27.062  -0.832 0.0000000000
47854  39.224  -26.180  -2.063 0.0000000000
47855  38.969  -26.882  -1.709 0.0000000000
47861  39.521  -27.104  -3.534 0.0000000000
48739  42.568  -25.912  0.830 0.0000000000
48740  40.780  -25.357  1.460 0.0000000000
48746  43.142  -26.654  0.157 0.0000000000
48747  40.196  -25.159  1.046 0.0000000000
48748  39.731  -25.494  0.492 0.0000000000
48752  43.530  -26.710  -0.611 0.0000000000
48753  39.405  -25.914  -0.332 0.0000000000
49589  42.106  -25.004  1.168 0.0000000000
49590  41.420  -24.746  1.290 0.0000000000
49591  40.647  -24.553  1.062 0.0000000000
49599  43.174  -24.467  0.160 0.0000000000
49600  42.569  -24.735  0.682 0.0000000000
49601  39.985  -24.653  0.274 0.0000000000
49602  39.565  -25.231  -0.315 0.0000000000
49606  44.136  -25.213  -1.484 0.0000000000
49607  43.585  -25.425  -0.604 0.0000000000
49608  40.017  -23.904  -0.414 0.0000000000
49609  39.594  -24.647  -0.839 0.0000000000
50423  42.001  -24.179  1.041 0.0000000000
50424  41.191  -23.925  0.983 0.0000000000
50434  43.200  -23.616  0.102 0.0000000000
50435  42.577  -23.642  0.552 0.0000000000
50436  41.724  -23.327  0.744 0.0000000000
50437  40.971  -23.211  0.580 0.0000000000
50446  44.090  -23.745  -1.111 0.0000000000
50447  43.634  -24.221  -0.493 0.0000000000
50448  40.428  -23.166  -0.007 0.0000000000
50449  39.726  -24.000  -1.472 0.0000000000
50454  40.059  -23.132  -1.096 0.0000000000
51262  42.910  -22.833  0.184 0.0000000000
51263  42.179  -22.626  0.454 0.0000000000
51264  41.409  -22.600  0.409 0.0000000000
51265  40.855  -22.659  0.222 0.0000000000
51276  43.256  -22.378  -0.259 0.0000000000
51277  42.577  -21.850  -0.019 0.0000000000
51278  40.552  -22.434  -0.364 0.0000000000
51285  44.464  -23.051  -1.742 0.0000000000
52131  41.754  -21.894  0.166 0.0000000000
52132  41.113  -22.059  0.059 0.0000000000
52156  44.245  -21.666  -1.612 0.0000000000
94695  36.445  -50.654  3.636 0.0000000000
94807  34.148  -59.204  6.861 0.0000000000
94861  36.699  -55.870  6.729 0.0000000000
94916  30.477  -60.156  2.910 0.0000000000
95262  32.183  -64.937  -0.723 0.0000000000
95385  42.406  -36.431  0.980 0.0000000000
95427  33.575  -40.563  1.790 0.0000000000
95492  30.382  -59.085  4.310 0.0000000000
95516  32.481  -63.874  -1.882 0.0000000000
95707  32.560  -41.746  6.537 0.0000000000
95718  30.131  -58.270  3.958 0.0000000000
95859  44.094  -36.616  1.116 0.0000000000
95886  30.510  -58.956  5.220 0.0000000000
95888  36.797  -56.533  6.497 0.0000000000
96186  40.978  -28.931  2.623 0.0000000000
96607  31.335  -49.263  5.381 0.0000000000
97027  35.263  -45.809  5.911 0.0000000000
97096  28.204  -43.820  3.077 0.0000000000
97192  32.466  -65.781  0.174 0.0000000000
97269  36.423  -55.160  6.756 0.0000000000
97454  30.567  -61.125  3.233 0.0000000000
97538  31.325  -49.986  5.101 0.0000000000
97550  40.973  -36.338  2.017 0.0000000000
97643  38.834  -39.747  2.716 0.0000000000
97676  31.181  -50.125  4.178 0.0000000000
97686  30.136  -44.775  5.460 0.0000000000
97753  32.386  -61.694  -1.880 0.0000000000
97779  35.998  -52.125  3.303 0.0000000000
97919  33.223  -48.925  6.920 0.0000000000
98008  32.356  -42.596  6.788 0.0000000000
98396  34.440  -53.031  5.256 0.0000000000
98531  32.637  -55.180  6.404 0.0000000000
98606  38.824  -54.683  6.432 0.0000000000
98663  30.802  -58.851  5.942 0.0000000000
98691  31.207  -60.812  0.145 0.0000000000
98823  34.187  -59.575  6.434 0.0000000000
98936  37.592  -43.641  1.558 0.0000000000
99186  30.678  -56.934  0.872 0.0000000000
99495  36.425  -45.114  3.001 0.0000000000
99516  35.946  -40.257  5.204 0.0000000000
100161  31.829  -55.062  6.311 0.0000000000
100165  33.251  -46.831  7.127 0.0000000000
100351  31.512  -54.284  6.035 0.0000000000
100425  39.507  -26.631  1.030 0.0000000000
100426  34.801  -55.014  6.734 0.0000000000
100470  29.608  -54.019  3.990 0.0000000000
100480  30.823  -57.737  0.780 0.0000000000
100485  35.220  -50.883  5.716 0.0000000000
100571  43.117  -25.573  0.180 0.0000000000
100582  31.946  -48.476  6.549 0.0000000000
100709  40.513  -23.866  0.499 0.0000000000
100724  32.688  -55.698  6.787 0.0000000000
100815  36.344  -45.945  2.702 0.0000000000
100953  32.996  -52.178  6.330 0.0000000000
100965  39.588  -26.198  -3.332 0.0000000000
101117  34.656  -45.887  6.572 0.0000000000
101598  32.427  -47.013  6.957 0.0000000000
101722  33.790  -49.009  6.865 0.0000000000
102222  35.151  -56.314  7.314 0.0000000000
102409  31.185  -52.061  5.646 0.0000000000
102753  33.328  -40.297  3.241 0.0000000000
102795  39.475  -26.231  0.448 0.0000000000
103057  30.715  -51.806  2.949 0.0000000000
103059  36.721  -47.372  1.561 0.0000000000
103090  31.281  -48.447  5.748 0.0000000000
103295  33.233  -40.347  4.831 0.0000000000
103359  31.810  -47.199  6.630 0.0000000000
103414  30.477  -46.142  5.497 0.0000000000
103547  34.712  -53.258  4.734 0.0000000000
103977  31.030  -53.122  1.144 0.0000000000
104103  29.510  -42.006  4.887 0.0000000000
104168  36.462  -48.503  4.040 0.0000000000
104258  30.176  -53.992  5.195 0.0000000000
104307  37.427  -36.723  -0.425 0.0000000000
104670  36.195  -44.991  3.840 0.0000000000
104899  32.534  -50.895  6.434 0.0000000000
104997  37.323  -53.994  6.366 0.0000000000
105005  37.382  -34.008  -1.657 0.0000000000
105065  32.006  -64.328  -0.443 0.0000000000
105331  30.976  -48.699  4.818 0.0000000000
105374  32.442  -54.391  6.152 0.0000000000
105486  31.817  -52.089  6.115 0.0000000000
105550  34.234  -48.041  6.787 0.0000000000
105565  33.987  -40.009  3.917 0.0000000000
105786  33.115  -54.192  5.990 0.0000000000
105815  40.937  -36.936  2.529 0.0000000000
105995  40.223  -37.044  2.561 0.0000000000
106025  31.742  -41.613  6.029 0.0000000000
106080  39.497  -24.740  -1.935 0.0000000000
106215  39.351  -25.502  -1.291 0.0000000000
106532  41.514  -36.383  -1.463 0.0000000000
106549  31.407  -63.682  1.481 0.0000000000
106612  34.142  -40.477  1.362 0.0000000000
106829  38.594  -29.449  -3.715 0.0000000000
106913  39.277  -30.909  1.813 0.0000000000
106991  37.931  -37.334  2.441 0.0000000000
106999  30.079  -57.551  2.670 0.0000000000
107006  36.063  -37.868  0.125 0.0000000000
107138  31.159  -49.414  3.676 0.0000000000
107259  33.382  -42.156  7.003 0.0000000000
107325  34.993  -41.862  6.568 0.0000000000
107353  43.507  -23.190  -0.346 0.0000000000
107505  36.499  -45.982  0.979 0.0000000000
107545  30.778  -59.134  1.169 0.0000000000
107598  40.919  -26.322  1.847 0.0000000000
107612  40.838  -38.757  2.727 0.0000000000
108153  30.564  -58.953  1.894 0.0000000000
108160  42.364  -36.549  1.740 0.0000000000
108240  38.544  -29.897  1.330 0.0000000000
108594  40.924  -36.111  -0.614 0.0000000000
108738  40.035  -26.034  1.333 0.0000000000
108792  39.232  -26.742  -2.571 0.0000000000
108952  43.764  -37.224  2.616 0.0000000000
108990  36.505  -46.714  2.122 0.0000000000
109316  30.515  -59.886  4.246 0.0000000000
109327  32.193  -64.142  -1.095 0.0000000000
109430  43.372  -21.645  -0.682 0.0000000000
109458  39.472  -25.462  -2.503 0.0000000000
109565  38.960  -36.317  1.921 0.0000000000
109753  37.625  -54.559  6.519 0.0000000000
109913  38.131  -29.269  0.330 0.0000000000
110013  32.016  -62.092  -1.289 0.0000000000
110082  43.866  -22.575  -0.862 0.0000000000
110104  39.643  -35.947  -2.638 0.0000000000
110281  32.898  -43.896  7.266 0.0000000000
110289  36.969  -32.835  -1.734 0.0000000000
110320  30.335  -58.873  3.520 0.0000000000
110323  36.641  -34.573  -3.125 0.0000000000
110767  30.921  -60.531  0.710 0.0000000000
111157  40.859  -30.200  2.874 0.0000000000
111773  32.254  -63.325  -1.428 0.0000000000
111803  36.325  -49.114  4.462 0.0000000000
111861  36.236  -45.556  3.441 0.0000000000
111892  30.720  -51.652  4.883 0.0000000000
111907  34.992  -53.723  3.654 0.0000000000
112141  29.858  -54.517  4.958 0.0000000000
112221  40.812  -39.398  2.467 0.0000000000
112227  31.201  -59.350  6.105 0.0000000000
112350  41.719  -25.769  1.461 0.0000000000
112418  35.955  -44.370  5.155 0.0000000000
112450  31.586  -58.941  -0.541 0.0000000000
112758  32.022  -42.088  6.448 0.0000000000
112767  31.186  -63.034  1.087 0.0000000000
112899  39.536  -34.644  -2.435 0.0000000000
112975  39.286  -26.808  0.387 0.0000000000
113044  39.703  -25.419  -3.490 0.0000000000
113168  40.324  -26.588  1.793 0.0000000000
113235  30.019  -40.797  4.425 0.0000000000
113585  37.477  -36.831  -2.056 0.0000000000
113892  29.916  -55.345  1.960 0.0000000000
114026  34.095  -52.830  5.700 0.0000000000
114032  31.353  -58.555  -0.055 0.0000000000
114356  31.624  -44.851  6.682 0.0000000000
114433  36.492  -42.907  5.210 0.0000000000
114689  35.319  -48.647  6.044 0.0000000000
114795  30.837  -43.822  6.187 0.0000000000
114934  33.957  -40.096  2.988 0.0000000000
115185  36.865  -49.260  3.066 0.0000000000
115247  32.520  -40.179  3.444 0.0000000000
115285  41.198  -36.035  0.446 0.0000000000
