# sub-08 hemi-L RWvsPER_scaled Cluster_24
30
36027 -52.487000 -58.200000 -19.091000 1
36038 -52.511000 -58.570000 -20.217000 1
37044 -52.576000 -57.573000 -20.277000 1
38051 -56.332000 -56.351000 -16.441000 1
38062 -52.646000 -56.738000 -18.177000 1
38074 -52.825000 -56.756000 -19.704000 1
38075 -53.250000 -56.158000 -18.941000 1
38084 -52.616000 -56.606000 -20.691000 1
38085 -53.245000 -56.065000 -20.391000 1
39064 -53.726000 -55.722000 -17.408000 1
39065 -54.572000 -55.595000 -17.307000 1
39066 -55.576000 -55.694000 -17.049000 1
39077 -53.623000 -55.766000 -18.304000 1
39078 -54.280000 -55.535000 -18.444000 1
39087 -53.821000 -55.633000 -19.457000 1
39088 -54.810000 -55.322000 -19.890000 1
39097 -53.820000 -55.367000 -20.685000 1
39098 -54.527000 -55.084000 -20.751000 1
39099 -55.306000 -55.076000 -20.377000 1
39104 -54.322000 -54.851000 -20.911000 1
39105 -54.866000 -54.856000 -20.691000 1
40100 -53.039000 -54.566000 -20.809000 1
40101 -53.759000 -54.600000 -20.915000 1
40102 -54.737000 -54.456000 -20.551000 1
40103 -55.458000 -54.750000 -20.383000 1
40107 -53.244000 -54.921000 -21.141000 1
41126 -55.657000 -54.274000 -20.133000 1
129112 -55.495000 -55.472000 -18.519000 1
132781 -52.595000 -57.384000 -19.040000 1
148169 -55.563000 -55.940000 -16.255000 1
