# sub-08 hemi-L RWvsPER_scaled Cluster_46
16
57557 -39.041000 -36.283000 -15.123000 1
58612 -37.709000 -35.172000 -16.134000 1
58613 -38.424000 -35.781000 -14.591000 1
58614 -39.229000 -35.966000 -14.185000 1
59535 -36.761000 -33.697000 -15.536000 1
60519 -36.524000 -32.856000 -15.580000 1
61519 -36.389000 -32.092000 -15.055000 1
61527 -36.163000 -32.063000 -16.158000 1
62548 -36.283000 -31.404000 -14.652000 1
128160 -36.139000 -30.735000 -14.356000 1
136573 -37.132000 -34.402000 -15.868000 1
137588 -38.391000 -35.859000 -15.603000 1
141206 -37.708000 -35.251000 -14.937000 1
142950 -36.148000 -31.512000 -15.582000 1
146635 -36.537000 -33.093000 -16.026000 1
149868 -38.037000 -35.591000 -15.249000 1
