# sub-08 hemi-R FacesvsAllnoFace_scaled Cluster_14
116
19856 28.111000 -72.174000 -7.911000 1
19857 27.276000 -72.269000 -7.576000 1
19858 26.312000 -72.386000 -7.470000 1
19866 28.850000 -72.001000 -8.536000 1
19867 27.731000 -72.912000 -7.979000 1
19875 29.334000 -72.195000 -9.411000 1
19876 28.767000 -72.831000 -9.046000 1
19886 29.536000 -72.331000 -10.265000 1
19896 29.865000 -71.692000 -10.748000 1
20905 27.722000 -71.531000 -7.578000 1
20906 26.857000 -71.553000 -7.469000 1
20907 25.997000 -71.564000 -7.534000 1
20908 25.229000 -71.487000 -7.849000 1
20909 24.862000 -72.186000 -7.814000 1
20916 29.124000 -71.239000 -8.194000 1
20917 28.501000 -71.476000 -7.855000 1
20935 30.193000 -71.158000 -10.347000 1
20936 29.867000 -71.632000 -9.871000 1
20952 30.191000 -70.962000 -11.120000 1
21940 29.117000 -70.052000 -7.627000 1
21941 28.320000 -70.349000 -7.517000 1
21942 27.449000 -70.742000 -7.476000 1
21943 26.474000 -70.841000 -7.550000 1
21944 25.792000 -70.952000 -7.733000 1
21953 30.287000 -69.868000 -8.491000 1
21954 29.610000 -70.517000 -8.185000 1
21955 28.842000 -70.792000 -7.753000 1
21956 25.391000 -70.662000 -8.180000 1
21957 24.873000 -71.124000 -8.441000 1
21968 30.162000 -70.560000 -8.866000 1
21969 25.015000 -70.424000 -9.034000 1
22963 29.943000 -68.985000 -7.696000 1
22964 29.314000 -69.262000 -7.512000 1
22965 28.522000 -69.574000 -7.439000 1
22966 27.194000 -69.223000 -7.569000 1
22967 26.324000 -69.266000 -8.047000 1
22968 26.021000 -70.239000 -7.847000 1
22979 30.363000 -69.104000 -8.123000 1
22980 29.827000 -69.656000 -7.873000 1
22981 25.633000 -69.834000 -8.517000 1
22986 30.758000 -69.204000 -8.842000 1
23976 30.352000 -68.295000 -7.747000 1
23977 29.577000 -68.474000 -7.400000 1
23978 27.622000 -68.511000 -7.428000 1
23979 26.838000 -68.458000 -7.791000 1
23993 31.114000 -67.973000 -8.751000 1
23994 30.791000 -68.490000 -8.429000 1
24009 31.096000 -68.482000 -9.180000 1
24964 29.386000 -67.041000 -6.843000 1
24965 28.457000 -67.107000 -6.838000 1
24982 30.571000 -67.361000 -7.622000 1
24983 29.916000 -67.665000 -7.238000 1
24984 29.032000 -67.825000 -7.068000 1
24985 28.075000 -67.837000 -7.149000 1
24986 27.215000 -67.738000 -7.498000 1
24999 30.883000 -67.769000 -8.175000 1
25000 26.561000 -67.651000 -7.981000 1
25011 31.220000 -67.718000 -9.407000 1
25955 30.371000 -66.169000 -6.970000 1
25956 29.723000 -66.301000 -6.650000 1
25957 28.822000 -66.388000 -6.517000 1
25970 30.838000 -66.454000 -7.584000 1
25971 30.201000 -66.853000 -7.080000 1
25972 27.555000 -67.062000 -7.089000 1
25973 26.811000 -66.965000 -7.534000 1
25984 31.186000 -67.318000 -8.703000 1
25985 31.237000 -66.414000 -8.553000 1
25995 31.239000 -66.885000 -9.449000 1
26005 31.012000 -66.496000 -10.171000 1
26947 30.748000 -65.592000 -7.212000 1
26948 30.131000 -65.601000 -6.584000 1
26949 29.240000 -65.662000 -6.280000 1
26950 28.292000 -65.694000 -6.286000 1
26951 27.444000 -65.632000 -6.541000 1
26978 31.200000 -65.625000 -7.964000 1
27004 30.748000 -65.771000 -10.440000 1
27951 29.420000 -64.263000 -5.808000 1
27952 28.619000 -64.124000 -5.684000 1
27962 30.567000 -64.793000 -6.728000 1
27963 29.744000 -64.958000 -6.151000 1
27964 28.680000 -64.903000 -5.933000 1
27965 27.752000 -64.284000 -5.911000 1
27966 27.107000 -64.817000 -6.438000 1
27973 31.070000 -64.899000 -7.567000 1
27981 31.084000 -64.186000 -8.715000 1
27994 30.796000 -64.197000 -9.587000 1
29108 30.530000 -63.083000 -6.395000 1
29109 30.030000 -63.581000 -5.858000 1
29110 29.107000 -63.545000 -5.545000 1
29111 28.197000 -63.519000 -5.619000 1
29121 30.585000 -63.889000 -6.555000 1
29122 30.128000 -64.325000 -6.138000 1
29128 30.896000 -63.290000 -7.182000 1
29136 31.007000 -63.555000 -8.143000 1
126015 25.707000 -68.887000 -8.939000 1
126803 26.845000 -70.020000 -7.559000 1
128115 28.334000 -72.688000 -8.425000 1
128362 31.008000 -64.132000 -7.323000 1
128559 27.725000 -69.865000 -7.449000 1
130514 31.035000 -67.085000 -8.058000 1
131137 27.935000 -69.176000 -7.393000 1
131474 30.761000 -63.470000 -9.168000 1
131865 30.909000 -65.076000 -9.812000 1
131935 30.743000 -62.593000 -7.955000 1
132459 30.704000 -62.920000 -8.721000 1
133402 31.174000 -66.009000 -9.553000 1
135346 25.465000 -72.196000 -7.570000 1
135753 31.248000 -64.877000 -8.333000 1
136079 31.271000 -65.456000 -8.856000 1
136144 27.817000 -65.086000 -6.158000 1
139266 27.900000 -66.388000 -6.638000 1
142502 29.658000 -71.323000 -8.911000 1
143085 31.161000 -64.744000 -9.062000 1
143518 31.198000 -64.328000 -7.997000 1
147064 28.604000 -68.681000 -7.292000 1
150947 28.183000 -70.992000 -7.564000 1
