# sub-08 hemi-L RWvsPER_scaled Cluster_22
89
33140 -41.617000 -61.354000 -18.589000 1
33141 -42.321000 -61.095000 -18.968000 1
34134 -42.554000 -60.307000 -17.915000 1
34141 -42.112000 -60.865000 -18.246000 1
34142 -42.863000 -60.569000 -18.683000 1
34151 -43.015000 -60.687000 -19.610000 1
35071 -42.410000 -59.223000 -16.968000 1
35083 -42.870000 -59.625000 -17.633000 1
35084 -43.649000 -59.245000 -18.059000 1
35097 -43.319000 -59.968000 -18.360000 1
35098 -44.159000 -59.559000 -18.870000 1
35112 -44.472000 -59.562000 -19.948000 1
36012 -43.879000 -58.336000 -17.759000 1
36013 -44.854000 -58.055000 -18.508000 1
36025 -44.498000 -58.845000 -18.590000 1
36048 -44.079000 -58.280000 -21.208000 1
37014 -43.520000 -57.500000 -17.161000 1
37027 -44.382000 -57.426000 -17.833000 1
37028 -45.331000 -57.262000 -18.587000 1
37041 -46.008000 -56.883000 -19.481000 1
37042 -46.112000 -57.178000 -19.960000 1
37050 -44.395000 -57.041000 -20.205000 1
37060 -43.916000 -57.580000 -20.414000 1
37061 -44.717000 -57.702000 -20.773000 1
37062 -45.056000 -57.987000 -21.066000 1
38031 -42.866000 -55.920000 -15.996000 1
38044 -42.614000 -56.862000 -16.059000 1
38045 -43.208000 -56.758000 -16.578000 1
38057 -43.936000 -56.671000 -17.277000 1
38058 -44.833000 -56.628000 -18.010000 1
38059 -45.437000 -55.990000 -18.361000 1
38071 -46.122000 -56.153000 -19.290000 1
38079 -43.782000 -56.354000 -19.616000 1
38080 -45.116000 -56.410000 -20.128000 1
38082 -46.136000 -56.472000 -19.888000 1
38089 -45.408000 -57.319000 -20.492000 1
39060 -43.767000 -55.141000 -16.738000 1
39061 -44.423000 -55.006000 -17.352000 1
39073 -44.420000 -55.799000 -17.453000 1
39074 -45.129000 -55.237000 -18.034000 1
39075 -46.048000 -55.428000 -18.886000 1
39084 -46.192000 -55.517000 -19.631000 1
39093 -44.374000 -55.517000 -19.675000 1
39094 -45.673000 -55.590000 -19.963000 1
39095 -46.106000 -55.586000 -19.780000 1
40079 -44.824000 -54.507000 -17.733000 1
40080 -45.650000 -54.680000 -18.526000 1
40089 -46.222000 -54.742000 -19.439000 1
40090 -46.461000 -53.904000 -19.837000 1
40094 -43.579000 -54.619000 -19.568000 1
40095 -44.828000 -54.720000 -19.909000 1
40096 -45.985000 -54.739000 -20.094000 1
40097 -46.279000 -54.564000 -19.880000 1
40098 -46.463000 -53.804000 -20.154000 1
40105 -45.212000 -54.022000 -20.343000 1
40106 -46.157000 -53.971000 -20.313000 1
41105 -45.265000 -54.060000 -18.182000 1
41115 -45.278000 -53.354000 -18.347000 1
41116 -46.017000 -54.048000 -18.941000 1
41123 -44.030000 -53.908000 -20.004000 1
41124 -46.579000 -53.262000 -19.981000 1
41128 -43.387000 -53.129000 -20.249000 1
41129 -44.465000 -53.299000 -20.588000 1
41132 -46.520000 -53.321000 -20.286000 1
42178 -44.699000 -52.533000 -18.163000 1
42182 -45.576000 -52.625000 -18.902000 1
42183 -46.315000 -52.710000 -19.742000 1
43219 -44.099000 -51.780000 -18.023000 1
43222 -44.351000 -51.076000 -18.608000 1
43223 -44.937000 -51.848000 -18.695000 1
43224 -45.724000 -51.972000 -19.483000 1
43228 -46.300000 -52.118000 -20.278000 1
44199 -43.240000 -50.255000 -17.992000 1
44203 -43.884000 -50.343000 -18.520000 1
44204 -44.616000 -50.352000 -19.167000 1
44208 -45.407000 -50.512000 -19.963000 1
45100 -42.986000 -49.494000 -17.850000 1
45105 -43.590000 -49.626000 -18.399000 1
45106 -44.186000 -49.734000 -18.901000 1
45943 -42.842000 -48.670000 -17.634000 1
45944 -43.426000 -48.881000 -18.234000 1
125147 -43.656000 -60.166000 -19.220000 1
127591 -43.555000 -55.956000 -16.716000 1
129076 -45.181000 -51.164000 -19.306000 1
137083 -46.149000 -53.357000 -19.339000 1
138769 -45.671000 -57.734000 -19.423000 1
139738 -43.404000 -48.063000 -18.013000 1
145361 -45.672000 -56.610000 -18.708000 1
148784 -43.332000 -55.504000 -16.363000 1
