# sub-08 hemi-L FacesvsAllnoFace_scaled Cluster_15
16
25586 -40.759000 -68.328000 -6.756000 1
25597 -40.821000 -68.335000 -7.673000 1
25598 -41.345000 -68.754000 -7.141000 1
26525 -40.483000 -67.780000 -6.351000 1
26537 -40.456000 -67.510000 -7.170000 1
27505 -40.337000 -66.985000 -6.283000 1
27517 -40.374000 -66.357000 -7.055000 1
28598 -40.354000 -66.027000 -6.167000 1
28620 -40.614000 -65.534000 -7.365000 1
28621 -40.992000 -64.961000 -7.589000 1
28636 -40.842000 -65.475000 -8.071000 1
29746 -41.532000 -64.398000 -7.248000 1
29762 -41.520000 -64.805000 -8.224000 1
128421 -42.136000 -64.281000 -7.863000 1
131226 -42.099000 -69.045000 -7.377000 1
136495 -40.487000 -66.059000 -7.769000 1
