# sub-08 hemi-L RWvsFF_scaled Cluster_32
26
46779 -49.037000 -48.284000 -14.514000 1
46789 -49.534000 -48.191000 -15.130000 1
46796 -49.770000 -48.135000 -15.896000 1
46797 -50.512000 -48.146000 -16.291000 1
46804 -50.198000 -48.120000 -16.522000 1
46805 -50.707000 -48.245000 -16.931000 1
46806 -52.562000 -47.619000 -17.246000 1
46811 -50.613000 -48.112000 -17.141000 1
46812 -51.008000 -48.261000 -17.581000 1
46813 -51.712000 -48.230000 -17.961000 1
46814 -52.692000 -47.945000 -18.256000 1
46819 -50.893000 -48.048000 -17.772000 1
46820 -51.438000 -48.035000 -18.358000 1
46821 -52.091000 -48.167000 -18.843000 1
46830 -51.925000 -47.904000 -19.390000 1
46838 -52.263000 -47.532000 -20.379000 1
47709 -50.271000 -47.663000 -16.772000 1
47719 -50.693000 -47.467000 -17.554000 1
47720 -53.582000 -47.255000 -17.580000 1
47731 -51.095000 -47.387000 -18.332000 1
47732 -51.480000 -47.316000 -19.216000 1
47744 -51.804000 -47.257000 -20.009000 1
48696 -51.183000 -46.290000 -19.050000 1
48704 -51.423000 -46.311000 -20.187000 1
125626 -50.908000 -45.413000 -19.792000 1
146590 -51.476000 -48.161000 -17.189000 1
