# sub-08 hemi-R RWvsPER_scaled Cluster_7
71
12839 31.879000 -79.291000 -14.880000 1
12855 33.574000 -79.146000 -16.402000 1
12856 32.343000 -79.472000 -15.820000 1
12857 31.448000 -79.693000 -15.422000 1
12858 30.625000 -79.885000 -15.599000 1
12859 29.318000 -79.785000 -15.814000 1
12873 33.932000 -79.184000 -17.683000 1
12874 32.694000 -79.313000 -16.917000 1
12875 31.802000 -79.295000 -17.378000 1
12876 30.619000 -79.588000 -16.749000 1
12877 29.574000 -79.562000 -16.667000 1
12878 28.696000 -79.440000 -16.461000 1
12890 33.036000 -78.956000 -18.336000 1
12891 31.979000 -78.818000 -18.474000 1
12892 30.984000 -79.016000 -18.028000 1
12893 29.923000 -79.160000 -17.691000 1
12894 28.957000 -79.084000 -17.462000 1
12895 28.066000 -79.004000 -17.192000 1
13882 33.608000 -78.384000 -15.140000 1
13883 32.649000 -78.581000 -14.740000 1
13884 31.836000 -78.596000 -14.153000 1
13900 34.153000 -78.744000 -15.897000 1
13901 33.008000 -78.961000 -15.429000 1
13932 28.298000 -78.482000 -18.355000 1
13933 27.367000 -78.508000 -17.861000 1
14977 34.129000 -77.669000 -14.972000 1
14978 33.166000 -77.785000 -14.601000 1
14979 31.874000 -77.581000 -13.854000 1
14992 35.159000 -77.521000 -15.399000 1
14993 34.620000 -78.194000 -15.564000 1
15951 31.396000 -77.026000 -13.567000 1
15962 34.626000 -76.799000 -14.996000 1
15963 33.571000 -76.859000 -14.655000 1
15964 32.554000 -76.956000 -14.287000 1
15965 31.784000 -76.558000 -13.982000 1
15966 31.097000 -76.251000 -13.709000 1
15975 34.042000 -75.874000 -14.849000 1
16892 32.959000 -76.066000 -14.583000 1
16893 32.297000 -75.431000 -14.645000 1
16894 30.518000 -75.371000 -13.967000 1
16909 33.124000 -75.213000 -14.908000 1
16910 32.338000 -74.703000 -15.100000 1
17853 30.905000 -74.796000 -14.672000 1
17854 30.014000 -74.564000 -14.526000 1
17874 33.192000 -74.332000 -15.364000 1
17875 32.274000 -73.992000 -15.621000 1
17876 31.416000 -74.255000 -15.321000 1
17877 30.329000 -74.074000 -15.236000 1
17878 29.466000 -73.910000 -15.012000 1
18861 28.711000 -73.627000 -13.829000 1
18871 28.957000 -73.336000 -15.333000 1
18872 28.792000 -73.466000 -14.640000 1
19921 28.499000 -72.167000 -15.129000 1
19929 28.425000 -72.028000 -16.017000 1
131790 31.552000 -79.644000 -16.262000 1
132271 30.930000 -79.763000 -14.750000 1
132544 33.885000 -74.973000 -15.045000 1
132649 30.084000 -79.974000 -14.797000 1
133185 32.203000 -76.105000 -14.334000 1
133365 28.638000 -72.787000 -15.352000 1
133927 27.355000 -78.820000 -16.874000 1
134488 31.491000 -75.613000 -14.280000 1
137696 28.610000 -72.934000 -14.410000 1
137820 31.693000 -74.943000 -14.762000 1
139562 31.158000 -78.726000 -13.618000 1
144745 32.433000 -77.919000 -14.265000 1
145401 31.101000 -79.317000 -14.120000 1
146497 29.994000 -79.882000 -16.024000 1
146606 29.025000 -73.839000 -14.703000 1
147309 29.864000 -79.954000 -15.411000 1
148169 31.569000 -78.216000 -13.712000 1
