#!ascii label  , from subject sub-07 vox2ras=TkReg aparc.a2009s=S_occipital_ant
624
19618  44.528  -60.714  15.159 0.0000000000
20622  45.805  -60.753  14.331 0.0000000000
20623  42.981  -60.128  15.488 0.0000000000
20637  45.253  -60.047  13.795 0.0000000000
20638  44.525  -60.123  14.349 0.0000000000
20650  46.531  -59.914  12.805 0.0000000000
20651  45.719  -59.656  13.013 0.0000000000
20670  46.880  -59.689  12.107 0.0000000000
20759  47.703  -60.004  3.901 0.0000000000
20764  48.134  -60.444  3.061 0.0000000000
20765  47.064  -59.954  3.461 0.0000000000
20766  46.261  -59.917  3.018 0.0000000000
20770  48.186  -60.425  2.027 0.0000000000
20771  47.163  -60.243  2.524 0.0000000000
20772  46.255  -60.047  2.099 0.0000000000
20777  48.322  -60.253  1.272 0.0000000000
20778  47.301  -60.108  1.479 0.0000000000
20786  47.971  -59.946  0.696 0.0000000000
21647  43.199  -59.675  14.596 0.0000000000
21659  44.916  -59.459  13.170 0.0000000000
21660  44.129  -59.335  13.351 0.0000000000
21661  43.216  -59.249  13.684 0.0000000000
21672  46.076  -59.429  12.280 0.0000000000
21673  45.281  -59.193  12.460 0.0000000000
21674  44.471  -59.036  12.635 0.0000000000
21675  43.632  -58.956  12.814 0.0000000000
21676  42.815  -58.819  12.930 0.0000000000
21690  47.219  -59.567  11.386 0.0000000000
21691  46.392  -59.342  11.540 0.0000000000
21692  45.597  -59.075  11.712 0.0000000000
21693  44.783  -58.850  11.877 0.0000000000
21694  43.949  -58.731  12.039 0.0000000000
21704  47.624  -59.413  10.601 0.0000000000
21705  46.729  -59.303  10.733 0.0000000000
21706  45.895  -59.066  10.917 0.0000000000
21707  45.061  -58.859  11.070 0.0000000000
21721  47.128  -59.111  9.834 0.0000000000
21722  46.205  -59.045  10.007 0.0000000000
21784  48.003  -59.512  4.491 0.0000000000
21785  47.064  -59.230  4.109 0.0000000000
21786  46.190  -58.805  3.838 0.0000000000
21791  46.425  -59.445  3.607 0.0000000000
21792  45.705  -59.308  3.372 0.0000000000
21793  44.891  -59.159  3.101 0.0000000000
21794  44.123  -58.902  2.845 0.0000000000
21798  45.441  -59.668  2.648 0.0000000000
21799  44.571  -59.387  2.384 0.0000000000
21800  43.743  -59.068  2.209 0.0000000000
21803  46.355  -59.819  1.296 0.0000000000
21804  45.362  -59.671  1.649 0.0000000000
21805  44.298  -59.334  1.622 0.0000000000
21806  43.512  -58.933  1.559 0.0000000000
21813  48.590  -59.815  0.074 0.0000000000
21814  46.960  -59.668  0.679 0.0000000000
21815  45.499  -59.066  0.098 0.0000000000
21816  44.092  -59.005  0.865 0.0000000000
21827  47.490  -59.136  -0.628 0.0000000000
21828  46.560  -59.214  -0.100 0.0000000000
21840  48.369  -59.169  -1.066 0.0000000000
22674  43.113  -58.660  12.195 0.0000000000
22675  42.453  -58.587  12.353 0.0000000000
22676  41.815  -58.425  12.189 0.0000000000
22687  44.212  -58.683  11.215 0.0000000000
22688  43.353  -58.570  11.374 0.0000000000
22689  42.422  -58.480  11.554 0.0000000000
22690  41.504  -58.308  11.412 0.0000000000
22695  45.334  -58.866  10.190 0.0000000000
22696  44.480  -58.640  10.363 0.0000000000
22697  43.645  -58.490  10.523 0.0000000000
22698  42.804  -58.407  10.638 0.0000000000
22699  41.961  -58.298  10.684 0.0000000000
22709  47.592  -58.662  8.998 0.0000000000
22710  46.616  -58.673  9.121 0.0000000000
22711  45.681  -58.600  9.301 0.0000000000
22712  44.776  -58.463  9.483 0.0000000000
22713  43.937  -58.320  9.713 0.0000000000
22714  43.152  -58.244  9.872 0.0000000000
22715  42.358  -58.137  9.937 0.0000000000
22729  47.110  -58.034  8.428 0.0000000000
22730  46.135  -58.073  8.558 0.0000000000
22731  45.192  -58.034  8.695 0.0000000000
22732  44.203  -57.912  8.858 0.0000000000
22770  47.478  -57.300  4.689 0.0000000000
22790  47.680  -58.413  4.597 0.0000000000
22791  46.802  -58.166  4.275 0.0000000000
22792  45.971  -57.922  3.990 0.0000000000
22793  45.143  -57.750  3.781 0.0000000000
22796  45.382  -58.603  3.589 0.0000000000
22797  44.576  -58.432  3.376 0.0000000000
22798  43.791  -58.264  3.174 0.0000000000
22799  43.037  -58.090  2.804 0.0000000000
22803  42.936  -58.578  2.051 0.0000000000
22804  42.329  -57.891  2.360 0.0000000000
22805  41.744  -57.628  1.886 0.0000000000
22808  42.292  -58.105  1.791 0.0000000000
22816  44.659  -58.879  0.203 0.0000000000
22817  43.283  -58.599  0.852 0.0000000000
22818  42.648  -58.082  0.557 0.0000000000
22826  47.536  -58.678  -1.339 0.0000000000
22827  46.680  -58.714  -0.889 0.0000000000
22828  45.794  -58.692  -0.576 0.0000000000
22829  44.338  -58.421  -0.323 0.0000000000
22830  43.400  -58.160  -0.082 0.0000000000
22831  42.711  -57.727  -0.110 0.0000000000
22842  48.542  -58.695  -1.915 0.0000000000
22843  46.778  -58.331  -1.500 0.0000000000
22844  45.973  -58.285  -1.272 0.0000000000
22845  44.974  -58.201  -0.974 0.0000000000
22860  48.330  -58.152  -2.601 0.0000000000
22861  47.427  -58.111  -2.125 0.0000000000
22874  48.690  -57.914  -3.276 0.0000000000
23780  41.177  -58.105  10.613 0.0000000000
23781  40.424  -57.810  10.623 0.0000000000
23782  39.777  -57.514  10.687 0.0000000000
23783  39.224  -57.303  11.142 0.0000000000
23792  43.398  -57.501  8.731 0.0000000000
23793  42.802  -57.823  9.283 0.0000000000
23794  41.925  -57.584  9.314 0.0000000000
23795  40.974  -57.590  9.780 0.0000000000
23796  40.073  -57.329  9.946 0.0000000000
23806  47.631  -57.243  7.798 0.0000000000
23807  46.662  -57.362  7.960 0.0000000000
23808  45.731  -57.395  8.071 0.0000000000
23809  44.827  -57.295  8.195 0.0000000000
23822  46.303  -56.684  7.492 0.0000000000
23823  45.433  -56.612  7.587 0.0000000000
23824  44.482  -56.394  7.684 0.0000000000
23825  43.390  -56.585  8.137 0.0000000000
23847  47.945  -56.678  5.341 0.0000000000
23848  47.168  -56.445  5.039 0.0000000000
23864  46.624  -57.113  4.412 0.0000000000
23865  45.771  -56.949  4.207 0.0000000000
23866  44.906  -56.805  4.036 0.0000000000
23867  44.019  -56.707  3.873 0.0000000000
23868  43.091  -56.645  3.723 0.0000000000
23872  44.302  -57.616  3.605 0.0000000000
23873  43.430  -57.500  3.410 0.0000000000
23874  42.461  -57.337  3.132 0.0000000000
23875  41.786  -56.876  3.136 0.0000000000
23880  41.737  -57.288  2.550 0.0000000000
23881  41.106  -57.006  2.027 0.0000000000
23887  42.000  -57.809  1.144 0.0000000000
23888  41.371  -57.261  1.331 0.0000000000
23895  42.117  -57.529  0.282 0.0000000000
23896  41.595  -57.291  0.694 0.0000000000
23904  43.941  -57.856  -0.872 0.0000000000
23905  43.101  -57.536  -0.718 0.0000000000
23906  42.348  -57.227  -0.484 0.0000000000
23907  41.589  -56.851  -0.046 0.0000000000
23915  46.332  -57.864  -1.933 0.0000000000
23916  45.356  -57.734  -1.736 0.0000000000
23917  44.394  -57.515  -1.569 0.0000000000
23918  43.508  -57.221  -1.416 0.0000000000
23919  42.710  -56.932  -1.200 0.0000000000
23928  47.767  -57.589  -2.949 0.0000000000
23929  46.755  -57.459  -2.648 0.0000000000
23930  45.736  -57.302  -2.436 0.0000000000
23931  44.789  -57.124  -2.253 0.0000000000
23932  43.909  -56.870  -2.088 0.0000000000
23943  48.995  -57.823  -4.051 0.0000000000
23944  48.067  -57.243  -3.829 0.0000000000
23945  47.123  -57.045  -3.378 0.0000000000
23955  49.131  -58.024  -4.892 0.0000000000
23956  48.465  -57.327  -4.640 0.0000000000
23965  48.637  -57.589  -5.383 0.0000000000
24869  39.354  -57.038  10.242 0.0000000000
24870  38.632  -56.735  10.658 0.0000000000
24880  41.308  -57.013  9.011 0.0000000000
24881  40.542  -56.869  9.238 0.0000000000
24882  39.740  -56.612  9.444 0.0000000000
24883  38.937  -56.339  9.754 0.0000000000
24891  41.640  -56.401  8.525 0.0000000000
24892  40.343  -56.035  8.710 0.0000000000
24898  47.467  -56.152  6.546 0.0000000000
24899  46.074  -55.955  6.999 0.0000000000
24900  45.255  -55.771  7.058 0.0000000000
24901  43.876  -55.602  7.425 0.0000000000
24902  42.936  -55.658  7.733 0.0000000000
24903  42.043  -55.666  8.061 0.0000000000
24916  47.439  -56.118  5.790 0.0000000000
24917  46.669  -55.751  6.277 0.0000000000
24918  45.738  -55.428  6.411 0.0000000000
24919  45.004  -55.167  6.561 0.0000000000
24920  44.314  -54.991  6.728 0.0000000000
24928  46.767  -55.932  5.509 0.0000000000
24929  45.983  -55.528  5.580 0.0000000000
24930  45.145  -55.308  5.268 0.0000000000
24950  46.370  -56.212  4.828 0.0000000000
24951  45.514  -56.008  4.646 0.0000000000
24952  44.622  -55.799  4.508 0.0000000000
24953  43.685  -55.861  4.260 0.0000000000
24954  42.804  -55.814  4.120 0.0000000000
24955  42.023  -55.722  3.987 0.0000000000
24957  42.242  -56.483  3.609 0.0000000000
24958  41.481  -56.234  3.471 0.0000000000
24959  40.898  -56.182  3.041 0.0000000000
24962  41.236  -56.714  2.781 0.0000000000
24963  40.715  -56.348  2.402 0.0000000000
24970  40.919  -56.774  1.372 0.0000000000
24971  40.603  -56.397  1.726 0.0000000000
24979  41.112  -56.809  0.739 0.0000000000
24980  40.921  -56.185  0.151 0.0000000000
24991  41.976  -56.580  -0.938 0.0000000000
24992  41.352  -56.053  -0.629 0.0000000000
24998  43.044  -56.498  -1.919 0.0000000000
24999  42.373  -56.342  -1.535 0.0000000000
25000  41.766  -55.759  -1.456 0.0000000000
25007  46.151  -56.877  -3.112 0.0000000000
25008  45.196  -56.709  -2.902 0.0000000000
25009  44.313  -56.507  -2.719 0.0000000000
25010  43.534  -56.228  -2.554 0.0000000000
25011  42.414  -55.845  -2.061 0.0000000000
25022  47.310  -56.725  -3.989 0.0000000000
25023  46.551  -56.509  -3.781 0.0000000000
25024  45.609  -56.300  -3.568 0.0000000000
25025  44.707  -56.132  -3.336 0.0000000000
25026  43.915  -55.920  -3.134 0.0000000000
25037  47.698  -56.752  -4.570 0.0000000000
25038  46.911  -56.267  -4.447 0.0000000000
25039  46.073  -55.920  -4.232 0.0000000000
25049  47.989  -56.955  -5.326 0.0000000000
25050  47.193  -56.198  -5.249 0.0000000000
25058  47.472  -56.585  -6.089 0.0000000000
25811  38.156  -56.022  10.135 0.0000000000
25821  39.420  -55.792  9.017 0.0000000000
25822  38.588  -55.542  9.360 0.0000000000
25823  37.813  -55.241  9.719 0.0000000000
25828  41.205  -55.816  8.322 0.0000000000
25829  40.722  -55.384  8.154 0.0000000000
25830  39.915  -55.188  8.283 0.0000000000
25831  39.031  -55.026  8.668 0.0000000000
25835  43.410  -54.796  6.927 0.0000000000
25836  42.449  -54.959  7.392 0.0000000000
25837  41.493  -55.075  7.714 0.0000000000
25838  40.601  -54.880  7.683 0.0000000000
25839  39.899  -54.664  7.667 0.0000000000
25850  45.248  -55.035  6.009 0.0000000000
25851  44.670  -54.878  6.246 0.0000000000
25852  44.052  -54.617  6.196 0.0000000000
25853  43.280  -54.282  6.065 0.0000000000
25854  41.998  -54.502  6.982 0.0000000000
25860  44.576  -54.875  5.656 0.0000000000
25861  43.756  -54.661  5.475 0.0000000000
25862  42.932  -54.510  5.270 0.0000000000
25863  42.086  -54.476  5.023 0.0000000000
25881  44.145  -55.164  4.901 0.0000000000
25882  43.324  -55.101  4.704 0.0000000000
25883  42.480  -55.075  4.565 0.0000000000
25884  41.596  -55.121  4.310 0.0000000000
25885  40.785  -54.924  4.062 0.0000000000
25886  39.536  -54.249  4.113 0.0000000000
25889  40.964  -55.613  3.621 0.0000000000
25890  40.349  -55.718  2.838 0.0000000000
25891  39.841  -55.083  3.021 0.0000000000
25893  40.207  -55.911  2.045 0.0000000000
25894  39.786  -55.324  2.281 0.0000000000
25900  40.270  -55.924  1.460 0.0000000000
25901  39.880  -55.428  1.540 0.0000000000
25908  40.129  -55.604  1.004 0.0000000000
25922  41.196  -55.373  -1.009 0.0000000000
25923  40.794  -55.449  -0.387 0.0000000000
25932  41.919  -55.119  -2.218 0.0000000000
25933  41.335  -54.852  -1.603 0.0000000000
25942  42.905  -54.934  -3.269 0.0000000000
25943  42.590  -55.338  -2.646 0.0000000000
25953  45.052  -55.639  -4.013 0.0000000000
25954  44.291  -55.622  -3.608 0.0000000000
25955  43.630  -55.298  -3.512 0.0000000000
25965  45.677  -55.266  -4.660 0.0000000000
25966  44.243  -55.094  -4.042 0.0000000000
25979  46.485  -55.647  -4.903 0.0000000000
25980  46.064  -54.924  -5.375 0.0000000000
25992  46.474  -55.042  -6.062 0.0000000000
26790  38.270  -54.760  9.029 0.0000000000
26791  37.565  -54.443  9.411 0.0000000000
26794  39.325  -54.541  8.049 0.0000000000
26795  38.641  -54.317  8.387 0.0000000000
26796  37.979  -53.991  8.755 0.0000000000
26797  41.191  -54.545  7.041 0.0000000000
26798  40.282  -54.429  7.041 0.0000000000
26799  39.381  -54.160  7.249 0.0000000000
26800  38.711  -53.623  7.303 0.0000000000
26810  42.418  -54.151  5.878 0.0000000000
26811  40.874  -54.242  6.281 0.0000000000
26812  39.008  -53.641  6.545 0.0000000000
26820  41.532  -54.219  5.597 0.0000000000
26821  40.579  -54.220  5.390 0.0000000000
26822  39.698  -54.001  5.049 0.0000000000
26839  41.200  -54.520  4.787 0.0000000000
26842  39.375  -54.491  3.281 0.0000000000
26847  39.352  -54.702  2.504 0.0000000000
26852  39.439  -54.785  1.724 0.0000000000
26860  40.275  -54.752  -0.187 0.0000000000
26861  39.763  -54.777  0.755 0.0000000000
26876  39.847  -54.098  -0.017 0.0000000000
26887  40.930  -53.970  -1.552 0.0000000000
26888  40.780  -54.715  -0.932 0.0000000000
26898  41.578  -54.108  -2.338 0.0000000000
26906  42.628  -54.130  -3.444 0.0000000000
26918  45.294  -54.566  -4.947 0.0000000000
26919  44.357  -54.343  -4.536 0.0000000000
26933  45.624  -54.100  -5.559 0.0000000000
26934  44.939  -53.775  -5.102 0.0000000000
26948  46.137  -54.382  -6.050 0.0000000000
26949  45.947  -53.615  -6.126 0.0000000000
27778  38.307  -53.557  8.041 0.0000000000
27779  37.668  -53.263  8.539 0.0000000000
27782  37.862  -52.873  8.012 0.0000000000
27791  38.596  -53.230  6.779 0.0000000000
27797  39.090  -53.536  5.564 0.0000000000
27816  39.096  -53.695  4.562 0.0000000000
27817  38.714  -53.154  4.863 0.0000000000
27820  38.893  -53.794  3.601 0.0000000000
27821  38.721  -53.276  4.182 0.0000000000
27826  38.924  -54.075  2.680 0.0000000000
27827  38.669  -53.246  2.740 0.0000000000
27835  38.817  -53.598  1.945 0.0000000000
27836  38.691  -52.710  1.967 0.0000000000
27845  39.462  -53.705  0.525 0.0000000000
27858  39.779  -53.282  -0.226 0.0000000000
27866  40.640  -53.097  -1.447 0.0000000000
27875  41.722  -53.136  -2.779 0.0000000000
27876  41.150  -53.174  -2.108 0.0000000000
27888  43.037  -53.628  -3.934 0.0000000000
27889  42.393  -53.175  -3.434 0.0000000000
27901  44.188  -53.447  -4.688 0.0000000000
27902  43.467  -53.135  -4.332 0.0000000000
27915  45.411  -53.244  -5.611 0.0000000000
27930  46.289  -53.217  -6.733 0.0000000000
28843  38.235  -52.890  7.348 0.0000000000
28844  37.757  -52.193  7.728 0.0000000000
28850  38.410  -52.602  6.566 0.0000000000
28858  38.526  -52.413  5.830 0.0000000000
28873  38.571  -52.373  5.068 0.0000000000
28881  38.574  -52.516  4.295 0.0000000000
28889  38.621  -52.315  2.761 0.0000000000
28898  39.012  -53.042  1.085 0.0000000000
28903  49.445  -53.641  0.768 0.0000000000
28908  45.743  -52.805  0.868 0.0000000000
28909  39.422  -52.893  0.280 0.0000000000
28927  50.851  -53.202  -0.194 0.0000000000
28928  49.985  -53.129  -0.046 0.0000000000
28929  49.114  -53.158  0.104 0.0000000000
28930  48.182  -53.245  0.325 0.0000000000
28931  47.241  -53.177  0.501 0.0000000000
28932  46.373  -53.026  0.660 0.0000000000
28933  40.198  -52.050  -0.958 0.0000000000
28934  39.772  -52.262  -0.325 0.0000000000
28949  51.338  -52.439  -1.227 0.0000000000
28950  40.915  -52.480  -1.867 0.0000000000
28951  40.546  -52.280  -1.397 0.0000000000
28965  51.859  -52.196  -2.036 0.0000000000
28966  42.018  -52.298  -3.107 0.0000000000
28967  41.425  -52.219  -2.434 0.0000000000
28979  51.895  -52.425  -3.768 0.0000000000
28980  43.280  -52.315  -4.198 0.0000000000
28981  42.646  -52.249  -3.655 0.0000000000
28990  51.627  -52.601  -4.558 0.0000000000
28991  44.713  -52.897  -5.137 0.0000000000
28992  43.994  -52.588  -4.647 0.0000000000
29003  51.418  -52.754  -5.421 0.0000000000
29004  45.296  -52.259  -5.537 0.0000000000
29010  51.295  -52.850  -6.270 0.0000000000
29011  50.734  -52.306  -6.675 0.0000000000
29012  46.476  -52.346  -6.723 0.0000000000
29013  45.906  -52.779  -6.141 0.0000000000
29017  51.223  -52.957  -7.144 0.0000000000
29933  38.177  -51.159  6.753 0.0000000000
29942  38.382  -51.774  6.276 0.0000000000
29965  38.612  -51.607  4.553 0.0000000000
29973  38.614  -51.751  3.596 0.0000000000
29978  38.744  -51.449  2.668 0.0000000000
29988  39.011  -51.180  1.773 0.0000000000
29989  38.915  -52.060  1.336 0.0000000000
29996  45.242  -52.290  1.034 0.0000000000
29997  44.674  -51.605  0.539 0.0000000000
29998  39.338  -51.294  0.812 0.0000000000
30015  49.739  -52.239  -0.873 0.0000000000
30016  48.701  -52.396  -0.612 0.0000000000
30017  47.696  -52.535  -0.442 0.0000000000
30018  46.686  -52.578  -0.222 0.0000000000
30019  45.313  -52.293  0.558 0.0000000000
30020  40.243  -51.358  -0.687 0.0000000000
30021  39.714  -51.374  0.014 0.0000000000
30030  51.189  -51.783  -2.186 0.0000000000
30031  50.549  -51.886  -1.518 0.0000000000
30032  49.161  -51.540  -1.485 0.0000000000
30033  48.227  -51.593  -1.293 0.0000000000
30034  47.221  -51.620  -1.103 0.0000000000
30035  46.148  -51.682  -0.815 0.0000000000
30036  41.006  -51.660  -1.772 0.0000000000
30048  51.776  -52.025  -2.946 0.0000000000
30049  50.070  -51.115  -3.136 0.0000000000
30050  49.525  -51.057  -2.418 0.0000000000
30051  42.250  -51.014  -2.607 0.0000000000
30052  41.640  -51.296  -2.248 0.0000000000
30062  51.136  -51.973  -3.974 0.0000000000
30063  50.365  -51.354  -3.887 0.0000000000
30064  43.177  -51.359  -3.778 0.0000000000
30065  42.435  -51.512  -3.195 0.0000000000
30074  50.969  -52.242  -4.953 0.0000000000
30075  50.490  -51.664  -4.696 0.0000000000
30076  44.461  -51.179  -4.753 0.0000000000
30077  43.846  -51.689  -4.470 0.0000000000
30086  50.841  -52.314  -5.795 0.0000000000
30087  50.518  -51.879  -5.391 0.0000000000
30088  45.548  -51.341  -5.523 0.0000000000
30089  44.962  -51.516  -5.209 0.0000000000
30094  50.233  -51.697  -6.172 0.0000000000
30095  49.586  -51.210  -6.772 0.0000000000
30096  47.311  -51.126  -6.788 0.0000000000
30097  46.641  -51.478  -6.454 0.0000000000
30098  45.985  -51.904  -6.072 0.0000000000
31000  39.210  -50.026  5.138 0.0000000000
31001  38.550  -50.931  6.060 0.0000000000
31016  38.826  -50.790  4.859 0.0000000000
31023  39.202  -50.090  3.779 0.0000000000
31024  38.853  -50.818  3.260 0.0000000000
31030  38.985  -50.771  2.507 0.0000000000
31043  44.425  -50.829  1.258 0.0000000000
31044  39.497  -50.462  1.133 0.0000000000
31051  44.759  -51.627  1.091 0.0000000000
31052  44.159  -50.962  0.808 0.0000000000
31053  43.382  -50.329  0.383 0.0000000000
31054  40.409  -50.141  0.031 0.0000000000
31055  39.828  -50.593  0.359 0.0000000000
31067  44.306  -50.921  -0.470 0.0000000000
31068  43.837  -50.752  0.085 0.0000000000
31069  43.009  -50.240  -0.596 0.0000000000
31070  42.146  -50.146  -0.806 0.0000000000
31071  41.375  -50.402  -0.903 0.0000000000
31072  40.668  -50.560  -0.584 0.0000000000
31073  40.144  -50.767  -0.226 0.0000000000
31084  48.647  -50.893  -2.100 0.0000000000
31085  47.743  -50.791  -1.896 0.0000000000
31086  46.682  -50.626  -1.791 0.0000000000
31087  45.602  -50.740  -1.436 0.0000000000
31088  44.801  -50.706  -1.181 0.0000000000
31089  44.167  -50.380  -1.469 0.0000000000
31090  43.364  -50.335  -1.663 0.0000000000
31091  42.507  -50.376  -1.445 0.0000000000
31092  41.439  -50.883  -1.627 0.0000000000
31093  40.835  -51.035  -1.204 0.0000000000
31105  49.420  -50.731  -3.224 0.0000000000
31106  48.840  -50.522  -2.919 0.0000000000
31107  48.103  -50.337  -2.675 0.0000000000
31108  47.304  -50.120  -2.530 0.0000000000
31109  45.929  -49.991  -2.262 0.0000000000
31110  44.985  -50.066  -2.099 0.0000000000
31111  44.152  -50.108  -2.387 0.0000000000
31112  43.484  -50.310  -2.637 0.0000000000
31113  42.747  -50.511  -2.239 0.0000000000
31114  42.040  -50.681  -1.976 0.0000000000
31124  49.646  -50.841  -3.879 0.0000000000
31125  48.864  -50.295  -3.816 0.0000000000
31126  47.977  -49.726  -4.087 0.0000000000
31127  47.634  -49.810  -3.280 0.0000000000
31128  44.291  -50.148  -3.701 0.0000000000
31129  43.600  -50.497  -3.415 0.0000000000
31130  42.888  -50.754  -3.030 0.0000000000
31139  49.842  -51.103  -4.646 0.0000000000
31140  49.178  -50.510  -4.624 0.0000000000
31141  48.481  -50.033  -4.688 0.0000000000
31142  45.370  -50.098  -4.665 0.0000000000
31143  44.642  -50.402  -4.409 0.0000000000
31144  43.917  -50.802  -4.168 0.0000000000
31151  50.020  -51.384  -5.397 0.0000000000
31152  49.328  -50.727  -5.485 0.0000000000
31153  48.607  -50.333  -5.902 0.0000000000
31154  47.292  -50.149  -5.788 0.0000000000
31155  46.549  -50.274  -5.552 0.0000000000
31156  45.798  -50.520  -5.285 0.0000000000
31157  45.087  -50.800  -5.022 0.0000000000
31161  49.094  -50.719  -6.383 0.0000000000
31162  48.387  -50.618  -6.625 0.0000000000
31163  47.674  -50.536  -6.432 0.0000000000
31164  46.946  -50.691  -6.188 0.0000000000
31165  46.236  -51.030  -5.860 0.0000000000
31175  48.966  -50.931  -7.132 0.0000000000
32057  39.447  -49.672  4.487 0.0000000000
32067  39.522  -49.486  3.159 0.0000000000
32072  39.643  -49.501  2.163 0.0000000000
32084  44.341  -49.747  1.408 0.0000000000
32085  43.548  -49.374  1.205 0.0000000000
32086  40.520  -49.067  1.085 0.0000000000
32087  40.013  -49.340  1.409 0.0000000000
32095  43.721  -50.308  1.026 0.0000000000
32096  43.029  -49.769  0.685 0.0000000000
32097  42.230  -49.429  0.394 0.0000000000
32098  41.408  -49.381  0.327 0.0000000000
32099  40.747  -49.481  0.421 0.0000000000
32100  40.059  -49.775  0.757 0.0000000000
32112  42.567  -49.960  -0.020 0.0000000000
32113  41.751  -49.834  -0.252 0.0000000000
32114  41.026  -49.922  -0.219 0.0000000000
32137  46.860  -49.618  -3.134 0.0000000000
32138  46.126  -49.581  -2.946 0.0000000000
32139  45.479  -49.714  -2.768 0.0000000000
32140  44.764  -49.788  -3.073 0.0000000000
32150  47.122  -49.505  -3.893 0.0000000000
32151  46.321  -49.467  -3.692 0.0000000000
32152  45.556  -49.570  -3.455 0.0000000000
32161  47.914  -49.746  -4.868 0.0000000000
32162  47.333  -49.623  -4.662 0.0000000000
32163  46.568  -49.563  -4.461 0.0000000000
32164  45.775  -49.600  -4.239 0.0000000000
32165  44.990  -49.763  -3.973 0.0000000000
32170  48.192  -49.994  -5.389 0.0000000000
32171  47.590  -49.869  -5.338 0.0000000000
32172  46.891  -49.780  -5.170 0.0000000000
32173  46.120  -49.859  -4.946 0.0000000000
32178  47.964  -50.150  -5.965 0.0000000000
33044  39.898  -48.909  4.391 0.0000000000
33063  40.394  -48.288  3.756 0.0000000000
33064  39.878  -48.894  3.469 0.0000000000
33076  40.312  -48.428  2.826 0.0000000000
33077  39.864  -48.962  2.682 0.0000000000
33090  43.392  -48.403  1.392 0.0000000000
33091  42.487  -48.228  1.377 0.0000000000
33092  41.628  -48.331  1.347 0.0000000000
33093  40.921  -48.425  1.482 0.0000000000
33094  40.253  -48.757  1.916 0.0000000000
33103  42.758  -49.028  1.002 0.0000000000
33104  41.911  -48.843  0.864 0.0000000000
33105  41.145  -48.872  0.875 0.0000000000
34075  41.301  -47.221  3.273 0.0000000000
34089  42.080  -47.317  2.129 0.0000000000
34090  41.361  -47.506  2.539 0.0000000000
34091  40.806  -48.067  2.224 0.0000000000
34107  43.196  -47.597  1.641 0.0000000000
34108  42.539  -47.591  1.744 0.0000000000
34109  41.442  -47.881  1.865 0.0000000000
35105  41.846  -46.922  2.819 0.0000000000
35122  43.695  -46.838  1.822 0.0000000000
35123  42.879  -47.013  1.962 0.0000000000
103071  40.572  -56.213  0.969 0.0000000000
103097  42.649  -58.356  1.345 0.0000000000
104032  39.210  -50.149  2.824 0.0000000000
104272  39.634  -49.335  5.005 0.0000000000
104419  47.201  -56.597  7.330 0.0000000000
104803  43.954  -58.644  0.271 0.0000000000
104817  45.097  -60.552  14.558 0.0000000000
104911  47.633  -59.535  0.052 0.0000000000
105345  38.792  -50.653  5.455 0.0000000000
105539  50.388  -51.416  -2.344 0.0000000000
105792  44.954  -59.311  0.838 0.0000000000
105924  38.875  -50.126  5.874 0.0000000000
106004  43.818  -60.165  14.892 0.0000000000
106442  42.427  -56.426  8.322 0.0000000000
106520  40.308  -53.833  -0.770 0.0000000000
106843  43.442  -54.493  -3.911 0.0000000000
107101  38.576  -51.491  5.429 0.0000000000
107133  42.256  -54.581  -2.842 0.0000000000
107168  50.146  -51.715  -7.161 0.0000000000
107273  40.184  -52.806  -0.871 0.0000000000
107283  40.295  -54.471  4.512 0.0000000000
107375  40.992  -56.436  8.749 0.0000000000
107715  38.695  -53.144  6.133 0.0000000000
107820  44.613  -55.508  7.101 0.0000000000
107859  43.226  -55.612  -2.943 0.0000000000
108681  48.243  -59.462  -0.431 0.0000000000
109070  38.605  -52.849  3.531 0.0000000000
109294  43.645  -50.471  -0.789 0.0000000000
109481  45.806  -52.501  0.156 0.0000000000
109706  46.860  -55.775  -6.072 0.0000000000
110358  48.303  -50.090  -3.350 0.0000000000
110394  39.308  -52.153  0.493 0.0000000000
110784  39.201  -54.049  1.321 0.0000000000
111211  40.814  -47.809  3.066 0.0000000000
111473  39.802  -54.002  6.188 0.0000000000
111623  39.586  -49.418  3.896 0.0000000000
111981  43.656  -53.835  -4.327 0.0000000000
112011  44.039  -57.184  8.297 0.0000000000
112054  44.040  -50.054  -3.049 0.0000000000
112332  38.108  -52.003  7.015 0.0000000000
112765  49.908  -51.546  -1.720 0.0000000000
112870  41.645  -58.014  10.039 0.0000000000
113727  38.807  -50.857  4.098 0.0000000000
113950  45.064  -58.664  -0.330 0.0000000000
114289  39.675  -49.833  1.432 0.0000000000
114311  46.595  -49.910  -2.527 0.0000000000
114327  39.299  -50.291  1.951 0.0000000000
114503  42.027  -47.845  1.670 0.0000000000
114821  46.249  -54.007  -6.717 0.0000000000
114863  43.918  -59.682  14.094 0.0000000000
114948  41.876  -50.470  -1.386 0.0000000000
115193  45.947  -59.484  0.711 0.0000000000
115270  46.148  -60.287  13.529 0.0000000000
115442  45.129  -51.631  -0.340 0.0000000000
115890  44.515  -52.018  -5.010 0.0000000000
117490  38.867  -54.057  7.817 0.0000000000
117946  38.649  -53.010  5.484 0.0000000000
118103  39.105  -50.274  4.492 0.0000000000
118232  44.908  -55.005  -4.469 0.0000000000
118379  48.758  -50.272  -5.241 0.0000000000
118694  46.788  -56.107  6.956 0.0000000000
118845  50.514  -52.498  -0.786 0.0000000000
118972  42.062  -53.839  -3.012 0.0000000000
119087  41.907  -51.636  -2.767 0.0000000000
119127  42.913  -52.908  -3.954 0.0000000000
119397  38.727  -51.944  2.087 0.0000000000
119720  46.608  -55.520  -5.517 0.0000000000
119988  40.034  -54.763  3.737 0.0000000000
120492  50.870  -51.524  -3.067 0.0000000000
120763  41.745  -54.223  6.379 0.0000000000
120809  45.102  -51.953  1.227 0.0000000000
121093  40.547  -51.656  -1.235 0.0000000000
121144  42.673  -54.379  6.637 0.0000000000
121431  43.502  -58.618  2.610 0.0000000000
121955  43.055  -58.649  1.483 0.0000000000
122140  40.786  -58.107  11.277 0.0000000000
122345  42.621  -57.210  8.704 0.0000000000
122581  44.555  -59.707  13.742 0.0000000000
122753  46.366  -54.644  -6.594 0.0000000000
122936  41.955  -56.987  8.723 0.0000000000
123008  42.941  -55.915  -2.444 0.0000000000
123295  40.388  -55.513  0.374 0.0000000000
123577  40.381  -55.237  3.465 0.0000000000
124109  41.514  -55.674  3.870 0.0000000000
124185  49.664  -51.123  -6.050 0.0000000000
124225  39.067  -54.274  2.020 0.0000000000
124228  43.478  -58.000  9.273 0.0000000000
124566  42.252  -54.222  6.463 0.0000000000
124660  44.664  -55.203  5.086 0.0000000000
