#!ascii label  , from subject sub-07 vox2ras=TkReg
764
8215  28.808  -74.417  -5.840 7.0000000000
9690  19.461  -72.242  -0.147 7.0000000000
9730  34.394  -72.846  -5.006 7.0000000000
12366  33.178  -69.839  -13.293 7.0000000000
12342  31.229  -69.210  -9.325 7.0000000000
8167  24.689  -74.869  -1.115 7.0000000000
13103  30.331  -68.510  -2.287 7.0000000000
15726  26.476  -65.279  0.600 7.0000000000
9734  30.830  -73.339  -4.622 7.0000000000
10610  33.905  -71.389  -8.666 7.0000000000
9805  30.784  -72.360  -10.332 7.0000000000
12359  30.074  -70.238  -12.800 7.0000000000
10627  27.271  -71.606  -9.646 7.0000000000
122853  21.316  -73.907  1.312 7.0000000000
115801  26.579  -71.016  -1.876 7.0000000000
11341  24.462  -70.559  0.818 7.0000000000
15775  27.191  -66.071  -2.170 7.0000000000
7459  32.014  -75.787  -7.725 7.0000000000
15852  25.274  -66.339  -9.211 7.0000000000
119195  31.623  -65.522  -12.819 7.0000000000
15860  32.346  -65.175  -9.223 7.0000000000
107636  26.921  -75.370  -3.248 7.0000000000
10540  27.258  -71.333  -4.746 7.0000000000
12306  31.231  -68.971  -5.567 7.0000000000
15813  32.934  -65.649  -5.438 7.0000000000
10542  22.058  -71.566  -4.307 7.0000000000
118383  24.945  -68.516  -6.432 7.0000000000
118223  22.956  -68.182  -3.115 7.0000000000
13079  21.744  -68.748  0.829 7.0000000000
13934  28.296  -67.158  0.833 7.0000000000
16781  32.365  -64.084  -2.941 7.0000000000
8953  29.917  -73.604  -4.843 7.0000000000
9770  30.612  -72.525  -7.569 7.0000000000
9771  29.617  -73.249  -8.298 7.0000000000
9796  28.437  -72.753  -10.288 7.0000000000
8994  27.163  -73.847  -7.941 7.0000000000
9658  19.981  -72.826  1.339 7.0000000000
9676  23.255  -72.302  1.142 7.0000000000
119539  21.048  -71.107  1.609 7.0000000000
7483  32.226  -75.574  -9.856 7.0000000000
6713  30.419  -76.572  -9.400 7.0000000000
6694  30.835  -76.792  -7.056 7.0000000000
11489  33.636  -71.039  -11.164 7.0000000000
119640  35.530  -70.002  -10.186 7.0000000000
12350  30.563  -69.419  -11.361 7.0000000000
115685  31.351  -68.234  -13.083 7.0000000000
14055  32.092  -67.575  -11.290 7.0000000000
118483  31.596  -65.565  -10.846 7.0000000000
14042  32.460  -67.499  -9.284 7.0000000000
8176  25.675  -74.967  -1.965 7.0000000000
9735  26.711  -72.431  -4.482 7.0000000000
8933  26.351  -73.285  -2.440 7.0000000000
11365  28.796  -70.052  -2.013 7.0000000000
11394  29.338  -70.283  -3.673 7.0000000000
12284  30.399  -69.235  -3.556 7.0000000000
14001  32.392  -67.216  -5.349 7.0000000000
13985  31.761  -67.467  -4.045 7.0000000000
11432  21.308  -71.047  -5.795 7.0000000000
14909  27.024  -67.228  -8.134 7.0000000000
14031  25.192  -67.633  -9.337 7.0000000000
14003  26.799  -68.264  -6.421 7.0000000000
15755  26.635  -65.591  -1.184 7.0000000000
13973  25.429  -67.524  -2.882 7.0000000000
14865  24.566  -66.780  -0.981 7.0000000000
13105  22.371  -68.225  -0.680 7.0000000000
14824  24.120  -66.773  1.230 7.0000000000
109286  25.017  -67.599  1.537 7.0000000000
14821  27.130  -66.180  1.410 7.0000000000
121736  31.597  -63.041  -0.991 7.0000000000
9732  32.665  -73.093  -4.656 7.0000000000
10572  33.901  -71.483  -6.424 7.0000000000
10594  32.259  -71.702  -6.747 7.0000000000
10612  31.887  -71.903  -9.154 7.0000000000
11490  32.507  -71.336  -11.639 7.0000000000
11512  31.472  -70.192  -13.647 7.0000000000
10647  29.933  -71.601  -12.148 7.0000000000
11492  28.574  -70.867  -11.274 7.0000000000
11479  29.272  -69.984  -9.488 7.0000000000
107428  23.127  -74.797  -0.049 7.0000000000
9696  25.747  -72.307  -1.203 7.0000000000
8899  24.013  -72.698  0.520 7.0000000000
107517  25.579  -71.122  -0.388 7.0000000000
12246  27.919  -69.413  -0.585 7.0000000000
103322  28.236  -66.927  -4.393 7.0000000000
17838  27.954  -62.898  -1.621 7.0000000000
18837  27.774  -62.787  -0.017 7.0000000000
17800  29.225  -63.530  0.709 7.0000000000
7435  33.007  -74.945  -6.121 7.0000000000
106321  32.161  -75.290  -5.952 7.0000000000
6666  30.984  -75.774  -4.634 7.0000000000
6668  29.828  -76.461  -4.195 7.0000000000
11462  35.468  -71.097  -9.149 7.0000000000
13207  36.305  -68.881  -9.658 7.0000000000
116563  31.787  -68.299  -14.953 7.0000000000
118793  32.388  -65.958  -14.314 7.0000000000
17920  32.333  -63.578  -9.442 7.0000000000
8200  27.809  -74.947  -4.724 7.0000000000
8981  26.671  -73.457  -6.313 7.0000000000
119250  27.265  -71.409  -7.186 7.0000000000
11447  29.772  -69.983  -7.263 7.0000000000
11396  27.600  -70.795  -3.394 7.0000000000
124327  29.547  -70.223  -5.268 7.0000000000
12327  31.351  -69.183  -7.242 7.0000000000
14019  32.657  -67.370  -7.419 7.0000000000
15841  32.948  -65.818  -7.343 7.0000000000
123115  32.895  -63.299  -8.004 7.0000000000
10518  21.355  -71.878  -2.068 7.0000000000
14022  23.162  -67.870  -8.672 7.0000000000
13182  21.860  -68.277  -6.339 7.0000000000
13987  25.859  -67.877  -3.842 7.0000000000
106148  23.588  -68.293  -5.008 7.0000000000
13165  20.830  -68.768  -5.130 7.0000000000
12286  21.414  -69.638  -3.156 7.0000000000
11370  21.501  -70.141  -1.604 7.0000000000
103088  20.582  -70.658  0.080 7.0000000000
107546  23.318  -68.831  1.658 7.0000000000
13077  26.490  -68.473  1.032 7.0000000000
13090  28.918  -68.367  -0.215 7.0000000000
16735  30.069  -64.728  0.327 7.0000000000
15753  30.655  -65.775  -0.678 7.0000000000
14875  31.712  -66.169  -2.655 7.0000000000
104633  32.654  -65.045  -4.146 7.0000000000
109971  32.930  -63.018  -5.798 7.0000000000
110302  29.065  -74.664  -4.815 7.0000000000
8978  29.472  -73.645  -5.961 7.0000000000
8979  28.744  -74.138  -6.917 7.0000000000
8992  28.795  -73.928  -7.973 7.0000000000
8224  27.983  -74.622  -6.730 7.0000000000
109606  19.322  -72.605  -0.794 7.0000000000
9678  19.490  -72.711  0.696 7.0000000000
111847  20.866  -71.766  1.624 7.0000000000
10484  19.791  -71.918  0.502 7.0000000000
110890  29.779  -76.557  -10.635 7.0000000000
12357  33.652  -70.201  -12.186 7.0000000000
12356  34.493  -69.633  -11.669 7.0000000000
12365  34.033  -69.405  -12.655 7.0000000000
13227  34.343  -68.641  -13.103 7.0000000000
13228  33.559  -69.141  -13.707 7.0000000000
116556  30.692  -69.424  -10.365 7.0000000000
13209  31.499  -68.807  -10.354 7.0000000000
14050  32.281  -67.513  -10.277 7.0000000000
110941  31.929  -68.593  -9.336 7.0000000000
7372  23.866  -75.062  -0.674 7.0000000000
7386  24.288  -75.482  -1.451 7.0000000000
7397  24.669  -75.810  -2.138 7.0000000000
119412  25.234  -74.720  -1.478 7.0000000000
8175  26.242  -74.257  -2.338 7.0000000000
8924  25.979  -73.567  -1.887 7.0000000000
12261  29.249  -69.423  -1.481 7.0000000000
12275  29.518  -69.722  -2.328 7.0000000000
121779  30.514  -68.747  -3.029 7.0000000000
13124  31.256  -67.987  -3.642 7.0000000000
13113  30.838  -68.144  -3.031 7.0000000000
11450  21.359  -70.961  -7.883 7.0000000000
11433  20.351  -70.555  -6.301 7.0000000000
14012  27.486  -67.674  -7.230 7.0000000000
14903  28.197  -67.336  -6.659 7.0000000000
15737  26.345  -65.252  -0.215 7.0000000000
15738  25.794  -65.913  -0.661 7.0000000000
14850  25.163  -65.960  0.222 7.0000000000
14851  24.478  -66.313  0.090 7.0000000000
14837  25.415  -65.959  0.880 7.0000000000
14823  25.494  -66.345  1.254 7.0000000000
15712  26.760  -65.594  1.183 7.0000000000
9733  31.764  -73.001  -4.674 7.0000000000
10574  32.262  -71.860  -5.934 7.0000000000
110237  31.525  -72.093  -6.317 7.0000000000
9783  30.350  -72.699  -8.805 7.0000000000
9782  31.285  -72.154  -8.328 7.0000000000
119863  31.382  -72.186  -9.726 7.0000000000
10637  32.068  -71.732  -10.947 7.0000000000
10638  30.989  -72.046  -11.224 7.0000000000
10646  31.200  -71.561  -12.061 7.0000000000
121505  30.136  -72.215  -11.319 7.0000000000
9797  27.509  -72.371  -10.005 7.0000000000
9808  28.075  -71.931  -10.753 7.0000000000
11481  27.659  -71.350  -10.256 7.0000000000
11480  28.284  -70.593  -10.212 7.0000000000
11465  27.644  -70.911  -9.444 7.0000000000
8131  19.888  -74.070  1.172 7.0000000000
8130  20.677  -74.469  1.065 7.0000000000
8144  22.557  -74.478  0.501 7.0000000000
8915  24.058  -73.613  0.115 7.0000000000
8900  23.256  -73.209  0.844 7.0000000000
10469  23.211  -71.306  1.366 7.0000000000
103084  23.985  -71.835  0.791 7.0000000000
11340  25.132  -70.822  0.215 7.0000000000
11353  26.339  -70.193  -0.626 7.0000000000
12248  26.131  -69.711  0.030 7.0000000000
18859  27.750  -62.742  -0.665 7.0000000000
7470  31.897  -75.873  -8.841 7.0000000000
109001  32.628  -75.554  -9.285 7.0000000000
7469  32.701  -75.564  -8.575 7.0000000000
7458  33.061  -75.382  -7.820 7.0000000000
7446  32.592  -75.368  -6.893 7.0000000000
7436  32.337  -74.714  -5.223 7.0000000000
7447  31.801  -75.766  -6.617 7.0000000000
5946  30.146  -77.395  -7.280 7.0000000000
6685  31.159  -76.466  -6.128 7.0000000000
6678  30.723  -76.953  -5.226 7.0000000000
6667  30.601  -76.400  -4.566 7.0000000000
114421  29.795  -78.005  -5.628 7.0000000000
10592  34.161  -71.327  -7.517 7.0000000000
10623  34.603  -71.305  -9.411 7.0000000000
12348  35.720  -69.153  -10.409 7.0000000000
12341  36.071  -69.671  -9.682 7.0000000000
11507  30.699  -70.313  -13.289 7.0000000000
13233  31.197  -69.194  -14.333 7.0000000000
13229  30.900  -69.081  -13.921 7.0000000000
14948  31.825  -66.487  -13.230 7.0000000000
14065  31.574  -67.634  -14.034 7.0000000000
111326  31.894  -65.940  -13.647 7.0000000000
16881  32.177  -65.004  -13.797 7.0000000000
111291  31.358  -64.990  -12.299 7.0000000000
15872  32.085  -65.883  -9.960 7.0000000000
16874  31.489  -64.619  -10.807 7.0000000000
118592  31.828  -65.137  -10.165 7.0000000000
17927  31.946  -63.015  -10.374 7.0000000000
16866  32.456  -64.347  -9.029 7.0000000000
6634  25.879  -76.171  -2.928 7.0000000000
7407  26.602  -76.081  -3.240 7.0000000000
7406  27.306  -75.895  -3.705 7.0000000000
8183  27.341  -74.929  -3.875 7.0000000000
110225  27.450  -74.537  -5.497 7.0000000000
8954  27.215  -74.331  -4.696 7.0000000000
10556  26.801  -71.970  -5.110 7.0000000000
10577  26.696  -72.335  -6.031 7.0000000000
10575  27.685  -71.129  -6.328 7.0000000000
11431  27.984  -70.847  -7.306 7.0000000000
111398  28.444  -70.705  -6.449 7.0000000000
110793  26.670  -71.498  -2.645 7.0000000000
11383  27.202  -70.733  -2.537 7.0000000000
12297  29.991  -69.874  -3.990 7.0000000000
11403  29.493  -70.268  -4.504 7.0000000000
11402  30.067  -69.884  -4.880 7.0000000000
12317  30.663  -69.561  -6.773 7.0000000000
12316  31.339  -69.086  -6.356 7.0000000000
110288  31.936  -68.657  -7.621 7.0000000000
13178  31.751  -68.500  -5.945 7.0000000000
14908  32.769  -66.537  -5.867 7.0000000000
14913  32.868  -66.596  -6.884 7.0000000000
15829  33.015  -65.810  -6.428 7.0000000000
16850  32.976  -64.444  -7.435 7.0000000000
117908  33.109  -64.600  -6.655 7.0000000000
10557  22.316  -71.705  -5.228 7.0000000000
8966  22.963  -72.964  -6.105 7.0000000000
112904  22.475  -72.310  -4.576 7.0000000000
8941  21.676  -73.213  -3.814 7.0000000000
9706  21.735  -72.135  -2.892 7.0000000000
15853  24.356  -65.614  -9.446 7.0000000000
15863  23.308  -65.021  -10.444 7.0000000000
15861  24.676  -66.431  -9.786 7.0000000000
122675  24.516  -68.511  -7.950 7.0000000000
13203  24.420  -68.172  -8.741 7.0000000000
110035  23.625  -68.414  -7.804 7.0000000000
13193  22.423  -68.155  -7.417 7.0000000000
13181  23.090  -68.412  -6.747 7.0000000000
14876  27.717  -66.508  -3.212 7.0000000000
14888  27.304  -67.250  -3.695 7.0000000000
14889  26.374  -67.422  -3.205 7.0000000000
13127  23.811  -67.939  -3.059 7.0000000000
13126  24.299  -68.052  -3.917 7.0000000000
115701  23.387  -68.182  -3.933 7.0000000000
13145  22.484  -68.338  -4.412 7.0000000000
115006  21.664  -68.695  -3.945 7.0000000000
124465  21.340  -69.153  -3.738 7.0000000000
13129  21.751  -68.932  -3.096 7.0000000000
13092  22.292  -68.021  0.501 7.0000000000
13106  21.919  -68.927  -1.162 7.0000000000
12249  21.520  -69.381  -0.453 7.0000000000
123610  20.985  -70.305  -0.386 7.0000000000
11342  21.316  -69.486  0.999 7.0000000000
12216  21.714  -69.677  1.487 7.0000000000
13063  21.823  -69.021  1.295 7.0000000000
13920  27.381  -66.977  1.357 7.0000000000
13078  25.574  -68.422  1.300 7.0000000000
13935  27.714  -67.738  0.989 7.0000000000
13076  27.450  -68.468  0.637 7.0000000000
13074  28.798  -67.640  0.271 7.0000000000
106437  29.929  -63.039  0.522 7.0000000000
16736  29.374  -64.359  0.678 7.0000000000
17820  30.617  -63.360  0.133 7.0000000000
17851  32.139  -63.825  -2.202 7.0000000000
16767  31.690  -63.980  -1.392 7.0000000000
109836  31.469  -64.964  -1.410 7.0000000000
14862  30.775  -66.400  -1.238 7.0000000000
124522  31.975  -65.495  -2.700 7.0000000000
15787  32.147  -65.890  -3.309 7.0000000000
15772  32.327  -65.026  -3.280 7.0000000000
113307  30.494  -73.899  -4.380 7.0000000000
104941  31.040  -72.480  -5.698 7.0000000000
8964  30.260  -72.940  -5.672 7.0000000000
8977  29.742  -73.226  -6.945 7.0000000000
110220  29.300  -72.823  -10.364 7.0000000000
9004  28.699  -73.632  -8.885 7.0000000000
9012  27.994  -73.229  -9.554 7.0000000000
9006  26.969  -73.260  -8.533 7.0000000000
8887  20.444  -73.494  1.434 7.0000000000
9677  22.476  -72.759  1.413 7.0000000000
8885  21.580  -72.368  1.683 7.0000000000
9656  22.402  -71.864  1.584 7.0000000000
11328  22.297  -70.947  1.699 7.0000000000
6725  31.713  -75.530  -10.711 7.0000000000
6726  30.548  -76.188  -10.374 7.0000000000
6712  31.287  -76.033  -9.622 7.0000000000
6704  31.028  -76.371  -8.646 7.0000000000
106413  31.238  -76.340  -7.774 7.0000000000
5974  30.301  -76.867  -8.679 7.0000000000
11478  34.253  -71.188  -10.297 7.0000000000
11477  35.058  -71.045  -9.809 7.0000000000
123310  34.286  -70.878  -10.735 7.0000000000
12355  35.134  -69.020  -11.260 7.0000000000
14066  33.978  -67.402  -14.975 7.0000000000
12358  30.374  -69.587  -12.475 7.0000000000
13223  30.851  -68.934  -12.848 7.0000000000
13216  31.225  -68.796  -11.623 7.0000000000
13222  31.654  -68.212  -11.947 7.0000000000
14945  31.996  -66.893  -11.691 7.0000000000
14940  31.550  -66.023  -11.615 7.0000000000
14939  32.038  -66.606  -10.779 7.0000000000
106602  32.379  -66.760  -9.677 7.0000000000
14927  32.588  -66.884  -8.848 7.0000000000
7396  25.439  -75.677  -2.326 7.0000000000
8184  26.837  -74.568  -3.065 7.0000000000
8939  26.942  -73.828  -3.714 7.0000000000
108866  26.678  -73.779  -2.915 7.0000000000
8940  26.597  -73.020  -3.157 7.0000000000
10541  26.901  -71.664  -4.236 7.0000000000
11366  27.836  -70.196  -1.894 7.0000000000
11382  28.168  -70.393  -2.685 7.0000000000
11381  29.090  -70.212  -2.839 7.0000000000
12285  29.786  -69.814  -3.146 7.0000000000
12295  31.046  -68.885  -4.807 7.0000000000
13161  31.602  -68.373  -5.179 7.0000000000
13142  31.365  -68.271  -4.325 7.0000000000
13993  32.202  -67.162  -4.659 7.0000000000
14901  32.545  -66.494  -4.851 7.0000000000
11419  21.294  -70.846  -4.877 7.0000000000
14914  26.316  -66.996  -8.977 7.0000000000
14919  25.434  -67.082  -9.406 7.0000000000
14020  26.604  -67.584  -8.524 7.0000000000
13179  26.145  -68.211  -8.127 7.0000000000
13162  25.891  -68.504  -6.766 7.0000000000
15754  27.398  -65.210  -1.726 7.0000000000
14878  25.936  -67.019  -2.286 7.0000000000
14863  26.324  -66.361  -1.720 7.0000000000
14879  25.064  -67.172  -1.962 7.0000000000
13975  23.743  -67.664  -2.004 7.0000000000
13114  23.029  -68.032  -2.329 7.0000000000
13963  23.031  -67.743  -1.195 7.0000000000
121656  23.407  -66.900  0.494 7.0000000000
13924  23.414  -67.083  1.132 7.0000000000
109270  23.282  -67.634  1.411 7.0000000000
116497  24.793  -66.824  1.386 7.0000000000
122694  26.861  -66.618  1.492 7.0000000000
14820  27.926  -66.264  1.211 7.0000000000
18873  32.260  -62.350  -2.271 7.0000000000
17850  32.329  -63.200  -2.671 7.0000000000
17867  32.528  -63.419  -3.504 7.0000000000
9731  33.441  -72.975  -4.769 7.0000000000
10553  33.740  -71.847  -5.651 7.0000000000
10554  32.831  -72.056  -5.440 7.0000000000
10593  33.105  -71.453  -7.089 7.0000000000
115304  33.247  -71.419  -7.987 7.0000000000
119435  31.503  -71.995  -7.290 7.0000000000
106028  32.292  -71.652  -7.903 7.0000000000
10611  32.912  -71.562  -8.868 7.0000000000
10636  33.162  -71.430  -10.627 7.0000000000
11498  33.008  -70.854  -12.072 7.0000000000
12367  32.280  -70.008  -13.798 7.0000000000
11499  31.664  -70.895  -12.721 7.0000000000
11500  30.411  -70.976  -12.746 7.0000000000
11501  29.709  -70.777  -12.507 7.0000000000
10639  29.302  -71.853  -11.531 7.0000000000
10648  29.039  -71.187  -11.970 7.0000000000
11491  29.204  -70.516  -11.745 7.0000000000
12343  29.806  -69.842  -11.078 7.0000000000
116557  30.108  -69.722  -9.933 7.0000000000
12336  30.386  -69.648  -8.815 7.0000000000
8154  24.415  -74.293  -0.542 7.0000000000
8153  25.093  -74.180  -1.052 7.0000000000
8914  24.844  -73.527  -0.533 7.0000000000
9688  25.173  -72.698  -0.561 7.0000000000
110179  25.411  -71.857  -0.529 7.0000000000
10490  25.101  -71.470  -0.024 7.0000000000
11368  26.465  -70.628  -1.189 7.0000000000
11352  26.830  -70.126  -1.059 7.0000000000
12262  28.384  -69.730  -1.279 7.0000000000
12245  28.723  -69.162  -0.699 7.0000000000
114226  28.543  -67.118  -5.610 7.0000000000
16802  28.632  -65.183  -3.380 7.0000000000
15774  27.984  -65.678  -2.738 7.0000000000
16768  27.491  -64.321  -1.330 7.0000000000
109895  27.273  -64.046  -0.411 7.0000000000
16753  27.418  -63.973  0.272 7.0000000000
103877  27.838  -63.983  0.717 7.0000000000
17801  28.415  -63.327  0.642 7.0000000000
18835  29.101  -62.608  0.607 7.0000000000
7482  33.173  -75.266  -9.985 7.0000000000
120872  33.896  -74.913  -6.203 7.0000000000
8214  33.670  -74.546  -5.389 7.0000000000
8194  32.907  -74.203  -4.848 7.0000000000
8951  32.308  -73.611  -4.580 7.0000000000
7418  31.613  -74.791  -4.711 7.0000000000
114352  31.588  -75.802  -5.800 7.0000000000
7437  31.565  -75.408  -5.078 7.0000000000
7419  31.019  -75.117  -4.423 7.0000000000
8197  30.290  -74.788  -4.224 7.0000000000
124812  29.889  -75.598  -4.125 7.0000000000
7421  29.178  -76.005  -4.193 7.0000000000
9698  19.769  -72.722  -1.503 7.0000000000
10571  34.926  -71.398  -6.647 7.0000000000
10591  35.359  -71.268  -7.588 7.0000000000
11461  36.214  -70.633  -8.813 7.0000000000
11476  35.712  -70.530  -9.598 7.0000000000
12373  32.545  -69.467  -14.229 7.0000000000
13234  32.490  -68.346  -15.068 7.0000000000
14068  32.271  -67.786  -15.084 7.0000000000
116055  31.280  -68.266  -13.917 7.0000000000
14064  31.724  -67.769  -14.638 7.0000000000
15883  33.062  -66.473  -14.993 7.0000000000
6669  28.769  -76.993  -4.210 7.0000000000
7422  28.434  -76.145  -4.229 7.0000000000
5884  26.896  -77.270  -4.068 7.0000000000
6670  27.837  -76.493  -4.144 7.0000000000
8216  28.053  -74.844  -5.601 7.0000000000
119725  27.278  -74.380  -6.411 7.0000000000
8980  26.853  -73.765  -7.205 7.0000000000
9772  26.731  -73.086  -7.881 7.0000000000
9751  26.638  -72.929  -5.387 7.0000000000
9761  26.641  -72.755  -6.977 7.0000000000
10595  27.184  -71.413  -8.032 7.0000000000
11449  27.782  -70.804  -8.437 7.0000000000
11463  29.543  -69.968  -8.341 7.0000000000
9695  26.099  -72.786  -1.841 7.0000000000
10516  27.013  -71.292  -3.409 7.0000000000
10529  27.269  -71.161  -4.020 7.0000000000
11395  28.481  -70.528  -3.498 7.0000000000
11404  28.727  -70.586  -4.338 7.0000000000
11417  28.425  -70.739  -5.813 7.0000000000
11430  29.033  -70.402  -6.812 7.0000000000
12335  31.315  -69.222  -8.200 7.0000000000
13202  31.943  -68.667  -8.530 7.0000000000
14030  32.579  -67.430  -8.377 7.0000000000
14918  32.793  -66.559  -8.005 7.0000000000
14011  32.526  -67.405  -6.327 7.0000000000
15851  32.748  -65.600  -8.247 7.0000000000
16857  32.719  -64.758  -8.314 7.0000000000
17910  32.743  -63.842  -8.324 7.0000000000
109890  20.608  -72.303  -1.710 7.0000000000
14032  24.262  -67.489  -9.537 7.0000000000
13195  20.153  -68.163  -7.051 7.0000000000
13184  19.968  -68.718  -6.346 7.0000000000
14896  27.663  -67.656  -5.016 7.0000000000
13995  26.551  -68.147  -5.033 7.0000000000
14004  24.831  -68.415  -5.554 7.0000000000
13996  25.225  -68.210  -4.539 7.0000000000
13163  24.013  -68.460  -6.227 7.0000000000
106728  22.561  -68.338  -5.530 7.0000000000
13164  21.458  -68.450  -5.511 7.0000000000
12318  19.859  -69.268  -5.939 7.0000000000
12308  20.122  -69.611  -5.422 7.0000000000
11407  20.568  -70.055  -4.711 7.0000000000
11406  21.393  -70.660  -4.060 7.0000000000
13115  21.963  -68.913  -2.154 7.0000000000
12276  21.628  -69.523  -2.380 7.0000000000
10517  21.651  -71.285  -2.636 7.0000000000
10500  21.424  -71.048  -1.784 7.0000000000
10501  20.749  -71.519  -1.184 7.0000000000
10491  20.099  -71.491  -0.232 7.0000000000
109228  20.545  -70.762  0.914 7.0000000000
106456  22.248  -70.038  1.708 7.0000000000
11326  24.160  -69.625  1.358 7.0000000000
114838  24.182  -68.619  1.528 7.0000000000
12215  24.994  -69.041  1.207 7.0000000000
12229  25.870  -69.127  0.758 7.0000000000
12228  26.743  -69.083  0.332 7.0000000000
13091  28.176  -68.814  -0.019 7.0000000000
109538  29.284  -68.800  -0.903 7.0000000000
16723  28.009  -64.732  1.032 7.0000000000
15710  28.355  -65.531  1.035 7.0000000000
115280  29.154  -65.651  0.669 7.0000000000
17819  31.201  -63.645  -0.492 7.0000000000
15736  30.612  -65.033  -0.275 7.0000000000
14835  29.667  -66.717  -0.106 7.0000000000
14849  30.260  -66.499  -0.606 7.0000000000
108115  30.429  -67.009  -1.148 7.0000000000
13972  30.816  -67.646  -2.389 7.0000000000
14887  31.841  -66.718  -3.429 7.0000000000
14886  32.332  -66.217  -4.020 7.0000000000
116659  32.870  -65.128  -4.844 7.0000000000
17881  32.718  -63.622  -4.346 7.0000000000
105473  32.930  -63.822  -5.327 7.0000000000
105962  33.105  -64.323  -6.063 7.0000000000
109970  33.029  -63.099  -6.709 7.0000000000
5900  30.173  -77.177  -4.574 7.0000000000
5901  28.965  -77.874  -4.405 7.0000000000
5917  30.222  -77.566  -5.208 7.0000000000
5918  29.634  -77.893  -4.785 7.0000000000
5931  30.423  -77.377  -6.141 7.0000000000
6650  27.062  -76.684  -3.785 7.0000000000
6677  31.161  -76.186  -5.189 7.0000000000
6693  31.424  -76.224  -7.054 7.0000000000
6705  30.564  -76.843  -7.955 7.0000000000
7373  22.992  -75.469  -0.560 7.0000000000
7385  25.030  -75.286  -1.706 7.0000000000
7395  26.273  -75.364  -2.636 7.0000000000
7420  30.394  -75.649  -4.263 7.0000000000
7423  27.860  -75.675  -4.285 7.0000000000
8143  23.214  -74.054  0.444 7.0000000000
8155  23.762  -74.386  -0.123 7.0000000000
8166  25.631  -74.185  -1.642 7.0000000000
8193  33.975  -74.153  -4.924 7.0000000000
8195  31.952  -74.257  -4.626 7.0000000000
8196  31.083  -74.346  -4.373 7.0000000000
8198  29.472  -75.120  -4.311 7.0000000000
8199  28.489  -75.362  -4.475 7.0000000000
8886  21.357  -73.185  1.586 7.0000000000
8901  22.277  -73.681  1.148 7.0000000000
8925  25.526  -73.330  -1.228 7.0000000000
8926  18.965  -73.123  -1.161 7.0000000000
8949  34.207  -73.565  -4.820 7.0000000000
8950  33.241  -73.624  -4.696 7.0000000000
8952  31.368  -73.675  -4.483 7.0000000000
8955  26.805  -73.407  -4.639 7.0000000000
8965  26.867  -74.004  -5.578 7.0000000000
8993  27.919  -74.353  -7.690 7.0000000000
9005  27.697  -73.768  -8.677 7.0000000000
9657  20.644  -72.582  1.600 7.0000000000
9689  24.712  -72.132  0.087 7.0000000000
9697  19.933  -72.107  -0.942 7.0000000000
9705  26.459  -72.378  -2.567 7.0000000000
9707  21.094  -72.580  -2.439 7.0000000000
9708  20.347  -72.862  -2.117 7.0000000000
9715  26.649  -72.080  -3.507 7.0000000000
9716  22.123  -72.432  -3.772 7.0000000000
9717  21.442  -72.897  -3.169 7.0000000000
9748  33.580  -72.405  -5.146 7.0000000000
9749  32.679  -72.614  -4.908 7.0000000000
9750  30.881  -72.837  -4.974 7.0000000000
9752  22.695  -72.652  -5.244 7.0000000000
9760  30.700  -72.513  -6.493 7.0000000000
9762  22.793  -72.231  -5.825 7.0000000000
9784  29.247  -73.223  -9.538 7.0000000000
9785  27.195  -72.911  -9.212 7.0000000000
9794  31.008  -72.354  -9.344 7.0000000000
9795  30.129  -72.723  -9.866 7.0000000000
9806  29.765  -72.495  -10.805 7.0000000000
9807  28.866  -72.281  -10.939 7.0000000000
10470  21.580  -71.422  1.709 7.0000000000
10481  24.564  -71.329  0.457 7.0000000000
10482  23.969  -71.110  0.964 7.0000000000
10483  20.237  -71.326  0.683 7.0000000000
10499  26.304  -71.873  -1.867 7.0000000000
10530  21.831  -71.464  -3.473 7.0000000000
10555  27.151  -71.536  -5.675 7.0000000000
10573  32.978  -71.643  -6.160 7.0000000000
10576  26.941  -71.789  -6.638 7.0000000000
10596  26.843  -72.357  -8.585 7.0000000000
10608  35.869  -71.105  -8.383 7.0000000000
10609  34.925  -71.312  -8.490 7.0000000000
10613  27.159  -71.495  -8.973 7.0000000000
10614  27.059  -72.163  -9.363 7.0000000000
10624  33.610  -71.463  -9.666 7.0000000000
10625  32.575  -71.684  -9.900 7.0000000000
10626  31.663  -72.015  -10.189 7.0000000000
10640  28.586  -71.517  -11.306 7.0000000000
11327  23.607  -70.466  1.340 7.0000000000
11329  21.523  -70.535  1.619 7.0000000000
11330  20.899  -70.624  1.338 7.0000000000
11343  20.823  -70.184  0.866 7.0000000000
11354  25.741  -70.426  -0.163 7.0000000000
11355  21.079  -69.865  0.131 7.0000000000
11356  21.069  -70.713  -0.902 7.0000000000
11367  27.013  -70.390  -1.666 7.0000000000
11369  26.019  -70.743  -0.711 7.0000000000
11384  21.537  -70.373  -2.466 7.0000000000
11397  21.479  -70.504  -3.282 7.0000000000
11405  27.808  -70.850  -4.207 7.0000000000
11418  27.953  -70.918  -5.183 7.0000000000
11420  20.384  -70.339  -5.459 7.0000000000
11421  19.763  -69.891  -5.983 7.0000000000
11429  29.978  -69.936  -6.025 7.0000000000
11446  36.540  -70.685  -8.177 7.0000000000
11448  28.760  -70.359  -7.848 7.0000000000
11451  20.338  -70.558  -7.204 7.0000000000
11464  28.495  -70.345  -8.959 7.0000000000
11488  34.914  -70.656  -10.378 7.0000000000
11493  28.122  -71.190  -10.862 7.0000000000
11497  34.273  -70.458  -11.205 7.0000000000
11506  32.580  -70.411  -12.987 7.0000000000
11508  30.272  -70.427  -12.905 7.0000000000
12217  21.191  -70.068  1.319 7.0000000000
12230  25.243  -69.935  0.606 7.0000000000
12247  26.962  -69.612  -0.487 7.0000000000
12260  29.818  -69.160  -2.034 7.0000000000
12263  27.474  -69.917  -1.172 7.0000000000
12264  21.601  -69.587  -1.185 7.0000000000
12274  30.099  -69.245  -2.699 7.0000000000
12296  30.518  -69.384  -4.417 7.0000000000
12298  21.013  -69.692  -3.999 7.0000000000
12307  30.646  -69.448  -5.259 7.0000000000
12328  30.544  -69.626  -7.764 7.0000000000
12340  36.511  -69.322  -9.177 7.0000000000
12349  35.049  -69.843  -10.842 7.0000000000
12351  29.803  -70.063  -12.119 7.0000000000
12368  30.478  -69.869  -13.330 7.0000000000
12374  31.549  -69.580  -14.249 7.0000000000
12375  30.941  -69.661  -13.865 7.0000000000
13057  26.991  -67.779  1.277 7.0000000000
13058  26.077  -67.724  1.456 7.0000000000
13059  24.809  -68.318  1.459 7.0000000000
13060  23.596  -68.034  1.607 7.0000000000
13061  22.871  -68.207  1.539 7.0000000000
13062  22.260  -68.405  1.249 7.0000000000
13075  28.266  -68.092  0.476 7.0000000000
13093  21.808  -68.701  -0.055 7.0000000000
13104  29.778  -68.656  -1.484 7.0000000000
13125  30.867  -68.537  -3.623 7.0000000000
13128  22.368  -68.419  -3.513 7.0000000000
13143  30.840  -68.861  -4.142 7.0000000000
13144  24.270  -68.221  -4.570 7.0000000000
13146  21.592  -68.542  -4.752 7.0000000000
13147  21.050  -68.975  -4.359 7.0000000000
13148  20.597  -69.353  -4.890 7.0000000000
13160  32.104  -67.886  -5.639 7.0000000000
13166  20.228  -69.002  -5.591 7.0000000000
13177  32.160  -68.083  -6.317 7.0000000000
13180  25.029  -68.555  -7.338 7.0000000000
13183  20.709  -68.456  -6.079 7.0000000000
13190  32.380  -68.068  -7.965 7.0000000000
13191  31.869  -68.609  -6.757 7.0000000000
13192  25.364  -68.247  -8.578 7.0000000000
13194  21.116  -68.003  -7.045 7.0000000000
13201  32.350  -68.107  -8.862 7.0000000000
13208  32.186  -68.156  -9.798 7.0000000000
13215  31.981  -68.212  -10.856 7.0000000000
13232  31.815  -68.941  -14.805 7.0000000000
13921  26.566  -67.035  1.531 7.0000000000
13922  25.695  -66.907  1.515 7.0000000000
13923  24.010  -67.349  1.461 7.0000000000
13925  22.772  -67.689  1.190 7.0000000000
13933  29.054  -66.947  0.349 7.0000000000
13936  22.890  -67.310  0.584 7.0000000000
13946  29.959  -67.287  -0.698 7.0000000000
13947  29.351  -67.524  -0.187 7.0000000000
13948  23.225  -67.188  -0.219 7.0000000000
13949  22.705  -67.613  -0.179 7.0000000000
13958  30.797  -67.010  -1.800 7.0000000000
13959  30.284  -67.774  -1.484 7.0000000000
13960  29.620  -68.097  -0.800 7.0000000000
13961  24.340  -67.315  -1.731 7.0000000000
13962  23.805  -67.268  -1.036 7.0000000000
13971  31.321  -67.486  -3.184 7.0000000000
13974  24.526  -67.587  -2.539 7.0000000000
13986  26.763  -67.736  -4.102 7.0000000000
13988  24.843  -67.850  -3.474 7.0000000000
13994  31.953  -67.740  -4.858 7.0000000000
14002  27.427  -67.950  -6.061 7.0000000000
14013  26.885  -68.048  -7.705 7.0000000000
14021  26.057  -67.631  -9.028 7.0000000000
14023  21.649  -67.640  -8.094 7.0000000000
14043  24.698  -67.018  -9.835 7.0000000000
14056  31.844  -67.538  -12.252 7.0000000000
14060  31.696  -67.475  -13.212 7.0000000000
14067  33.047  -67.837  -15.124 7.0000000000
14822  26.359  -66.332  1.400 7.0000000000
14834  29.957  -65.739  0.086 7.0000000000
14836  28.710  -66.306  0.792 7.0000000000
14838  24.714  -66.297  0.984 7.0000000000
14839  23.922  -66.575  0.746 7.0000000000
14852  23.824  -66.714  -0.122 7.0000000000
14861  31.253  -66.315  -1.927 7.0000000000
14864  25.460  -66.584  -1.383 7.0000000000
14877  26.839  -66.822  -2.670 7.0000000000
14894  32.165  -66.823  -4.203 7.0000000000
14895  29.079  -66.407  -5.342 7.0000000000
14928  24.201  -66.424  -10.077 7.0000000000
14946  31.821  -66.635  -12.404 7.0000000000
14951  32.194  -66.910  -14.608 7.0000000000
14952  31.839  -66.977  -14.055 7.0000000000
14955  33.059  -67.276  -15.159 7.0000000000
15711  27.545  -65.477  1.192 7.0000000000
15713  26.019  -65.794  1.077 7.0000000000
15723  29.510  -65.086  0.562 7.0000000000
15724  28.807  -64.885  0.846 7.0000000000
15725  27.217  -64.768  0.783 7.0000000000
15727  25.822  -65.638  0.369 7.0000000000
15752  31.049  -65.211  -0.844 7.0000000000
15773  31.617  -65.582  -2.035 7.0000000000
15786  32.440  -65.589  -3.848 7.0000000000
15789  28.574  -66.113  -3.867 7.0000000000
15801  32.659  -65.703  -4.515 7.0000000000
15842  26.336  -66.354  -8.185 7.0000000000
15862  24.030  -65.657  -10.157 7.0000000000
15878  31.495  -65.700  -12.299 7.0000000000
16737  26.865  -64.631  0.129 7.0000000000
16751  31.162  -64.517  -0.698 7.0000000000
16752  30.654  -64.203  -0.033 7.0000000000
16754  26.959  -64.807  -0.741 7.0000000000
16782  31.980  -64.721  -2.265 7.0000000000
16784  28.064  -64.763  -2.321 7.0000000000
16800  32.597  -64.283  -3.801 7.0000000000
16818  32.818  -64.453  -4.657 7.0000000000
16867  32.008  -64.439  -9.828 7.0000000000
17799  30.020  -63.875  0.486 7.0000000000
17802  27.809  -63.287  0.323 7.0000000000
17821  27.566  -63.326  -0.171 7.0000000000
17837  32.008  -63.108  -1.812 7.0000000000
17839  27.567  -63.471  -0.995 7.0000000000
17895  33.045  -63.662  -6.123 7.0000000000
17902  32.980  -63.588  -7.473 7.0000000000
17921  31.788  -63.861  -10.315 7.0000000000
18834  29.992  -62.255  0.424 7.0000000000
18887  32.495  -62.446  -3.276 7.0000000000
19804  29.432  -61.745  0.373 7.0000000000
105043  20.617  -71.261  1.310 7.0000000000
105218  25.078  -66.284  -0.555 7.0000000000
105628  32.509  -66.140  -8.982 7.0000000000
105984  28.564  -64.097  0.827 7.0000000000
105994  23.052  -69.721  1.647 7.0000000000
106033  33.085  -63.964  -6.737 7.0000000000
106115  22.472  -68.398  -1.726 7.0000000000
106138  21.757  -74.530  0.806 7.0000000000
106396  21.313  -70.024  -0.763 7.0000000000
107153  33.015  -64.749  -5.420 7.0000000000
107832  33.122  -65.059  -6.149 7.0000000000
108335  33.063  -65.156  -6.932 7.0000000000
108418  21.726  -69.400  -1.720 7.0000000000
109429  22.382  -68.484  -2.676 7.0000000000
109520  31.301  -66.902  -2.566 7.0000000000
109719  24.578  -72.945  -0.074 7.0000000000
110588  29.520  -77.334  -4.351 7.0000000000
111340  26.786  -72.101  -7.586 7.0000000000
111590  24.280  -67.930  1.576 7.0000000000
111653  32.914  -65.158  -7.641 7.0000000000
112404  32.338  -68.054  -7.058 7.0000000000
112766  31.169  -65.722  -1.333 7.0000000000
112847  27.718  -77.245  -4.229 7.0000000000
112998  26.708  -72.902  -3.896 7.0000000000
113004  30.822  -69.439  -5.979 7.0000000000
114129  29.074  -70.188  -10.701 7.0000000000
114952  28.921  -70.536  -5.141 7.0000000000
115357  22.868  -70.492  1.599 7.0000000000
115669  32.624  -62.899  -4.011 7.0000000000
116114  31.390  -68.544  -14.442 7.0000000000
117247  21.462  -69.218  0.339 7.0000000000
118243  20.149  -72.034  1.232 7.0000000000
118438  25.895  -68.438  -5.624 7.0000000000
120232  29.339  -66.283  0.375 7.0000000000
120348  27.439  -74.263  -7.254 7.0000000000
120772  30.501  -62.658  0.211 7.0000000000
120825  29.841  -74.276  -4.410 7.0000000000
120883  24.052  -68.547  -7.210 7.0000000000
121478  29.091  -70.449  -5.926 7.0000000000
121691  31.852  -72.345  -5.315 7.0000000000
121787  22.401  -69.073  1.589 7.0000000000
121859  31.554  -76.112  -8.236 7.0000000000
122012  31.102  -72.254  -6.919 7.0000000000
122059  27.481  -69.091  -0.008 7.0000000000
123802  33.664  -70.662  -11.616 7.0000000000
123827  21.932  -73.008  1.549 7.0000000000
123991  20.615  -71.084  -0.568 7.0000000000
124552  26.021  -71.352  -1.115 7.0000000000
