# sub-05 hemi-L FacesvsAllnoFace_scaled Cluster_1
56
5558 -41.606000 -80.292000 11.043000 1
6298 -40.692000 -80.129000 11.493000 1
6299 -41.512000 -80.022000 11.355000 1
6300 -41.943000 -79.799000 11.218000 1
6301 -42.266000 -79.377000 11.362000 1
6311 -41.570000 -80.318000 10.937000 1
6312 -42.042000 -79.862000 10.905000 1
6328 -40.223000 -80.025000 9.456000 1
6329 -40.981000 -80.402000 10.388000 1
7060 -39.719000 -77.872000 11.907000 1
7061 -41.536000 -78.877000 12.081000 1
7062 -42.451000 -78.727000 12.157000 1
7063 -43.086000 -78.355000 12.144000 1
7076 -40.354000 -78.866000 11.762000 1
7077 -41.023000 -79.402000 11.749000 1
7078 -42.054000 -79.367000 11.673000 1
7079 -42.630000 -78.833000 11.847000 1
7087 -41.695000 -79.816000 10.701000 1
7088 -42.262000 -79.356000 10.966000 1
7100 -40.002000 -78.769000 9.492000 1
7101 -40.929000 -79.415000 10.051000 1
7112 -39.391000 -79.176000 8.912000 1
7782 -38.604000 -77.654000 11.961000 1
7783 -42.671000 -78.083000 12.448000 1
7785 -43.481000 -77.750000 12.140000 1
7791 -39.070000 -78.551000 11.693000 1
7792 -43.183000 -78.354000 11.901000 1
7796 -41.334000 -77.822000 10.432000 1
7797 -42.315000 -78.497000 10.864000 1
7798 -42.582000 -78.785000 11.459000 1
7807 -40.610000 -78.293000 10.070000 1
8495 -39.946000 -76.297000 12.340000 1
8496 -40.368000 -77.304000 12.264000 1
8497 -42.302000 -77.141000 12.740000 1
8504 -43.440000 -77.362000 11.728000 1
8505 -43.786000 -77.059000 12.067000 1
8513 -42.859000 -78.006000 11.329000 1
9233 -39.496000 -75.355000 12.415000 1
9234 -40.638000 -75.580000 12.632000 1
10024 -38.112000 -74.404000 12.490000 1
10025 -39.061000 -74.494000 12.454000 1
10026 -40.020000 -74.605000 12.615000 1
10890 -38.690000 -73.703000 12.559000 1
10891 -39.581000 -73.789000 12.679000 1
11807 -38.324000 -72.959000 12.711000 1
11808 -39.172000 -73.003000 12.790000 1
135430 -39.652000 -79.651000 11.570000 1
135845 -41.581000 -76.215000 12.812000 1
137064 -41.657000 -78.937000 10.462000 1
142650 -38.889000 -76.113000 12.292000 1
143720 -40.500000 -79.556000 11.637000 1
146111 -39.287000 -76.978000 12.156000 1
146986 -41.048000 -76.724000 12.537000 1
147455 -38.742000 -72.372000 12.985000 1
153118 -40.731000 -78.172000 12.122000 1
153697 -41.622000 -77.924000 12.427000 1
