# sub-05 hemi-L RWvsPER_scaled Cluster_7
73
11164 -37.047000 -73.974000 -11.239000 1
11165 -37.841000 -73.609000 -10.748000 1
11179 -36.859000 -73.434000 -12.267000 1
12059 -39.981000 -73.332000 -9.350000 1
12061 -41.573000 -72.328000 -9.123000 1
12062 -42.155000 -71.861000 -9.177000 1
12077 -38.743000 -73.312000 -10.306000 1
12078 -39.637000 -72.892000 -10.051000 1
12079 -41.263000 -72.178000 -9.801000 1
12093 -37.506000 -72.914000 -11.734000 1
12094 -38.375000 -72.635000 -11.201000 1
12095 -39.324000 -72.381000 -10.893000 1
12096 -40.251000 -72.076000 -10.770000 1
12107 -37.451000 -72.517000 -13.022000 1
12108 -38.148000 -72.110000 -12.145000 1
12928 -42.652000 -71.536000 -8.825000 1
12937 -42.030000 -71.757000 -9.789000 1
12938 -42.668000 -71.404000 -9.653000 1
12939 -43.245000 -71.000000 -9.449000 1
12945 -41.101000 -71.809000 -10.634000 1
12946 -41.877000 -71.549000 -10.522000 1
12947 -42.600000 -71.214000 -10.405000 1
12948 -43.286000 -70.794000 -10.226000 1
12957 -38.912000 -71.973000 -11.602000 1
12958 -39.848000 -71.652000 -11.712000 1
12959 -40.891000 -71.495000 -11.473000 1
12960 -41.714000 -71.274000 -11.308000 1
12961 -42.483000 -70.921000 -11.184000 1
12971 -38.298000 -71.782000 -13.221000 1
12972 -39.747000 -71.255000 -12.772000 1
12973 -40.679000 -71.142000 -12.376000 1
12974 -41.532000 -70.941000 -12.091000 1
12987 -38.689000 -71.378000 -14.389000 1
12988 -39.513000 -70.986000 -13.763000 1
12989 -40.447000 -70.806000 -13.327000 1
13001 -39.275000 -70.792000 -14.854000 1
13838 -44.004000 -70.356000 -9.941000 1
13839 -44.747000 -69.698000 -9.850000 1
13849 -43.278000 -70.513000 -11.078000 1
13850 -44.035000 -69.955000 -10.912000 1
13851 -44.781000 -69.413000 -10.732000 1
13861 -42.358000 -70.666000 -11.984000 1
13862 -44.077000 -69.542000 -11.828000 1
13871 -41.505000 -70.604000 -13.048000 1
13872 -42.171000 -70.512000 -12.623000 1
13873 -43.091000 -69.840000 -12.848000 1
13874 -44.073000 -69.000000 -12.720000 1
13888 -40.134000 -70.526000 -14.310000 1
13891 -43.087000 -69.353000 -13.696000 1
13903 -39.798000 -70.225000 -15.305000 1
14803 -45.488000 -69.021000 -9.807000 1
14804 -46.007000 -68.357000 -9.717000 1
14825 -44.776000 -68.779000 -11.619000 1
14826 -45.257000 -68.349000 -11.143000 1
14827 -45.724000 -68.163000 -10.449000 1
14848 -44.495000 -68.369000 -12.268000 1
14865 -43.740000 -68.596000 -13.405000 1
14885 -42.915000 -68.936000 -14.392000 1
15817 -46.132000 -67.825000 -9.852000 1
15818 -46.344000 -67.499000 -9.182000 1
16779 -47.187000 -66.864000 -7.652000 1
16794 -46.787000 -67.068000 -8.414000 1
132329 -42.405000 -70.116000 -13.201000 1
135635 -38.981000 -71.371000 -13.262000 1
136009 -43.264000 -70.154000 -11.967000 1
137244 -38.932000 -71.602000 -12.398000 1
138013 -36.873000 -73.281000 -13.268000 1
139342 -40.487000 -72.467000 -9.991000 1
143463 -43.682000 -70.666000 -9.208000 1
143936 -44.203000 -70.279000 -9.277000 1
144152 -40.975000 -72.730000 -9.091000 1
144407 -45.320000 -68.938000 -10.503000 1
150716 -40.617000 -72.772000 -9.395000 1
