# sub-05 hemi-L RWvsPER_scaled Cluster_44
29
52408 -32.900000 -31.170000 -8.329000 1
53296 -33.263000 -30.310000 -8.539000 1
53297 -33.752000 -29.997000 -8.623000 1
54213 -30.990000 -29.333000 -7.005000 1
54237 -33.602000 -29.614000 -8.747000 1
54238 -34.278000 -29.198000 -8.960000 1
54239 -35.004000 -28.595000 -8.991000 1
55131 -30.855000 -28.280000 -5.989000 1
55132 -31.614000 -27.972000 -5.905000 1
55148 -30.464000 -28.786000 -6.343000 1
55149 -31.393000 -28.704000 -6.729000 1
55150 -32.985000 -28.295000 -7.541000 1
55165 -32.248000 -28.808000 -7.576000 1
55166 -33.082000 -28.886000 -8.400000 1
55167 -33.810000 -28.442000 -8.616000 1
55181 -33.783000 -28.995000 -8.939000 1
56209 -30.800000 -27.638000 -5.532000 1
56228 -33.802000 -27.971000 -7.962000 1
57354 -29.145000 -26.062000 -5.276000 1
57355 -29.955000 -26.304000 -5.198000 1
57356 -30.758000 -26.866000 -5.157000 1
132853 -29.995000 -27.250000 -5.355000 1
133092 -29.199000 -26.771000 -5.321000 1
133117 -30.759000 -26.163000 -5.035000 1
133493 -30.115000 -28.100000 -5.755000 1
135669 -31.699000 -29.220000 -7.481000 1
137437 -32.134000 -28.370000 -6.771000 1
151239 -33.233000 -29.392000 -8.636000 1
153178 -31.396000 -27.306000 -5.306000 1
