# sub-05 hemi-R LimbsvsAllnoLimbs_scaled Cluster_2
33
3202 24.350000 -85.091000 21.392000 1
3220 24.689000 -84.355000 20.733000 1
3221 23.585000 -84.231000 21.054000 1
3222 22.712000 -84.298000 21.157000 1
3223 21.879000 -84.145000 20.903000 1
3820 24.626000 -83.455000 20.167000 1
3821 23.779000 -83.534000 20.511000 1
3822 22.736000 -83.636000 20.667000 1
3823 21.006000 -83.984000 20.395000 1
3837 23.903000 -82.884000 19.982000 1
3838 22.331000 -82.992000 20.128000 1
3839 21.382000 -83.224000 19.986000 1
4441 24.141000 -82.374000 19.547000 1
4442 23.086000 -82.330000 19.616000 1
4443 21.866000 -82.469000 19.580000 1
4444 20.715000 -82.854000 19.389000 1
4452 21.325000 -81.989000 18.989000 1
5121 23.747000 -81.782000 19.223000 1
5122 22.333000 -81.783000 19.121000 1
5131 22.679000 -81.210000 18.734000 1
5132 21.840000 -81.300000 18.643000 1
5133 20.794000 -81.441000 18.350000 1
5808 21.489000 -80.747000 18.181000 1
5809 20.764000 -80.801000 17.866000 1
5811 21.084000 -80.199000 17.666000 1
6450 22.808000 -79.779000 18.161000 1
6451 22.072000 -80.104000 17.984000 1
6458 22.287000 -79.077000 17.677000 1
135121 22.241000 -80.775000 18.409000 1
138081 24.541000 -81.913000 19.300000 1
140256 21.827000 -83.568000 20.450000 1
152187 23.068000 -81.640000 19.106000 1
157464 23.161000 -83.022000 20.220000 1
