# sub-05 hemi-L LimbsvsAllnoLimbs_scaled Cluster_7
31
13701 -48.540000 -70.742000 2.885000 1
13716 -47.809000 -71.185000 1.387000 1
13717 -48.316000 -70.443000 1.873000 1
14659 -49.204000 -70.135000 3.509000 1
14669 -48.859000 -69.682000 2.506000 1
14670 -49.601000 -69.099000 3.213000 1
14677 -47.761000 -68.871000 1.312000 1
14678 -47.830000 -70.090000 1.126000 1
14679 -48.473000 -69.286000 1.680000 1
14691 -47.110000 -70.163000 0.490000 1
14692 -47.521000 -71.137000 0.663000 1
15682 -49.214000 -68.562000 2.185000 1
15683 -50.009000 -67.951000 3.029000 1
15689 -45.723000 -68.449000 1.170000 1
15690 -46.733000 -68.445000 1.291000 1
15699 -44.992000 -68.880000 0.687000 1
15700 -46.202000 -69.280000 0.694000 1
16656 -48.750000 -67.213000 1.810000 1
16657 -49.351000 -67.538000 2.125000 1
16667 -44.881000 -67.941000 1.352000 1
16668 -45.941000 -67.720000 1.531000 1
16669 -46.909000 -67.487000 1.624000 1
16670 -47.895000 -67.312000 1.660000 1
17767 -45.411000 -66.814000 2.019000 1
17780 -46.205000 -66.955000 1.850000 1
17781 -47.198000 -66.840000 1.890000 1
140559 -47.570000 -68.022000 1.492000 1
154677 -47.168000 -69.344000 0.947000 1
157579 -46.653000 -66.647000 2.130000 1
157676 -48.527000 -68.073000 1.631000 1
157822 -47.186000 -71.777000 0.349000 1
