# sub-05 hemi-L LimbsvsAllnoLimbs_scaled Cluster_26
44
30871 -32.529000 -53.290000 -4.843000 1
30886 -32.359000 -53.233000 -5.622000 1
30912 -32.146000 -53.693000 -7.360000 1
31852 -32.324000 -52.513000 -5.347000 1
31865 -32.173000 -52.821000 -6.139000 1
31874 -31.875000 -52.263000 -6.553000 1
31889 -31.692000 -52.215000 -7.376000 1
31890 -31.897000 -52.947000 -7.852000 1
32844 -32.366000 -51.753000 -4.862000 1
32855 -31.786000 -51.238000 -5.991000 1
32856 -32.089000 -51.769000 -5.614000 1
32870 -31.574000 -51.498000 -6.782000 1
32871 -31.861000 -51.806000 -6.172000 1
32885 -31.348000 -51.383000 -7.863000 1
32893 -31.356000 -51.217000 -8.977000 1
33823 -32.512000 -50.293000 -4.158000 1
33837 -31.718000 -50.444000 -5.757000 1
33838 -32.143000 -50.366000 -4.960000 1
33852 -31.495000 -50.770000 -6.437000 1
33861 -31.201000 -50.687000 -7.252000 1
33869 -30.997000 -50.417000 -8.466000 1
34791 -32.232000 -49.595000 -4.614000 1
34804 -31.235000 -49.933000 -6.537000 1
34805 -31.818000 -49.770000 -5.359000 1
34816 -30.806000 -49.310000 -7.342000 1
34823 -30.567000 -48.769000 -8.134000 1
34824 -30.724000 -49.507000 -8.376000 1
34833 -30.942000 -49.575000 -9.557000 1
35755 -32.350000 -48.650000 -4.332000 1
35768 -31.428000 -48.501000 -5.809000 1
35769 -31.824000 -48.973000 -5.173000 1
35776 -31.090000 -48.960000 -6.496000 1
35783 -30.726000 -48.536000 -7.212000 1
139998 -31.836000 -48.055000 -5.108000 1
143040 -30.647000 -47.775000 -7.294000 1
143760 -32.101000 -51.092000 -5.295000 1
144460 -32.011000 -52.952000 -6.934000 1
144627 -32.416000 -51.010000 -4.521000 1
146006 -31.016000 -48.117000 -6.487000 1
151280 -30.908000 -50.002000 -7.569000 1
152308 -30.510000 -48.166000 -7.911000 1
153386 -31.468000 -49.330000 -5.854000 1
153970 -32.060000 -52.234000 -5.969000 1
154791 -31.549000 -49.880000 -5.853000 1
