# sub-05 hemi-L FacesvsAllnoFace_scaled Cluster_21
32
28964 -35.449000 -55.547000 -3.921000 1
28977 -36.655000 -55.395000 -5.524000 1
29916 -35.249000 -54.724000 -3.549000 1
29931 -35.754000 -54.758000 -4.006000 1
30861 -35.681000 -53.323000 -3.429000 1
30872 -35.744000 -54.084000 -3.750000 1
30873 -36.245000 -53.384000 -4.235000 1
30887 -36.576000 -52.938000 -5.098000 1
31838 -35.654000 -52.561000 -3.069000 1
31839 -36.088000 -52.731000 -3.679000 1
31853 -36.418000 -52.468000 -4.320000 1
31866 -36.598000 -52.204000 -5.032000 1
32820 -36.143000 -51.023000 -2.953000 1
32845 -36.541000 -51.663000 -4.514000 1
33798 -35.998000 -50.262000 -2.499000 1
33813 -36.427000 -50.196000 -3.297000 1
33824 -36.636000 -50.872000 -4.975000 1
33839 -36.688000 -50.970000 -5.841000 1
34763 -35.815000 -49.551000 -2.163000 1
34764 -36.331000 -49.545000 -2.717000 1
34806 -36.713000 -49.356000 -5.253000 1
35743 -36.594000 -48.795000 -2.854000 1
35756 -36.782000 -48.969000 -4.515000 1
36818 -36.912000 -48.078000 -4.652000 1
135045 -36.547000 -53.833000 -5.137000 1
136182 -36.500000 -50.947000 -3.910000 1
136253 -35.167000 -53.954000 -3.200000 1
137903 -36.640000 -49.969000 -4.454000 1
138457 -36.841000 -48.484000 -3.723000 1
142850 -36.113000 -55.126000 -4.595000 1
145106 -36.188000 -54.299000 -4.453000 1
145440 -36.638000 -49.333000 -3.574000 1
