# sub-05 hemi-R FacesvsAllnoFace_scaled Cluster_47
35
44992 55.917000 -40.782000 8.320000 1
45004 56.311000 -39.781000 7.859000 1
45029 56.127000 -40.668000 4.273000 1
45969 56.479000 -39.234000 8.714000 1
45975 56.399000 -38.937000 7.846000 1
45987 56.396000 -39.193000 6.363000 1
45998 56.301000 -39.404000 5.225000 1
46012 56.280000 -39.750000 3.987000 1
46918 57.325000 -38.674000 11.075000 1
46932 56.906000 -38.501000 10.315000 1
46933 56.344000 -38.293000 9.944000 1
46937 56.358000 -38.675000 9.242000 1
46942 56.250000 -38.802000 8.511000 1
46954 56.101000 -38.588000 7.641000 1
46971 56.210000 -37.996000 6.633000 1
47004 56.426000 -38.854000 3.676000 1
47823 57.802000 -38.060000 12.884000 1
47824 57.222000 -37.281000 11.903000 1
47837 57.624000 -38.528000 12.137000 1
47838 57.191000 -37.808000 11.258000 1
47847 56.679000 -37.847000 10.590000 1
47909 56.299000 -37.390000 5.864000 1
47910 55.977000 -36.747000 5.749000 1
48858 57.593000 -37.101000 12.891000 1
48859 56.751000 -36.517000 12.307000 1
48948 56.483000 -36.284000 4.393000 1
49889 55.788000 -35.297000 13.183000 1
49892 56.285000 -35.877000 12.713000 1
134033 56.508000 -38.246000 6.010000 1
134991 56.423000 -38.567000 4.796000 1
135212 56.417000 -39.220000 7.193000 1
148295 56.140000 -39.991000 6.714000 1
151164 56.769000 -38.815000 9.861000 1
152195 56.363000 -38.628000 7.006000 1
155702 56.399000 -36.629000 5.181000 1
