# sub-05 hemi-R FacesvsAllnoFace_scaled Cluster_35
37
26254 37.746000 -58.588000 18.470000 1
26255 36.870000 -58.717000 18.490000 1
26256 35.973000 -58.794000 18.485000 1
27329 37.328000 -57.805000 18.518000 1
27330 36.390000 -57.881000 18.505000 1
28391 38.206000 -56.190000 19.136000 1
28392 37.351000 -56.158000 19.199000 1
28412 37.788000 -56.952000 18.772000 1
28413 36.871000 -56.973000 18.801000 1
29414 37.853000 -55.447000 19.463000 1
30369 38.470000 -54.746000 19.535000 1
30370 36.910000 -54.326000 19.669000 1
31413 38.769000 -53.805000 19.419000 1
31414 36.907000 -53.526000 19.536000 1
31433 38.961000 -52.992000 19.105000 1
32518 36.540000 -52.724000 19.240000 1
32536 37.255000 -52.440000 18.868000 1
33633 37.448000 -51.909000 18.218000 1
33649 37.917000 -51.671000 17.425000 1
33650 36.613000 -51.616000 18.005000 1
33671 38.279000 -51.544000 16.839000 1
33672 37.532000 -51.493000 16.517000 1
33673 36.649000 -51.246000 16.737000 1
33692 39.025000 -51.473000 15.755000 1
33693 38.467000 -51.753000 15.147000 1
33694 37.672000 -51.511000 15.425000 1
33711 38.119000 -51.688000 14.670000 1
132499 38.296000 -51.583000 16.063000 1
137648 37.778000 -53.890000 19.575000 1
137986 37.595000 -54.726000 19.625000 1
142999 39.059000 -51.795000 14.880000 1
146570 38.131000 -52.529000 18.786000 1
147068 38.555000 -55.568000 19.362000 1
148020 37.485000 -53.020000 19.288000 1
149785 37.106000 -51.543000 17.376000 1
150235 36.622000 -52.076000 18.629000 1
151521 38.231000 -53.234000 19.288000 1
