# sub-05 hemi-R LimbsvsAllnoLimbs_scaled Cluster_22
23
16382 37.499000 -68.291000 -5.351000 1
17206 40.943000 -67.511000 0.885000 1
17220 40.371000 -67.538000 0.239000 1
17233 41.032000 -67.448000 -0.606000 1
17234 39.780000 -67.379000 -0.439000 1
17251 40.676000 -67.245000 -1.229000 1
17298 39.223000 -66.879000 -5.909000 1
17299 38.020000 -67.314000 -5.101000 1
17313 38.361000 -67.877000 -6.077000 1
18270 41.725000 -66.372000 -2.091000 1
18288 41.528000 -66.008000 -2.844000 1
18303 40.643000 -65.633000 -4.911000 1
18304 40.003000 -66.185000 -4.817000 1
18320 40.219000 -65.933000 -5.648000 1
18321 39.083000 -66.602000 -5.039000 1
19311 41.073000 -65.413000 -4.366000 1
134796 41.553000 -67.491000 0.026000 1
136103 38.154000 -66.747000 -4.433000 1
136340 41.130000 -65.935000 -3.523000 1
146263 40.962000 -66.714000 -2.191000 1
149137 40.376000 -66.370000 -3.039000 1
153039 40.304000 -66.091000 -4.032000 1
155411 41.151000 -66.274000 -2.933000 1
