# sub-05 hemi-L RWvsPER_scaled Cluster_46
39
55199 -44.032000 -28.641000 -10.943000 1
56217 -47.488000 -27.345000 -5.915000 1
56224 -47.522000 -27.467000 -6.628000 1
56234 -47.485000 -27.580000 -7.423000 1
56243 -47.263000 -27.524000 -8.227000 1
56269 -43.757000 -28.038000 -10.935000 1
57382 -47.493000 -26.716000 -6.296000 1
57397 -47.484000 -26.789000 -7.229000 1
57410 -47.293000 -26.708000 -8.101000 1
57421 -43.448000 -27.160000 -10.953000 1
57422 -43.788000 -26.898000 -10.708000 1
58411 -47.130000 -25.171000 -5.763000 1
58412 -47.389000 -25.975000 -5.953000 1
58420 -47.450000 -26.022000 -6.765000 1
58423 -47.015000 -25.160000 -8.007000 1
58424 -47.331000 -25.970000 -7.666000 1
58427 -46.764000 -25.991000 -8.662000 1
58430 -44.742000 -26.116000 -10.243000 1
58431 -45.926000 -25.726000 -9.417000 1
59386 -46.918000 -24.466000 -5.972000 1
59387 -47.157000 -24.816000 -6.517000 1
59390 -46.999000 -24.540000 -7.314000 1
59391 -47.301000 -25.303000 -7.118000 1
59394 -46.563000 -24.283000 -8.251000 1
59396 -44.411000 -24.536000 -10.191000 1
59399 -43.738000 -25.387000 -10.578000 1
60264 -45.724000 -23.216000 -8.887000 1
60265 -46.042000 -23.816000 -8.797000 1
60269 -45.236000 -23.872000 -9.548000 1
61319 -46.273000 -23.436000 -8.162000 1
134805 -46.394000 -25.068000 -8.905000 1
136505 -43.866000 -27.492000 -10.747000 1
139117 -45.294000 -25.072000 -9.721000 1
139316 -47.492000 -28.093000 -6.088000 1
140006 -47.432000 -27.136000 -7.756000 1
142251 -46.827000 -24.081000 -6.579000 1
148292 -45.934000 -24.392000 -9.157000 1
155654 -47.328000 -25.446000 -6.409000 1
156288 -45.298000 -24.442000 -9.607000 1
