# sub-05 hemi-L RWvsFF_scaled Cluster_25
41
32640 -41.888000 -51.103000 9.756000 1
33600 -40.578000 -50.921000 10.025000 1
33601 -41.325000 -51.179000 10.049000 1
33611 -40.454000 -50.342000 9.585000 1
33612 -41.247000 -50.474000 9.675000 1
33613 -42.186000 -50.456000 9.329000 1
33633 -39.446000 -50.357000 8.699000 1
33646 -39.397000 -50.190000 7.933000 1
33661 -39.520000 -50.184000 7.129000 1
34580 -40.002000 -50.021000 9.160000 1
34581 -40.787000 -49.775000 9.253000 1
34582 -41.538000 -49.809000 9.251000 1
34597 -39.857000 -49.678000 8.397000 1
34598 -40.521000 -49.367000 8.661000 1
34599 -41.290000 -49.207000 8.845000 1
34614 -39.813000 -49.569000 7.575000 1
34668 -40.995000 -49.312000 4.732000 1
34684 -41.528000 -49.166000 4.031000 1
35562 -41.828000 -48.658000 8.401000 1
35563 -42.719000 -48.854000 8.352000 1
35576 -41.547000 -48.213000 7.726000 1
35577 -42.370000 -48.136000 7.896000 1
35578 -43.250000 -48.393000 7.844000 1
35599 -40.704000 -48.515000 6.691000 1
35600 -41.320000 -47.920000 6.959000 1
35619 -40.732000 -48.660000 5.919000 1
35620 -41.243000 -48.117000 5.603000 1
35634 -40.926000 -48.767000 5.268000 1
35635 -41.406000 -48.407000 4.703000 1
35649 -41.852000 -48.357000 3.850000 1
36623 -42.069000 -47.631000 7.283000 1
36624 -42.937000 -47.618000 7.427000 1
36652 -42.609000 -47.178000 6.757000 1
36676 -41.734000 -47.465000 5.802000 1
36692 -41.958000 -47.598000 4.399000 1
139196 -41.416000 -47.771000 6.244000 1
139920 -42.118000 -47.130000 5.215000 1
140353 -40.335000 -49.064000 7.958000 1
142790 -41.055000 -48.168000 6.277000 1
144271 -41.637000 -47.707000 5.126000 1
157590 -42.220000 -47.776000 3.676000 1
