# sub-05 hemi-L RWvsFF_scaled Cluster_45
20
62261 -31.556000 -21.576000 -6.669000 1
63272 -31.566000 -20.727000 -6.829000 1
63279 -31.616000 -19.854000 -6.940000 1
63280 -32.339000 -20.496000 -7.135000 1
64209 -31.767000 -19.015000 -6.932000 1
64218 -32.406000 -19.700000 -7.255000 1
65150 -32.402000 -17.871000 -5.758000 1
65160 -31.095000 -18.222000 -6.416000 1
65161 -32.057000 -18.401000 -6.526000 1
65162 -32.979000 -18.574000 -6.768000 1
65177 -33.743000 -18.358000 -7.645000 1
66114 -31.531000 -17.718000 -5.809000 1
66129 -34.364000 -17.068000 -8.073000 1
66130 -35.094000 -17.434000 -7.346000 1
67047 -34.404000 -16.345000 -8.575000 1
67996 -34.535000 -15.717000 -8.486000 1
68010 -34.383000 -15.758000 -8.903000 1
68011 -34.382000 -14.916000 -8.883000 1
141040 -35.200000 -15.864000 -7.823000 1
144723 -34.130000 -17.660000 -8.099000 1
