# sub-11 hemi-L RWvsFF_scaled Cluster_21
18
41810 -36.770000 -36.345000 4.509000 1
42759 -37.002000 -35.605000 4.560000 1
42760 -37.821000 -35.261000 3.928000 1
43674 -35.607000 -34.455000 6.736000 1
43687 -36.582000 -35.069000 5.218000 1
43688 -37.216000 -34.343000 5.030000 1
43701 -37.301000 -34.972000 4.591000 1
43702 -37.994000 -34.556000 4.204000 1
44600 -36.232000 -33.478000 6.760000 1
44601 -37.199000 -33.417000 5.694000 1
44620 -38.376000 -32.999000 5.069000 1
44634 -38.122000 -33.788000 4.613000 1
45569 -36.708000 -32.692000 7.333000 1
45570 -37.381000 -32.121000 7.763000 1
45601 -38.838000 -32.270000 5.430000 1
117322 -37.542000 -32.208000 6.917000 1
118329 -37.846000 -32.545000 6.004000 1
133599 -36.982000 -32.795000 6.537000 1
