# sub-11 hemi-L LimbsvsAllnoLimbs_scaled Cluster_0
39
8761 -45.505000 -74.129000 18.687000 1
9588 -44.673000 -74.171000 20.736000 1
9589 -45.183000 -73.254000 19.842000 1
9605 -45.022000 -74.194000 19.629000 1
9606 -45.608000 -73.529000 19.121000 1
9607 -46.121000 -73.250000 18.425000 1
9622 -45.851000 -73.999000 17.975000 1
9634 -45.703000 -73.765000 17.554000 1
10429 -44.551000 -72.922000 22.153000 1
10430 -44.995000 -72.409000 21.287000 1
10445 -44.591000 -73.448000 21.478000 1
10458 -44.811000 -72.985000 20.661000 1
10459 -45.704000 -72.301000 20.276000 1
10460 -46.672000 -72.103000 19.421000 1
10474 -46.013000 -72.794000 19.273000 1
10475 -46.605000 -72.543000 18.705000 1
10487 -46.234000 -73.174000 17.866000 1
10488 -46.698000 -72.526000 18.171000 1
10503 -46.633000 -72.390000 17.799000 1
11336 -44.641000 -72.575000 22.930000 1
11337 -45.478000 -71.715000 22.987000 1
11338 -46.624000 -71.441000 23.151000 1
11354 -45.210000 -71.975000 22.114000 1
11355 -46.270000 -71.502000 22.208000 1
11356 -47.466000 -71.217000 22.454000 1
11372 -45.939000 -71.723000 21.250000 1
11373 -47.080000 -71.323000 21.395000 1
11390 -46.767000 -71.603000 20.365000 1
11391 -47.742000 -71.094000 20.513000 1
11406 -47.181000 -71.983000 18.648000 1
11407 -47.774000 -71.354000 18.576000 1
11421 -47.291000 -71.821000 18.090000 1
11438 -47.126000 -71.555000 17.768000 1
12293 -48.371000 -70.516000 20.531000 1
117589 -47.556000 -71.455000 19.451000 1
118913 -48.115000 -71.034000 19.114000 1
123594 -44.636000 -73.739000 22.901000 1
130105 -44.600000 -73.912000 22.244000 1
132481 -48.089000 -70.897000 19.771000 1
