# sub-11 hemi-R RWvsPER_scaled Cluster_36
37
28455 35.670000 -51.510000 1.382000 1
29318 35.444000 -50.706000 3.017000 1
29319 35.055000 -50.134000 3.540000 1
29325 35.382000 -50.783000 1.855000 1
29326 35.127000 -50.090000 2.464000 1
30188 33.835000 -48.891000 5.695000 1
30197 34.420000 -49.279000 4.901000 1
30198 33.885000 -48.589000 4.889000 1
30203 34.814000 -49.656000 3.046000 1
30212 35.525000 -49.817000 1.396000 1
31198 33.103000 -48.602000 6.513000 1
31210 33.315000 -48.299000 5.553000 1
31211 32.525000 -47.994000 6.053000 1
31219 34.251000 -48.857000 4.092000 1
31220 33.802000 -48.177000 4.240000 1
31228 34.617000 -48.562000 2.591000 1
31229 34.224000 -48.344000 3.397000 1
31241 35.058000 -48.268000 1.731000 1
32125 32.907000 -47.709000 5.302000 1
32126 32.080000 -47.397000 5.633000 1
32136 33.285000 -47.537000 4.564000 1
32137 32.541000 -47.068000 4.972000 1
32148 34.445000 -47.816000 2.491000 1
32149 33.746000 -47.423000 3.563000 1
32163 34.257000 -46.800000 2.404000 1
33084 31.700000 -46.859000 5.170000 1
33093 32.961000 -46.774000 4.217000 1
33094 32.167000 -46.459000 4.564000 1
33107 33.392000 -46.310000 3.337000 1
33108 32.532000 -46.012000 3.870000 1
33124 33.984000 -45.737000 2.282000 1
34052 32.990000 -45.401000 3.054000 1
34068 33.695000 -44.751000 1.926000 1
116563 35.015000 -49.176000 2.186000 1
129290 34.658000 -49.534000 3.886000 1
129441 34.554000 -49.062000 3.207000 1
134061 33.462000 -48.075000 4.901000 1
