# sub-11 hemi-R FacesvsAllnoFace_scaled Cluster_46
15
55199 37.913000 -23.542000 4.133000 1
55209 38.108000 -23.921000 3.769000 1
56103 37.800000 -22.681000 5.313000 1
56104 36.983000 -22.246000 5.223000 1
56112 38.067000 -23.254000 4.591000 1
56113 36.658000 -22.731000 4.703000 1
56114 35.759000 -22.526000 4.552000 1
56923 37.271000 -21.822000 5.819000 1
56935 36.156000 -21.912000 4.968000 1
56936 35.367000 -21.633000 4.611000 1
56946 34.235000 -21.364000 3.765000 1
57728 35.151000 -20.800000 4.565000 1
57729 34.545000 -20.498000 3.851000 1
125456 37.488000 -22.991000 4.710000 1
133953 37.178000 -23.324000 4.343000 1
