# sub-11 hemi-L FacesvsAllnoFace_scaled Cluster_25
24
42785 -49.895000 -35.100000 2.664000 1
42786 -50.826000 -35.592000 2.186000 1
43691 -50.419000 -34.177000 4.951000 1
43705 -49.873000 -34.244000 4.414000 1
43706 -50.555000 -34.586000 4.284000 1
43715 -49.335000 -34.509000 2.881000 1
43723 -49.266000 -34.790000 1.638000 1
44622 -49.144000 -33.067000 4.834000 1
44623 -49.847000 -33.695000 5.198000 1
44646 -48.880000 -33.741000 3.047000 1
45603 -48.809000 -32.201000 4.278000 1
45618 -48.775000 -31.930000 1.796000 1
46551 -49.227000 -30.982000 2.769000 1
46556 -49.089000 -31.255000 2.030000 1
47354 -49.265000 -30.722000 3.826000 1
47355 -49.802000 -30.004000 3.530000 1
47361 -49.605000 -30.228000 2.716000 1
48152 -50.253000 -29.401000 3.343000 1
49156 -50.470000 -29.148000 3.941000 1
113497 -49.900000 -35.405000 1.696000 1
113756 -48.861000 -33.879000 1.024000 1
115639 -48.680000 -32.714000 2.434000 1
118008 -48.652000 -32.564000 1.440000 1
129336 -48.938000 -31.437000 3.735000 1
