# sub-11 hemi-R LimbsvsAllnoLimbs_scaled Cluster_30
134
37029 31.431000 -41.804000 7.378000 1
37044 31.291000 -42.129000 6.599000 1
37045 30.695000 -41.909000 6.178000 1
37953 36.773000 -41.068000 8.284000 1
37956 32.249000 -41.242000 8.485000 1
37957 31.611000 -41.267000 7.961000 1
37972 31.013000 -41.108000 7.464000 1
37973 30.412000 -40.963000 7.032000 1
37986 30.822000 -41.566000 6.892000 1
37987 29.289000 -40.931000 6.225000 1
37995 29.164000 -41.641000 5.830000 1
38871 34.278000 -40.359000 9.206000 1
38886 36.705000 -40.282000 8.423000 1
38887 36.206000 -40.597000 8.826000 1
38890 32.472000 -40.336000 8.515000 1
38891 31.843000 -40.617000 8.225000 1
38896 37.238000 -40.376000 7.843000 1
38897 31.283000 -40.485000 7.793000 1
38898 30.694000 -40.494000 7.408000 1
38908 37.967000 -40.479000 6.487000 1
38909 29.494000 -40.397000 6.542000 1
38910 28.819000 -40.251000 6.232000 1
39832 36.961000 -39.619000 8.286000 1
39833 36.320000 -39.785000 8.733000 1
39834 35.010000 -39.781000 9.158000 1
39835 34.249000 -39.508000 8.849000 1
39836 32.726000 -39.408000 8.264000 1
39841 37.541000 -39.419000 7.585000 1
39842 31.772000 -39.766000 8.002000 1
39843 30.791000 -39.725000 7.505000 1
39853 38.366000 -39.062000 5.980000 1
39854 37.988000 -39.656000 6.684000 1
39855 29.998000 -39.318000 7.034000 1
39856 29.426000 -39.749000 6.653000 1
39857 28.815000 -39.306000 6.339000 1
39862 28.052000 -39.651000 5.802000 1
40791 37.061000 -38.108000 8.277000 1
40792 36.267000 -38.256000 8.587000 1
40793 35.447000 -38.295000 8.628000 1
40794 34.271000 -38.830000 8.474000 1
40795 33.599000 -39.094000 8.386000 1
40801 38.085000 -37.872000 7.069000 1
40802 37.595000 -38.422000 7.693000 1
40803 33.908000 -38.320000 7.918000 1
40804 32.202000 -38.765000 7.666000 1
40805 31.322000 -39.066000 7.579000 1
40815 38.408000 -38.208000 6.322000 1
40816 38.031000 -38.772000 6.931000 1
40817 33.107000 -37.957000 7.169000 1
40818 31.434000 -38.227000 7.187000 1
40819 30.612000 -38.806000 7.249000 1
40820 29.859000 -38.422000 6.746000 1
40821 29.030000 -38.468000 6.394000 1
40827 28.348000 -38.670000 5.953000 1
40828 27.713000 -38.834000 5.362000 1
40835 28.072000 -38.042000 5.442000 1
41838 37.210000 -37.264000 8.133000 1
41839 36.602000 -37.415000 8.387000 1
41840 35.844000 -37.524000 8.513000 1
41841 35.086000 -37.565000 8.339000 1
41848 34.406000 -37.604000 7.862000 1
41849 33.721000 -37.641000 7.289000 1
41862 33.315000 -37.403000 6.555000 1
41863 32.064000 -37.515000 6.586000 1
41864 31.065000 -37.465000 6.581000 1
41865 30.162000 -37.519000 6.479000 1
41866 29.352000 -37.676000 6.308000 1
41874 33.151000 -37.164000 5.786000 1
41875 32.649000 -37.162000 5.760000 1
41876 31.641000 -36.905000 5.919000 1
41877 30.575000 -36.800000 6.011000 1
41878 29.638000 -36.913000 5.977000 1
41879 28.650000 -37.828000 5.988000 1
41886 27.956000 -37.558000 4.712000 1
41887 27.403000 -37.977000 4.138000 1
41905 27.935000 -37.195000 3.814000 1
42904 36.117000 -36.722000 8.383000 1
42905 34.835000 -36.823000 7.978000 1
42918 38.280000 -36.979000 7.211000 1
42919 37.673000 -36.730000 7.844000 1
42920 34.642000 -35.991000 7.573000 1
42921 34.203000 -36.849000 7.298000 1
42922 33.686000 -37.125000 6.717000 1
42936 33.848000 -36.555000 6.503000 1
42937 33.489000 -36.981000 5.998000 1
42944 33.672000 -36.367000 5.560000 1
42945 33.321000 -36.726000 5.157000 1
42946 33.035000 -36.881000 5.001000 1
42947 32.229000 -36.598000 4.958000 1
42948 31.025000 -36.318000 5.269000 1
42949 29.998000 -36.374000 5.308000 1
42950 29.120000 -36.680000 5.287000 1
42965 33.670000 -36.237000 4.510000 1
42967 32.297000 -36.248000 3.942000 1
42968 31.312000 -35.991000 4.368000 1
42969 30.411000 -36.037000 4.625000 1
42970 29.458000 -36.232000 4.317000 1
42971 28.555000 -36.830000 4.510000 1
42991 31.508000 -35.830000 3.347000 1
42992 30.385000 -35.842000 3.646000 1
42993 29.500000 -36.172000 3.249000 1
42994 28.711000 -36.522000 3.404000 1
43938 37.400000 -35.925000 8.105000 1
43970 33.915000 -35.714000 6.296000 1
114572 34.919000 -38.970000 8.790000 1
115791 29.875000 -40.879000 6.563000 1
115913 31.776000 -42.543000 6.287000 1
118359 37.668000 -40.190000 7.165000 1
118456 37.179000 -38.901000 8.176000 1
118749 35.671000 -40.127000 9.100000 1
118801 35.772000 -39.167000 8.882000 1
120399 28.517000 -37.303000 5.347000 1
121554 34.185000 -36.035000 7.002000 1
121589 33.112000 -38.564000 7.771000 1
122972 35.452000 -36.934000 8.294000 1
124099 36.601000 -38.972000 8.523000 1
124235 30.070000 -40.210000 7.020000 1
124499 33.013000 -36.468000 3.533000 1
125429 30.603000 -38.086000 6.883000 1
125806 37.586000 -41.002000 7.151000 1
127548 32.864000 -37.559000 6.472000 1
129324 34.668000 -38.266000 8.369000 1
130566 38.275000 -39.992000 5.902000 1
130794 30.261000 -41.399000 6.434000 1
130987 32.904000 -36.649000 4.305000 1
131757 32.412000 -38.024000 7.157000 1
132229 35.419000 -36.068000 8.121000 1
133089 27.594000 -38.246000 4.879000 1
133588 28.988000 -37.181000 5.876000 1
134392 29.396000 -39.047000 6.670000 1
134473 33.393000 -40.064000 8.840000 1
135898 32.725000 -38.327000 7.441000 1
137467 29.713000 -41.348000 6.164000 1
137901 33.480000 -38.127000 7.509000 1
