# sub-11 hemi-R RWvsPER_scaled Cluster_32
19
24366 35.002000 -55.546000 13.403000 1
24367 34.359000 -55.413000 14.226000 1
25302 34.292000 -54.480000 14.632000 1
25311 35.195000 -54.493000 13.274000 1
26281 34.744000 -53.396000 15.645000 1
26302 36.546000 -52.963000 15.835000 1
26303 35.586000 -52.985000 15.885000 1
26320 35.137000 -52.790000 15.079000 1
26321 34.610000 -53.543000 14.779000 1
26331 35.043000 -53.012000 14.153000 1
26332 34.760000 -53.903000 13.965000 1
27335 37.041000 -52.410000 15.144000 1
27336 36.039000 -52.454000 15.309000 1
27345 36.932000 -51.924000 14.357000 1
27347 35.652000 -52.397000 14.490000 1
120822 34.293000 -53.982000 15.351000 1
122349 35.409000 -53.422000 13.256000 1
125475 36.358000 -52.158000 14.715000 1
132206 34.647000 -54.757000 13.876000 1
