# sub-11 hemi-L RWvsPER_scaled Cluster_20
30
37295 -35.443000 -41.085000 7.646000 1
37301 -35.741000 -41.573000 7.063000 1
37310 -36.627000 -41.453000 5.495000 1
37311 -37.205000 -42.084000 5.107000 1
37317 -37.240000 -41.293000 4.653000 1
38154 -35.644000 -40.905000 6.781000 1
38155 -36.099000 -40.674000 5.890000 1
38166 -35.872000 -39.751000 5.786000 1
38173 -36.973000 -40.445000 4.549000 1
39030 -35.437000 -39.390000 6.349000 1
39049 -36.745000 -39.784000 4.563000 1
39910 -35.179000 -38.638000 6.547000 1
39923 -35.654000 -38.920000 5.806000 1
39924 -35.934000 -38.275000 5.280000 1
40843 -35.546000 -37.372000 5.766000 1
40844 -36.273000 -37.548000 4.842000 1
41796 -36.140000 -36.742000 5.107000 1
41810 -36.770000 -36.345000 4.509000 1
42750 -36.249000 -35.894000 5.204000 1
42759 -37.002000 -35.605000 4.560000 1
43687 -36.582000 -35.069000 5.218000 1
43688 -37.216000 -34.343000 5.030000 1
43701 -37.301000 -34.972000 4.591000 1
117792 -35.463000 -38.217000 5.940000 1
119014 -35.265000 -40.363000 7.299000 1
120772 -36.881000 -39.228000 4.258000 1
120880 -35.521000 -40.112000 6.523000 1
121204 -35.199000 -37.899000 6.359000 1
130023 -36.644000 -36.990000 4.477000 1
132999 -36.646000 -40.809000 5.143000 1
