# sub-11 hemi-L RWvsPER_scaled Cluster_17
136
34712 -33.787000 -44.316000 4.288000 1
34713 -34.577000 -44.355000 4.128000 1
34721 -34.170000 -45.055000 3.878000 1
34722 -35.297000 -44.546000 3.733000 1
34723 -36.086000 -44.515000 3.288000 1
34725 -36.814000 -43.906000 2.725000 1
34727 -39.921000 -44.615000 1.888000 1
35616 -33.457000 -43.597000 4.604000 1
35617 -34.283000 -43.671000 4.488000 1
35618 -35.082000 -43.709000 4.132000 1
35623 -35.850000 -43.777000 3.515000 1
35626 -37.589000 -43.281000 2.102000 1
35629 -39.555000 -42.915000 1.716000 1
36416 -33.414000 -41.961000 5.264000 1
36421 -32.747000 -42.192000 5.251000 1
36422 -33.212000 -42.814000 5.022000 1
36423 -34.717000 -42.853000 4.432000 1
36426 -35.225000 -42.089000 3.878000 1
36427 -35.522000 -42.930000 3.767000 1
36428 -36.284000 -42.950000 3.081000 1
36431 -35.845000 -42.124000 3.197000 1
36432 -36.601000 -42.097000 2.499000 1
36433 -37.466000 -42.461000 1.999000 1
36436 -39.140000 -42.213000 1.580000 1
37308 -31.763000 -41.237000 5.359000 1
37309 -32.741000 -41.428000 5.431000 1
37315 -32.031000 -41.957000 5.110000 1
37316 -34.053000 -42.393000 4.907000 1
37320 -34.887000 -41.337000 3.910000 1
37321 -35.459000 -41.369000 3.288000 1
37325 -35.999000 -41.360000 2.716000 1
37326 -36.613000 -41.199000 2.219000 1
37327 -37.337000 -41.638000 1.862000 1
37330 -37.182000 -40.973000 1.778000 1
37332 -38.633000 -40.801000 1.655000 1
37333 -39.012000 -41.028000 1.823000 1
38163 -31.421000 -40.435000 5.479000 1
38164 -32.417000 -40.550000 5.533000 1
38165 -33.263000 -40.604000 5.303000 1
38171 -33.933000 -40.605000 4.699000 1
38172 -34.568000 -40.586000 3.969000 1
38184 -38.666000 -40.282000 1.785000 1
39040 -32.150000 -39.675000 5.560000 1
39041 -33.051000 -39.794000 5.251000 1
39046 -32.806000 -38.896000 5.081000 1
39072 -38.318000 -39.364000 1.672000 1
39936 -33.336000 -38.172000 4.416000 1
39963 -38.307000 -38.318000 1.790000 1
39969 -38.113000 -38.557000 1.583000 1
40855 -33.073000 -37.354000 4.509000 1
40888 -38.022000 -37.742000 1.567000 1
41794 -32.120000 -36.126000 5.123000 1
41809 -33.453000 -36.710000 4.055000 1
41838 -37.620000 -36.406000 1.663000 1
42746 -30.737000 -35.787000 5.403000 1
42747 -31.556000 -35.618000 5.356000 1
42748 -32.220000 -35.523000 5.231000 1
42756 -32.692000 -35.802000 4.834000 1
42757 -33.245000 -36.004000 4.306000 1
42758 -33.691000 -35.413000 4.116000 1
42768 -33.805000 -36.083000 3.685000 1
42769 -34.345000 -35.464000 3.486000 1
42770 -34.986000 -35.348000 2.975000 1
42790 -38.000000 -35.606000 1.796000 1
43684 -30.180000 -34.433000 5.423000 1
43685 -31.005000 -34.213000 5.580000 1
43686 -32.852000 -34.362000 5.533000 1
43698 -32.760000 -35.155000 5.171000 1
43699 -33.488000 -34.779000 4.774000 1
43700 -34.166000 -34.755000 4.049000 1
43710 -34.794000 -34.711000 3.449000 1
43711 -35.518000 -34.619000 2.879000 1
43717 -36.574000 -34.612000 2.304000 1
43718 -37.435000 -35.079000 1.873000 1
44599 -33.076000 -33.078000 6.092000 1
44614 -30.193000 -33.649000 5.477000 1
44615 -31.030000 -33.381000 5.744000 1
44616 -31.905000 -33.941000 5.844000 1
44617 -33.503000 -33.684000 5.502000 1
44618 -34.304000 -33.262000 5.076000 1
44631 -34.088000 -34.053000 4.672000 1
44632 -34.907000 -33.451000 4.222000 1
44633 -35.717000 -33.205000 3.523000 1
44640 -35.254000 -33.986000 3.470000 1
44641 -36.095000 -33.836000 2.890000 1
44642 -36.615000 -33.050000 2.930000 1
45580 -31.624000 -32.117000 6.234000 1
45582 -33.649000 -32.398000 6.166000 1
45598 -30.947000 -32.578000 5.877000 1
45599 -31.973000 -33.033000 6.090000 1
45600 -34.877000 -32.788000 4.752000 1
45609 -36.173000 -32.395000 3.481000 1
46533 -26.391000 -31.441000 5.519000 1
46534 -27.498000 -31.658000 5.296000 1
46535 -28.498000 -31.825000 5.317000 1
46536 -29.211000 -31.558000 5.460000 1
46537 -29.940000 -31.631000 5.614000 1
46538 -30.733000 -31.822000 5.916000 1
47339 -26.909000 -30.038000 5.533000 1
47341 -28.755000 -30.435000 5.520000 1
48141 -26.918000 -29.268000 5.701000 1
48142 -27.726000 -29.026000 5.613000 1
112728 -31.899000 -34.850000 5.517000 1
113308 -29.975000 -35.201000 5.370000 1
113354 -30.895000 -35.016000 5.449000 1
113827 -33.640000 -39.986000 4.747000 1
114759 -37.691000 -34.324000 2.114000 1
115997 -30.206000 -32.857000 5.545000 1
116258 -38.107000 -36.949000 1.746000 1
117124 -33.968000 -43.094000 4.808000 1
119507 -39.860000 -43.796000 1.809000 1
120151 -28.342000 -29.774000 5.538000 1
120689 -28.649000 -31.090000 5.431000 1
121243 -34.642000 -34.188000 3.963000 1
121811 -29.450000 -32.261000 5.430000 1
122059 -27.101000 -30.867000 5.376000 1
122490 -32.669000 -33.635000 5.887000 1
122973 -31.871000 -38.804000 5.493000 1
124747 -32.215000 -42.696000 4.776000 1
125331 -27.547000 -29.700000 5.521000 1
125489 -34.195000 -41.452000 4.729000 1
126009 -40.042000 -44.025000 1.918000 1
127359 -38.875000 -41.475000 1.621000 1
128370 -33.838000 -33.012000 5.725000 1
129624 -36.930000 -42.933000 2.498000 1
129863 -35.608000 -40.789000 2.831000 1
129947 -29.415000 -33.109000 5.380000 1
130955 -33.529000 -41.230000 5.218000 1
131078 -30.250000 -32.224000 5.632000 1
132417 -33.193000 -35.443000 4.654000 1
133156 -33.509000 -34.229000 5.153000 1
133715 -34.691000 -35.798000 3.084000 1
133729 -34.747000 -44.814000 3.854000 1
134305 -34.636000 -42.034000 4.438000 1
135415 -38.313000 -38.790000 1.734000 1
136016 -31.237000 -41.739000 4.828000 1
