# sub-11 hemi-R RWvsPER_scaled Cluster_33
18
24485 42.916000 -55.339000 3.613000 1
25419 41.408000 -54.589000 4.483000 1
25434 42.724000 -54.377000 3.677000 1
25435 41.997000 -53.876000 4.187000 1
26446 43.129000 -53.996000 3.246000 1
26447 42.576000 -53.614000 3.510000 1
26448 42.029000 -53.138000 3.762000 1
27471 42.328000 -52.840000 2.909000 1
27472 41.584000 -52.509000 3.485000 1
27487 42.035000 -52.605000 1.801000 1
27488 41.029000 -52.425000 1.561000 1
27489 39.976000 -52.499000 1.354000 1
27490 38.877000 -52.780000 1.183000 1
27506 41.619000 -52.802000 0.726000 1
27507 40.556000 -52.869000 0.533000 1
27508 39.438000 -53.132000 0.388000 1
120814 42.173000 -54.858000 4.112000 1
122665 42.101000 -55.706000 3.866000 1
