# sub-11 hemi-R LimbsvsAllnoLimbs_scaled Cluster_0
56
653 22.093000 -88.057000 22.070000 1
664 21.329000 -88.598000 20.897000 1
665 20.853000 -88.932000 20.489000 1
672 21.663000 -88.599000 20.101000 1
673 21.170000 -88.996000 19.512000 1
683 21.441000 -88.756000 18.676000 1
693 20.721000 -88.680000 16.792000 1
707 20.942000 -88.483000 15.744000 1
929 23.191000 -87.459000 22.973000 1
937 22.677000 -87.520000 21.256000 1
948 23.024000 -87.473000 19.978000 1
949 22.067000 -88.164000 20.792000 1
959 22.485000 -87.932000 19.608000 1
960 21.964000 -88.389000 19.133000 1
969 22.657000 -87.647000 18.866000 1
970 21.880000 -88.071000 18.243000 1
980 21.330000 -88.054000 17.298000 1
988 21.160000 -87.862000 16.392000 1
997 21.515000 -87.309000 15.270000 1
1005 21.610000 -88.095000 14.356000 1
1264 23.394000 -87.157000 23.616000 1
1275 23.612000 -86.883000 22.617000 1
1276 23.189000 -87.107000 21.851000 1
1284 23.524000 -86.788000 20.397000 1
1293 23.834000 -86.862000 19.344000 1
1294 23.285000 -87.215000 19.206000 1
1303 22.469000 -87.181000 18.328000 1
1312 21.881000 -86.337000 17.739000 1
1313 21.648000 -87.214000 17.533000 1
1320 21.256000 -86.873000 16.164000 1
1332 22.647000 -86.987000 14.158000 1
1333 21.868000 -87.028000 14.740000 1
1702 24.323000 -86.195000 22.661000 1
1703 23.830000 -86.041000 21.354000 1
1712 24.333000 -86.223000 19.891000 1
1733 22.992000 -86.309000 18.447000 1
1743 22.172000 -85.520000 17.899000 1
1744 21.499000 -85.424000 17.146000 1
1753 21.325000 -85.958000 16.441000 1
1764 21.548000 -86.123000 15.602000 1
1774 22.077000 -86.036000 14.877000 1
2180 25.271000 -85.391000 22.702000 1
2190 25.432000 -84.411000 21.810000 1
2191 24.601000 -85.128000 21.595000 1
2201 24.604000 -85.318000 20.536000 1
2225 24.025000 -85.100000 18.350000 1
2226 22.959000 -85.207000 18.300000 1
116980 21.319000 -86.444000 17.013000 1
117869 21.251000 -88.322000 14.991000 1
120401 21.273000 -87.243000 16.884000 1
125294 21.141000 -88.739000 17.883000 1
131711 22.685000 -87.650000 22.332000 1
134265 25.288000 -85.112000 19.928000 1
135000 24.136000 -86.615000 19.484000 1
135760 20.659000 -88.785000 20.771000 1
136239 21.271000 -87.746000 15.682000 1
