# sub-11 hemi-R LimbsvsAllnoLimbs_scaled Cluster_17
27
17877 40.126000 -63.568000 5.475000 1
17878 39.477000 -63.502000 5.411000 1
17891 40.537000 -63.417000 4.139000 1
17892 39.973000 -63.605000 4.842000 1
18821 38.711000 -63.014000 5.194000 1
18822 38.088000 -62.229000 5.141000 1
18841 39.499000 -62.407000 4.118000 1
18842 39.174000 -63.018000 4.761000 1
18843 38.562000 -61.906000 4.580000 1
18855 40.163000 -62.310000 3.571000 1
19797 37.723000 -61.031000 4.934000 1
19798 37.048000 -60.920000 5.597000 1
19813 38.953000 -60.995000 3.987000 1
19824 40.402000 -61.448000 3.114000 1
19825 39.647000 -61.230000 3.532000 1
20766 38.704000 -59.910000 3.952000 1
20779 39.927000 -60.290000 3.177000 1
20780 39.399000 -59.215000 3.427000 1
20790 40.670000 -60.504000 2.704000 1
20791 40.258000 -59.607000 2.866000 1
21728 39.551000 -58.107000 3.476000 1
21738 40.331000 -58.741000 2.869000 1
22652 40.262000 -57.809000 3.228000 1
115094 41.011000 -59.660000 2.460000 1
118822 41.380000 -60.666000 2.430000 1
125720 38.333000 -60.648000 4.383000 1
132631 39.281000 -60.248000 3.576000 1
