# sub-11 hemi-L RWvsFF_scaled Cluster_6
41
18573 -46.524000 -63.208000 5.386000 1
19385 -47.377000 -62.959000 6.560000 1
19386 -47.579000 -62.441000 6.829000 1
19393 -46.925000 -62.838000 5.612000 1
19402 -46.138000 -62.608000 4.161000 1
19403 -46.483000 -62.745000 4.797000 1
19415 -45.732000 -62.209000 3.612000 1
20154 -47.531000 -61.859000 6.834000 1
20155 -48.008000 -62.211000 7.587000 1
20156 -48.437000 -61.552000 8.285000 1
20174 -47.145000 -62.316000 6.023000 1
20192 -46.206000 -61.900000 4.599000 1
20193 -46.598000 -62.373000 5.075000 1
20209 -46.208000 -62.288000 4.275000 1
20228 -44.540000 -61.573000 2.897000 1
20242 -44.390000 -61.772000 2.333000 1
20243 -45.135000 -61.963000 2.823000 1
20984 -47.425000 -60.500000 7.817000 1
20985 -48.355000 -60.723000 8.199000 1
21013 -46.884000 -61.616000 6.330000 1
21779 -46.732000 -59.581000 8.183000 1
21780 -47.856000 -59.693000 8.279000 1
21781 -48.990000 -59.767000 8.615000 1
22581 -47.222000 -58.769000 8.318000 1
22582 -49.143000 -58.729000 8.426000 1
22600 -48.041000 -58.228000 8.106000 1
23449 -49.413000 -57.935000 8.008000 1
23471 -48.554000 -57.520000 7.368000 1
23472 -49.833000 -57.149000 7.341000 1
23473 -50.141000 -56.656000 7.463000 1
23491 -48.424000 -57.030000 6.592000 1
23492 -49.348000 -56.876000 6.656000 1
23493 -49.919000 -56.540000 6.881000 1
24323 -47.674000 -56.780000 6.173000 1
24325 -49.678000 -56.303000 6.332000 1
115406 -46.602000 -61.876000 5.454000 1
116803 -47.916000 -61.383000 7.555000 1
120965 -45.305000 -61.738000 3.431000 1
124552 -48.224000 -58.959000 8.387000 1
133828 -43.736000 -61.577000 2.097000 1
134407 -45.893000 -61.901000 3.924000 1
