# sub-11 hemi-L RWvsPER_scaled Cluster_23
27
39902 -42.148000 -39.192000 6.207000 1
39903 -43.043000 -39.170000 6.353000 1
40792 -39.728000 -37.787000 8.143000 1
40793 -40.026000 -38.172000 8.208000 1
40794 -40.805000 -38.159000 8.439000 1
40805 -40.038000 -38.212000 7.679000 1
40806 -40.572000 -38.450000 7.729000 1
40807 -41.450000 -38.424000 7.945000 1
40808 -43.458000 -37.837000 7.830000 1
40817 -40.619000 -38.444000 7.310000 1
40818 -41.373000 -38.838000 7.016000 1
40819 -42.572000 -38.809000 6.983000 1
40820 -43.742000 -38.376000 7.086000 1
40828 -41.010000 -38.575000 6.775000 1
40829 -41.670000 -38.964000 6.282000 1
40830 -42.016000 -38.744000 5.720000 1
40831 -43.973000 -38.738000 6.529000 1
41718 -39.011000 -36.905000 9.607000 1
41736 -39.471000 -37.371000 8.685000 1
41737 -39.602000 -37.487000 9.148000 1
41738 -40.245000 -37.752000 8.973000 1
41751 -39.902000 -37.519000 7.698000 1
41765 -40.359000 -38.056000 7.139000 1
42709 -39.462000 -37.080000 8.303000 1
123882 -42.230000 -38.481000 7.626000 1
129278 -41.517000 -38.291000 6.237000 1
130571 -39.770000 -37.791000 8.531000 1
