#!ascii label  , from subject sub-10 vox2ras=TkReg
651
6547  25.989  -70.419  4.545 7.0000000000
126760  23.002  -69.594  -3.112 7.0000000000
6596  29.517  -70.042  -0.361 7.0000000000
11412  30.884  -63.827  6.655 7.0000000000
11363  26.859  -63.363  9.710 7.0000000000
126652  23.228  -69.013  2.761 7.0000000000
11451  27.403  -62.642  3.014 7.0000000000
13023  25.325  -61.838  -1.463 7.0000000000
119655  27.419  -70.514  2.642 7.0000000000
8558  29.678  -67.492  3.136 7.0000000000
8542  27.861  -67.526  5.361 7.0000000000
10561  29.116  -64.250  8.403 7.0000000000
8526  25.701  -66.865  7.368 7.0000000000
7245  23.102  -69.972  0.340 7.0000000000
9248  24.899  -66.395  2.745 7.0000000000
9272  27.229  -66.880  -0.920 7.0000000000
122464  22.832  -61.408  0.920 7.0000000000
4825  26.017  -73.227  -0.668 7.0000000000
10612  20.780  -65.121  6.145 7.0000000000
13641  29.652  -60.328  10.273 7.0000000000
125689  27.069  -59.448  10.026 7.0000000000
121441  23.522  -69.868  4.707 7.0000000000
9231  24.278  -66.505  5.838 7.0000000000
110952  26.060  -63.031  6.977 7.0000000000
15258  26.544  -58.663  7.173 7.0000000000
9288  22.284  -66.760  -3.366 7.0000000000
10643  21.902  -65.307  2.631 7.0000000000
128322  24.043  -64.784  -0.151 7.0000000000
10711  26.480  -65.158  -2.508 7.0000000000
12997  28.586  -62.030  0.610 7.0000000000
14502  26.641  -59.006  4.350 7.0000000000
6568  26.415  -70.767  3.786 7.0000000000
7869  27.835  -68.880  3.907 7.0000000000
7862  26.687  -69.007  5.216 7.0000000000
8535  26.948  -67.308  6.596 7.0000000000
7849  26.152  -68.635  5.960 7.0000000000
113953  24.021  -70.032  -1.957 7.0000000000
7901  25.285  -68.541  -0.103 7.0000000000
7274  25.848  -68.725  -2.242 7.0000000000
4853  25.773  -73.138  -3.011 7.0000000000
114604  24.030  -73.805  -1.377 7.0000000000
4813  25.202  -73.339  0.560 7.0000000000
9904  30.405  -65.342  5.364 7.0000000000
9919  31.040  -65.462  4.470 7.0000000000
10546  27.719  -64.030  9.507 7.0000000000
12903  29.565  -62.030  9.477 7.0000000000
12130  28.364  -62.204  10.307 7.0000000000
108638  28.804  -59.256  11.089 7.0000000000
12874  27.412  -61.280  10.377 7.0000000000
7192  23.213  -69.154  4.138 7.0000000000
8544  23.921  -67.734  5.100 7.0000000000
8561  23.810  -67.936  3.740 7.0000000000
111671  26.454  -64.165  2.772 7.0000000000
10625  25.362  -64.535  4.755 7.0000000000
11428  26.321  -63.117  5.233 7.0000000000
114660  26.568  -60.952  7.268 7.0000000000
123600  26.992  -60.996  5.540 7.0000000000
10012  21.131  -66.097  -2.798 7.0000000000
12206  22.135  -62.763  5.735 7.0000000000
128168  21.799  -64.837  4.167 7.0000000000
11453  22.557  -63.397  3.782 7.0000000000
13011  23.539  -61.143  -0.846 7.0000000000
11485  24.175  -63.335  0.410 7.0000000000
11496  24.953  -63.125  -1.114 7.0000000000
10698  25.056  -64.656  -1.668 7.0000000000
11509  26.270  -63.485  -1.857 7.0000000000
11507  28.155  -63.759  -1.461 7.0000000000
13009  27.001  -61.494  -0.884 7.0000000000
124538  26.284  -58.605  3.068 7.0000000000
6586  27.995  -70.699  1.165 7.0000000000
7877  29.395  -68.677  1.974 7.0000000000
110263  28.758  -68.725  2.740 7.0000000000
9240  29.137  -66.896  4.619 7.0000000000
9894  29.296  -65.595  6.344 7.0000000000
10575  30.186  -64.270  7.096 7.0000000000
9895  28.439  -65.990  6.751 7.0000000000
9885  27.393  -65.813  8.017 7.0000000000
9872  26.247  -65.309  8.588 7.0000000000
7226  23.178  -69.383  1.614 7.0000000000
128092  24.242  -67.782  2.616 7.0000000000
8578  24.978  -68.212  0.886 7.0000000000
116416  26.162  -66.385  0.783 7.0000000000
9942  27.359  -64.612  1.077 7.0000000000
12980  22.023  -61.037  3.026 7.0000000000
14553  22.309  -59.415  -0.263 7.0000000000
14551  24.162  -59.647  -0.538 7.0000000000
14549  26.152  -59.966  -0.114 7.0000000000
5982  27.897  -71.420  -0.587 7.0000000000
5384  26.545  -72.525  0.671 7.0000000000
5367  25.940  -72.465  2.016 7.0000000000
5339  24.821  -72.151  3.186 7.0000000000
121960  30.807  -67.367  2.117 7.0000000000
10633  32.449  -64.934  4.015 7.0000000000
12164  30.162  -62.338  8.566 7.0000000000
14435  30.807  -59.815  9.010 7.0000000000
16847  27.799  -56.457  9.775 7.0000000000
6538  24.816  -69.961  5.165 7.0000000000
7841  24.927  -67.904  6.376 7.0000000000
9223  24.923  -66.593  7.190 7.0000000000
10579  24.974  -65.301  7.499 7.0000000000
9921  24.529  -66.039  4.265 7.0000000000
10594  25.056  -64.550  6.413 7.0000000000
108582  26.175  -62.923  8.563 7.0000000000
118345  26.477  -61.243  8.288 7.0000000000
15236  26.775  -58.976  9.183 7.0000000000
16861  27.039  -56.836  8.245 7.0000000000
8614  22.661  -68.090  -3.908 7.0000000000
9938  20.555  -65.727  2.652 7.0000000000
9944  21.330  -65.833  1.324 7.0000000000
11464  23.136  -63.198  2.547 7.0000000000
10671  22.784  -65.309  1.044 7.0000000000
9975  22.302  -65.889  -0.484 7.0000000000
9991  23.464  -66.031  -1.736 7.0000000000
9286  24.398  -66.770  -3.175 7.0000000000
8610  26.221  -67.648  -3.337 7.0000000000
9277  27.815  -66.529  -2.289 7.0000000000
10667  28.663  -64.175  -0.232 7.0000000000
12248  28.216  -62.708  1.488 7.0000000000
14536  27.337  -60.232  0.897 7.0000000000
13729  27.842  -60.674  2.112 7.0000000000
13712  27.294  -60.423  4.127 7.0000000000
119262  26.564  -58.902  5.857 7.0000000000
117703  26.664  -57.043  6.853 7.0000000000
7191  26.757  -70.069  4.145 7.0000000000
7172  26.327  -69.729  4.892 7.0000000000
7162  25.834  -69.306  5.525 7.0000000000
112206  22.299  -69.866  -2.561 7.0000000000
113917  23.170  -70.054  -2.271 7.0000000000
129245  25.405  -69.119  -1.836 7.0000000000
7936  25.061  -69.042  -3.133 7.0000000000
4841  23.477  -73.842  -2.064 7.0000000000
10592  30.522  -64.676  6.144 7.0000000000
10610  31.097  -64.796  5.249 7.0000000000
10591  31.322  -64.091  5.840 7.0000000000
12193  31.585  -62.424  6.502 7.0000000000
12194  31.093  -62.980  6.993 7.0000000000
10547  26.958  -64.017  9.554 7.0000000000
11344  28.125  -62.828  10.139 7.0000000000
12131  27.660  -62.396  10.278 7.0000000000
126815  27.635  -61.765  10.419 7.0000000000
12150  27.006  -62.703  10.035 7.0000000000
7228  21.638  -69.526  2.167 7.0000000000
7209  22.237  -69.399  3.010 7.0000000000
7193  22.579  -69.563  3.867 7.0000000000
7208  22.966  -69.178  3.263 7.0000000000
7870  23.542  -68.467  3.806 7.0000000000
122534  23.364  -68.793  3.164 7.0000000000
129127  26.532  -63.741  3.251 7.0000000000
10634  26.024  -64.036  3.842 7.0000000000
12227  26.993  -62.695  3.861 7.0000000000
12214  26.911  -62.380  4.604 7.0000000000
128076  27.250  -61.779  4.411 7.0000000000
110384  19.889  -65.249  -2.182 7.0000000000
118242  20.647  -65.795  -2.095 7.0000000000
12215  22.417  -62.889  4.365 7.0000000000
12958  22.307  -62.013  4.208 7.0000000000
13024  24.646  -61.560  -1.289 7.0000000000
126544  24.548  -62.396  -1.007 7.0000000000
12282  24.997  -62.316  -1.401 7.0000000000
11510  25.521  -63.285  -1.607 7.0000000000
12281  25.785  -62.647  -1.625 7.0000000000
12280  26.743  -62.851  -1.619 7.0000000000
13778  25.888  -61.280  -1.171 7.0000000000
6579  28.067  -70.164  1.958 7.0000000000
7206  28.518  -69.327  2.359 7.0000000000
7207  27.783  -69.847  2.852 7.0000000000
121849  27.865  -67.987  4.843 7.0000000000
7860  28.219  -68.180  4.157 7.0000000000
8551  28.567  -67.473  4.543 7.0000000000
9228  29.395  -66.395  5.059 7.0000000000
9906  28.960  -66.199  5.849 7.0000000000
108561  28.274  -66.554  6.149 7.0000000000
9222  26.562  -66.890  7.253 7.0000000000
125335  27.732  -66.088  7.383 7.0000000000
9211  27.002  -66.352  7.648 7.0000000000
9871  27.042  -65.478  8.537 7.0000000000
9212  26.159  -66.421  7.830 7.0000000000
7264  22.642  -70.253  -0.472 7.0000000000
7246  22.311  -69.981  0.430 7.0000000000
125700  23.338  -69.603  0.902 7.0000000000
7225  23.805  -69.224  1.170 7.0000000000
7902  24.522  -69.079  0.450 7.0000000000
8585  26.357  -67.306  -0.346 7.0000000000
8577  25.626  -67.751  0.257 7.0000000000
9264  26.646  -66.577  0.056 7.0000000000
9943  26.624  -65.197  1.339 7.0000000000
9954  26.767  -65.871  0.574 7.0000000000
14552  23.050  -59.583  -0.549 7.0000000000
4839  25.936  -73.195  -1.758 7.0000000000
5403  26.717  -72.629  -1.503 7.0000000000
5393  27.366  -72.076  -1.093 7.0000000000
128971  27.165  -72.165  -0.117 7.0000000000
5383  27.313  -71.803  0.545 7.0000000000
5368  24.779  -73.174  1.368 7.0000000000
5385  25.717  -72.943  1.185 7.0000000000
114727  25.278  -72.813  1.808 7.0000000000
5956  25.642  -72.048  2.899 7.0000000000
5353  24.414  -72.539  2.633 7.0000000000
7876  30.106  -67.817  2.207 7.0000000000
8557  30.433  -67.205  2.732 7.0000000000
10623  32.155  -64.574  4.399 7.0000000000
9929  31.594  -65.827  3.575 7.0000000000
11397  29.879  -63.894  7.911 7.0000000000
124041  30.190  -63.180  8.081 7.0000000000
11379  29.545  -63.392  8.711 7.0000000000
12887  29.628  -61.182  9.871 7.0000000000
13640  30.230  -60.510  9.460 7.0000000000
109072  30.323  -59.757  9.911 7.0000000000
129110  30.719  -59.392  9.609 7.0000000000
15219  30.146  -58.604  10.749 7.0000000000
114308  28.159  -59.143  11.068 7.0000000000
15221  28.548  -58.389  11.122 7.0000000000
15222  27.789  -58.554  10.775 7.0000000000
16831  28.330  -56.718  10.550 7.0000000000
16013  27.445  -57.862  10.177 7.0000000000
7176  22.918  -69.820  4.298 7.0000000000
6550  23.256  -70.447  4.513 7.0000000000
127339  23.836  -70.392  4.714 7.0000000000
7174  24.157  -69.925  5.020 7.0000000000
7164  24.548  -69.233  5.437 7.0000000000
112605  24.196  -67.312  5.751 7.0000000000
127234  24.527  -67.647  6.157 7.0000000000
9896  24.497  -66.035  6.644 7.0000000000
9214  24.873  -65.806  7.400 7.0000000000
9254  24.537  -67.163  2.686 7.0000000000
9249  24.380  -66.743  3.637 7.0000000000
122062  24.811  -66.006  3.425 7.0000000000
11429  25.685  -63.772  5.872 7.0000000000
128926  25.345  -64.317  5.508 7.0000000000
11414  25.546  -63.771  6.951 7.0000000000
11398  25.873  -63.362  7.742 7.0000000000
12166  26.437  -62.070  8.974 7.0000000000
12181  26.262  -62.442  7.475 7.0000000000
13682  26.604  -60.146  6.910 7.0000000000
13672  26.524  -60.318  7.869 7.0000000000
15250  26.596  -58.849  8.082 7.0000000000
113142  26.726  -58.307  8.545 7.0000000000
109524  26.613  -58.092  7.774 7.0000000000
9301  21.441  -66.680  -3.900 7.0000000000
9311  20.472  -67.148  -4.619 7.0000000000
9310  21.154  -67.209  -4.373 7.0000000000
7953  21.880  -68.248  -4.109 7.0000000000
9300  22.956  -67.481  -3.588 7.0000000000
9911  19.662  -65.505  5.451 7.0000000000
9924  18.582  -65.429  4.561 7.0000000000
110233  20.313  -65.512  4.599 7.0000000000
10636  21.840  -65.084  3.478 7.0000000000
9931  21.251  -65.507  3.120 7.0000000000
9937  21.352  -65.646  2.219 7.0000000000
116522  20.786  -65.829  1.844 7.0000000000
9936  22.095  -65.469  1.704 7.0000000000
12990  22.671  -61.475  1.698 7.0000000000
12979  22.543  -61.610  2.587 7.0000000000
12989  23.295  -62.069  1.339 7.0000000000
10670  23.924  -64.200  0.590 7.0000000000
11474  23.784  -63.510  1.174 7.0000000000
125204  23.451  -65.030  0.507 7.0000000000
9955  22.857  -65.556  0.124 7.0000000000
128564  23.497  -65.341  -0.253 7.0000000000
9992  22.455  -66.133  -1.587 7.0000000000
9973  24.065  -65.385  -1.092 7.0000000000
10712  25.497  -65.211  -2.316 7.0000000000
10008  24.852  -66.008  -2.688 7.0000000000
10007  25.982  -65.965  -2.985 7.0000000000
9298  24.866  -67.245  -3.532 7.0000000000
9284  26.478  -66.936  -3.263 7.0000000000
9283  27.311  -66.736  -2.772 7.0000000000
10005  27.817  -66.001  -2.418 7.0000000000
12266  28.678  -63.035  -0.436 7.0000000000
10684  28.712  -64.363  -0.828 7.0000000000
11495  28.711  -63.607  -0.327 7.0000000000
11483  28.625  -63.454  0.335 7.0000000000
115477  28.590  -62.355  0.838 7.0000000000
15342  25.922  -58.836  0.916 7.0000000000
13752  27.052  -60.377  0.258 7.0000000000
14528  26.342  -59.116  1.498 7.0000000000
14510  26.632  -59.116  3.510 7.0000000000
14518  27.326  -59.976  2.215 7.0000000000
14509  27.132  -59.799  3.106 7.0000000000
12978  27.919  -61.152  2.565 7.0000000000
14501  27.005  -59.735  3.921 7.0000000000
13713  26.906  -59.823  4.830 7.0000000000
14481  26.596  -58.970  5.182 7.0000000000
6580  26.825  -71.029  2.977 7.0000000000
7190  27.468  -69.606  3.643 7.0000000000
7861  27.491  -68.596  4.678 7.0000000000
9230  27.757  -67.079  6.030 7.0000000000
7848  27.134  -68.210  5.509 7.0000000000
7839  26.490  -67.930  6.302 7.0000000000
7840  25.625  -68.034  6.437 7.0000000000
7263  23.583  -70.093  -0.385 7.0000000000
7262  24.322  -69.699  -0.395 7.0000000000
7925  24.820  -69.564  -1.476 7.0000000000
7912  25.547  -68.816  -1.222 7.0000000000
114842  26.788  -67.548  -1.383 7.0000000000
4854  24.744  -73.593  -3.219 7.0000000000
4855  23.758  -73.873  -3.024 7.0000000000
4840  24.960  -73.688  -1.832 7.0000000000
4826  25.317  -73.543  -0.829 7.0000000000
121207  25.464  -73.402  -0.117 7.0000000000
115047  24.850  -73.531  -0.075 7.0000000000
9239  29.797  -66.603  4.266 7.0000000000
9238  30.674  -66.263  3.773 7.0000000000
10609  31.743  -64.277  5.039 7.0000000000
13671  30.957  -60.905  7.860 7.0000000000
11380  28.676  -63.858  9.178 7.0000000000
12165  29.464  -62.765  9.241 7.0000000000
12149  28.849  -62.644  9.859 7.0000000000
12129  29.023  -61.794  10.175 7.0000000000
13625  29.030  -60.967  10.470 7.0000000000
14409  28.927  -60.099  10.789 7.0000000000
13626  28.344  -60.718  10.717 7.0000000000
13627  27.687  -60.534  10.635 7.0000000000
14410  27.164  -60.147  10.250 7.0000000000
7177  22.046  -69.931  4.149 7.0000000000
7852  23.926  -68.590  5.147 7.0000000000
7863  23.588  -68.720  4.499 7.0000000000
8553  23.734  -68.126  4.437 7.0000000000
9241  24.101  -66.820  4.901 7.0000000000
110758  25.385  -65.594  2.787 7.0000000000
9930  25.065  -65.411  3.742 7.0000000000
10635  25.687  -64.806  3.245 7.0000000000
11441  25.849  -63.820  4.898 7.0000000000
11413  26.140  -63.090  6.189 7.0000000000
12195  26.422  -62.379  6.483 7.0000000000
12205  26.629  -62.357  5.564 7.0000000000
111339  26.747  -61.604  5.931 7.0000000000
112797  26.729  -60.037  6.173 7.0000000000
9289  21.536  -66.380  -3.308 7.0000000000
120598  21.773  -64.372  5.400 7.0000000000
9909  20.961  -65.308  4.924 7.0000000000
123751  22.054  -64.303  4.619 7.0000000000
10626  22.299  -64.292  3.805 7.0000000000
109435  22.720  -63.831  3.131 7.0000000000
109172  23.239  -61.286  -0.355 7.0000000000
12999  23.351  -61.743  0.408 7.0000000000
12268  23.932  -62.028  -0.455 7.0000000000
11484  24.535  -63.042  -0.357 7.0000000000
124262  24.784  -63.718  -0.708 7.0000000000
127386  24.636  -64.991  -1.366 7.0000000000
119833  25.159  -63.920  -1.321 7.0000000000
10697  25.827  -64.250  -1.995 7.0000000000
10696  26.869  -64.345  -2.166 7.0000000000
114924  27.846  -64.483  -1.907 7.0000000000
11508  27.230  -63.646  -1.795 7.0000000000
13021  27.520  -62.360  -1.160 7.0000000000
13008  28.000  -61.793  -0.499 7.0000000000
124717  26.065  -57.281  3.564 7.0000000000
16079  26.259  -57.321  4.328 7.0000000000
15299  26.429  -58.208  4.757 7.0000000000
6597  28.728  -70.355  0.255 7.0000000000
7243  29.318  -69.699  0.516 7.0000000000
7224  28.943  -69.471  1.466 7.0000000000
7867  29.236  -68.152  2.856 7.0000000000
7189  28.158  -69.146  3.159 7.0000000000
8559  28.919  -67.793  3.654 7.0000000000
8550  29.361  -67.189  3.944 7.0000000000
9905  29.685  -65.790  5.548 7.0000000000
9893  29.939  -65.290  6.022 7.0000000000
10593  29.739  -64.972  6.733 7.0000000000
10576  29.439  -64.607  7.556 7.0000000000
10577  28.649  -64.949  8.018 7.0000000000
9221  27.556  -66.634  6.839 7.0000000000
9884  28.183  -65.573  7.626 7.0000000000
9870  27.786  -65.243  8.410 7.0000000000
10563  27.167  -64.805  9.055 7.0000000000
10564  26.311  -64.428  8.970 7.0000000000
7227  22.467  -69.464  1.908 7.0000000000
114598  22.977  -69.239  2.459 7.0000000000
118205  23.606  -68.861  2.219 7.0000000000
8565  24.126  -68.254  2.230 7.0000000000
8569  24.649  -67.753  1.866 7.0000000000
8564  25.047  -66.885  1.966 7.0000000000
8568  25.295  -67.368  1.156 7.0000000000
9935  25.452  -66.150  2.027 7.0000000000
116860  25.873  -65.547  1.967 7.0000000000
10652  26.821  -64.438  1.812 7.0000000000
10642  27.224  -63.748  2.024 7.0000000000
13723  21.670  -60.479  3.477 7.0000000000
13743  21.612  -60.173  1.570 7.0000000000
13754  21.660  -59.946  0.629 7.0000000000
13753  22.215  -60.335  0.023 7.0000000000
13012  22.878  -60.693  -0.435 7.0000000000
117035  23.711  -60.293  -0.810 7.0000000000
13765  24.517  -60.409  -0.892 7.0000000000
13764  25.523  -60.509  -0.780 7.0000000000
14550  25.167  -59.739  -0.398 7.0000000000
107585  25.702  -59.245  0.278 7.0000000000
5988  28.751  -70.860  -1.531 7.0000000000
5981  28.643  -70.694  -0.539 7.0000000000
5973  27.992  -71.077  0.366 7.0000000000
110897  27.474  -71.371  1.160 7.0000000000
5962  27.306  -71.116  2.022 7.0000000000
127236  26.241  -72.529  1.387 7.0000000000
5955  26.438  -71.724  2.497 7.0000000000
5938  26.071  -71.449  3.379 7.0000000000
6569  25.632  -71.049  4.125 7.0000000000
7297  22.159  -69.237  -3.371 7.0000000000
7887  30.370  -68.350  1.291 7.0000000000
7875  30.942  -67.751  1.529 7.0000000000
9253  31.170  -66.987  2.480 7.0000000000
127747  30.757  -66.745  3.061 7.0000000000
9246  31.416  -66.501  3.019 7.0000000000
12180  30.671  -62.651  7.683 7.0000000000
12916  30.818  -61.776  7.813 7.0000000000
12902  30.145  -61.352  9.046 7.0000000000
13656  30.635  -60.651  8.587 7.0000000000
5940  24.363  -71.677  3.871 7.0000000000
5919  24.786  -71.125  4.318 7.0000000000
5941  23.479  -71.696  3.996 7.0000000000
6549  24.424  -70.509  4.750 7.0000000000
6548  25.180  -70.534  4.724 7.0000000000
7163  25.175  -69.457  5.491 7.0000000000
7850  25.210  -68.741  5.962 7.0000000000
8537  25.287  -67.366  6.865 7.0000000000
7851  24.439  -68.213  5.802 7.0000000000
9213  25.425  -66.208  7.734 7.0000000000
9873  25.340  -65.433  7.998 7.0000000000
10565  25.616  -64.626  8.305 7.0000000000
8560  24.121  -67.535  3.313 7.0000000000
111119  24.341  -66.066  5.138 7.0000000000
9920  24.798  -65.325  4.745 7.0000000000
9908  24.469  -65.681  5.751 7.0000000000
10595  24.741  -65.273  7.019 7.0000000000
11399  25.533  -64.056  7.820 7.0000000000
11381  26.407  -63.646  9.224 7.0000000000
12151  26.758  -62.061  9.772 7.0000000000
12904  26.625  -61.301  9.329 7.0000000000
13642  26.827  -60.655  9.758 7.0000000000
12917  26.460  -61.647  7.582 7.0000000000
13657  26.575  -60.491  8.872 7.0000000000
16014  27.001  -58.090  9.331 7.0000000000
16031  27.292  -57.160  9.318 7.0000000000
114850  23.206  -68.575  -3.680 7.0000000000
9932  20.530  -65.597  3.600 7.0000000000
9958  20.229  -65.793  0.195 7.0000000000
9977  20.587  -65.875  -0.453 7.0000000000
12971  22.417  -61.786  3.425 7.0000000000
110697  22.789  -63.087  3.250 7.0000000000
122247  22.970  -64.290  2.327 7.0000000000
12249  23.518  -62.861  1.703 7.0000000000
11463  23.426  -63.657  1.875 7.0000000000
10654  22.770  -64.976  1.782 7.0000000000
9956  22.020  -65.793  0.575 7.0000000000
9994  20.985  -66.014  -1.199 7.0000000000
9993  21.762  -66.077  -1.077 7.0000000000
10010  22.909  -66.444  -2.529 7.0000000000
129393  24.216  -65.880  -1.977 7.0000000000
10009  23.884  -66.399  -2.548 7.0000000000
9287  23.391  -66.886  -3.143 7.0000000000
9299  24.004  -67.411  -3.472 7.0000000000
8612  24.773  -67.934  -3.633 7.0000000000
7943  25.020  -68.546  -3.458 7.0000000000
7934  26.208  -67.931  -3.264 7.0000000000
8595  26.959  -67.565  -2.390 7.0000000000
9271  27.927  -66.349  -1.513 7.0000000000
10695  28.241  -65.256  -1.936 7.0000000000
9970  28.560  -65.112  -1.331 7.0000000000
127968  28.167  -65.440  -0.500 7.0000000000
10668  28.175  -64.199  0.544 7.0000000000
11473  28.075  -63.392  1.222 7.0000000000
11461  27.647  -63.022  2.113 7.0000000000
13763  26.560  -60.729  -0.509 7.0000000000
13762  27.556  -61.051  -0.161 7.0000000000
13751  27.843  -60.815  0.609 7.0000000000
116409  26.695  -59.392  2.022 7.0000000000
13741  27.805  -60.572  1.410 7.0000000000
13740  28.345  -61.327  0.982 7.0000000000
12236  28.245  -61.749  1.932 7.0000000000
112194  27.834  -61.856  2.779 7.0000000000
12226  27.424  -61.990  3.775 7.0000000000
12942  27.166  -60.722  4.890 7.0000000000
13696  26.893  -60.331  5.561 7.0000000000
111517  26.579  -59.315  6.503 7.0000000000
15284  26.510  -58.233  5.588 7.0000000000
15269  26.548  -58.406  6.361 7.0000000000
16045  26.577  -57.839  6.968 7.0000000000
16874  26.899  -56.600  7.419 7.0000000000
4812  25.944  -73.138  0.251 7.0000000000
4827  24.520  -73.677  -0.749 7.0000000000
5352  25.163  -72.515  2.440 7.0000000000
5394  26.624  -72.687  -0.367 7.0000000000
5920  23.869  -71.052  4.442 7.0000000000
5939  25.235  -71.618  3.653 7.0000000000
5963  26.773  -71.994  1.518 7.0000000000
6567  27.136  -70.339  3.363 7.0000000000
6585  28.596  -70.093  1.099 7.0000000000
7171  27.118  -69.339  4.439 7.0000000000
7173  25.528  -69.931  5.115 7.0000000000
7175  23.778  -69.321  4.958 7.0000000000
7223  29.844  -69.025  0.900 7.0000000000
7244  23.808  -69.675  0.368 7.0000000000
7275  23.350  -70.264  -1.279 7.0000000000
7285  24.610  -69.527  -2.591 7.0000000000
7286  23.828  -69.684  -2.872 7.0000000000
7287  21.464  -69.498  -2.750 7.0000000000
7295  24.412  -69.138  -3.292 7.0000000000
7296  23.591  -69.144  -3.414 7.0000000000
7868  28.523  -68.455  3.401 7.0000000000
7878  23.813  -68.232  3.005 7.0000000000
7888  24.294  -68.587  1.474 7.0000000000
7913  24.926  -69.192  -0.502 7.0000000000
7924  26.400  -68.091  -2.804 7.0000000000
7935  25.712  -68.528  -3.127 7.0000000000
7944  24.129  -68.550  -3.558 7.0000000000
8536  26.065  -67.470  6.906 7.0000000000
8538  24.562  -67.076  6.488 7.0000000000
8543  27.249  -67.631  5.984 7.0000000000
8552  23.946  -67.441  4.179 7.0000000000
8563  31.481  -67.405  1.959 7.0000000000
8576  25.901  -66.976  0.538 7.0000000000
8586  25.983  -68.034  -0.756 7.0000000000
8594  27.354  -67.045  -2.581 7.0000000000
8596  26.342  -68.204  -1.856 7.0000000000
8604  26.774  -67.451  -3.009 7.0000000000
8611  25.687  -68.033  -3.477 7.0000000000
8613  23.630  -68.023  -3.731 7.0000000000
8615  21.939  -67.484  -3.992 7.0000000000
9197  26.594  -65.931  8.208 7.0000000000
9198  25.904  -65.942  8.205 7.0000000000
9229  28.570  -66.858  5.345 7.0000000000
9247  30.107  -66.910  3.479 7.0000000000
9257  26.038  -65.941  1.337 7.0000000000
9258  25.625  -66.609  1.317 7.0000000000
9278  27.514  -67.058  -1.942 7.0000000000
9285  25.379  -66.688  -3.333 7.0000000000
9297  25.634  -67.461  -3.507 7.0000000000
9883  28.977  -65.294  7.172 7.0000000000
9897  19.976  -65.362  6.395 7.0000000000
9907  24.869  -64.920  5.591 7.0000000000
9910  20.503  -65.350  5.521 7.0000000000
9918  31.853  -65.169  4.039 7.0000000000
9922  21.174  -65.342  4.102 7.0000000000
9923  19.346  -65.552  4.628 7.0000000000
9934  26.087  -64.939  2.321 7.0000000000
9953  27.760  -65.134  0.265 7.0000000000
9957  21.043  -65.992  0.419 7.0000000000
9971  28.358  -65.620  -1.114 7.0000000000
9972  27.610  -66.023  -0.434 7.0000000000
9974  23.112  -65.735  -0.805 7.0000000000
9976  21.480  -66.034  -0.339 7.0000000000
9989  28.267  -65.828  -1.862 7.0000000000
9990  24.710  -65.346  -1.886 7.0000000000
10006  27.054  -66.066  -2.832 7.0000000000
10011  21.970  -66.333  -2.640 7.0000000000
10562  28.209  -64.586  8.849 7.0000000000
10578  25.152  -64.691  7.467 7.0000000000
10611  21.185  -65.036  5.533 7.0000000000
10624  31.566  -64.857  4.619 7.0000000000
10651  27.523  -64.073  1.346 7.0000000000
10653  23.366  -64.470  1.382 7.0000000000
10669  24.437  -63.952  -0.106 7.0000000000
10685  28.560  -64.921  -0.609 7.0000000000
10686  24.625  -64.495  -0.871 7.0000000000
10694  28.518  -64.509  -1.400 7.0000000000
10710  27.496  -65.249  -2.370 7.0000000000
11360  29.000  -63.245  9.412 7.0000000000
11361  28.295  -63.351  9.749 7.0000000000
11362  27.470  -63.270  9.909 7.0000000000
11382  25.885  -63.856  8.493 7.0000000000
11396  30.497  -63.482  7.420 7.0000000000
11411  31.494  -63.264  6.247 7.0000000000
11430  21.935  -63.685  5.973 7.0000000000
11440  26.489  -63.231  4.327 7.0000000000
11442  22.355  -63.670  4.348 7.0000000000
11443  22.194  -63.434  5.074 7.0000000000
11452  26.733  -63.300  3.530 7.0000000000
11462  26.977  -63.438  2.800 7.0000000000
11472  28.563  -62.790  0.868 7.0000000000
11506  28.703  -63.767  -0.911 7.0000000000
12132  27.186  -61.947  10.214 7.0000000000
12228  22.560  -62.580  3.681 7.0000000000
12237  28.012  -62.321  2.086 7.0000000000
12238  22.786  -62.410  2.970 7.0000000000
12247  28.431  -62.267  1.358 7.0000000000
12250  23.066  -62.261  2.191 7.0000000000
12256  28.687  -62.804  0.273 7.0000000000
12257  23.820  -62.606  0.718 7.0000000000
12267  28.311  -62.499  -0.642 7.0000000000
12279  28.309  -63.082  -1.039 7.0000000000
12872  28.450  -61.488  10.488 7.0000000000
12873  27.894  -61.291  10.602 7.0000000000
12888  26.924  -61.334  10.032 7.0000000000
12931  26.555  -61.626  6.815 7.0000000000
12956  27.438  -61.232  4.168 7.0000000000
12957  27.071  -61.565  5.021 7.0000000000
12970  27.664  -61.401  3.343 7.0000000000
12972  21.994  -61.202  3.899 7.0000000000
12988  28.487  -61.823  1.216 7.0000000000
12998  28.286  -61.518  0.257 7.0000000000
13000  22.711  -61.036  0.159 7.0000000000
13007  28.589  -62.269  -0.064 7.0000000000
13010  24.283  -61.650  -1.115 7.0000000000
13022  26.326  -62.048  -1.448 7.0000000000
13025  24.004  -60.992  -1.159 7.0000000000
13628  27.195  -60.799  10.276 7.0000000000
13670  31.447  -60.457  7.332 7.0000000000
13722  27.596  -60.795  3.403 7.0000000000
13728  28.197  -61.230  1.683 7.0000000000
13730  22.086  -60.870  2.077 7.0000000000
13742  22.207  -60.729  0.982 7.0000000000
13766  23.252  -60.504  -0.693 7.0000000000
13767  22.518  -60.044  -0.417 7.0000000000
13779  24.868  -61.138  -1.296 7.0000000000
14408  29.689  -59.378  10.681 7.0000000000
14436  26.590  -59.654  8.486 7.0000000000
14451  26.551  -59.487  7.484 7.0000000000
14519  26.661  -59.277  2.705 7.0000000000
14527  27.065  -59.822  1.450 7.0000000000
14537  26.559  -59.624  0.743 7.0000000000
15208  29.050  -58.025  11.220 7.0000000000
15235  27.234  -58.733  10.123 7.0000000000
15316  26.285  -58.204  3.808 7.0000000000
15995  28.015  -57.665  10.737 7.0000000000
16032  26.850  -57.619  8.450 7.0000000000
16062  26.563  -57.471  6.129 7.0000000000
16073  26.422  -57.395  5.215 7.0000000000
16832  27.700  -57.128  10.199 7.0000000000
16890  26.832  -56.302  6.740 7.0000000000
107384  26.752  -60.805  6.293 7.0000000000
107523  25.369  -64.815  4.050 7.0000000000
107896  20.063  -65.728  1.888 7.0000000000
109254  30.167  -65.985  4.753 7.0000000000
109418  26.543  -62.840  9.453 7.0000000000
109951  24.758  -72.811  2.036 7.0000000000
110389  22.390  -64.666  2.958 7.0000000000
111091  26.696  -59.571  5.678 7.0000000000
111394  27.564  -60.435  2.791 7.0000000000
114086  24.207  -73.847  -2.246 7.0000000000
114901  24.643  -65.283  6.320 7.0000000000
115333  28.221  -59.884  10.964 7.0000000000
115714  21.847  -70.117  -0.125 7.0000000000
116115  26.733  -57.337  7.596 7.0000000000
118381  27.629  -59.514  10.687 7.0000000000
120007  26.357  -62.056  8.172 7.0000000000
120247  21.483  -66.124  -1.922 7.0000000000
120708  26.778  -59.883  9.462 7.0000000000
121918  20.384  -65.827  1.062 7.0000000000
122115  21.465  -69.893  0.517 7.0000000000
122504  22.453  -65.003  2.299 7.0000000000
122902  28.018  -61.866  10.501 7.0000000000
123133  24.056  -70.057  -1.077 7.0000000000
123623  27.351  -60.240  3.464 7.0000000000
124643  24.195  -73.563  -0.071 7.0000000000
124918  21.494  -64.936  4.794 7.0000000000
126208  30.554  -61.401  8.361 7.0000000000
127277  24.166  -62.754  0.110 7.0000000000
127333  25.292  -69.162  -2.456 7.0000000000
127827  27.599  -63.114  -1.448 7.0000000000
128607  28.439  -64.609  -0.050 7.0000000000
128829  22.872  -69.059  -3.536 7.0000000000
