# sub-09 hemi-L FacesvsAllnoFacenoCS_scaled Cluster_26
14
31299 -50.027000 -54.156000 3.179000 1
31300 -50.630000 -54.218000 2.946000 1
31301 -52.207000 -54.460000 2.288000 1
31302 -52.854000 -54.600000 2.316000 1
31320 -50.132000 -54.219000 3.021000 1
32188 -52.533000 -53.883000 2.893000 1
32189 -53.490000 -53.717000 2.969000 1
33133 -51.721000 -52.216000 3.792000 1
33153 -52.277000 -52.802000 3.457000 1
34173 -51.578000 -51.155000 4.323000 1
35181 -50.950000 -50.444000 4.763000 1
35182 -51.818000 -49.938000 4.702000 1
115334 -51.653000 -54.130000 2.813000 1
116652 -52.523000 -54.770000 2.037000 1
