# sub-09 hemi-L RWvsAllnoletterstring_scaled Cluster_30
172
39661 -43.920000 -44.018000 1.270000 1
39676 -45.283000 -44.288000 0.531000 1
39677 -46.055000 -44.049000 0.168000 1
39693 -45.793000 -44.819000 -0.064000 1
40526 -43.363000 -43.362000 1.436000 1
40527 -44.187000 -43.403000 1.348000 1
40528 -44.864000 -43.109000 1.206000 1
40542 -41.950000 -43.234000 0.990000 1
40543 -44.709000 -43.823000 1.022000 1
40544 -45.494000 -43.560000 0.700000 1
41424 -42.240000 -42.485000 1.141000 1
41425 -43.024000 -42.535000 1.487000 1
41426 -44.059000 -42.643000 1.503000 1
41427 -45.023000 -42.334000 1.381000 1
41428 -45.828000 -42.012000 1.202000 1
41437 -45.681000 -42.790000 0.892000 1
41438 -46.586000 -42.369000 0.566000 1
41439 -47.100000 -43.000000 -0.172000 1
41488 -41.870000 -42.234000 -2.735000 1
41489 -42.427000 -42.119000 -3.244000 1
42329 -42.578000 -41.764000 1.301000 1
42330 -43.481000 -41.826000 1.570000 1
42331 -44.411000 -41.763000 1.603000 1
42332 -45.220000 -41.506000 1.594000 1
42333 -45.959000 -41.195000 1.553000 1
42334 -46.695000 -40.948000 1.388000 1
42340 -41.818000 -41.775000 0.683000 1
42341 -46.438000 -41.647000 1.093000 1
42342 -47.102000 -41.530000 0.737000 1
42343 -47.862000 -41.209000 0.401000 1
42350 -41.365000 -41.584000 -0.205000 1
42351 -47.602000 -42.116000 -0.053000 1
42352 -48.383000 -41.515000 -0.254000 1
42360 -41.302000 -41.655000 -1.177000 1
42361 -41.736000 -41.129000 -1.855000 1
42369 -41.516000 -41.936000 -2.070000 1
42370 -42.116000 -41.579000 -2.642000 1
42381 -42.758000 -41.355000 -3.252000 1
42382 -43.488000 -41.213000 -3.796000 1
43157 -44.071000 -39.893000 2.156000 1
43158 -44.871000 -39.959000 2.331000 1
43159 -45.737000 -39.899000 2.349000 1
43164 -42.746000 -40.140000 1.294000 1
43165 -43.572000 -40.426000 1.767000 1
43166 -44.401000 -40.552000 2.003000 1
43167 -45.312000 -40.675000 1.975000 1
43168 -46.224000 -40.438000 1.914000 1
43169 -47.434000 -40.720000 1.093000 1
43170 -47.736000 -39.912000 1.424000 1
43175 -41.696000 -40.843000 0.201000 1
43176 -42.152000 -40.153000 0.513000 1
43177 -48.514000 -40.817000 0.178000 1
43178 -49.081000 -40.425000 -0.011000 1
43185 -41.582000 -40.717000 -0.867000 1
43186 -41.855000 -40.138000 -0.265000 1
43195 -42.022000 -40.385000 -1.684000 1
43206 -42.447000 -40.689000 -2.524000 1
43207 -43.016000 -40.024000 -2.692000 1
43221 -43.167000 -40.578000 -3.234000 1
43222 -43.878000 -40.395000 -3.736000 1
43985 -43.790000 -39.270000 2.116000 1
43986 -44.441000 -39.290000 2.408000 1
43987 -45.260000 -39.273000 2.598000 1
43988 -46.095000 -39.184000 2.621000 1
43989 -46.770000 -39.065000 2.463000 1
43994 -42.906000 -39.335000 1.318000 1
43995 -43.384000 -39.660000 1.747000 1
43996 -46.549000 -39.702000 2.221000 1
43997 -47.334000 -39.350000 2.018000 1
43998 -47.982000 -39.265000 1.623000 1
43999 -48.461000 -38.802000 1.492000 1
44005 -42.521000 -39.418000 0.742000 1
44006 -48.454000 -39.593000 1.087000 1
44007 -49.036000 -38.962000 0.950000 1
44008 -49.673000 -39.092000 0.317000 1
44015 -42.233000 -39.460000 -0.102000 1
44016 -49.674000 -39.901000 -0.207000 1
44017 -50.390000 -39.229000 -0.419000 1
44018 -51.029000 -38.957000 -0.847000 1
44022 -42.151000 -39.720000 -1.050000 1
44023 -42.898000 -39.029000 -1.535000 1
44024 -50.848000 -39.597000 -1.104000 1
44039 -42.568000 -39.806000 -2.011000 1
44040 -43.413000 -39.219000 -2.388000 1
44041 -44.224000 -39.007000 -3.006000 1
44061 -43.628000 -39.799000 -3.151000 1
44804 -45.836000 -37.831000 3.204000 1
44805 -47.107000 -37.793000 2.825000 1
44811 -43.660000 -37.987000 2.047000 1
44812 -44.745000 -38.628000 2.686000 1
44813 -45.572000 -38.559000 2.883000 1
44814 -46.481000 -38.396000 2.836000 1
44815 -47.264000 -38.562000 2.449000 1
44816 -48.411000 -38.061000 1.828000 1
44820 -42.848000 -38.672000 1.028000 1
44821 -43.286000 -37.973000 1.369000 1
44822 -47.887000 -38.671000 1.973000 1
44823 -48.979000 -38.239000 1.316000 1
44829 -42.639000 -38.686000 0.217000 1
44831 -49.552000 -38.326000 0.725000 1
44832 -50.232000 -38.418000 0.128000 1
44841 -42.671000 -38.820000 -0.685000 1
44843 -50.845000 -38.395000 -0.462000 1
45579 -45.324000 -37.218000 3.310000 1
45580 -46.105000 -37.077000 3.382000 1
45581 -46.875000 -37.018000 3.187000 1
45590 -43.955000 -37.258000 2.394000 1
45591 -44.574000 -37.300000 2.966000 1
45592 -45.040000 -37.955000 3.066000 1
45593 -47.582000 -37.101000 2.707000 1
45594 -48.345000 -37.161000 2.162000 1
45600 -43.580000 -37.219000 1.760000 1
45601 -48.943000 -37.470000 1.548000 1
45607 -49.597000 -36.904000 1.126000 1
45608 -50.071000 -37.554000 0.524000 1
45609 -50.793000 -36.987000 0.027000 1
45618 -50.656000 -37.786000 -0.080000 1
45619 -51.276000 -37.598000 -0.539000 1
46439 -44.778000 -36.563000 3.232000 1
46440 -45.578000 -36.447000 3.432000 1
46441 -46.436000 -36.223000 3.398000 1
46442 -47.343000 -36.205000 3.006000 1
46451 -43.750000 -36.395000 2.231000 1
46452 -44.248000 -36.006000 2.922000 1
46453 -47.979000 -36.493000 2.538000 1
46454 -48.514000 -36.265000 2.174000 1
46466 -43.457000 -36.459000 1.363000 1
46467 -48.960000 -36.637000 1.698000 1
47314 -45.002000 -35.739000 3.387000 1
47315 -45.628000 -35.309000 3.471000 1
47316 -46.258000 -35.399000 3.440000 1
47317 -46.866000 -35.572000 3.277000 1
47321 -43.751000 -35.478000 2.478000 1
47322 -47.435000 -35.285000 2.897000 1
47323 -48.034000 -35.760000 2.544000 1
47336 -43.388000 -35.710000 1.719000 1
47345 -43.226000 -35.887000 0.847000 1
48231 -45.055000 -34.853000 3.394000 1
48232 -45.902000 -34.711000 3.429000 1
48233 -46.744000 -34.769000 3.218000 1
48239 -43.769000 -34.674000 2.674000 1
49171 -45.310000 -33.918000 3.278000 1
49175 -44.483000 -33.507000 2.993000 1
49176 -45.129000 -33.001000 2.996000 1
114646 -44.291000 -37.972000 2.601000 1
117147 -42.247000 -40.943000 0.994000 1
117738 -43.353000 -38.791000 1.702000 1
117741 -43.027000 -41.046000 1.513000 1
118802 -43.800000 -33.886000 2.727000 1
119250 -43.257000 -34.939000 2.035000 1
119346 -47.006000 -40.176000 1.708000 1
120667 -48.122000 -40.399000 0.808000 1
121699 -44.310000 -35.179000 3.084000 1
122412 -43.905000 -41.141000 1.734000 1
123061 -47.803000 -37.916000 2.361000 1
124995 -44.367000 -39.603000 -3.627000 1
125533 -46.305000 -43.274000 0.323000 1
126018 -44.414000 -34.321000 3.121000 1
126062 -50.241000 -36.737000 0.577000 1
126663 -45.797000 -35.824000 3.492000 1
127288 -43.970000 -38.658000 2.296000 1
127488 -42.602000 -43.066000 1.331000 1
129392 -49.428000 -37.708000 1.072000 1
129745 -49.097000 -39.680000 0.467000 1
130438 -44.225000 -36.695000 2.746000 1
131204 -41.743000 -42.569000 0.700000 1
131355 -48.963000 -35.959000 1.808000 1
132573 -44.670000 -41.122000 1.784000 1
133088 -41.394000 -42.337000 0.212000 1
134911 -43.633000 -38.483000 -1.838000 1
135124 -48.655000 -40.170000 0.519000 1
136257 -46.485000 -37.624000 3.144000 1
