# sub-09 hemi-R FacesvsAllnoFace_scaled Cluster_6
24
7610 38.367000 -80.090000 -10.046000 1
8354 38.929000 -79.466000 -10.964000 1
9132 39.957000 -77.734000 -10.499000 1
9149 40.455000 -77.039000 -11.393000 1
9150 40.094000 -77.793000 -11.412000 1
9151 39.575000 -78.561000 -11.314000 1
9866 41.109000 -76.465000 -9.093000 1
9867 40.146000 -76.720000 -8.942000 1
9877 40.608000 -76.949000 -9.817000 1
9891 40.852000 -76.548000 -10.537000 1
9892 40.481000 -77.233000 -10.744000 1
10626 42.030000 -75.449000 -8.347000 1
10627 38.441000 -75.874000 -7.341000 1
10643 41.692000 -75.938000 -8.821000 1
10644 40.914000 -76.081000 -8.410000 1
11393 42.319000 -74.554000 -7.681000 1
11394 41.177000 -74.880000 -7.304000 1
11395 39.598000 -74.783000 -6.730000 1
11403 42.102000 -75.155000 -7.887000 1
12213 41.447000 -73.998000 -6.872000 1
12214 40.342000 -74.267000 -6.593000 1
122224 41.475000 -75.542000 -7.957000 1
122741 39.992000 -75.532000 -7.515000 1
132305 41.661000 -75.754000 -8.401000 1
