# sub-09 hemi-R LimbsvsAllnoLimbs_scaled Cluster_44
72
54754 36.218000 -28.366000 -2.865000 1
54755 35.379000 -28.337000 -2.661000 1
54766 37.320000 -28.326000 -4.154000 1
54767 36.523000 -28.640000 -3.781000 1
54768 35.739000 -28.852000 -3.318000 1
55655 37.961000 -27.400000 -2.419000 1
55656 37.281000 -27.501000 -2.188000 1
55657 36.740000 -27.883000 -2.529000 1
55658 35.923000 -27.779000 -2.274000 1
55659 35.047000 -27.565000 -2.365000 1
55670 37.571000 -27.860000 -3.161000 1
55671 36.886000 -28.255000 -3.233000 1
55672 34.393000 -28.176000 -2.725000 1
56649 38.194000 -26.839000 -1.691000 1
56650 37.242000 -27.026000 -1.653000 1
56651 36.473000 -26.531000 -1.528000 1
56652 35.595000 -26.844000 -1.928000 1
56668 36.529000 -27.315000 -1.906000 1
56669 34.659000 -26.702000 -2.381000 1
56682 33.852000 -26.555000 -2.861000 1
56683 33.079000 -26.402000 -3.409000 1
57637 38.245000 -25.359000 -0.462000 1
57654 38.740000 -26.094000 -0.974000 1
57655 37.341000 -25.538000 -0.791000 1
57656 36.550000 -25.643000 -1.251000 1
57657 35.762000 -25.817000 -1.683000 1
57676 34.991000 -25.921000 -2.180000 1
57677 34.247000 -25.846000 -2.709000 1
57693 33.520000 -25.653000 -3.319000 1
58556 37.498000 -24.705000 -0.543000 1
58570 36.211000 -24.181000 -1.561000 1
58571 35.988000 -24.907000 -1.581000 1
58584 35.656000 -24.122000 -2.073000 1
58585 35.078000 -23.971000 -2.698000 1
58586 34.567000 -24.492000 -2.886000 1
58599 34.615000 -23.803000 -3.263000 1
58600 34.083000 -24.152000 -3.552000 1
58601 33.344000 -24.697000 -3.840000 1
59444 36.710000 -23.704000 -1.266000 1
59457 36.068000 -23.442000 -1.991000 1
59458 35.535000 -23.345000 -2.642000 1
59475 35.039000 -23.254000 -3.308000 1
59476 34.418000 -23.278000 -3.935000 1
60424 36.498000 -22.783000 -1.927000 1
60435 36.922000 -21.975000 -2.176000 1
60436 36.020000 -22.639000 -2.676000 1
60437 35.505000 -22.750000 -3.237000 1
60448 35.908000 -22.174000 -3.583000 1
60449 35.156000 -22.525000 -4.009000 1
60450 34.555000 -22.636000 -4.561000 1
61375 37.670000 -21.896000 -1.163000 1
61396 37.553000 -21.217000 -2.272000 1
61407 37.170000 -21.269000 -3.318000 1
61408 36.462000 -21.933000 -3.025000 1
61419 36.518000 -21.562000 -3.924000 1
61420 35.783000 -21.736000 -4.492000 1
61431 36.447000 -21.225000 -4.525000 1
62340 37.846000 -20.696000 -3.148000 1
62350 37.762000 -20.688000 -3.972000 1
113167 36.727000 -24.718000 -1.049000 1
117442 37.164000 -22.818000 -1.237000 1
120751 37.952000 -26.117000 -0.891000 1
120788 37.281000 -26.349000 -1.211000 1
121192 35.233000 -24.935000 -2.221000 1
125004 34.021000 -24.992000 -3.137000 1
127760 34.904000 -28.966000 -3.026000 1
130425 34.292000 -27.313000 -2.616000 1
131855 36.470000 -22.325000 -2.464000 1
133205 34.599000 -25.244000 -2.598000 1
133987 37.074000 -24.236000 -0.803000 1
136349 37.667000 -27.227000 -1.923000 1
136381 38.474000 -27.223000 -2.514000 1
