# sub-09 hemi-R CSvsAllnoletterstring_scaled Cluster_2
24
2722 33.158000 -87.214000 -5.619000 1
2735 32.857000 -87.559000 -6.362000 1
3265 34.015000 -86.448000 -7.047000 1
3266 33.468000 -87.051000 -6.553000 1
3815 34.546000 -85.919000 -5.319000 1
3833 35.024000 -85.305000 -7.103000 1
3834 34.564000 -85.987000 -6.416000 1
3844 34.407000 -85.701000 -7.660000 1
4430 35.398000 -84.554000 -7.651000 1
4431 34.772000 -84.948000 -8.068000 1
5059 37.112000 -82.833000 -7.727000 1
5060 36.439000 -83.420000 -7.890000 1
5061 35.784000 -83.873000 -8.084000 1
5074 35.541000 -83.651000 -8.426000 1
5690 36.761000 -82.870000 -8.541000 1
5704 35.985000 -82.473000 -9.246000 1
6250 38.721000 -81.216000 -6.918000 1
6263 37.742000 -82.206000 -7.610000 1
6294 36.290000 -81.954000 -9.696000 1
113031 35.640000 -83.105000 -8.709000 1
116649 38.265000 -81.626000 -7.614000 1
129192 37.503000 -82.339000 -8.472000 1
130563 33.895000 -86.581000 -5.696000 1
133746 37.962000 -81.951000 -8.074000 1
