# sub-09 hemi-L LimbsvsAllnoLimbsnoCS_scaled Cluster_34
33
45673 -44.195000 -37.311000 -4.851000 1
45680 -43.976000 -37.372000 -5.983000 1
46521 -42.818000 -36.355000 -4.067000 1
46534 -42.730000 -36.278000 -5.013000 1
46535 -43.500000 -36.811000 -4.426000 1
46542 -42.810000 -36.039000 -6.056000 1
46543 -43.334000 -36.785000 -5.464000 1
46548 -43.489000 -36.507000 -6.571000 1
47389 -41.659000 -35.068000 -3.530000 1
47399 -41.855000 -35.266000 -4.249000 1
47400 -42.277000 -35.717000 -4.580000 1
47405 -42.376000 -35.498000 -5.448000 1
47411 -42.667000 -35.265000 -6.284000 1
47412 -43.417000 -35.494000 -7.080000 1
48316 -41.601000 -34.594000 -4.341000 1
48317 -41.913000 -35.010000 -4.949000 1
48323 -41.689000 -34.192000 -5.120000 1
48330 -42.219000 -34.634000 -5.855000 1
48331 -42.992000 -34.557000 -6.848000 1
48343 -44.038000 -34.533000 -7.653000 1
49251 -41.341000 -33.677000 -4.385000 1
49259 -41.577000 -33.340000 -5.270000 1
49260 -41.994000 -33.785000 -5.852000 1
49269 -43.121000 -33.709000 -7.073000 1
49281 -42.784000 -32.949000 -6.853000 1
50230 -41.994000 -32.935000 -6.075000 1
50243 -42.489000 -32.205000 -6.595000 1
119562 -44.246000 -33.735000 -7.836000 1
128367 -42.438000 -33.488000 -6.434000 1
130977 -44.094000 -36.085000 -7.456000 1
133308 -42.490000 -34.041000 -6.409000 1
135857 -43.556000 -34.143000 -7.368000 1
135878 -41.400000 -34.269000 -3.761000 1
