# sub-09 hemi-R LimbsvsAllnoLimbs_scaled Cluster_1
40
2537 28.909000 -87.677000 11.421000 1
2546 29.631000 -87.325000 10.319000 1
3059 28.643000 -86.584000 13.492000 1
3073 28.686000 -87.036000 12.649000 1
3074 28.282000 -86.259000 12.799000 1
3088 28.811000 -87.135000 11.739000 1
3089 28.247000 -86.465000 12.078000 1
3096 29.108000 -87.239000 11.012000 1
3097 28.338000 -86.521000 11.127000 1
3101 29.022000 -86.653000 10.494000 1
3102 28.079000 -86.161000 10.304000 1
3621 28.762000 -85.791000 13.928000 1
3622 28.146000 -85.657000 13.235000 1
3636 27.563000 -85.576000 12.374000 1
3637 26.898000 -85.347000 11.409000 1
3654 29.716000 -86.214000 9.614000 1
3655 28.612000 -86.011000 9.715000 1
3664 28.822000 -85.494000 8.932000 1
4203 28.304000 -85.111000 13.581000 1
4210 28.481000 -84.474000 13.429000 1
4211 27.704000 -84.910000 12.984000 1
4216 27.094000 -84.683000 12.140000 1
4217 26.553000 -84.473000 11.185000 1
4808 30.577000 -83.099000 13.042000 1
4809 29.337000 -83.526000 12.872000 1
4810 27.843000 -84.059000 12.664000 1
4816 28.778000 -83.083000 12.056000 1
4817 27.250000 -83.638000 11.734000 1
4818 26.570000 -83.576000 10.942000 1
5454 30.721000 -82.504000 12.729000 1
5455 30.303000 -82.583000 12.236000 1
5462 29.508000 -82.299000 11.530000 1
5463 27.594000 -82.449000 10.924000 1
5469 28.667000 -81.895000 10.959000 1
113246 28.637000 -87.186000 13.353000 1
113249 28.140000 -82.685000 11.401000 1
114759 30.417000 -81.966000 11.715000 1
119183 29.572000 -86.673000 10.082000 1
123380 27.589000 -85.966000 11.545000 1
131832 27.170000 -83.015000 11.171000 1
