# sub-09 hemi-R CSvsAllNotext_scaled Cluster_32
24
46494 48.455000 -37.245000 1.365000 1
46508 49.380000 -37.282000 0.337000 1
46509 48.764000 -37.630000 0.781000 1
46521 51.346000 -37.275000 -0.616000 1
46538 51.267000 -37.805000 -1.212000 1
47444 50.264000 -35.844000 1.104000 1
47445 49.323000 -36.070000 1.369000 1
47446 48.619000 -36.445000 1.661000 1
47465 51.397000 -36.448000 0.241000 1
47466 50.554000 -36.447000 0.399000 1
47467 49.743000 -36.528000 0.639000 1
47468 49.000000 -36.818000 0.961000 1
47481 50.934000 -36.875000 -0.192000 1
48278 51.362000 -35.703000 5.194000 1
48326 49.917000 -34.912000 2.532000 1
48327 48.805000 -35.654000 2.213000 1
48348 49.655000 -35.419000 1.916000 1
49277 50.855000 -34.588000 4.213000 1
49294 50.764000 -34.518000 3.439000 1
49312 50.705000 -34.747000 2.616000 1
113131 50.536000 -35.233000 1.874000 1
123718 49.264000 -35.123000 2.575000 1
128050 51.066000 -35.084000 4.770000 1
134914 48.361000 -37.932000 1.235000 1
