# sub-09 hemi-L LimbsvsAllnoLimbsnoCS_scaled Cluster_31
31
34285 -39.997000 -50.114000 -4.947000 1
34299 -39.761000 -50.900000 -4.832000 1
34300 -40.372000 -50.230000 -5.450000 1
35279 -39.418000 -49.486000 -3.901000 1
35293 -39.838000 -49.405000 -4.599000 1
35294 -40.364000 -49.415000 -5.326000 1
35305 -40.930000 -49.190000 -5.951000 1
35315 -40.723000 -49.838000 -5.842000 1
36190 -38.888000 -48.050000 -2.604000 1
36201 -39.223000 -48.301000 -3.391000 1
36213 -39.618000 -48.612000 -4.118000 1
36214 -40.130000 -48.590000 -4.902000 1
36224 -40.688000 -48.546000 -5.539000 1
36225 -41.275000 -48.504000 -6.099000 1
36233 -41.911000 -48.586000 -6.642000 1
37098 -39.226000 -47.519000 -3.175000 1
37113 -39.534000 -47.837000 -3.821000 1
37114 -40.010000 -47.690000 -4.487000 1
37125 -40.483000 -47.921000 -5.167000 1
37126 -41.150000 -47.730000 -5.695000 1
37127 -41.977000 -47.312000 -6.129000 1
37136 -41.721000 -47.979000 -6.295000 1
37137 -42.524000 -47.914000 -6.766000 1
38034 -40.984000 -46.342000 -4.775000 1
38043 -40.679000 -47.179000 -5.023000 1
38044 -41.464000 -46.806000 -5.485000 1
38045 -42.424000 -46.474000 -5.897000 1
38906 -41.769000 -45.960000 -5.213000 1
125302 -39.249000 -48.956000 -3.523000 1
133315 -41.447000 -49.077000 -6.413000 1
136256 -40.093000 -50.534000 -5.167000 1
