# sub-09 hemi-L FacesvsAllnoFace_scaled Cluster_31
107
37158 -46.957000 -47.541000 -9.190000 1
37159 -47.302000 -46.914000 -9.520000 1
37169 -46.192000 -47.928000 -9.673000 1
37170 -46.793000 -47.488000 -9.589000 1
38058 -44.939000 -46.204000 -7.001000 1
38059 -45.580000 -45.543000 -7.010000 1
38067 -45.197000 -47.053000 -7.601000 1
38068 -46.011000 -46.521000 -7.744000 1
38069 -47.056000 -46.369000 -8.381000 1
38079 -47.445000 -46.832000 -9.098000 1
38080 -47.784000 -46.235000 -9.605000 1
38090 -47.106000 -46.772000 -9.866000 1
38924 -46.446000 -45.795000 -7.650000 1
38925 -47.296000 -45.411000 -8.133000 1
38926 -48.118000 -45.340000 -8.845000 1
38933 -40.547000 -45.726000 -8.543000 1
38937 -47.850000 -46.060000 -8.935000 1
38938 -48.209000 -45.448000 -9.459000 1
38945 -47.520000 -46.020000 -10.044000 1
38946 -48.082000 -45.369000 -9.997000 1
39774 -39.702000 -44.360000 -7.667000 1
39775 -40.639000 -44.495000 -7.801000 1
39781 -47.917000 -44.596000 -8.411000 1
39785 -40.136000 -45.020000 -8.160000 1
39786 -41.079000 -45.107000 -8.298000 1
39791 -48.453000 -44.669000 -9.259000 1
39792 -48.451000 -44.651000 -9.856000 1
39798 -47.137000 -45.345000 -10.148000 1
39799 -48.278000 -44.552000 -10.145000 1
40634 -40.543000 -43.464000 -6.873000 1
40635 -41.421000 -43.451000 -6.812000 1
40636 -42.193000 -43.320000 -6.782000 1
40648 -41.065000 -43.958000 -7.365000 1
40649 -41.902000 -43.906000 -7.318000 1
40650 -42.700000 -43.709000 -7.296000 1
40651 -43.527000 -43.335000 -7.323000 1
40652 -44.360000 -43.301000 -7.692000 1
40653 -47.649000 -43.699000 -7.861000 1
40661 -45.879000 -43.318000 -8.796000 1
40662 -46.851000 -42.895000 -9.588000 1
40663 -48.529000 -43.800000 -8.903000 1
40664 -48.705000 -43.830000 -9.735000 1
40670 -46.695000 -43.826000 -9.705000 1
40671 -47.679000 -43.334000 -10.211000 1
40672 -48.391000 -43.657000 -10.226000 1
40673 -48.590000 -43.936000 -10.038000 1
41553 -41.708000 -42.852000 -6.336000 1
41554 -42.487000 -42.627000 -6.449000 1
41555 -43.304000 -42.520000 -6.759000 1
41562 -44.237000 -42.481000 -7.297000 1
41563 -45.117000 -41.967000 -7.724000 1
41565 -48.346000 -42.839000 -8.386000 1
41566 -48.865000 -41.942000 -9.069000 1
41573 -45.117000 -42.843000 -7.971000 1
41574 -46.042000 -42.261000 -8.626000 1
41575 -47.180000 -42.009000 -9.659000 1
41576 -48.871000 -42.875000 -9.563000 1
41581 -48.205000 -41.921000 -10.237000 1
41582 -48.817000 -41.993000 -10.143000 1
41583 -49.050000 -42.006000 -9.921000 1
42423 -42.856000 -41.706000 -6.239000 1
42424 -43.788000 -41.671000 -6.767000 1
42425 -44.241000 -40.909000 -7.108000 1
42427 -48.147000 -40.804000 -7.531000 1
42434 -45.689000 -41.355000 -8.282000 1
42435 -48.631000 -41.070000 -8.403000 1
42436 -48.840000 -41.236000 -9.440000 1
42440 -46.582000 -41.339000 -9.103000 1
42441 -47.650000 -41.167000 -9.837000 1
42442 -48.747000 -41.324000 -9.879000 1
42443 -48.400000 -41.220000 -10.008000 1
43254 -42.749000 -40.821000 -5.945000 1
43255 -43.450000 -40.673000 -6.523000 1
43261 -43.965000 -40.094000 -7.224000 1
43262 -44.635000 -40.335000 -7.757000 1
43263 -45.394000 -40.546000 -8.355000 1
43264 -48.323000 -40.098000 -7.867000 1
43265 -48.578000 -40.464000 -8.694000 1
43268 -44.971000 -39.651000 -8.704000 1
43270 -46.940000 -40.433000 -9.506000 1
43271 -48.520000 -40.628000 -9.492000 1
43272 -46.868000 -39.529000 -9.583000 1
43273 -47.758000 -40.414000 -9.741000 1
43274 -48.251000 -40.582000 -9.729000 1
44081 -42.788000 -39.831000 -6.187000 1
44089 -43.092000 -39.298000 -6.960000 1
44090 -43.426000 -39.818000 -6.819000 1
44097 -44.149000 -39.094000 -8.522000 1
44100 -48.444000 -40.167000 -9.093000 1
44108 -48.111000 -39.881000 -9.370000 1
44111 -47.594000 -39.766000 -9.523000 1
115035 -48.793000 -42.953000 -10.047000 1
116179 -47.839000 -45.158000 -10.142000 1
118684 -47.595000 -44.383000 -10.195000 1
119042 -44.265000 -39.687000 -7.922000 1
121274 -47.943000 -41.797000 -7.585000 1
122364 -43.592000 -39.334000 -7.593000 1
126088 -48.406000 -42.722000 -10.278000 1
127978 -41.035000 -43.047000 -6.387000 1
127980 -40.332000 -43.975000 -7.417000 1
128011 -48.390000 -40.451000 -7.888000 1
132361 -47.734000 -42.566000 -10.192000 1
132403 -44.952000 -41.133000 -7.643000 1
133042 -46.632000 -44.659000 -9.883000 1
135904 -47.434000 -46.496000 -9.804000 1
135929 -46.129000 -40.734000 -8.833000 1
136008 -44.454000 -41.631000 -7.262000 1
