# sub-09 hemi-L LimbsvsAllnoLimbsnoCS_scaled Cluster_35
12
47370 -32.733000 -34.709000 -2.460000 1
48287 -30.984000 -34.384000 -3.043000 1
48288 -31.854000 -34.060000 -2.838000 1
48289 -32.684000 -33.745000 -2.690000 1
48302 -30.147000 -33.591000 -3.223000 1
49225 -30.935000 -33.307000 -3.236000 1
49227 -33.559000 -33.346000 -2.670000 1
49237 -30.292000 -32.802000 -3.176000 1
49238 -30.947000 -32.388000 -3.281000 1
50196 -33.928000 -32.660000 -3.121000 1
127893 -32.566000 -32.883000 -3.104000 1
133173 -30.066000 -34.610000 -3.156000 1
