# sub-09 hemi-L CSvsAllnoletterstring_scaled Cluster_39
83
65504 -42.614000 -15.730000 1.286000 1
65531 -41.981000 -15.309000 1.027000 1
66422 -42.586000 -14.771000 1.355000 1
66423 -43.548000 -14.509000 1.552000 1
66424 -44.264000 -14.229000 1.564000 1
66451 -42.145000 -13.967000 1.019000 1
67286 -42.835000 -13.811000 1.471000 1
67287 -44.540000 -13.561000 1.605000 1
67310 -41.896000 -13.387000 0.349000 1
68128 -42.092000 -12.691000 0.377000 1
68129 -42.347000 -12.287000 0.753000 1
68155 -41.913000 -12.814000 -0.412000 1
68156 -42.145000 -12.240000 -1.169000 1
69033 -42.929000 -10.913000 1.258000 1
69034 -43.668000 -11.237000 1.564000 1
69052 -42.511000 -11.501000 0.843000 1
69074 -42.393000 -11.450000 -0.978000 1
69093 -42.457000 -11.814000 -1.942000 1
69934 -42.944000 -10.245000 1.141000 1
69935 -43.402000 -10.459000 1.402000 1
69972 -42.581000 -10.625000 -0.810000 1
69990 -42.799000 -11.082000 -2.087000 1
70834 -44.359000 -9.334000 1.457000 1
70835 -45.685000 -9.352000 1.513000 1
70854 -42.781000 -9.753000 0.563000 1
70871 -42.676000 -9.805000 -0.482000 1
70872 -43.023000 -9.249000 -1.282000 1
70892 -42.944000 -10.162000 -1.665000 1
71730 -43.857000 -8.699000 1.178000 1
71733 -46.205000 -8.769000 1.386000 1
71734 -46.987000 -8.998000 1.174000 1
71748 -44.327000 -7.879000 1.077000 1
71749 -46.673000 -8.253000 1.110000 1
71750 -47.400000 -8.511000 0.745000 1
71781 -43.496000 -8.754000 -2.165000 1
72620 -45.085000 -7.831000 1.276000 1
72621 -45.893000 -7.975000 1.301000 1
72632 -44.115000 -7.190000 0.493000 1
72633 -45.646000 -7.219000 1.013000 1
72634 -46.465000 -7.507000 0.915000 1
72635 -47.744000 -7.942000 0.354000 1
72636 -48.320000 -8.096000 -0.068000 1
72653 -43.544000 -7.346000 -0.436000 1
72654 -48.730000 -7.840000 -0.533000 1
72655 -49.248000 -7.676000 -1.080000 1
72673 -43.531000 -7.700000 -1.849000 1
72674 -49.661000 -7.653000 -1.607000 1
72695 -44.178000 -7.896000 -3.068000 1
72696 -44.621000 -7.595000 -3.871000 1
73488 -44.650000 -6.472000 0.380000 1
73489 -46.330000 -6.709000 0.622000 1
73490 -48.104000 -7.371000 -0.100000 1
73508 -44.018000 -6.525000 -0.139000 1
73509 -44.502000 -5.992000 -0.053000 1
73526 -44.123000 -5.916000 -0.716000 1
74359 -45.035000 -5.807000 0.163000 1
74362 -46.930000 -6.287000 0.248000 1
74377 -44.718000 -5.427000 -0.370000 1
113754 -47.232000 -7.123000 0.422000 1
114355 -43.109000 -12.955000 1.531000 1
115003 -42.382000 -13.040000 1.068000 1
115183 -42.167000 -11.981000 -0.027000 1
115353 -43.689000 -13.658000 1.622000 1
115465 -43.458000 -9.641000 1.260000 1
117552 -43.971000 -12.859000 1.683000 1
117866 -45.063000 -9.816000 1.591000 1
118361 -44.875000 -12.788000 1.650000 1
118579 -44.861000 -7.135000 0.895000 1
119892 -42.734000 -12.244000 1.256000 1
120987 -44.298000 -12.048000 1.687000 1
121034 -44.015000 -8.443000 -2.933000 1
121126 -42.379000 -11.057000 0.032000 1
121752 -45.445000 -6.388000 0.540000 1
122038 -42.870000 -8.951000 -0.050000 1
122818 -43.430000 -12.154000 1.556000 1
126334 -47.105000 -7.856000 0.732000 1
127756 -44.093000 -9.185000 -3.362000 1
129227 -43.247000 -9.011000 0.724000 1
129527 -42.508000 -10.336000 0.071000 1
130607 -45.008000 -9.106000 1.510000 1
134580 -41.931000 -14.643000 0.924000 1
135276 -45.121000 -10.565000 1.644000 1
136560 -42.977000 -11.595000 1.370000 1
