# sub-09 hemi-R LimbsvsAllnoLimbsnoCS_scaled Cluster_37
41
48424 38.674000 -35.286000 -4.700000 1
49381 39.002000 -34.000000 -2.709000 1
49392 38.082000 -34.075000 -3.206000 1
49393 37.607000 -34.111000 -3.809000 1
49400 39.182000 -34.864000 -3.811000 1
49401 38.106000 -34.691000 -3.996000 1
49402 37.408000 -34.433000 -4.718000 1
50338 38.304000 -33.394000 -2.495000 1
50339 37.723000 -32.852000 -2.657000 1
50348 37.560000 -33.397000 -3.337000 1
50352 37.301000 -33.699000 -4.247000 1
50359 37.055000 -33.461000 -5.416000 1
51238 38.065000 -32.088000 -1.748000 1
51243 38.200000 -32.688000 -2.037000 1
51244 37.706000 -32.222000 -2.408000 1
51252 37.447000 -32.478000 -3.162000 1
51259 37.219000 -32.804000 -4.299000 1
51268 37.206000 -32.465000 -5.712000 1
52098 37.768000 -31.518000 -2.101000 1
52104 37.519000 -31.654000 -2.859000 1
52114 37.357000 -31.839000 -3.780000 1
52126 37.378000 -31.904000 -5.043000 1
52926 37.866000 -30.907000 -1.853000 1
52933 37.936000 -30.362000 -2.980000 1
52934 37.683000 -30.937000 -2.522000 1
52945 38.032000 -30.498000 -3.980000 1
52946 37.577000 -31.038000 -3.371000 1
52960 38.808000 -30.159000 -4.627000 1
52961 37.623000 -31.174000 -4.457000 1
52975 39.943000 -29.879000 -6.074000 1
52977 37.898000 -31.183000 -5.721000 1
53841 40.061000 -28.916000 -3.182000 1
53843 38.432000 -29.764000 -2.551000 1
53852 40.116000 -29.321000 -4.189000 1
53853 38.548000 -29.902000 -3.537000 1
53870 39.644000 -29.836000 -5.140000 1
53871 39.228000 -29.653000 -4.104000 1
53886 40.786000 -29.367000 -6.457000 1
118685 38.308000 -30.679000 -5.196000 1
120428 39.250000 -29.332000 -3.140000 1
127595 38.733000 -34.424000 -3.336000 1
