# sub-09 hemi-L RWvsAllnoletterstring_scaled Cluster_36
13
47422 -40.552000 -35.286000 -7.442000 1
47423 -41.256000 -35.724000 -7.855000 1
48341 -40.351000 -34.492000 -7.498000 1
48342 -41.005000 -34.855000 -7.864000 1
48352 -40.854000 -34.216000 -7.839000 1
48353 -41.405000 -34.262000 -8.239000 1
48354 -42.387000 -34.304000 -8.726000 1
48355 -43.459000 -34.850000 -9.164000 1
48359 -43.473000 -33.890000 -9.241000 1
49289 -41.742000 -33.483000 -8.547000 1
49294 -43.626000 -33.108000 -9.386000 1
123833 -41.689000 -35.052000 -8.328000 1
124926 -42.456000 -35.178000 -8.676000 1
