# sub-09 hemi-R FacesvsAllnoFacenoCS_scaled Cluster_34
50
44721 40.100000 -39.255000 -2.232000 1
45586 38.469000 -38.262000 0.672000 1
45598 39.131000 -38.507000 -0.825000 1
45599 38.745000 -38.199000 -0.141000 1
45613 40.131000 -38.370000 -2.079000 1
45614 39.620000 -38.852000 -1.585000 1
46487 38.870000 -37.305000 2.763000 1
46498 38.440000 -37.850000 1.467000 1
46512 38.541000 -37.416000 0.894000 1
46526 39.181000 -37.585000 -0.508000 1
46527 38.704000 -37.694000 0.216000 1
46540 40.299000 -37.383000 -1.911000 1
46541 39.642000 -37.946000 -1.373000 1
47434 38.887000 -36.417000 2.457000 1
47451 38.699000 -36.161000 1.712000 1
47472 39.089000 -36.250000 0.250000 1
47473 38.659000 -36.619000 0.975000 1
47484 39.410000 -36.651000 -0.451000 1
47485 38.881000 -37.039000 0.217000 1
47496 40.428000 -36.404000 -1.629000 1
47497 39.770000 -37.022000 -1.178000 1
47512 40.879000 -36.642000 -2.260000 1
48330 39.324000 -35.745000 2.840000 1
48331 38.943000 -35.733000 2.253000 1
48351 39.268000 -34.974000 2.406000 1
48352 38.940000 -35.366000 1.625000 1
48367 39.231000 -34.988000 0.774000 1
48368 38.883000 -35.814000 0.936000 1
48374 40.303000 -35.151000 -0.947000 1
48375 39.607000 -35.751000 -0.388000 1
48389 41.331000 -34.608000 -2.203000 1
48390 40.914000 -34.769000 -1.575000 1
48391 39.961000 -36.110000 -1.030000 1
48408 41.147000 -35.534000 -2.041000 1
49315 39.643000 -34.252000 2.909000 1
49326 39.355000 -34.062000 2.176000 1
49337 39.547000 -33.984000 0.540000 1
49351 40.561000 -34.239000 -1.069000 1
49352 39.787000 -34.735000 -0.234000 1
50266 39.604000 -33.458000 2.642000 1
50280 39.410000 -33.281000 1.858000 1
50302 39.494000 -33.192000 0.945000 1
118650 39.304000 -35.525000 0.262000 1
119802 39.216000 -34.535000 1.513000 1
120524 40.560000 -35.594000 -1.446000 1
121165 40.672000 -37.883000 -2.533000 1
123707 38.537000 -37.082000 1.831000 1
130762 40.086000 -33.744000 -0.497000 1
130800 40.741000 -37.286000 -2.388000 1
131392 39.371000 -33.815000 1.425000 1
