#!ascii label , from subject sub-09 vox2ras=TkReg lh ROI=LOC-words coords=white drawn-with=delineation-helper-0.1.0
137
6427  -23.890  -81.991  -8.751 0.0000000000
6428  -24.470  -82.243  -8.363 0.0000000000
6529  -28.421  -82.294  -16.974 0.0000000000
6530  -29.050  -81.948  -17.003 0.0000000000
6541  -29.165  -82.457  -17.565 0.0000000000
7161  -23.988  -81.417  -8.321 0.0000000000
7196  -30.911  -81.013  -11.704 0.0000000000
7239  -25.499  -81.118  -14.733 0.0000000000
7240  -26.133  -81.289  -14.988 0.0000000000
7241  -26.801  -81.133  -15.019 0.0000000000
7253  -24.272  -81.459  -15.867 0.0000000000
7254  -24.900  -81.355  -15.240 0.0000000000
7255  -25.710  -81.584  -15.402 0.0000000000
7256  -26.494  -81.613  -15.504 0.0000000000
7257  -27.310  -81.490  -15.619 0.0000000000
7258  -28.116  -81.233  -15.794 0.0000000000
7259  -28.880  -80.905  -16.013 0.0000000000
7272  -23.732  -81.513  -16.499 0.0000000000
7276  -27.825  -81.838  -16.274 0.0000000000
7277  -28.617  -81.617  -16.450 0.0000000000
7278  -29.335  -81.369  -16.685 0.0000000000
7288  -23.299  -81.623  -17.215 0.0000000000
7289  -24.181  -82.028  -17.084 0.0000000000
7290  -29.608  -81.857  -17.398 0.0000000000
7944  -24.167  -80.519  -7.950 0.0000000000
7989  -30.291  -80.635  -11.203 0.0000000000
8020  -24.424  -80.209  -13.701 0.0000000000
8021  -25.353  -80.608  -14.014 0.0000000000
8022  -25.968  -80.224  -13.586 0.0000000000
8023  -26.724  -80.129  -13.883 0.0000000000
8036  -24.672  -80.818  -14.504 0.0000000000
8037  -26.210  -80.787  -14.378 0.0000000000
8038  -27.138  -80.522  -14.513 0.0000000000
8039  -27.947  -80.095  -14.644 0.0000000000
8040  -28.736  -79.566  -14.736 0.0000000000
8055  -23.968  -80.917  -15.128 0.0000000000
8056  -27.618  -80.859  -15.157 0.0000000000
8057  -28.413  -80.475  -15.320 0.0000000000
8058  -29.204  -80.045  -15.510 0.0000000000
8059  -29.989  -79.736  -15.788 0.0000000000
8073  -29.631  -80.580  -16.264 0.0000000000
8074  -30.275  -80.265  -16.478 0.0000000000
8075  -31.445  -79.398  -16.763 0.0000000000
8762  -26.892  -79.470  -6.955 0.0000000000
8778  -24.826  -79.880  -7.420 0.0000000000
8779  -26.430  -79.138  -7.616 0.0000000000
8794  -23.632  -80.096  -8.569 0.0000000000
8795  -24.316  -79.586  -8.125 0.0000000000
8796  -26.403  -78.880  -8.390 0.0000000000
8810  -22.787  -79.953  -9.904 0.0000000000
8811  -23.210  -79.838  -9.291 0.0000000000
8812  -23.846  -79.346  -8.813 0.0000000000
8813  -26.204  -78.710  -9.483 0.0000000000
8814  -27.171  -79.195  -9.120 0.0000000000
8827  -23.145  -79.388  -10.009 0.0000000000
8828  -25.715  -78.841  -11.283 0.0000000000
8829  -26.402  -78.871  -10.627 0.0000000000
8830  -27.099  -79.145  -10.081 0.0000000000
8831  -28.229  -79.590  -10.373 0.0000000000
8832  -28.878  -79.835  -10.547 0.0000000000
8848  -23.304  -79.110  -10.913 0.0000000000
8849  -23.882  -79.022  -11.753 0.0000000000
8850  -26.460  -79.008  -11.497 0.0000000000
8851  -27.199  -79.178  -10.918 0.0000000000
8852  -28.005  -78.827  -11.962 0.0000000000
8853  -29.204  -79.619  -11.171 0.0000000000
8869  -24.357  -79.404  -12.457 0.0000000000
8870  -25.740  -79.209  -12.094 0.0000000000
8871  -26.465  -79.244  -12.294 0.0000000000
8872  -27.256  -79.104  -12.478 0.0000000000
8873  -27.934  -78.825  -12.771 0.0000000000
8876  -32.254  -79.621  -12.502 0.0000000000
8877  -32.832  -78.672  -12.689 0.0000000000
8886  -24.651  -79.776  -13.047 0.0000000000
8887  -25.828  -79.659  -12.854 0.0000000000
8888  -26.658  -79.598  -13.116 0.0000000000
8889  -27.229  -79.597  -13.535 0.0000000000
8892  -33.045  -79.775  -12.876 0.0000000000
8893  -33.622  -78.918  -13.004 0.0000000000
8903  -27.498  -79.772  -14.053 0.0000000000
8904  -28.248  -79.277  -14.033 0.0000000000
8905  -29.649  -79.028  -14.819 0.0000000000
8914  -30.449  -78.971  -15.329 0.0000000000
8915  -31.176  -78.818  -15.708 0.0000000000
8959  -33.011  -79.185  -21.554 0.0000000000
8971  -32.433  -79.461  -22.237 0.0000000000
8972  -33.059  -78.992  -22.484 0.0000000000
8990  -32.480  -79.200  -23.014 0.0000000000
9622  -24.623  -78.902  -8.593 0.0000000000
9623  -25.512  -78.717  -8.512 0.0000000000
9634  -23.602  -79.196  -9.496 0.0000000000
9635  -24.223  -78.780  -9.396 0.0000000000
9636  -25.120  -78.538  -9.394 0.0000000000
9652  -23.805  -78.851  -10.164 0.0000000000
9653  -24.646  -78.579  -10.223 0.0000000000
9654  -25.541  -78.618  -10.353 0.0000000000
9669  -24.256  -78.742  -11.027 0.0000000000
9670  -25.036  -78.683  -10.989 0.0000000000
9671  -28.821  -78.887  -11.731 0.0000000000
9681  -31.959  -78.506  -12.508 0.0000000000
9690  -31.689  -77.958  -12.956 0.0000000000
9691  -32.522  -77.936  -12.994 0.0000000000
9692  -33.338  -78.050  -13.082 0.0000000000
9700  -30.343  -78.518  -14.513 0.0000000000
9701  -31.482  -77.900  -13.866 0.0000000000
9702  -32.102  -77.786  -14.405 0.0000000000
9714  -30.958  -78.380  -14.751 0.0000000000
9715  -31.639  -78.178  -15.024 0.0000000000
9716  -32.309  -77.849  -15.256 0.0000000000
9729  -31.866  -78.487  -16.013 0.0000000000
9740  -32.156  -78.706  -16.935 0.0000000000
9784  -33.717  -78.764  -21.795 0.0000000000
9796  -32.896  -78.774  -22.976 0.0000000000
9803  -32.955  -78.378  -23.097 0.0000000000
10501  -32.319  -77.747  -13.586 0.0000000000
114083  -27.704  -79.385  -10.482 0.0000000000
115598  -25.246  -80.014  -13.335 0.0000000000
117120  -27.239  -79.011  -11.670 0.0000000000
117587  -25.141  -79.550  -12.620 0.0000000000
117791  -27.816  -79.525  -9.799 0.0000000000
118528  -33.686  -79.857  -13.325 0.0000000000
120453  -31.678  -79.655  -22.847 0.0000000000
124902  -27.807  -79.187  -13.473 0.0000000000
124983  -27.387  -79.230  -13.091 0.0000000000
125950  -32.322  -79.588  -21.202 0.0000000000
126569  -22.755  -81.118  -16.477 0.0000000000
126803  -28.150  -79.316  -11.121 0.0000000000
127102  -25.809  -78.976  -7.817 0.0000000000
127543  -31.785  -79.977  -20.882 0.0000000000
128525  -30.706  -79.581  -16.201 0.0000000000
131120  -24.910  -79.010  -11.824 0.0000000000
132352  -25.099  -79.170  -7.837 0.0000000000
133073  -29.669  -80.322  -10.766 0.0000000000
133206  -29.799  -80.193  -11.099 0.0000000000
133572  -30.721  -78.132  -13.946 0.0000000000
133944  -24.476  -81.854  -16.477 0.0000000000
135706  -25.801  -79.549  -7.075 0.0000000000
