#!ascii label  , from subject sub-04 vox2ras=TkReg
656
19844  31.056  -58.652  -2.735 0.6000000238
17483  27.175  -60.982  1.720 0.6999999881
17505  27.506  -61.383  0.180 0.6999999881
16785  28.395  -62.483  -2.810 0.8999999762
114741  29.511  -61.913  -3.418 0.8000000119
18241  30.493  -60.770  -3.281 0.8000000119
106097  30.719  -58.174  -2.672 0.6000000238
20675  31.102  -57.764  -2.275 0.6999999881
21484  31.099  -56.424  -1.168 0.6999999881
18207  27.366  -60.579  2.352 0.6999999881
18208  26.715  -60.876  2.976 0.6999999881
18220  27.567  -60.811  0.886 0.6999999881
18227  27.827  -60.524  -0.075 0.6000000238
100147  27.666  -61.210  -0.929 0.6999999881
17510  27.634  -61.973  -1.374 0.6999999881
17512  27.676  -61.439  -1.872 0.8000000119
18238  28.279  -60.896  -2.788 0.8000000119
17514  28.750  -61.800  -3.113 0.8000000119
18243  28.969  -60.365  -3.108 0.8000000119
115580  30.300  -59.393  -3.181 0.6000000238
21506  29.605  -56.959  -2.099 0.6000000238
101595  29.807  -56.462  -1.620 0.6999999881
18187  27.302  -60.433  3.294 0.6000000238
18206  28.225  -60.048  1.853 0.4000000060
19028  28.256  -59.998  0.802 0.6000000238
19029  28.180  -59.675  -0.166 0.5000000000
18231  27.782  -60.274  -1.046 0.6000000238
18235  27.658  -60.692  -1.798 0.8000000119
18239  27.796  -60.273  -2.292 0.6999999881
19048  27.523  -59.279  -2.271 0.6999999881
19847  27.583  -58.516  -2.427 0.6999999881
21507  28.454  -57.105  -2.177 0.5000000000
21494  28.907  -56.474  -1.694 0.6000000238
22271  29.347  -55.953  -1.196 0.6000000238
22270  30.296  -56.151  -1.206 0.6000000238
22253  31.070  -55.267  -0.064 0.5000000000
18977  28.693  -59.540  3.324 0.5000000000
18978  27.975  -59.984  3.740 0.6000000238
18178  26.810  -60.664  4.707 0.6000000238
18995  28.102  -60.065  2.820 0.5000000000
19037  27.578  -59.318  -1.170 0.6000000238
19831  26.672  -58.407  -1.576 0.6000000238
19848  26.783  -58.449  -2.089 0.6000000238
21508  27.260  -57.310  -2.163 0.5000000000
21495  27.786  -56.575  -1.774 0.5000000000
22272  28.292  -55.921  -1.253 0.6000000238
22261  28.769  -55.357  -0.668 0.6000000238
22260  29.796  -55.486  -0.658 0.5000000000
22989  29.667  -54.229  0.282 0.5000000000
23768  31.095  -54.072  0.856 0.5000000000
22988  30.615  -54.429  0.411 0.5000000000
18966  27.886  -59.898  4.629 0.5000000000
18167  27.377  -60.273  4.943 0.5000000000
18994  28.869  -59.411  2.314 0.5000000000
19802  28.992  -58.861  1.481 0.4000000060
20643  28.913  -57.800  1.346 0.3000000119
19803  28.729  -58.382  0.857 0.4000000060
20656  28.097  -58.048  0.151 0.3000000119
20644  28.429  -57.518  0.872 0.3000000119
19820  27.360  -58.452  -0.747 0.5000000000
102479  26.301  -57.965  -1.115 0.5000000000
20666  25.842  -57.774  -1.593 0.5000000000
21509  26.205  -57.501  -2.010 0.5000000000
21496  26.596  -56.746  -1.806 0.5000000000
22273  27.115  -55.965  -1.393 0.6000000238
22262  27.653  -55.323  -0.725 0.6000000238
23003  29.228  -54.795  -0.172 0.5000000000
23769  30.103  -53.703  0.587 0.5000000000
18952  28.412  -59.396  5.071 0.5000000000
19773  29.052  -59.133  3.782 0.5000000000
19783  29.484  -58.311  3.157 0.5000000000
19784  29.312  -58.467  2.326 0.4000000060
20632  29.224  -57.680  1.951 0.4000000060
21464  28.695  -57.105  1.538 0.3000000119
21466  26.716  -56.658  0.495 0.3000000119
21477  25.723  -56.897  -0.219 0.4000000060
21498  24.930  -56.945  -1.212 0.5000000000
21497  25.570  -56.920  -1.601 0.4000000060
23004  28.140  -54.690  -0.213 0.5000000000
23771  27.920  -53.342  0.383 0.5000000000
22990  28.603  -54.096  0.256 0.5000000000
23757  30.632  -53.335  0.957 0.5000000000
114431  29.878  -53.007  0.739 0.4000000060
19751  28.867  -58.746  5.429 0.5000000000
19762  29.025  -58.959  4.513 0.5000000000
20620  29.596  -57.812  3.778 0.5000000000
20631  29.513  -57.559  2.862 0.4000000060
21452  29.087  -56.834  2.274 0.4000000060
22239  28.347  -56.282  1.816 0.3000000119
116832  27.114  -56.214  1.015 0.3000000119
21467  25.366  -56.297  0.310 0.4000000060
21468  24.552  -55.901  0.046 0.4000000060
22254  24.340  -55.459  -0.201 0.4000000060
21485  24.695  -56.817  -1.020 0.4000000060
22276  24.521  -56.376  -0.877 0.4000000060
22264  25.170  -55.508  -0.865 0.5000000000
23006  25.509  -54.693  -0.430 0.5000000000
23005  26.913  -54.641  -0.333 0.6000000238
104375  28.328  -52.469  0.451 0.4000000060
23770  29.134  -53.315  0.487 0.5000000000
107882  29.636  -57.074  3.638 0.4000000060
19750  29.433  -58.142  4.764 0.4000000060
21441  29.423  -56.534  3.076 0.4000000060
22227  28.791  -55.926  2.553 0.4000000060
100364  27.930  -55.469  2.078 0.4000000060
22228  26.745  -55.123  1.701 0.4000000060
22241  26.322  -55.801  0.996 0.4000000060
111436  25.064  -55.503  0.687 0.4000000060
22243  24.360  -55.098  0.333 0.4000000060
22994  24.298  -55.248  -0.205 0.5000000000
23786  24.673  -54.193  0.124 0.5000000000
23773  25.013  -53.375  0.413 0.6000000238
23772  26.579  -53.336  0.328 0.5000000000
24548  27.178  -52.556  0.397 0.4000000060
19738  29.203  -58.025  5.793 0.4000000060
21431  29.691  -56.325  3.920 0.4000000060
20597  29.528  -57.477  5.340 0.4000000060
22229  25.624  -54.552  1.625 0.4000000060
22242  24.780  -54.785  1.047 0.4000000060
114415  24.201  -54.910  0.118 0.4000000060
23774  24.380  -53.699  0.769 0.5000000000
21416  29.722  -56.743  5.456 0.4000000060
102287  29.874  -56.198  4.785 0.4000000060
101947  29.744  -55.540  4.192 0.4000000060
22215  29.293  -55.540  3.349 0.4000000060
22962  28.452  -54.940  2.746 0.4000000060
22948  27.619  -54.184  2.515 0.4000000060
22949  26.547  -53.571  2.370 0.5000000000
22963  26.590  -54.353  2.116 0.4000000060
22964  25.484  -53.860  1.969 0.3000000119
23750  24.577  -53.304  1.613 0.3000000119
23758  24.279  -53.571  1.076 0.4000000060
24550  24.521  -52.744  0.891 0.4000000060
107584  25.110  -51.974  0.742 0.4000000060
24549  25.755  -52.616  0.511 0.5000000000
20586  29.433  -57.282  6.098 0.4000000060
22216  29.082  -54.696  3.372 0.4000000060
22947  28.585  -53.981  3.101 0.4000000060
23737  27.721  -53.413  2.691 0.3000000119
23738  25.961  -52.821  2.421 0.3000000119
23749  25.330  -53.254  2.182 0.3000000119
105457  24.355  -52.810  1.285 0.3000000119
103272  24.445  -52.075  1.254 0.4000000060
25405  24.750  -51.349  0.954 0.4000000060
22191  30.229  -55.036  5.329 0.3000000119
22934  29.924  -54.786  4.505 0.3000000119
22946  29.483  -54.127  3.809 0.3000000119
23735  29.102  -53.275  3.474 0.3000000119
23736  28.415  -53.156  3.045 0.3000000119
24527  27.810  -52.543  2.755 0.3000000119
114225  27.022  -52.939  2.555 0.4000000060
25373  26.321  -51.514  2.490 0.4000000060
25374  25.124  -51.421  2.299 0.3000000119
24537  24.342  -52.037  1.718 0.3000000119
25394  24.439  -51.427  1.516 0.4000000060
26229  24.694  -50.663  1.239 0.4000000060
105298  25.015  -49.874  0.901 0.4000000060
25372  27.407  -51.683  2.615 0.4000000060
106368  26.530  -50.023  2.455 0.4000000060
26213  25.847  -50.752  2.388 0.4000000060
26222  24.602  -50.700  1.800 0.4000000060
27095  24.497  -49.048  1.932 0.4000000060
27112  24.550  -48.951  1.742 0.4000000060
27094  24.680  -49.717  1.609 0.4000000060
27111  24.835  -49.142  1.244 0.4000000060
101253  25.391  -49.939  2.280 0.4000000060
27077  25.028  -49.072  2.313 0.5000000000
27078  24.524  -48.728  2.077 0.4000000060
27880  24.360  -48.380  1.981 0.4000000060
27893  25.241  -48.528  1.030 0.3000000119
28685  24.401  -47.739  1.895 0.3000000119
19045  30.915  -59.371  -3.077 0.6999999881
17515  28.020  -61.625  -2.511 0.8000000119
20684  29.168  -57.630  -2.451 0.6000000238
103708  28.171  -59.972  -2.676 0.6999999881
19846  28.691  -58.391  -2.634 0.6999999881
23002  30.214  -54.994  -0.116 0.6000000238
19818  28.620  -59.174  0.675 0.4000000060
19819  28.298  -58.895  -0.080 0.4000000060
19043  27.525  -59.802  -1.862 0.6999999881
19839  27.056  -58.832  -1.907 0.6999999881
20685  27.956  -57.800  -2.446 0.6999999881
18976  29.259  -58.956  3.110 0.5000000000
20677  25.792  -57.748  -1.737 0.5000000000
20657  26.819  -57.535  -0.324 0.4000000060
22274  25.887  -56.128  -1.399 0.6000000238
22991  27.413  -54.040  0.186 0.5000000000
22992  26.005  -54.004  0.067 0.6000000238
113888  27.502  -54.804  2.237 0.3000000119
22192  30.026  -55.848  5.650 0.4000000060
23739  24.666  -52.610  2.058 0.3000000119
114997  24.639  -51.928  2.137 0.3000000119
27084  24.724  -49.682  1.983 0.3000000119
27894  24.619  -48.458  1.607 0.3000000119
14418  29.086  -65.520  0.269 0.6000000238
14407  29.096  -65.548  1.008 0.6000000238
15239  29.850  -65.084  3.814 0.6000000238
15229  30.328  -64.226  4.232 0.6000000238
13631  26.359  -67.200  0.568 0.5000000000
13642  28.154  -66.479  0.553 0.6000000238
14431  28.202  -65.907  -1.387 0.6999999881
115411  28.526  -66.106  -0.341 0.6999999881
13630  27.375  -66.884  1.183 0.6000000238
15281  29.394  -64.929  -0.008 0.6000000238
15263  29.420  -64.969  1.055 0.6000000238
16007  29.917  -63.486  1.382 0.6000000238
15249  29.984  -63.641  2.412 0.6000000238
15981  30.289  -63.475  3.587 0.6000000238
106312  30.617  -62.059  3.504 0.6000000238
103622  31.639  -61.022  4.776 0.6999999881
13644  25.927  -66.729  -0.436 0.6000000238
14432  26.700  -65.788  -1.613 0.6999999881
13643  26.983  -66.871  -0.089 0.5000000000
13656  27.362  -66.192  -1.393 0.6999999881
101944  27.620  -66.513  -0.635 0.6999999881
15299  29.368  -64.853  -1.068 0.6999999881
16027  29.899  -63.431  0.438 0.5000000000
17482  30.501  -61.895  2.719 0.6000000238
103635  31.051  -60.487  3.021 0.6000000238
18186  30.846  -61.253  3.476 0.6999999881
118129  31.686  -59.623  3.730 0.6999999881
115095  32.161  -60.339  4.879 0.6999999881
103415  32.489  -59.067  4.488 0.6999999881
20627  38.353  -57.267  2.528 0.4000000060
21427  36.427  -56.548  4.507 0.5000000000
99243  35.226  -57.249  4.926 0.6000000238
20610  34.684  -57.525  4.977 0.6000000238
19761  33.093  -58.608  4.748 0.6999999881
14410  24.808  -65.602  0.406 0.5000000000
14420  25.233  -66.015  -0.294 0.5000000000
14419  25.798  -65.796  -0.779 0.6000000238
13658  25.761  -66.120  -0.884 0.5000000000
15318  27.125  -64.998  -1.807 0.6999999881
14433  26.178  -65.920  -1.361 0.5000000000
15333  27.812  -64.678  -2.351 0.6999999881
14445  27.955  -65.393  -2.126 0.6999999881
14455  28.600  -64.894  -2.398 0.6999999881
16028  29.690  -64.195  -0.315 0.6999999881
110195  30.201  -62.671  2.078 0.6000000238
18205  30.716  -61.041  2.451 0.6000000238
18993  31.430  -59.646  2.984 0.6999999881
19771  31.997  -58.876  3.589 0.6999999881
19770  32.558  -58.429  4.193 0.6999999881
20611  33.889  -57.397  4.785 0.6000000238
20612  33.048  -57.794  4.363 0.6000000238
15251  26.063  -64.575  1.977 0.5000000000
15266  24.462  -64.839  1.164 0.4000000060
102285  26.296  -65.057  0.832 0.5000000000
15265  25.473  -65.151  1.144 0.5000000000
14409  25.363  -65.656  0.064 0.5000000000
15264  27.036  -64.479  0.762 0.6000000238
15282  26.677  -65.051  -0.271 0.6000000238
16046  27.475  -64.068  -1.160 0.6999999881
15300  26.990  -64.862  -1.076 0.6000000238
16054  27.727  -64.004  -2.127 0.6999999881
15332  28.555  -64.438  -2.726 0.6999999881
16045  29.714  -64.113  -1.415 0.6999999881
16768  30.109  -62.599  0.217 0.6999999881
16754  30.131  -62.640  1.132 0.6999999881
18219  30.686  -60.776  1.547 0.6999999881
18204  30.987  -60.179  2.183 0.6999999881
19782  31.732  -58.735  2.440 0.8000000119
19781  32.466  -57.945  3.532 0.6999999881
103921  35.870  -55.794  4.792 0.5000000000
21429  34.633  -56.681  4.878 0.6000000238
20619  32.808  -57.158  3.573 0.6000000238
15995  24.684  -63.796  2.741 0.4000000060
15993  26.354  -63.729  2.402 0.6000000238
16009  26.761  -64.249  1.601 0.6000000238
16755  27.336  -63.575  0.969 0.6000000238
103351  27.505  -63.204  -0.234 0.6000000238
16780  28.030  -63.173  -2.444 0.6999999881
16061  28.291  -63.985  -2.698 0.6999999881
16058  29.697  -63.324  -3.073 0.6999999881
16053  29.659  -63.914  -2.542 0.6999999881
106492  30.098  -62.998  -2.689 0.8000000119
16779  30.395  -62.398  -1.930 0.8000000119
99193  30.572  -60.939  0.054 0.6000000238
18218  30.969  -59.880  1.148 0.6000000238
20630  32.007  -57.917  1.926 0.8000000119
113440  32.120  -58.162  2.802 0.6999999881
22213  36.617  -54.888  4.244 0.5000000000
105180  35.090  -55.836  4.906 0.6000000238
21439  33.167  -56.427  3.708 0.6999999881
22200  36.038  -55.029  4.603 0.6000000238
16745  25.995  -63.104  2.977 0.5000000000
15983  24.762  -63.167  3.414 0.4000000060
110675  23.975  -63.172  3.318 0.4000000060
101994  26.533  -62.508  2.454 0.5000000000
15994  25.533  -63.789  2.785 0.5000000000
16756  27.077  -62.399  1.523 0.6000000238
99549  27.383  -62.322  0.548 0.6000000238
103505  27.530  -62.134  -0.529 0.6000000238
104644  27.763  -62.249  -2.118 0.6999999881
16066  29.266  -63.429  -3.253 0.8000000119
16783  30.100  -62.444  -3.154 0.8000000119
17511  30.624  -61.576  -2.260 0.6000000238
19036  31.165  -59.554  -0.749 0.6000000238
19027  31.254  -59.263  0.259 0.6999999881
20642  31.933  -57.736  0.954 0.6999999881
21451  32.529  -56.587  2.015 0.6999999881
109996  34.276  -55.754  4.582 0.6000000238
22214  33.042  -55.736  3.053 0.6000000238
22945  33.335  -54.941  3.364 0.6000000238
22202  34.786  -55.056  4.686 0.6000000238
22932  33.986  -54.792  4.231 0.6000000238
17484  26.470  -61.541  2.763 0.5000000000
16734  25.887  -62.119  3.321 0.5000000000
16735  24.991  -62.284  3.866 0.5000000000
16736  24.171  -62.647  3.890 0.5000000000
112121  26.859  -61.067  2.358 0.5000000000
17495  27.253  -61.528  1.172 0.6000000238
18237  30.750  -60.768  -3.064 0.6999999881
18236  31.121  -60.015  -2.815 0.6000000238
19042  31.434  -59.005  -1.625 0.6000000238
19830  31.737  -57.784  -0.524 0.6000000238
20654  32.123  -57.111  0.458 0.6999999881
20655  31.911  -57.548  0.155 0.6000000238
21463  32.412  -56.198  1.314 0.6000000238
22929  36.127  -54.305  4.324 0.5000000000
114790  33.912  -53.470  3.967 0.4000000060
17469  26.200  -61.300  3.506 0.5000000000
17470  25.565  -61.619  3.969 0.5000000000
117237  25.111  -61.950  4.414 0.5000000000
16702  24.408  -62.713  5.152 0.5000000000
15943  24.178  -63.268  5.980 0.5000000000
15192  22.931  -64.051  5.770 0.5000000000
113854  31.431  -57.739  -1.788 0.6000000238
20664  31.947  -57.017  -0.310 0.6000000238
21476  31.826  -56.416  -0.235 0.4000000060
22238  32.434  -55.483  1.478 0.5000000000
106625  32.637  -54.175  2.319 0.4000000060
105881  33.582  -53.118  3.628 0.4000000060
22961  33.083  -54.383  2.931 0.5000000000
18188  26.695  -60.754  3.816 0.6000000238
17454  26.164  -61.132  4.344 0.5000000000
16701  25.059  -62.199  5.273 0.5000000000
110836  24.742  -62.734  5.922 0.5000000000
16685  24.578  -62.719  6.641 0.5000000000
16686  23.816  -63.088  6.917 0.5000000000
15945  22.163  -63.801  6.644 0.4000000060
15946  21.380  -63.542  6.731 0.5000000000
111227  20.614  -63.170  6.677 0.4000000060
15948  19.201  -63.347  6.256 0.4000000060
15949  18.163  -63.496  6.229 0.4000000060
22258  31.425  -56.029  -0.522 0.6000000238
22252  31.787  -55.688  0.208 0.4000000060
22975  32.346  -54.725  1.611 0.4000000060
23747  33.034  -53.607  2.985 0.4000000060
17434  26.352  -61.111  5.428 0.5000000000
17435  25.726  -61.752  5.881 0.4000000060
16684  25.201  -62.318  6.339 0.4000000060
16673  25.051  -62.201  7.164 0.5000000000
17406  23.897  -61.694  7.770 0.4000000060
16675  22.545  -62.692  7.337 0.5000000000
17407  22.435  -61.882  7.542 0.4000000060
17408  21.585  -61.820  7.326 0.5000000000
16687  21.275  -62.624  7.042 0.5000000000
17409  20.815  -61.744  6.974 0.3000000119
17421  19.988  -61.792  6.463 0.3000000119
17423  18.534  -61.963  5.750 0.3000000119
22987  31.408  -54.840  0.552 0.4000000060
18152  26.727  -60.780  6.212 0.5000000000
17419  26.251  -61.288  6.486 0.5000000000
18953  27.715  -59.879  5.596 0.4000000060
18151  27.231  -60.218  6.499 0.4000000060
101394  26.634  -60.730  7.004 0.4000000060
18130  25.578  -60.863  7.953 0.4000000060
18939  27.733  -59.630  6.448 0.4000000060
110015  27.464  -59.708  7.055 0.4000000060
18139  26.276  -60.492  7.763 0.4000000060
19740  27.936  -59.103  7.012 0.4000000060
18912  26.537  -59.731  8.114 0.4000000060
18913  25.699  -60.068  8.367 0.4000000060
18914  24.473  -59.739  8.502 0.4000000060
18926  27.238  -59.384  7.671 0.4000000060
19739  28.594  -58.539  6.375 0.3000000119
18911  26.793  -58.937  8.323 0.4000000060
102276  25.218  -59.397  8.664 0.4000000060
19717  25.445  -58.597  8.862 0.4000000060
20587  28.926  -57.790  6.684 0.4000000060
110581  23.759  -59.181  8.333 0.4000000060
110099  23.794  -58.320  8.224 0.4000000060
20569  29.231  -57.034  6.964 0.3000000119
20570  28.552  -57.463  7.543 0.4000000060
20571  27.841  -57.861  8.100 0.4000000060
19716  26.260  -58.413  8.813 0.4000000060
19706  25.011  -57.996  8.981 0.4000000060
19705  25.672  -57.820  9.122 0.3000000119
19838  31.368  -58.520  -2.257 0.6000000238
17496  26.860  -61.597  2.001 0.5000000000
21483  31.625  -56.754  -0.859 0.6000000238
22976  31.770  -54.394  1.159 0.4000000060
99789  29.578  -64.999  2.753 0.6000000238
18975  31.973  -59.624  4.286 0.6999999881
117697  37.077  -56.914  4.033 0.5000000000
22212  37.323  -55.227  3.824 0.5000000000
20609  35.850  -57.309  4.672 0.5000000000
16773  30.207  -62.488  -0.799 0.6999999881
21430  33.748  -56.480  4.445 0.6000000238
16029  27.341  -64.256  -0.042 0.6000000238
17504  30.488  -61.296  0.869 0.6999999881
19801  31.657  -58.521  1.446 0.8000000119
17509  30.494  -61.486  -1.020 0.6000000238
18226  30.858  -60.097  0.154 0.6000000238
102099  32.298  -57.053  1.352 0.6999999881
20629  32.419  -57.330  2.568 0.6999999881
22944  36.854  -54.304  3.767 0.5000000000
21440  32.761  -56.514  2.839 0.6999999881
22203  33.529  -55.677  3.968 0.6000000238
18233  31.180  -59.984  -1.925 0.6999999881
99299  31.496  -58.656  -0.605 0.6999999881
19817  31.633  -58.356  0.396 0.6999999881
22226  32.714  -55.914  2.126 0.6000000238
22931  34.650  -54.343  4.475 0.6000000238
23722  34.213  -53.859  4.193 0.6000000238
16720  24.577  -62.357  4.413 0.5000000000
16721  23.989  -62.784  4.401 0.4000000060
114436  31.566  -58.130  -1.381 0.6000000238
21475  32.141  -56.460  0.460 0.6000000238
15196  19.680  -64.218  6.267 0.3000000119
22986  32.020  -55.169  0.926 0.5000000000
102631  32.349  -53.233  2.288 0.4000000060
15931  22.893  -63.350  7.026 0.5000000000
16688  20.522  -62.415  6.749 0.4000000060
108531  18.611  -62.750  6.065 0.4000000060
19730  28.284  -58.273  7.301 0.4000000060
19731  27.553  -58.642  7.866 0.4000000060
12894  41.308  -66.716  -3.294 0.3000000119
13681  41.768  -66.257  -3.360 0.3000000119
17493  34.917  -62.242  0.852 0.4000000060
17507  36.118  -60.972  -0.399 0.4000000060
101363  36.215  -61.765  -0.089 0.4000000060
16765  36.760  -62.612  0.306 0.4000000060
19012  35.932  -60.174  1.275 0.4000000060
17480  35.345  -61.130  1.854 0.4000000060
102588  35.211  -61.494  2.741 0.4000000060
17466  35.306  -61.078  3.415 0.5000000000
16732  34.694  -62.646  3.711 0.5000000000
16717  34.486  -62.190  4.540 0.5000000000
19024  36.828  -59.598  -0.784 0.4000000060
17508  35.650  -61.059  0.055 0.5000000000
17492  35.251  -61.466  0.860 0.5000000000
118530  33.893  -63.254  5.059 0.5000000000
19035  36.563  -59.984  -0.830 0.5000000000
18225  36.215  -60.435  -0.429 0.5000000000
19034  37.090  -59.782  -1.204 0.5000000000
17506  36.659  -60.940  -0.560 0.4000000060
17501  37.075  -61.841  0.172 0.4000000060
16764  37.737  -62.920  0.579 0.4000000060
15278  38.157  -64.095  0.198 0.3000000119
100732  39.260  -64.547  -1.099 0.4000000060
100196  37.316  -58.626  1.846 0.4000000060
18992  36.240  -59.757  2.141 0.4000000060
18973  36.394  -59.119  3.223 0.4000000060
98848  37.447  -58.666  0.766 0.4000000060
19011  36.312  -59.696  1.002 0.4000000060
18991  36.733  -59.163  1.989 0.4000000060
108294  36.007  -59.865  3.053 0.4000000060
18185  35.556  -60.386  3.470 0.5000000000
17450  35.131  -60.873  4.136 0.5000000000
100197  37.620  -58.702  -0.256 0.4000000060
19025  36.428  -59.737  -0.157 0.4000000060
19026  35.932  -60.297  0.325 0.4000000060
18175  35.228  -60.044  4.369 0.5000000000
17451  34.591  -61.344  4.625 0.5000000000
16697  34.028  -61.757  5.124 0.5000000000
16698  33.329  -62.143  5.377 0.6000000238
17432  32.550  -61.658  5.391 0.6000000238
15957  32.188  -63.273  5.513 0.6000000238
18963  33.102  -59.340  5.015 0.6000000238
18951  32.960  -60.055  5.193 0.6000000238
16700  31.788  -62.324  5.301 0.5000000000
18224  37.650  -60.935  -0.294 0.4000000060
17453  30.895  -61.881  4.176 0.5000000000
16022  38.581  -63.579  0.497 0.4000000060
101410  38.770  -62.788  0.849 0.4000000060
15277  39.037  -64.038  0.189 0.4000000060
19768  36.552  -58.207  3.845 0.4000000060
19769  35.935  -58.690  4.226 0.5000000000
18961  35.283  -59.178  4.589 0.5000000000
18962  34.731  -59.737  4.862 0.5000000000
17430  34.119  -60.945  5.118 0.5000000000
19760  34.661  -58.957  4.972 0.5000000000
18164  33.564  -60.516  5.274 0.6000000238
19749  33.863  -58.937  5.106 0.6000000238
18950  33.682  -59.761  5.198 0.6000000238
12887  40.440  -67.205  -3.427 0.3000000119
14453  42.515  -65.702  -2.890 0.3000000119
16040  41.652  -63.907  -0.286 0.3000000119
20641  38.680  -57.581  1.638 0.4000000060
19799  38.003  -58.124  1.782 0.4000000060
20628  37.668  -57.867  2.763 0.4000000060
19780  37.038  -58.463  2.945 0.4000000060
20617  37.142  -57.613  3.602 0.4000000060
19758  36.053  -57.942  4.440 0.5000000000
20608  36.539  -57.415  4.252 0.4000000060
19759  35.292  -58.131  4.795 0.5000000000
17433  31.861  -61.543  5.185 0.6000000238
16719  31.076  -62.507  4.751 0.5000000000
18203  35.748  -60.425  2.225 0.4000000060
15956  33.223  -63.048  5.423 0.5000000000
16041  40.708  -63.905  -0.149 0.3000000119
18974  35.769  -59.542  3.890 0.5000000000
18949  34.260  -59.524  5.100 0.6000000238
13657  26.412  -66.309  -1.155 0.6999999881
13680  42.600  -66.087  -3.038 0.3000000119
14408  28.813  -65.926  0.573 0.6000000238
14430  28.986  -65.498  -0.714 0.6999999881
14444  28.791  -65.287  -1.709 0.6999999881
14446  27.308  -65.309  -1.915 0.6999999881
14447  26.666  -65.657  -1.577 0.6999999881
14452  43.301  -65.824  -2.606 0.3000000119
14456  27.966  -64.963  -2.435 0.6999999881
15238  29.906  -64.335  3.148 0.6000000238
15301  26.486  -65.598  -1.321 0.6999999881
15317  29.302  -64.679  -2.085 0.6999999881
15331  29.160  -64.456  -2.681 0.6999999881
15932  22.048  -63.124  7.113 0.5000000000
15944  23.394  -63.630  6.318 0.5000000000
15947  19.995  -63.526  6.443 0.4000000060
15960  23.506  -63.613  5.514 0.5000000000
15967  34.342  -63.015  4.508 0.5000000000
15968  33.558  -63.825  5.211 0.5000000000
15982  25.427  -62.933  3.365 0.5000000000
16008  29.680  -64.243  0.684 0.5000000000
16023  36.993  -63.444  0.305 0.4000000060
16044  29.944  -63.363  -0.578 0.6999999881
16052  30.069  -63.276  -1.699 0.8000000119
16059  29.265  -64.015  -3.070 0.6999999881
16060  28.818  -63.913  -3.090 0.8000000119
16689  19.252  -62.356  6.159 0.3000000119
16699  32.603  -62.481  5.477 0.6000000238
16718  33.941  -62.575  5.110 0.5000000000
16733  30.601  -62.639  3.993 0.5000000000
16744  30.350  -62.715  3.057 0.6000000238
16774  27.666  -62.942  -1.439 0.6999999881
16784  28.699  -63.351  -3.060 0.8999999762
16788  29.698  -62.881  -3.287 0.8000000119
16789  29.243  -62.655  -3.345 0.8000000119
17403  26.025  -61.187  7.329 0.4000000060
17420  25.671  -61.798  6.844 0.4000000060
17422  19.246  -61.516  5.899 0.3000000119
17431  33.437  -61.312  5.335 0.6000000238
17452  31.376  -61.740  4.791 0.6999999881
17455  25.612  -61.575  4.832 0.5000000000
17467  34.974  -61.723  3.748 0.5000000000
17468  31.185  -61.234  4.275 0.6999999881
17494  30.423  -61.744  1.685 0.6000000238
17513  30.551  -61.577  -2.982 0.6999999881
17516  30.325  -61.562  -3.252 0.6999999881
17517  30.006  -61.439  -3.487 0.8000000119
17518  29.244  -61.185  -3.320 0.8000000119
18138  26.951  -60.080  7.408 0.4000000060
18163  34.209  -60.176  5.115 0.6000000238
18165  32.805  -60.809  5.328 0.6000000238
18166  32.166  -61.053  5.198 0.6000000238
18168  27.059  -60.499  5.566 0.5000000000
18176  34.667  -60.520  4.740 0.5000000000
18177  27.332  -60.339  4.195 0.6000000238
18217  35.551  -60.734  0.974 0.4000000060
18230  30.793  -60.463  -0.828 0.6000000238
18234  30.885  -60.776  -2.605 0.6000000238
18240  30.941  -60.038  -3.097 0.6999999881
18242  29.895  -60.625  -3.417 0.8000000119
18938  28.255  -59.251  6.006 0.4000000060
18964  32.530  -59.679  4.806 0.6999999881
18965  28.529  -59.496  4.179 0.5000000000
19013  31.344  -59.336  1.878 0.8000000119
19014  28.653  -59.463  1.389 0.4000000060
19044  31.164  -59.314  -2.843 0.6000000238
19046  29.443  -59.051  -2.969 0.6999999881
19047  28.838  -59.687  -2.943 0.6999999881
19049  30.503  -60.021  -3.269 0.8000000119
19050  29.665  -59.835  -3.233 0.8000000119
19715  27.066  -58.178  8.556 0.4000000060
19718  24.557  -58.704  8.660 0.4000000060
19772  29.357  -58.570  3.833 0.5000000000
19800  36.848  -59.173  0.815 0.4000000060
19816  36.990  -59.147  -0.200 0.4000000060
19840  26.216  -58.155  -1.947 0.5000000000
19845  30.533  -58.779  -2.985 0.6000000238
20542  25.926  -57.070  9.373 0.3000000119
20613  29.702  -57.122  4.539 0.4000000060
20618  33.294  -57.038  4.246 0.6000000238
20645  27.671  -57.270  0.462 0.3000000119
20665  31.634  -57.384  -1.128 0.6000000238
20667  25.397  -57.357  -0.958 0.4000000060
20676  30.631  -56.879  -1.844 0.6999999881
20678  25.321  -57.332  -1.371 0.5000000000
20683  30.288  -57.549  -2.409 0.6000000238
20686  26.844  -57.978  -2.260 0.6000000238
20687  26.052  -58.012  -2.009 0.5000000000
20688  25.617  -57.522  -1.590 0.5000000000
21407  29.658  -56.490  6.324 0.4000000060
21426  36.628  -55.607  4.400 0.5000000000
21428  35.523  -56.568  4.866 0.6000000238
21465  27.847  -56.646  1.062 0.3000000119
21478  24.858  -56.569  -0.529 0.4000000060
21486  24.480  -56.162  -0.644 0.4000000060
21493  31.346  -57.130  -1.582 0.6000000238
22201  35.439  -55.234  4.752 0.6000000238
22204  30.048  -55.507  4.890 0.4000000060
22240  27.422  -55.892  1.457 0.3000000119
22251  32.184  -55.802  0.826 0.5000000000
22259  30.715  -55.723  -0.649 0.6000000238
22263  26.406  -55.360  -0.837 0.6000000238
22265  24.447  -55.797  -0.541 0.4000000060
22275  24.869  -56.316  -1.183 0.4000000060
22930  35.370  -54.446  4.563 0.6000000238
22965  24.617  -54.030  1.359 0.4000000060
22977  24.366  -54.303  0.600 0.4000000060
22993  24.344  -54.622  0.245 0.5000000000
23007  24.507  -54.964  -0.319 0.5000000000
23008  24.493  -55.743  -0.660 0.4000000060
23721  34.871  -53.648  4.370 0.6000000238
23734  33.583  -54.025  3.650 0.4000000060
24526  28.714  -52.515  3.176 0.3000000119
24528  26.735  -52.275  2.540 0.4000000060
24529  25.516  -52.109  2.404 0.3000000119
25385  24.527  -51.439  1.956 0.3000000119
26214  24.846  -50.709  2.116 0.3000000119
99335  30.807  -60.852  -1.726 0.6000000238
99963  34.362  -58.186  5.013 0.6000000238
100512  29.712  -64.218  1.517 0.6000000238
100890  29.100  -58.256  1.579 0.3000000119
100999  27.811  -60.985  -2.279 0.8000000119
101594  30.325  -61.784  0.069 0.6999999881
102213  29.511  -54.920  3.834 0.4000000060
102332  30.291  -61.996  0.832 0.6999999881
102570  36.639  -60.340  -0.785 0.4000000060
103087  34.995  -61.848  1.741 0.4000000060
103517  32.894  -63.796  5.496 0.5000000000
103621  29.858  -58.221  -2.745 0.6000000238
105079  28.279  -59.173  -2.675 0.6999999881
106630  33.650  -58.179  4.880 0.6999999881
107000  32.828  -55.062  2.371 0.5000000000
107613  30.368  -62.231  -2.741 0.8000000119
107801  26.909  -63.313  1.866 0.6000000238
108287  26.027  -59.221  8.601 0.4000000060
109279  23.297  -62.442  7.461 0.4000000060
109620  21.974  -62.446  7.326 0.5000000000
109879  19.925  -62.759  6.470 0.4000000060
110827  31.303  -59.346  -2.396 0.6000000238
111060  28.801  -65.971  1.350 0.6000000238
112227  27.396  -65.729  -1.808 0.6999999881
112612  27.702  -60.516  1.515 0.6000000238
112793  28.007  -66.302  -1.002 0.6999999881
113062  30.691  -60.589  0.793 0.6999999881
113300  31.363  -59.069  1.041 0.6999999881
113893  31.406  -60.362  3.980 0.6999999881
115001  29.898  -62.223  -3.399 0.8000000119
116981  25.654  -55.159  1.277 0.4000000060
117017  25.089  -59.951  8.535 0.4000000060
117647  30.605  -53.898  0.718 0.5000000000
118757  35.472  -60.903  2.760 0.4000000060
