#!ascii label  , from subject sub-04 vox2ras=TkReg
438
106904  45.699  -68.209  14.790 13.0000000000
12743  39.104  -67.524  9.578 13.0000000000
113102  47.932  -63.127  14.164 13.0000000000
16607  40.985  -62.750  13.703 13.0000000000
11959  43.837  -68.884  12.331 13.0000000000
15795  49.709  -63.156  18.053 13.0000000000
13501  48.885  -66.282  13.317 13.0000000000
14277  46.318  -65.788  12.463 13.0000000000
10389  46.152  -70.426  14.066 13.0000000000
18012  51.465  -60.364  19.029 13.0000000000
15143  40.548  -64.651  11.548 13.0000000000
16602  38.019  -61.842  13.855 13.0000000000
9643  43.080  -72.376  15.243 13.0000000000
17302  44.814  -60.686  16.135 13.0000000000
17305  42.081  -61.139  16.367 13.0000000000
111502  44.263  -63.374  14.057 13.0000000000
14287  43.384  -65.603  11.676 13.0000000000
103400  41.579  -68.128  11.357 13.0000000000
8929  43.394  -73.616  13.907 13.0000000000
9663  40.876  -72.042  12.466 13.0000000000
18046  48.474  -59.942  16.468 13.0000000000
16575  51.366  -62.553  15.061 13.0000000000
14212  47.830  -65.518  16.038 13.0000000000
16534  47.826  -62.273  19.797 13.0000000000
15819  45.948  -63.546  17.675 13.0000000000
13466  43.185  -66.411  14.942 13.0000000000
12677  47.353  -68.048  15.005 13.0000000000
11945  47.595  -68.498  14.006 13.0000000000
100444  46.665  -69.449  14.469 13.0000000000
116791  39.846  -65.936  10.394 13.0000000000
15145  38.508  -64.554  11.514 13.0000000000
14299  38.518  -65.583  10.576 13.0000000000
16577  46.675  -61.748  15.322 13.0000000000
16579  44.827  -62.209  15.318 13.0000000000
15848  45.978  -63.377  14.145 13.0000000000
12711  45.286  -68.202  12.330 13.0000000000
14278  44.654  -65.348  12.354 13.0000000000
12721  43.698  -67.036  11.732 13.0000000000
12722  42.686  -67.199  11.445 13.0000000000
11960  42.804  -68.916  12.164 13.0000000000
8923  43.227  -73.408  15.096 13.0000000000
7595  41.881  -74.921  14.786 13.0000000000
18798  46.692  -59.180  17.935 13.0000000000
18839  46.839  -59.014  16.784 13.0000000000
18814  48.669  -59.759  17.127 13.0000000000
16547  51.515  -62.336  18.307 13.0000000000
17301  51.961  -61.314  16.496 13.0000000000
15814  50.992  -63.378  17.068 13.0000000000
14210  49.522  -65.394  15.807 13.0000000000
15041  48.832  -64.344  16.850 13.0000000000
16524  46.383  -62.210  20.869 13.0000000000
15071  44.761  -64.801  16.452 13.0000000000
16582  41.410  -62.003  15.247 13.0000000000
15858  49.273  -64.310  13.395 13.0000000000
106618  47.281  -64.513  13.253 13.0000000000
13513  48.015  -66.449  12.651 13.0000000000
11956  46.936  -68.641  12.830 13.0000000000
117552  45.110  -69.711  12.574 13.0000000000
17253  51.921  -60.527  20.428 13.0000000000
16532  50.133  -62.406  19.498 13.0000000000
15875  41.260  -63.720  12.636 13.0000000000
16600  39.475  -62.208  14.005 13.0000000000
15877  39.551  -63.600  12.561 13.0000000000
16625  37.297  -62.725  12.727 13.0000000000
11927  43.728  -68.519  14.449 13.0000000000
104443  43.904  -70.684  15.039 13.0000000000
18028  42.032  -59.699  17.072 13.0000000000
17303  43.903  -60.833  16.213 13.0000000000
16581  42.925  -62.211  15.339 13.0000000000
15851  42.784  -63.018  14.028 13.0000000000
15129  45.719  -64.779  13.047 13.0000000000
15122  43.847  -64.323  12.850 13.0000000000
15874  42.121  -63.851  12.751 13.0000000000
15141  42.222  -64.807  11.729 13.0000000000
113521  41.589  -66.287  10.802 13.0000000000
10392  44.584  -71.394  15.127 13.0000000000
9651  45.008  -71.983  13.992 13.0000000000
9660  43.826  -71.796  13.117 13.0000000000
8246  41.918  -74.710  13.559 13.0000000000
8937  42.828  -72.932  13.201 13.0000000000
118528  42.186  -71.104  12.653 13.0000000000
10429  41.188  -70.124  12.069 13.0000000000
11191  40.092  -69.194  11.036 13.0000000000
111593  47.079  -59.695  16.364 13.0000000000
103216  48.259  -61.179  15.437 13.0000000000
18836  50.057  -60.151  16.917 13.0000000000
17322  50.528  -61.303  15.276 13.0000000000
16590  50.134  -62.647  14.312 13.0000000000
116026  50.053  -64.590  13.792 13.0000000000
13460  48.793  -66.711  15.102 13.0000000000
13462  47.079  -66.768  15.413 13.0000000000
16550  48.201  -62.589  18.908 13.0000000000
16536  45.422  -62.417  19.673 13.0000000000
15798  46.386  -62.891  18.439 13.0000000000
15818  47.019  -63.526  17.619 13.0000000000
15070  46.359  -64.713  16.488 13.0000000000
14235  45.515  -65.936  15.452 13.0000000000
13480  45.020  -67.184  14.750 13.0000000000
12681  42.786  -67.766  14.401 13.0000000000
98726  46.624  -68.264  14.910 13.0000000000
11924  47.145  -68.764  14.631 13.0000000000
11925  46.250  -69.154  14.806 13.0000000000
13543  39.426  -66.861  9.834 13.0000000000
13532  39.181  -66.173  10.163 13.0000000000
107397  47.244  -62.514  14.686 13.0000000000
16593  46.307  -62.630  14.739 13.0000000000
15847  46.944  -63.278  14.168 13.0000000000
105071  44.771  -69.026  12.422 13.0000000000
12720  44.604  -67.327  12.049 13.0000000000
12712  44.225  -68.047  12.148 13.0000000000
11969  43.243  -67.984  11.920 13.0000000000
7596  41.208  -75.043  14.785 13.0000000000
17998  45.776  -60.125  19.704 13.0000000000
106500  46.343  -60.041  18.987 13.0000000000
18799  45.912  -58.724  18.158 13.0000000000
18797  47.560  -59.667  17.804 13.0000000000
116240  47.961  -60.133  18.429 13.0000000000
16563  51.569  -62.555  17.400 13.0000000000
15794  50.769  -63.058  17.863 13.0000000000
15040  49.708  -64.124  16.952 13.0000000000
15816  49.191  -63.666  17.451 13.0000000000
16598  41.198  -62.348  14.522 13.0000000000
16599  40.391  -62.276  14.267 13.0000000000
14266  49.022  -65.381  13.040 13.0000000000
14267  48.505  -65.208  12.924 13.0000000000
13512  48.493  -66.374  12.887 13.0000000000
11946  47.088  -69.105  13.807 13.0000000000
11955  47.497  -68.270  13.274 13.0000000000
11167  46.559  -69.445  13.147 13.0000000000
11957  46.182  -68.760  12.570 13.0000000000
11157  46.128  -70.167  13.307 13.0000000000
17262  51.926  -61.310  19.768 13.0000000000
16520  51.131  -61.927  20.156 13.0000000000
15134  40.907  -64.214  12.131 13.0000000000
15876  40.409  -63.659  12.589 13.0000000000
15890  40.028  -64.136  12.061 13.0000000000
15146  37.499  -64.455  11.424 13.0000000000
15879  37.709  -63.330  12.389 13.0000000000
15880  36.762  -63.072  12.100 13.0000000000
16626  36.452  -62.397  12.414 13.0000000000
11141  42.986  -69.818  14.605 13.0000000000
9654  39.338  -71.851  13.707 13.0000000000
18050  44.441  -59.809  16.462 13.0000000000
18051  43.486  -60.077  16.626 13.0000000000
16595  44.545  -62.840  14.714 13.0000000000
16580  43.870  -62.351  15.249 13.0000000000
115736  43.888  -62.900  14.560 13.0000000000
16596  43.241  -62.732  14.689 13.0000000000
15850  43.532  -63.237  14.007 13.0000000000
14276  47.050  -65.426  12.718 13.0000000000
15119  46.392  -64.489  13.280 13.0000000000
107982  46.274  -65.240  12.796 13.0000000000
14286  44.226  -65.787  11.879 13.0000000000
14279  43.811  -65.170  12.119 13.0000000000
15873  43.065  -64.000  12.915 13.0000000000
15140  43.017  -64.976  11.918 13.0000000000
15132  42.613  -64.420  12.307 13.0000000000
14288  42.580  -65.431  11.461 13.0000000000
12723  41.847  -67.429  11.184 13.0000000000
13523  42.097  -66.620  11.069 13.0000000000
12730  41.397  -66.932  10.758 13.0000000000
12731  40.646  -67.181  10.444 13.0000000000
12724  41.098  -67.737  10.930 13.0000000000
10394  42.814  -71.471  14.997 13.0000000000
10393  43.785  -71.752  15.241 13.0000000000
8231  43.249  -73.740  14.526 13.0000000000
8921  44.500  -72.380  14.564 13.0000000000
9652  44.474  -72.475  13.835 13.0000000000
9659  44.637  -71.602  13.255 13.0000000000
9653  43.796  -72.844  13.596 13.0000000000
7612  41.406  -75.537  13.881 13.0000000000
7613  40.770  -76.047  13.460 13.0000000000
8939  40.699  -73.065  12.530 13.0000000000
8938  41.643  -73.785  12.990 13.0000000000
105949  41.702  -72.893  12.900 13.0000000000
9661  42.890  -71.889  13.009 13.0000000000
9662  41.806  -71.812  12.720 13.0000000000
11170  41.996  -70.225  12.399 13.0000000000
10420  40.953  -71.283  12.345 13.0000000000
99330  39.524  -69.016  10.370 13.0000000000
18047  47.629  -59.526  16.654 13.0000000000
18068  47.762  -60.321  16.042 13.0000000000
113623  47.372  -61.146  15.576 13.0000000000
18067  48.831  -60.547  15.855 13.0000000000
18027  50.674  -60.309  17.514 13.0000000000
16568  51.802  -62.065  15.948 13.0000000000
17321  51.468  -61.511  15.620 13.0000000000
16576  50.859  -62.057  14.788 13.0000000000
115950  50.156  -61.874  14.782 13.0000000000
16589  50.811  -62.786  14.450 13.0000000000
15844  50.398  -63.443  14.077 13.0000000000
15843  50.930  -63.406  14.514 13.0000000000
14211  48.746  -65.604  15.989 13.0000000000
14233  49.160  -66.031  15.412 13.0000000000
14234  48.384  -66.240  15.617 13.0000000000
13461  48.016  -67.034  15.347 13.0000000000
106962  47.443  -66.135  15.671 13.0000000000
16537  44.615  -62.440  19.909 13.0000000000
16554  44.096  -62.729  19.299 13.0000000000
15820  44.951  -63.612  17.740 13.0000000000
15799  45.382  -63.059  18.390 13.0000000000
15797  47.573  -62.965  18.222 13.0000000000
15043  46.602  -64.153  17.005 13.0000000000
14237  43.686  -65.760  15.483 13.0000000000
109935  44.928  -65.349  15.889 13.0000000000
14236  44.560  -65.807  15.464 13.0000000000
13464  44.995  -66.391  15.094 13.0000000000
13465  44.218  -66.403  14.985 13.0000000000
12680  43.611  -67.675  14.456 13.0000000000
107354  40.859  -66.973  14.768 13.0000000000
18053  41.587  -60.589  16.773 13.0000000000
16610  38.693  -62.443  13.481 13.0000000000
12698  48.483  -67.284  13.940 13.0000000000
12707  48.362  -66.978  13.135 13.0000000000
12676  47.889  -68.032  14.519 13.0000000000
11138  46.078  -70.051  14.640 13.0000000000
14291  40.255  -65.107  11.077 13.0000000000
15144  39.570  -64.691  11.425 13.0000000000
110742  39.543  -65.450  10.736 13.0000000000
15158  38.818  -65.074  11.061 13.0000000000
9665  38.544  -71.795  13.249 13.0000000000
108130  45.962  -61.312  15.687 13.0000000000
17325  45.204  -61.430  15.738 13.0000000000
16578  45.706  -62.046  15.304 13.0000000000
16594  45.400  -62.770  14.748 13.0000000000
15849  45.072  -63.406  14.134 13.0000000000
12719  45.393  -67.037  12.148 13.0000000000
13521  45.309  -66.030  12.142 13.0000000000
13522  44.491  -66.517  11.872 13.0000000000
110201  43.747  -66.183  11.628 13.0000000000
99570  42.909  -66.235  11.383 13.0000000000
99371  42.308  -68.054  11.620 13.0000000000
11970  41.830  -68.759  11.767 13.0000000000
8925  41.507  -73.449  14.943 13.0000000000
118834  42.262  -74.414  14.898 13.0000000000
7594  42.414  -74.548  14.565 13.0000000000
9674  40.222  -71.376  11.996 13.0000000000
19591  45.154  -58.266  18.330 13.0000000000
19589  46.050  -58.484  17.514 13.0000000000
19619  46.137  -58.526  17.072 13.0000000000
18816  46.913  -58.952  17.185 13.0000000000
18815  47.861  -59.478  17.170 13.0000000000
18838  48.161  -59.593  16.878 13.0000000000
17276  52.233  -60.990  18.205 13.0000000000
18025  52.012  -60.776  17.683 13.0000000000
17289  52.191  -61.139  17.280 13.0000000000
16562  52.034  -61.819  16.824 13.0000000000
15832  51.127  -63.584  16.260 13.0000000000
15066  50.707  -64.300  15.885 13.0000000000
15833  50.439  -64.023  16.678 13.0000000000
15067  49.834  -64.702  16.356 13.0000000000
15068  48.235  -64.899  16.401 13.0000000000
16523  47.507  -62.098  20.717 13.0000000000
15045  44.427  -64.194  17.156 13.0000000000
15044  45.518  -64.286  16.940 13.0000000000
15072  43.857  -64.696  16.620 13.0000000000
14216  43.316  -65.192  16.106 13.0000000000
15846  48.703  -63.723  13.657 13.0000000000
111461  47.660  -63.897  13.634 13.0000000000
15859  48.376  -64.542  13.210 13.0000000000
15118  47.697  -65.026  12.939 13.0000000000
13514  47.212  -66.117  12.485 13.0000000000
12708  47.802  -67.387  12.826 13.0000000000
113465  47.352  -66.856  12.489 13.0000000000
13515  46.424  -66.715  12.321 13.0000000000
12710  46.216  -67.832  12.398 13.0000000000
11168  44.491  -69.885  12.572 13.0000000000
18781  48.340  -60.232  19.362 13.0000000000
17991  51.621  -60.018  20.682 13.0000000000
17995  51.760  -60.406  19.714 13.0000000000
17261  52.101  -60.815  19.235 13.0000000000
16531  51.355  -62.118  19.223 13.0000000000
16548  50.437  -62.695  18.661 13.0000000000
15864  41.571  -63.237  13.188 13.0000000000
15865  40.727  -63.164  13.052 13.0000000000
16609  39.475  -62.748  13.397 13.0000000000
15891  39.095  -64.068  12.043 13.0000000000
16624  38.219  -62.919  12.930 13.0000000000
16611  37.724  -62.321  13.281 13.0000000000
12679  44.614  -68.098  14.569 13.0000000000
106860  44.747  -69.268  14.748 13.0000000000
106859  43.850  -69.591  14.673 13.0000000000
104442  42.993  -70.762  14.843 13.0000000000
18052  42.522  -60.368  16.736 13.0000000000
17326  44.325  -61.562  15.786 13.0000000000
17327  43.405  -61.643  15.827 13.0000000000
17328  42.529  -61.645  15.863 13.0000000000
111414  42.136  -62.096  15.345 13.0000000000
16597  42.457  -62.554  14.741 13.0000000000
15852  41.893  -62.786  14.033 13.0000000000
15860  46.632  -63.984  13.625 13.0000000000
15120  45.579  -64.068  13.521 13.0000000000
15861  44.680  -63.856  13.597 13.0000000000
110978  45.527  -65.349  12.599 13.0000000000
15121  44.671  -64.391  13.105 13.0000000000
15862  43.877  -63.831  13.382 13.0000000000
15863  42.431  -63.378  13.348 13.0000000000
15133  41.768  -64.289  12.187 13.0000000000
15142  41.399  -64.710  11.615 13.0000000000
13529  42.078  -65.884  11.062 13.0000000000
14289  41.796  -65.271  11.257 13.0000000000
14290  41.002  -65.169  11.118 13.0000000000
13530  40.955  -66.383  10.552 13.0000000000
13531  40.100  -66.502  10.221 13.0000000000
12732  39.868  -67.394  10.035 13.0000000000
11139  45.582  -69.848  14.873 13.0000000000
107877  45.508  -70.504  14.858 13.0000000000
10390  45.770  -70.802  14.463 13.0000000000
9642  43.933  -72.638  15.105 13.0000000000
9641  44.978  -71.858  14.730 13.0000000000
10405  45.745  -70.816  13.673 13.0000000000
10406  45.244  -71.268  13.389 13.0000000000
10416  44.788  -70.825  12.882 13.0000000000
10417  43.881  -70.673  12.729 13.0000000000
6986  40.843  -76.145  14.187 13.0000000000
7602  42.020  -75.039  14.268 13.0000000000
8238  42.500  -74.576  13.994 13.0000000000
8247  41.069  -75.110  13.050 13.0000000000
10418  42.920  -70.918  12.743 13.0000000000
11169  42.870  -69.944  12.474 13.0000000000
11181  42.154  -69.431  12.186 13.0000000000
11182  41.426  -69.460  11.893 13.0000000000
10430  40.569  -70.564  11.907 13.0000000000
11183  40.657  -69.663  11.587 13.0000000000
11971  40.948  -68.709  11.324 13.0000000000
11978  40.234  -68.185  10.572 13.0000000000
18048  46.315  -59.618  16.340 13.0000000000
18070  45.704  -60.585  16.044 13.0000000000
18069  46.672  -60.636  15.928 13.0000000000
17324  47.682  -61.844  15.099 13.0000000000
16592  48.076  -62.444  14.603 13.0000000000
18813  49.546  -60.094  17.377 13.0000000000
18837  49.165  -59.936  16.791 13.0000000000
106092  51.549  -60.549  17.166 13.0000000000
18065  50.833  -60.737  15.969 13.0000000000
18066  49.840  -60.660  15.801 13.0000000000
17323  49.386  -61.344  15.203 13.0000000000
17343  49.486  -62.113  14.640 13.0000000000
16591  48.986  -62.782  14.217 13.0000000000
15845  49.675  -63.544  13.798 13.0000000000
15857  49.975  -64.131  13.651 13.0000000000
14253  49.757  -65.388  14.002 13.0000000000
15093  50.244  -64.934  15.437 13.0000000000
14232  49.827  -65.556  14.982 13.0000000000
13479  48.912  -66.691  14.291 13.0000000000
12665  48.387  -67.354  14.793 13.0000000000
12667  47.500  -67.500  15.205 13.0000000000
12678  45.970  -67.571  14.909 13.0000000000
17248  51.447  -61.168  21.814 13.0000000000
17255  50.773  -61.750  21.112 13.0000000000
16521  49.830  -62.138  20.390 13.0000000000
16549  49.296  -62.699  18.800 13.0000000000
101880  45.980  -62.268  20.115 13.0000000000
16535  46.794  -62.245  19.991 13.0000000000
16553  44.928  -62.660  19.098 13.0000000000
116713  45.646  -62.641  18.962 13.0000000000
16551  47.128  -62.523  19.088 13.0000000000
15796  48.668  -63.084  18.119 13.0000000000
15817  48.146  -63.617  17.503 13.0000000000
15042  47.665  -64.202  16.944 13.0000000000
14213  46.843  -65.338  16.010 13.0000000000
14214  45.756  -65.148  16.088 13.0000000000
108654  46.468  -65.926  15.601 13.0000000000
116491  46.290  -66.540  15.328 13.0000000000
13463  45.743  -66.804  15.055 13.0000000000
11929  41.915  -68.276  14.359 13.0000000000
107355  41.983  -67.402  14.530 13.0000000000
16584  39.820  -61.784  14.847 13.0000000000
7603  41.368  -75.477  14.488 13.0000000000
8232  42.801  -74.086  14.857 13.0000000000
8237  42.912  -74.151  14.222 13.0000000000
8922  43.850  -73.079  14.436 13.0000000000
8930  42.578  -73.936  13.484 13.0000000000
9640  45.414  -71.423  14.197 13.0000000000
9644  42.257  -72.884  15.105 13.0000000000
10391  45.276  -71.149  14.910 13.0000000000
10415  45.381  -70.380  12.869 13.0000000000
10419  41.435  -70.826  12.376 13.0000000000
11140  44.883  -70.442  15.065 13.0000000000
11142  42.193  -69.955  14.527 13.0000000000
11156  46.537  -69.865  13.965 13.0000000000
11926  45.478  -68.967  14.810 13.0000000000
11958  45.696  -69.454  12.619 13.0000000000
12666  47.865  -67.693  15.046 13.0000000000
12668  46.694  -67.396  15.157 13.0000000000
12699  47.997  -67.821  13.614 13.0000000000
12709  47.091  -67.649  12.555 13.0000000000
13459  49.347  -66.133  14.634 13.0000000000
13481  43.944  -67.096  14.602 13.0000000000
13500  49.310  -66.031  13.871 13.0000000000
14215  44.169  -65.253  16.012 13.0000000000
14265  49.325  -65.546  13.417 13.0000000000
14274  48.541  -65.865  12.818 13.0000000000
14275  47.890  -65.648  12.703 13.0000000000
14297  41.352  -65.743  10.836 13.0000000000
14298  40.464  -65.719  10.639 13.0000000000
15069  47.242  -64.773  16.446 13.0000000000
15092  50.768  -64.223  14.877 13.0000000000
15104  50.485  -64.069  14.081 13.0000000000
15105  50.284  -64.823  14.462 13.0000000000
15116  49.516  -64.844  13.379 13.0000000000
15117  49.013  -64.855  13.082 13.0000000000
15128  46.753  -64.910  13.026 13.0000000000
15130  44.212  -64.772  12.587 13.0000000000
15131  43.428  -64.602  12.434 13.0000000000
15159  37.935  -65.081  11.023 13.0000000000
15815  50.143  -63.625  17.368 13.0000000000
15831  51.503  -62.903  15.774 13.0000000000
15838  51.205  -63.548  15.350 13.0000000000
15866  39.915  -63.168  13.021 13.0000000000
15878  38.660  -63.487  12.513 13.0000000000
15892  38.115  -63.946  11.993 13.0000000000
16530  52.038  -61.471  18.749 13.0000000000
16546  52.089  -61.657  17.776 13.0000000000
16552  46.202  -62.462  19.362 13.0000000000
16569  51.570  -62.734  16.517 13.0000000000
16601  38.709  -61.898  14.070 13.0000000000
16608  40.164  -62.718  13.527 13.0000000000
16623  39.096  -63.098  13.021 13.0000000000
17254  51.728  -61.211  20.800 13.0000000000
17344  48.632  -61.953  14.863 13.0000000000
18011  51.935  -60.666  18.664 13.0000000000
18026  51.483  -60.503  18.059 13.0000000000
18043  52.004  -60.850  16.962 13.0000000000
18044  51.600  -60.828  16.426 13.0000000000
18045  50.014  -60.317  16.427 13.0000000000
98845  50.850  -60.400  16.689 13.0000000000
102275  43.570  -69.639  12.471 13.0000000000
102805  47.434  -59.233  16.932 13.0000000000
105487  41.745  -74.418  14.981 13.0000000000
105773  43.136  -63.500  13.493 13.0000000000
106725  44.412  -72.086  15.102 13.0000000000
107356  43.161  -67.116  14.560 13.0000000000
109400  49.066  -65.037  16.310 13.0000000000
111287  44.933  -64.933  12.779 13.0000000000
112917  41.118  -74.152  12.831 13.0000000000
115653  41.818  -62.369  14.803 13.0000000000
115979  49.264  -60.233  16.304 13.0000000000
