#!ascii label  , from subject sub-09 vox2ras=TkReg aparc.a2009s=S_occipital_ant
1013
14465  -41.394  -71.810  -2.903 0.0000000000
14466  -42.069  -71.890  -2.615 0.0000000000
14467  -42.790  -72.115  -2.680 0.0000000000
14468  -43.756  -72.232  -2.795 0.0000000000
14473  -41.100  -72.264  -3.706 0.0000000000
14474  -42.104  -72.366  -3.274 0.0000000000
14484  -39.900  -72.182  -4.711 0.0000000000
14485  -40.591  -72.368  -4.399 0.0000000000
14486  -41.272  -72.688  -4.573 0.0000000000
14500  -39.647  -72.454  -5.520 0.0000000000
14501  -40.586  -72.698  -5.220 0.0000000000
15314  -42.018  -70.917  -1.752 0.0000000000
15315  -42.866  -71.089  -1.614 0.0000000000
15316  -43.821  -71.184  -1.661 0.0000000000
15317  -44.819  -71.191  -1.911 0.0000000000
15327  -40.926  -71.156  -2.573 0.0000000000
15328  -41.674  -71.355  -2.301 0.0000000000
15329  -42.450  -71.543  -2.172 0.0000000000
15330  -43.317  -71.693  -2.192 0.0000000000
15331  -44.306  -71.736  -2.343 0.0000000000
15338  -39.822  -71.260  -3.624 0.0000000000
15339  -40.594  -71.558  -3.247 0.0000000000
15346  -38.564  -71.285  -4.746 0.0000000000
15347  -39.435  -71.567  -4.338 0.0000000000
15348  -40.220  -71.890  -3.960 0.0000000000
15353  -38.163  -71.621  -5.549 0.0000000000
15354  -39.067  -71.899  -5.099 0.0000000000
16124  -42.788  -69.612  -0.800 0.0000000000
16125  -43.731  -69.735  -0.695 0.0000000000
16126  -44.576  -69.765  -0.750 0.0000000000
16127  -45.287  -69.298  -0.617 0.0000000000
16139  -41.595  -70.172  -1.620 0.0000000000
16140  -42.389  -70.318  -1.281 0.0000000000
16141  -43.318  -70.430  -1.127 0.0000000000
16142  -44.402  -70.469  -1.226 0.0000000000
16143  -45.332  -70.080  -1.169 0.0000000000
16153  -39.987  -70.101  -3.060 0.0000000000
16154  -40.664  -70.447  -2.504 0.0000000000
16162  -39.529  -70.583  -3.503 0.0000000000
16163  -40.230  -70.885  -3.004 0.0000000000
16168  -37.344  -70.192  -4.903 0.0000000000
16169  -38.190  -70.594  -4.481 0.0000000000
16170  -39.040  -70.945  -4.060 0.0000000000
16175  -37.667  -70.966  -5.221 0.0000000000
16978  -42.401  -68.906  -0.856 0.0000000000
16979  -43.213  -68.928  -0.488 0.0000000000
16980  -44.185  -69.119  -0.419 0.0000000000
16993  -41.270  -69.530  -1.948 0.0000000000
16994  -41.974  -69.533  -1.228 0.0000000000
17008  -40.556  -69.758  -2.639 0.0000000000
17014  -38.749  -70.226  -3.881 0.0000000000
17015  -39.578  -69.326  -3.362 0.0000000000
17020  -37.891  -69.800  -4.223 0.0000000000
17788  -45.389  -68.547  4.402 0.0000000000
17797  -45.411  -68.387  3.889 0.0000000000
17829  -43.767  -67.660  -0.174 0.0000000000
17830  -45.037  -67.873  0.167 0.0000000000
17831  -45.993  -67.801  0.139 0.0000000000
17840  -42.950  -68.222  -0.617 0.0000000000
17841  -43.759  -68.347  -0.232 0.0000000000
17842  -45.654  -68.519  -0.257 0.0000000000
17857  -41.381  -68.849  -2.485 0.0000000000
17872  -40.829  -69.052  -2.975 0.0000000000
17873  -41.198  -68.485  -3.371 0.0000000000
18707  -44.678  -67.149  4.622 0.0000000000
18708  -45.178  -67.903  4.972 0.0000000000
18721  -44.485  -66.943  3.941 0.0000000000
18722  -44.942  -67.805  4.167 0.0000000000
18727  -45.085  -67.612  3.709 0.0000000000
18728  -45.835  -68.056  3.426 0.0000000000
18730  -45.782  -67.236  3.131 0.0000000000
18731  -46.750  -66.865  2.852 0.0000000000
18759  -43.995  -66.954  -0.089 0.0000000000
18760  -44.462  -67.288  0.179 0.0000000000
18761  -45.340  -67.040  0.386 0.0000000000
18762  -46.348  -67.003  0.393 0.0000000000
18763  -47.333  -66.975  0.315 0.0000000000
18764  -48.532  -66.833  0.284 0.0000000000
18773  -43.307  -67.543  -0.636 0.0000000000
18774  -47.011  -67.691  0.026 0.0000000000
18789  -42.145  -68.648  -1.347 0.0000000000
18790  -42.533  -68.095  -1.301 0.0000000000
18807  -41.910  -68.508  -2.459 0.0000000000
18808  -42.958  -68.234  -3.182 0.0000000000
18809  -43.813  -68.168  -3.819 0.0000000000
18810  -44.521  -68.067  -4.252 0.0000000000
18816  -41.715  -68.401  -3.560 0.0000000000
18817  -43.278  -68.193  -4.270 0.0000000000
18818  -44.226  -68.110  -4.620 0.0000000000
18819  -44.744  -68.105  -4.876 0.0000000000
18823  -43.888  -68.055  -4.649 0.0000000000
19574  -46.404  -66.494  6.005 0.0000000000
19598  -44.298  -66.398  4.501 0.0000000000
19599  -44.712  -66.455  5.140 0.0000000000
19600  -45.718  -67.254  5.598 0.0000000000
19609  -44.040  -66.056  3.955 0.0000000000
19614  -44.488  -66.174  3.462 0.0000000000
19615  -45.015  -66.781  3.310 0.0000000000
19622  -45.902  -66.313  2.780 0.0000000000
19623  -47.011  -66.023  2.686 0.0000000000
19653  -44.780  -66.508  0.227 0.0000000000
19654  -45.747  -66.133  0.425 0.0000000000
19655  -46.694  -66.376  0.467 0.0000000000
19656  -47.488  -66.221  0.492 0.0000000000
19657  -49.444  -66.206  0.550 0.0000000000
19667  -43.616  -66.858  -0.814 0.0000000000
19668  -44.362  -66.293  -0.264 0.0000000000
19679  -43.651  -67.268  -2.125 0.0000000000
19680  -44.092  -66.342  -1.081 0.0000000000
19681  -44.580  -66.409  -1.856 0.0000000000
19701  -44.968  -67.285  -3.302 0.0000000000
19702  -45.755  -67.062  -3.638 0.0000000000
19708  -42.353  -68.218  -4.132 0.0000000000
19709  -43.171  -68.016  -4.496 0.0000000000
19710  -43.858  -67.757  -4.733 0.0000000000
19711  -45.159  -67.931  -4.571 0.0000000000
19712  -45.948  -67.768  -4.871 0.0000000000
19718  -44.576  -68.058  -4.966 0.0000000000
19719  -45.300  -67.905  -5.164 0.0000000000
20507  -46.168  -65.592  5.965 0.0000000000
20508  -48.258  -65.445  6.418 0.0000000000
20526  -44.340  -65.787  5.055 0.0000000000
20527  -45.376  -65.523  5.668 0.0000000000
20528  -45.439  -66.336  5.592 0.0000000000
20537  -43.994  -65.726  4.510 0.0000000000
20546  -43.635  -65.253  4.097 0.0000000000
20547  -44.106  -65.472  3.486 0.0000000000
20553  -44.734  -65.505  2.927 0.0000000000
20554  -45.563  -65.517  2.666 0.0000000000
20555  -47.164  -65.269  2.586 0.0000000000
20567  -51.699  -65.023  1.531 0.0000000000
20577  -45.121  -65.778  0.129 0.0000000000
20578  -45.928  -65.259  0.246 0.0000000000
20579  -46.656  -65.636  0.472 0.0000000000
20580  -47.612  -65.387  0.538 0.0000000000
20581  -48.886  -65.260  0.702 0.0000000000
20582  -50.398  -65.592  0.944 0.0000000000
20589  -44.738  -65.748  -0.639 0.0000000000
20590  -45.513  -65.197  -0.233 0.0000000000
20603  -45.304  -65.384  -1.144 0.0000000000
20604  -46.022  -65.116  -1.621 0.0000000000
20621  -45.460  -66.085  -2.304 0.0000000000
20622  -46.295  -65.876  -2.720 0.0000000000
20623  -47.118  -65.635  -3.056 0.0000000000
20634  -46.596  -66.774  -3.928 0.0000000000
20635  -47.488  -66.513  -4.188 0.0000000000
20642  -45.143  -67.778  -5.282 0.0000000000
21452  -45.776  -64.740  5.902 0.0000000000
21453  -46.776  -64.814  6.183 0.0000000000
21454  -47.679  -64.757  6.364 0.0000000000
21455  -48.523  -64.647  6.454 0.0000000000
21473  -43.870  -64.994  4.901 0.0000000000
21474  -44.704  -65.079  5.479 0.0000000000
21484  -43.466  -64.557  4.443 0.0000000000
21489  -43.458  -64.486  3.825 0.0000000000
21490  -43.810  -64.876  3.504 0.0000000000
21493  -43.828  -64.247  3.167 0.0000000000
21494  -44.329  -64.831  2.971 0.0000000000
21495  -45.160  -64.807  2.601 0.0000000000
21496  -46.253  -64.792  2.488 0.0000000000
21497  -48.607  -64.434  2.657 0.0000000000
21498  -49.990  -64.438  2.870 0.0000000000
21499  -51.538  -64.447  2.885 0.0000000000
21500  -52.515  -64.377  2.402 0.0000000000
21510  -52.499  -64.691  2.250 0.0000000000
21519  -46.225  -64.656  -0.013 0.0000000000
21520  -46.843  -64.283  0.054 0.0000000000
21521  -47.909  -64.572  0.501 0.0000000000
21522  -49.118  -64.267  0.718 0.0000000000
21523  -50.759  -64.131  1.140 0.0000000000
21534  -46.696  -64.294  -0.378 0.0000000000
21535  -47.249  -63.960  -0.812 0.0000000000
21550  -45.988  -64.737  -0.667 0.0000000000
21551  -46.598  -64.436  -1.168 0.0000000000
21552  -47.305  -64.301  -1.614 0.0000000000
21553  -48.153  -64.219  -2.102 0.0000000000
21565  -46.767  -64.925  -2.074 0.0000000000
21566  -48.080  -65.283  -3.248 0.0000000000
21567  -49.083  -64.484  -2.954 0.0000000000
21568  -50.625  -64.282  -3.431 0.0000000000
21582  -49.733  -65.008  -3.924 0.0000000000
22409  -44.894  -63.389  5.901 0.0000000000
22410  -45.846  -63.830  6.038 0.0000000000
22411  -46.671  -63.523  6.271 0.0000000000
22412  -47.986  -63.989  6.420 0.0000000000
22413  -48.798  -63.896  6.469 0.0000000000
22438  -42.958  -63.299  4.744 0.0000000000
22439  -43.421  -63.980  4.973 0.0000000000
22440  -44.197  -64.213  5.432 0.0000000000
22441  -45.068  -64.249  5.759 0.0000000000
22449  -42.889  -63.316  4.008 0.0000000000
22450  -43.186  -63.941  4.287 0.0000000000
22453  -43.356  -63.780  3.570 0.0000000000
22456  -43.798  -63.400  2.878 0.0000000000
22457  -44.644  -63.986  2.619 0.0000000000
22458  -45.601  -64.139  2.439 0.0000000000
22459  -50.520  -63.700  2.757 0.0000000000
22460  -51.887  -63.654  2.686 0.0000000000
22461  -52.706  -63.419  2.247 0.0000000000
22472  -52.498  -64.036  1.743 0.0000000000
22473  -52.741  -63.616  2.048 0.0000000000
22474  -52.975  -63.083  1.953 0.0000000000
22486  -48.228  -63.908  0.318 0.0000000000
22487  -49.708  -63.611  0.526 0.0000000000
22488  -51.786  -63.574  1.102 0.0000000000
22489  -52.983  -63.128  1.714 0.0000000000
22504  -47.469  -63.863  -0.079 0.0000000000
22505  -48.535  -63.478  0.049 0.0000000000
22506  -49.010  -63.256  -0.521 0.0000000000
22521  -48.017  -63.583  -0.612 0.0000000000
22522  -48.556  -63.555  -1.297 0.0000000000
22523  -49.813  -63.304  -1.325 0.0000000000
22524  -50.947  -63.354  -1.834 0.0000000000
22525  -52.221  -63.120  -1.716 0.0000000000
22535  -49.067  -63.796  -2.023 0.0000000000
22536  -50.049  -63.829  -2.470 0.0000000000
22537  -51.257  -63.592  -2.578 0.0000000000
22538  -52.051  -63.255  -2.661 0.0000000000
22549  -51.442  -63.785  -3.262 0.0000000000
23391  -44.184  -62.585  5.898 0.0000000000
23392  -45.337  -62.331  6.198 0.0000000000
23393  -46.905  -62.770  6.369 0.0000000000
23394  -47.742  -62.576  6.425 0.0000000000
23395  -48.585  -62.464  6.426 0.0000000000
23396  -49.468  -62.269  6.375 0.0000000000
23421  -42.744  -62.522  5.120 0.0000000000
23422  -43.315  -62.597  5.533 0.0000000000
23423  -43.780  -63.364  5.508 0.0000000000
23428  -42.651  -62.686  4.397 0.0000000000
23429  -42.893  -62.666  3.644 0.0000000000
23432  -43.431  -62.704  3.038 0.0000000000
23433  -44.601  -63.015  2.475 0.0000000000
23434  -45.447  -62.380  2.295 0.0000000000
23435  -46.206  -62.892  2.282 0.0000000000
23436  -47.236  -62.737  2.274 0.0000000000
23437  -49.744  -62.928  2.477 0.0000000000
23438  -51.968  -62.807  2.436 0.0000000000
23439  -52.840  -62.812  2.121 0.0000000000
23449  -49.188  -62.134  2.159 0.0000000000
23450  -50.551  -62.287  2.246 0.0000000000
23451  -53.028  -62.680  1.785 0.0000000000
23465  -49.559  -63.216  0.082 0.0000000000
23466  -51.056  -63.186  0.415 0.0000000000
23467  -52.885  -62.998  0.846 0.0000000000
23468  -53.099  -62.436  1.226 0.0000000000
23484  -50.368  -63.076  -0.358 0.0000000000
23485  -52.220  -62.967  -0.095 0.0000000000
23486  -53.251  -62.298  0.262 0.0000000000
23487  -53.245  -62.236  -0.589 0.0000000000
23499  -51.432  -63.068  -0.999 0.0000000000
23500  -53.027  -62.220  -1.412 0.0000000000
24353  -42.708  -61.277  5.869 0.0000000000
24354  -43.519  -61.790  5.954 0.0000000000
24355  -45.175  -61.428  6.339 0.0000000000
24356  -46.133  -61.626  6.389 0.0000000000
24357  -47.126  -61.848  6.401 0.0000000000
24358  -48.138  -61.753  6.396 0.0000000000
24359  -48.906  -61.760  6.354 0.0000000000
24360  -49.672  -61.369  6.220 0.0000000000
24379  -41.952  -60.938  5.217 0.0000000000
24380  -42.387  -61.593  5.326 0.0000000000
24381  -42.859  -61.982  5.563 0.0000000000
24383  -42.181  -61.317  4.519 0.0000000000
24386  -42.495  -62.044  3.996 0.0000000000
24387  -43.108  -61.929  3.235 0.0000000000
24391  -43.868  -61.348  2.704 0.0000000000
24392  -44.677  -61.207  2.433 0.0000000000
24393  -45.909  -61.390  2.157 0.0000000000
24394  -46.778  -61.194  2.032 0.0000000000
24395  -48.090  -61.948  2.113 0.0000000000
24396  -52.682  -62.338  1.962 0.0000000000
24405  -47.004  -60.568  1.779 0.0000000000
24406  -47.681  -61.051  1.863 0.0000000000
24407  -48.730  -61.403  1.794 0.0000000000
24408  -50.716  -61.709  1.812 0.0000000000
24409  -51.987  -61.822  1.716 0.0000000000
24426  -50.855  -61.367  1.276 0.0000000000
24427  -53.017  -62.078  1.391 0.0000000000
24442  -53.303  -61.968  -0.007 0.0000000000
24454  -53.099  -61.881  -0.971 0.0000000000
25326  -41.844  -60.076  6.011 0.0000000000
25327  -42.503  -60.396  6.223 0.0000000000
25328  -43.489  -60.302  6.496 0.0000000000
25329  -45.042  -60.754  6.462 0.0000000000
25330  -45.859  -60.843  6.446 0.0000000000
25331  -46.803  -60.925  6.408 0.0000000000
25332  -47.753  -60.945  6.361 0.0000000000
25333  -48.799  -60.901  6.256 0.0000000000
25334  -49.899  -60.355  5.948 0.0000000000
25352  -41.735  -60.299  5.459 0.0000000000
25353  -42.147  -60.777  5.733 0.0000000000
25355  -41.834  -60.402  4.719 0.0000000000
25359  -42.304  -60.494  3.964 0.0000000000
25360  -42.960  -60.420  3.339 0.0000000000
25365  -43.679  -60.403  2.873 0.0000000000
25366  -44.466  -60.440  2.525 0.0000000000
25367  -45.359  -60.608  2.238 0.0000000000
25368  -46.292  -60.523  1.957 0.0000000000
25374  -45.883  -59.652  1.871 0.0000000000
25375  -46.719  -59.970  1.626 0.0000000000
25376  -47.439  -60.296  1.486 0.0000000000
25377  -48.299  -60.692  1.437 0.0000000000
25378  -49.499  -61.168  1.417 0.0000000000
25393  -47.827  -59.993  1.015 0.0000000000
25394  -48.713  -60.435  0.869 0.0000000000
25395  -49.816  -60.813  0.688 0.0000000000
25396  -51.175  -61.166  0.533 0.0000000000
25412  -49.015  -60.189  0.031 0.0000000000
25413  -50.081  -60.609  -0.209 0.0000000000
25414  -51.414  -61.051  -0.384 0.0000000000
25415  -52.640  -61.545  -0.608 0.0000000000
25429  -50.314  -60.389  -1.115 0.0000000000
25430  -51.404  -60.839  -1.387 0.0000000000
25431  -52.324  -61.317  -1.693 0.0000000000
26299  -41.540  -59.370  5.972 0.0000000000
26300  -42.004  -59.528  6.360 0.0000000000
26301  -42.831  -59.551  6.648 0.0000000000
26302  -43.983  -59.408  6.811 0.0000000000
26303  -45.124  -59.467  6.688 0.0000000000
26304  -46.094  -59.440  6.540 0.0000000000
26305  -47.884  -59.388  6.281 0.0000000000
26306  -49.708  -59.440  5.897 0.0000000000
26321  -41.507  -59.498  5.128 0.0000000000
26324  -42.036  -59.637  4.227 0.0000000000
26328  -42.678  -59.694  3.564 0.0000000000
26329  -43.414  -59.660  3.091 0.0000000000
26335  -44.151  -59.629  2.673 0.0000000000
26336  -44.973  -59.649  2.302 0.0000000000
26348  -46.487  -59.312  1.375 0.0000000000
26349  -47.118  -59.647  1.202 0.0000000000
26363  -46.837  -59.122  0.944 0.0000000000
26364  -47.386  -59.253  0.554 0.0000000000
26365  -48.161  -59.718  0.310 0.0000000000
26378  -47.812  -59.061  -0.110 0.0000000000
26379  -48.499  -59.299  -0.576 0.0000000000
26380  -49.363  -59.929  -0.826 0.0000000000
26392  -49.077  -59.137  -1.273 0.0000000000
26393  -50.586  -60.044  -1.945 0.0000000000
27198  -42.603  -57.889  7.188 0.0000000000
27199  -43.656  -58.043  7.266 0.0000000000
27200  -45.363  -58.208  6.996 0.0000000000
27201  -46.101  -58.057  6.851 0.0000000000
27212  -41.319  -57.967  6.299 0.0000000000
27213  -41.653  -58.715  6.359 0.0000000000
27214  -42.268  -58.754  6.745 0.0000000000
27215  -43.184  -58.736  7.000 0.0000000000
27216  -44.833  -58.770  6.931 0.0000000000
27217  -45.714  -58.769  6.741 0.0000000000
27218  -46.582  -58.722  6.583 0.0000000000
27219  -48.391  -58.623  6.299 0.0000000000
27220  -49.506  -58.524  6.122 0.0000000000
27238  -41.286  -58.578  5.946 0.0000000000
27241  -41.354  -58.410  5.182 0.0000000000
27242  -41.829  -58.718  4.388 0.0000000000
27244  -42.496  -58.889  3.701 0.0000000000
27247  -43.755  -58.926  2.866 0.0000000000
27248  -44.737  -58.186  2.038 0.0000000000
27249  -45.264  -58.884  1.957 0.0000000000
27258  -45.381  -58.184  1.548 0.0000000000
27259  -45.917  -58.809  1.493 0.0000000000
27260  -46.402  -58.710  1.019 0.0000000000
27276  -46.821  -58.635  0.531 0.0000000000
27277  -47.304  -58.502  -0.056 0.0000000000
27288  -47.919  -58.426  -0.665 0.0000000000
27289  -48.630  -58.413  -1.272 0.0000000000
27300  -49.504  -58.411  -1.875 0.0000000000
28024  -48.459  -56.740  9.305 0.0000000000
28046  -41.811  -57.129  7.126 0.0000000000
28047  -42.637  -56.987  7.469 0.0000000000
28048  -44.208  -57.396  7.443 0.0000000000
28049  -45.353  -57.372  7.323 0.0000000000
28050  -46.482  -57.340  7.151 0.0000000000
28051  -47.417  -57.263  6.999 0.0000000000
28052  -48.380  -57.154  6.855 0.0000000000
28053  -49.386  -56.938  6.794 0.0000000000
28063  -41.023  -57.219  6.218 0.0000000000
28064  -41.403  -57.413  6.607 0.0000000000
28065  -41.782  -57.990  6.759 0.0000000000
28066  -46.996  -58.002  6.706 0.0000000000
28067  -47.903  -57.928  6.561 0.0000000000
28068  -48.870  -57.805  6.456 0.0000000000
28069  -49.887  -57.549  6.423 0.0000000000
28085  -41.253  -57.389  5.058 0.0000000000
28088  -41.608  -56.995  4.426 0.0000000000
28089  -41.702  -57.779  4.430 0.0000000000
28092  -42.141  -57.137  3.820 0.0000000000
28093  -42.348  -58.015  3.771 0.0000000000
28094  -42.838  -57.365  3.211 0.0000000000
28101  -43.535  -57.485  2.663 0.0000000000
28102  -44.236  -57.470  2.113 0.0000000000
28110  -44.883  -57.507  1.594 0.0000000000
28111  -45.463  -57.520  1.094 0.0000000000
28112  -45.925  -58.165  1.034 0.0000000000
28122  -46.065  -57.465  0.474 0.0000000000
28123  -46.721  -57.921  0.097 0.0000000000
28133  -46.613  -57.056  -0.233 0.0000000000
28134  -47.361  -57.574  -0.592 0.0000000000
28135  -48.169  -57.617  -1.205 0.0000000000
28145  -47.844  -56.798  -1.182 0.0000000000
28146  -48.954  -57.556  -1.714 0.0000000000
28155  -49.719  -57.384  -2.262 0.0000000000
28873  -47.895  -56.128  9.630 0.0000000000
28874  -49.216  -55.544  9.530 0.0000000000
28896  -41.491  -56.357  7.082 0.0000000000
28897  -42.070  -56.367  7.416 0.0000000000
28898  -42.781  -56.309  7.579 0.0000000000
28899  -43.572  -56.674  7.618 0.0000000000
28900  -45.233  -56.294  7.726 0.0000000000
28901  -46.897  -56.502  7.482 0.0000000000
28902  -47.943  -56.497  7.318 0.0000000000
28903  -48.969  -56.296  7.285 0.0000000000
28904  -50.027  -56.029  7.244 0.0000000000
28917  -40.813  -56.419  6.185 0.0000000000
28918  -41.212  -56.734  6.654 0.0000000000
28935  -40.917  -56.894  5.647 0.0000000000
28938  -41.231  -56.434  4.868 0.0000000000
28942  -41.841  -56.256  4.019 0.0000000000
28943  -42.636  -56.455  3.206 0.0000000000
28952  -43.270  -56.226  2.545 0.0000000000
28953  -43.749  -56.789  2.251 0.0000000000
28958  -43.791  -56.012  1.946 0.0000000000
28959  -44.419  -56.679  1.614 0.0000000000
28960  -45.041  -56.952  1.203 0.0000000000
28971  -44.924  -56.257  0.969 0.0000000000
28972  -45.470  -56.801  0.687 0.0000000000
28973  -45.996  -56.548  0.093 0.0000000000
28984  -46.603  -56.073  -0.489 0.0000000000
28985  -47.535  -55.898  -1.090 0.0000000000
28995  -48.523  -56.085  -1.609 0.0000000000
28996  -49.192  -56.706  -2.011 0.0000000000
29657  -46.399  -54.733  10.327 0.0000000000
29658  -47.446  -54.640  10.202 0.0000000000
29661  -47.178  -55.657  9.910 0.0000000000
29662  -48.312  -55.045  9.873 0.0000000000
29663  -49.447  -54.316  9.646 0.0000000000
29664  -50.276  -54.577  9.266 0.0000000000
29672  -44.561  -55.216  8.098 0.0000000000
29673  -45.438  -55.368  8.172 0.0000000000
29674  -46.251  -54.873  8.359 0.0000000000
29675  -47.914  -55.054  8.080 0.0000000000
29676  -49.055  -54.590  8.114 0.0000000000
29677  -49.919  -54.314  8.263 0.0000000000
29686  -41.624  -55.658  7.251 0.0000000000
29687  -42.427  -55.668  7.529 0.0000000000
29688  -43.276  -55.821  7.692 0.0000000000
29689  -44.258  -55.952  7.821 0.0000000000
29690  -46.837  -55.541  8.022 0.0000000000
29691  -48.516  -55.601  7.643 0.0000000000
29692  -49.724  -55.175  7.680 0.0000000000
29693  -50.568  -54.624  8.063 0.0000000000
29704  -40.805  -55.172  6.390 0.0000000000
29705  -41.015  -55.860  6.697 0.0000000000
29716  -40.710  -55.711  6.128 0.0000000000
29717  -40.821  -56.021  5.583 0.0000000000
29730  -41.634  -55.311  4.148 0.0000000000
29731  -42.317  -55.595  3.404 0.0000000000
29743  -42.830  -55.760  2.836 0.0000000000
29744  -43.281  -55.471  2.371 0.0000000000
29754  -43.769  -55.141  1.774 0.0000000000
29755  -44.364  -54.831  1.232 0.0000000000
29767  -44.950  -55.324  0.708 0.0000000000
29768  -45.611  -55.288  0.125 0.0000000000
29769  -45.932  -55.846  -0.100 0.0000000000
29777  -45.851  -54.722  -0.157 0.0000000000
29778  -46.210  -55.268  -0.348 0.0000000000
29779  -46.938  -55.208  -0.805 0.0000000000
29787  -48.157  -55.363  -1.431 0.0000000000
30439  -46.998  -54.054  10.399 0.0000000000
30440  -47.938  -53.527  10.274 0.0000000000
30441  -48.859  -53.167  9.783 0.0000000000
30443  -48.684  -53.931  10.012 0.0000000000
30444  -49.484  -53.425  9.436 0.0000000000
30445  -50.122  -53.854  9.176 0.0000000000
30446  -50.557  -54.321  8.948 0.0000000000
30450  -44.943  -54.617  8.281 0.0000000000
30451  -45.654  -54.352  8.419 0.0000000000
30452  -46.541  -53.922  8.513 0.0000000000
30453  -48.407  -53.989  8.444 0.0000000000
30454  -49.537  -53.561  8.670 0.0000000000
30455  -50.290  -54.005  8.722 0.0000000000
30456  -50.831  -54.629  8.462 0.0000000000
30463  -43.143  -54.505  7.590 0.0000000000
30464  -44.164  -54.354  7.947 0.0000000000
30473  -40.930  -54.308  6.329 0.0000000000
30474  -41.189  -54.979  6.907 0.0000000000
30487  -40.925  -54.105  5.485 0.0000000000
30500  -41.214  -54.008  4.782 0.0000000000
30507  -41.585  -54.364  4.163 0.0000000000
30508  -42.169  -54.718  3.478 0.0000000000
30521  -42.723  -55.051  2.828 0.0000000000
30522  -43.257  -54.637  2.293 0.0000000000
30533  -43.808  -54.173  1.676 0.0000000000
30534  -44.470  -54.040  1.065 0.0000000000
30549  -44.785  -54.553  0.761 0.0000000000
30550  -45.329  -54.537  0.327 0.0000000000
30560  -45.809  -54.037  -0.118 0.0000000000
30561  -46.486  -54.422  -0.509 0.0000000000
30562  -47.325  -54.443  -1.018 0.0000000000
31231  -44.829  -53.162  10.568 0.0000000000
31232  -45.878  -53.016  10.528 0.0000000000
31233  -47.043  -53.217  10.463 0.0000000000
31234  -48.068  -52.541  10.029 0.0000000000
31236  -48.773  -52.560  9.365 0.0000000000
31237  -49.318  -52.854  9.157 0.0000000000
31238  -49.760  -53.328  9.042 0.0000000000
31243  -45.084  -53.768  8.274 0.0000000000
31244  -45.749  -52.999  8.339 0.0000000000
31245  -46.878  -52.814  8.534 0.0000000000
31246  -48.208  -52.380  8.771 0.0000000000
31247  -49.390  -52.879  8.965 0.0000000000
31253  -41.972  -53.815  7.125 0.0000000000
31254  -42.578  -53.500  7.186 0.0000000000
31255  -43.368  -53.690  7.433 0.0000000000
31256  -44.343  -53.509  7.749 0.0000000000
31257  -45.016  -53.157  8.071 0.0000000000
31265  -42.060  -53.066  6.862 0.0000000000
31276  -41.084  -53.306  5.972 0.0000000000
31287  -41.206  -53.325  5.161 0.0000000000
31296  -41.528  -53.501  4.369 0.0000000000
31297  -42.018  -53.816  3.618 0.0000000000
31319  -42.983  -53.262  2.539 0.0000000000
31330  -43.566  -53.290  1.953 0.0000000000
31331  -44.189  -53.311  1.405 0.0000000000
31348  -44.804  -53.296  0.763 0.0000000000
31349  -45.339  -53.711  0.335 0.0000000000
31360  -45.784  -53.248  0.036 0.0000000000
31361  -46.330  -53.503  -0.350 0.0000000000
31362  -47.016  -53.660  -0.737 0.0000000000
32093  -54.822  -51.880  11.892 0.0000000000
32106  -45.078  -52.215  10.572 0.0000000000
32107  -46.377  -51.645  10.344 0.0000000000
32108  -47.507  -51.840  9.952 0.0000000000
32112  -48.272  -52.019  9.269 0.0000000000
32113  -48.872  -52.443  8.993 0.0000000000
32114  -46.496  -52.116  8.388 0.0000000000
32115  -47.659  -51.814  8.762 0.0000000000
32116  -48.272  -51.964  8.945 0.0000000000
32126  -42.903  -52.980  7.075 0.0000000000
32127  -43.762  -53.059  7.189 0.0000000000
32128  -44.568  -52.976  7.503 0.0000000000
32129  -45.415  -52.571  7.987 0.0000000000
32140  -41.628  -52.512  6.249 0.0000000000
32141  -42.410  -52.341  6.674 0.0000000000
32142  -43.264  -52.377  6.857 0.0000000000
32143  -44.030  -52.589  6.908 0.0000000000
32144  -44.749  -52.617  7.188 0.0000000000
32155  -41.414  -52.511  5.497 0.0000000000
32168  -41.506  -52.670  4.709 0.0000000000
32169  -41.800  -52.207  4.311 0.0000000000
32182  -41.833  -52.908  3.952 0.0000000000
32183  -42.206  -52.288  3.650 0.0000000000
32204  -42.712  -52.459  2.892 0.0000000000
32205  -43.321  -52.528  2.313 0.0000000000
32215  -43.887  -52.535  1.718 0.0000000000
32216  -44.518  -52.511  1.196 0.0000000000
32231  -45.116  -52.449  0.669 0.0000000000
32232  -45.717  -52.521  0.250 0.0000000000
32233  -46.214  -51.950  0.054 0.0000000000
32243  -46.258  -52.717  -0.181 0.0000000000
32244  -46.890  -52.176  -0.420 0.0000000000
32245  -47.376  -52.882  -0.831 0.0000000000
33026  -54.365  -51.421  12.005 0.0000000000
33038  -54.972  -51.321  11.631 0.0000000000
33039  -56.663  -51.654  11.364 0.0000000000
33048  -45.348  -51.210  10.559 0.0000000000
33049  -46.072  -50.615  10.206 0.0000000000
33050  -46.728  -50.689  9.517 0.0000000000
33051  -47.498  -51.429  9.365 0.0000000000
33058  -47.041  -50.703  8.950 0.0000000000
33059  -47.798  -51.553  8.995 0.0000000000
33064  -46.102  -51.840  8.111 0.0000000000
33065  -47.029  -51.261  8.637 0.0000000000
33076  -45.446  -52.224  7.459 0.0000000000
33077  -45.658  -51.863  6.999 0.0000000000
33087  -42.067  -51.658  6.230 0.0000000000
33088  -42.806  -51.627  6.554 0.0000000000
33089  -43.614  -51.738  6.593 0.0000000000
33090  -44.981  -52.331  6.600 0.0000000000
33091  -45.726  -52.389  5.844 0.0000000000
33092  -46.546  -52.390  5.747 0.0000000000
33106  -41.696  -51.749  5.617 0.0000000000
33107  -42.038  -51.163  5.663 0.0000000000
33108  -44.245  -51.481  6.379 0.0000000000
33109  -45.153  -52.177  6.174 0.0000000000
33110  -46.441  -52.808  5.167 0.0000000000
33111  -47.004  -53.038  5.228 0.0000000000
33112  -47.868  -52.791  5.195 0.0000000000
33113  -48.821  -52.270  5.016 0.0000000000
33125  -41.645  -51.888  4.925 0.0000000000
33126  -42.087  -51.446  4.261 0.0000000000
33127  -46.226  -52.555  4.999 0.0000000000
33164  -42.569  -51.631  3.350 0.0000000000
33165  -43.099  -51.158  2.877 0.0000000000
33166  -43.660  -50.856  2.438 0.0000000000
33179  -43.646  -51.706  2.151 0.0000000000
33180  -44.277  -51.055  1.796 0.0000000000
33181  -44.945  -50.680  1.399 0.0000000000
33197  -44.871  -51.606  1.108 0.0000000000
33198  -45.524  -50.942  0.838 0.0000000000
33199  -46.220  -51.092  0.328 0.0000000000
33210  -46.673  -51.453  -0.127 0.0000000000
34068  -53.689  -50.839  12.144 0.0000000000
34080  -53.908  -50.241  11.654 0.0000000000
34081  -54.440  -50.729  11.648 0.0000000000
34082  -55.864  -50.348  10.982 0.0000000000
34083  -56.579  -50.788  11.080 0.0000000000
34084  -57.418  -51.096  11.119 0.0000000000
34087  -44.956  -50.307  10.821 0.0000000000
34088  -45.622  -49.764  10.444 0.0000000000
34089  -46.182  -49.794  9.877 0.0000000000
34090  -56.624  -50.068  10.572 0.0000000000
34091  -57.240  -50.448  10.709 0.0000000000
34100  -46.603  -49.901  9.222 0.0000000000
34107  -46.767  -50.193  8.372 0.0000000000
34119  -46.512  -50.862  7.510 0.0000000000
34120  -46.923  -50.260  7.146 0.0000000000
34132  -42.487  -50.985  6.116 0.0000000000
34133  -42.941  -50.403  6.046 0.0000000000
34134  -43.569  -50.724  6.277 0.0000000000
34135  -46.330  -51.612  6.647 0.0000000000
34136  -47.283  -50.944  6.417 0.0000000000
34137  -48.035  -50.882  5.935 0.0000000000
34148  -41.905  -51.151  5.070 0.0000000000
34149  -42.412  -50.505  5.420 0.0000000000
34150  -45.019  -51.468  5.906 0.0000000000
34151  -45.737  -51.486  5.368 0.0000000000
34152  -47.453  -52.004  5.679 0.0000000000
34153  -48.418  -51.526  5.529 0.0000000000
34154  -49.455  -50.917  5.317 0.0000000000
34155  -50.215  -50.898  4.884 0.0000000000
34167  -42.358  -50.534  4.633 0.0000000000
34168  -46.379  -51.510  4.797 0.0000000000
34169  -47.052  -51.447  4.391 0.0000000000
34170  -47.788  -50.667  4.193 0.0000000000
34171  -49.714  -51.888  4.716 0.0000000000
34172  -50.593  -51.611  4.507 0.0000000000
34173  -51.578  -51.155  4.323 0.0000000000
34190  -42.620  -50.752  3.750 0.0000000000
34191  -43.288  -50.197  3.224 0.0000000000
34206  -44.094  -50.163  2.356 0.0000000000
34218  -44.887  -49.797  1.783 0.0000000000
34219  -45.574  -50.154  1.158 0.0000000000
34233  -46.680  -50.211  0.347 0.0000000000
34243  -46.816  -50.853  -0.038 0.0000000000
35061  -48.421  -48.542  13.511 0.0000000000
35062  -49.647  -49.345  13.752 0.0000000000
35074  -50.822  -49.301  13.035 0.0000000000
35075  -51.601  -49.529  12.667 0.0000000000
35076  -52.421  -49.762  12.312 0.0000000000
35077  -53.220  -50.040  11.967 0.0000000000
35090  -52.781  -49.336  11.636 0.0000000000
35091  -53.604  -49.613  11.379 0.0000000000
35092  -54.487  -49.930  11.192 0.0000000000
35096  -45.210  -49.312  11.030 0.0000000000
35097  -45.879  -49.042  10.313 0.0000000000
35098  -53.996  -49.256  10.740 0.0000000000
35099  -54.872  -49.334  10.374 0.0000000000
35100  -55.881  -49.603  10.341 0.0000000000
35101  -56.767  -49.524  10.021 0.0000000000
35102  -57.511  -49.867  10.212 0.0000000000
35103  -58.386  -49.895  9.917 0.0000000000
35108  -46.398  -49.140  9.490 0.0000000000
35109  -55.545  -49.049  9.641 0.0000000000
35110  -56.143  -48.983  9.009 0.0000000000
35111  -56.826  -49.260  9.259 0.0000000000
35112  -57.454  -49.528  9.558 0.0000000000
35116  -46.737  -48.950  8.792 0.0000000000
35117  -47.079  -48.787  8.203 0.0000000000
35118  -55.963  -48.948  8.192 0.0000000000
35119  -56.731  -49.223  8.425 0.0000000000
35120  -57.470  -49.462  8.766 0.0000000000
35121  -58.186  -49.718  9.210 0.0000000000
35127  -46.830  -49.679  8.047 0.0000000000
35128  -47.205  -49.318  7.603 0.0000000000
35139  -47.626  -49.397  6.962 0.0000000000
35140  -48.209  -49.894  6.322 0.0000000000
35141  -49.005  -49.292  6.137 0.0000000000
35142  -53.567  -48.882  5.824 0.0000000000
35152  -42.864  -49.917  5.500 0.0000000000
35153  -43.456  -49.907  5.875 0.0000000000
35154  -44.224  -50.170  6.053 0.0000000000
35155  -45.142  -50.151  5.767 0.0000000000
35156  -46.906  -49.177  5.149 0.0000000000
35157  -48.798  -50.293  5.771 0.0000000000
35158  -50.332  -50.061  5.269 0.0000000000
35159  -51.141  -49.515  5.199 0.0000000000
35160  -51.982  -49.092  5.213 0.0000000000
35161  -52.800  -48.877  5.453 0.0000000000
35176  -42.681  -49.803  4.961 0.0000000000
35177  -43.201  -49.391  5.266 0.0000000000
35178  -46.968  -50.350  4.696 0.0000000000
35179  -47.659  -49.443  4.646 0.0000000000
35181  -50.950  -50.444  4.763 0.0000000000
35182  -51.818  -49.938  4.702 0.0000000000
35183  -52.771  -49.598  4.778 0.0000000000
35199  -42.816  -49.891  4.222 0.0000000000
35200  -43.364  -49.314  3.883 0.0000000000
35201  -43.915  -48.775  3.543 0.0000000000
35215  -43.733  -49.489  3.117 0.0000000000
35216  -44.332  -49.213  2.639 0.0000000000
35217  -45.080  -48.821  2.179 0.0000000000
35228  -45.776  -49.240  1.429 0.0000000000
35229  -46.413  -49.160  1.013 0.0000000000
35241  -46.211  -49.762  0.850 0.0000000000
35242  -46.809  -49.373  0.605 0.0000000000
35975  -47.030  -48.631  14.033 0.0000000000
35976  -47.763  -48.746  13.976 0.0000000000
35989  -45.875  -48.446  13.335 0.0000000000
35990  -46.643  -48.305  13.341 0.0000000000
35991  -47.474  -48.293  13.377 0.0000000000
35992  -50.089  -49.006  13.255 0.0000000000
36000  -45.561  -48.405  12.567 0.0000000000
36001  -46.283  -48.122  12.597 0.0000000000
36002  -47.990  -47.876  12.728 0.0000000000
36003  -48.931  -48.097  12.775 0.0000000000
36004  -49.768  -48.396  12.758 0.0000000000
36005  -51.071  -48.747  12.342 0.0000000000
36006  -51.897  -48.961  11.934 0.0000000000
36017  -44.798  -49.136  11.734 0.0000000000
36018  -45.384  -48.597  11.696 0.0000000000
36019  -46.061  -48.140  11.340 0.0000000000
36020  -50.912  -48.182  11.729 0.0000000000
36021  -51.562  -48.297  11.334 0.0000000000
36022  -52.369  -48.651  11.217 0.0000000000
36023  -53.188  -48.948  11.001 0.0000000000
36028  -45.670  -48.648  10.953 0.0000000000
36029  -46.187  -48.296  10.598 0.0000000000
36030  -51.994  -48.198  10.755 0.0000000000
36031  -52.681  -48.355  10.423 0.0000000000
36032  -53.526  -48.691  10.334 0.0000000000
36033  -54.210  -48.879  10.162 0.0000000000
36038  -46.664  -48.403  9.415 0.0000000000
36039  -47.004  -47.831  9.384 0.0000000000
36040  -54.665  -48.723  9.498 0.0000000000
36044  -53.902  -48.288  8.360 0.0000000000
36045  -54.642  -48.528  8.591 0.0000000000
36046  -55.393  -48.758  8.823 0.0000000000
36050  -48.092  -48.467  7.211 0.0000000000
36051  -48.802  -47.896  7.096 0.0000000000
36052  -52.824  -48.011  7.162 0.0000000000
36053  -53.740  -48.313  7.525 0.0000000000
36054  -54.513  -48.505  7.808 0.0000000000
36055  -55.237  -48.700  8.022 0.0000000000
36063  -48.446  -48.844  6.657 0.0000000000
36064  -49.748  -48.735  6.050 0.0000000000
36065  -50.516  -48.292  6.090 0.0000000000
36066  -51.318  -48.010  6.242 0.0000000000
36067  -52.067  -47.932  6.555 0.0000000000
36068  -53.641  -48.525  6.658 0.0000000000
36069  -54.420  -48.681  7.035 0.0000000000
36070  -55.024  -48.806  7.384 0.0000000000
36078  -43.870  -49.202  5.570 0.0000000000
36079  -44.687  -48.956  5.604 0.0000000000
36080  -45.257  -48.254  5.433 0.0000000000
36081  -45.884  -48.131  5.439 0.0000000000
36082  -46.666  -48.160  5.345 0.0000000000
36083  -49.637  -49.678  5.651 0.0000000000
36084  -50.438  -49.102  5.597 0.0000000000
36085  -51.249  -48.663  5.633 0.0000000000
36086  -52.056  -48.401  5.816 0.0000000000
36087  -52.847  -48.380  6.214 0.0000000000
36104  -43.631  -48.764  5.070 0.0000000000
36105  -44.153  -48.198  4.864 0.0000000000
36106  -47.479  -48.369  5.076 0.0000000000
36107  -48.349  -48.627  4.604 0.0000000000
36122  -43.703  -48.650  4.434 0.0000000000
36123  -44.276  -47.985  4.071 0.0000000000
36134  -44.530  -48.342  3.072 0.0000000000
36135  -45.204  -47.974  2.640 0.0000000000
36147  -45.774  -48.312  1.878 0.0000000000
36148  -46.387  -48.565  1.328 0.0000000000
36163  -46.808  -48.794  0.884 0.0000000000
36908  -46.637  -47.736  11.734 0.0000000000
36909  -47.566  -47.469  11.851 0.0000000000
36910  -48.555  -47.520  12.040 0.0000000000
36911  -49.495  -47.778  12.134 0.0000000000
36912  -50.316  -48.202  12.210 0.0000000000
36921  -46.543  -47.753  10.930 0.0000000000
36922  -47.257  -47.330  10.808 0.0000000000
36923  -48.186  -47.141  11.166 0.0000000000
36924  -49.141  -47.288  11.366 0.0000000000
36925  -50.177  -47.606  11.424 0.0000000000
36926  -50.958  -47.802  11.152 0.0000000000
36932  -46.717  -47.803  10.103 0.0000000000
36933  -47.479  -47.314  9.675 0.0000000000
36934  -48.088  -46.937  10.271 0.0000000000
36935  -48.975  -46.813  9.847 0.0000000000
36936  -50.641  -47.389  10.487 0.0000000000
36937  -51.418  -47.808  10.664 0.0000000000
36938  -51.957  -47.863  10.148 0.0000000000
36942  -47.950  -47.287  8.714 0.0000000000
36943  -48.749  -46.900  8.950 0.0000000000
36944  -49.530  -46.883  9.079 0.0000000000
36945  -50.861  -47.259  9.617 0.0000000000
36946  -51.701  -47.548  9.379 0.0000000000
36947  -52.547  -47.951  9.594 0.0000000000
36952  -48.055  -47.778  7.794 0.0000000000
36953  -48.823  -47.174  8.050 0.0000000000
36954  -49.838  -47.020  8.242 0.0000000000
36955  -50.809  -47.196  8.293 0.0000000000
36956  -51.627  -47.430  8.495 0.0000000000
36957  -52.431  -47.729  8.756 0.0000000000
36958  -53.295  -48.129  9.054 0.0000000000
36962  -49.626  -47.399  7.383 0.0000000000
36963  -50.527  -47.342  7.445 0.0000000000
36964  -51.420  -47.418  7.691 0.0000000000
36965  -52.248  -47.627  7.901 0.0000000000
36966  -53.087  -47.971  8.133 0.0000000000
36972  -50.585  -47.679  6.692 0.0000000000
36973  -51.319  -47.581  6.938 0.0000000000
36974  -51.976  -47.654  7.229 0.0000000000
36985  -44.772  -47.999  5.229 0.0000000000
36986  -45.496  -47.614  5.235 0.0000000000
36987  -46.242  -47.407  5.279 0.0000000000
36988  -47.127  -47.315  5.216 0.0000000000
37005  -44.695  -47.636  4.634 0.0000000000
37006  -45.212  -47.115  4.434 0.0000000000
37007  -47.921  -47.666  5.024 0.0000000000
37020  -44.785  -47.396  4.110 0.0000000000
37021  -45.226  -46.983  3.838 0.0000000000
37029  -44.847  -47.603  3.502 0.0000000000
37030  -45.436  -47.239  3.063 0.0000000000
37031  -46.096  -46.960  2.558 0.0000000000
37042  -45.793  -47.626  2.328 0.0000000000
37043  -46.430  -47.644  1.762 0.0000000000
37912  -45.786  -46.898  4.892 0.0000000000
37913  -46.514  -46.776  5.075 0.0000000000
37914  -47.058  -46.496  5.009 0.0000000000
37930  -46.502  -46.258  4.535 0.0000000000
37942  -45.744  -46.533  4.218 0.0000000000
37943  -46.347  -46.022  3.833 0.0000000000
37954  -45.822  -46.561  3.430 0.0000000000
37955  -46.461  -46.206  2.945 0.0000000000
112915  -43.719  -55.168  7.838 0.0000000000
113101  -42.407  -53.156  3.218 0.0000000000
113161  -56.243  -49.253  9.666 0.0000000000
113571  -50.362  -47.044  8.998 0.0000000000
113572  -51.330  -47.525  10.066 0.0000000000
113573  -50.007  -46.992  9.784 0.0000000000
113746  -51.080  -47.264  8.958 0.0000000000
113823  -52.874  -62.756  -0.715 0.0000000000
114062  -42.619  -54.027  7.362 0.0000000000
114216  -45.493  -54.696  10.398 0.0000000000
114506  -46.337  -48.540  9.965 0.0000000000
114606  -45.142  -53.887  10.507 0.0000000000
114731  -45.861  -52.326  5.539 0.0000000000
114820  -49.625  -47.097  10.611 0.0000000000
115165  -46.142  -53.975  10.461 0.0000000000
115856  -54.075  -48.409  9.041 0.0000000000
116057  -48.198  -46.936  9.487 0.0000000000
116333  -45.592  -51.757  0.517 0.0000000000
116435  -53.825  -48.515  9.662 0.0000000000
116482  -45.922  -53.561  8.459 0.0000000000
116827  -44.175  -61.076  6.349 0.0000000000
117049  -50.096  -64.795  1.040 0.0000000000
117266  -46.379  -51.248  7.911 0.0000000000
117661  -58.206  -50.476  10.556 0.0000000000
117929  -52.642  -62.666  -1.973 0.0000000000
117984  -41.453  -53.518  6.557 0.0000000000
118396  -43.173  -63.178  5.169 0.0000000000
118441  -44.857  -65.858  5.394 0.0000000000
118564  -48.862  -52.926  8.727 0.0000000000
118988  -47.697  -53.379  8.558 0.0000000000
119103  -42.660  -54.097  2.838 0.0000000000
119133  -44.371  -55.714  1.371 0.0000000000
119255  -41.453  -54.256  6.890 0.0000000000
119432  -47.411  -64.507  2.523 0.0000000000
119502  -44.010  -58.190  2.553 0.0000000000
119639  -47.061  -47.866  12.615 0.0000000000
119655  -43.203  -56.865  2.755 0.0000000000
119698  -45.466  -56.011  0.402 0.0000000000
119805  -49.328  -48.707  13.352 0.0000000000
119842  -46.478  -64.173  6.159 0.0000000000
119895  -50.644  -55.232  7.619 0.0000000000
119934  -50.423  -48.716  12.736 0.0000000000
119936  -41.303  -70.684  -2.080 0.0000000000
120012  -55.124  -50.590  11.307 0.0000000000
120189  -47.464  -63.356  6.397 0.0000000000
120265  -49.073  -60.031  6.068 0.0000000000
120266  -48.274  -60.121  6.236 0.0000000000
120270  -49.133  -63.121  6.453 0.0000000000
120271  -48.270  -63.237  6.449 0.0000000000
120312  -48.140  -65.112  2.692 0.0000000000
120464  -53.317  -62.041  0.745 0.0000000000
120580  -41.145  -54.741  4.844 0.0000000000
120605  -46.444  -62.100  2.181 0.0000000000
120703  -47.180  -56.672  -0.722 0.0000000000
121142  -44.230  -51.881  1.567 0.0000000000
121143  -47.372  -60.147  6.333 0.0000000000
121222  -55.379  -51.961  11.675 0.0000000000
121326  -43.065  -51.012  6.390 0.0000000000
121335  -44.554  -56.744  7.602 0.0000000000
121421  -44.408  -52.257  6.663 0.0000000000
121551  -49.709  -61.697  1.876 0.0000000000
121613  -43.276  -53.900  2.268 0.0000000000
121836  -47.191  -64.084  6.321 0.0000000000
121867  -43.040  -51.890  2.664 0.0000000000
121871  -46.024  -63.021  6.208 0.0000000000
121919  -46.249  -48.862  5.415 0.0000000000
121996  -47.465  -58.681  6.441 0.0000000000
122080  -49.345  -65.155  2.844 0.0000000000
122202  -48.537  -56.937  -1.556 0.0000000000
122203  -55.785  -51.242  11.393 0.0000000000
122824  -46.009  -56.730  7.485 0.0000000000
122858  -40.243  -69.135  -3.213 0.0000000000
122939  -56.035  -52.046  11.510 0.0000000000
123457  -48.324  -49.691  4.279 0.0000000000
123496  -47.867  -63.675  2.465 0.0000000000
123505  -44.915  -54.031  0.617 0.0000000000
123585  -48.792  -59.358  6.124 0.0000000000
123591  -50.910  -63.062  2.586 0.0000000000
123600  -49.767  -47.885  6.622 0.0000000000
123681  -46.556  -63.742  2.370 0.0000000000
123849  -46.765  -52.982  -0.505 0.0000000000
123863  -46.376  -58.192  0.629 0.0000000000
123964  -43.221  -60.997  6.219 0.0000000000
124381  -46.841  -64.771  0.341 0.0000000000
124549  -46.460  -60.143  6.413 0.0000000000
124553  -49.145  -48.473  6.485 0.0000000000
124633  -46.930  -52.363  10.375 0.0000000000
124700  -43.180  -49.251  4.693 0.0000000000
124781  -47.559  -48.585  7.657 0.0000000000
124833  -49.769  -59.532  -1.585 0.0000000000
124904  -46.954  -51.309  9.906 0.0000000000
125027  -42.401  -62.098  4.772 0.0000000000
125154  -43.166  -58.265  3.141 0.0000000000
125169  -43.118  -59.066  3.268 0.0000000000
125405  -45.490  -63.372  2.367 0.0000000000
125542  -44.538  -60.208  6.563 0.0000000000
125586  -44.516  -58.885  2.424 0.0000000000
125614  -46.136  -50.064  5.312 0.0000000000
125659  -44.671  -68.534  -0.175 0.0000000000
125762  -44.488  -62.093  2.484 0.0000000000
125777  -43.249  -63.182  3.392 0.0000000000
125972  -48.495  -62.854  2.358 0.0000000000
126471  -49.140  -63.686  2.603 0.0000000000
126534  -40.761  -55.075  5.685 0.0000000000
126684  -47.216  -54.473  8.394 0.0000000000
126874  -43.738  -62.186  2.766 0.0000000000
126905  -47.450  -47.987  8.330 0.0000000000
126919  -42.633  -61.251  3.657 0.0000000000
127027  -46.074  -56.022  7.790 0.0000000000
127371  -45.529  -48.990  5.578 0.0000000000
127378  -43.217  -61.089  3.127 0.0000000000
127426  -47.247  -65.686  6.260 0.0000000000
127658  -46.994  -59.415  6.396 0.0000000000
127848  -44.614  -58.074  7.185 0.0000000000
127973  -52.405  -50.424  4.385 0.0000000000
128012  -43.319  -57.416  7.452 0.0000000000
128036  -45.523  -60.143  6.505 0.0000000000
128057  -47.602  -55.877  7.669 0.0000000000
128167  -45.167  -47.404  4.917 0.0000000000
128197  -48.318  -66.011  0.529 0.0000000000
128365  -45.085  -66.085  2.936 0.0000000000
128599  -48.776  -46.968  10.654 0.0000000000
128767  -46.334  -62.322  6.340 0.0000000000
128822  -44.173  -48.539  5.277 0.0000000000
128894  -47.610  -55.102  -1.198 0.0000000000
128978  -42.946  -67.621  -1.621 0.0000000000
129068  -52.779  -61.662  0.505 0.0000000000
129132  -39.291  -69.935  -3.495 0.0000000000
129146  -41.810  -72.649  -4.042 0.0000000000
129434  -45.350  -53.044  0.410 0.0000000000
129634  -55.243  -49.963  10.862 0.0000000000
129648  -41.796  -69.068  -1.416 0.0000000000
129786  -46.032  -50.426  0.684 0.0000000000
130059  -51.768  -62.173  2.129 0.0000000000
130121  -52.144  -61.574  1.181 0.0000000000
130314  -52.913  -62.577  -1.174 0.0000000000
130394  -46.573  -55.337  10.138 0.0000000000
130492  -45.171  -61.572  2.303 0.0000000000
130677  -41.389  -58.977  5.577 0.0000000000
130971  -47.016  -48.258  8.838 0.0000000000
131002  -48.904  -65.389  -3.835 0.0000000000
131080  -46.707  -49.515  8.819 0.0000000000
131146  -44.289  -67.947  0.054 0.0000000000
131210  -42.325  -68.380  -3.652 0.0000000000
131341  -41.094  -57.770  5.758 0.0000000000
131406  -47.236  -61.810  2.114 0.0000000000
131783  -46.380  -65.571  2.594 0.0000000000
132112  -57.891  -49.699  9.745 0.0000000000
132227  -47.790  -63.825  -1.277 0.0000000000
132288  -47.368  -64.213  0.219 0.0000000000
132330  -41.118  -55.579  4.917 0.0000000000
132561  -42.089  -54.734  7.374 0.0000000000
132751  -45.300  -70.681  -1.667 0.0000000000
132819  -42.920  -55.169  7.614 0.0000000000
132890  -52.388  -62.491  2.208 0.0000000000
133002  -44.051  -58.626  7.070 0.0000000000
133132  -45.938  -48.092  12.001 0.0000000000
133239  -41.460  -55.892  4.478 0.0000000000
133274  -41.613  -59.835  5.701 0.0000000000
133284  -49.851  -64.365  -3.170 0.0000000000
133495  -44.544  -50.442  1.797 0.0000000000
133513  -47.349  -47.666  8.975 0.0000000000
133576  -51.366  -48.541  11.847 0.0000000000
133580  -45.071  -67.054  5.211 0.0000000000
133599  -44.475  -61.855  6.137 0.0000000000
133755  -50.108  -47.497  6.985 0.0000000000
133796  -49.012  -49.069  13.863 0.0000000000
133913  -47.465  -64.798  -2.403 0.0000000000
134019  -41.036  -70.087  -2.054 0.0000000000
134212  -40.083  -69.600  -3.088 0.0000000000
134416  -44.883  -55.713  7.969 0.0000000000
134534  -46.116  -55.509  8.116 0.0000000000
134554  -49.228  -46.928  8.578 0.0000000000
134728  -47.809  -65.702  2.707 0.0000000000
134792  -42.371  -68.249  -2.427 0.0000000000
135182  -43.975  -62.708  2.660 0.0000000000
135253  -46.075  -52.298  10.489 0.0000000000
135538  -44.258  -67.542  -3.125 0.0000000000
136061  -53.376  -49.288  5.226 0.0000000000
136580  -53.170  -48.302  9.817 0.0000000000
