#!ascii label  , from subject sub-09 vox2ras=TkReg
435
135633  47.176  -66.645  7.955 13.0000000000
114363  43.427  -63.511  1.538 13.0000000000
23851  49.966  -61.526  10.065 13.0000000000
21987  42.670  -63.544  8.428 13.0000000000
20968  49.596  -64.397  3.776 13.0000000000
17616  47.367  -67.209  12.930 13.0000000000
19810  49.454  -65.008  9.088 13.0000000000
120452  49.514  -62.880  7.029 13.0000000000
113359  48.496  -65.856  5.978 13.0000000000
21900  48.282  -63.349  13.125 13.0000000000
20944  42.671  -64.422  5.426 13.0000000000
22998  38.661  -62.264  6.874 13.0000000000
17773  45.324  -68.264  4.533 13.0000000000
23817  45.890  -61.212  11.796 13.0000000000
22944  42.175  -62.364  11.003 13.0000000000
21970  45.934  -63.346  9.431 13.0000000000
20931  46.359  -63.845  5.895 13.0000000000
118150  45.977  -65.310  2.536 13.0000000000
16719  47.747  -68.450  3.362 13.0000000000
17811  48.489  -66.974  0.110 13.0000000000
24664  48.889  -59.447  12.867 13.0000000000
20867  49.695  -64.042  11.885 13.0000000000
17669  46.703  -67.928  10.524 13.0000000000
18663  44.457  -66.271  14.179 13.0000000000
16615  43.834  -68.573  11.609 13.0000000000
16647  43.679  -69.078  9.539 13.0000000000
18762  48.516  -66.023  8.242 13.0000000000
18776  48.715  -65.621  7.027 13.0000000000
133627  48.032  -66.060  6.805 13.0000000000
20971  43.088  -64.885  3.556 13.0000000000
116520  41.187  -64.069  4.916 13.0000000000
22043  41.132  -63.433  3.052 13.0000000000
22939  47.416  -61.550  11.186 13.0000000000
22958  45.707  -62.730  10.743 13.0000000000
22972  48.083  -62.448  9.539 13.0000000000
22031  49.739  -63.630  4.867 13.0000000000
22010  48.319  -63.082  6.333 13.0000000000
133477  47.493  -63.835  4.770 13.0000000000
20952  46.835  -64.372  4.275 13.0000000000
19882  48.462  -64.742  2.804 13.0000000000
125399  46.759  -68.788  4.134 13.0000000000
14754  46.019  -70.210  3.785 13.0000000000
25536  47.244  -58.659  14.051 13.0000000000
25549  47.270  -58.704  13.463 13.0000000000
23782  47.992  -60.173  13.675 13.0000000000
19716  48.904  -65.782  14.267 13.0000000000
21898  49.477  -63.752  12.723 13.0000000000
19758  48.950  -65.636  12.850 13.0000000000
18713  48.262  -66.256  11.079 13.0000000000
17634  47.339  -67.376  11.866 13.0000000000
19722  43.074  -65.826  14.752 13.0000000000
16635  43.230  -69.245  10.451 13.0000000000
22974  42.536  -63.082  9.900 13.0000000000
21968  50.229  -62.704  9.157 13.0000000000
22982  49.605  -62.478  8.384 13.0000000000
20923  50.011  -63.863  7.730 13.0000000000
126537  49.853  -64.374  5.605 13.0000000000
18796  49.778  -65.271  4.256 13.0000000000
20818  48.380  -64.988  14.779 13.0000000000
18660  47.931  -66.050  14.889 13.0000000000
20926  43.010  -63.941  7.015 13.0000000000
21990  40.061  -62.883  7.856 13.0000000000
22014  40.630  -63.407  6.531 13.0000000000
23002  38.709  -62.384  5.490 13.0000000000
18766  44.684  -66.851  7.482 13.0000000000
18800  46.223  -66.788  5.525 13.0000000000
23801  42.211  -61.170  12.111 13.0000000000
23818  43.684  -61.638  11.765 13.0000000000
21956  44.065  -63.182  10.198 13.0000000000
21985  44.558  -63.597  8.677 13.0000000000
131330  47.913  -62.954  7.883 13.0000000000
21999  45.615  -63.669  7.669 13.0000000000
20924  44.949  -63.856  7.132 13.0000000000
135131  44.926  -64.348  5.701 13.0000000000
19868  44.555  -65.129  3.874 13.0000000000
18799  47.136  -66.696  5.422 13.0000000000
17770  48.087  -67.581  4.132 13.0000000000
17785  49.018  -67.107  3.043 13.0000000000
15703  46.530  -69.868  2.930 13.0000000000
16727  48.534  -67.711  1.748 13.0000000000
19911  49.115  -65.724  1.601 13.0000000000
117592  48.587  -65.609  1.274 13.0000000000
118596  46.626  -65.426  0.685 13.0000000000
24685  47.814  -59.560  12.415 13.0000000000
23813  50.162  -60.469  11.522 13.0000000000
125502  49.092  -62.264  12.777 13.0000000000
22928  50.462  -61.294  12.100 13.0000000000
21937  50.526  -62.403  10.832 13.0000000000
19792  49.465  -64.798  10.091 13.0000000000
18751  48.360  -66.295  9.298 13.0000000000
17695  46.669  -67.614  9.376 13.0000000000
18680  46.023  -66.760  13.770 13.0000000000
18683  42.614  -66.255  13.479 13.0000000000
17619  44.133  -67.140  12.954 13.0000000000
17636  45.743  -68.054  12.362 13.0000000000
16613  45.536  -69.174  11.020 13.0000000000
16645  45.394  -69.125  10.073 13.0000000000
17714  45.078  -67.349  8.350 13.0000000000
131421  42.993  -67.472  7.883 13.0000000000
129657  47.923  -66.343  7.897 13.0000000000
18763  47.359  -66.282  7.072 13.0000000000
116709  43.195  -64.523  2.658 13.0000000000
20973  41.813  -64.072  3.158 13.0000000000
20990  42.674  -63.762  2.385 13.0000000000
23837  48.715  -61.091  11.050 13.0000000000
22956  47.779  -62.086  10.478 13.0000000000
22955  49.066  -61.660  10.159 13.0000000000
20949  49.746  -63.952  4.377 13.0000000000
22032  49.454  -63.592  4.521 13.0000000000
20950  49.340  -63.832  3.882 13.0000000000
126583  48.925  -64.287  3.293 13.0000000000
20969  49.110  -64.731  2.826 13.0000000000
14729  45.671  -70.230  4.279 13.0000000000
24642  45.112  -59.361  14.832 13.0000000000
24641  46.063  -59.326  14.594 13.0000000000
25522  45.866  -58.495  14.723 13.0000000000
24654  47.803  -59.171  13.748 13.0000000000
23783  47.249  -60.182  13.889 13.0000000000
18678  48.052  -66.532  13.874 13.0000000000
19741  49.012  -65.731  13.719 13.0000000000
18698  48.086  -66.680  12.765 13.0000000000
18697  48.417  -66.205  12.183 13.0000000000
17635  46.665  -67.853  12.133 13.0000000000
21974  42.161  -63.238  9.179 13.0000000000
21975  41.253  -63.034  9.050 13.0000000000
20916  49.953  -64.173  8.590 13.0000000000
20915  50.096  -63.314  8.207 13.0000000000
19822  49.569  -64.843  8.232 13.0000000000
19846  49.410  -65.199  5.871 13.0000000000
19845  49.661  -64.629  6.628 13.0000000000
19858  49.857  -64.784  4.918 13.0000000000
18797  49.243  -65.843  4.996 13.0000000000
18661  46.929  -66.200  14.721 13.0000000000
20934  42.523  -64.065  6.292 13.0000000000
20935  41.847  -63.881  6.419 13.0000000000
20945  41.914  -64.145  5.684 13.0000000000
22035  39.864  -63.235  4.261 13.0000000000
22025  39.856  -63.266  5.303 13.0000000000
23010  39.271  -62.825  4.940 13.0000000000
123376  38.135  -61.826  5.150 13.0000000000
17734  44.324  -67.031  5.878 13.0000000000
15678  43.013  -69.453  4.471 13.0000000000
23799  44.171  -60.680  12.319 13.0000000000
23800  43.173  -61.000  12.247 13.0000000000
133218  44.823  -61.312  11.909 13.0000000000
21954  46.249  -63.027  10.137 13.0000000000
22959  44.672  -62.920  10.664 13.0000000000
21955  45.331  -63.207  10.098 13.0000000000
21972  44.028  -63.413  9.492 13.0000000000
21971  44.983  -63.439  9.400 13.0000000000
21982  49.223  -62.604  7.657 13.0000000000
22983  48.742  -62.487  8.516 13.0000000000
21997  48.770  -62.826  6.924 13.0000000000
22011  47.317  -63.446  6.191 13.0000000000
21998  47.490  -63.252  6.981 13.0000000000
22012  46.190  -63.675  6.841 13.0000000000
118992  45.399  -64.048  6.233 13.0000000000
20932  44.476  -64.172  6.282 13.0000000000
20941  45.653  -64.256  5.481 13.0000000000
20970  46.416  -64.996  3.393 13.0000000000
19867  45.640  -64.857  4.167 13.0000000000
19884  45.418  -65.196  3.342 13.0000000000
19885  44.830  -65.187  2.535 13.0000000000
17755  45.724  -67.396  4.955 13.0000000000
17754  46.684  -67.308  4.868 13.0000000000
16700  47.583  -68.334  3.831 13.0000000000
17786  48.270  -67.769  3.542 13.0000000000
17769  48.825  -67.009  3.795 13.0000000000
14769  45.953  -70.296  2.913 13.0000000000
14770  45.279  -70.499  2.156 13.0000000000
118758  47.922  -68.247  0.515 13.0000000000
116480  47.449  -68.833  1.091 13.0000000000
16733  48.392  -67.644  0.673 13.0000000000
17800  48.897  -66.955  0.967 13.0000000000
19924  48.802  -65.981  0.735 13.0000000000
18852  48.353  -66.400  0.060 13.0000000000
19925  45.924  -65.343  0.328 13.0000000000
24665  48.093  -58.886  12.986 13.0000000000
24666  47.146  -59.029  12.858 13.0000000000
24684  48.885  -59.594  12.490 13.0000000000
23814  49.485  -60.187  11.694 13.0000000000
24683  49.763  -60.035  12.221 13.0000000000
20852  49.434  -64.279  12.763 13.0000000000
21921  49.929  -62.501  12.391 13.0000000000
21920  50.029  -63.138  12.183 13.0000000000
21919  50.527  -62.236  11.600 13.0000000000
21938  50.242  -63.152  11.358 13.0000000000
131797  50.292  -63.196  10.570 13.0000000000
114154  49.833  -63.969  10.866 13.0000000000
18729  47.739  -66.861  10.528 13.0000000000
18728  48.284  -66.317  10.093 13.0000000000
17680  47.255  -67.391  10.165 13.0000000000
17694  47.320  -67.236  9.530 13.0000000000
17681  46.727  -67.850  9.995 13.0000000000
18681  44.865  -66.820  13.481 13.0000000000
19742  42.337  -65.844  14.128 13.0000000000
18684  41.978  -66.047  13.326 13.0000000000
17639  42.755  -67.322  12.111 13.0000000000
17620  43.367  -67.069  12.717 13.0000000000
17638  44.009  -67.663  12.458 13.0000000000
17637  44.825  -67.635  12.668 13.0000000000
16599  44.530  -68.333  12.055 13.0000000000
16598  45.333  -68.709  11.760 13.0000000000
16614  44.715  -69.139  11.368 13.0000000000
15606  43.175  -69.355  9.904 13.0000000000
15620  44.109  -69.529  9.988 13.0000000000
16646  44.665  -69.098  9.684 13.0000000000
16658  44.933  -68.265  9.135 13.0000000000
16659  44.156  -68.514  9.174 13.0000000000
17697  44.254  -67.836  8.675 13.0000000000
17700  40.905  -68.181  8.420 13.0000000000
23820  41.789  -61.755  11.518 13.0000000000
22990  39.344  -62.597  7.358 13.0000000000
19823  48.890  -65.703  8.728 13.0000000000
125756  49.214  -65.305  7.734 13.0000000000
20955  42.682  -64.742  4.384 13.0000000000
122828  42.033  -64.420  4.903 13.0000000000
20956  41.819  -64.489  4.072 13.0000000000
22033  41.218  -64.123  3.818 13.0000000000
22045  40.384  -63.185  3.411 13.0000000000
115924  42.005  -69.100  4.472 13.0000000000
22940  46.282  -61.956  11.290 13.0000000000
22973  47.089  -62.725  10.103 13.0000000000
21969  46.912  -63.053  9.500 13.0000000000
22019  49.654  -63.508  5.436 13.0000000000
22021  48.448  -63.197  5.653 13.0000000000
22022  47.390  -63.614  5.429 13.0000000000
20940  46.552  -64.074  5.143 13.0000000000
119428  47.741  -64.537  3.361 13.0000000000
19883  47.321  -65.160  2.476 13.0000000000
121257  45.580  -69.272  4.378 13.0000000000
17772  46.332  -68.107  4.457 13.0000000000
15674  46.605  -69.351  3.994 13.0000000000
126294  46.688  -69.562  3.603 13.0000000000
18871  48.094  -66.993  -0.667 13.0000000000
25523  45.278  -58.204  15.045 13.0000000000
26387  46.695  -58.365  14.040 13.0000000000
26414  46.775  -58.437  13.753 13.0000000000
26397  47.185  -58.578  13.838 13.0000000000
25534  48.203  -59.153  13.312 13.0000000000
23781  48.671  -59.595  13.261 13.0000000000
20817  48.966  -65.005  14.363 13.0000000000
21899  49.185  -63.658  12.980 13.0000000000
20834  49.137  -64.647  13.528 13.0000000000
19757  49.239  -65.137  13.390 13.0000000000
116610  49.291  -64.920  12.427 13.0000000000
19774  49.288  -64.837  11.283 13.0000000000
18714  47.798  -66.803  11.518 13.0000000000
17651  47.240  -67.413  10.912 13.0000000000
18664  43.304  -66.166  13.974 13.0000000000
17653  43.009  -68.105  11.529 13.0000000000
16616  43.302  -68.860  11.068 13.0000000000
17670  42.541  -68.503  10.779 13.0000000000
123857  42.552  -69.072  10.134 13.0000000000
22969  50.186  -62.254  9.621 13.0000000000
22971  49.424  -62.136  9.259 13.0000000000
22981  49.783  -62.580  8.407 13.0000000000
21996  49.649  -62.751  7.764 13.0000000000
21995  49.836  -63.088  7.401 13.0000000000
19835  49.735  -64.496  7.443 13.0000000000
117342  49.902  -63.692  6.851 13.0000000000
22008  49.622  -63.345  6.401 13.0000000000
20938  49.872  -63.903  4.929 13.0000000000
19866  49.811  -64.477  4.175 13.0000000000
136721  49.919  -65.144  4.003 13.0000000000
119940  46.562  -61.460  13.580 13.0000000000
128005  47.614  -64.168  13.742 13.0000000000
117699  48.762  -65.456  14.628 13.0000000000
18659  48.542  -66.003  14.551 13.0000000000
18679  47.118  -66.693  13.888 13.0000000000
128015  42.660  -63.729  7.669 13.0000000000
21988  41.768  -63.358  8.419 13.0000000000
22003  41.515  -63.463  7.666 13.0000000000
22004  40.745  -63.258  7.370 13.0000000000
126034  39.996  -63.025  6.993 13.0000000000
22024  40.540  -63.571  5.659 13.0000000000
22015  39.916  -63.188  6.170 13.0000000000
121788  38.810  -62.450  6.186 13.0000000000
18765  45.558  -66.714  7.498 13.0000000000
18764  46.531  -66.507  7.317 13.0000000000
18779  45.857  -66.539  6.474 13.0000000000
18801  45.260  -66.875  5.679 13.0000000000
23819  42.683  -61.776  11.638 13.0000000000
22941  45.235  -62.180  11.322 13.0000000000
22942  44.199  -62.317  11.300 13.0000000000
22960  43.712  -62.865  10.689 13.0000000000
21957  43.366  -63.171  10.049 13.0000000000
21973  43.061  -63.362  9.304 13.0000000000
21986  43.631  -63.592  8.612 13.0000000000
129104  47.641  -62.884  8.831 13.0000000000
21983  46.723  -63.297  8.699 13.0000000000
114577  46.551  -63.461  7.788 13.0000000000
21984  45.593  -63.559  8.551 13.0000000000
22000  44.218  -63.741  7.877 13.0000000000
22001  43.339  -63.767  7.787 13.0000000000
20925  43.912  -63.957  7.028 13.0000000000
20933  43.474  -64.246  6.087 13.0000000000
20942  44.226  -64.513  5.484 13.0000000000
121637  45.894  -64.443  4.835 13.0000000000
20953  44.972  -64.657  4.930 13.0000000000
115665  44.125  -64.843  4.726 13.0000000000
20954  43.569  -64.990  4.138 13.0000000000
19886  43.798  -65.087  3.115 13.0000000000
20989  44.020  -64.429  1.837 13.0000000000
18778  46.786  -66.407  6.275 13.0000000000
18777  47.640  -66.251  6.097 13.0000000000
18798  48.150  -66.471  5.302 13.0000000000
17771  47.223  -68.049  4.272 13.0000000000
17753  47.636  -67.095  4.718 13.0000000000
18816  48.613  -66.723  4.489 13.0000000000
18815  49.379  -66.183  4.106 13.0000000000
18814  49.688  -65.471  3.657 13.0000000000
18826  49.546  -65.533  2.902 13.0000000000
14755  45.408  -70.744  3.492 13.0000000000
15702  47.042  -69.461  2.920 13.0000000000
15712  46.904  -69.386  1.927 13.0000000000
15711  47.452  -68.983  2.282 13.0000000000
16728  47.909  -68.440  2.570 13.0000000000
16718  48.465  -67.789  2.777 13.0000000000
18835  49.420  -66.367  2.628 13.0000000000
19899  49.299  -65.433  2.366 13.0000000000
19900  49.087  -65.247  2.245 13.0000000000
19901  48.538  -65.163  2.185 13.0000000000
113465  47.735  -65.380  1.598 13.0000000000
114273  48.126  -65.896  0.307 13.0000000000
19912  47.517  -65.532  0.810 13.0000000000
19902  46.655  -65.362  1.527 13.0000000000
19903  45.567  -65.185  1.600 13.0000000000
24667  46.063  -59.585  12.594 13.0000000000
24686  46.576  -60.111  12.258 13.0000000000
23815  48.339  -60.245  11.773 13.0000000000
23836  49.815  -60.860  10.854 13.0000000000
133147  48.378  -60.569  13.391 13.0000000000
23797  49.508  -60.003  12.623 13.0000000000
22929  49.847  -61.099  12.504 13.0000000000
23796  50.234  -60.445  12.128 13.0000000000
23795  50.510  -60.791  11.887 13.0000000000
23812  50.504  -60.934  11.444 13.0000000000
23850  50.222  -61.690  10.222 13.0000000000
21953  50.339  -62.725  9.905 13.0000000000
20883  50.105  -63.753  9.945 13.0000000000
20903  49.880  -64.285  9.337 13.0000000000
19793  48.767  -65.601  10.618 13.0000000000
19811  48.833  -65.675  9.617 13.0000000000
134417  48.425  -66.217  8.829 13.0000000000
18752  47.986  -66.624  8.936 13.0000000000
18753  47.315  -66.960  8.766 13.0000000000
19719  46.960  -65.800  15.457 13.0000000000
17617  46.437  -67.431  13.054 13.0000000000
18699  42.489  -66.602  12.774 13.0000000000
124869  43.082  -66.566  13.269 13.0000000000
18682  43.817  -66.667  13.419 13.0000000000
17618  45.551  -67.364  13.087 13.0000000000
16597  46.110  -68.531  11.509 13.0000000000
16612  46.227  -68.578  10.800 13.0000000000
15588  44.818  -69.465  10.828 13.0000000000
15604  45.168  -69.363  10.493 13.0000000000
16632  46.308  -68.379  10.327 13.0000000000
17682  46.105  -68.461  9.906 13.0000000000
17696  45.838  -67.951  9.199 13.0000000000
17713  46.369  -67.103  8.408 13.0000000000
17715  43.908  -67.242  7.897 13.0000000000
113380  43.175  -67.110  7.080 13.0000000000
17699  42.332  -67.865  8.253 13.0000000000
21989  40.915  -63.143  8.217 13.0000000000
14744  46.226  -69.860  4.055 13.0000000000
15605  44.475  -69.528  10.423 13.0000000000
15619  44.798  -69.441  10.143 13.0000000000
15689  47.148  -68.988  3.712 13.0000000000
15701  47.350  -69.072  3.193 13.0000000000
15713  46.137  -69.922  1.567 13.0000000000
16633  45.808  -68.907  10.440 13.0000000000
16634  44.020  -69.392  10.883 13.0000000000
16660  42.872  -68.931  9.398 13.0000000000
16701  47.070  -68.800  3.941 13.0000000000
17652  46.708  -67.965  11.221 13.0000000000
17792  49.173  -66.890  1.996 13.0000000000
18677  48.648  -66.169  13.798 13.0000000000
18740  47.809  -66.822  9.730 13.0000000000
18780  44.921  -66.674  6.635 13.0000000000
18827  49.435  -66.338  3.354 13.0000000000
18834  49.404  -65.962  2.037 13.0000000000
18844  49.156  -66.234  1.207 13.0000000000
18851  48.779  -66.424  0.566 13.0000000000
19717  48.339  -65.587  14.989 13.0000000000
19740  49.092  -65.335  14.134 13.0000000000
19775  48.789  -65.581  11.744 13.0000000000
19880  49.690  -64.855  3.594 13.0000000000
19881  49.394  -64.875  3.048 13.0000000000
19913  45.982  -65.229  0.912 13.0000000000
19914  45.182  -64.897  0.776 13.0000000000
20835  48.742  -64.530  13.795 13.0000000000
20902  50.219  -63.386  9.060 13.0000000000
20927  42.157  -63.757  7.133 13.0000000000
20930  49.878  -63.764  5.873 13.0000000000
20939  48.501  -63.425  4.895 13.0000000000
20943  43.443  -64.686  5.067 13.0000000000
20951  48.422  -63.881  4.078 13.0000000000
20972  42.469  -64.567  3.375 13.0000000000
21980  50.175  -62.889  8.625 13.0000000000
21981  49.913  -62.789  8.146 13.0000000000
22002  42.148  -63.595  7.884 13.0000000000
22009  49.310  -63.040  6.099 13.0000000000
22013  41.361  -63.599  6.874 13.0000000000
22020  49.415  -63.297  5.194 13.0000000000
22023  41.246  -63.799  6.030 13.0000000000
22034  40.586  -63.770  4.028 13.0000000000
22911  49.069  -60.712  12.988 13.0000000000
22927  50.593  -61.414  11.744 13.0000000000
22938  50.614  -61.622  11.159 13.0000000000
22954  50.460  -61.924  10.433 13.0000000000
22957  46.699  -62.469  10.698 13.0000000000
22970  49.946  -62.206  9.253 13.0000000000
22980  50.039  -62.547  8.835 13.0000000000
22997  39.337  -62.729  6.575 13.0000000000
23001  39.306  -62.834  5.787 13.0000000000
23816  47.026  -60.773  11.757 13.0000000000
23834  50.469  -61.372  10.848 13.0000000000
23835  50.292  -61.029  10.816 13.0000000000
24663  50.346  -60.448  11.883 13.0000000000
25521  46.534  -58.535  14.378 13.0000000000
25535  47.651  -58.867  13.621 13.0000000000
113208  44.969  -63.695  7.996 13.0000000000
114452  43.461  -67.781  12.097 13.0000000000
123675  50.469  -62.072  12.051 13.0000000000
126535  47.957  -68.344  1.512 13.0000000000
126731  40.393  -63.617  4.872 13.0000000000
128129  44.600  -63.285  9.996 13.0000000000
128565  43.815  -69.511  10.278 13.0000000000
129933  38.286  -61.976  7.368 13.0000000000
131603  48.674  -66.121  13.119 13.0000000000
131909  43.935  -68.079  12.080 13.0000000000
132493  49.231  -64.299  3.250 13.0000000000
136026  45.108  -68.236  12.235 13.0000000000
136386  45.445  -68.673  9.635 13.0000000000
