# sub-05 hemi-R CSvsAllNotext_scaled Cluster_15
21
10789 28.407000 -74.807000 -0.047000 1
10790 27.859000 -74.021000 -0.068000 1
10801 28.371000 -73.830000 -0.228000 1
10841 27.302000 -74.094000 -4.050000 1
10865 27.859000 -74.533000 -4.470000 1
11756 28.146000 -73.060000 -0.521000 1
11757 27.621000 -73.321000 -0.345000 1
11795 27.186000 -72.815000 -2.947000 1
11796 26.465000 -73.178000 -2.610000 1
11814 28.309000 -72.821000 -3.731000 1
11815 27.661000 -73.247000 -3.734000 1
11816 26.822000 -73.606000 -3.409000 1
11832 27.920000 -73.840000 -4.259000 1
12729 28.326000 -72.596000 -0.953000 1
12730 27.533000 -72.714000 -0.838000 1
12744 27.746000 -72.383000 -1.614000 1
12745 26.867000 -72.642000 -1.295000 1
12759 28.444000 -72.155000 -2.347000 1
12760 27.613000 -72.424000 -2.449000 1
12761 26.969000 -72.584000 -2.108000 1
12775 27.938000 -72.534000 -3.129000 1
