# sub-05 hemi-R FacesvsAllnoFacenoCS_scaled Cluster_54
137
65928 37.563000 -19.319000 2.567000 1
65929 35.944000 -18.937000 2.705000 1
65950 36.512000 -19.426000 1.234000 1
66887 36.347000 -17.947000 4.058000 1
66904 39.054000 -18.349000 3.310000 1
66905 36.815000 -18.441000 3.549000 1
66924 36.711000 -18.894000 2.991000 1
67859 39.019000 -17.110000 4.149000 1
67860 38.174000 -17.327000 4.409000 1
67861 37.067000 -17.351000 4.595000 1
67882 39.360000 -17.539000 3.539000 1
67883 38.603000 -17.835000 3.831000 1
67884 37.566000 -18.050000 3.914000 1
68765 38.299000 -16.111000 5.231000 1
68766 37.468000 -16.293000 5.440000 1
68778 39.297000 -16.324000 4.271000 1
68779 38.638000 -16.587000 4.655000 1
68780 37.812000 -16.770000 4.947000 1
68781 37.064000 -16.794000 5.110000 1
68800 39.955000 -16.267000 3.215000 1
68801 39.568000 -16.740000 3.696000 1
69737 39.335000 -14.974000 4.911000 1
69738 38.661000 -15.324000 5.395000 1
69739 37.855000 -15.610000 5.728000 1
69740 37.037000 -15.862000 5.926000 1
69750 39.529000 -15.516000 4.264000 1
69751 39.013000 -15.815000 4.811000 1
69771 39.858000 -15.361000 3.459000 1
70704 37.230000 -13.947000 7.119000 1
70711 38.522000 -14.051000 6.165000 1
70712 37.727000 -14.380000 6.554000 1
70726 39.486000 -14.114000 5.043000 1
70727 38.954000 -14.506000 5.538000 1
70728 38.210000 -14.852000 5.975000 1
70738 39.655000 -14.572000 4.227000 1
70757 39.809000 -14.520000 3.391000 1
70842 35.845000 -13.829000 -3.749000 1
70848 35.264000 -13.721000 -4.609000 1
71610 37.431000 -13.201000 7.342000 1
71618 39.043000 -12.572000 6.109000 1
71619 38.788000 -13.271000 6.238000 1
71620 38.024000 -13.506000 6.793000 1
71630 39.475000 -13.294000 5.197000 1
71631 39.143000 -13.711000 5.653000 1
71641 39.608000 -13.621000 4.521000 1
71663 39.725000 -13.823000 3.716000 1
71677 39.376000 -13.446000 2.328000 1
71724 38.196000 -13.341000 -0.496000 1
71737 37.573000 -13.524000 -1.726000 1
71738 36.535000 -13.039000 -2.120000 1
71745 36.619000 -13.591000 -2.693000 1
71747 34.940000 -13.318000 -4.005000 1
71752 34.850000 -13.373000 -4.808000 1
72519 36.393000 -12.435000 8.223000 1
72535 38.369000 -11.786000 7.064000 1
72536 37.706000 -12.411000 7.418000 1
72537 36.893000 -12.772000 7.758000 1
72542 38.423000 -12.658000 6.781000 1
72551 39.373000 -12.547000 5.442000 1
72561 39.545000 -12.686000 4.666000 1
72579 39.426000 -12.442000 3.825000 1
72580 39.070000 -12.201000 2.991000 1
72595 39.474000 -13.092000 3.130000 1
72596 38.916000 -12.707000 2.135000 1
72612 38.485000 -12.770000 1.073000 1
72613 37.942000 -12.137000 0.632000 1
72626 38.054000 -12.795000 0.111000 1
72627 37.542000 -12.284000 -0.150000 1
72640 37.298000 -12.787000 -0.909000 1
73441 36.989000 -11.119000 8.257000 1
73442 36.283000 -11.753000 8.487000 1
73456 38.291000 -10.895000 7.186000 1
73457 37.691000 -11.433000 7.625000 1
73458 36.997000 -11.982000 7.957000 1
73466 38.795000 -12.024000 6.458000 1
73467 38.763000 -11.209000 6.406000 1
73477 39.161000 -11.871000 5.838000 1
73478 39.027000 -11.109000 5.491000 1
73491 39.393000 -11.862000 5.092000 1
73492 39.023000 -11.118000 4.485000 1
73509 39.382000 -11.939000 4.383000 1
73510 39.098000 -11.644000 3.674000 1
73524 38.724000 -11.433000 2.847000 1
73541 38.389000 -11.316000 1.987000 1
73560 37.386000 -11.577000 0.058000 1
74415 37.648000 -10.401000 7.778000 1
74416 36.869000 -10.198000 8.465000 1
74417 36.078000 -10.866000 8.831000 1
74434 38.232000 -10.053000 7.146000 1
74441 38.524000 -10.454000 6.655000 1
74452 38.758000 -10.379000 5.967000 1
74463 38.780000 -10.298000 5.057000 1
74481 38.722000 -10.851000 3.484000 1
74494 38.507000 -10.045000 3.153000 1
75408 37.387000 -9.519000 8.076000 1
75443 37.858000 -9.606000 7.520000 1
75459 38.473000 -9.750000 6.454000 1
75477 38.592000 -9.469000 4.656000 1
75493 38.536000 -9.358000 3.718000 1
75508 38.439000 -9.253000 2.771000 1
76364 37.184000 -8.743000 8.224000 1
76386 38.205000 -9.268000 7.018000 1
76411 38.515000 -8.753000 5.208000 1
76421 38.553000 -8.655000 4.279000 1
77253 37.052000 -7.459000 8.206000 1
77275 37.568000 -7.327000 7.567000 1
77298 38.407000 -7.281000 6.094000 1
77299 38.063000 -7.294000 6.848000 1
77317 38.594000 -7.943000 4.820000 1
78120 37.150000 -6.513000 8.020000 1
78157 38.259000 -6.553000 6.439000 1
78158 37.787000 -6.534000 7.201000 1
131000 36.594000 -19.277000 2.215000 1
131292 38.675000 -10.189000 4.098000 1
131508 36.713000 -9.332000 8.604000 1
132025 37.740000 -8.834000 7.565000 1
132365 39.709000 -13.957000 2.865000 1
132507 38.461000 -10.693000 2.573000 1
134239 38.301000 -9.933000 2.206000 1
135552 38.654000 -7.842000 3.916000 1
135811 38.383000 -8.848000 6.208000 1
137177 36.967000 -8.130000 8.335000 1
137259 37.423000 -8.093000 7.874000 1
137803 39.681000 -16.048000 3.803000 1
138146 39.621000 -13.134000 3.997000 1
139609 38.363000 -12.025000 1.531000 1
139708 37.897000 -8.026000 7.234000 1
140409 38.592000 -9.572000 5.598000 1
148532 38.479000 -8.015000 5.699000 1
148764 38.634000 -7.686000 2.886000 1
150284 38.679000 -11.936000 2.305000 1
153610 37.927000 -12.961000 7.133000 1
155073 38.294000 -18.473000 3.487000 1
155215 39.237000 -13.075000 5.741000 1
156316 38.251000 -8.011000 6.514000 1
156628 38.154000 -8.589000 6.940000 1
157208 37.601000 -18.784000 3.287000 1
