# sub-05 hemi-L CSvsAllnoletterstring_scaled Cluster_6
38
10260 -30.538000 -73.903000 -5.444000 1
11046 -31.145000 -72.328000 -4.644000 1
11047 -30.931000 -73.131000 -4.889000 1
11060 -30.178000 -72.866000 -5.559000 1
11972 -30.625000 -72.215000 -5.136000 1
11973 -31.614000 -71.912000 -4.239000 1
11982 -29.769000 -72.617000 -6.365000 1
11983 -30.145000 -71.995000 -5.869000 1
11997 -29.687000 -72.564000 -7.234000 1
11998 -29.998000 -71.942000 -6.701000 1
12016 -29.716000 -72.656000 -8.102000 1
12036 -30.404000 -72.284000 -8.583000 1
12037 -31.502000 -72.037000 -8.711000 1
12038 -32.576000 -72.156000 -8.654000 1
12057 -33.155000 -72.688000 -9.244000 1
12058 -34.039000 -73.013000 -9.014000 1
12868 -31.150000 -71.661000 -4.794000 1
12869 -31.787000 -71.116000 -4.446000 1
12879 -30.785000 -71.499000 -5.486000 1
12880 -31.329000 -71.107000 -5.127000 1
12892 -30.575000 -71.460000 -6.252000 1
12893 -31.337000 -70.981000 -5.857000 1
12894 -32.796000 -70.922000 -6.591000 1
12908 -30.600000 -71.536000 -7.070000 1
12909 -31.466000 -71.372000 -7.265000 1
12910 -32.416000 -71.346000 -7.299000 1
12923 -30.100000 -72.035000 -7.594000 1
12924 -30.921000 -71.699000 -7.916000 1
12925 -31.963000 -71.666000 -8.004000 1
12926 -32.979000 -71.812000 -7.961000 1
13791 -31.881000 -70.707000 -5.144000 1
13792 -32.341000 -70.639000 -4.546000 1
13804 -32.675000 -70.442000 -5.084000 1
13815 -32.232000 -70.664000 -5.834000 1
135504 -31.867000 -71.015000 -6.585000 1
145186 -31.138000 -71.220000 -6.611000 1
150261 -31.823000 -73.859000 -4.700000 1
155070 -31.173000 -73.880000 -5.042000 1
