# sub-05 hemi-L FacesvsAllnoFace_scaled Cluster_26
48
42993 -35.268000 -41.415000 -1.475000 1
43006 -34.525000 -41.488000 -1.905000 1
43970 -34.765000 -40.751000 -1.647000 1
43971 -35.661000 -40.610000 -1.134000 1
43984 -33.731000 -40.696000 -2.801000 1
44960 -37.000000 -39.285000 -0.718000 1
44970 -34.190000 -40.105000 -2.132000 1
44971 -34.900000 -39.051000 -0.988000 1
44982 -34.228000 -38.660000 -1.637000 1
45902 -35.712000 -38.920000 -0.616000 1
45903 -36.551000 -38.732000 -0.597000 1
45904 -37.290000 -38.675000 -0.846000 1
45911 -34.042000 -37.832000 -1.642000 1
45912 -34.625000 -38.175000 -1.065000 1
45913 -37.888000 -38.671000 -1.420000 1
45914 -38.356000 -38.671000 -2.092000 1
45924 -33.634000 -38.291000 -2.304000 1
45925 -38.512000 -38.545000 -2.901000 1
46842 -35.123000 -37.672000 -0.697000 1
46843 -35.706000 -37.176000 -0.566000 1
46844 -36.399000 -37.413000 -0.576000 1
46845 -37.006000 -37.167000 -0.741000 1
46854 -34.010000 -37.164000 -1.623000 1
46855 -34.492000 -37.399000 -1.132000 1
46864 -33.546000 -37.305000 -2.261000 1
47897 -33.819000 -36.583000 -1.828000 1
47904 -33.395000 -36.420000 -2.484000 1
48902 -34.794000 -35.980000 -0.884000 1
48903 -35.691000 -35.408000 -0.737000 1
48911 -33.755000 -35.837000 -1.965000 1
48912 -34.334000 -35.449000 -1.434000 1
48920 -33.875000 -35.004000 -2.009000 1
49831 -34.161000 -34.133000 -2.073000 1
132658 -38.582000 -39.893000 -3.560000 1
133535 -35.920000 -38.043000 -0.511000 1
134881 -34.179000 -36.103000 -1.456000 1
135133 -38.561000 -39.077000 -3.375000 1
136408 -34.959000 -42.156000 -1.653000 1
137187 -34.223000 -40.893000 -2.225000 1
138360 -38.565000 -40.865000 -3.394000 1
139638 -34.922000 -39.950000 -1.354000 1
141034 -38.501000 -37.690000 -3.166000 1
142227 -36.844000 -37.967000 -0.643000 1
145169 -37.538000 -37.764000 -1.096000 1
145382 -35.665000 -42.028000 -1.423000 1
149400 -38.387000 -38.005000 -2.481000 1
150136 -33.866000 -39.199000 -2.276000 1
155263 -34.411000 -39.402000 -1.658000 1
