# sub-05 hemi-L LimbsvsAllnoLimbsnoCS_scaled Cluster_17
33
23944 -42.114000 -60.459000 -11.879000 1
23956 -42.289000 -60.866000 -13.387000 1
24949 -42.017000 -59.418000 -11.615000 1
24950 -42.325000 -59.933000 -12.770000 1
25912 -40.783000 -58.261000 -9.229000 1
25913 -41.262000 -58.601000 -9.928000 1
25923 -41.626000 -59.354000 -10.275000 1
25931 -42.231000 -58.992000 -13.255000 1
25938 -41.977000 -57.835000 -13.706000 1
26922 -40.253000 -57.470000 -8.958000 1
26935 -40.601000 -57.514000 -9.637000 1
26936 -41.028000 -57.871000 -10.131000 1
26947 -40.708000 -57.124000 -10.403000 1
26948 -41.150000 -57.485000 -10.996000 1
26958 -41.429000 -57.404000 -12.347000 1
28043 -39.677000 -56.670000 -8.811000 1
28044 -40.253000 -56.851000 -9.664000 1
28056 -39.812000 -56.094000 -9.734000 1
28066 -39.822000 -55.602000 -10.574000 1
28067 -40.328000 -56.222000 -10.787000 1
28068 -40.889000 -56.724000 -11.604000 1
28077 -40.593000 -55.768000 -12.346000 1
28078 -41.178000 -56.277000 -13.116000 1
28086 -41.114000 -55.410000 -13.408000 1
29031 -39.397000 -55.359000 -9.918000 1
29040 -39.568000 -54.920000 -10.969000 1
29041 -40.047000 -55.311000 -11.666000 1
29046 -39.838000 -54.463000 -12.192000 1
29047 -40.459000 -54.845000 -12.848000 1
29997 -39.075000 -54.602000 -10.237000 1
30006 -39.318000 -54.100000 -11.370000 1
139283 -41.518000 -58.345000 -10.986000 1
155176 -41.812000 -58.399000 -12.313000 1
