# sub-05 hemi-L CSvsAllnoletterstring_scaled Cluster_4
117
8725 -20.156000 -76.278000 -9.792000 1
9472 -19.072000 -75.017000 -7.716000 1
9473 -19.782000 -74.600000 -7.702000 1
9484 -19.285000 -75.654000 -8.215000 1
9485 -20.007000 -75.246000 -8.242000 1
9486 -20.926000 -74.956000 -8.761000 1
9494 -20.540000 -75.644000 -9.266000 1
9495 -21.285000 -75.277000 -9.710000 1
9505 -20.903000 -75.906000 -10.225000 1
9507 -22.299000 -74.778000 -10.615000 1
9517 -21.744000 -75.692000 -11.562000 1
9529 -22.323000 -75.301000 -12.117000 1
10283 -19.325000 -74.268000 -7.595000 1
10284 -20.045000 -73.944000 -7.475000 1
10285 -20.869000 -73.669000 -7.632000 1
10299 -20.502000 -74.468000 -7.913000 1
10300 -21.370000 -74.220000 -8.357000 1
10301 -22.261000 -73.868000 -8.954000 1
10314 -21.679000 -74.616000 -9.291000 1
10326 -22.335000 -74.343000 -9.891000 1
10339 -22.719000 -74.594000 -11.183000 1
10340 -23.278000 -74.166000 -11.522000 1
10355 -22.828000 -74.704000 -11.873000 1
10356 -23.423000 -74.167000 -12.357000 1
11082 -19.575000 -73.584000 -7.538000 1
11083 -20.321000 -73.061000 -7.425000 1
11102 -22.566000 -73.123000 -8.453000 1
11103 -23.208000 -72.910000 -8.801000 1
11118 -23.572000 -73.004000 -9.535000 1
11119 -24.140000 -72.949000 -10.243000 1
11138 -24.967000 -72.803000 -10.638000 1
12011 -20.147000 -72.350000 -7.585000 1
12012 -20.913000 -72.214000 -7.451000 1
12013 -21.749000 -72.090000 -7.506000 1
12014 -22.483000 -72.080000 -7.696000 1
12031 -19.404000 -72.497000 -8.037000 1
12033 -23.799000 -71.887000 -8.296000 1
12034 -24.622000 -72.000000 -8.710000 1
12050 -23.831000 -72.485000 -8.792000 1
12088 -26.126000 -72.619000 -10.796000 1
12089 -26.914000 -72.616000 -11.435000 1
12090 -27.596000 -72.307000 -10.962000 1
12117 -19.259000 -72.325000 -12.957000 1
12130 -19.030000 -71.817000 -13.544000 1
12904 -20.629000 -71.598000 -7.729000 1
12905 -21.507000 -71.352000 -7.608000 1
12906 -22.348000 -71.478000 -7.609000 1
12918 -19.960000 -71.821000 -8.015000 1
12919 -20.339000 -71.183000 -8.603000 1
12921 -24.410000 -71.370000 -8.397000 1
12931 -19.646000 -71.843000 -8.797000 1
12932 -19.995000 -71.413000 -9.564000 1
12941 -19.693000 -72.189000 -11.004000 1
12942 -20.092000 -71.506000 -10.556000 1
12950 -19.682000 -72.285000 -11.790000 1
12951 -20.151000 -71.649000 -11.635000 1
12963 -19.774000 -72.025000 -12.402000 1
12964 -20.296000 -71.410000 -12.522000 1
12980 -19.800000 -71.683000 -13.082000 1
12981 -20.358000 -71.126000 -13.237000 1
12993 -19.074000 -70.749000 -14.561000 1
12994 -19.665000 -71.154000 -13.795000 1
13035 -17.705000 -71.397000 -21.219000 1
13821 -21.774000 -70.487000 -7.976000 1
13822 -22.249000 -70.870000 -7.671000 1
13826 -21.441000 -70.179000 -8.674000 1
13827 -22.657000 -70.251000 -8.118000 1
13828 -24.163000 -70.769000 -8.287000 1
13834 -20.525000 -70.799000 -9.852000 1
13835 -21.159000 -70.074000 -9.561000 1
13844 -20.547000 -70.953000 -11.028000 1
13845 -20.954000 -70.223000 -10.550000 1
13857 -20.640000 -70.952000 -11.927000 1
13858 -20.879000 -70.420000 -11.383000 1
13866 -20.757000 -70.774000 -12.735000 1
13867 -21.052000 -70.226000 -12.092000 1
13883 -20.830000 -70.628000 -13.511000 1
13896 -20.121000 -70.759000 -14.437000 1
13910 -18.480000 -70.600000 -15.288000 1
13911 -19.397000 -70.507000 -15.200000 1
13924 -18.753000 -70.225000 -15.944000 1
13933 -18.982000 -70.254000 -16.759000 1
13945 -16.083000 -71.057000 -19.281000 1
13946 -17.318000 -70.779000 -18.968000 1
13947 -18.311000 -70.757000 -18.645000 1
13965 -17.938000 -71.211000 -19.849000 1
14774 -22.634000 -69.612000 -8.831000 1
14775 -23.425000 -69.850000 -8.633000 1
14776 -24.192000 -70.194000 -8.619000 1
14792 -21.890000 -69.566000 -9.282000 1
14793 -22.586000 -69.293000 -9.526000 1
14794 -23.314000 -69.409000 -9.316000 1
14795 -24.123000 -69.699000 -9.106000 1
14811 -21.498000 -69.539000 -10.209000 1
14812 -22.139000 -69.117000 -10.103000 1
14813 -23.035000 -68.970000 -10.184000 1
14834 -21.286000 -69.615000 -11.223000 1
15823 -21.751000 -69.058000 -10.758000 1
134666 -24.817000 -70.693000 -8.572000 1
134864 -19.721000 -70.497000 -15.973000 1
136509 -22.970000 -74.112000 -10.641000 1
140187 -19.702000 -72.960000 -7.536000 1
142099 -20.133000 -70.826000 -16.801000 1
142277 -26.946000 -72.401000 -10.646000 1
142927 -23.961000 -69.341000 -9.850000 1
144387 -24.693000 -69.666000 -9.574000 1
145414 -20.852000 -70.523000 -8.885000 1
147698 -25.340000 -69.535000 -10.648000 1
148285 -24.695000 -69.446000 -10.307000 1
148291 -18.690000 -70.458000 -17.704000 1
149651 -21.029000 -70.794000 -8.079000 1
150152 -18.236000 -70.206000 -17.233000 1
151013 -22.029000 -69.899000 -8.497000 1
152786 -22.910000 -73.332000 -9.114000 1
153002 -18.186000 -70.193000 -16.619000 1
153567 -20.670000 -70.834000 -16.260000 1
157863 -18.561000 -70.894000 -14.712000 1
