# sub-05 hemi-L RWvsSC_scaled Cluster_15
23
19933 -40.640000 -63.948000 -11.090000 1
20908 -36.829000 -63.110000 -9.550000 1
20909 -37.494000 -63.481000 -9.896000 1
20910 -38.045000 -63.868000 -10.197000 1
20926 -38.021000 -63.264000 -10.427000 1
20927 -38.492000 -63.615000 -10.675000 1
20928 -39.187000 -63.634000 -11.119000 1
20929 -40.065000 -63.631000 -11.555000 1
20930 -40.836000 -63.575000 -11.745000 1
21907 -34.629000 -61.724000 -9.297000 1
21908 -35.886000 -61.708000 -9.337000 1
21909 -36.665000 -62.457000 -9.419000 1
21910 -37.439000 -62.755000 -9.878000 1
21926 -38.662000 -63.173000 -10.830000 1
22899 -33.935000 -61.709000 -9.490000 1
22900 -34.473000 -61.132000 -9.884000 1
22901 -35.461000 -60.822000 -9.653000 1
22919 -33.603000 -61.588000 -10.051000 1
22920 -34.268000 -60.890000 -10.592000 1
22932 -34.145000 -60.917000 -11.529000 1
23930 -35.389000 -60.274000 -10.283000 1
23953 -34.893000 -60.253000 -11.115000 1
23965 -34.773000 -60.413000 -12.038000 1
