# sub-05 hemi-L CSvsAllnoletterstring_scaled Cluster_3
40
8024 -29.316000 -77.006000 -10.602000 1
8034 -27.963000 -77.047000 -11.731000 1
8035 -29.033000 -77.394000 -11.255000 1
8735 -28.670000 -76.210000 -10.467000 1
8744 -27.761000 -76.232000 -11.759000 1
8745 -28.351000 -76.587000 -11.126000 1
8758 -26.569000 -76.821000 -13.561000 1
8766 -26.157000 -76.809000 -14.223000 1
8793 -25.415000 -76.498000 -16.348000 1
8794 -26.340000 -76.140000 -16.239000 1
8795 -27.362000 -76.095000 -16.751000 1
8796 -28.360000 -76.260000 -17.194000 1
8810 -25.681000 -76.505000 -17.713000 1
8811 -26.583000 -76.466000 -17.949000 1
9508 -28.532000 -75.425000 -10.484000 1
9519 -28.034000 -75.619000 -11.851000 1
9520 -28.152000 -75.809000 -11.096000 1
9531 -28.111000 -75.475000 -12.689000 1
9542 -26.543000 -76.345000 -14.113000 1
9544 -28.979000 -75.190000 -12.848000 1
9557 -27.144000 -75.802000 -14.183000 1
9558 -28.109000 -75.554000 -14.444000 1
9574 -26.698000 -75.960000 -14.822000 1
9575 -27.559000 -75.703000 -15.132000 1
9576 -28.568000 -75.706000 -15.499000 1
9589 -27.008000 -75.869000 -15.731000 1
9590 -27.978000 -75.880000 -16.153000 1
9591 -28.970000 -76.049000 -16.511000 1
10328 -28.727000 -74.846000 -10.469000 1
10341 -28.519000 -75.098000 -11.197000 1
10357 -28.628000 -75.141000 -12.092000 1
10358 -29.453000 -74.857000 -12.414000 1
11158 -29.139000 -74.415000 -10.894000 1
133272 -28.804000 -75.394000 -13.679000 1
136143 -26.038000 -76.311000 -17.066000 1
138595 -25.709000 -76.498000 -15.412000 1
147259 -26.799000 -76.257000 -17.185000 1
153205 -29.051000 -74.728000 -11.688000 1
153653 -26.326000 -76.125000 -15.352000 1
158144 -25.495000 -76.448000 -17.043000 1
