# sub-05 hemi-L CSvsAllnoletterstring_scaled Cluster_47
27
68916 -45.384000 -14.435000 -8.417000 1
68928 -44.594000 -14.897000 -9.940000 1
68929 -45.020000 -14.317000 -9.302000 1
69901 -43.909000 -13.253000 -5.163000 1
69902 -44.758000 -13.430000 -5.428000 1
69933 -45.481000 -13.144000 -7.623000 1
69945 -45.301000 -13.583000 -8.628000 1
69958 -44.904000 -13.686000 -9.475000 1
70821 -43.415000 -12.533000 -5.544000 1
70822 -44.310000 -12.555000 -5.590000 1
70839 -44.644000 -11.919000 -6.126000 1
70840 -45.194000 -12.098000 -6.644000 1
70853 -45.384000 -12.315000 -7.401000 1
70866 -44.923000 -11.944000 -9.138000 1
70867 -45.307000 -12.615000 -8.341000 1
70878 -45.002000 -12.972000 -9.252000 1
71685 -42.981000 -11.822000 -5.886000 1
71686 -43.860000 -11.790000 -5.833000 1
71702 -43.412000 -11.115000 -6.158000 1
71704 -44.892000 -11.495000 -6.681000 1
71720 -45.170000 -11.565000 -7.289000 1
71731 -45.241000 -11.766000 -8.076000 1
72629 -43.720000 -10.397000 -6.508000 1
72630 -44.381000 -10.293000 -7.004000 1
149572 -45.507000 -13.867000 -7.791000 1
150798 -44.658000 -12.607000 -9.785000 1
157217 -43.035000 -10.547000 -6.335000 1
