# sub-05 hemi-R LimbsvsAllnoLimbs_scaled Cluster_14
46
8215 36.776000 -77.158000 2.950000 1
9081 37.602000 -76.353000 3.146000 1
9094 37.797000 -75.730000 2.316000 1
9095 37.146000 -76.343000 2.163000 1
9112 37.368000 -75.757000 1.932000 1
9857 38.714000 -74.818000 2.705000 1
9873 38.287000 -75.221000 2.311000 1
9889 38.429000 -74.619000 2.100000 1
9890 37.841000 -75.188000 1.863000 1
9891 37.273000 -75.559000 1.882000 1
10739 39.274000 -74.229000 3.177000 1
10754 39.030000 -74.099000 2.274000 1
10770 38.667000 -74.066000 2.034000 1
10771 38.103000 -74.466000 1.905000 1
10772 37.408000 -74.938000 1.905000 1
11651 40.310000 -73.059000 3.931000 1
11685 40.214000 -72.660000 3.121000 1
11686 39.536000 -73.388000 2.647000 1
11687 38.700000 -72.714000 2.388000 1
11688 37.049000 -73.289000 2.745000 1
11704 39.076000 -73.451000 2.160000 1
11705 38.266000 -73.577000 2.126000 1
11706 37.522000 -74.132000 2.158000 1
12659 41.006000 -72.529000 5.631000 1
12672 41.471000 -72.118000 5.394000 1
12673 40.853000 -72.538000 4.687000 1
12683 41.142000 -72.028000 4.461000 1
12684 40.677000 -72.374000 3.875000 1
12696 39.491000 -72.662000 2.547000 1
12697 37.053000 -72.394000 3.253000 1
12698 36.352000 -72.713000 3.454000 1
13578 41.428000 -71.835000 5.043000 1
13579 41.055000 -71.673000 4.524000 1
13580 40.191000 -71.366000 4.207000 1
13590 40.601000 -71.993000 3.653000 1
13591 39.545000 -71.600000 3.543000 1
13592 38.248000 -71.556000 3.582000 1
13593 37.009000 -71.663000 3.833000 1
13604 39.904000 -72.117000 2.981000 1
13605 39.075000 -72.031000 2.821000 1
13606 37.994000 -72.103000 2.985000 1
14404 37.446000 -71.174000 4.465000 1
145575 41.363000 -72.400000 6.332000 1
149508 39.833000 -73.447000 3.351000 1
153089 37.810000 -72.748000 2.612000 1
153676 39.373000 -71.206000 4.221000 1
