# sub-05 hemi-R CSvsAllnoletterstring_scaled Cluster_32
18
41723 44.612000 -43.795000 12.829000 1
41733 44.013000 -42.897000 12.542000 1
42803 43.854000 -42.023000 12.023000 1
43905 44.819000 -41.839000 13.659000 1
43912 44.296000 -41.437000 12.095000 1
43913 43.686000 -41.294000 11.366000 1
43921 44.237000 -40.824000 11.505000 1
43934 43.300000 -41.071000 10.544000 1
43935 42.634000 -41.554000 10.335000 1
44941 44.824000 -40.948000 13.674000 1
44942 44.602000 -40.915000 12.814000 1
44951 44.851000 -40.199000 13.154000 1
44963 43.975000 -40.683000 10.868000 1
44976 44.412000 -40.178000 10.523000 1
45958 46.354000 -39.337000 10.612000 1
45960 44.975000 -39.751000 10.204000 1
45966 45.749000 -39.598000 9.897000 1
150330 44.847000 -44.610000 12.834000 1
