# sub-05 hemi-L RWvsAllnoletterstring_scaled Cluster_13
12
16991 -23.771000 -66.997000 -19.647000 1
16992 -24.294000 -67.371000 -19.577000 1
18019 -23.739000 -66.474000 -19.384000 1
18972 -24.590000 -65.928000 -17.402000 1
18973 -24.818000 -65.325000 -17.934000 1
18983 -23.859000 -65.624000 -19.162000 1
19984 -25.440000 -65.135000 -17.251000 1
19985 -26.173000 -64.898000 -16.605000 1
19997 -25.505000 -64.634000 -18.233000 1
19998 -26.225000 -64.460000 -18.016000 1
132351 -23.730000 -67.250000 -20.598000 1
134106 -24.314000 -65.861000 -18.158000 1
