# sub-05 hemi-R LimbsvsAllnoLimbsnoCS_scaled Cluster_33
73
30451 33.606000 -54.539000 11.487000 1
30465 33.831000 -54.244000 10.609000 1
31512 33.321000 -53.707000 11.122000 1
31513 32.821000 -53.155000 11.689000 1
31533 33.677000 -53.393000 10.253000 1
32640 33.174000 -52.822000 10.889000 1
32641 32.714000 -52.264000 11.520000 1
32649 33.599000 -52.526000 10.171000 1
33742 32.264000 -51.054000 12.846000 1
33755 33.181000 -51.821000 10.777000 1
33763 33.456000 -50.996000 10.387000 1
33774 34.355000 -51.488000 9.374000 1
33775 33.926000 -50.927000 9.736000 1
34737 32.451000 -50.455000 13.548000 1
34748 32.604000 -50.241000 12.708000 1
34759 32.972000 -50.236000 11.452000 1
34760 32.841000 -49.895000 12.023000 1
34766 33.300000 -50.252000 10.791000 1
34773 34.170000 -50.242000 9.550000 1
34774 33.670000 -50.293000 10.074000 1
35744 34.465000 -49.020000 13.943000 1
35745 33.381000 -49.198000 12.958000 1
35746 32.903000 -49.761000 13.308000 1
35760 33.255000 -49.220000 12.169000 1
35761 32.957000 -49.659000 12.628000 1
35767 33.276000 -49.485000 11.331000 1
35770 33.577000 -49.588000 10.436000 1
35774 34.348000 -49.509000 9.438000 1
35775 33.872000 -49.720000 9.855000 1
36719 38.167000 -48.149000 12.249000 1
36720 36.346000 -47.914000 12.843000 1
36721 35.325000 -47.921000 12.892000 1
36725 34.130000 -47.976000 11.965000 1
36726 33.603000 -48.630000 11.626000 1
36730 34.111000 -48.165000 10.236000 1
36731 33.655000 -48.773000 10.759000 1
36733 33.901000 -49.015000 9.973000 1
36745 34.511000 -48.555000 9.359000 1
37734 37.920000 -47.361000 12.128000 1
37735 36.868000 -47.241000 12.288000 1
37736 35.825000 -47.287000 12.402000 1
37737 34.873000 -47.486000 12.263000 1
37740 35.389000 -46.818000 11.697000 1
37741 34.579000 -47.343000 11.448000 1
37742 33.988000 -47.993000 11.079000 1
37746 34.477000 -47.319000 10.518000 1
37751 34.549000 -47.575000 9.675000 1
38710 37.431000 -46.680000 11.963000 1
38711 36.320000 -46.727000 11.953000 1
38714 36.074000 -46.263000 11.384000 1
38715 34.934000 -46.740000 10.930000 1
38718 35.353000 -46.324000 10.438000 1
38719 34.897000 -46.728000 10.288000 1
38724 35.274000 -46.426000 9.713000 1
38725 34.748000 -46.956000 9.875000 1
39661 37.786000 -45.927000 11.751000 1
39666 37.303000 -45.469000 11.268000 1
39667 36.561000 -45.683000 11.037000 1
39668 35.900000 -45.923000 10.694000 1
39675 35.761000 -45.807000 9.929000 1
40715 37.579000 -44.801000 10.849000 1
132169 33.551000 -49.350000 13.824000 1
138061 32.387000 -51.667000 12.174000 1
139986 32.588000 -50.744000 11.957000 1
141771 33.011000 -50.911000 11.139000 1
142836 37.342000 -48.024000 12.572000 1
144617 33.728000 -51.704000 9.948000 1
144987 36.907000 -46.236000 11.607000 1
152156 32.721000 -51.477000 11.500000 1
152758 34.219000 -52.409000 9.517000 1
153596 33.880000 -52.944000 9.824000 1
154272 35.492000 -46.380000 11.057000 1
157194 36.893000 -46.728000 11.966000 1
