# sub-05 hemi-R LimbsvsAllnoLimbsnoCS_scaled Cluster_35
25
30682 36.740000 -54.126000 -6.538000 1
31748 35.849000 -53.533000 -6.025000 1
31764 36.069000 -52.552000 -6.661000 1
32890 35.928000 -51.585000 -6.818000 1
33998 35.510000 -50.738000 -6.562000 1
34007 36.395000 -50.435000 -7.304000 1
34992 36.220000 -49.658000 -7.106000 1
34993 35.266000 -49.949000 -6.325000 1
35976 36.018000 -48.922000 -6.858000 1
35977 34.885000 -49.201000 -5.911000 1
36927 34.691000 -48.222000 -5.735000 1
36936 35.784000 -48.039000 -6.571000 1
37950 35.601000 -47.067000 -6.309000 1
38906 36.467000 -45.610000 -5.975000 1
38913 36.438000 -46.798000 -6.311000 1
38914 36.405000 -46.126000 -6.228000 1
38915 36.055000 -45.994000 -6.335000 1
39875 36.108000 -45.050000 -5.744000 1
135974 36.311000 -45.641000 -6.104000 1
136538 36.780000 -52.994000 -7.109000 1
137554 37.425000 -54.608000 -6.980000 1
138661 36.306000 -46.562000 -6.380000 1
145259 34.890000 -46.572000 -5.784000 1
145966 36.064000 -45.354000 -6.093000 1
152948 35.906000 -44.341000 -5.519000 1
