# sub-05 hemi-R LimbsvsAllnoLimbs_scaled Cluster_40
29
29415 35.952000 -55.193000 19.566000 1
29416 34.976000 -55.340000 19.473000 1
30370 36.910000 -54.326000 19.669000 1
30371 34.454000 -54.727000 19.567000 1
31413 38.769000 -53.805000 19.419000 1
31414 36.907000 -53.526000 19.536000 1
31415 36.152000 -53.434000 19.555000 1
31416 35.311000 -53.617000 19.614000 1
31433 38.961000 -52.992000 19.105000 1
32518 36.540000 -52.724000 19.240000 1
32536 37.255000 -52.440000 18.868000 1
33633 37.448000 -51.909000 18.218000 1
33649 37.917000 -51.671000 17.425000 1
33672 37.532000 -51.493000 16.517000 1
33673 36.649000 -51.246000 16.737000 1
33674 35.760000 -51.020000 17.077000 1
33692 39.025000 -51.473000 15.755000 1
132499 38.296000 -51.583000 16.063000 1
135895 36.520000 -53.880000 19.640000 1
137648 37.778000 -53.890000 19.575000 1
138190 35.195000 -54.505000 19.648000 1
142902 36.082000 -54.245000 19.680000 1
142999 39.059000 -51.795000 14.880000 1
146570 38.131000 -52.529000 18.786000 1
148020 37.485000 -53.020000 19.288000 1
149785 37.106000 -51.543000 17.376000 1
150235 36.622000 -52.076000 18.629000 1
151521 38.231000 -53.234000 19.288000 1
155186 36.481000 -54.756000 19.652000 1
