# sub-05 hemi-R LimbsvsAllnoLimbsnoCS_scaled Cluster_5
42
3708 28.439000 -84.307000 29.012000 1
3709 27.986000 -84.297000 29.261000 1
3722 28.529000 -84.168000 28.636000 1
3723 28.107000 -83.978000 28.747000 1
4330 28.957000 -84.071000 28.052000 1
4339 30.223000 -83.278000 26.630000 1
4340 29.539000 -83.376000 26.732000 1
4341 29.113000 -83.563000 27.482000 1
4354 30.665000 -82.996000 26.217000 1
4355 30.126000 -83.285000 26.028000 1
4356 29.837000 -83.364000 26.204000 1
4367 30.625000 -83.030000 25.533000 1
4368 30.419000 -83.007000 25.020000 1
4378 31.868000 -82.763000 23.807000 1
4379 31.164000 -82.953000 24.592000 1
4380 30.705000 -83.124000 24.310000 1
4393 32.380000 -82.827000 22.769000 1
4394 31.870000 -83.229000 23.053000 1
4407 32.154000 -83.392000 22.354000 1
5022 31.193000 -82.486000 26.836000 1
5031 32.389000 -81.284000 26.024000 1
5032 31.465000 -82.281000 26.158000 1
5033 29.971000 -83.227000 25.637000 1
5043 32.634000 -81.189000 25.186000 1
5044 31.709000 -82.220000 25.325000 1
5045 30.154000 -82.884000 24.961000 1
5056 32.170000 -82.086000 24.507000 1
5067 32.579000 -81.901000 23.694000 1
5082 32.729000 -82.055000 22.996000 1
5083 32.470000 -82.340000 22.369000 1
5724 33.103000 -80.458000 26.640000 1
5730 33.182000 -80.485000 25.795000 1
5738 33.048000 -80.904000 24.338000 1
5749 33.402000 -80.164000 23.991000 1
5750 33.035000 -80.896000 23.379000 1
6403 33.131000 -79.809000 23.468000 1
132475 31.752000 -83.601000 22.558000 1
134925 31.255000 -83.158000 23.765000 1
140051 33.306000 -80.421000 25.089000 1
143681 32.751000 -81.347000 22.755000 1
147567 28.555000 -83.820000 28.178000 1
153116 32.367000 -82.626000 23.215000 1
