# sub-05 hemi-R FacesvsAllnoFacenoCS_scaled Cluster_15
29
10945 27.850000 -74.402000 -12.154000 1
11920 23.031000 -73.476000 -10.523000 1
11921 22.047000 -73.319000 -10.492000 1
11933 27.181000 -73.702000 -11.652000 1
11934 26.374000 -73.395000 -11.763000 1
11936 23.356000 -73.480000 -11.430000 1
11937 22.482000 -73.335000 -11.380000 1
11950 27.717000 -73.781000 -12.758000 1
11951 26.832000 -73.389000 -12.826000 1
11952 25.134000 -73.336000 -13.029000 1
11954 23.565000 -73.257000 -13.140000 1
11955 22.499000 -73.004000 -13.311000 1
11969 27.502000 -73.355000 -13.530000 1
11970 26.596000 -73.118000 -13.885000 1
11971 24.985000 -73.129000 -14.031000 1
11972 23.099000 -72.865000 -14.197000 1
11988 25.279000 -72.772000 -14.613000 1
12855 21.128000 -72.931000 -10.804000 1
12865 20.977000 -72.768000 -11.800000 1
12879 21.613000 -72.702000 -13.497000 1
133605 22.902000 -73.317000 -12.263000 1
142205 21.694000 -73.123000 -11.344000 1
142228 25.909000 -73.192000 -13.492000 1
145053 21.859000 -73.022000 -12.334000 1
146642 25.771000 -73.000000 -14.189000 1
148522 25.954000 -73.289000 -12.604000 1
149798 23.664000 -73.443000 -12.169000 1
149923 24.033000 -73.064000 -14.110000 1
150974 24.407000 -73.275000 -13.401000 1
