# sub-05 hemi-R LimbsvsAllnoLimbs_scaled Cluster_48
45
41900 35.342000 -43.529000 -0.649000 1
41921 34.983000 -43.391000 -2.902000 1
42965 35.543000 -42.762000 -0.722000 1
42977 38.197000 -42.400000 -1.912000 1
42996 35.188000 -41.970000 -2.296000 1
42997 35.025000 -42.795000 -2.633000 1
43018 35.399000 -42.237000 -3.555000 1
43019 35.456000 -43.014000 -3.781000 1
44076 36.407000 -41.919000 -0.831000 1
44077 35.727000 -41.927000 -0.889000 1
44095 37.616000 -41.554000 -1.494000 1
44096 36.794000 -41.212000 -1.129000 1
44097 35.986000 -41.113000 -1.169000 1
44098 35.515000 -41.392000 -1.618000 1
44113 38.133000 -41.414000 -1.903000 1
44132 35.541000 -41.715000 -4.415000 1
45146 37.430000 -40.609000 -1.594000 1
45147 36.453000 -40.417000 -1.499000 1
45148 35.751000 -40.357000 -1.987000 1
45160 38.388000 -40.626000 -2.294000 1
45161 37.651000 -39.888000 -1.999000 1
45194 35.470000 -41.140000 -4.956000 1
46156 38.995000 -39.928000 -2.952000 1
46157 38.165000 -39.473000 -2.548000 1
46175 38.663000 -38.835000 -3.343000 1
46176 35.608000 -39.195000 -4.823000 1
47074 37.799000 -38.673000 -3.137000 1
47075 37.038000 -38.629000 -3.048000 1
47076 36.397000 -38.800000 -3.196000 1
47092 37.595000 -37.885000 -4.192000 1
47093 36.861000 -38.021000 -4.173000 1
47094 36.185000 -38.354000 -4.363000 1
47107 36.382000 -37.264000 -5.460000 1
47108 35.486000 -38.209000 -5.450000 1
48059 37.296000 -36.787000 -5.473000 1
48074 36.765000 -35.836000 -5.749000 1
48075 35.513000 -36.879000 -5.721000 1
48082 36.011000 -35.871000 -5.857000 1
49092 35.584000 -36.022000 -5.747000 1
50099 36.090000 -35.579000 -5.771000 1
50106 35.609000 -35.738000 -5.603000 1
133507 35.483000 -40.295000 -4.926000 1
148862 35.398000 -41.504000 -3.335000 1
149860 36.513000 -35.517000 -5.760000 1
151212 36.293000 -39.836000 -1.955000 1
