# sub-05 hemi-R CSvsAllNotext_scaled Cluster_3
16
4960 27.261000 -82.023000 32.953000 1
4971 28.355000 -81.432000 32.023000 1
4972 27.780000 -82.120000 32.069000 1
4978 30.001000 -81.365000 30.970000 1
4979 29.190000 -81.759000 31.161000 1
4980 28.442000 -82.081000 31.486000 1
5670 29.572000 -80.224000 32.215000 1
5671 28.847000 -80.709000 32.276000 1
5672 27.930000 -81.191000 32.595000 1
5677 30.440000 -80.577000 31.233000 1
5678 29.632000 -80.839000 31.657000 1
5679 28.892000 -81.313000 31.712000 1
6313 29.733000 -79.612000 32.423000 1
6324 30.091000 -80.051000 31.823000 1
146608 30.635000 -79.642000 31.150000 1
146880 26.722000 -83.005000 33.068000 1
