#!ascii label , from subject sub-01 vox2ras=TkReg lh ROI=LOC-words coords=white drawn-with=delineation-helper-0.1.0
62
6320  -33.771  -68.144  -11.312 0.0000000000
7083  -33.927  -67.689  -11.926 0.0000000000
7093  -34.117  -67.159  -12.438 0.0000000000
7919  -32.348  -66.314  -11.839 0.0000000000
7920  -33.090  -66.891  -12.061 0.0000000000
7934  -32.743  -66.069  -12.233 0.0000000000
7935  -33.520  -66.315  -12.533 0.0000000000
7936  -34.412  -66.669  -12.821 0.0000000000
7947  -35.195  -66.654  -13.316 0.0000000000
8843  -32.248  -65.528  -11.815 0.0000000000
8849  -33.029  -65.446  -12.427 0.0000000000
8850  -34.128  -65.729  -12.974 0.0000000000
8857  -34.414  -64.778  -13.228 0.0000000000
8858  -35.283  -65.764  -13.573 0.0000000000
9719  -33.233  -64.422  -9.831 0.0000000000
9720  -34.163  -64.664  -9.520 0.0000000000
9735  -34.798  -64.380  -10.039 0.0000000000
9736  -35.802  -64.359  -10.124 0.0000000000
9737  -36.757  -64.428  -10.103 0.0000000000
9738  -37.744  -64.490  -10.099 0.0000000000
9739  -38.680  -64.499  -10.211 0.0000000000
9749  -32.875  -64.223  -11.442 0.0000000000
9756  -32.733  -64.758  -12.082 0.0000000000
9757  -33.326  -64.129  -12.178 0.0000000000
9758  -33.959  -64.043  -12.782 0.0000000000
9770  -34.809  -63.943  -13.396 0.0000000000
9771  -35.790  -64.299  -13.964 0.0000000000
9786  -36.631  -64.656  -14.531 0.0000000000
10570  -33.368  -64.084  -10.700 0.0000000000
10571  -34.211  -63.871  -10.752 0.0000000000
10572  -35.175  -63.783  -10.705 0.0000000000
10573  -36.228  -63.856  -10.639 0.0000000000
10574  -37.256  -63.993  -10.577 0.0000000000
10584  -33.656  -63.787  -11.449 0.0000000000
10585  -34.564  -63.396  -11.554 0.0000000000
10586  -35.654  -63.271  -11.344 0.0000000000
10587  -36.763  -63.374  -11.162 0.0000000000
10588  -38.573  -63.582  -11.212 0.0000000000
10599  -33.901  -63.642  -12.170 0.0000000000
10600  -34.505  -63.326  -12.632 0.0000000000
10609  -34.948  -63.228  -13.226 0.0000000000
10610  -35.463  -63.447  -13.665 0.0000000000
10619  -36.142  -63.788  -14.184 0.0000000000
11529  -35.191  -62.844  -12.120 0.0000000000
11530  -36.247  -62.608  -11.988 0.0000000000
11531  -37.572  -62.847  -11.622 0.0000000000
11532  -38.782  -62.802  -11.844 0.0000000000
11543  -35.042  -62.863  -12.837 0.0000000000
11544  -35.620  -62.464  -12.739 0.0000000000
11546  -37.951  -62.120  -12.414 0.0000000000
11555  -35.411  -62.811  -13.354 0.0000000000
11556  -36.072  -62.910  -13.988 0.0000000000
110018  -33.134  -67.534  -11.594 0.0000000000
114319  -37.030  -62.178  -12.367 0.0000000000
114544  -33.930  -64.268  -10.170 0.0000000000
115294  -35.996  -62.327  -13.460 0.0000000000
115318  -34.864  -64.829  -9.364 0.0000000000
115788  -35.495  -64.950  -13.759 0.0000000000
116862  -38.235  -64.089  -10.635 0.0000000000
120150  -33.509  -64.746  -12.626 0.0000000000
122001  -37.701  -63.616  -11.005 0.0000000000
123819  -36.287  -65.144  -14.266 0.0000000000
