#!ascii label , from subject sub-01 vox2ras=TkReg lh ROI=mOTS-words coords=white drawn-with=delineation-helper-0.1.0
25
36673  -53.593  -35.858  -0.112 0.0000000000
36674  -54.452  -36.264  -0.314 0.0000000000
36684  -55.053  -35.994  -1.250 0.0000000000
36685  -56.130  -36.603  -2.100 0.0000000000
36694  -56.571  -36.584  -3.460 0.0000000000
37573  -52.728  -35.588  0.002 0.0000000000
37587  -53.055  -35.101  -0.776 0.0000000000
37588  -54.043  -35.460  -0.896 0.0000000000
37596  -54.569  -35.158  -1.756 0.0000000000
37597  -55.586  -35.802  -2.335 0.0000000000
37603  -56.154  -35.771  -3.561 0.0000000000
38534  -52.416  -34.307  -1.338 0.0000000000
38542  -53.463  -34.575  -1.544 0.0000000000
38543  -55.158  -34.877  -2.794 0.0000000000
38547  -54.512  -33.909  -2.850 0.0000000000
38548  -55.290  -34.267  -3.477 0.0000000000
38549  -55.964  -35.010  -4.107 0.0000000000
38558  -55.854  -34.115  -4.395 0.0000000000
39433  -54.187  -33.070  -2.919 0.0000000000
39434  -55.053  -33.489  -3.529 0.0000000000
39439  -54.846  -32.635  -3.546 0.0000000000
39440  -55.624  -33.105  -4.327 0.0000000000
115310  -54.107  -34.337  -2.162 0.0000000000
122136  -56.901  -36.569  -4.517 0.0000000000
125823  -53.414  -34.085  -2.027 0.0000000000
