# sub-03 hemi-R LimbsvsAllnoLimbs_scaled Cluster_1
31
1323 10.124000 -88.000000 18.287000 1
1342 10.369000 -87.984000 17.477000 1
1343 10.053000 -88.677000 17.886000 1
1353 12.355000 -88.656000 16.251000 1
1354 11.518000 -88.441000 16.402000 1
1355 10.811000 -88.153000 16.812000 1
1366 13.710000 -88.016000 16.024000 1
1367 12.771000 -88.008000 15.861000 1
1368 11.948000 -87.908000 15.945000 1
1652 10.487000 -87.268000 17.862000 1
1670 10.759000 -87.265000 16.890000 1
1683 11.295000 -87.673000 16.296000 1
1693 13.189000 -87.298000 15.617000 1
1694 12.297000 -87.296000 15.676000 1
1695 11.698000 -87.282000 15.907000 1
2063 11.207000 -85.806000 17.057000 1
2064 10.861000 -86.522000 17.425000 1
2075 11.150000 -86.464000 16.561000 1
2084 13.521000 -86.418000 15.483000 1
2085 12.633000 -86.714000 15.526000 1
2086 11.818000 -86.541000 15.764000 1
2547 13.202000 -85.616000 15.380000 1
2548 12.595000 -85.167000 15.564000 1
2549 11.953000 -85.164000 15.946000 1
3043 12.943000 -84.274000 15.544000 1
101594 12.570000 -86.009000 15.486000 1
106907 13.449000 -84.922000 15.362000 1
107778 11.548000 -85.796000 16.197000 1
108042 10.498000 -88.651000 17.309000 1
113935 12.067000 -85.736000 15.715000 1
120459 11.296000 -87.043000 16.203000 1
