# sub-03 hemi-L LimbsvsAllnoLimbs_scaled Cluster_3
16
5697 -43.192000 -80.769000 13.161000 1
5698 -43.928000 -81.686000 12.816000 1
5707 -43.987000 -81.289000 12.551000 1
6364 -42.705000 -79.688000 15.082000 1
6365 -43.347000 -80.546000 15.500000 1
6376 -42.414000 -79.719000 13.794000 1
6377 -43.264000 -80.761000 14.212000 1
6383 -41.896000 -79.052000 12.767000 1
6384 -42.516000 -79.796000 12.907000 1
7017 -41.950000 -78.233000 16.233000 1
7030 -41.717000 -78.401000 15.370000 1
7031 -42.322000 -78.888000 15.748000 1
7037 -41.487000 -78.551000 14.520000 1
7038 -42.064000 -79.025000 14.790000 1
7750 -41.154000 -77.980000 14.924000 1
98944 -41.754000 -79.028000 13.965000 1
