# sub-03 hemi-L LimbsvsAllnoLimbs_scaled Cluster_22
39
23568 -43.225000 -56.414000 -1.438000 1
24381 -44.346000 -55.154000 0.876000 1
24388 -42.921000 -55.390000 -0.619000 1
24389 -43.577000 -55.570000 -0.461000 1
24394 -41.973000 -55.378000 -1.837000 1
24395 -42.336000 -55.114000 -0.947000 1
24401 -42.653000 -55.882000 -1.565000 1
25117 -42.308000 -54.169000 2.134000 1
25132 -41.937000 -54.173000 1.454000 1
25133 -42.564000 -54.587000 1.318000 1
25134 -43.525000 -54.759000 1.536000 1
25141 -42.011000 -54.400000 0.671000 1
25142 -42.435000 -54.881000 0.042000 1
25144 -41.842000 -54.650000 -1.340000 1
25146 -41.329000 -53.801000 -2.340000 1
25865 -41.636000 -53.776000 1.928000 1
25873 -41.256000 -53.231000 1.660000 1
25874 -41.604000 -53.784000 1.107000 1
25881 -41.632000 -53.305000 -0.420000 1
25886 -41.779000 -52.869000 -1.492000 1
26659 -41.089000 -52.338000 1.315000 1
26660 -41.443000 -53.099000 0.558000 1
26664 -41.744000 -52.443000 -0.550000 1
27432 -40.989000 -51.285000 1.478000 1
27440 -42.069000 -51.334000 -0.639000 1
99030 -41.608000 -53.822000 -1.835000 1
99266 -44.289000 -55.881000 -0.694000 1
100357 -41.689000 -53.929000 -0.874000 1
102334 -42.062000 -51.868000 -1.452000 1
103340 -43.037000 -54.424000 2.126000 1
110414 -41.671000 -53.898000 0.167000 1
111402 -41.496000 -54.653000 -2.152000 1
112597 -43.163000 -55.121000 0.460000 1
112789 -41.542000 -52.129000 0.257000 1
112859 -41.963000 -54.521000 -0.324000 1
115282 -44.040000 -55.462000 -0.012000 1
116876 -42.009000 -53.738000 2.780000 1
116880 -42.495000 -54.760000 0.654000 1
119233 -41.195000 -54.357000 -2.477000 1
