# sub-03 hemi-R FacesvsAllnoFace_scaled Cluster_35
12
26916 47.277000 -52.956000 0.014000 1
27671 47.910000 -51.969000 0.765000 1
28415 47.333000 -51.058000 0.388000 1
28416 46.334000 -50.877000 -0.210000 1
29098 47.393000 -49.170000 1.179000 1
29104 47.987000 -50.257000 1.399000 1
29105 46.748000 -50.126000 0.268000 1
29818 46.242000 -48.200000 0.639000 1
30569 46.545000 -47.283000 0.907000 1
31304 46.888000 -46.557000 0.858000 1
102939 45.973000 -49.212000 0.193000 1
105969 46.515000 -52.012000 -0.204000 1
