# sub-03 hemi-R LimbsvsAllnoLimbs_scaled Cluster_16
59
8017 24.615000 -76.524000 6.455000 1
8025 25.484000 -76.576000 5.154000 1
8026 24.943000 -76.351000 5.717000 1
8639 24.954000 -75.214000 8.201000 1
8653 24.640000 -75.322000 7.555000 1
8664 24.591000 -75.502000 6.715000 1
8674 25.252000 -75.222000 5.505000 1
8675 24.812000 -75.719000 5.982000 1
8690 26.192000 -75.338000 4.579000 1
8691 25.668000 -75.678000 4.980000 1
9317 25.045000 -74.425000 8.373000 1
9329 24.715000 -74.682000 7.815000 1
9345 24.627000 -74.557000 7.014000 1
9357 25.327000 -74.360000 5.587000 1
9358 24.839000 -74.861000 6.180000 1
9370 25.744000 -74.829000 4.955000 1
10053 25.484000 -73.334000 9.009000 1
10054 25.089000 -73.607000 8.480000 1
10073 24.742000 -73.892000 7.651000 1
10091 25.299000 -73.013000 6.226000 1
10092 24.897000 -73.208000 6.999000 1
10102 26.066000 -73.124000 5.171000 1
10103 25.499000 -73.507000 5.651000 1
10104 24.969000 -73.891000 6.361000 1
10111 26.543000 -73.515000 4.560000 1
10112 25.862000 -73.946000 4.992000 1
10751 25.629000 -72.703000 9.241000 1
10774 24.877000 -73.020000 7.850000 1
10791 25.160000 -72.447000 7.376000 1
10803 25.298000 -72.550000 6.705000 1
10814 26.214000 -72.391000 5.439000 1
10823 26.738000 -72.639000 4.714000 1
11471 25.651000 -71.336000 9.253000 1
11487 25.496000 -71.296000 8.546000 1
11501 25.363000 -71.676000 7.822000 1
11514 26.002000 -71.409000 6.468000 1
11515 25.500000 -71.875000 6.907000 1
11526 26.352000 -71.687000 5.779000 1
11527 25.714000 -72.231000 6.140000 1
12116 25.664000 -70.704000 8.847000 1
12129 25.870000 -70.133000 8.414000 1
12140 26.008000 -70.314000 7.584000 1
12141 25.612000 -70.831000 8.051000 1
12154 27.008000 -70.254000 6.303000 1
12155 26.305000 -70.627000 6.780000 1
12156 25.732000 -71.089000 7.231000 1
12169 27.332000 -70.700000 5.617000 1
12170 26.638000 -70.989000 6.072000 1
104964 25.381000 -72.016000 8.758000 1
105627 24.581000 -76.137000 7.362000 1
105894 25.197000 -72.830000 8.586000 1
107721 25.820000 -72.000000 9.547000 1
108609 25.231000 -75.908000 5.449000 1
108937 25.116000 -72.374000 8.068000 1
110509 25.710000 -72.833000 5.704000 1
117569 26.819000 -71.859000 5.115000 1
118287 24.745000 -73.867000 6.976000 1
118479 24.818000 -75.869000 7.999000 1
119305 26.925000 -71.294000 5.504000 1
