# sub-03 hemi-R LimbsvsAllnoLimbs_scaled Cluster_53
33
36480 40.522000 -40.947000 1.188000 1
36488 39.508000 -41.063000 1.539000 1
37386 39.996000 -39.447000 2.949000 1
37387 38.934000 -39.584000 2.884000 1
37404 41.512000 -39.377000 1.529000 1
37405 40.669000 -39.902000 1.977000 1
37406 39.723000 -40.233000 2.186000 1
37407 38.759000 -40.428000 2.092000 1
37419 41.420000 -40.343000 0.909000 1
38234 38.833000 -38.287000 4.175000 1
38243 40.223000 -38.527000 3.346000 1
38260 41.643000 -38.453000 1.792000 1
38261 40.901000 -38.958000 2.507000 1
38276 42.324000 -38.180000 0.834000 1
38998 39.291000 -37.535000 4.333000 1
38999 38.456000 -37.584000 4.615000 1
39012 40.229000 -37.432000 3.620000 1
39022 41.738000 -37.553000 1.769000 1
39035 42.270000 -37.186000 0.828000 1
39804 38.931000 -36.853000 4.796000 1
39817 40.493000 -36.344000 3.408000 1
39818 39.719000 -36.583000 4.257000 1
39827 41.593000 -36.616000 1.833000 1
39828 41.090000 -35.961000 2.506000 1
39840 42.028000 -36.190000 0.851000 1
40664 40.253000 -35.129000 3.943000 1
40678 40.663000 -35.474000 3.188000 1
40679 40.161000 -35.840000 3.913000 1
103996 40.990000 -36.874000 2.772000 1
104450 39.574000 -38.163000 3.896000 1
107349 41.087000 -37.860000 2.694000 1
113997 41.381000 -37.195000 2.320000 1
117106 42.149000 -38.952000 0.949000 1
