# sub-03 hemi-R RWvsPER_scaled Cluster_0
24
1042 13.756000 -89.393000 17.105000 1
1351 14.516000 -89.406000 17.528000 1
1366 13.710000 -88.016000 16.024000 1
1667 17.469000 -88.172000 17.408000 1
1669 16.087000 -88.664000 17.633000 1
1679 17.068000 -87.393000 17.025000 1
1680 16.172000 -87.542000 16.923000 1
1681 15.522000 -88.075000 16.940000 1
1682 14.675000 -88.026000 16.497000 1
1692 14.201000 -87.250000 15.832000 1
1693 13.189000 -87.298000 15.617000 1
2062 18.073000 -87.469000 17.049000 1
2072 16.554000 -86.564000 16.659000 1
2074 15.195000 -87.287000 16.372000 1
2083 14.790000 -86.391000 15.811000 1
2084 13.521000 -86.418000 15.483000 1
2085 12.633000 -86.714000 15.526000 1
2546 14.092000 -85.614000 15.449000 1
2547 13.202000 -85.616000 15.380000 1
3042 14.425000 -84.808000 15.450000 1
101594 12.570000 -86.009000 15.486000 1
106147 18.196000 -88.673000 17.594000 1
108033 14.181000 -88.740000 16.736000 1
118178 13.574000 -90.047000 17.604000 1
