# sub-03 hemi-R RWvsPER_scaled Cluster_11
36
4938 20.537000 -81.144000 1.708000 1
4952 20.721000 -81.604000 0.586000 1
5518 21.034000 -79.933000 2.632000 1
5533 20.926000 -80.168000 1.663000 1
5544 21.076000 -80.239000 0.632000 1
5545 20.842000 -80.901000 0.236000 1
5557 21.091000 -80.207000 -0.155000 1
5577 22.974000 -80.289000 -3.483000 1
5578 22.167000 -80.149000 -3.016000 1
6146 21.984000 -78.915000 1.683000 1
6147 21.448000 -79.486000 1.037000 1
6161 22.586000 -78.677000 0.951000 1
6162 21.822000 -79.358000 0.162000 1
6175 23.629000 -79.104000 -1.327000 1
6176 23.015000 -78.978000 -0.608000 1
6177 22.249000 -79.335000 -0.665000 1
6185 24.223000 -79.299000 -2.214000 1
6186 22.844000 -79.436000 -1.446000 1
6187 22.092000 -79.611000 -1.491000 1
6193 23.549000 -79.876000 -2.939000 1
6194 22.731000 -79.837000 -2.401000 1
6195 21.923000 -79.831000 -2.187000 1
6799 23.967000 -78.528000 0.369000 1
6800 23.195000 -78.613000 0.242000 1
6814 24.808000 -78.552000 -0.270000 1
6815 23.866000 -78.636000 -0.437000 1
6824 24.516000 -78.700000 -1.150000 1
103533 22.438000 -78.924000 0.137000 1
109182 23.337000 -78.551000 0.978000 1
109818 21.368000 -79.463000 2.001000 1
109865 20.858000 -80.844000 0.920000 1
110762 21.517000 -79.693000 -0.632000 1
111718 24.311000 -79.694000 -3.427000 1
116270 21.387000 -79.791000 0.201000 1
119540 23.391000 -79.552000 -2.068000 1
120288 21.994000 -78.950000 0.818000 1
