# sub-03 hemi-L LimbsvsAllnoLimbs_scaled Cluster_9
76
10097 -36.136000 -74.190000 -0.702000 1
10112 -35.987000 -74.286000 -1.718000 1
10121 -35.552000 -74.303000 -2.612000 1
10122 -36.245000 -74.028000 -2.460000 1
10135 -36.044000 -73.882000 -3.216000 1
10145 -35.088000 -73.630000 -4.589000 1
10769 -36.568000 -73.144000 0.635000 1
10770 -37.052000 -72.658000 0.306000 1
10781 -37.393000 -72.785000 -0.266000 1
10795 -36.532000 -73.904000 -1.234000 1
10796 -38.184000 -72.866000 -1.274000 1
10810 -36.896000 -73.673000 -2.784000 1
10818 -35.807000 -73.604000 -4.147000 1
10819 -36.623000 -73.507000 -3.791000 1
10824 -34.637000 -73.151000 -5.707000 1
10825 -35.581000 -73.197000 -5.197000 1
11460 -36.669000 -72.415000 0.796000 1
11461 -37.010000 -72.037000 0.591000 1
11470 -37.517000 -72.069000 0.077000 1
11471 -38.042000 -71.875000 -0.403000 1
11481 -37.896000 -72.475000 -0.578000 1
11482 -38.600000 -72.129000 -0.880000 1
12150 -36.462000 -71.774000 0.898000 1
12169 -34.379000 -71.219000 0.801000 1
12170 -35.801000 -71.243000 0.951000 1
12171 -37.078000 -71.472000 0.404000 1
12185 -32.962000 -71.234000 -0.164000 1
12186 -37.701000 -71.282000 -0.156000 1
12187 -38.388000 -71.397000 -0.618000 1
12857 -33.917000 -70.939000 0.157000 1
12858 -34.701000 -70.723000 0.287000 1
12859 -35.613000 -70.556000 0.276000 1
12860 -36.500000 -70.976000 0.524000 1
12861 -37.122000 -70.843000 0.143000 1
12871 -33.713000 -70.630000 -0.658000 1
12872 -34.747000 -70.325000 -0.475000 1
12873 -35.661000 -69.987000 -0.678000 1
12874 -36.572000 -70.280000 -0.185000 1
12875 -37.463000 -70.427000 -0.407000 1
12876 -38.671000 -70.791000 -0.906000 1
12886 -33.239000 -70.441000 -1.699000 1
12887 -34.181000 -70.158000 -1.441000 1
12888 -34.949000 -69.916000 -1.287000 1
12894 -32.919000 -70.143000 -2.742000 1
12895 -33.731000 -69.972000 -2.289000 1
13577 -36.495000 -69.656000 -1.125000 1
13578 -37.402000 -69.777000 -1.020000 1
13579 -38.136000 -70.215000 -0.897000 1
13590 -35.518000 -69.588000 -1.706000 1
13591 -37.079000 -69.245000 -1.889000 1
13592 -38.068000 -69.477000 -1.656000 1
13593 -38.802000 -70.111000 -1.378000 1
13602 -34.572000 -69.653000 -2.343000 1
13603 -36.713000 -68.709000 -3.146000 1
13604 -37.611000 -68.942000 -2.460000 1
13605 -38.911000 -69.420000 -2.048000 1
13617 -34.598000 -69.109000 -3.719000 1
14399 -35.593000 -68.868000 -3.545000 1
14400 -37.852000 -68.452000 -3.429000 1
14410 -35.156000 -68.447000 -4.318000 1
14411 -35.949000 -68.342000 -4.262000 1
14412 -36.852000 -68.071000 -4.283000 1
99629 -36.113000 -69.227000 -2.342000 1
99937 -37.500000 -73.149000 -0.922000 1
100920 -33.685000 -69.570000 -3.228000 1
102921 -35.278000 -69.317000 -2.773000 1
104336 -36.692000 -73.848000 -1.922000 1
105831 -36.825000 -73.453000 -0.389000 1
106198 -37.733000 -73.446000 -2.706000 1
106570 -35.127000 -71.011000 0.791000 1
107226 -38.305000 -69.000000 -2.479000 1
109335 -38.112000 -70.810000 -0.527000 1
112690 -37.511000 -73.441000 -1.860000 1
113841 -36.994000 -73.576000 -1.290000 1
115488 -34.288000 -70.630000 -0.149000 1
119224 -37.004000 -69.972000 -0.607000 1
