# sub-03 hemi-L RWvsFF_scaled Cluster_2
18
5243 -33.592000 -81.600000 -0.694000 1
5868 -33.675000 -80.717000 -0.826000 1
5869 -34.184000 -80.367000 -0.134000 1
6542 -34.613000 -79.635000 -0.571000 1
6562 -33.736000 -79.573000 -1.738000 1
6563 -34.285000 -79.293000 -1.333000 1
6597 -36.447000 -78.543000 -3.567000 1
7244 -34.685000 -78.775000 -1.795000 1
7262 -35.097000 -78.371000 -2.394000 1
7275 -34.659000 -77.952000 -2.982000 1
7276 -35.550000 -78.078000 -3.140000 1
7285 -36.959000 -78.535000 -5.573000 1
7990 -34.178000 -77.608000 -3.575000 1
7992 -35.955000 -77.881000 -4.013000 1
8003 -34.517000 -77.129000 -4.271000 1
8005 -36.313000 -77.856000 -5.035000 1
101551 -33.582000 -81.738000 0.151000 1
107362 -33.905000 -78.112000 -3.052000 1
