# sub-03 hemi-R LimbsvsAllnoLimbs_scaled Cluster_34
50
21048 37.329000 -59.431000 1.215000 1
21055 39.842000 -60.456000 0.212000 1
21999 37.483000 -58.321000 1.139000 1
22004 40.059000 -59.255000 0.131000 1
22005 38.549000 -59.374000 0.627000 1
22900 37.199000 -57.221000 1.337000 1
22901 36.490000 -57.656000 1.683000 1
22905 40.531000 -57.710000 -0.134000 1
22906 39.612000 -58.075000 0.279000 1
22907 38.246000 -57.589000 0.753000 1
22911 41.539000 -57.842000 -0.868000 1
23768 36.283000 -56.289000 1.997000 1
23777 37.848000 -56.584000 1.005000 1
23778 36.931000 -56.349000 1.529000 1
23784 40.780000 -56.950000 -0.327000 1
23785 39.275000 -56.951000 0.385000 1
23789 41.920000 -55.188000 -1.770000 1
23790 41.742000 -55.962000 -1.393000 1
23791 41.818000 -56.773000 -0.984000 1
24529 36.117000 -55.538000 2.433000 1
24530 35.555000 -55.657000 2.943000 1
24537 38.147000 -54.868000 1.229000 1
24538 37.485000 -55.636000 1.367000 1
24539 36.710000 -55.538000 1.887000 1
24545 39.300000 -54.945000 0.561000 1
24546 38.524000 -55.785000 0.744000 1
24550 41.975000 -54.862000 -1.736000 1
24551 42.053000 -55.090000 -1.514000 1
24552 41.859000 -55.725000 -1.036000 1
25308 37.099000 -53.959000 3.317000 1
25309 36.190000 -54.675000 3.108000 1
25322 37.396000 -54.156000 2.508000 1
25323 36.661000 -54.812000 2.403000 1
25332 38.951000 -54.195000 1.096000 1
25333 38.097000 -54.183000 1.764000 1
25334 37.312000 -54.803000 1.830000 1
25339 41.758000 -53.834000 -1.013000 1
25340 41.472000 -53.929000 -0.408000 1
25341 40.261000 -54.201000 0.458000 1
25345 41.937000 -54.485000 -1.464000 1
25346 42.083000 -54.529000 -0.820000 1
26167 39.835000 -53.730000 0.906000 1
102568 40.913000 -58.536000 -0.375000 1
102646 39.975000 -55.981000 0.145000 1
110166 41.352000 -58.660000 -0.871000 1
110781 38.706000 -58.492000 0.572000 1
110972 40.941000 -55.030000 -0.322000 1
111919 36.525000 -56.902000 1.716000 1
119573 41.265000 -56.173000 -0.579000 1
120180 36.764000 -54.398000 2.823000 1
