#!ascii label , from subject sub-08 lh ROI=PON-words contrast=RWvsSC clusters=8,12,14 source=tiger_delineation.csv
183
18896  -37.113000  -75.471000  -24.138000 1
18897  -38.011000  -75.308000  -23.995000 1
18902  -35.187000  -75.310000  -25.087000 1
18903  -36.001000  -75.613000  -24.966000 1
18904  -36.895000  -75.737000  -25.117000 1
18905  -37.887000  -75.556000  -25.032000 1
18906  -38.734000  -75.038000  -25.178000 1
18921  -34.483000  -74.964000  -25.718000 1
18922  -35.476000  -75.497000  -26.004000 1
18935  -34.839000  -75.176000  -26.841000 1
18936  -35.653000  -75.448000  -27.133000 1
18938  -37.405000  -75.258000  -27.559000 1
18939  -37.894000  -74.998000  -27.224000 1
18946  -34.363000  -75.148000  -27.615000 1
18947  -35.689000  -75.582000  -27.808000 1
18948  -36.720000  -75.529000  -27.838000 1
18949  -37.567000  -75.210000  -27.998000 1
18950  -38.183000  -74.814000  -27.898000 1
19890  -38.037000  -74.119000  -21.963000 1
19891  -38.869000  -74.041000  -21.913000 1
19904  -36.868000  -74.410000  -22.765000 1
19905  -37.720000  -74.514000  -22.626000 1
19906  -38.593000  -74.438000  -22.590000 1
19907  -39.522000  -74.099000  -22.665000 1
19912  -34.993000  -74.429000  -23.897000 1
19915  -37.427000  -74.950000  -23.322000 1
19916  -38.775000  -74.985000  -24.096000 1
19917  -39.374000  -74.565000  -24.053000 1
19924  -33.947000  -74.355000  -24.894000 1
19925  -34.701000  -74.778000  -24.635000 1
19926  -35.443000  -75.107000  -24.330000 1
19927  -39.252000  -74.678000  -24.674000 1
19939  -33.580000  -74.338000  -25.942000 1
19940  -38.891000  -74.527000  -26.385000 1
19941  -39.375000  -74.412000  -25.529000 1
19949  -33.276000  -74.336000  -27.128000 1
19950  -34.052000  -74.748000  -26.873000 1
19951  -38.491000  -74.572000  -27.307000 1
19960  -33.654000  -74.798000  -27.558000 1
19961  -38.815000  -74.365000  -27.886000 1
20888  -36.709000  -73.127000  -21.782000 1
20889  -37.553000  -73.513000  -21.513000 1
20890  -38.360000  -73.665000  -21.398000 1
20891  -39.583000  -73.670000  -21.843000 1
20892  -40.147000  -73.248000  -21.725000 1
20904  -37.187000  -73.935000  -22.146000 1
20905  -40.206000  -73.485000  -22.402000 1
20914  -34.613000  -73.690000  -23.748000 1
20915  -35.328000  -73.914000  -23.343000 1
20916  -39.790000  -74.192000  -23.652000 1
20917  -40.262000  -73.676000  -23.219000 1
20927  -33.301000  -73.678000  -25.111000 1
20928  -33.922000  -73.633000  -24.317000 1
20929  -39.851000  -74.144000  -24.721000 1
20930  -40.379000  -73.638000  -24.140000 1
20942  -39.913000  -73.728000  -25.935000 1
20943  -40.486000  -73.285000  -25.307000 1
20949  -39.935000  -73.417000  -27.103000 1
21833  -37.239000  -72.854000  -21.079000 1
21843  -40.737000  -72.790000  -22.136000 1
21852  -34.253000  -72.865000  -23.825000 1
21853  -35.021000  -73.079000  -23.313000 1
21854  -40.772000  -73.102000  -22.979000 1
21864  -33.451000  -72.829000  -24.521000 1
21865  -40.888000  -72.956000  -24.466000 1
22789  -34.898000  -72.168000  -23.525000 1
22801  -34.087000  -71.792000  -24.239000 1
125285  -38.277000  -74.856000  -23.277000 1
129047  -34.399000  -74.198000  -24.239000 1
131317  -40.714000  -73.239000  -23.672000 1
133340  -35.053000  -75.378000  -27.527000 1
140978  -34.939000  -75.491000  -27.837000 1
143277  -39.042000  -73.644000  -21.384000 1
144535  -39.086000  -74.595000  -23.343000 1
147299  -36.146000  -75.554000  -27.613000 1
148884  -38.370000  -75.261000  -24.525000 1
149458  -40.362000  -73.143000  -26.401000 1
149761  -39.452000  -74.001000  -26.519000 1
20882  -37.957000  -73.183000  -20.876000 1
20883  -38.739000  -73.294000  -20.856000 1
21813  -37.966000  -72.329000  -19.728000 1
21814  -38.763000  -72.432000  -19.708000 1
21815  -39.646000  -72.385000  -19.906000 1
21821  -37.001000  -72.216000  -20.648000 1
21822  -37.637000  -72.595000  -20.408000 1
21823  -38.352000  -72.797000  -20.307000 1
21824  -39.193000  -72.867000  -20.363000 1
21825  -39.995000  -72.674000  -20.572000 1
21826  -40.658000  -72.229000  -20.774000 1
21834  -39.610000  -73.231000  -21.105000 1
21835  -40.386000  -72.762000  -21.288000 1
22742  -39.402000  -70.962000  -17.999000 1
22750  -37.887000  -71.394000  -18.583000 1
22751  -38.729000  -71.419000  -18.391000 1
22752  -39.592000  -71.360000  -18.567000 1
22753  -40.190000  -71.435000  -19.042000 1
22757  -37.020000  -71.362000  -19.686000 1
22758  -37.616000  -71.745000  -19.289000 1
22759  -38.343000  -71.927000  -19.098000 1
22760  -39.349000  -71.907000  -19.145000 1
22761  -40.196000  -71.894000  -19.656000 1
22762  -41.248000  -71.225000  -20.185000 1
22766  -37.336000  -72.045000  -19.955000 1
22767  -40.772000  -71.771000  -20.214000 1
22768  -41.316000  -71.540000  -20.935000 1
23729  -38.063000  -70.034000  -16.918000 1
23730  -38.798000  -70.093000  -16.829000 1
23745  -37.788000  -70.391000  -17.550000 1
23746  -38.406000  -70.523000  -17.368000 1
23747  -39.156000  -70.524000  -17.388000 1
23748  -39.955000  -70.377000  -17.686000 1
23759  -37.047000  -70.322000  -18.724000 1
23760  -37.546000  -70.753000  -18.234000 1
23761  -38.123000  -70.978000  -17.920000 1
23762  -40.279000  -70.827000  -18.426000 1
23763  -41.115000  -70.328000  -18.790000 1
23770  -36.829000  -70.569000  -19.509000 1
23771  -37.264000  -71.090000  -18.947000 1
23772  -40.794000  -70.956000  -19.067000 1
23773  -41.396000  -70.616000  -19.645000 1
24740  -37.549000  -69.698000  -17.292000 1
24741  -39.678000  -69.868000  -16.976000 1
24742  -41.029000  -69.270000  -17.742000 1
24753  -37.261000  -70.047000  -17.948000 1
24754  -40.716000  -70.032000  -18.082000 1
24755  -41.419000  -69.503000  -18.503000 1
24756  -42.080000  -68.923000  -18.982000 1
24765  -36.790000  -69.842000  -19.328000 1
24766  -41.761000  -69.725000  -19.291000 1
25723  -36.950000  -69.399000  -18.612000 1
25724  -37.103000  -68.687000  -18.023000 1
25737  -36.854000  -69.013000  -19.744000 1
126712  -37.214000  -69.351000  -17.772000 1
133925  -40.795000  -71.354000  -19.611000 1
142995  -40.389000  -69.756000  -17.472000 1
143785  -36.874000  -71.623000  -20.313000 1
147553  -38.717000  -70.926000  -17.782000 1
150339  -40.276000  -72.224000  -20.205000 1
21844  -41.270000  -72.431000  -22.901000 1
21855  -41.163000  -72.683000  -23.718000 1
21866  -41.439000  -72.164000  -24.781000 1
22781  -41.749000  -71.613000  -22.784000 1
22782  -42.267000  -70.835000  -22.885000 1
22792  -41.645000  -71.944000  -23.731000 1
22793  -42.218000  -71.125000  -23.806000 1
22803  -41.935000  -71.501000  -24.572000 1
22804  -42.375000  -70.874000  -24.949000 1
23778  -41.763000  -70.640000  -20.630000 1
23779  -42.280000  -69.941000  -20.901000 1
23785  -42.361000  -70.116000  -21.561000 1
23791  -41.970000  -71.086000  -22.233000 1
23792  -42.325000  -70.465000  -22.204000 1
23800  -42.592000  -70.335000  -23.578000 1
23807  -42.854000  -70.136000  -25.303000 1
24767  -42.330000  -69.055000  -19.798000 1
24773  -42.056000  -69.861000  -20.132000 1
24774  -42.516000  -69.177000  -20.611000 1
24782  -42.651000  -69.336000  -21.404000 1
24790  -42.740000  -69.594000  -22.302000 1
24791  -43.282000  -68.826000  -22.922000 1
24796  -42.935000  -69.592000  -23.318000 1
24797  -43.426000  -68.958000  -23.961000 1
24805  -43.019000  -69.737000  -24.389000 1
24806  -43.568000  -69.182000  -24.996000 1
25748  -42.935000  -68.587000  -21.142000 1
25749  -43.310000  -67.910000  -20.939000 1
25755  -43.103000  -68.727000  -21.971000 1
25756  -43.350000  -68.140000  -21.653000 1
25766  -44.343000  -67.822000  -23.992000 1
26648  -43.791000  -67.570000  -21.779000 1
26655  -43.633000  -67.957000  -22.501000 1
26656  -44.167000  -67.329000  -22.531000 1
26663  -43.749000  -68.186000  -23.561000 1
132641  -42.572000  -70.181000  -22.837000 1
132793  -43.922000  -67.213000  -20.805000 1
134019  -43.938000  -68.439000  -24.486000 1
137578  -42.812000  -68.427000  -20.319000 1
137905  -42.598000  -70.443000  -24.383000 1
141237  -41.293000  -72.160000  -22.222000 1
143832  -42.097000  -70.399000  -21.144000 1
146408  -44.075000  -67.619000  -23.247000 1
148162  -43.212000  -69.670000  -25.120000 1
148775  -43.847000  -67.611000  -22.266000 1
