#!ascii label  , from subject sub-06 vox2ras=TkReg
979
16201  -38.565  -59.295  3.124 0.5000000000
112165  -36.364  -59.247  3.311 0.8000000119
17753  -34.831  -57.610  3.285 0.8000000119
126320  -35.500  -58.161  3.195 0.8000000119
17754  -36.205  -58.310  3.069 0.8000000119
124380  -38.406  -60.695  3.525 0.5000000000
16199  -37.058  -59.339  3.107 0.5000000000
17759  -37.592  -58.279  2.921 0.6000000238
19517  -33.975  -56.013  3.786 0.6999999881
18588  -35.261  -56.636  3.545 0.6999999881
18590  -37.070  -56.973  3.430 0.8000000119
17756  -38.005  -57.637  3.123 0.6999999881
16191  -38.701  -60.422  3.756 0.6000000238
16198  -39.255  -59.055  3.454 0.5000000000
16965  -39.950  -58.385  3.529 0.6000000238
20433  -32.810  -54.139  4.493 0.6999999881
16968  -38.403  -58.439  2.946 0.6000000238
123136  -39.760  -57.892  3.277 0.6000000238
20434  -33.731  -54.536  4.443 0.6999999881
132917  -33.607  -55.407  4.096 0.6999999881
18589  -36.147  -56.485  3.721 0.6999999881
17757  -38.979  -57.933  3.027 0.6000000238
18592  -40.099  -57.295  3.659 0.6000000238
129413  -37.604  -56.479  3.848 0.8000000119
18577  -38.404  -56.509  3.912 0.8000000119
18578  -39.406  -56.655  3.943 0.6999999881
16183  -39.226  -59.229  4.437 0.4000000060
124852  -39.807  -58.744  3.778 0.6000000238
21314  -32.586  -53.236  4.751 0.6999999881
18580  -41.731  -57.576  4.711 0.6000000238
21316  -34.316  -53.712  4.795 0.6999999881
20435  -34.710  -54.498  4.598 0.6999999881
19518  -34.763  -55.932  3.881 0.6999999881
19509  -36.682  -55.474  4.538 0.6999999881
19510  -37.645  -55.843  4.474 0.6000000238
19512  -39.634  -56.230  4.710 0.6999999881
20428  -40.335  -55.047  6.097 0.5000000000
20437  -36.369  -54.703  4.876 0.6000000238
20438  -37.210  -54.974  5.060 0.6000000238
19497  -38.129  -55.232  5.188 0.6000000238
20427  -39.481  -54.744  5.858 0.6000000238
20426  -38.639  -54.511  5.624 0.6000000238
20414  -40.002  -53.983  6.224 0.5000000000
16916  -40.712  -58.336  5.792 0.4000000060
16956  -39.990  -58.726  4.227 0.5000000000
22216  -32.874  -51.776  5.285 0.6999999881
16939  -41.946  -58.184  5.489 0.6000000238
17737  -42.398  -57.808  5.433 0.6000000238
21317  -35.222  -53.650  4.959 0.6999999881
18570  -41.475  -56.784  4.851 0.6000000238
21318  -36.086  -53.858  5.060 0.6999999881
19501  -41.803  -56.326  5.751 0.5000000000
19488  -41.271  -55.350  6.220 0.6000000238
20424  -36.902  -54.052  5.256 0.6999999881
20425  -37.757  -54.297  5.438 0.6000000238
20415  -40.894  -54.266  6.374 0.5000000000
20416  -41.922  -54.558  6.500 0.5000000000
21310  -39.181  -53.721  5.904 0.5000000000
24059  -31.760  -50.607  6.862 0.6000000238
24925  -32.807  -49.973  7.185 0.6000000238
130393  -39.899  -58.034  6.447 0.5000000000
17717  -40.912  -57.801  6.798 0.5000000000
24068  -32.582  -50.406  6.072 0.6999999881
23169  -32.033  -51.681  5.343 0.6999999881
16894  -41.771  -58.236  6.096 0.5000000000
17729  -42.535  -58.072  6.085 0.5000000000
17704  -42.613  -57.257  7.397 0.4000000060
22217  -33.777  -52.042  5.267 0.6999999881
18562  -43.162  -57.258  6.577 0.5000000000
123107  -34.629  -52.285  5.254 0.6999999881
22218  -35.329  -52.662  5.225 0.6999999881
18573  -43.221  -56.791  6.543 0.5000000000
21306  -35.868  -53.121  5.206 0.6999999881
21307  -36.651  -53.027  5.319 0.6000000238
20417  -42.965  -54.978  6.712 0.5000000000
21308  -37.504  -53.339  5.470 0.6000000238
21301  -42.823  -53.731  6.613 0.5000000000
22221  -38.552  -52.141  5.949 0.5000000000
22206  -39.341  -52.198  6.134 0.5000000000
132568  -40.469  -52.612  6.320 0.5000000000
116390  -42.161  -52.704  6.362 0.5000000000
125028  -41.157  -52.663  6.361 0.5000000000
114892  -43.450  -51.769  6.326 0.3000000119
19455  -41.154  -55.200  8.892 0.3000000119
24037  -32.221  -50.280  8.529 0.6000000238
24048  -32.310  -50.215  7.451 0.6000000238
18554  -41.494  -57.124  7.600 0.4000000060
18542  -42.151  -56.652  8.019 0.4000000060
24062  -33.848  -50.557  6.431 0.6000000238
18556  -43.347  -56.436  7.636 0.5000000000
23163  -33.477  -51.179  5.529 0.6999999881
23164  -34.386  -51.522  5.541 0.6999999881
20418  -43.499  -55.410  7.060 0.5000000000
23167  -37.257  -51.848  5.923 0.5000000000
21302  -43.704  -54.368  6.917 0.5000000000
130204  -37.874  -52.104  5.838 0.5000000000
113329  -44.055  -52.757  6.797 0.4000000060
111806  -43.356  -52.610  6.502 0.3000000119
22209  -44.010  -51.874  6.406 0.4000000060
119088  -41.553  -51.958  6.404 0.5000000000
22208  -42.665  -51.939  6.316 0.4000000060
113583  -32.774  -49.663  8.978 0.6000000238
128125  -33.257  -49.391  8.679 0.6000000238
24913  -33.584  -49.486  8.350 0.6000000238
24926  -33.339  -49.879  7.554 0.6000000238
24049  -33.872  -50.230  7.234 0.6000000238
19458  -43.348  -55.066  8.284 0.3000000119
120781  -43.653  -55.233  7.888 0.4000000060
129947  -34.466  -50.917  6.305 0.6000000238
21270  -43.538  -53.474  8.462 0.3000000119
23150  -34.861  -51.282  5.925 0.6000000238
23165  -35.377  -51.817  5.541 0.6999999881
22190  -43.858  -52.713  8.207 0.3000000119
21281  -44.064  -53.445  7.850 0.3000000119
23151  -35.751  -51.438  6.157 0.6000000238
23133  -43.730  -51.043  8.284 0.3000000119
22199  -44.221  -52.676  7.356 0.3000000119
23140  -37.074  -51.276  7.461 0.5000000000
23153  -37.544  -51.561  6.701 0.5000000000
123894  -38.363  -51.439  7.107 0.5000000000
24939  -44.387  -50.019  6.472 0.3000000119
22200  -44.350  -51.740  7.118 0.3000000119
23154  -38.927  -51.734  6.458 0.5000000000
23155  -39.782  -51.751  6.569 0.5000000000
24938  -44.126  -49.958  6.132 0.3000000119
24041  -39.979  -50.656  7.752 0.5000000000
24932  -43.298  -49.813  6.385 0.4000000060
24937  -43.853  -50.036  6.144 0.3000000119
123465  -33.650  -48.688  9.893 0.5000000000
24906  -33.328  -49.148  9.377 0.6000000238
25765  -33.689  -49.096  8.861 0.5000000000
122375  -34.503  -50.692  6.984 0.6000000238
24928  -35.199  -50.047  8.232 0.5000000000
24908  -43.492  -49.261  8.428 0.3000000119
113378  -35.808  -50.629  7.989 0.6000000238
26579  -43.222  -47.826  8.239 0.3000000119
24920  -44.296  -49.242  7.224 0.3000000119
23139  -36.000  -51.210  7.274 0.6000000238
24040  -38.837  -50.745  8.027 0.5000000000
24919  -40.634  -49.946  8.034 0.5000000000
24054  -42.146  -50.466  6.989 0.4000000060
24931  -42.272  -49.516  7.137 0.4000000060
25753  -34.180  -48.120  10.072 0.5000000000
25758  -34.676  -48.269  9.421 0.5000000000
25766  -34.273  -48.965  8.805 0.5000000000
25767  -35.169  -48.591  8.971 0.5000000000
27381  -42.246  -47.356  10.130 0.3000000119
118891  -42.546  -47.260  9.187 0.3000000119
24929  -36.154  -50.048  8.478 0.6000000238
24038  -37.017  -50.140  8.495 0.6000000238
24039  -37.856  -50.376  8.371 0.5000000000
24918  -39.611  -49.905  8.363 0.5000000000
132611  -43.997  -48.508  5.750 0.4000000060
26597  -42.595  -47.944  6.340 0.4000000060
26576  -34.892  -47.545  9.884 0.5000000000
26577  -35.539  -47.008  9.790 0.5000000000
25759  -35.511  -47.780  9.371 0.5000000000
27380  -42.011  -46.789  10.660 0.4000000060
27390  -41.898  -46.078  9.973 0.4000000060
118377  -36.036  -48.451  8.978 0.5000000000
121813  -36.676  -49.167  8.704 0.5000000000
28283  -42.014  -45.759  9.084 0.4000000060
27391  -42.386  -46.506  8.890 0.3000000119
129337  -36.728  -48.269  8.827 0.4000000060
27401  -43.090  -46.618  7.660 0.3000000119
25769  -37.410  -48.509  8.663 0.5000000000
25770  -38.248  -48.765  8.588 0.4000000060
24917  -38.561  -49.735  8.540 0.4000000060
25779  -42.028  -48.690  7.268 0.4000000060
26569  -35.099  -46.906  10.350 0.5000000000
27389  -36.067  -46.350  9.523 0.5000000000
123822  -41.644  -45.371  10.685 0.4000000060
25768  -36.335  -47.669  9.067 0.5000000000
26586  -36.509  -46.853  8.944 0.4000000060
28282  -41.695  -45.211  9.708 0.4000000060
28290  -41.934  -45.098  8.665 0.4000000060
27399  -37.056  -46.599  8.374 0.4000000060
28291  -42.499  -45.840  8.123 0.4000000060
111362  -38.010  -47.885  8.471 0.4000000060
118114  -38.716  -48.168  8.464 0.4000000060
26589  -39.418  -48.036  8.355 0.4000000060
25772  -40.319  -49.053  8.356 0.4000000060
27406  -40.295  -46.786  7.176 0.4000000060
112812  -41.531  -47.181  6.601 0.4000000060
27411  -43.156  -46.933  5.558 0.4000000060
27410  -42.094  -46.677  5.731 0.4000000060
116517  -35.558  -45.660  10.763 0.5000000000
126635  -35.871  -45.781  10.020 0.4000000060
30064  -41.190  -43.890  11.081 0.4000000060
29208  -41.448  -44.540  10.402 0.4000000060
28281  -36.255  -45.475  9.540 0.5000000000
27398  -36.601  -45.901  8.786 0.4000000060
27403  -37.530  -46.246  7.798 0.4000000060
29228  -41.750  -44.269  8.327 0.4000000060
27400  -37.794  -47.035  8.194 0.4000000060
26588  -38.732  -47.379  8.112 0.4000000060
131214  -43.565  -46.781  5.699 0.3000000119
26596  -40.673  -47.454  7.567 0.4000000060
29207  -36.137  -44.435  10.395 0.4000000060
125024  -36.502  -44.253  9.193 0.5000000000
29227  -36.558  -44.966  8.954 0.4000000060
30076  -40.796  -42.681  9.793 0.4000000060
29234  -36.729  -44.351  7.563 0.4000000060
28289  -37.027  -45.886  8.082 0.4000000060
29235  -36.981  -44.768  7.091 0.4000000060
28295  -37.256  -45.504  7.444 0.4000000060
28296  -37.881  -45.803  7.103 0.4000000060
28299  -38.213  -45.312  6.371 0.4000000060
27405  -39.222  -46.690  7.430 0.4000000060
27408  -39.688  -46.177  6.617 0.4000000060
28305  -42.711  -45.697  5.270 0.4000000060
27413  -41.656  -46.123  5.552 0.4000000060
121805  -41.894  -45.660  5.242 0.4000000060
30075  -36.533  -43.456  8.951 0.4000000060
30083  -36.593  -43.539  7.754 0.4000000060
29239  -36.781  -43.937  6.726 0.4000000060
28298  -37.483  -45.109  6.667 0.4000000060
29241  -37.722  -44.583  6.006 0.4000000060
28306  -43.125  -45.753  5.478 0.4000000060
127003  -38.660  -44.675  5.727 0.4000000060
116894  -39.173  -45.506  6.168 0.4000000060
29244  -39.528  -44.296  5.385 0.4000000060
28300  -40.093  -45.735  6.001 0.4000000060
120961  -41.132  -45.082  5.195 0.4000000060
30986  -36.564  -42.694  8.353 0.4000000060
30995  -36.631  -42.709  7.473 0.4000000060
31002  -36.738  -42.603  6.674 0.4000000060
30096  -36.803  -43.172  6.197 0.4000000060
29240  -37.229  -43.825  5.867 0.4000000060
30099  -37.213  -42.831  5.686 0.4000000060
30100  -37.790  -43.439  5.508 0.4000000060
131011  -38.265  -43.236  5.392 0.4000000060
30102  -39.460  -43.595  5.271 0.4000000060
29246  -42.286  -44.974  4.944 0.3000000119
123124  -41.159  -43.538  4.706 0.4000000060
121825  -36.740  -41.332  8.242 0.4000000060
31886  -36.878  -41.518  7.413 0.4000000060
113551  -36.982  -40.901  7.745 0.4000000060
31893  -36.921  -41.820  6.458 0.4000000060
31900  -37.113  -41.974  5.805 0.4000000060
31009  -37.981  -42.689  5.381 0.4000000060
31013  -39.384  -42.234  5.152 0.4000000060
119643  -43.138  -44.174  5.284 0.4000000060
29247  -43.012  -44.376  4.935 0.3000000119
30106  -40.070  -42.983  5.058 0.4000000060
29249  -42.229  -44.065  4.627 0.5000000000
29250  -42.861  -43.562  4.647 0.4000000060
31015  -41.144  -42.501  4.590 0.5000000000
33659  -37.342  -39.630  7.557 0.4000000060
122412  -37.481  -39.512  6.688 0.4000000060
32766  -37.145  -40.859  6.881 0.4000000060
33666  -37.616  -39.487  5.823 0.4000000060
31894  -37.245  -41.110  5.966 0.4000000060
31014  -40.178  -42.155  4.910 0.4000000060
31016  -42.290  -42.273  4.306 0.5000000000
114667  -37.742  -38.316  7.212 0.4000000060
34603  -37.694  -38.720  6.398 0.4000000060
34604  -37.979  -38.157  5.936 0.4000000060
31905  -40.630  -41.588  4.640 0.4000000060
31906  -41.655  -41.668  4.294 0.5000000000
35510  -37.819  -37.691  7.521 0.4000000060
35521  -37.980  -37.928  6.677 0.4000000060
35522  -38.258  -37.352  6.041 0.4000000060
32781  -42.036  -40.973  4.011 0.5000000000
39192  -38.912  -33.962  6.698 0.4000000060
36461  -38.207  -36.392  7.542 0.4000000060
38314  -38.810  -34.830  6.262 0.4000000060
36469  -38.417  -36.501  6.676 0.4000000060
38319  -38.998  -34.795  5.185 0.4000000060
38326  -39.357  -34.724  4.455 0.5000000000
122855  -38.568  -35.168  7.183 0.4000000060
24930  -41.315  -49.287  7.874 0.5000000000
25780  -43.407  -48.777  6.164 0.4000000060
15409  -38.224  -60.141  3.251 0.5000000000
16961  -35.005  -58.393  3.433 0.8000000119
17752  -34.008  -57.417  3.383 0.8000000119
18586  -32.762  -56.896  3.435 0.6999999881
15390  -38.681  -60.915  4.133 0.5000000000
19505  -32.812  -55.152  4.142 0.6999999881
113864  -38.393  -60.356  4.933 0.5000000000
20432  -31.339  -54.316  4.269 0.6999999881
16170  -38.984  -58.929  5.237 0.4000000060
16182  -38.863  -60.018  4.212 0.4000000060
116181  -31.693  -52.876  4.798 0.6999999881
24067  -31.816  -50.680  6.026 0.6999999881
17728  -38.899  -58.007  6.559 0.4000000060
17716  -39.600  -57.500  7.055 0.4000000060
23138  -31.340  -51.228  7.340 0.6000000238
18541  -40.669  -56.501  8.067 0.4000000060
24030  -32.245  -50.172  9.563 0.6000000238
24901  -33.171  -49.114  10.261 0.5000000000
25752  -33.558  -48.551  10.660 0.5000000000
26568  -34.542  -47.411  10.617 0.5000000000
27378  -34.782  -46.736  11.049 0.4000000060
29206  -35.754  -44.674  11.132 0.4000000060
30061  -36.049  -43.804  10.904 0.4000000060
123627  -36.410  -43.040  9.745 0.4000000060
30966  -36.276  -42.356  10.061 0.4000000060
31869  -36.387  -41.741  9.555 0.4000000060
32748  -36.852  -40.504  8.482 0.4000000060
33658  -37.120  -39.848  8.228 0.4000000060
34585  -37.473  -38.189  8.116 0.4000000060
111751  -37.577  -37.441  8.244 0.4000000060
38298  -38.460  -34.604  7.920 0.4000000060
16962  -35.791  -58.767  3.317 0.8000000119
112221  -35.962  -57.431  3.257 0.8000000119
16192  -39.213  -59.471  3.793 0.5000000000
123121  -33.595  -56.790  3.457 0.6999999881
20436  -35.559  -54.543  4.731 0.6999999881
17745  -41.193  -57.827  4.269 0.6000000238
18569  -40.556  -56.480  4.755 0.6999999881
19511  -38.697  -56.012  4.617 0.6999999881
18572  -42.928  -57.319  5.912 0.6000000238
19500  -40.838  -56.016  5.610 0.6000000238
19499  -39.926  -55.720  5.472 0.6000000238
24069  -33.244  -50.555  5.918 0.6999999881
19502  -42.714  -56.642  6.050 0.5000000000
24061  -33.115  -50.179  6.634 0.6000000238
18553  -40.237  -56.964  7.575 0.5000000000
17718  -42.173  -57.829  6.805 0.5000000000
18529  -42.580  -56.140  8.301 0.3000000119
23156  -40.646  -51.804  6.584 0.5000000000
24914  -34.876  -49.262  8.575 0.6000000238
24053  -40.990  -50.606  7.453 0.5000000000
25778  -41.122  -48.597  7.995 0.4000000060
131692  -39.793  -48.505  8.401 0.4000000060
131763  -43.722  -47.819  5.739 0.4000000060
27409  -40.885  -46.306  6.176 0.4000000060
27407  -38.699  -46.030  6.859 0.4000000060
30978  -36.490  -42.529  9.241 0.4000000060
30103  -40.286  -43.918  5.069 0.4000000060
36476  -38.549  -36.451  5.727 0.4000000060
126216  -27.876  -65.913  7.377 0.4000000060
11648  -28.559  -65.461  7.807 0.4000000060
122223  -29.289  -65.287  7.249 0.4000000060
11649  -30.168  -65.058  7.034 0.4000000060
11692  -28.659  -65.869  5.555 0.4000000060
11693  -29.448  -65.565  5.633 0.4000000060
11673  -30.470  -65.247  6.064 0.4000000060
11694  -30.188  -65.476  5.110 0.4000000060
11675  -32.285  -65.327  5.992 0.5000000000
116238  -29.294  -65.638  4.712 0.4000000060
128246  -30.984  -65.125  4.498 0.5000000000
122907  -32.689  -64.347  4.282 0.6000000238
11733  -28.646  -65.138  3.549 0.4000000060
11734  -29.574  -65.063  3.753 0.4000000060
128872  -29.967  -64.462  3.599 0.4000000060
11695  -31.752  -65.287  5.194 0.5000000000
16169  -38.555  -59.523  5.105 0.3000000119
16914  -38.317  -58.802  6.010 0.4000000060
17715  -38.517  -57.447  7.181 0.3000000119
11696  -32.699  -65.267  5.174 0.5000000000
13932  -38.338  -62.276  4.174 0.5000000000
117385  -38.435  -61.327  4.809 0.4000000060
13909  -29.218  -63.109  5.264 0.4000000060
12446  -31.283  -64.456  3.942 0.5000000000
12422  -32.027  -64.176  3.943 0.5000000000
123674  -29.248  -63.665  3.847 0.4000000060
12444  -29.271  -64.439  3.559 0.4000000060
12423  -33.463  -64.409  4.484 0.6000000238
11714  -34.025  -65.002  4.757 0.6000000238
12424  -34.494  -64.495  4.801 0.6999999881
14657  -38.345  -61.740  3.862 0.5000000000
124894  -34.841  -65.066  5.029 0.6999999881
12426  -36.797  -64.254  5.129 0.6999999881
13931  -38.047  -62.639  4.136 0.6999999881
13190  -35.356  -64.235  5.034 0.6999999881
13929  -36.786  -62.808  4.764 0.6999999881
13187  -31.101  -63.668  3.854 0.5000000000
13188  -31.835  -63.779  3.968 0.6000000238
112111  -32.731  -63.926  4.168 0.6000000238
13928  -33.113  -63.511  4.619 0.6000000238
118275  -30.051  -62.993  4.938 0.4000000060
13925  -30.725  -63.199  4.285 0.5000000000
13926  -31.515  -63.285  4.283 0.6000000238
13189  -33.735  -63.913  4.596 0.6000000238
13913  -33.917  -63.121  5.302 0.6000000238
13168  -34.922  -63.547  5.235 0.6000000238
18540  -39.640  -56.134  8.231 0.3000000119
13915  -35.753  -62.581  5.319 0.6999999881
14654  -38.027  -62.075  3.804 0.6000000238
15405  -38.500  -61.189  3.820 0.5000000000
14616  -30.053  -61.955  6.740 0.6000000238
127007  -30.636  -61.721  6.474 0.6000000238
14636  -31.124  -62.096  5.825 0.6999999881
132058  -31.708  -62.258  5.549 0.6000000238
14637  -32.421  -61.944  5.764 0.6000000238
124115  -33.866  -62.255  5.677 0.6000000238
13899  -30.418  -62.404  5.846 0.5000000000
115669  -31.269  -62.799  4.895 0.6000000238
14640  -35.183  -61.797  5.500 0.6000000238
14653  -36.682  -61.506  4.247 0.6999999881
130388  -36.528  -62.140  4.743 0.6999999881
115409  -38.189  -61.347  3.586 0.6000000238
121626  -37.319  -62.114  4.132 0.6999999881
15371  -30.928  -59.636  6.897 0.6000000238
130511  -31.564  -60.171  6.694 0.6999999881
15372  -32.224  -60.088  6.487 0.6999999881
14618  -31.854  -61.204  6.299 0.6999999881
14638  -33.342  -61.628  5.907 0.6000000238
16196  -37.517  -60.087  3.227 0.5000000000
15389  -35.231  -60.943  5.355 0.6999999881
14652  -35.902  -61.630  5.072 0.6999999881
14656  -37.525  -61.361  3.632 0.6000000238
16935  -32.543  -58.448  5.495 0.6999999881
16937  -34.097  -58.700  4.605 0.6999999881
16166  -31.645  -59.236  6.544 0.6999999881
16180  -33.890  -59.084  5.376 0.6000000238
16181  -34.666  -59.266  4.758 0.5000000000
15373  -32.962  -59.893  6.230 0.6999999881
126823  -33.573  -59.688  5.847 0.6000000238
15402  -35.288  -60.024  4.785 0.6999999881
15406  -36.440  -60.219  3.736 0.5000000000
14639  -34.353  -61.380  5.766 0.6000000238
15403  -36.042  -60.728  4.453 0.6999999881
15404  -36.785  -60.896  3.786 0.6000000238
132661  -32.921  -58.176  3.946 0.6999999881
16960  -34.047  -58.065  3.510 0.6999999881
119558  -33.307  -57.543  3.488 0.6999999881
126885  -35.833  -59.919  4.086 0.6000000238
16955  -34.621  -58.707  3.859 0.6999999881
14655  -38.516  -61.793  4.264 0.5000000000
16190  -35.308  -59.345  4.050 0.6000000238
132693  -28.540  -65.670  7.047 0.4000000060
115834  -30.965  -65.327  5.335 0.4000000060
13210  -29.049  -63.991  3.588 0.4000000060
11712  -30.020  -65.306  4.233 0.4000000060
13186  -30.441  -63.655  3.807 0.4000000060
13185  -29.959  -63.440  4.005 0.4000000060
13192  -37.184  -63.474  4.800 0.6999999881
13930  -37.668  -62.717  4.307 0.6999999881
13927  -32.336  -63.403  4.422 0.6000000238
13912  -32.984  -62.694  5.313 0.6000000238
13910  -30.745  -62.761  5.066 0.6999999881
14619  -32.761  -60.876  6.241 0.6000000238
16167  -33.031  -58.969  5.882 0.6999999881
15388  -34.408  -60.086  5.549 0.6000000238
16936  -33.310  -58.402  4.959 0.6000000238
121843  -30.841  -58.894  6.623 0.5000000000
13887  -29.330  -62.230  7.097 0.4000000060
15360  -29.842  -60.608  7.420 0.5000000000
16933  -30.835  -58.193  5.409 0.6000000238
14604  -28.959  -61.502  7.832 0.5000000000
14605  -29.660  -61.366  7.393 0.5000000000
16151  -29.557  -59.844  7.391 0.5000000000
16910  -30.223  -58.465  6.121 0.5000000000
16950  -29.232  -58.160  4.177 0.5000000000
16165  -30.054  -59.132  6.929 0.5000000000
16934  -31.767  -58.279  5.501 0.6000000238
16952  -31.273  -58.049  4.547 0.5000000000
16951  -30.298  -58.040  4.371 0.5000000000
17750  -31.178  -57.482  3.589 0.6999999881
17749  -30.256  -57.414  3.562 0.6000000238
18584  -30.801  -56.834  3.454 0.6000000238
14590  -28.224  -61.535  8.280 0.5000000000
15358  -28.314  -60.498  8.025 0.5000000000
16909  -28.412  -58.830  6.008 0.5000000000
16932  -28.998  -58.465  5.252 0.5000000000
129720  -29.373  -58.739  6.348 0.5000000000
121211  -31.855  -57.615  3.609 0.6000000238
17741  -28.660  -57.917  3.664 0.6000000238
18583  -29.825  -56.729  3.450 0.5000000000
20441  -31.814  -55.206  3.990 0.6000000238
15357  -27.227  -60.178  7.947 0.5000000000
16908  -27.359  -59.057  5.531 0.5000000000
16930  -26.624  -58.881  4.911 0.5000000000
16931  -27.676  -58.710  4.830 0.5000000000
127528  -27.939  -57.987  3.586 0.5000000000
18585  -31.803  -57.008  3.417 0.6000000238
18582  -28.874  -56.684  3.498 0.5000000000
20440  -30.849  -55.098  3.943 0.6000000238
15344  -26.913  -60.643  8.545 0.5000000000
16148  -26.332  -59.769  6.911 0.5000000000
16929  -25.933  -58.868  5.109 0.5000000000
17725  -26.033  -58.335  4.989 0.5000000000
18560  -27.185  -56.691  5.451 0.6000000238
133765  -26.528  -57.797  4.594 0.4000000060
116582  -28.506  -55.785  6.855 0.4000000060
121704  -27.645  -56.162  4.954 0.5000000000
18575  -27.442  -56.812  4.118 0.5000000000
17740  -27.407  -58.057  3.950 0.4000000060
113261  -29.561  -54.707  7.254 0.4000000060
20413  -29.599  -54.192  6.482 0.5000000000
19496  -28.350  -55.361  4.867 0.5000000000
21290  -30.102  -53.989  7.436 0.4000000060
20429  -28.666  -55.165  4.340 0.6000000238
20439  -29.907  -55.026  3.937 0.6000000238
20431  -30.317  -54.124  4.370 0.6000000238
127734  -31.632  -52.248  5.141 0.6000000238
19486  -28.302  -55.532  5.826 0.5000000000
21291  -30.389  -53.082  7.165 0.5000000000
22205  -30.381  -52.718  6.339 0.5000000000
20412  -29.201  -54.389  5.639 0.5000000000
22189  -30.598  -52.657  8.606 0.4000000060
22198  -30.593  -52.664  7.725 0.5000000000
22214  -30.429  -52.624  5.643 0.6000000238
20423  -29.417  -54.005  5.063 0.6000000238
22224  -30.514  -52.755  5.211 0.6000000238
23137  -30.968  -51.687  6.905 0.5000000000
24022  -32.218  -50.008  10.439 0.3000000119
133395  -31.434  -50.970  9.717 0.4000000060
23121  -30.943  -51.881  8.844 0.4000000060
23132  -31.344  -51.323  8.294 0.5000000000
23148  -30.769  -51.931  6.159 0.5000000000
23161  -31.262  -51.439  5.846 0.6000000238
27370  -35.068  -46.050  11.398 0.3000000119
27369  -34.555  -46.504  11.909 0.3000000119
26560  -33.975  -47.916  11.060 0.4000000060
29194  -35.593  -43.798  11.867 0.3000000119
31859  -36.086  -41.555  10.394 0.3000000119
30965  -35.963  -42.246  10.922 0.3000000119
32733  -36.264  -40.946  9.860 0.3000000119
122337  -36.489  -40.325  9.391 0.3000000119
33643  -36.778  -39.678  8.968 0.3000000119
127206  -37.049  -38.312  8.954 0.3000000119
34575  -37.166  -37.486  8.992 0.3000000119
36449  -37.815  -36.255  8.303 0.3000000119
24036  -31.664  -50.828  8.648 0.5000000000
113907  -35.419  -44.542  11.970 0.3000000119
16953  -32.270  -58.151  4.530 0.5000000000
16150  -28.666  -59.792  7.466 0.5000000000
18581  -28.051  -56.686  3.695 0.5000000000
111253  -29.747  -53.881  4.754 0.6000000238
14641  -38.597  -62.271  5.125 0.3000000119
12427  -37.671  -63.987  4.934 0.6000000238
13193  -37.970  -63.264  4.496 0.6000000238
16152  -36.396  -59.826  7.457 0.3000000119
16153  -36.950  -59.787  6.755 0.3000000119
15374  -37.293  -60.616  6.431 0.3000000119
16168  -37.710  -59.798  5.883 0.3000000119
14607  -37.309  -61.507  7.127 0.3000000119
15375  -37.896  -60.822  5.602 0.3000000119
117487  -38.132  -64.354  5.173 0.6000000238
13169  -38.901  -63.373  5.115 0.5000000000
16139  -35.938  -59.741  8.080 0.3000000119
16893  -36.677  -59.091  7.196 0.3000000119
17727  -37.928  -58.136  6.812 0.3000000119
14620  -37.690  -61.391  6.259 0.3000000119
14621  -38.240  -61.800  5.647 0.3000000119
115284  -38.895  -62.921  5.225 0.4000000060
13898  -29.675  -62.607  6.071 0.4000000060
16138  -35.562  -59.479  8.723 0.3000000119
16892  -36.203  -59.226  7.664 0.3000000119
18550  -36.628  -57.608  7.721 0.3000000119
17714  -37.074  -58.293  7.207 0.3000000119
12365  -31.558  -64.592  8.601 0.5000000000
130905  -32.226  -64.589  8.790 0.5000000000
11628  -29.171  -65.097  8.088 0.4000000060
129948  -29.921  -64.848  8.011 0.4000000060
12364  -30.751  -64.651  8.410 0.4000000060
12346  -31.759  -64.466  9.496 0.5000000000
11629  -34.324  -65.437  7.461 0.5000000000
11652  -33.328  -65.081  7.611 0.5000000000
12381  -31.343  -64.782  7.697 0.5000000000
12382  -32.291  -64.811  7.852 0.5000000000
12380  -30.633  -64.835  7.607 0.4000000060
11678  -36.801  -65.648  6.539 0.6000000238
117701  -35.821  -65.682  6.544 0.6000000238
11677  -34.706  -65.584  6.437 0.5000000000
11676  -33.701  -65.414  6.700 0.5000000000
11650  -30.979  -65.004  6.896 0.3000000119
11651  -31.847  -65.032  6.888 0.4000000060
113457  -32.770  -65.188  6.834 0.5000000000
11679  -37.771  -65.535  6.463 0.6000000238
116012  -35.266  -65.414  5.696 0.6000000238
11698  -34.414  -65.328  5.403 0.6000000238
115835  -33.166  -65.401  5.961 0.4000000060
116003  -33.927  -65.476  5.908 0.5000000000
11701  -38.181  -64.971  5.682 0.6000000238
13900  -38.070  -62.129  6.589 0.3000000119
13150  -39.162  -63.438  5.736 0.4000000060
12407  -36.507  -64.933  5.408 0.6000000238
11697  -33.591  -65.301  5.215 0.4000000060
13888  -37.924  -62.209  7.451 0.3000000119
15362  -36.718  -60.618  7.238 0.3000000119
13901  -38.809  -62.742  5.938 0.3000000119
12409  -38.767  -64.203  5.358 0.5000000000
12425  -35.933  -64.517  5.185 0.6000000238
12408  -37.415  -64.678  5.336 0.6000000238
111808  -36.192  -65.409  5.822 0.6000000238
13902  -39.322  -63.468  6.563 0.3000000119
11655  -37.415  -65.806  7.265 0.5000000000
11656  -38.475  -65.635  7.196 0.5000000000
11680  -38.597  -65.288  6.376 0.5000000000
11657  -39.377  -65.357  7.550 0.4000000060
11681  -39.261  -65.135  6.745 0.5000000000
117086  -37.974  -65.871  7.995 0.5000000000
118881  -36.999  -65.872  7.913 0.5000000000
11635  -39.467  -65.415  8.296 0.4000000060
11658  -40.013  -64.997  8.015 0.4000000060
12383  -39.784  -64.751  7.287 0.4000000060
12394  -39.060  -64.727  5.980 0.5000000000
11653  -35.441  -65.719  7.466 0.5000000000
11654  -36.461  -65.804  7.294 0.5000000000
130481  -39.470  -63.903  6.256 0.4000000060
10174  -30.171  -67.702  11.958 0.3000000119
9388  -30.558  -68.101  10.997 0.3000000119
10175  -31.340  -67.960  11.565 0.3000000119
10159  -31.666  -67.599  12.592 0.3000000119
10138  -31.992  -67.143  13.280 0.4000000060
10158  -30.624  -67.450  12.679 0.3000000119
10136  -30.240  -66.941  13.205 0.3000000119
10139  -33.006  -67.211  13.246 0.4000000060
10876  -32.392  -66.414  13.659 0.4000000060
10137  -31.046  -67.085  13.288 0.3000000119
10873  -29.598  -66.315  13.339 0.3000000119
10878  -34.396  -66.522  13.618 0.4000000060
11554  -33.886  -65.625  13.625 0.4000000060
11552  -31.906  -65.508  13.600 0.4000000060
10874  -30.547  -66.321  13.538 0.4000000060
11550  -30.133  -65.503  13.452 0.4000000060
11551  -31.006  -65.484  13.555 0.4000000060
12260  -36.962  -65.237  13.236 0.3000000119
130701  -34.767  -65.841  13.655 0.4000000060
12258  -35.042  -65.217  13.373 0.4000000060
127785  -34.172  -65.032  13.356 0.4000000060
12273  -32.813  -64.580  12.884 0.4000000060
12272  -31.964  -64.574  12.846 0.4000000060
12254  -30.629  -64.880  13.204 0.4000000060
12277  -37.868  -64.945  12.998 0.3000000119
12276  -36.361  -64.854  12.936 0.4000000060
12300  -35.219  -64.591  12.071 0.4000000060
12274  -34.699  -64.681  12.872 0.4000000060
12299  -34.295  -64.497  11.882 0.4000000060
131259  -34.394  -64.538  11.125 0.4000000060
12298  -33.256  -64.430  12.026 0.4000000060
113737  -32.701  -64.391  11.212 0.4000000060
133699  -31.667  -64.419  12.212 0.4000000060
12296  -31.021  -64.363  11.819 0.4000000060
117881  -37.125  -64.757  11.689 0.4000000060
131008  -35.557  -64.638  11.551 0.4000000060
127883  -34.550  -64.685  10.521 0.4000000060
12324  -33.077  -64.461  10.213 0.4000000060
12322  -31.356  -64.343  10.991 0.4000000060
113738  -31.852  -64.355  11.467 0.4000000060
12294  -29.420  -64.630  12.390 0.4000000060
11591  -36.282  -65.214  10.138 0.4000000060
12350  -35.370  -64.946  10.295 0.4000000060
119693  -33.997  -64.686  9.942 0.4000000060
12348  -33.468  -64.701  9.258 0.4000000060
117992  -31.201  -64.401  10.243 0.4000000060
12347  -32.580  -64.519  9.466 0.4000000060
11607  -35.085  -65.330  8.923 0.4000000060
12367  -33.875  -65.029  8.357 0.4000000060
114741  -38.063  -65.772  8.646 0.4000000060
11608  -35.775  -65.412  9.309 0.4000000060
123900  -36.227  -65.801  7.899 0.4000000060
11636  -40.120  -64.965  8.773 0.3000000119
13116  -40.614  -63.948  8.842 0.3000000119
12366  -32.959  -64.743  8.550 0.4000000060
11633  -37.345  -65.808  8.558 0.4000000060
13115  -40.070  -63.687  8.134 0.3000000119
11630  -34.801  -65.424  8.253 0.4000000060
10877  -33.398  -66.448  13.655 0.4000000060
11553  -32.860  -65.573  13.635 0.4000000060
12257  -33.298  -64.986  13.400 0.4000000060
12256  -32.370  -64.932  13.351 0.4000000060
12259  -36.006  -65.244  13.294 0.4000000060
118850  -33.753  -64.614  12.883 0.4000000060
12302  -38.078  -64.770  11.944 0.3000000119
112645  -37.078  -64.787  12.562 0.4000000060
12301  -36.192  -64.658  12.013 0.4000000060
12326  -35.029  -64.608  11.184 0.4000000060
12327  -36.713  -64.952  10.954 0.4000000060
12349  -34.838  -65.026  9.677 0.4000000060
12323  -32.062  -64.384  10.449 0.4000000060
12368  -34.342  -65.010  9.061 0.4000000060
11609  -36.796  -65.614  9.288 0.4000000060
10142  -36.358  -67.774  13.062 0.3000000119
10162  -34.771  -68.288  12.144 0.3000000119
9366  -33.414  -68.461  11.509 0.3000000119
10141  -35.126  -67.501  13.115 0.3000000119
10161  -33.762  -67.925  12.243 0.3000000119
10140  -34.055  -67.335  13.167 0.3000000119
10879  -36.272  -66.555  13.575 0.3000000119
124864  -35.375  -66.606  13.579 0.3000000119
11555  -35.638  -65.821  13.600 0.3000000119
11580  -38.656  -65.134  10.831 0.3000000119
11593  -38.160  -65.492  10.004 0.3000000119
11611  -38.551  -65.632  9.198 0.3000000119
11612  -39.500  -65.384  9.160 0.3000000119
119178  -37.352  -65.861  13.554 0.3000000119
11592  -37.217  -65.398  10.053 0.3000000119
10875  -31.447  -66.360  13.634 0.4000000060
11556  -36.514  -65.791  13.546 0.3000000119
11567  -37.759  -65.438  13.367 0.3000000119
11610  -37.702  -65.683  9.243 0.4000000060
11631  -35.642  -65.630  8.369 0.4000000060
11632  -36.480  -65.742  8.519 0.4000000060
11634  -38.708  -65.662  8.508 0.4000000060
11672  -28.937  -65.616  6.366 0.4000000060
11674  -31.392  -65.248  6.057 0.3000000119
11699  -35.617  -65.053  5.312 0.6000000238
11700  -37.147  -65.281  5.806 0.6000000238
11711  -28.930  -65.567  4.063 0.4000000060
11713  -33.133  -64.859  4.664 0.6000000238
12255  -31.493  -64.898  13.285 0.4000000060
12270  -30.342  -64.558  12.552 0.4000000060
12271  -31.178  -64.562  12.713 0.4000000060
12275  -35.600  -64.776  12.890 0.4000000060
12297  -32.358  -64.409  12.131 0.4000000060
12325  -33.732  -64.479  10.982 0.4000000060
12328  -37.652  -65.085  10.884 0.3000000119
12369  -40.331  -64.546  8.543 0.3000000119
12384  -40.138  -64.359  7.990 0.4000000060
12395  -39.496  -64.423  6.494 0.4000000060
12410  -39.272  -64.004  5.740 0.5000000000
12428  -38.389  -63.696  4.871 0.6000000238
12445  -30.412  -64.754  3.875 0.4000000060
12447  -31.406  -64.031  3.730 0.6000000238
13135  -39.784  -64.040  7.138 0.4000000060
13166  -28.788  -63.470  4.441 0.4000000060
13167  -29.466  -63.353  4.404 0.4000000060
13191  -36.111  -63.637  5.147 0.6999999881
13194  -38.429  -62.938  4.552 0.5000000000
13211  -29.802  -63.913  3.596 0.4000000060
13212  -30.657  -64.133  3.623 0.4000000060
13911  -31.983  -62.813  4.977 0.6000000238
13914  -34.690  -62.436  5.554 0.6000000238
13916  -38.636  -62.611  4.683 0.5000000000
14606  -30.322  -61.138  7.114 0.5000000000
14617  -31.048  -60.893  6.764 0.6999999881
15359  -29.200  -60.565  7.681 0.5000000000
15370  -30.344  -60.148  7.233 0.5000000000
15387  -33.594  -60.586  6.028 0.6000000238
15407  -37.182  -60.563  3.449 0.5000000000
15408  -37.915  -60.775  3.342 0.5000000000
16149  -27.563  -59.697  7.298 0.5000000000
16162  -26.644  -59.383  5.924 0.5000000000
16163  -27.962  -59.300  6.603 0.5000000000
16164  -29.053  -59.226  6.903 0.5000000000
16179  -25.895  -59.182  5.356 0.5000000000
16193  -35.334  -58.909  3.597 0.8000000119
16194  -35.965  -59.444  3.594 0.6000000238
16195  -36.739  -59.829  3.391 0.5000000000
16197  -38.719  -59.905  3.482 0.5000000000
16200  -37.862  -59.615  3.065 0.5000000000
16911  -31.274  -58.545  6.162 0.6000000238
16912  -32.143  -58.707  6.081 0.6999999881
16913  -37.375  -58.966  6.620 0.3000000119
16915  -39.394  -58.482  5.859 0.4000000060
16938  -39.910  -58.687  4.990 0.4000000060
16947  -26.680  -58.314  4.521 0.4000000060
16948  -27.227  -58.407  4.320 0.5000000000
16949  -28.080  -58.291  4.033 0.5000000000
16954  -33.694  -58.326  3.892 0.6999999881
16957  -40.684  -58.264  4.133 0.6000000238
16958  -41.633  -58.078  4.767 0.6000000238
16959  -33.096  -57.950  3.659 0.6999999881
16963  -36.424  -58.873  3.133 0.8000000119
16964  -39.251  -58.519  3.161 0.6000000238
16966  -36.953  -58.602  2.965 0.6000000238
16967  -37.746  -58.945  2.930 0.5000000000
17713  -36.343  -58.533  7.622 0.3000000119
17719  -42.902  -57.614  6.687 0.5000000000
17726  -26.494  -57.417  5.382 0.5000000000
17736  -27.032  -57.622  4.152 0.4000000060
17742  -29.700  -57.784  3.782 0.6000000238
17743  -30.730  -57.793  3.829 0.6999999881
17744  -31.596  -57.904  3.819 0.6000000238
17746  -27.634  -57.533  3.733 0.4000000060
17747  -28.331  -57.499  3.518 0.5000000000
17748  -29.248  -57.424  3.493 0.6000000238
17751  -32.486  -57.553  3.561 0.6999999881
17755  -36.931  -57.852  3.010 0.8000000119
17758  -40.549  -57.846  3.755 0.6000000238
18543  -42.946  -56.700  7.831 0.4000000060
18544  -43.188  -56.221  8.101 0.5000000000
18552  -39.078  -56.789  7.609 0.3000000119
18555  -43.225  -57.087  7.219 0.5000000000
18561  -27.793  -56.175  6.134 0.6000000238
18563  -43.402  -56.671  7.067 0.5000000000
18568  -26.946  -57.071  4.644 0.5000000000
18571  -42.243  -57.159  5.188 0.6000000238
18576  -36.884  -56.190  4.042 0.6000000238
18579  -41.047  -57.241  4.187 0.6000000238
18587  -34.396  -56.709  3.485 0.6999999881
18591  -39.016  -57.248  3.378 0.6999999881
19457  -42.973  -55.643  8.387 0.3000000119
19470  -40.616  -55.784  8.549 0.4000000060
19471  -41.644  -55.941  8.473 0.4000000060
19472  -43.475  -55.828  8.036 0.5000000000
19480  -43.548  -55.842  7.462 0.4000000060
19487  -29.029  -55.019  6.476 0.5000000000
19489  -42.251  -55.662  6.402 0.5000000000
19490  -43.085  -56.023  6.688 0.5000000000
19491  -43.402  -56.216  6.981 0.5000000000
19498  -39.049  -55.465  5.320 0.6000000238
19503  -28.599  -55.789  3.820 0.5000000000
19504  -29.114  -55.002  4.008 0.6000000238
19506  -34.315  -55.273  4.238 0.6999999881
19507  -35.119  -55.239  4.365 0.6999999881
19508  -35.897  -55.283  4.479 0.6999999881
19513  -29.412  -55.824  3.643 0.5000000000
19514  -30.360  -55.930  3.583 0.6000000238
19515  -31.331  -56.047  3.595 0.6000000238
19516  -32.286  -56.093  3.650 0.6999999881
19519  -35.549  -55.895  4.041 0.6999999881
20388  -43.076  -54.199  8.651 0.3000000119
20394  -43.858  -54.348  8.009 0.3000000119
20403  -43.795  -54.844  7.434 0.3000000119
20422  -28.894  -54.687  4.919 0.5000000000
20430  -29.241  -54.545  4.593 0.6000000238
21292  -44.142  -53.760  7.245 0.5000000000
21297  -30.057  -53.451  6.463 0.5000000000
21298  -39.791  -52.923  6.122 0.5000000000
21299  -40.617  -53.277  6.311 0.5000000000
21300  -41.564  -53.488  6.415 0.5000000000
21305  -29.684  -53.674  5.690 0.5000000000
21309  -38.334  -53.552  5.668 0.6000000238
21311  -29.984  -53.259  5.197 0.6000000238
21312  -30.340  -53.250  4.854 0.6000000238
21313  -31.019  -53.392  4.584 0.6000000238
21315  -33.459  -53.547  4.747 0.6999999881
22191  -44.026  -51.892  7.822 0.3000000119
22204  -30.088  -53.100  5.785 0.5000000000
22207  -40.771  -52.212  6.410 0.5000000000
22210  -44.271  -51.487  6.622 0.4000000060
22215  -30.871  -52.176  5.527 0.6000000238
22219  -36.070  -52.376  5.405 0.6999999881
22220  -37.357  -52.465  5.586 0.5000000000
22222  -38.888  -52.808  5.830 0.5000000000
22223  -44.105  -51.210  6.324 0.4000000060
22225  -32.322  -52.401  5.056 0.6999999881
22226  -33.178  -52.658  5.026 0.6999999881
22227  -34.023  -52.900  5.025 0.6999999881
23122  -31.311  -51.257  9.231 0.4000000060
23125  -43.442  -51.950  8.685 0.3000000119
23134  -44.277  -51.123  7.374 0.3000000119
23141  -39.395  -51.310  7.186 0.5000000000
23142  -40.364  -51.275  7.074 0.5000000000
23143  -41.350  -51.276  6.871 0.5000000000
23144  -44.427  -51.041  6.812 0.3000000119
23149  -31.289  -51.188  6.428 0.5000000000
23152  -36.671  -51.544  6.469 0.5000000000
23157  -42.343  -51.294  6.534 0.4000000060
23158  -43.228  -51.258  6.333 0.3000000119
23159  -43.834  -51.209  6.250 0.3000000119
23160  -44.253  -50.948  6.449 0.4000000060
23162  -32.487  -50.908  5.599 0.6999999881
23166  -36.338  -51.827  5.768 0.6999999881
23168  -38.097  -51.784  6.250 0.5000000000
24021  -31.637  -50.646  10.176 0.3000000119
24029  -31.739  -50.684  9.322 0.5000000000
24042  -43.819  -50.045  8.066 0.3000000119
24043  -44.222  -50.516  7.485 0.3000000119
24047  -31.763  -50.699  7.822 0.6000000238
24050  -35.197  -50.722  7.495 0.6000000238
24051  -36.540  -50.772  8.077 0.6000000238
24052  -37.864  -51.075  7.817 0.5000000000
24055  -44.477  -50.491  6.922 0.3000000119
24060  -32.381  -50.269  6.635 0.6000000238
24063  -35.120  -51.117  6.681 0.6000000238
24064  -43.157  -50.610  6.395 0.3000000119
24065  -43.783  -50.593  6.207 0.3000000119
24066  -44.336  -50.520  6.496 0.3000000119
24070  -34.043  -50.941  5.868 0.6000000238
24071  -44.118  -50.634  6.225 0.3000000119
24900  -32.733  -49.593  9.868 0.6000000238
24912  -32.884  -49.744  8.029 0.6000000238
24915  -35.692  -49.249  8.699 0.5000000000
24916  -37.622  -49.458  8.607 0.4000000060
24927  -34.194  -49.700  8.066 0.6000000238
24934  -44.480  -49.914  7.001 0.3000000119
24940  -44.223  -50.223  6.278 0.3000000119
25757  -33.965  -48.665  9.341 0.6000000238
25760  -43.020  -48.594  8.894 0.3000000119
25771  -39.218  -48.884  8.529 0.4000000060
25773  -43.820  -48.562  7.630 0.3000000119
26561  -34.293  -47.230  11.488 0.3000000119
26578  -36.004  -47.121  9.361 0.5000000000
26587  -37.125  -47.540  8.630 0.4000000060
26590  -40.377  -48.102  8.153 0.4000000060
26591  -42.929  -47.118  8.268 0.3000000119
26592  -43.632  -47.325  7.263 0.3000000119
26595  -39.763  -47.382  7.877 0.4000000060
26599  -42.706  -47.315  5.782 0.4000000060
26601  -43.793  -47.194  5.738 0.3000000119
27379  -35.225  -46.348  10.728 0.4000000060
27388  -35.561  -46.339  10.168 0.5000000000
27404  -38.283  -46.535  7.600 0.4000000060
27414  -42.489  -46.236  5.415 0.4000000060
27415  -43.149  -46.325  5.511 0.4000000060
27416  -43.486  -46.355  5.747 0.3000000119
28259  -35.308  -45.260  11.681 0.3000000119
28270  -35.997  -45.124  10.256 0.4000000060
28271  -41.783  -46.070  10.912 0.4000000060
28294  -36.801  -45.111  8.030 0.4000000060
28303  -39.946  -45.101  5.551 0.4000000060
28304  -40.920  -45.663  5.590 0.4000000060
29196  -41.441  -44.734  11.367 0.4000000060
29218  -36.323  -44.686  9.713 0.5000000000
29219  -41.511  -44.384  9.380 0.4000000060
29242  -43.140  -45.060  5.405 0.4000000060
29243  -37.910  -44.094  5.611 0.4000000060
29245  -40.408  -44.579  5.210 0.4000000060
29248  -41.242  -44.403  4.874 0.4000000060
30062  -36.370  -43.822  9.930 0.4000000060
30077  -41.168  -43.675  10.090 0.4000000060
30090  -36.665  -43.214  6.929 0.4000000060
30097  -43.235  -43.259  5.239 0.4000000060
30101  -38.596  -43.784  5.432 0.4000000060
31008  -36.832  -42.488  6.027 0.4000000060
31010  -38.892  -42.975  5.282 0.4000000060
31012  -38.623  -42.260  5.288 0.4000000060
31877  -36.577  -41.908  8.742 0.4000000060
32741  -36.566  -41.131  9.054 0.4000000060
32757  -37.174  -40.310  7.661 0.4000000060
32758  -37.317  -40.105  6.981 0.4000000060
32767  -37.377  -40.232  6.216 0.4000000060
33650  -37.169  -39.071  8.378 0.4000000060
33681  -42.396  -40.245  3.868 0.5000000000
34584  -36.650  -38.825  9.371 0.3000000119
34596  -37.523  -38.919  7.383 0.4000000060
34611  -37.932  -38.746  5.527 0.4000000060
35511  -38.174  -37.164  7.073 0.4000000060
36448  -37.494  -36.835  8.618 0.3000000119
36460  -37.879  -36.979  7.895 0.4000000060
37387  -38.613  -35.736  6.425 0.4000000060
37392  -38.753  -35.597  5.471 0.4000000060
37398  -39.064  -35.478  4.701 0.5000000000
38306  -38.696  -34.465  7.164 0.4000000060
113687  -28.065  -55.949  4.233 0.5000000000
113740  -30.656  -64.365  10.963 0.4000000060
113751  -29.610  -54.485  4.362 0.6000000238
115445  -30.962  -52.559  5.013 0.6000000238
115504  -38.079  -52.696  5.693 0.5000000000
116064  -42.582  -47.952  9.547 0.3000000119
116102  -42.910  -45.194  5.203 0.3000000119
116241  -37.265  -50.790  8.142 0.5000000000
117484  -30.651  -52.312  6.998 0.5000000000
117579  -38.785  -65.668  7.922 0.5000000000
118271  -41.064  -58.363  4.941 0.5000000000
119290  -31.372  -51.870  5.466 0.6999999881
122085  -44.282  -52.122  6.806 0.4000000060
122875  -29.938  -58.212  5.108 0.5000000000
123141  -41.424  -47.972  7.485 0.4000000060
123148  -36.605  -44.301  8.392 0.4000000060
123607  -36.201  -43.044  10.513 0.4000000060
123807  -31.949  -53.742  4.520 0.6999999881
124575  -34.585  -50.299  7.632 0.6000000238
124911  -35.812  -42.990  11.419 0.3000000119
125446  -32.414  -59.329  6.300 0.6999999881
125473  -28.504  -64.320  3.546 0.4000000060
125521  -30.921  -51.969  7.815 0.5000000000
125529  -38.028  -56.932  3.479 0.8000000119
125621  -29.701  -65.341  6.350 0.4000000060
125748  -30.416  -53.323  8.041 0.4000000060
125749  -36.749  -52.219  5.563 0.6999999881
126655  -40.110  -52.213  6.346 0.5000000000
126693  -43.790  -53.479  6.781 0.4000000060
126710  -36.628  -42.041  7.910 0.4000000060
126788  -36.211  -55.862  4.186 0.6999999881
127267  -35.869  -64.775  11.007 0.4000000060
127987  -32.096  -64.803  4.468 0.6000000238
128317  -35.212  -64.731  5.004 0.6999999881
128432  -40.237  -56.773  4.086 0.6999999881
128506  -42.870  -57.682  6.120 0.5000000000
129485  -33.174  -56.065  3.723 0.6999999881
129509  -41.320  -56.434  8.190 0.3000000119
130100  -32.333  -57.920  3.734 0.5000000000
130349  -29.491  -65.427  4.105 0.4000000060
130870  -34.712  -53.044  5.036 0.6999999881
130935  -29.416  -64.852  8.668 0.4000000060
131013  -34.459  -65.406  13.513 0.4000000060
131072  -41.652  -57.217  4.664 0.6000000238
131149  -41.488  -58.302  5.587 0.5000000000
131270  -32.672  -49.502  10.590 0.5000000000
131731  -42.113  -47.386  10.727 0.4000000060
131829  -37.721  -51.363  7.285 0.5000000000
131992  -31.731  -51.226  5.649 0.6000000238
132670  -42.191  -46.791  9.805 0.3000000119
132923  -37.199  -44.450  6.393 0.4000000060
132980  -29.939  -65.387  5.774 0.4000000060
133135  -41.455  -49.958  7.584 0.5000000000
133298  -32.168  -54.513  4.289 0.6999999881
133499  -38.452  -35.866  7.186 0.4000000060
133923  -36.772  -42.142  7.194 0.4000000060
134216  -28.721  -54.960  5.520 0.5000000000
