#!ascii label , from subject sub-01 lh ROI=pOTS-words contrast=RWvsSC clusters=19,18,21,23,25 source=tiger_delineation.csv
319
22918  -46.362000  -50.402000  -12.034000 1
22920  -47.261000  -50.419000  -11.386000 1
23852  -48.675000  -49.411000  -10.135000 1
23859  -42.409000  -49.539000  -11.344000 1
23860  -43.443000  -49.393000  -11.498000 1
23861  -44.498000  -49.480000  -11.782000 1
23863  -46.909000  -50.149000  -11.729000 1
23864  -47.693000  -49.953000  -11.317000 1
24792  -49.464000  -48.306000  -9.217000 1
24797  -41.183000  -47.991000  -10.617000 1
24798  -42.080000  -47.773000  -10.710000 1
24799  -48.416000  -49.245000  -10.624000 1
24800  -49.052000  -48.853000  -9.940000 1
24801  -49.182000  -47.976000  -9.683000 1
24807  -41.778000  -48.789000  -10.814000 1
24808  -42.702000  -48.589000  -10.945000 1
24809  -43.479000  -48.416000  -11.112000 1
24810  -44.304000  -48.437000  -11.297000 1
24811  -46.016000  -48.777000  -11.503000 1
24812  -47.808000  -48.439000  -10.763000 1
25714  -49.916000  -47.630000  -9.079000 1
25721  -40.759000  -47.300000  -10.556000 1
25722  -41.496000  -47.045000  -10.634000 1
25723  -42.336000  -46.869000  -10.783000 1
25724  -43.114000  -46.813000  -10.969000 1
25725  -46.827000  -48.394000  -11.115000 1
25726  -47.868000  -47.472000  -10.345000 1
25729  -42.881000  -47.620000  -10.877000 1
25730  -43.611000  -47.554000  -11.039000 1
25731  -44.307000  -47.423000  -11.136000 1
25732  -45.706000  -47.708000  -11.094000 1
26673  -49.458000  -47.040000  -9.462000 1
26674  -50.729000  -46.542000  -8.660000 1
26681  -40.770000  -46.466000  -10.541000 1
26682  -41.764000  -46.314000  -10.604000 1
26683  -42.748000  -46.155000  -10.770000 1
26685  -45.268000  -46.579000  -10.999000 1
26686  -46.284000  -47.178000  -10.814000 1
26687  -46.942000  -46.740000  -10.517000 1
26688  -47.692000  -46.411000  -10.162000 1
26689  -48.535000  -47.092000  -9.866000 1
26690  -43.757000  -46.867000  -11.098000 1
27682  -49.629000  -45.391000  -9.528000 1
27683  -50.799000  -45.832000  -8.968000 1
27695  -46.698000  -45.110000  -10.423000 1
27696  -47.569000  -45.465000  -10.150000 1
27697  -48.699000  -46.068000  -9.747000 1
28747  -48.023000  -43.970000  -9.987000 1
28748  -49.188000  -44.351000  -9.739000 1
28749  -50.743000  -44.863000  -9.268000 1
28750  -51.956000  -44.732000  -8.402000 1
28755  -47.316000  -44.545000  -10.212000 1
28756  -48.370000  -44.930000  -9.914000 1
29741  -46.846000  -42.960000  -10.055000 1
29742  -47.679000  -43.139000  -9.960000 1
29743  -48.668000  -43.391000  -9.785000 1
29744  -49.893000  -43.752000  -9.617000 1
29749  -46.399000  -43.443000  -10.270000 1
29750  -47.077000  -43.693000  -10.189000 1
29751  -51.323000  -44.074000  -9.300000 1
29752  -51.571000  -43.376000  -9.393000 1
29753  -51.826000  -42.759000  -9.441000 1
30724  -47.333000  -42.424000  -9.834000 1
30725  -48.228000  -42.576000  -9.762000 1
30726  -49.254000  -42.817000  -9.647000 1
30727  -49.912000  -42.184000  -9.575000 1
30731  -50.413000  -43.143000  -9.569000 1
30732  -50.880000  -42.698000  -9.528000 1
31706  -48.434000  -41.408000  -9.587000 1
31707  -49.221000  -41.346000  -9.581000 1
31708  -50.326000  -41.257000  -9.544000 1
31711  -51.073000  -42.025000  -9.503000 1
32724  -47.693000  -40.639000  -9.399000 1
32725  -48.577000  -40.665000  -9.504000 1
33718  -48.210000  -39.876000  -9.251000 1
33719  -49.189000  -39.706000  -9.422000 1
108168  -46.065000  -46.040000  -10.731000 1
110456  -49.678000  -40.479000  -9.536000 1
111363  -47.947000  -41.161000  -9.555000 1
111873  -47.295000  -41.244000  -9.545000 1
112018  -45.069000  -48.108000  -11.281000 1
112138  -47.833000  -41.802000  -9.668000 1
112189  -48.769000  -42.018000  -9.639000 1
113481  -46.941000  -49.445000  -11.545000 1
113622  -49.990000  -46.335000  -9.282000 1
113632  -45.251000  -49.098000  -11.652000 1
115324  -51.476000  -45.469000  -8.490000 1
115564  -44.914000  -47.242000  -11.118000 1
116663  -48.213000  -49.814000  -10.740000 1
116850  -47.129000  -47.656000  -10.700000 1
117196  -46.855000  -45.860000  -10.413000 1
118809  -48.584000  -48.386000  -10.267000 1
121003  -43.045000  -50.179000  -12.017000 1
123834  -48.574000  -47.747000  -10.070000 1
125275  -47.748000  -49.286000  -11.181000 1
126948  -48.107000  -49.662000  -11.042000 1
128302  -46.363000  -45.516000  -10.570000 1
128543  -43.932000  -48.947000  -11.405000 1
128862  -50.226000  -47.012000  -9.040000 1
22895  -41.837000  -50.174000  -9.245000 1
22896  -42.764000  -49.920000  -9.403000 1
23835  -42.287000  -49.334000  -8.908000 1
23836  -43.140000  -49.177000  -9.054000 1
23837  -43.981000  -49.089000  -9.152000 1
23845  -43.603000  -49.780000  -9.446000 1
23846  -44.419000  -49.762000  -9.483000 1
24759  -41.478000  -48.234000  -7.809000 1
24760  -42.334000  -48.011000  -7.981000 1
24761  -43.241000  -47.876000  -8.089000 1
24762  -44.163000  -47.834000  -8.171000 1
24763  -45.178000  -47.943000  -8.266000 1
24775  -41.871000  -48.736000  -8.397000 1
24776  -42.733000  -48.597000  -8.537000 1
24777  -43.604000  -48.500000  -8.640000 1
24778  -44.464000  -48.500000  -8.714000 1
25681  -42.541000  -47.118000  -6.560000 1
25682  -43.456000  -47.032000  -6.612000 1
25683  -44.370000  -47.008000  -6.644000 1
25694  -41.974000  -47.613000  -7.246000 1
25695  -42.890000  -47.495000  -7.307000 1
25696  -43.813000  -47.436000  -7.352000 1
25697  -44.755000  -47.443000  -7.397000 1
120840  -44.802000  -49.120000  -9.175000 1
125031  -45.174000  -48.629000  -8.806000 1
23701  -37.097000  -48.870000  3.031000 1
23702  -37.884000  -48.972000  3.231000 1
24643  -36.933000  -47.969000  3.037000 1
24690  -36.243000  -47.969000  0.558000 1
25607  -36.855000  -47.382000  2.592000 1
25624  -37.431000  -46.688000  -0.260000 1
26563  -36.878000  -46.961000  2.197000 1
26570  -37.173000  -46.432000  2.023000 1
26579  -37.334000  -46.385000  1.169000 1
26580  -37.645000  -46.294000  0.317000 1
27584  -37.485000  -45.918000  2.566000 1
27585  -37.855000  -45.283000  2.335000 1
27594  -37.618000  -45.818000  1.760000 1
27595  -38.164000  -45.227000  1.516000 1
27602  -37.918000  -45.754000  0.923000 1
27603  -38.376000  -45.711000  0.113000 1
27604  -39.113000  -45.180000  -0.012000 1
27610  -39.659000  -45.163000  -0.522000 1
28600  -38.870000  -43.900000  2.250000 1
28611  -38.697000  -44.759000  1.265000 1
28612  -39.092000  -44.194000  1.473000 1
28618  -39.994000  -44.429000  0.208000 1
28631  -39.718000  -44.812000  -0.081000 1
29629  -39.558000  -43.391000  1.835000 1
29630  -40.357000  -43.339000  1.039000 1
29643  -39.799000  -43.966000  0.872000 1
108332  -37.198000  -46.632000  2.780000 1
114784  -37.717000  -45.411000  3.004000 1
114994  -38.418000  -44.597000  2.101000 1
120440  -39.300000  -44.645000  0.607000 1
121936  -38.587000  -45.206000  0.722000 1
124544  -36.903000  -47.042000  0.453000 1
24647  -40.411000  -48.239000  2.935000 1
24659  -39.716000  -48.846000  2.658000 1
24673  -40.831000  -48.954000  1.721000 1
25572  -38.002000  -46.766000  3.984000 1
25573  -38.864000  -46.952000  4.310000 1
25574  -39.800000  -47.274000  4.101000 1
25575  -40.527000  -46.807000  4.247000 1
25597  -40.794000  -47.457000  3.533000 1
26529  -37.893000  -45.954000  3.913000 1
26530  -38.486000  -46.168000  4.406000 1
26531  -39.673000  -46.601000  4.560000 1
26532  -41.995000  -46.153000  4.167000 1
26555  -37.527000  -46.624000  3.443000 1
26556  -41.468000  -46.756000  3.832000 1
27540  -39.131000  -45.143000  5.098000 1
27541  -39.978000  -45.130000  5.364000 1
27543  -41.948000  -45.107000  5.147000 1
27564  -38.430000  -45.269000  4.440000 1
27567  -41.509000  -45.676000  4.785000 1
27580  -37.611000  -45.947000  3.256000 1
27581  -38.000000  -45.182000  3.637000 1
28542  -41.891000  -44.090000  5.876000 1
28567  -38.791000  -44.436000  4.849000 1
28568  -39.553000  -44.291000  5.343000 1
28569  -40.522000  -44.413000  5.593000 1
28570  -41.469000  -44.538000  5.588000 1
28571  -42.345000  -44.551000  5.534000 1
28572  -43.220000  -44.523000  5.592000 1
28587  -38.405000  -44.474000  4.146000 1
28593  -38.021000  -44.813000  2.957000 1
29570  -41.194000  -43.087000  6.143000 1
29571  -41.914000  -43.482000  6.186000 1
29591  -39.067000  -43.791000  5.053000 1
29592  -39.535000  -43.509000  5.318000 1
29593  -40.306000  -43.526000  5.681000 1
29594  -41.162000  -43.849000  5.925000 1
29603  -38.775000  -43.760000  4.474000 1
29604  -39.238000  -43.066000  4.842000 1
29611  -38.558000  -43.850000  3.716000 1
29612  -38.942000  -43.082000  3.991000 1
29619  -38.483000  -44.141000  2.923000 1
29620  -39.014000  -43.329000  2.968000 1
30536  -42.650000  -42.025000  6.699000 1
30537  -43.529000  -42.206000  6.955000 1
30555  -41.381000  -42.292000  6.202000 1
30556  -42.084000  -42.653000  6.446000 1
30557  -42.908000  -42.617000  6.667000 1
30574  -39.846000  -42.861000  5.418000 1
30575  -40.619000  -42.649000  5.823000 1
30583  -39.706000  -42.387000  4.967000 1
30584  -40.252000  -42.137000  5.365000 1
30593  -39.569000  -42.330000  4.206000 1
30594  -40.018000  -41.947000  3.369000 1
30604  -39.752000  -42.619000  2.628000 1
30605  -40.483000  -42.030000  2.456000 1
30606  -41.018000  -42.109000  1.715000 1
30620  -40.333000  -42.684000  1.776000 1
30622  -42.290000  -41.651000  1.049000 1
31533  -40.939000  -41.872000  5.785000 1
31534  -41.637000  -41.569000  6.129000 1
31535  -42.459000  -41.345000  6.427000 1
31536  -43.385000  -40.960000  6.529000 1
31555  -41.334000  -41.233000  5.556000 1
31561  -40.159000  -41.758000  4.615000 1
31562  -40.705000  -41.469000  5.184000 1
31563  -41.195000  -40.939000  4.950000 1
31573  -40.566000  -41.343000  3.896000 1
31574  -41.225000  -40.845000  4.264000 1
31589  -40.823000  -41.423000  3.004000 1
31590  -41.642000  -41.076000  2.592000 1
31591  -42.394000  -40.758000  2.371000 1
32490  -41.967000  -40.927000  5.902000 1
32491  -42.673000  -40.769000  6.093000 1
32517  -42.427000  -40.577000  5.378000 1
32518  -43.393000  -40.526000  5.781000 1
32519  -44.387000  -40.471000  5.727000 1
32521  -45.956000  -40.441000  5.050000 1
32541  -41.796000  -40.606000  4.735000 1
32542  -42.553000  -40.439000  4.506000 1
32543  -43.400000  -40.362000  4.283000 1
32544  -44.415000  -40.376000  4.111000 1
32568  -41.933000  -40.544000  3.956000 1
32569  -42.751000  -40.417000  3.669000 1
32570  -43.624000  -40.364000  3.401000 1
32571  -44.503000  -40.420000  3.115000 1
32572  -45.226000  -40.511000  3.604000 1
32591  -42.141000  -40.600000  3.132000 1
32592  -42.945000  -40.465000  2.799000 1
32594  -44.759000  -40.505000  2.211000 1
32609  -43.161000  -40.616000  1.829000 1
32610  -44.054000  -40.458000  1.632000 1
106860  -44.894000  -40.397000  5.012000 1
106861  -43.934000  -40.370000  5.003000 1
107684  -43.129000  -40.404000  5.015000 1
108074  -42.942000  -41.016000  1.012000 1
112124  -41.352000  -40.893000  3.468000 1
113418  -41.074000  -46.273000  4.493000 1
114019  -43.167000  -41.565000  6.750000 1
120334  -40.741000  -41.231000  4.582000 1
121944  -39.414000  -42.626000  3.438000 1
122201  -41.703000  -40.788000  5.321000 1
122817  -45.303000  -40.462000  4.364000 1
122892  -40.438000  -48.739000  2.297000 1
124431  -41.121000  -41.600000  2.299000 1
124788  -45.215000  -40.577000  2.880000 1
126521  -42.002000  -41.956000  6.475000 1
127455  -38.263000  -44.492000  3.516000 1
128335  -40.012000  -41.776000  4.018000 1
27619  -41.980000  -45.131000  -2.129000 1
27620  -42.546000  -44.951000  -2.280000 1
27631  -42.910000  -45.083000  -2.752000 1
27641  -43.354000  -45.182000  -3.340000 1
27642  -43.891000  -45.250000  -3.920000 1
28632  -40.408000  -44.701000  -0.524000 1
28633  -41.880000  -44.185000  -0.942000 1
28644  -41.187000  -44.577000  -0.964000 1
28645  -42.383000  -44.540000  -1.677000 1
28657  -42.955000  -44.557000  -2.206000 1
28671  -43.349000  -44.570000  -2.812000 1
28672  -43.804000  -44.530000  -3.465000 1
28686  -44.310000  -44.447000  -4.222000 1
29631  -40.947000  -43.350000  0.537000 1
29644  -40.581000  -43.946000  0.242000 1
29646  -42.140000  -43.053000  -0.111000 1
29663  -41.731000  -43.594000  -0.296000 1
29664  -42.338000  -43.469000  -0.663000 1
29682  -42.514000  -43.915000  -1.197000 1
29683  -42.963000  -43.935000  -1.674000 1
29695  -43.337000  -43.931000  -2.300000 1
29705  -43.681000  -43.857000  -2.978000 1
29706  -44.030000  -43.662000  -3.703000 1
29713  -44.348000  -43.398000  -4.491000 1
30654  -42.733000  -42.565000  -0.381000 1
30655  -43.287000  -42.331000  -1.122000 1
30673  -42.888000  -43.257000  -1.124000 1
30674  -43.371000  -43.050000  -1.853000 1
30686  -43.751000  -42.427000  -2.590000 1
30695  -43.827000  -42.988000  -3.207000 1
31626  -43.361000  -41.050000  0.346000 1
31627  -46.760000  -41.559000  0.249000 1
31642  -43.390000  -41.489000  -0.427000 1
31643  -46.753000  -41.379000  -0.785000 1
31658  -43.686000  -41.470000  -1.218000 1
31659  -44.122000  -41.072000  -1.759000 1
31671  -43.693000  -41.911000  -1.866000 1
32627  -44.443000  -40.568000  0.246000 1
32628  -45.247000  -40.609000  0.550000 1
32643  -43.880000  -40.771000  -0.076000 1
32644  -44.428000  -40.620000  -0.414000 1
32645  -45.068000  -40.531000  -0.259000 1
32646  -45.947000  -40.906000  -0.031000 1
32658  -44.574000  -40.710000  -1.553000 1
32659  -45.359000  -40.593000  -1.747000 1
32672  -44.682000  -40.705000  -2.262000 1
108346  -44.819000  -40.565000  -0.971000 1
108834  -45.385000  -40.594000  -2.702000 1
109888  -45.705000  -40.728000  -0.883000 1
110489  -44.080000  -40.846000  -0.932000 1
110766  -41.185000  -44.112000  -0.414000 1
114293  -41.596000  -44.827000  -1.513000 1
116265  -39.905000  -45.425000  -1.220000 1
117573  -43.583000  -43.271000  -2.569000 1
121517  -41.220000  -43.625000  0.073000 1
