#!ascii label , from subject sub-05 vox2ras=TkReg lh ROI=IOG-words coords=white drawn-with=delineation-helper-0.1.0
101
8725  -20.156  -76.278  -9.792 0.0000000000
9472  -19.072  -75.017  -7.716 0.0000000000
9473  -19.782  -74.600  -7.702 0.0000000000
9484  -19.285  -75.654  -8.215 0.0000000000
9485  -20.007  -75.246  -8.242 0.0000000000
9486  -20.926  -74.956  -8.761 0.0000000000
9494  -20.540  -75.644  -9.266 0.0000000000
9495  -21.285  -75.277  -9.710 0.0000000000
9505  -20.903  -75.906  -10.225 0.0000000000
9507  -22.299  -74.778  -10.615 0.0000000000
9517  -21.744  -75.692  -11.562 0.0000000000
9529  -22.323  -75.301  -12.117 0.0000000000
10283  -19.325  -74.268  -7.595 0.0000000000
10284  -20.045  -73.944  -7.475 0.0000000000
10285  -20.869  -73.669  -7.632 0.0000000000
10299  -20.502  -74.468  -7.913 0.0000000000
10300  -21.370  -74.220  -8.357 0.0000000000
10301  -22.261  -73.868  -8.954 0.0000000000
10314  -21.679  -74.616  -9.291 0.0000000000
10326  -22.335  -74.343  -9.891 0.0000000000
10339  -22.719  -74.594  -11.183 0.0000000000
10355  -22.828  -74.704  -11.873 0.0000000000
11082  -19.575  -73.584  -7.538 0.0000000000
11083  -20.321  -73.061  -7.425 0.0000000000
11084  -21.244  -72.813  -7.507 0.0000000000
11085  -22.151  -72.674  -7.788 0.0000000000
11101  -21.778  -73.439  -8.008 0.0000000000
11102  -22.566  -73.123  -8.453 0.0000000000
11103  -23.208  -72.910  -8.801 0.0000000000
12011  -20.147  -72.350  -7.585 0.0000000000
12012  -20.913  -72.214  -7.451 0.0000000000
12013  -21.749  -72.090  -7.506 0.0000000000
12014  -22.483  -72.080  -7.696 0.0000000000
12015  -23.086  -71.670  -7.829 0.0000000000
12031  -19.404  -72.497  -8.037 0.0000000000
12032  -23.036  -72.421  -8.181 0.0000000000
12033  -23.799  -71.887  -8.296 0.0000000000
12050  -23.831  -72.485  -8.792 0.0000000000
12117  -19.259  -72.325  -12.957 0.0000000000
12130  -19.030  -71.817  -13.544 0.0000000000
12904  -20.629  -71.598  -7.729 0.0000000000
12905  -21.507  -71.352  -7.608 0.0000000000
12906  -22.348  -71.478  -7.609 0.0000000000
12907  -22.965  -70.964  -7.717 0.0000000000
12918  -19.960  -71.821  -8.015 0.0000000000
12919  -20.339  -71.183  -8.603 0.0000000000
12931  -19.646  -71.843  -8.797 0.0000000000
12932  -19.995  -71.413  -9.564 0.0000000000
12941  -19.693  -72.189  -11.004 0.0000000000
12942  -20.092  -71.506  -10.556 0.0000000000
12950  -19.682  -72.285  -11.790 0.0000000000
12951  -20.151  -71.649  -11.635 0.0000000000
12963  -19.774  -72.025  -12.402 0.0000000000
12964  -20.296  -71.410  -12.522 0.0000000000
12980  -19.800  -71.683  -13.082 0.0000000000
12981  -20.358  -71.126  -13.237 0.0000000000
12993  -19.074  -70.749  -14.561 0.0000000000
12994  -19.665  -71.154  -13.795 0.0000000000
12995  -20.429  -70.852  -13.825 0.0000000000
13821  -21.774  -70.487  -7.976 0.0000000000
13822  -22.249  -70.870  -7.671 0.0000000000
13826  -21.441  -70.179  -8.674 0.0000000000
13827  -22.657  -70.251  -8.118 0.0000000000
13828  -24.163  -70.769  -8.287 0.0000000000
13834  -20.525  -70.799  -9.852 0.0000000000
13835  -21.159  -70.074  -9.561 0.0000000000
13844  -20.547  -70.953  -11.028 0.0000000000
13845  -20.954  -70.223  -10.550 0.0000000000
13857  -20.640  -70.952  -11.927 0.0000000000
13858  -20.879  -70.420  -11.383 0.0000000000
13866  -20.757  -70.774  -12.735 0.0000000000
13867  -21.052  -70.226  -12.092 0.0000000000
13883  -20.830  -70.628  -13.511 0.0000000000
13896  -20.121  -70.759  -14.437 0.0000000000
13910  -18.480  -70.600  -15.288 0.0000000000
13911  -19.397  -70.507  -15.200 0.0000000000
13912  -20.731  -70.671  -15.347 0.0000000000
13924  -18.753  -70.225  -15.944 0.0000000000
13933  -18.982  -70.254  -16.759 0.0000000000
14774  -22.634  -69.612  -8.831 0.0000000000
14775  -23.425  -69.850  -8.633 0.0000000000
14776  -24.192  -70.194  -8.619 0.0000000000
14792  -21.890  -69.566  -9.282 0.0000000000
14793  -22.586  -69.293  -9.526 0.0000000000
14794  -23.314  -69.409  -9.316 0.0000000000
14795  -24.123  -69.699  -9.106 0.0000000000
14811  -21.498  -69.539  -10.209 0.0000000000
14812  -22.139  -69.117  -10.103 0.0000000000
14813  -23.035  -68.970  -10.184 0.0000000000
133645  -23.533  -70.500  -8.175 0.0000000000
134864  -19.721  -70.497  -15.973 0.0000000000
136509  -22.970  -74.112  -10.641 0.0000000000
140187  -19.702  -72.960  -7.536 0.0000000000
142927  -23.961  -69.341  -9.850 0.0000000000
145414  -20.852  -70.523  -8.885 0.0000000000
149651  -21.029  -70.794  -8.079 0.0000000000
150152  -18.236  -70.206  -17.233 0.0000000000
151013  -22.029  -69.899  -8.497 0.0000000000
152786  -22.910  -73.332  -9.114 0.0000000000
153002  -18.186  -70.193  -16.619 0.0000000000
157863  -18.561  -70.894  -14.712 0.0000000000
