#!ascii label , from subject sub-05 vox2ras=TkReg lh ROI=pOTS-words coords=white drawn-with=delineation-helper-0.1.0
55
36879  -38.179  -47.416  -11.089 0.0000000000
37972  -38.358  -46.237  -10.136 0.0000000000
39041  -38.494  -45.519  -9.259 0.0000000000
39052  -37.974  -45.525  -10.628 0.0000000000
40081  -38.565  -44.263  -8.717 0.0000000000
40093  -37.677  -44.031  -10.610 0.0000000000
40094  -38.193  -44.702  -9.808 0.0000000000
40104  -37.676  -44.763  -10.848 0.0000000000
41093  -37.122  -43.573  -6.804 0.0000000000
41112  -36.975  -43.013  -7.436 0.0000000000
41113  -38.878  -43.625  -7.961 0.0000000000
41125  -38.532  -43.303  -8.900 0.0000000000
41138  -37.243  -43.517  -11.247 0.0000000000
42079  -37.424  -42.657  -6.533 0.0000000000
42094  -37.158  -42.162  -7.449 0.0000000000
42095  -38.937  -42.743  -8.055 0.0000000000
42110  -38.540  -42.351  -8.942 0.0000000000
42127  -37.737  -42.921  -10.227 0.0000000000
43048  -37.581  -41.650  -6.688 0.0000000000
43065  -37.313  -41.324  -7.543 0.0000000000
43066  -39.030  -41.803  -8.107 0.0000000000
43081  -36.975  -41.014  -8.313 0.0000000000
43082  -38.654  -41.498  -8.822 0.0000000000
43083  -39.160  -40.715  -8.326 0.0000000000
43095  -38.035  -41.729  -9.731 0.0000000000
44021  -37.738  -40.780  -6.872 0.0000000000
44038  -37.416  -40.530  -7.744 0.0000000000
44052  -36.505  -40.151  -9.711 0.0000000000
44053  -36.932  -40.323  -8.716 0.0000000000
44068  -41.799  -39.671  -9.148 0.0000000000
44069  -42.446  -40.304  -9.666 0.0000000000
45029  -37.487  -39.687  -8.111 0.0000000000
45044  -36.342  -39.561  -10.484 0.0000000000
45045  -36.892  -39.381  -9.374 0.0000000000
45047  -40.397  -39.135  -8.509 0.0000000000
45048  -41.066  -39.229  -8.682 0.0000000000
45061  -36.221  -39.005  -10.993 0.0000000000
45062  -36.541  -38.861  -10.501 0.0000000000
45066  -41.235  -39.109  -9.718 0.0000000000
45067  -41.925  -39.671  -10.255 0.0000000000
45077  -36.201  -39.466  -11.137 0.0000000000
45088  -36.308  -39.755  -11.232 0.0000000000
45986  -37.081  -38.360  -9.855 0.0000000000
45987  -37.682  -37.740  -9.014 0.0000000000
46000  -36.386  -38.963  -11.118 0.0000000000
46001  -36.707  -38.226  -10.994 0.0000000000
46935  -37.350  -37.425  -10.300 0.0000000000
46942  -37.375  -37.307  -10.860 0.0000000000
132609  -38.453  -40.818  -9.347 0.0000000000
134374  -35.915  -39.682  -10.999 0.0000000000
138451  -38.177  -43.853  -9.638 0.0000000000
144851  -36.158  -40.344  -11.137 0.0000000000
151114  -38.175  -46.736  -10.812 0.0000000000
154806  -38.500  -44.890  -8.948 0.0000000000
156931  -37.931  -46.276  -10.927 0.0000000000
