# sub-10 hemi-L RWvsFF_scaled Cluster_63
23
63834 -38.752000 -8.301000 -4.687000 1
63843 -37.708000 -8.331000 -6.061000 1
63844 -38.394000 -8.700000 -5.499000 1
64730 -38.977000 -7.087000 -3.745000 1
64731 -39.306000 -7.578000 -3.206000 1
64739 -38.599000 -7.449000 -4.504000 1
64740 -39.092000 -7.922000 -3.922000 1
64747 -37.517000 -7.471000 -5.778000 1
64748 -38.178000 -7.859000 -5.279000 1
65605 -38.860000 -6.253000 -3.516000 1
65616 -38.517000 -6.554000 -4.295000 1
65628 -37.407000 -6.556000 -5.553000 1
65629 -38.052000 -6.963000 -5.053000 1
66488 -37.648000 -5.026000 -4.877000 1
66489 -38.472000 -5.683000 -4.026000 1
66499 -36.662000 -5.328000 -5.849000 1
66500 -37.291000 -5.648000 -5.421000 1
66501 -37.980000 -5.924000 -4.820000 1
66514 -35.411000 -5.443000 -6.845000 1
66516 -36.733000 -6.211000 -6.014000 1
67333 -36.051000 -4.917000 -6.248000 1
116056 -37.133000 -4.911000 -5.367000 1
116987 -38.136000 -5.159000 -4.373000 1
