# sub-10 hemi-L LimbsvsAllnoLimbs_scaled Cluster_22
30
28255 -35.189000 -47.319000 -6.942000 1
28259 -35.420000 -47.532000 -7.900000 1
29155 -34.222000 -46.200000 -5.282000 1
29156 -35.139000 -46.167000 -5.556000 1
29157 -35.844000 -46.134000 -5.842000 1
29162 -34.748000 -46.832000 -5.809000 1
29163 -35.467000 -46.726000 -6.313000 1
29164 -36.372000 -46.328000 -6.635000 1
29168 -35.871000 -46.959000 -7.343000 1
30058 -33.940000 -45.248000 -5.150000 1
30059 -34.834000 -45.461000 -5.198000 1
30060 -35.674000 -45.523000 -5.314000 1
30067 -37.108000 -45.705000 -6.539000 1
31017 -34.031000 -44.370000 -5.222000 1
31018 -34.756000 -44.175000 -4.874000 1
31019 -35.390000 -44.731000 -4.878000 1
31020 -36.401000 -44.868000 -5.029000 1
31940 -32.688000 -43.967000 -5.901000 1
31941 -34.258000 -43.602000 -5.161000 1
31950 -33.173000 -43.272000 -6.273000 1
32847 -33.842000 -43.006000 -5.712000 1
32856 -32.955000 -42.812000 -6.984000 1
32857 -33.584000 -42.519000 -6.614000 1
32866 -33.397000 -42.239000 -7.217000 1
33836 -34.036000 -41.687000 -7.284000 1
113889 -34.599000 -44.820000 -5.067000 1
119959 -36.451000 -45.670000 -5.767000 1
121045 -33.518000 -43.786000 -5.596000 1
123027 -34.988000 -47.108000 -6.336000 1
125530 -33.207000 -44.562000 -5.389000 1
