# sub-10 hemi-R LimbsvsAllnoLimbs_scaled Cluster_23
66
19825 29.012000 -53.746000 2.939000 1
20756 29.249000 -52.377000 3.620000 1
20774 29.497000 -53.367000 3.309000 1
20787 28.255000 -53.292000 2.669000 1
21693 29.025000 -51.358000 4.077000 1
21710 28.440000 -51.914000 3.524000 1
22697 29.404000 -50.356000 4.488000 1
22698 27.703000 -49.799000 4.126000 1
22711 28.157000 -51.138000 3.774000 1
23671 29.439000 -49.311000 4.596000 1
23672 28.567000 -49.655000 4.381000 1
24664 31.874000 -48.050000 4.486000 1
24665 31.066000 -48.358000 4.684000 1
24666 30.227000 -48.700000 4.674000 1
24667 29.300000 -48.481000 4.570000 1
24668 28.408000 -48.300000 4.510000 1
24669 27.441000 -48.202000 4.441000 1
24677 32.539000 -48.714000 4.224000 1
25557 32.077000 -47.152000 4.469000 1
25558 31.141000 -47.461000 4.641000 1
25559 30.010000 -47.431000 4.669000 1
25560 29.126000 -47.640000 4.639000 1
25561 28.079000 -47.570000 4.648000 1
25562 27.062000 -47.430000 4.689000 1
25563 25.635000 -47.594000 4.668000 1
25570 32.724000 -47.762000 4.119000 1
26449 26.458000 -46.276000 5.222000 1
26457 32.965000 -46.056000 4.286000 1
26458 32.281000 -46.313000 4.577000 1
26459 31.428000 -46.608000 4.780000 1
26463 26.144000 -46.991000 4.877000 1
26469 33.547000 -46.161000 3.843000 1
26470 32.987000 -46.806000 4.091000 1
27311 31.800000 -45.017000 5.585000 1
27315 26.770000 -45.587000 5.495000 1
27316 25.919000 -45.790000 5.382000 1
27322 33.377000 -45.535000 4.219000 1
27323 32.577000 -45.483000 4.820000 1
27324 31.682000 -45.851000 5.079000 1
27330 34.030000 -45.548000 3.716000 1
28115 33.483000 -44.295000 4.774000 1
28126 34.185000 -44.110000 4.209000 1
28127 33.202000 -44.972000 4.634000 1
28129 35.602000 -44.345000 3.141000 1
28130 34.599000 -44.792000 3.572000 1
28131 33.817000 -44.892000 4.146000 1
28996 34.404000 -43.224000 4.269000 1
28997 33.746000 -43.505000 4.792000 1
29000 36.459000 -43.671000 2.918000 1
29001 35.673000 -43.357000 3.307000 1
29002 34.873000 -43.781000 3.636000 1
29931 35.856000 -42.476000 3.378000 1
108287 30.921000 -44.965000 6.050000 1
112181 28.740000 -52.850000 3.136000 1
112358 31.675000 -48.930000 4.589000 1
113299 28.536000 -54.067000 2.584000 1
113945 30.506000 -46.858000 4.816000 1
114970 27.842000 -49.023000 4.338000 1
115359 30.479000 -47.890000 4.632000 1
115651 29.841000 -48.022000 4.589000 1
117656 28.362000 -50.476000 4.126000 1
118195 36.040000 -41.667000 3.382000 1
118985 31.149000 -45.525000 5.533000 1
126038 28.701000 -48.951000 4.485000 1
126201 27.135000 -46.710000 5.051000 1
127177 30.537000 -47.394000 4.659000 1
