# sub-10 hemi-L RWvsFF_scaled Cluster_41
12
47817 -47.240000 -25.752000 -4.266000 1
48780 -47.902000 -24.700000 -4.919000 1
48790 -48.665000 -24.385000 -6.299000 1
48803 -48.899000 -24.830000 -6.614000 1
49655 -48.255000 -23.734000 -6.049000 1
49667 -47.544000 -23.526000 -6.177000 1
49668 -47.939000 -24.195000 -6.358000 1
50463 -48.001000 -23.473000 -5.741000 1
50481 -46.206000 -23.478000 -6.422000 1
50482 -47.151000 -23.026000 -6.137000 1
109270 -48.463000 -24.145000 -5.810000 1
111779 -48.164000 -25.717000 -4.850000 1
