# sub-10 hemi-R LimbsvsAllnoLimbs_scaled Cluster_9
89
8403 38.111000 -67.120000 20.922000 1
9062 35.768000 -67.083000 21.405000 1
9063 34.731000 -66.946000 21.321000 1
9074 38.471000 -66.417000 20.663000 1
9075 38.055000 -66.381000 21.025000 1
9076 37.236000 -66.405000 21.115000 1
9077 36.232000 -66.320000 20.975000 1
9759 39.662000 -65.133000 20.039000 1
9760 39.058000 -65.415000 20.363000 1
9761 38.249000 -65.311000 20.568000 1
10456 38.883000 -64.475000 20.274000 1
11118 38.393000 -64.172000 27.648000 1
11131 38.668000 -63.066000 27.348000 1
11132 37.545000 -63.487000 27.089000 1
11133 36.489000 -63.694000 26.801000 1
11134 35.520000 -63.794000 26.463000 1
11147 35.902000 -62.953000 26.033000 1
11219 40.342000 -63.278000 20.210000 1
11220 38.123000 -63.427000 20.322000 1
11221 37.040000 -63.684000 20.358000 1
11935 40.019000 -61.672000 27.434000 1
11936 39.150000 -62.092000 27.043000 1
11937 38.036000 -62.384000 26.551000 1
11938 36.897000 -62.755000 26.314000 1
11945 37.323000 -62.136000 25.860000 1
11946 36.431000 -62.259000 25.410000 1
11947 35.437000 -62.560000 25.170000 1
11948 34.566000 -62.726000 24.929000 1
11954 36.624000 -61.884000 24.622000 1
11955 35.862000 -62.129000 24.499000 1
11956 34.989000 -62.377000 24.298000 1
11964 36.386000 -61.856000 23.826000 1
11965 35.480000 -62.119000 23.582000 1
11970 36.080000 -61.921000 22.902000 1
11978 39.167000 -62.009000 20.980000 1
11979 38.432000 -61.941000 21.294000 1
11980 37.743000 -62.264000 20.971000 1
11991 39.780000 -62.447000 20.596000 1
11992 38.508000 -62.547000 20.626000 1
11993 37.433000 -62.797000 20.594000 1
12716 40.320000 -61.303000 27.754000 1
12728 40.203000 -60.874000 26.942000 1
12729 39.783000 -61.318000 26.601000 1
12730 38.915000 -61.752000 26.348000 1
12732 40.112000 -60.802000 25.971000 1
12733 39.471000 -61.318000 25.663000 1
12734 38.209000 -61.741000 25.760000 1
12735 37.350000 -61.804000 25.131000 1
12737 40.131000 -60.775000 25.172000 1
12738 39.747000 -61.152000 24.881000 1
12739 38.526000 -61.522000 24.798000 1
12740 37.326000 -61.680000 24.209000 1
12742 39.449000 -61.281000 24.175000 1
12743 38.219000 -61.509000 23.748000 1
12744 37.116000 -61.684000 23.153000 1
12746 40.848000 -60.802000 22.944000 1
12747 40.317000 -61.288000 22.351000 1
12748 39.207000 -61.444000 22.666000 1
12749 38.093000 -61.544000 22.764000 1
12750 36.672000 -61.961000 22.122000 1
12755 40.037000 -61.756000 21.312000 1
12756 39.261000 -61.665000 21.757000 1
12757 37.622000 -61.848000 21.802000 1
12758 36.961000 -62.344000 21.171000 1
12762 40.844000 -61.978000 20.933000 1
13464 40.289000 -60.734000 27.624000 1
13478 40.081000 -60.415000 26.193000 1
13489 40.147000 -60.430000 25.394000 1
13496 40.497000 -60.266000 24.006000 1
13498 40.702000 -60.473000 23.527000 1
108026 41.249000 -60.964000 22.242000 1
108477 40.272000 -60.752000 24.369000 1
108755 40.141000 -61.080000 23.454000 1
110826 39.025000 -61.411000 23.391000 1
111659 39.223000 -63.318000 20.269000 1
111876 40.816000 -62.618000 20.462000 1
112201 37.158000 -64.798000 20.446000 1
114894 38.565000 -65.972000 20.718000 1
116414 40.912000 -61.452000 21.684000 1
117037 37.879000 -64.330000 20.304000 1
118424 38.489000 -61.627000 22.059000 1
120445 37.660000 -65.776000 20.844000 1
121308 40.258000 -60.386000 24.728000 1
123399 39.885000 -64.296000 20.087000 1
124894 36.021000 -64.424000 27.019000 1
127143 38.221000 -65.930000 20.908000 1
127294 37.329000 -61.716000 22.464000 1
128083 37.062000 -64.087000 27.208000 1
128553 39.436000 -64.940000 20.227000 1
