# sub-10 hemi-R RWvsFF_scaled Cluster_18
52
7118 33.648000 -69.204000 10.069000 1
7786 34.523000 -68.072000 11.085000 1
7787 33.284000 -68.203000 11.269000 1
7788 32.147000 -68.287000 11.275000 1
7789 31.069000 -68.094000 11.359000 1
7790 30.289000 -67.907000 11.241000 1
7791 29.608000 -68.064000 10.709000 1
7801 34.027000 -68.753000 10.496000 1
7802 33.019000 -68.773000 10.653000 1
7805 28.991000 -67.869000 10.114000 1
7837 31.414000 -68.318000 6.112000 1
7846 31.947000 -68.738000 5.334000 1
8467 33.670000 -66.941000 12.351000 1
8468 32.880000 -66.993000 12.424000 1
8470 31.108000 -66.930000 12.208000 1
8480 34.406000 -67.251000 11.880000 1
8481 33.531000 -67.519000 11.876000 1
8482 32.553000 -67.606000 11.888000 1
8483 31.576000 -67.574000 11.839000 1
8484 30.672000 -67.443000 11.665000 1
8485 29.877000 -67.378000 11.274000 1
8501 29.165000 -67.277000 10.026000 1
8502 28.877000 -67.791000 9.611000 1
8511 29.246000 -67.326000 9.202000 1
8533 31.887000 -67.756000 6.498000 1
9155 30.873000 -66.161000 12.423000 1
9170 30.268000 -66.658000 11.730000 1
9171 29.661000 -66.812000 11.119000 1
9179 29.902000 -66.083000 10.418000 1
9186 30.940000 -66.018000 9.049000 1
9187 30.329000 -66.036000 9.670000 1
9194 32.208000 -66.096000 7.981000 1
9195 31.293000 -66.352000 8.385000 1
9196 30.223000 -66.605000 8.910000 1
9209 31.783000 -66.724000 7.619000 1
9210 30.795000 -66.956000 8.003000 1
9825 30.977000 -65.335000 12.552000 1
9839 30.368000 -65.624000 11.796000 1
9840 29.833000 -66.187000 11.135000 1
9848 30.883000 -65.071000 10.443000 1
9849 30.239000 -65.532000 10.905000 1
9855 32.106000 -65.149000 9.162000 1
9856 31.152000 -65.463000 9.588000 1
9857 30.446000 -65.601000 10.204000 1
9867 33.351000 -65.237000 8.076000 1
9868 32.579000 -65.488000 8.387000 1
9869 31.727000 -65.749000 8.752000 1
10516 30.716000 -64.904000 12.109000 1
10529 30.673000 -64.911000 11.315000 1
10560 32.888000 -64.838000 8.787000 1
116884 31.351000 -67.340000 7.246000 1
120538 31.560000 -66.461000 12.592000 1
