# sub-10 hemi-R RWvsPER_scaled Cluster_8
39
5047 27.880000 -72.356000 29.510000 1
5565 28.310000 -71.504000 35.377000 1
5579 29.377000 -71.180000 35.138000 1
5626 28.686000 -71.110000 30.933000 1
5627 28.123000 -71.640000 30.269000 1
6194 30.580000 -70.219000 35.071000 1
6195 29.896000 -70.671000 35.260000 1
6196 29.019000 -71.077000 35.447000 1
6210 30.723000 -70.350000 34.443000 1
6211 30.103000 -70.742000 34.781000 1
6225 31.068000 -70.137000 33.508000 1
6226 30.185000 -70.611000 33.406000 1
6236 29.868000 -70.544000 32.026000 1
6237 29.175000 -70.718000 31.525000 1
6245 29.447000 -70.294000 31.185000 1
6246 28.926000 -70.704000 30.858000 1
6827 31.093000 -69.653000 35.028000 1
6828 30.405000 -70.078000 35.230000 1
6829 29.502000 -70.331000 35.263000 1
6840 32.925000 -69.056000 33.908000 1
6842 31.336000 -69.772000 34.601000 1
6856 32.391000 -69.204000 32.773000 1
6857 30.552000 -70.154000 32.390000 1
6868 31.305000 -69.594000 32.439000 1
6869 30.081000 -69.958000 31.488000 1
6878 29.491000 -69.555000 30.812000 1
7585 33.049000 -68.737000 31.956000 1
7586 31.654000 -69.030000 31.840000 1
7587 30.943000 -69.067000 31.485000 1
7588 30.201000 -69.239000 31.128000 1
7602 32.563000 -68.425000 30.857000 1
7603 31.505000 -68.530000 31.018000 1
7604 30.504000 -68.576000 30.818000 1
8287 31.790000 -67.941000 30.321000 1
109127 31.812000 -69.616000 33.606000 1
120305 30.635000 -69.628000 31.738000 1
120998 32.214000 -68.774000 31.645000 1
121460 32.531000 -67.917000 30.110000 1
128130 32.388000 -69.353000 33.703000 1
