# sub-10 hemi-L FacesvsAllnoFace_scaled Cluster_21
18
23427 -34.196000 -52.524000 7.153000 1
24341 -34.092000 -51.928000 7.661000 1
24342 -34.616000 -51.285000 7.544000 1
24343 -34.968000 -51.099000 6.872000 1
24356 -34.608000 -51.833000 6.750000 1
24357 -35.306000 -51.359000 6.133000 1
24364 -35.648000 -52.037000 5.522000 1
24365 -36.507000 -51.984000 4.944000 1
25269 -36.369000 -50.285000 8.431000 1
25294 -35.237000 -50.699000 7.560000 1
25309 -35.498000 -50.629000 6.678000 1
25319 -36.049000 -51.277000 5.469000 1
25320 -36.435000 -50.503000 5.587000 1
108930 -36.582000 -50.861000 8.868000 1
111012 -35.826000 -50.362000 7.973000 1
118532 -36.889000 -51.052000 4.961000 1
119832 -35.062000 -52.149000 6.054000 1
127141 -35.806000 -50.722000 6.002000 1
