# sub-10 hemi-R FacesvsAllnoFace_scaled Cluster_21
38
19468 44.970000 -54.486000 24.561000 1
19478 45.142000 -54.781000 23.940000 1
19485 45.097000 -54.772000 23.308000 1
19502 45.422000 -54.734000 21.999000 1
19521 46.045000 -54.607000 20.868000 1
20452 46.183000 -53.012000 25.108000 1
20453 45.346000 -53.225000 25.161000 1
20468 45.891000 -53.140000 25.092000 1
20469 45.116000 -54.080000 24.963000 1
20470 44.168000 -53.349000 25.023000 1
20480 45.523000 -53.429000 24.637000 1
20481 45.275000 -53.926000 24.795000 1
20488 44.932000 -53.243000 23.630000 1
20502 44.996000 -53.614000 22.016000 1
20503 43.958000 -52.768000 22.168000 1
20523 45.599000 -53.776000 21.171000 1
20524 44.403000 -52.717000 21.029000 1
21390 46.261000 -52.158000 25.121000 1
21421 46.145000 -52.560000 24.874000 1
21430 45.462000 -52.593000 23.999000 1
22402 47.337000 -50.807000 24.637000 1
23389 47.484000 -50.143000 24.599000 1
24383 47.963000 -49.857000 24.300000 1
24384 46.954000 -49.605000 24.725000 1
24404 47.642000 -49.314000 24.339000 1
24405 46.634000 -48.735000 24.526000 1
25295 47.975000 -48.992000 24.084000 1
25296 47.114000 -48.505000 24.160000 1
25297 45.909000 -47.960000 24.305000 1
25311 47.722000 -48.360000 23.695000 1
25312 46.648000 -47.845000 23.861000 1
109815 43.949000 -52.554000 22.827000 1
111062 45.161000 -54.251000 24.072000 1
116394 46.755000 -51.381000 25.042000 1
121242 45.662000 -53.482000 25.032000 1
121342 44.960000 -53.874000 22.979000 1
121558 44.354000 -52.259000 25.123000 1
127708 44.251000 -53.977000 25.129000 1
