# sub-10 hemi-R RWvsFF_scaled Cluster_58
13
41481 40.689000 -31.487000 2.776000 1
41483 38.519000 -31.017000 2.896000 1
41484 37.616000 -30.856000 2.978000 1
41485 37.212000 -30.499000 2.852000 1
41487 39.569000 -31.171000 2.725000 1
42451 35.889000 -30.404000 3.341000 1
42452 34.961000 -30.135000 3.490000 1
42466 36.347000 -30.332000 2.944000 1
43461 36.304000 -30.048000 4.237000 1
43462 35.334000 -30.223000 3.999000 1
43463 34.702000 -30.083000 3.998000 1
43476 36.217000 -29.683000 2.805000 1
113247 35.279000 -30.102000 3.093000 1
