# sub-10 hemi-R LimbsvsAllnoLimbs_scaled Cluster_5
32
4970 21.845000 -72.099000 37.365000 1
4976 22.211000 -72.418000 36.432000 1
4986 23.475000 -72.580000 35.323000 1
5543 22.289000 -71.414000 39.068000 1
5551 22.201000 -71.329000 37.597000 1
5552 21.823000 -72.025000 38.499000 1
5557 23.110000 -71.203000 36.140000 1
5558 22.455000 -71.607000 36.680000 1
5570 23.666000 -71.756000 35.521000 1
5571 22.854000 -72.010000 35.869000 1
6142 23.352000 -71.469000 40.203000 1
6155 23.312000 -70.329000 39.939000 1
6156 22.755000 -70.883000 39.498000 1
6165 22.505000 -70.555000 38.717000 1
6169 22.998000 -70.000000 37.175000 1
6170 22.504000 -70.542000 37.809000 1
6176 23.382000 -70.406000 36.400000 1
6177 22.704000 -70.800000 36.928000 1
6783 22.867000 -69.909000 39.184000 1
6794 23.177000 -69.091000 38.797000 1
6803 23.359000 -69.254000 37.369000 1
6804 22.827000 -69.688000 38.168000 1
6811 23.636000 -69.607000 36.608000 1
7489 23.874000 -68.682000 40.034000 1
7499 23.567000 -68.510000 39.255000 1
7508 23.527000 -68.450000 38.361000 1
7515 24.137000 -68.112000 37.110000 1
7516 23.654000 -68.564000 37.563000 1
8203 24.314000 -67.257000 37.495000 1
8204 23.859000 -67.896000 37.887000 1
117744 22.228000 -71.144000 38.355000 1
121265 23.276000 -68.971000 38.033000 1
