# sub-10 hemi-L FacesvsAllnoFace_scaled Cluster_2
73
6842 -36.571000 -74.503000 -0.711000 1
7509 -39.974000 -72.344000 2.491000 1
7515 -38.907000 -73.172000 1.400000 1
7516 -39.609000 -72.832000 1.952000 1
7525 -37.935000 -72.793000 0.112000 1
7526 -38.822000 -72.590000 0.684000 1
7527 -39.547000 -72.341000 1.236000 1
7541 -37.114000 -73.063000 -0.534000 1
7551 -36.549000 -73.457000 -1.435000 1
7552 -37.041000 -72.301000 -1.074000 1
8202 -40.247000 -71.960000 5.283000 1
8212 -39.205000 -71.391000 4.799000 1
8213 -40.094000 -71.929000 4.447000 1
8223 -40.011000 -71.909000 3.666000 1
8232 -40.077000 -71.803000 2.838000 1
8233 -40.201000 -71.550000 2.061000 1
8242 -40.001000 -71.991000 1.703000 1
8243 -40.379000 -71.185000 1.298000 1
8259 -38.747000 -71.930000 -0.001000 1
8260 -39.581000 -71.732000 0.492000 1
8261 -40.255000 -71.160000 0.623000 1
8275 -37.887000 -71.955000 -0.619000 1
8276 -39.269000 -70.849000 -0.967000 1
8277 -39.442000 -71.271000 -0.266000 1
8286 -38.395000 -71.092000 -1.158000 1
8874 -36.992000 -70.167000 6.235000 1
8885 -37.588000 -70.266000 5.418000 1
8886 -38.494000 -71.111000 5.607000 1
8893 -37.933000 -69.774000 4.557000 1
8894 -38.609000 -70.541000 4.191000 1
8895 -39.388000 -71.246000 3.872000 1
8905 -39.023000 -70.421000 3.571000 1
8906 -39.713000 -70.943000 3.042000 1
8916 -40.170000 -71.097000 2.362000 1
8917 -40.515000 -70.664000 1.775000 1
8929 -40.819000 -70.544000 1.183000 1
8944 -40.764000 -70.618000 0.725000 1
8950 -40.072000 -70.600000 -0.650000 1
8951 -40.620000 -70.549000 0.018000 1
8952 -41.199000 -69.934000 -0.344000 1
8953 -38.022000 -70.703000 -1.928000 1
8954 -38.985000 -70.512000 -1.736000 1
8955 -39.841000 -70.290000 -1.543000 1
8956 -40.552000 -69.985000 -1.313000 1
9624 -36.982000 -69.417000 5.608000 1
9627 -37.429000 -69.422000 5.086000 1
9634 -38.594000 -69.709000 3.873000 1
9635 -39.344000 -69.741000 3.221000 1
9646 -40.079000 -70.209000 2.501000 1
9647 -40.726000 -69.700000 2.138000 1
9656 -41.116000 -69.947000 1.416000 1
9665 -41.207000 -69.688000 -1.084000 1
9668 -41.121000 -69.547000 -1.812000 1
10340 -37.287000 -68.726000 5.259000 1
10341 -37.852000 -68.365000 4.996000 1
10344 -37.670000 -68.980000 4.756000 1
10345 -38.305000 -68.881000 4.329000 1
10360 -38.938000 -69.091000 3.759000 1
10362 -40.436000 -68.657000 3.283000 1
10363 -41.400000 -68.349000 3.484000 1
10375 -40.962000 -68.857000 2.655000 1
11118 -38.157000 -67.710000 5.425000 1
11119 -39.104000 -67.572000 5.398000 1
11129 -38.650000 -68.094000 4.790000 1
109527 -37.819000 -70.812000 6.222000 1
111845 -41.971000 -69.061000 -1.801000 1
112339 -41.833000 -69.385000 -0.735000 1
117754 -40.288000 -68.251000 4.046000 1
117852 -40.005000 -71.692000 1.086000 1
119938 -38.247000 -70.653000 4.860000 1
124147 -40.030000 -71.099000 0.041000 1
124749 -38.767000 -71.404000 -0.580000 1
125147 -40.720000 -70.159000 -0.652000 1
