# sub-10 hemi-R FacesvsAllnoFace_scaled Cluster_27
29
23661 36.385000 -49.796000 4.787000 1
23668 37.333000 -49.588000 4.167000 1
24655 36.798000 -48.939000 4.689000 1
24656 35.856000 -48.961000 5.414000 1
24662 38.239000 -49.015000 3.169000 1
24663 37.851000 -48.908000 3.856000 1
25549 36.346000 -47.258000 4.971000 1
25550 36.100000 -48.169000 5.242000 1
25555 38.532000 -47.615000 3.321000 1
25556 37.176000 -48.147000 4.495000 1
25567 38.724000 -47.810000 3.019000 1
26445 36.600000 -46.333000 4.758000 1
26455 38.494000 -46.707000 3.503000 1
26456 37.597000 -47.235000 4.204000 1
26467 38.875000 -46.986000 3.019000 1
27319 39.118000 -45.287000 3.349000 1
27320 38.216000 -45.606000 3.882000 1
27321 36.938000 -45.477000 4.624000 1
27328 39.153000 -46.089000 3.110000 1
28123 39.284000 -44.507000 3.341000 1
28124 38.486000 -44.612000 3.991000 1
28125 37.356000 -44.613000 4.580000 1
28981 36.850000 -43.671000 5.225000 1
28993 39.391000 -43.631000 3.319000 1
28994 38.755000 -43.722000 4.117000 1
28995 37.767000 -43.871000 4.601000 1
111358 37.572000 -46.282000 4.227000 1
118359 38.443000 -48.351000 3.232000 1
128017 38.001000 -48.109000 3.765000 1
