# sub-10 hemi-L LimbsvsAllnoLimbs_scaled Cluster_12
50
15970 -27.313000 -61.254000 -6.844000 1
15971 -28.683000 -60.982000 -6.866000 1
15987 -28.414000 -61.471000 -7.516000 1
16818 -28.667000 -60.095000 -5.803000 1
16819 -29.455000 -59.738000 -5.999000 1
16831 -27.909000 -60.909000 -6.480000 1
16832 -29.971000 -60.066000 -6.588000 1
16843 -30.609000 -60.311000 -7.322000 1
17612 -29.207000 -58.770000 -5.133000 1
17624 -28.958000 -59.417000 -5.376000 1
17625 -29.849000 -58.944000 -5.685000 1
17635 -30.150000 -59.413000 -6.257000 1
17643 -30.709000 -59.463000 -6.825000 1
17644 -31.244000 -59.466000 -7.591000 1
18440 -29.080000 -58.218000 -4.726000 1
18453 -29.681000 -58.218000 -5.281000 1
18454 -30.315000 -58.124000 -5.883000 1
18465 -30.680000 -57.888000 -6.690000 1
18480 -30.941000 -57.813000 -9.251000 1
19264 -28.929000 -57.466000 -4.467000 1
19265 -29.484000 -57.559000 -4.965000 1
19273 -29.957000 -57.519000 -5.550000 1
19274 -30.329000 -57.379000 -6.210000 1
19282 -30.440000 -57.212000 -6.919000 1
19287 -30.578000 -57.435000 -7.832000 1
19292 -30.476000 -57.214000 -8.899000 1
20056 -28.623000 -55.950000 -4.780000 1
20057 -29.246000 -56.355000 -5.095000 1
20062 -29.009000 -55.801000 -5.501000 1
20063 -30.000000 -56.894000 -5.893000 1
20069 -29.499000 -56.143000 -7.156000 1
20070 -30.057000 -56.731000 -6.580000 1
20073 -29.619000 -56.209000 -8.128000 1
20074 -30.054000 -56.712000 -7.555000 1
20892 -28.778000 -55.449000 -6.602000 1
106888 -29.627000 -60.748000 -7.032000 1
109549 -29.142000 -60.390000 -6.396000 1
109719 -27.955000 -60.494000 -5.830000 1
110046 -30.129000 -56.709000 -8.373000 1
110048 -30.985000 -58.047000 -8.500000 1
111598 -29.578000 -56.244000 -5.964000 1
111900 -27.982000 -61.287000 -7.033000 1
114499 -26.807000 -61.371000 -7.331000 1
114512 -30.565000 -58.725000 -6.389000 1
117107 -29.661000 -56.891000 -5.329000 1
118053 -31.073000 -58.522000 -7.348000 1
119709 -28.791000 -56.681000 -4.459000 1
121901 -31.369000 -58.837000 -8.136000 1
122620 -28.453000 -60.563000 -6.262000 1
125009 -29.309000 -56.966000 -4.789000 1
