# sub-10 hemi-R RWvsFF_scaled Cluster_21
21
8779 21.912000 -66.425000 46.085000 1
9445 20.983000 -66.162000 46.548000 1
9464 21.410000 -65.691000 45.962000 1
9465 20.568000 -65.212000 46.497000 1
10187 22.105000 -64.772000 44.963000 1
10189 20.628000 -64.300000 46.136000 1
10902 21.076000 -63.224000 45.224000 1
10903 20.631000 -63.470000 45.932000 1
10917 21.660000 -63.383000 44.664000 1
11725 20.659000 -62.675000 45.739000 1
11735 20.666000 -61.853000 45.582000 1
12516 21.193000 -60.889000 44.394000 1
12517 20.698000 -61.003000 45.445000 1
13274 21.140000 -59.972000 44.487000 1
13275 20.796000 -60.135000 45.358000 1
110254 22.232000 -65.680000 45.413000 1
112114 20.110000 -63.690000 46.933000 1
112760 20.351000 -62.045000 46.687000 1
113156 20.267000 -62.877000 46.777000 1
114489 21.007000 -61.643000 44.769000 1
129092 20.050000 -64.452000 46.968000 1
