# sub-10 hemi-R RWvsFF_scaled Cluster_5
23
2816 24.872000 -78.100000 6.398000 1
2817 24.030000 -77.361000 5.990000 1
3247 24.605000 -76.468000 7.353000 1
3256 24.522000 -77.107000 6.693000 1
3257 23.213000 -76.133000 6.101000 1
3709 23.862000 -75.449000 7.309000 1
3710 23.417000 -74.561000 7.139000 1
3722 23.942000 -76.304000 6.696000 1
3723 23.292000 -75.310000 6.650000 1
4206 23.821000 -73.582000 7.827000 1
4220 23.846000 -74.582000 7.927000 1
4221 23.544000 -73.960000 7.539000 1
4233 24.584000 -73.728000 6.225000 1
4234 23.132000 -74.582000 6.473000 1
4739 24.869000 -73.042000 7.428000 1
4740 24.114000 -73.229000 7.672000 1
4752 24.230000 -73.382000 6.903000 1
4753 23.613000 -73.720000 7.134000 1
4761 23.729000 -73.805000 6.355000 1
116063 23.301000 -74.200000 6.455000 1
116577 24.990000 -73.421000 6.736000 1
127146 24.384000 -75.558000 7.873000 1
129080 23.334000 -74.109000 6.943000 1
