# sub-03 hemi-R LimbsvsAllnoLimbsnoCS_scaled Cluster_14
14
7482 14.523000 -77.196000 -4.387000 1
7483 14.056000 -76.770000 -3.771000 1
8106 12.572000 -76.473000 -0.731000 1
8121 12.956000 -76.502000 -1.744000 1
8122 12.387000 -76.076000 -1.612000 1
8133 13.278000 -76.484000 -2.605000 1
8134 12.671000 -76.018000 -2.429000 1
8147 14.123000 -76.609000 -4.550000 1
8148 13.610000 -76.274000 -4.035000 1
8149 13.067000 -75.936000 -3.378000 1
8820 13.212000 -75.543000 -4.264000 1
103787 13.581000 -76.499000 -3.329000 1
109484 13.338000 -76.939000 -1.091000 1
109640 13.506000 -76.820000 -1.953000 1
