# sub-03 hemi-L LimbsvsAllnoLimbsnoCS_scaled Cluster_50
21
49525 -34.596000 -24.331000 7.931000 1
49526 -35.126000 -24.279000 8.410000 1
49527 -35.957000 -24.266000 8.667000 1
49543 -38.439000 -24.567000 7.275000 1
49563 -34.273000 -23.950000 7.239000 1
50303 -34.754000 -23.616000 8.066000 1
50304 -35.474000 -23.476000 8.481000 1
50305 -36.223000 -23.335000 8.582000 1
50306 -37.736000 -23.228000 8.063000 1
50321 -38.045000 -23.903000 7.775000 1
50343 -33.869000 -23.956000 6.287000 1
50344 -34.141000 -23.148000 6.614000 1
50358 -33.688000 -23.920000 5.390000 1
51042 -35.022000 -22.770000 8.249000 1
51043 -35.786000 -22.612000 8.551000 1
51044 -36.599000 -22.520000 8.519000 1
51060 -34.531000 -22.982000 7.525000 1
51079 -33.897000 -23.296000 5.865000 1
102180 -36.973000 -23.242000 8.413000 1
107112 -36.619000 -23.906000 8.501000 1
107993 -37.290000 -23.948000 8.260000 1
