# sub-03 hemi-R RWvsAllNotext_scaled Cluster_7
40
4359 24.591000 -83.191000 1.746000 1
4367 25.787000 -83.222000 0.258000 1
4368 25.195000 -83.453000 0.983000 1
4936 25.738000 -81.994000 0.472000 1
4937 25.042000 -82.388000 1.308000 1
5506 22.864000 -79.964000 3.169000 1
5516 24.376000 -80.216000 1.963000 1
5517 23.604000 -80.580000 2.752000 1
5532 25.088000 -81.205000 1.319000 1
5544 21.076000 -80.239000 0.632000 1
5545 20.842000 -80.901000 0.236000 1
5557 21.091000 -80.207000 -0.155000 1
6114 22.180000 -79.725000 3.181000 1
6127 23.968000 -79.175000 1.885000 1
6128 23.454000 -79.610000 2.538000 1
6129 22.612000 -79.340000 2.734000 1
6130 21.810000 -79.399000 2.616000 1
6146 21.984000 -78.915000 1.683000 1
6147 21.448000 -79.486000 1.037000 1
6161 22.586000 -78.677000 0.951000 1
6162 21.822000 -79.358000 0.162000 1
6176 23.015000 -78.978000 -0.608000 1
6177 22.249000 -79.335000 -0.665000 1
6186 22.844000 -79.436000 -1.446000 1
6187 22.092000 -79.611000 -1.491000 1
6194 22.731000 -79.837000 -2.401000 1
6770 23.147000 -78.935000 2.189000 1
6784 23.583000 -78.736000 1.510000 1
6785 22.809000 -78.693000 1.643000 1
6800 23.195000 -78.613000 0.242000 1
103533 22.438000 -78.924000 0.137000 1
109182 23.337000 -78.551000 0.978000 1
109818 21.368000 -79.463000 2.001000 1
109865 20.858000 -80.844000 0.920000 1
110762 21.517000 -79.693000 -0.632000 1
116270 21.387000 -79.791000 0.201000 1
117779 22.417000 -78.960000 2.219000 1
119540 23.391000 -79.552000 -2.068000 1
120288 21.994000 -78.950000 0.818000 1
120705 23.956000 -78.578000 0.958000 1
