# sub-03 hemi-R FacesvsAllnoFace_scaled Cluster_20
35
7448 23.846000 -76.813000 -1.574000 1
7449 23.015000 -77.112000 -1.890000 1
7450 22.446000 -76.944000 -2.034000 1
7461 24.157000 -77.138000 -2.647000 1
7462 23.419000 -77.458000 -3.045000 1
7463 22.506000 -77.275000 -2.436000 1
7464 21.828000 -77.361000 -2.850000 1
7477 23.704000 -77.584000 -4.511000 1
7478 22.626000 -77.716000 -3.437000 1
7479 21.193000 -77.359000 -3.319000 1
7492 22.866000 -78.059000 -4.831000 1
8101 24.200000 -76.201000 -0.467000 1
8102 23.487000 -75.913000 -0.670000 1
8118 24.571000 -76.589000 -1.221000 1
8119 23.012000 -76.297000 -1.248000 1
8120 22.448000 -76.433000 -1.919000 1
8130 24.930000 -76.714000 -2.342000 1
8131 22.036000 -76.765000 -2.310000 1
8132 21.510000 -76.602000 -2.921000 1
8144 25.132000 -76.697000 -3.514000 1
8145 20.938000 -76.511000 -3.664000 1
8764 24.795000 -75.916000 0.003000 1
8765 23.945000 -75.566000 -0.208000 1
8766 23.499000 -75.266000 -0.711000 1
8784 23.083000 -75.477000 -1.261000 1
8785 22.575000 -75.715000 -1.842000 1
8799 22.008000 -75.932000 -2.547000 1
8814 22.451000 -74.832000 -3.824000 1
8815 21.586000 -75.564000 -3.826000 1
9448 23.896000 -74.627000 -0.432000 1
9464 23.527000 -74.558000 -1.592000 1
9465 22.980000 -74.904000 -2.257000 1
9477 23.775000 -74.047000 -3.175000 1
109452 23.715000 -76.376000 -0.897000 1
112311 22.559000 -75.211000 -2.728000 1
