# sub-03 hemi-L RWvsPER_scaled Cluster_40
18
29058 -55.129000 -49.106000 8.003000 1
29067 -57.227000 -49.471000 7.094000 1
29939 -53.806000 -48.620000 8.898000 1
29940 -54.737000 -48.523000 8.467000 1
29941 -55.626000 -48.471000 8.208000 1
29949 -56.268000 -48.863000 7.731000 1
30767 -54.163000 -47.186000 9.137000 1
30776 -54.403000 -47.859000 8.785000 1
30777 -55.519000 -47.781000 8.524000 1
30778 -56.720000 -47.361000 8.417000 1
31525 -55.054000 -46.398000 9.093000 1
31535 -54.960000 -47.211000 8.825000 1
31536 -55.903000 -46.912000 8.742000 1
32185 -54.564000 -45.498000 9.387000 1
32186 -55.612000 -45.615000 9.200000 1
32871 -54.711000 -44.533000 9.506000 1
32872 -55.607000 -44.892000 9.351000 1
107899 -54.783000 -43.780000 9.576000 1
