# sub-03 hemi-R CSvsAllNotext_scaled Cluster_21
12
15043 29.304000 -66.225000 7.121000 1
15059 29.985000 -66.643000 6.520000 1
15060 29.030000 -66.965000 6.857000 1
15782 30.385000 -65.280000 7.016000 1
15797 30.241000 -65.893000 6.731000 1
16570 30.880000 -64.670000 7.022000 1
16571 29.872000 -64.789000 7.516000 1
17424 30.237000 -64.026000 7.655000 1
18315 30.374000 -62.645000 8.204000 1
104348 29.700000 -67.407000 6.306000 1
114654 30.517000 -63.342000 7.795000 1
120521 31.277000 -63.794000 7.208000 1
