# sub-03 hemi-R LimbsvsAllnoLimbsnoCS_scaled Cluster_30
13
17307 39.215000 -63.231000 14.992000 1
17325 38.654000 -63.633000 14.168000 1
17328 38.455000 -63.544000 13.179000 1
18219 39.771000 -62.609000 15.680000 1
18236 38.266000 -62.905000 14.615000 1
18237 37.649000 -62.310000 14.041000 1
18244 38.023000 -62.548000 13.151000 1
18245 37.846000 -61.561000 13.077000 1
18257 38.500000 -61.615000 12.273000 1
19119 37.764000 -60.632000 13.107000 1
101901 38.575000 -62.541000 12.365000 1
110353 38.914000 -61.970000 11.616000 1
117714 38.042000 -63.096000 13.851000 1
