# sub-03 hemi-R LimbsvsAllnoLimbsnoCS_scaled Cluster_29
57
16604 25.115000 -64.156000 3.040000 1
16605 24.207000 -64.238000 3.220000 1
16606 23.315000 -64.047000 3.346000 1
16613 24.854000 -64.524000 2.245000 1
16614 24.180000 -64.724000 2.456000 1
16615 23.459000 -64.735000 2.755000 1
16626 25.150000 -64.394000 1.204000 1
16627 24.356000 -64.842000 1.520000 1
16628 23.578000 -65.210000 1.919000 1
17452 26.709000 -62.645000 3.969000 1
17453 26.061000 -62.906000 4.073000 1
17454 25.300000 -63.021000 4.056000 1
17467 27.239000 -62.959000 2.552000 1
17468 26.524000 -63.236000 3.323000 1
17469 25.625000 -63.486000 3.557000 1
17470 24.799000 -63.579000 3.646000 1
17471 23.958000 -63.346000 3.640000 1
17472 23.089000 -63.207000 3.433000 1
17487 26.497000 -63.602000 2.053000 1
17488 25.623000 -64.171000 2.136000 1
17489 22.278000 -63.009000 3.048000 1
17502 26.630000 -63.393000 0.750000 1
17503 25.947000 -63.913000 1.011000 1
18351 26.425000 -62.229000 4.337000 1
18352 25.695000 -62.368000 4.298000 1
18353 24.957000 -62.408000 4.138000 1
18365 27.295000 -62.591000 3.525000 1
18366 24.177000 -62.401000 3.809000 1
18367 23.540000 -62.656000 3.571000 1
18368 22.953000 -62.264000 3.250000 1
18374 28.052000 -62.365000 2.812000 1
18376 22.326000 -62.071000 2.838000 1
19199 27.164000 -62.120000 4.239000 1
19200 26.006000 -61.633000 4.456000 1
19201 25.274000 -61.707000 4.281000 1
19202 24.590000 -61.670000 3.998000 1
19212 23.911000 -61.506000 3.641000 1
19213 23.268000 -61.457000 3.278000 1
19214 22.657000 -61.455000 2.903000 1
19221 22.034000 -61.421000 2.479000 1
20073 27.134000 -60.673000 4.492000 1
20074 26.249000 -60.806000 4.440000 1
20075 25.475000 -60.980000 4.308000 1
20076 24.896000 -61.131000 4.129000 1
20087 24.322000 -60.910000 3.834000 1
20088 23.520000 -60.697000 3.431000 1
21023 27.475000 -59.830000 4.411000 1
21024 26.449000 -59.832000 4.317000 1
100233 24.847000 -60.487000 4.131000 1
101106 25.564000 -60.167000 4.254000 1
102069 26.791000 -61.513000 4.476000 1
111015 25.896000 -63.793000 2.889000 1
112424 24.646000 -63.009000 3.948000 1
112930 22.412000 -60.766000 2.620000 1
117120 22.933000 -60.912000 3.032000 1
117181 23.573000 -62.047000 3.511000 1
118613 24.577000 -64.427000 2.804000 1
