# sub-03 hemi-L RWvsAllNotext_scaled Cluster_5
44
4577 -43.285000 -82.437000 0.606000 1
5197 -39.087000 -81.359000 1.652000 1
5199 -41.556000 -81.960000 1.447000 1
5200 -42.437000 -82.054000 1.021000 1
5224 -41.923000 -81.719000 0.661000 1
5225 -42.888000 -81.923000 0.038000 1
5226 -43.841000 -82.353000 -0.252000 1
5244 -39.868000 -81.416000 -0.857000 1
5245 -40.789000 -81.606000 -1.018000 1
5246 -42.212000 -81.694000 -0.310000 1
5247 -43.519000 -82.099000 -1.172000 1
5257 -39.401000 -81.609000 -1.886000 1
5260 -43.028000 -82.160000 -2.246000 1
5270 -38.730000 -81.620000 -3.315000 1
5836 -35.769000 -80.518000 1.557000 1
5839 -38.667000 -80.950000 1.221000 1
5852 -35.317000 -80.264000 0.897000 1
5853 -36.221000 -80.154000 0.819000 1
5854 -37.159000 -80.380000 0.895000 1
5871 -38.364000 -80.833000 -0.711000 1
5872 -39.054000 -81.157000 -0.764000 1
5886 -37.869000 -80.603000 -1.304000 1
5887 -38.600000 -81.159000 -1.609000 1
5897 -38.142000 -80.858000 -3.310000 1
6566 -37.121000 -79.874000 -1.486000 1
6583 -37.406000 -79.946000 -2.630000 1
6598 -37.624000 -80.097000 -3.795000 1
99066 -38.339000 -81.059000 -2.389000 1
101933 -40.402000 -81.330000 0.042000 1
102166 -37.783000 -80.509000 -2.204000 1
104745 -39.544000 -81.144000 0.105000 1
106516 -38.002000 -80.653000 1.053000 1
108689 -41.924000 -81.845000 -1.372000 1
111118 -41.368000 -81.520000 -0.074000 1
111295 -37.736000 -80.491000 -0.033000 1
111846 -43.639000 -83.001000 0.993000 1
112351 -40.204000 -81.760000 -1.732000 1
113745 -37.228000 -80.168000 -0.638000 1
114311 -39.320000 -81.097000 0.963000 1
114649 -38.669000 -80.850000 0.289000 1
116194 -42.757000 -81.880000 -0.987000 1
116302 -43.515000 -83.473000 1.435000 1
118004 -38.848000 -81.541000 -2.484000 1
119295 -40.002000 -81.264000 0.758000 1
