# sub-03 hemi-L RWvsAllNotext_scaled Cluster_9
18
7272 -28.222000 -78.413000 -3.553000 1
7973 -27.798000 -77.426000 -3.031000 1
7986 -27.757000 -76.603000 -3.028000 1
7987 -27.799000 -76.775000 -3.658000 1
8694 -27.840000 -76.056000 -3.475000 1
9395 -28.264000 -75.765000 -3.177000 1
9396 -28.905000 -75.577000 -2.780000 1
9397 -29.911000 -75.635000 -2.505000 1
9409 -28.079000 -75.491000 -4.097000 1
9410 -28.640000 -75.194000 -3.850000 1
9411 -29.618000 -75.272000 -3.349000 1
9423 -28.333000 -75.008000 -4.664000 1
10130 -30.272000 -74.978000 -3.925000 1
10140 -29.740000 -74.489000 -4.722000 1
108974 -28.028000 -77.619000 -3.810000 1
114293 -27.954000 -76.215000 -2.672000 1
115781 -28.128000 -77.217000 -4.392000 1
115860 -29.370000 -74.872000 -4.081000 1
