# sub-03 hemi-R RWvsPER_scaled Cluster_39
20
23610 48.164000 -56.341000 14.135000 1
24369 48.258000 -55.604000 13.949000 1
25123 46.933000 -54.600000 14.738000 1
25135 47.994000 -54.859000 13.608000 1
25136 47.196000 -54.393000 13.922000 1
25151 48.463000 -54.518000 12.911000 1
25962 46.085000 -53.944000 15.112000 1
25970 46.404000 -53.852000 14.301000 1
25971 45.763000 -53.326000 14.689000 1
25985 47.585000 -54.069000 13.164000 1
25986 46.733000 -53.588000 13.509000 1
26005 48.102000 -53.670000 12.423000 1
26006 47.201000 -53.193000 12.698000 1
26028 47.841000 -52.702000 11.942000 1
26761 45.909000 -53.055000 13.967000 1
26762 45.323000 -52.449000 14.757000 1
26775 46.407000 -52.655000 13.186000 1
26776 45.654000 -52.128000 13.794000 1
26794 46.942000 -52.224000 12.352000 1
117588 45.234000 -51.591000 14.429000 1
