# sub-03 hemi-R LimbsvsAllnoLimbs_scaled Cluster_24
13
12897 18.443000 -69.687000 1.232000 1
12913 17.762000 -69.555000 -0.563000 1
12921 17.392000 -69.039000 -0.954000 1
13619 17.780000 -67.898000 1.287000 1
13634 17.874000 -68.925000 0.852000 1
13635 17.255000 -68.329000 0.244000 1
13645 17.220000 -68.333000 -0.522000 1
14343 17.085000 -66.837000 1.052000 1
14351 16.773000 -66.690000 0.295000 1
15118 17.414000 -66.102000 1.606000 1
107893 16.905000 -67.501000 -0.088000 1
114293 17.870000 -69.609000 0.213000 1
118942 17.533000 -69.018000 0.220000 1
