# sub-03 hemi-R RWvsSC_scaled Cluster_25
114
11550 28.972000 -71.342000 1.497000 1
11551 27.892000 -71.080000 2.075000 1
11557 25.515000 -71.356000 0.470000 1
12196 27.764000 -69.474000 2.594000 1
12197 27.798000 -70.265000 2.347000 1
12198 26.643000 -70.780000 2.238000 1
12204 30.105000 -70.499000 1.189000 1
12205 29.078000 -70.538000 1.716000 1
12212 25.583000 -70.452000 0.364000 1
12892 30.667000 -69.057000 1.799000 1
12893 29.595000 -69.183000 2.175000 1
12894 26.742000 -69.778000 2.464000 1
12895 25.661000 -69.153000 1.808000 1
12908 30.064000 -69.824000 1.559000 1
12909 28.852000 -69.766000 2.175000 1
12910 25.945000 -70.046000 2.004000 1
12912 25.705000 -69.674000 0.169000 1
13590 32.268000 -67.971000 3.919000 1
13612 30.210000 -68.489000 2.433000 1
13613 28.137000 -68.081000 3.195000 1
13614 27.130000 -68.214000 3.045000 1
13615 26.387000 -68.331000 2.663000 1
13616 25.800000 -68.407000 2.176000 1
13633 25.583000 -68.482000 1.499000 1
13644 25.756000 -68.178000 0.608000 1
13646 25.939000 -68.964000 -0.112000 1
14308 31.905000 -66.957000 4.841000 1
14315 31.988000 -67.390000 4.236000 1
14322 32.189000 -67.859000 3.497000 1
14323 31.623000 -67.494000 3.485000 1
14324 30.407000 -67.181000 3.563000 1
14325 28.322000 -67.403000 3.483000 1
14326 27.286000 -67.356000 3.308000 1
14327 26.588000 -67.138000 3.024000 1
14335 31.935000 -67.935000 2.886000 1
14336 30.987000 -67.804000 2.866000 1
14337 29.464000 -67.856000 3.165000 1
14338 26.634000 -67.723000 2.977000 1
14339 26.084000 -67.558000 2.448000 1
14340 25.696000 -67.771000 1.599000 1
14350 25.981000 -67.287000 0.865000 1
14356 26.610000 -67.730000 -0.370000 1
15071 31.876000 -66.289000 5.063000 1
15083 31.750000 -66.695000 4.611000 1
15084 30.941000 -65.783000 4.527000 1
15085 29.406000 -65.441000 4.289000 1
15098 31.899000 -67.250000 3.976000 1
15099 31.246000 -66.800000 4.048000 1
15100 29.865000 -66.323000 4.145000 1
15102 27.039000 -66.557000 3.219000 1
15115 26.977000 -66.040000 2.883000 1
15116 26.444000 -66.630000 2.422000 1
15129 27.000000 -65.931000 1.770000 1
15130 26.383000 -66.608000 1.236000 1
15135 27.230000 -66.276000 0.370000 1
15795 31.765000 -65.305000 5.745000 1
15817 31.685000 -65.221000 5.424000 1
15818 31.232000 -64.962000 4.966000 1
15819 30.066000 -64.779000 4.484000 1
15820 29.166000 -64.854000 4.146000 1
15831 27.692000 -65.877000 3.475000 1
15846 27.831000 -65.715000 0.612000 1
15855 28.166000 -66.199000 -0.640000 1
16580 32.356000 -63.807000 6.067000 1
16587 31.990000 -64.483000 5.796000 1
16594 31.534000 -64.102000 5.167000 1
16595 30.517000 -64.117000 4.525000 1
16596 29.579000 -64.277000 4.033000 1
16622 31.213000 -64.542000 0.252000 1
16623 30.557000 -64.522000 0.589000 1
17441 32.666000 -63.166000 5.731000 1
17442 32.177000 -63.597000 5.453000 1
17448 32.527000 -62.913000 4.895000 1
17449 31.759000 -63.188000 4.568000 1
17450 30.898000 -63.528000 4.292000 1
17451 30.155000 -63.772000 4.038000 1
17462 34.099000 -63.017000 2.773000 1
17463 32.368000 -62.763000 3.732000 1
17464 31.356000 -63.094000 3.550000 1
17465 30.511000 -63.453000 3.459000 1
17466 29.807000 -63.811000 3.425000 1
17482 32.797000 -63.598000 1.498000 1
17483 31.099000 -63.374000 2.487000 1
17484 30.282000 -63.658000 2.498000 1
17485 29.683000 -63.939000 2.566000 1
17499 30.972000 -63.991000 1.317000 1
17500 30.077000 -64.115000 1.616000 1
17514 31.836000 -64.353000 0.398000 1
18340 33.210000 -62.633000 5.348000 1
18350 33.181000 -62.629000 4.411000 1
18363 34.135000 -62.602000 3.924000 1
18364 33.320000 -62.711000 3.533000 1
100272 33.032000 -62.986000 2.598000 1
100990 29.728000 -70.977000 1.165000 1
101871 25.535000 -69.826000 1.184000 1
102279 27.890000 -68.783000 2.853000 1
103102 27.674000 -66.713000 -0.750000 1
103131 32.007000 -63.092000 2.565000 1
103811 29.022000 -66.931000 3.744000 1
103856 27.870000 -66.627000 3.609000 1
104367 31.775000 -65.861000 4.981000 1
105953 25.525000 -69.009000 0.930000 1
105992 31.769000 -65.788000 5.297000 1
108690 31.863000 -63.712000 1.456000 1
109191 26.145000 -69.105000 2.353000 1
109639 32.999000 -62.786000 6.030000 1
109680 26.911000 -68.951000 2.716000 1
110319 25.944000 -67.091000 1.735000 1
110823 29.019000 -68.644000 2.716000 1
111916 26.761000 -66.912000 -0.001000 1
114684 26.468000 -68.450000 -0.585000 1
117172 27.702000 -65.444000 1.657000 1
117413 28.643000 -69.193000 2.511000 1
117805 33.742000 -62.438000 4.780000 1
