# sub-03 hemi-R FacesvsAllnoFacenoCS_scaled Cluster_16
29
5215 26.985000 -80.483000 32.043000 1
5229 26.840000 -80.691000 31.222000 1
5238 26.997000 -80.921000 30.416000 1
5811 28.015000 -79.895000 33.666000 1
5812 27.239000 -79.253000 33.101000 1
5822 27.486000 -80.276000 32.890000 1
5833 26.524000 -79.657000 31.426000 1
5838 26.582000 -79.896000 30.519000 1
5843 27.416000 -79.553000 29.206000 1
5844 26.943000 -80.208000 29.792000 1
5854 28.993000 -79.978000 28.529000 1
5855 28.144000 -80.278000 28.703000 1
6409 26.648000 -78.388000 32.591000 1
6437 26.379000 -78.894000 30.676000 1
6444 26.961000 -78.457000 29.459000 1
6445 26.646000 -79.189000 29.901000 1
6456 31.234000 -78.770000 28.445000 1
6457 30.167000 -78.869000 28.519000 1
6458 28.891000 -78.935000 28.569000 1
6459 27.763000 -78.657000 28.828000 1
7109 26.359000 -77.751000 31.769000 1
7135 27.324000 -77.881000 29.120000 1
7147 31.595000 -77.941000 28.553000 1
7148 30.475000 -77.982000 28.511000 1
7149 28.066000 -77.728000 28.625000 1
101824 26.489000 -78.196000 30.058000 1
107089 28.203000 -79.481000 28.685000 1
107724 29.293000 -77.925000 28.494000 1
117821 27.299000 -77.287000 29.050000 1
