# sub-03 hemi-L RWvsSC_scaled Cluster_43
14
34459 -44.292000 -43.340000 -0.508000 1
34461 -45.620000 -43.853000 -0.843000 1
34465 -44.848000 -43.907000 -1.312000 1
34466 -45.289000 -44.078000 -1.623000 1
34467 -46.097000 -43.958000 -1.590000 1
34470 -45.327000 -43.690000 -2.228000 1
34471 -45.936000 -43.967000 -2.277000 1
34472 -47.101000 -43.465000 -1.849000 1
35206 -43.598000 -42.921000 -0.120000 1
35209 -46.922000 -43.149000 -0.713000 1
35214 -44.716000 -43.554000 -1.277000 1
35948 -44.519000 -41.833000 -0.230000 1
35957 -44.876000 -42.656000 -1.058000 1
35958 -45.487000 -42.007000 -1.692000 1
