# sub-03 hemi-R CSvsAllNotext_scaled Cluster_48
16
49556 48.625000 -24.721000 8.833000 1
49566 49.010000 -25.476000 8.638000 1
50358 48.611000 -24.054000 9.126000 1
50369 48.285000 -24.089000 8.646000 1
51187 48.982000 -23.555000 9.424000 1
51199 48.456000 -23.484000 8.853000 1
52055 48.829000 -22.789000 9.139000 1
52068 48.328000 -22.748000 8.418000 1
53051 48.818000 -22.148000 8.799000 1
53065 48.603000 -21.862000 8.271000 1
53078 48.586000 -21.540000 7.740000 1
53100 48.968000 -21.133000 6.314000 1
53101 48.557000 -21.482000 6.979000 1
54010 48.847000 -21.245000 8.130000 1
54022 48.883000 -20.932000 7.598000 1
54042 49.017000 -20.668000 6.879000 1
