# sub-01 hemi-R RWvsFF_scaled Cluster_12
35
3730 22.529000 -72.462000 -12.401000 1
3736 22.387000 -72.907000 -13.052000 1
3737 21.094000 -72.430000 -13.005000 1
3738 19.548000 -72.578000 -13.262000 1
3739 18.029000 -72.203000 -12.861000 1
3740 16.914000 -72.155000 -12.881000 1
3741 15.715000 -71.976000 -13.134000 1
3748 16.495000 -72.782000 -13.617000 1
3749 14.987000 -72.099000 -13.789000 1
3750 14.791000 -71.464000 -13.919000 1
4425 22.597000 -72.053000 -11.670000 1
4430 18.136000 -71.060000 -11.832000 1
4432 21.308000 -71.922000 -12.417000 1
4433 20.476000 -71.781000 -12.432000 1
4434 19.496000 -71.823000 -12.514000 1
4435 18.495000 -71.624000 -12.356000 1
4436 17.439000 -71.413000 -12.247000 1
4437 16.295000 -71.344000 -12.440000 1
4444 15.011000 -71.454000 -13.353000 1
4452 14.835000 -71.472000 -14.500000 1
5119 19.926000 -70.041000 -10.873000 1
5125 19.405000 -70.508000 -11.345000 1
5126 18.323000 -70.359000 -11.315000 1
5127 17.418000 -70.607000 -11.626000 1
5152 14.806000 -70.886000 -13.931000 1
5164 16.318000 -70.018000 -14.722000 1
5165 15.288000 -70.574000 -14.451000 1
5174 16.511000 -70.527000 -15.367000 1
5175 15.247000 -71.215000 -15.107000 1
5900 19.586000 -69.267000 -10.348000 1
5911 18.960000 -69.733000 -10.809000 1
108500 21.940000 -72.243000 -12.544000 1
119361 18.868000 -72.216000 -12.871000 1
119977 21.705000 -72.497000 -12.915000 1
128333 20.196000 -70.647000 -11.361000 1
