# sub-01 hemi-R LimbsvsAllnoLimbsnoCS_scaled Cluster_73
12
64813 37.712000 -9.801000 -3.831000 1
65713 38.141000 -8.934000 -3.593000 1
65720 38.037000 -8.259000 -4.080000 1
65721 37.504000 -8.232000 -4.835000 1
66599 38.505000 -7.572000 -3.703000 1
66609 37.909000 -7.529000 -4.469000 1
66610 37.368000 -7.590000 -5.210000 1
67479 38.393000 -6.700000 -4.148000 1
67480 37.653000 -6.781000 -4.961000 1
116277 38.484000 -8.274000 -3.411000 1
118179 37.615000 -8.957000 -4.424000 1
129708 38.067000 -6.255000 -4.621000 1
