# sub-01 hemi-R LimbsvsAllnoLimbs_scaled Cluster_17
91
11533 32.293000 -62.704000 -6.796000 1
11551 32.870000 -63.549000 -8.187000 1
11552 32.263000 -63.430000 -7.615000 1
11567 35.346000 -63.271000 -9.441000 1
11568 34.494000 -63.418000 -8.962000 1
11569 33.632000 -63.553000 -8.614000 1
12604 31.942000 -62.234000 -5.905000 1
12621 33.185000 -62.231000 -6.801000 1
12622 31.379000 -62.786000 -6.451000 1
12637 34.599000 -62.083000 -7.808000 1
12638 32.969000 -62.897000 -7.453000 1
12651 35.690000 -62.421000 -9.132000 1
12652 34.924000 -62.627000 -8.568000 1
12653 34.156000 -62.850000 -8.160000 1
13603 32.979000 -61.171000 -5.857000 1
13610 34.089000 -60.966000 -6.707000 1
13611 33.392000 -61.441000 -6.386000 1
13612 32.698000 -61.900000 -6.186000 1
13622 34.931000 -61.125000 -7.603000 1
13623 34.288000 -61.569000 -7.231000 1
13624 33.766000 -61.746000 -6.877000 1
13631 36.169000 -61.541000 -9.134000 1
13632 35.329000 -61.770000 -8.349000 1
14525 33.528000 -60.480000 -6.037000 1
14535 34.242000 -59.973000 -6.479000 1
14544 35.346000 -60.128000 -7.622000 1
14545 34.677000 -60.402000 -7.083000 1
14556 36.357000 -60.566000 -8.945000 1
14557 35.683000 -60.817000 -8.288000 1
14571 37.791000 -60.379000 -10.751000 1
14572 36.985000 -60.954000 -9.827000 1
15619 33.932000 -58.890000 -5.764000 1
15631 34.958000 -59.385000 -6.958000 1
15632 34.343000 -59.070000 -6.263000 1
15633 33.809000 -59.526000 -5.929000 1
15642 36.592000 -58.947000 -8.626000 1
15643 35.683000 -59.217000 -7.666000 1
15654 37.465000 -58.580000 -9.614000 1
15655 36.102000 -59.769000 -8.343000 1
15670 37.964000 -59.309000 -10.714000 1
15671 37.008000 -59.754000 -9.483000 1
16734 33.711000 -58.527000 -5.321000 1
16748 34.934000 -58.521000 -6.476000 1
16749 34.376000 -58.357000 -5.792000 1
16764 36.220000 -58.523000 -7.844000 1
16765 35.547000 -58.559000 -7.135000 1
16777 36.895000 -58.156000 -8.515000 1
16792 38.281000 -57.945000 -10.268000 1
17823 34.307000 -56.495000 -3.392000 1
17832 35.129000 -57.176000 -5.242000 1
17833 34.477000 -57.281000 -4.726000 1
17851 36.105000 -56.954000 -6.000000 1
17852 34.725000 -57.683000 -5.507000 1
17868 36.209000 -57.318000 -6.646000 1
17869 35.526000 -57.931000 -6.592000 1
17870 34.984000 -57.963000 -6.073000 1
17888 37.143000 -57.517000 -8.149000 1
17889 36.704000 -57.388000 -7.411000 1
17890 36.118000 -57.907000 -7.244000 1
17914 39.456000 -57.138000 -9.896000 1
17915 38.420000 -57.367000 -9.551000 1
17916 37.600000 -57.731000 -9.100000 1
17936 39.248000 -57.673000 -10.801000 1
19002 33.981000 -56.194000 -2.637000 1
19019 36.125000 -56.280000 -4.846000 1
19020 35.261000 -56.640000 -4.577000 1
19039 38.048000 -56.106000 -6.351000 1
19041 36.442000 -56.499000 -5.639000 1
19042 35.741000 -56.817000 -5.392000 1
19061 37.323000 -56.564000 -6.786000 1
19062 36.659000 -56.725000 -6.369000 1
19075 37.374000 -56.927000 -7.609000 1
19076 36.836000 -56.949000 -6.986000 1
19089 38.540000 -56.872000 -8.777000 1
19090 37.806000 -57.143000 -8.526000 1
20120 34.443000 -55.598000 -2.245000 1
20136 34.734000 -55.936000 -2.945000 1
107679 34.030000 -57.923000 -5.135000 1
107765 33.796000 -62.379000 -7.416000 1
107901 33.476000 -63.048000 -7.939000 1
112581 38.011000 -56.747000 -8.037000 1
113598 33.309000 -59.829000 -5.580000 1
114399 38.305000 -58.570000 -10.783000 1
115149 33.686000 -57.624000 -4.445000 1
115735 34.497000 -61.014000 -7.149000 1
116200 35.485000 -57.414000 -5.925000 1
116943 37.974000 -56.486000 -7.319000 1
122957 33.977000 -57.063000 -3.914000 1
123999 34.595000 -56.736000 -4.070000 1
128330 36.595000 -57.867000 -7.828000 1
129366 36.129000 -59.099000 -8.095000 1
