# sub-01 hemi-L LimbsvsAllnoLimbs_scaled Cluster_29
30
40434 -43.898000 -32.387000 -1.881000 1
40435 -44.382000 -32.373000 -2.546000 1
40443 -44.860000 -32.319000 -3.186000 1
41451 -45.434000 -31.264000 -4.147000 1
41458 -46.197000 -31.364000 -4.533000 1
41459 -46.998000 -31.206000 -5.112000 1
42420 -41.639000 -30.378000 -2.964000 1
42433 -45.035000 -30.621000 -4.396000 1
42440 -45.834000 -30.559000 -4.750000 1
42441 -46.629000 -30.547000 -5.177000 1
42442 -47.335000 -30.481000 -5.587000 1
43396 -41.221000 -29.333000 -3.052000 1
43397 -41.882000 -29.569000 -3.489000 1
43403 -42.474000 -29.432000 -3.830000 1
43406 -44.572000 -30.034000 -4.574000 1
43411 -44.548000 -29.169000 -4.842000 1
43412 -45.370000 -29.621000 -5.075000 1
43413 -46.346000 -29.673000 -5.471000 1
44322 -41.487000 -28.426000 -3.337000 1
44327 -42.136000 -28.709000 -3.765000 1
44328 -42.914000 -28.762000 -4.229000 1
44329 -43.727000 -28.909000 -4.573000 1
44334 -43.732000 -27.603000 -4.704000 1
44335 -44.625000 -27.954000 -5.150000 1
44336 -45.432000 -28.302000 -5.511000 1
44342 -45.382000 -27.111000 -5.913000 1
115233 -45.132000 -31.750000 -3.583000 1
115270 -42.764000 -27.898000 -4.179000 1
118152 -42.137000 -27.622000 -3.755000 1
126639 -41.639000 -29.037000 -3.445000 1
