# sub-01 hemi-R RWvsAllnoletterstring_scaled Cluster_2
17
2139 27.803000 -74.871000 16.914000 1
2766 29.033000 -73.189000 16.892000 1
2767 28.554000 -74.006000 17.363000 1
2775 28.888000 -73.205000 15.975000 1
2776 28.371000 -74.018000 16.471000 1
2783 28.917000 -73.486000 15.055000 1
2784 28.328000 -74.272000 15.541000 1
2793 28.982000 -73.886000 14.269000 1
3437 31.067000 -72.715000 17.563000 1
3438 29.969000 -72.781000 17.277000 1
3445 30.765000 -72.398000 16.715000 1
3446 29.694000 -72.571000 16.376000 1
3452 31.715000 -72.300000 16.166000 1
3453 30.503000 -72.169000 15.849000 1
3454 29.559000 -72.622000 15.429000 1
122086 29.391000 -73.490000 17.812000 1
124810 28.115000 -74.745000 17.696000 1
