# sub-01 hemi-R LimbsvsAllnoLimbs_scaled Cluster_22
22
14812 27.051000 -60.788000 -23.144000 1
15865 26.757000 -58.257000 -22.774000 1
15877 27.118000 -59.485000 -22.959000 1
16967 26.445000 -57.276000 -21.946000 1
16968 25.650000 -56.862000 -21.985000 1
16980 26.294000 -57.448000 -22.679000 1
16981 25.682000 -57.023000 -22.854000 1
16982 23.135000 -57.589000 -22.657000 1
16983 22.234000 -58.081000 -22.552000 1
18075 28.110000 -57.709000 -22.502000 1
18076 27.512000 -57.544000 -22.247000 1
18077 26.789000 -57.467000 -22.385000 1
18078 25.860000 -56.998000 -22.595000 1
18079 25.142000 -56.703000 -22.422000 1
18086 27.448000 -57.772000 -22.557000 1
18087 25.049000 -56.913000 -22.820000 1
19239 24.559000 -56.538000 -22.497000 1
19244 23.996000 -56.295000 -22.321000 1
119680 24.047000 -57.023000 -22.783000 1
123639 23.644000 -57.890000 -22.752000 1
124773 26.540000 -60.258000 -22.879000 1
127777 25.482000 -56.852000 -22.778000 1
