# sub-01 hemi-R RWvsAllNotext_scaled Cluster_56
12
60173 51.125000 -14.654000 -2.766000 1
60174 50.650000 -13.995000 -2.532000 1
60182 50.759000 -14.213000 -3.273000 1
61047 50.417000 -13.185000 -2.456000 1
61050 50.374000 -13.493000 -3.074000 1
61055 50.935000 -13.158000 -4.395000 1
61056 50.645000 -13.621000 -3.661000 1
62031 50.090000 -12.685000 -3.020000 1
62037 51.143000 -12.392000 -4.854000 1
62048 50.973000 -11.742000 -4.896000 1
109768 51.705000 -11.918000 -5.411000 1
110442 50.402000 -12.900000 -3.654000 1
