# sub-01 hemi-L FacesvsAllnoFacenoCS_scaled Cluster_39
21
50926 -38.291000 -20.763000 3.630000 1
50927 -39.024000 -20.024000 3.108000 1
50939 -38.330000 -21.084000 2.857000 1
50940 -39.022000 -20.083000 2.451000 1
50952 -38.406000 -21.166000 1.994000 1
50953 -38.901000 -20.115000 1.672000 1
50965 -38.449000 -21.261000 0.949000 1
50966 -38.731000 -20.097000 0.614000 1
51770 -38.885000 -19.270000 4.638000 1
51780 -39.413000 -19.208000 3.683000 1
51792 -39.352000 -19.224000 2.923000 1
51805 -39.149000 -19.343000 2.174000 1
51815 -37.525000 -20.096000 0.773000 1
51816 -38.405000 -19.584000 1.266000 1
51817 -38.860000 -19.644000 1.373000 1
51826 -38.354000 -19.739000 0.375000 1
51827 -38.568000 -19.929000 0.322000 1
52766 -39.053000 -19.325000 1.833000 1
52776 -38.754000 -19.697000 1.109000 1
110351 -39.198000 -18.909000 4.081000 1
125699 -39.765000 -18.945000 3.082000 1
