# sub-01 hemi-L FacesvsAllnoFace_scaled Cluster_9
39
13371 -30.354000 -60.060000 -11.319000 1
13372 -30.959000 -59.910000 -11.901000 1
13391 -31.275000 -59.914000 -12.718000 1
13406 -29.815000 -60.453000 -13.292000 1
13419 -30.788000 -60.093000 -14.406000 1
13420 -31.207000 -60.002000 -13.616000 1
14348 -31.008000 -59.602000 -10.895000 1
14358 -32.081000 -59.632000 -12.967000 1
14359 -32.913000 -59.261000 -12.637000 1
14360 -34.377000 -59.171000 -12.930000 1
14361 -35.265000 -59.272000 -13.158000 1
14362 -36.200000 -59.340000 -13.070000 1
14371 -32.078000 -59.699000 -13.994000 1
14372 -32.956000 -59.451000 -13.538000 1
14373 -33.847000 -59.339000 -13.609000 1
14374 -36.985000 -59.305000 -13.776000 1
14384 -31.450000 -59.858000 -14.576000 1
14385 -32.776000 -59.601000 -14.495000 1
14386 -34.077000 -59.479000 -14.429000 1
14387 -34.896000 -59.459000 -14.616000 1
14388 -35.768000 -59.391000 -14.635000 1
14389 -36.694000 -59.309000 -14.594000 1
14399 -31.696000 -59.690000 -15.555000 1
14400 -32.664000 -59.624000 -15.377000 1
14401 -34.312000 -59.533000 -15.365000 1
14416 -33.518000 -59.539000 -16.121000 1
106870 -36.358000 -59.356000 -15.391000 1
107306 -35.437000 -59.459000 -15.673000 1
107745 -36.026000 -59.314000 -13.806000 1
108447 -34.623000 -59.338000 -13.762000 1
108489 -33.453000 -59.583000 -15.000000 1
113676 -33.616000 -59.159000 -12.779000 1
114022 -30.322000 -60.282000 -13.842000 1
114839 -30.469000 -60.255000 -12.834000 1
116245 -31.727000 -59.620000 -12.193000 1
120357 -32.118000 -59.694000 -14.787000 1
121455 -37.735000 -59.171000 -14.649000 1
121861 -33.418000 -59.505000 -14.228000 1
122460 -35.315000 -59.343000 -13.957000 1
