#!ascii label  , from subject sub-04 vox2ras=TkReg
1957
114002  -18.938  -45.318  3.359 0.5000000000
31727  -19.686  -44.956  3.573 0.5000000000
31716  -19.204  -44.105  3.895 0.4000000060
31717  -20.127  -44.321  3.943 0.5000000000
32506  -19.999  -43.524  4.259 0.5000000000
32507  -21.175  -43.237  4.446 0.5000000000
46085  -25.164  -26.647  1.421 0.5000000000
46938  -26.313  -25.787  1.124 0.4000000060
46939  -27.013  -25.882  1.641 0.4000000060
47765  -27.012  -25.333  1.018 0.4000000060
47750  -27.582  -25.535  1.741 0.6000000238
47766  -27.693  -24.897  1.094 0.5000000000
114224  -28.661  -25.151  2.419 0.5000000000
48521  -28.339  -24.417  1.270 0.5000000000
48507  -28.866  -24.589  1.904 0.4000000060
49261  -28.993  -23.857  1.444 0.5000000000
48499  -29.946  -24.460  2.958 0.4000000060
30073  -19.022  -46.889  2.771 0.5000000000
30894  -19.604  -45.796  3.252 0.4000000060
30895  -20.541  -45.681  3.389 0.5000000000
31728  -20.831  -44.917  3.736 0.5000000000
31718  -21.072  -44.109  4.162 0.5000000000
32508  -21.955  -43.052  4.361 0.5000000000
33340  -21.399  -42.324  4.550 0.5000000000
107081  -23.518  -27.014  1.281 0.5000000000
46073  -24.282  -27.520  1.990 0.5000000000
110078  -25.959  -26.583  1.666 0.5000000000
50777  -31.399  -21.800  6.021 0.3000000119
47752  -29.245  -24.840  2.653 0.4000000060
111009  -31.839  -22.464  5.099 0.3000000119
49238  -31.294  -23.482  3.380 0.4000000060
48500  -30.679  -24.007  3.207 0.3000000119
112674  -31.502  -23.537  4.084 0.4000000060
30054  -18.719  -46.005  3.086 0.5000000000
46923  -27.386  -26.219  2.335 0.6000000238
50787  -31.972  -21.498  5.110 0.3000000119
49230  -31.731  -23.150  4.512 0.3000000119
26274  -34.734  -51.733  0.018 0.3000000119
27016  -34.087  -50.408  -0.338 0.3000000119
26276  -34.049  -50.678  -0.431 0.4000000060
26273  -33.581  -50.811  -0.368 0.4000000060
25537  -34.140  -51.551  -0.445 0.4000000060
102956  -33.445  -51.760  -0.277 0.4000000060
26272  -32.554  -51.602  0.309 0.4000000060
25535  -32.776  -52.498  0.213 0.4000000060
26265  -31.504  -51.464  0.893 0.4000000060
116006  -30.446  -51.206  1.053 0.4000000060
27008  -34.167  -50.204  0.117 0.3000000119
27756  -33.796  -49.820  -0.282 0.3000000119
115700  -33.849  -50.139  -0.396 0.4000000060
27760  -33.597  -49.605  -0.291 0.4000000060
27015  -33.256  -49.947  -0.373 0.4000000060
27014  -32.188  -49.763  -0.063 0.4000000060
99877  -32.395  -50.685  0.188 0.4000000060
26271  -31.197  -50.533  0.667 0.4000000060
102763  -28.833  -50.745  0.899 0.4000000060
27007  -29.734  -50.380  0.750 0.4000000060
98255  -32.926  -48.930  1.122 0.3000000119
28483  -32.994  -48.110  0.304 0.3000000119
28491  -32.627  -47.396  -0.095 0.3000000119
27755  -33.335  -49.037  -0.200 0.4000000060
97564  -32.748  -48.177  -0.370 0.4000000060
102270  -33.036  -49.151  -0.410 0.4000000060
27754  -32.001  -48.874  -0.274 0.4000000060
27013  -30.953  -49.612  0.423 0.4000000060
27752  -29.280  -48.931  0.667 0.4000000060
28474  -29.234  -48.531  1.904 0.4000000060
28481  -29.358  -48.209  1.003 0.4000000060
27006  -28.985  -49.943  0.735 0.4000000060
28476  -32.341  -48.633  1.727 0.3000000119
113367  -32.634  -47.550  -0.184 0.3000000119
28490  -32.148  -47.333  -0.321 0.3000000119
111322  -31.630  -48.079  -0.263 0.4000000060
27753  -30.378  -48.352  0.269 0.4000000060
29257  -29.805  -47.062  0.745 0.4000000060
28488  -29.986  -47.757  0.394 0.4000000060
27012  -29.802  -49.317  0.511 0.4000000060
29249  -29.437  -47.538  1.932 0.4000000060
28482  -32.164  -47.534  1.009 0.3000000119
29250  -31.837  -46.383  1.143 0.3000000119
29258  -32.098  -46.387  0.038 0.3000000119
97773  -31.807  -46.188  -0.035 0.4000000060
29265  -31.689  -46.590  -0.207 0.4000000060
30094  -31.337  -45.702  -0.100 0.4000000060
28489  -31.123  -47.384  -0.128 0.4000000060
30911  -30.383  -44.462  0.935 0.3000000119
30917  -30.341  -45.252  0.629 0.4000000060
29264  -30.679  -46.688  0.019 0.4000000060
97522  -29.708  -45.464  1.963 0.3000000119
98054  -29.725  -46.306  1.270 0.4000000060
30061  -29.492  -46.632  2.620 0.4000000060
29226  -31.177  -46.466  4.076 0.3000000119
113254  -31.237  -45.952  4.768 0.3000000119
103853  -31.501  -47.502  2.465 0.3000000119
29235  -31.376  -46.479  2.687 0.3000000119
30912  -31.728  -44.246  0.465 0.3000000119
30080  -31.750  -45.294  0.338 0.3000000119
30924  -31.309  -44.719  0.066 0.3000000119
30089  -31.597  -45.420  0.146 0.3000000119
31742  -31.064  -43.706  0.342 0.3000000119
30918  -30.946  -44.395  0.089 0.3000000119
30088  -30.922  -45.085  -0.021 0.4000000060
30899  -29.923  -44.489  2.078 0.3000000119
115783  -29.599  -45.150  2.953 0.4000000060
96857  -29.477  -45.957  3.324 0.4000000060
30047  -31.335  -45.525  3.992 0.3000000119
29225  -31.460  -45.418  2.890 0.3000000119
30880  -31.725  -44.325  3.096 0.3000000119
30062  -31.756  -45.314  1.420 0.3000000119
31748  -31.610  -43.818  0.353 0.3000000119
31734  -31.147  -42.983  0.884 0.3000000119
32564  -31.599  -43.504  0.470 0.3000000119
31741  -30.509  -43.758  1.157 0.3000000119
31733  -30.246  -43.634  2.131 0.3000000119
109080  -29.705  -44.454  3.155 0.3000000119
113832  -29.577  -44.477  4.044 0.3000000119
30046  -29.349  -46.234  4.385 0.4000000060
30864  -31.451  -45.165  4.633 0.3000000119
31710  -32.345  -43.846  5.135 0.3000000119
32491  -32.824  -43.271  4.744 0.3000000119
103542  -31.892  -44.170  1.426 0.3000000119
99628  -32.332  -42.856  2.340 0.3000000119
33371  -31.921  -42.070  1.212 0.3000000119
32551  -31.821  -42.661  0.920 0.3000000119
31743  -31.728  -43.445  0.570 0.3000000119
106192  -31.527  -42.326  1.252 0.3000000119
32535  -30.690  -42.702  2.048 0.3000000119
32534  -29.930  -43.616  3.418 0.3000000119
30879  -29.464  -45.278  3.995 0.4000000060
98649  -29.417  -44.889  4.837 0.4000000060
30034  -29.161  -46.442  5.240 0.5000000000
31719  -31.873  -44.134  4.399 0.3000000119
32512  -32.535  -42.860  3.597 0.3000000119
31735  -32.091  -42.959  1.151 0.3000000119
32513  -32.331  -41.773  1.867 0.3000000119
32492  -33.416  -43.166  4.907 0.3000000119
32536  -32.021  -42.122  1.216 0.3000000119
33325  -33.728  -42.073  3.768 0.3000000119
33344  -31.320  -41.860  2.012 0.3000000119
32514  -34.417  -42.505  4.013 0.3000000119
33322  -30.813  -41.864  3.611 0.3000000119
32511  -30.387  -42.660  3.354 0.3000000119
33349  -34.777  -41.544  2.929 0.3000000119
32510  -29.936  -43.407  4.347 0.3000000119
99756  -29.629  -44.112  4.628 0.3000000119
30863  -29.249  -45.251  5.737 0.4000000060
30018  -28.975  -46.091  6.026 0.5000000000
33324  -33.093  -42.391  3.823 0.3000000119
117220  -32.764  -41.727  2.515 0.3000000119
33346  -33.105  -41.319  2.543 0.3000000119
32537  -32.166  -41.637  1.756 0.3000000119
33348  -34.191  -41.188  2.838 0.3000000119
34182  -33.966  -40.031  1.905 0.3000000119
107005  -34.651  -39.661  2.296 0.3000000119
34193  -34.258  -39.952  1.826 0.3000000119
33305  -30.836  -42.238  5.312 0.3000000119
32490  -30.279  -42.866  4.716 0.3000000119
32489  -29.785  -43.788  5.452 0.3000000119
31709  -29.480  -44.525  5.538 0.3000000119
33360  -32.590  -41.167  2.118 0.3000000119
33345  -31.619  -41.144  2.626 0.3000000119
34191  -32.421  -40.790  2.331 0.3000000119
33361  -33.017  -40.499  2.339 0.3000000119
34180  -31.868  -40.578  3.262 0.3000000119
34181  -32.585  -40.230  2.845 0.3000000119
34914  -32.963  -39.854  3.460 0.3000000119
34925  -33.148  -39.964  2.572 0.3000000119
33347  -33.533  -40.591  2.363 0.3000000119
115885  -31.407  -41.576  5.313 0.3000000119
34926  -33.988  -39.518  3.394 0.3000000119
34935  -34.077  -39.589  2.430 0.3000000119
34917  -34.870  -39.991  4.587 0.3000000119
34927  -34.521  -39.636  3.447 0.3000000119
34164  -35.492  -40.615  5.431 0.3000000119
34183  -35.213  -40.026  3.779 0.3000000119
32479  -30.300  -43.249  6.117 0.4000000060
34165  -36.050  -40.769  4.502 0.3000000119
33328  -38.229  -42.577  5.306 0.3000000119
116681  -29.561  -44.299  6.061 0.3000000119
31697  -29.294  -44.786  6.532 0.4000000060
32495  -39.839  -43.117  5.731 0.3000000119
30845  -28.997  -45.492  6.547 0.5000000000
30844  -28.552  -46.034  7.132 0.5000000000
34162  -31.766  -40.875  4.631 0.3000000119
34163  -32.315  -40.264  4.017 0.3000000119
34904  -32.984  -40.152  4.962 0.3000000119
34915  -33.581  -39.698  4.081 0.3000000119
34906  -34.683  -40.258  5.533 0.3000000119
34154  -36.394  -41.416  5.873 0.3000000119
33289  -30.842  -42.796  6.841 0.4000000060
32470  -30.259  -43.422  7.346 0.5000000000
33326  -37.135  -42.014  6.064 0.3000000119
98403  -37.852  -42.426  6.093 0.4000000060
33309  -38.424  -42.611  6.851 0.4000000060
32478  -29.733  -44.031  6.745 0.5000000000
31683  -29.184  -44.505  7.544 0.6000000238
97029  -38.994  -42.878  6.146 0.3000000119
30826  -28.808  -45.203  7.334 0.6000000238
30825  -28.236  -45.515  7.920 0.6000000238
34150  -32.710  -40.839  6.158 0.3000000119
34151  -33.487  -40.528  6.309 0.3000000119
34152  -34.334  -40.540  6.475 0.3000000119
34153  -35.139  -40.801  6.590 0.4000000060
33306  -31.413  -42.133  6.393 0.4000000060
97377  -35.971  -41.375  6.761 0.4000000060
33291  -36.496  -41.832  7.906 0.4000000060
107547  -30.748  -42.929  7.977 0.5000000000
33307  -36.817  -41.970  6.911 0.4000000060
33292  -37.373  -42.202  7.729 0.4000000060
33293  -38.825  -42.489  7.850 0.4000000060
32469  -29.604  -43.855  7.881 0.6000000238
33308  -37.604  -42.359  6.905 0.4000000060
112320  -38.054  -42.428  7.584 0.4000000060
33275  -39.482  -42.227  8.491 0.4000000060
111653  -39.198  -42.729  7.051 0.3000000119
33295  -40.823  -42.565  7.734 0.4000000060
31682  -28.515  -44.770  8.077 0.6000000238
30810  -27.526  -45.689  8.251 0.6999999881
34149  -31.983  -41.369  6.011 0.3000000119
34139  -33.165  -41.145  7.279 0.3000000119
102834  -33.930  -40.877  7.424 0.3000000119
34137  -31.861  -41.962  7.089 0.3000000119
105544  -34.723  -41.042  7.511 0.3000000119
33290  -31.377  -42.455  7.572 0.5000000000
34140  -35.552  -41.394  7.655 0.4000000060
112964  -31.169  -42.289  8.633 0.5000000000
33273  -38.024  -42.174  8.384 0.4000000060
32461  -30.003  -43.233  8.307 0.6000000238
33274  -38.763  -42.126  8.608 0.4000000060
34125  -40.798  -41.651  8.986 0.4000000060
31668  -28.854  -44.070  8.304 0.6000000238
33277  -41.261  -42.144  8.425 0.4000000060
100766  -41.677  -41.493  8.883 0.4000000060
103849  -27.807  -44.963  8.375 0.6999999881
30809  -26.798  -45.792  8.380 0.6999999881
34116  -32.666  -41.555  8.437 0.4000000060
34118  -34.333  -41.162  8.411 0.4000000060
34100  -34.733  -41.169  9.246 0.4000000060
34115  -31.938  -42.023  8.096 0.4000000060
34119  -35.152  -41.329  8.490 0.4000000060
34097  -31.879  -41.732  9.026 0.4000000060
34120  -35.923  -41.535  8.502 0.4000000060
108602  -36.634  -41.592  8.907 0.4000000060
34121  -37.542  -41.718  8.988 0.4000000060
34103  -37.897  -41.229  9.459 0.4000000060
34122  -38.352  -41.760  9.055 0.4000000060
34104  -38.744  -41.159  9.452 0.4000000060
33272  -30.354  -42.600  8.710 0.6000000238
34123  -39.152  -41.736  9.080 0.4000000060
34106  -41.151  -40.829  9.338 0.4000000060
33271  -29.546  -42.697  8.867 0.6000000238
33270  -28.698  -42.713  8.892 0.6999999881
32459  -28.345  -43.453  8.674 0.6999999881
34875  -42.437  -40.217  9.290 0.4000000060
32458  -27.480  -43.586  8.635 0.6999999881
30808  -25.971  -45.736  8.189 0.6999999881
34099  -33.917  -41.109  9.216 0.4000000060
34098  -33.114  -41.250  9.262 0.4000000060
34101  -35.676  -41.284  9.225 0.4000000060
112435  -30.610  -42.097  9.140 0.6000000238
34864  -31.777  -41.064  9.790 0.5000000000
110067  -36.361  -41.212  9.446 0.4000000060
33263  -29.928  -42.105  9.219 0.6999999881
34871  -38.266  -40.410  9.708 0.4000000060
33262  -29.133  -42.058  9.201 0.6999999881
34872  -39.175  -40.304  9.584 0.4000000060
34874  -41.747  -40.173  9.397 0.4000000060
34873  -40.248  -40.241  9.493 0.4000000060
33269  -27.729  -42.667  8.726 0.6999999881
35618  -42.247  -39.593  9.330 0.4000000060
110756  -26.611  -44.618  8.440 0.6999999881
31665  -26.021  -44.946  8.208 0.6999999881
107797  -43.755  -38.809  8.774 0.4000000060
37293  -44.803  -37.799  8.471 0.4000000060
34850  -33.052  -40.307  10.304 0.4000000060
34865  -32.666  -40.901  9.884 0.4000000060
34867  -34.287  -40.844  9.836 0.4000000060
110033  -35.069  -40.889  9.807 0.4000000060
34849  -32.219  -40.330  10.267 0.5000000000
34868  -35.864  -40.843  9.845 0.4000000060
98277  -30.064  -40.776  9.655 0.6999999881
34870  -37.423  -40.598  9.800 0.4000000060
34862  -29.292  -40.633  9.442 0.6999999881
35603  -37.714  -39.730  10.074 0.4000000060
35614  -38.615  -39.402  9.821 0.4000000060
34883  -28.080  -41.095  8.842 0.6999999881
35615  -39.564  -39.436  9.579 0.4000000060
35616  -40.285  -39.311  9.491 0.4000000060
35617  -41.449  -39.474  9.402 0.4000000060
36444  -41.921  -38.920  9.230 0.4000000060
32457  -26.725  -43.847  8.473 0.6999999881
113588  -42.872  -39.022  9.071 0.4000000060
32456  -26.072  -44.190  8.142 0.6999999881
97492  -44.035  -38.060  8.517 0.4000000060
38172  -44.456  -36.883  8.322 0.4000000060
109813  -33.393  -39.713  10.525 0.4000000060
34851  -33.925  -40.287  10.330 0.4000000060
34852  -35.310  -40.273  10.300 0.4000000060
34848  -31.361  -40.286  10.195 0.6000000238
35600  -32.688  -39.633  10.516 0.5000000000
103952  -35.001  -39.429  10.578 0.5000000000
35601  -35.821  -39.547  10.475 0.4000000060
34178  -21.958  -41.090  4.045 0.4000000060
34931  -22.661  -40.967  3.136 0.5000000000
34863  -30.519  -40.128  10.006 0.6000000238
35602  -37.063  -39.234  10.377 0.4000000060
36429  -37.832  -38.709  10.218 0.4000000060
34861  -28.565  -40.466  9.101 0.6000000238
36442  -39.150  -38.681  9.636 0.4000000060
36443  -39.923  -38.684  9.451 0.4000000060
34882  -27.320  -40.780  8.316 0.6999999881
108347  -40.883  -38.764  9.315 0.4000000060
32468  -26.183  -43.345  8.074 0.6999999881
36457  -41.598  -38.317  8.877 0.4000000060
37309  -42.887  -37.589  8.109 0.4000000060
99869  -43.119  -36.070  7.388 0.4000000060
96975  -43.641  -34.639  7.334 0.4000000060
103953  -34.085  -39.351  10.616 0.5000000000
102138  -31.539  -38.951  10.446 0.6000000238
103954  -33.230  -39.013  10.681 0.5000000000
36426  -34.697  -38.598  10.672 0.5000000000
35666  -21.538  -39.592  4.000 0.3000000119
34930  -22.014  -40.277  3.733 0.4000000060
107872  -22.650  -40.170  3.204 0.5000000000
97547  -29.522  -39.344  9.494 0.6000000238
36424  -30.911  -38.606  10.207 0.6000000238
36427  -35.567  -38.760  10.614 0.4000000060
36439  -29.012  -39.038  9.116 0.6000000238
36428  -36.929  -38.394  10.437 0.5000000000
35625  -27.523  -39.823  8.089 0.6999999881
103749  -27.973  -40.343  8.612 0.6000000238
37265  -38.226  -37.960  9.977 0.4000000060
34896  -26.957  -40.299  7.788 0.8000000119
37276  -39.431  -37.942  9.395 0.4000000060
37277  -40.204  -38.195  9.228 0.4000000060
36456  -40.778  -38.018  8.939 0.4000000060
115324  -42.430  -37.462  7.722 0.4000000060
38194  -42.962  -37.037  7.615 0.4000000060
40039  -43.173  -34.679  6.633 0.4000000060
36425  -31.657  -38.236  10.421 0.6000000238
101330  -33.030  -38.239  10.679 0.5000000000
101329  -33.841  -38.421  10.688 0.5000000000
36496  -21.937  -38.911  3.898 0.4000000060
35667  -22.294  -39.551  3.588 0.4000000060
35626  -28.367  -39.584  8.686 0.6000000238
36441  -30.278  -38.247  9.692 0.6000000238
37262  -35.329  -37.952  10.631 0.5000000000
35668  -23.122  -39.624  3.032 0.5000000000
36454  -27.917  -38.992  8.007 0.6999999881
36455  -28.570  -38.634  8.463 0.6999999881
102284  -36.134  -38.175  10.576 0.5000000000
35673  -24.007  -39.804  2.166 0.5000000000
37304  -27.824  -37.857  6.992 0.6999999881
35636  -26.936  -39.712  7.415 0.6999999881
37263  -36.626  -37.593  10.369 0.5000000000
36503  -24.688  -39.059  1.895 0.6999999881
36474  -26.616  -38.896  6.050 0.6999999881
36475  -27.271  -38.351  6.530 0.6999999881
35643  -27.038  -39.051  6.940 0.6999999881
37274  -37.833  -37.252  9.737 0.5000000000
37352  -26.914  -38.427  0.003 0.6999999881
36506  -25.686  -39.629  0.618 0.6999999881
35642  -26.500  -39.630  6.671 0.6999999881
37275  -38.616  -37.521  9.493 0.4000000060
35650  -26.127  -39.593  5.900 0.6999999881
34903  -25.994  -40.235  6.368 0.8000000119
112486  -39.133  -37.110  8.882 0.4000000060
99523  -40.020  -37.639  8.917 0.4000000060
37290  -41.341  -37.745  8.373 0.4000000060
37317  -42.273  -37.216  7.049 0.4000000060
38193  -42.599  -36.687  6.851 0.4000000060
39117  -42.875  -35.749  6.599 0.4000000060
37272  -31.025  -37.607  9.961 0.6000000238
37258  -31.955  -37.478  10.298 0.6000000238
37259  -32.774  -37.501  10.476 0.6000000238
37261  -34.465  -37.747  10.605 0.5000000000
116602  -22.253  -38.485  3.937 0.4000000060
36497  -22.742  -38.805  3.607 0.4000000060
36498  -23.732  -38.930  2.970 0.6999999881
37287  -28.808  -37.776  8.207 0.6999999881
111861  -29.747  -37.973  9.240 0.6000000238
37271  -30.244  -37.431  9.318 0.6000000238
38136  -33.273  -36.859  10.256 0.5000000000
37316  -28.152  -37.140  6.629 0.6999999881
38186  -28.745  -36.654  7.073 0.6999999881
99359  -29.210  -38.240  8.866 0.6999999881
38137  -34.170  -36.931  10.333 0.5000000000
38138  -35.217  -37.052  10.366 0.5000000000
105558  -24.820  -38.131  2.393 0.6999999881
37305  -28.462  -37.423  7.426 0.6999999881
38139  -36.184  -36.946  10.198 0.5000000000
37325  -27.367  -37.432  5.256 0.6999999881
37315  -27.557  -37.612  6.174 0.6999999881
38153  -37.371  -36.501  9.320 0.4000000060
36504  -25.456  -38.601  1.290 0.6999999881
37324  -26.816  -37.962  4.527 0.6999999881
36482  -26.439  -38.619  4.979 0.6999999881
38229  -27.750  -36.824  3.743 0.6000000238
37337  -27.283  -37.373  4.129 0.6000000238
38154  -38.232  -36.836  9.174 0.4000000060
38170  -39.967  -37.084  8.164 0.4000000060
37347  -27.486  -37.591  2.864 0.6000000238
37307  -40.872  -37.346  7.837 0.4000000060
38191  -40.392  -36.955  7.415 0.4000000060
38205  -41.756  -37.273  6.431 0.4000000060
38206  -42.162  -37.077  6.101 0.4000000060
106860  -42.509  -36.601  6.022 0.4000000060
111183  -42.888  -36.099  5.385 0.4000000060
38135  -32.443  -36.832  10.089 0.6000000238
37335  -22.264  -37.367  4.277 0.6000000238
107949  -22.610  -38.033  3.989 0.6000000238
107569  -23.424  -38.099  3.612 0.6999999881
38187  -29.455  -36.172  7.411 0.6000000238
38165  -29.807  -36.546  8.227 0.6999999881
38166  -30.507  -36.252  8.557 0.6999999881
38146  -30.863  -36.689  9.287 0.6000000238
38201  -28.471  -36.434  6.271 0.6000000238
38202  -29.045  -36.008  6.682 0.6000000238
37306  -29.117  -36.971  7.855 0.6999999881
36499  -24.245  -38.165  3.043 0.6999999881
38213  -28.301  -36.281  5.413 0.6000000238
38151  -35.638  -36.333  9.805 0.5000000000
37349  -25.209  -37.600  2.221 0.6999999881
37345  -24.549  -37.445  3.010 0.6999999881
38230  -28.213  -36.215  4.430 0.6000000238
38212  -27.760  -36.792  4.867 0.6000000238
38152  -36.496  -36.413  9.623 0.4000000060
37350  -25.992  -38.008  0.969 0.6999999881
38255  -26.399  -37.142  0.979 0.6999999881
38168  -37.863  -36.351  8.787 0.4000000060
38169  -38.455  -36.471  8.527 0.4000000060
38250  -28.469  -36.633  2.140 0.6000000238
38189  -39.125  -36.489  7.994 0.4000000060
38190  -39.722  -36.561  7.301 0.4000000060
38260  -28.047  -37.732  -0.341 0.6999999881
38261  -28.651  -37.685  -0.232 0.6999999881
37354  -28.477  -38.466  -0.001 0.6999999881
38249  -28.617  -37.797  0.843 0.6000000238
97983  -40.310  -36.726  6.595 0.4000000060
38216  -41.689  -37.273  5.262 0.4000000060
38217  -42.342  -37.013  4.799 0.4000000060
39163  -43.061  -36.643  3.871 0.3000000119
37273  -31.658  -36.819  9.789 0.6000000238
38238  -22.601  -36.548  4.184 0.5000000000
40029  -30.106  -34.898  5.753 0.6000000238
114493  -29.466  -35.772  6.925 0.6000000238
38188  -30.201  -35.860  7.867 0.6000000238
38167  -31.101  -36.035  8.817 0.6000000238
38147  -31.628  -36.150  9.233 0.6000000238
38148  -32.910  -36.225  9.719 0.6000000238
37343  -23.083  -37.293  3.986 0.6000000238
37344  -23.879  -37.356  3.559 0.5000000000
39144  -29.379  -35.275  5.400 0.6000000238
39131  -28.831  -35.776  5.891 0.6000000238
39132  -29.547  -35.450  6.375 0.6000000238
39076  -33.378  -35.646  9.258 0.5000000000
38149  -33.787  -36.225  9.835 0.4000000060
38150  -34.713  -36.264  9.896 0.5000000000
39077  -34.273  -35.662  9.341 0.5000000000
39078  -35.154  -35.705  9.340 0.4000000060
39079  -36.003  -35.786  9.223 0.4000000060
38247  -24.807  -36.709  2.848 0.8000000119
39160  -29.328  -35.251  4.424 0.6000000238
39093  -36.399  -35.416  8.453 0.4000000060
39094  -37.315  -35.866  8.520 0.4000000060
38248  -25.558  -36.852  2.048 0.6999999881
38242  -28.246  -36.293  3.283 0.6000000238
115603  -29.408  -35.495  2.624 0.6000000238
39116  -38.408  -36.020  7.771 0.4000000060
38256  -27.302  -37.504  0.111 0.6999999881
39136  -38.967  -35.989  6.914 0.4000000060
108188  -28.422  -37.042  -0.326 0.6999999881
38262  -29.165  -37.364  -0.188 0.6999999881
39188  -29.681  -36.640  0.149 0.6999999881
38203  -39.952  -36.513  5.297 0.4000000060
38204  -41.007  -37.045  5.879 0.4000000060
104073  -28.993  -36.843  -0.397 0.6999999881
38232  -40.351  -37.013  2.984 0.3000000119
38233  -41.474  -37.440  3.664 0.4000000060
37348  -41.191  -37.442  1.100 0.4000000060
38234  -42.383  -37.308  3.155 0.3000000119
40030  -30.851  -34.621  6.027 0.6000000238
40007  -31.017  -34.802  6.743 0.6000000238
39111  -30.781  -35.253  7.413 0.6000000238
39112  -31.592  -35.210  7.925 0.6000000238
39996  -32.855  -34.889  8.079 0.5000000000
38239  -23.470  -36.359  3.712 0.6000000238
40052  -30.751  -34.534  5.098 0.6000000238
39089  -33.056  -35.215  8.622 0.5000000000
38240  -24.206  -36.713  3.367 0.6999999881
40051  -30.022  -34.841  4.786 0.6000000238
39999  -35.131  -34.829  8.206 0.5000000000
39091  -34.715  -35.231  8.763 0.4000000060
39092  -35.530  -35.312  8.705 0.4000000060
39178  -25.008  -35.813  2.583 0.6999999881
39173  -29.359  -35.344  3.394 0.6000000238
40064  -30.010  -34.931  3.789 0.6000000238
112627  -35.805  -34.965  8.143 0.5000000000
39186  -25.838  -35.922  1.872 0.8000000119
40013  -36.363  -34.880  7.559 0.4000000060
39115  -37.753  -35.662  7.750 0.4000000060
39187  -26.704  -36.075  1.056 0.8000000119
39181  -30.414  -35.238  1.383 0.6000000238
116798  -37.564  -35.283  7.022 0.4000000060
39180  -29.606  -35.753  1.558 0.6999999881
41002  -38.320  -34.778  1.837 0.5000000000
40067  -38.023  -34.936  1.845 0.5000000000
40058  -38.115  -35.255  2.422 0.5000000000
39134  -37.796  -35.118  5.743 0.4000000060
39135  -38.484  -35.563  5.976 0.4000000060
39192  -27.643  -36.296  0.275 0.6999999881
39193  -28.366  -35.879  -0.105 0.6999999881
39195  -29.580  -36.420  -0.170 0.6999999881
39196  -30.274  -35.945  -0.141 0.6999999881
107374  -38.349  -35.050  1.957 0.5000000000
39145  -38.602  -35.417  2.376 0.4000000060
105144  -38.390  -35.425  4.264 0.4000000060
109543  -39.079  -35.922  5.554 0.4000000060
40986  -39.748  -33.714  4.644 0.4000000060
102106  -38.583  -35.186  2.046 0.5000000000
40068  -39.105  -35.302  2.290 0.4000000060
40079  -39.267  -36.049  1.785 0.4000000060
38231  -39.631  -36.369  2.312 0.4000000060
38214  -39.779  -36.479  3.618 0.4000000060
40987  -40.603  -33.519  4.929 0.4000000060
41004  -40.042  -34.435  3.871 0.4000000060
40069  -40.236  -35.123  3.096 0.4000000060
104489  -39.695  -36.240  1.774 0.4000000060
38243  -40.121  -36.778  1.838 0.4000000060
40031  -31.613  -34.496  6.314 0.6000000238
40008  -31.616  -34.786  7.167 0.6000000238
39169  -22.667  -35.661  3.855 0.5000000000
40066  -31.407  -34.277  4.425 0.6000000238
40053  -31.495  -34.310  5.386 0.6000000238
40054  -32.264  -34.111  5.685 0.6000000238
40032  -32.498  -34.410  6.722 0.5000000000
40010  -33.101  -34.570  7.504 0.5000000000
39170  -23.413  -35.278  3.294 0.6000000238
39171  -24.220  -35.908  3.199 0.6999999881
40078  -31.345  -34.333  3.420 0.6000000238
40065  -30.703  -34.574  4.126 0.6000000238
40033  -33.508  -34.177  6.714 0.5000000000
104614  -33.956  -34.447  7.499 0.5000000000
39177  -24.192  -34.801  2.652 0.6000000238
116304  -30.687  -34.815  2.210 0.6000000238
40077  -30.658  -34.663  3.128 0.6000000238
96863  -35.340  -34.234  6.891 0.5000000000
40011  -34.803  -34.468  7.547 0.5000000000
40056  -37.448  -34.495  2.581 0.5000000000
40035  -35.536  -33.900  5.906 0.5000000000
40036  -36.220  -34.397  6.434 0.5000000000
40012  -35.607  -34.597  7.535 0.5000000000
40092  -25.949  -34.860  1.552 0.8000000119
41948  -38.456  -33.926  2.413 0.5000000000
41000  -37.540  -34.061  1.650 0.5000000000
97647  -37.105  -34.601  5.038 0.5000000000
40093  -26.764  -34.852  0.971 0.8000000119
39189  -30.236  -35.831  0.405 0.6999999881
41001  -37.985  -34.266  1.541 0.5000000000
40057  -37.734  -34.980  3.506 0.5000000000
40098  -27.478  -34.777  0.490 0.8000000119
39197  -30.117  -35.428  -0.399 0.6999999881
115794  -30.609  -35.388  -0.198 0.6999999881
41947  -38.078  -33.501  1.806 0.5000000000
39194  -29.164  -35.495  -0.373 0.6999999881
40985  -39.102  -33.854  3.796 0.4000000060
40075  -22.533  -34.761  3.313 0.5000000000
40995  -32.015  -33.961  3.743 0.6000000238
40979  -32.099  -33.949  4.749 0.6000000238
40966  -33.982  -33.699  5.878 0.5000000000
40967  -34.849  -33.639  5.662 0.5000000000
40085  -22.393  -33.948  2.775 0.5000000000
40088  -31.291  -34.453  2.352 0.6000000238
41018  -31.956  -33.989  2.600 0.6000000238
40998  -35.335  -33.175  3.734 0.5000000000
40983  -35.707  -33.623  4.535 0.5000000000
100740  -31.098  -34.728  1.308 0.6000000238
41035  -31.898  -34.136  1.302 0.6000000238
41021  -37.254  -33.417  1.438 0.5000000000
40999  -36.455  -33.611  2.747 0.5000000000
40984  -36.701  -34.014  3.236 0.5000000000
40055  -36.442  -34.120  4.715 0.5000000000
40087  -25.179  -34.872  2.190 0.6999999881
40095  -31.420  -34.492  0.416 0.6000000238
97723  -25.326  -34.202  1.843 0.6999999881
40101  -31.051  -34.845  -0.105 0.6999999881
41022  -37.666  -33.661  1.531 0.5000000000
41928  -38.227  -32.968  3.898 0.4000000060
40100  -28.660  -34.175  -0.127 0.6999999881
41929  -38.674  -33.153  4.794 0.5000000000
41906  -38.730  -32.565  6.164 0.5000000000
117235  -26.748  -33.970  0.786 0.6999999881
40099  -28.158  -34.524  0.127 0.8000000119
41930  -39.278  -33.105  5.430 0.4000000060
41931  -40.096  -32.928  5.665 0.5000000000
42840  -41.327  -30.879  5.939 0.4000000060
43723  -41.798  -30.349  5.398 0.5000000000
44535  -41.685  -29.545  5.363 0.5000000000
43744  -42.789  -30.611  3.501 0.5000000000
43733  -42.374  -30.517  4.644 0.5000000000
116269  -42.173  -29.824  4.805 0.5000000000
40980  -32.817  -33.672  5.031 0.6000000238
40981  -33.614  -33.504  5.098 0.5000000000
41019  -32.651  -33.531  3.014 0.6000000238
40996  -32.712  -33.615  4.111 0.6000000238
99119  -33.326  -33.427  4.415 0.6000000238
40997  -34.166  -33.125  4.114 0.5000000000
40982  -34.569  -33.380  4.937 0.5000000000
41028  -23.001  -33.555  2.492 0.5000000000
40086  -23.213  -34.334  2.765 0.5000000000
41036  -32.564  -33.500  1.656 0.6000000238
41020  -33.487  -33.161  3.437 0.6000000238
41945  -36.100  -33.010  2.240 0.5000000000
110328  -22.275  -33.205  2.483 0.5000000000
97432  -23.758  -33.876  2.401 0.6000000238
100739  -24.591  -34.108  2.189 0.6999999881
41048  -32.544  -33.227  0.770 0.6000000238
41047  -32.010  -33.747  0.493 0.6000000238
41927  -37.753  -32.518  3.328 0.6000000238
41904  -37.446  -32.252  5.084 0.5000000000
40104  -30.122  -34.367  -0.434 0.6999999881
40105  -30.847  -34.123  -0.279 0.6999999881
40103  -29.377  -34.404  -0.355 0.6999999881
41905  -38.048  -32.532  5.717 0.5000000000
43694  -40.073  -30.435  7.001 0.4000000060
114357  -40.228  -29.115  6.862 0.4000000060
41059  -29.433  -33.572  -0.187 0.6999999881
43709  -40.709  -30.632  6.468 0.4000000060
41044  -27.519  -33.376  0.767 0.6999999881
43722  -41.250  -30.073  6.027 0.4000000060
41043  -26.739  -33.669  1.011 0.6999999881
102108  -42.774  -29.779  2.393 0.5000000000
44546  -42.576  -29.749  3.863 0.5000000000
41037  -33.288  -32.976  2.227 0.6000000238
41960  -34.086  -32.609  2.371 0.5000000000
41944  -34.969  -32.789  3.211 0.5000000000
98764  -22.813  -32.882  2.388 0.6000000238
99086  -23.491  -33.170  2.390 0.6000000238
41049  -33.164  -32.751  1.157 0.6000000238
41962  -36.680  -32.647  1.241 0.5000000000
41989  -32.926  -32.468  0.786 0.5000000000
41990  -33.929  -32.065  0.936 0.5000000000
41963  -37.230  -32.811  1.212 0.5000000000
42875  -37.260  -31.984  1.746 0.5000000000
41029  -24.235  -33.446  2.367 0.6999999881
41058  -32.259  -32.953  0.490 0.6000000238
41946  -37.711  -32.840  1.649 0.5000000000
106665  -37.348  -31.990  2.925 0.6000000238
41030  -25.132  -33.724  2.121 0.6999999881
41061  -30.662  -33.157  0.007 0.6999999881
43691  -37.966  -30.840  7.862 0.5000000000
43692  -38.627  -30.132  7.910 0.4000000060
41060  -30.021  -33.389  -0.125 0.6999999881
41055  -29.256  -32.885  0.320 0.6999999881
42837  -37.387  -31.973  6.412 0.5000000000
42816  -38.340  -31.419  7.362 0.5000000000
42817  -38.834  -30.906  7.521 0.4000000060
44512  -39.205  -29.336  7.666 0.4000000060
44513  -39.909  -29.638  7.190 0.4000000060
41042  -26.025  -33.996  1.365 0.6999999881
41054  -28.729  -33.411  0.003 0.6999999881
112519  -40.155  -28.456  6.744 0.4000000060
45263  -40.608  -28.127  6.142 0.4000000060
41031  -26.039  -33.695  1.813 0.6999999881
41033  -27.826  -33.178  1.120 0.6999999881
45264  -40.634  -28.866  6.387 0.4000000060
116770  -41.006  -28.583  5.853 0.4000000060
41032  -26.957  -33.502  1.469 0.6999999881
44525  -41.134  -29.259  5.969 0.4000000060
46046  -41.122  -27.934  5.319 0.4000000060
46057  -41.391  -27.429  4.115 0.4000000060
45284  -42.448  -28.880  2.754 0.5000000000
45283  -41.943  -28.154  3.085 0.5000000000
41979  -34.641  -32.163  1.255 0.5000000000
41961  -35.176  -32.468  2.039 0.5000000000
41991  -34.909  -31.880  1.017 0.5000000000
41980  -35.790  -32.116  1.007 0.5000000000
42889  -36.993  -31.994  1.120 0.5000000000
41973  -23.240  -32.580  2.497 0.6000000238
41974  -23.939  -32.621  2.681 0.6000000238
42000  -33.302  -31.790  0.832 0.5000000000
41981  -36.673  -32.265  1.029 0.5000000000
42874  -36.565  -31.175  2.025 0.6000000238
42861  -36.930  -31.744  4.439 0.5000000000
41999  -32.452  -32.160  0.619 0.6000000238
42906  -31.889  -31.776  0.703 0.6999999881
43679  -37.883  -30.050  8.333 0.4000000060
41975  -24.775  -32.992  2.753 0.6999999881
41997  -30.659  -32.480  0.419 0.8000000119
42814  -36.731  -31.507  7.040 0.5000000000
43690  -37.021  -31.037  7.790 0.5000000000
114396  -39.363  -28.700  7.499 0.4000000060
45253  -39.761  -28.898  7.230 0.4000000060
46037  -40.064  -27.672  6.511 0.4000000060
41958  -30.572  -32.407  2.185 0.6000000238
41045  -28.287  -33.110  0.502 0.6999999881
41046  -28.721  -32.831  0.857 0.6999999881
41957  -29.900  -32.837  2.241 0.6000000238
40994  -30.066  -32.890  3.186 0.6000000238
46045  -40.479  -27.374  5.781 0.4000000060
41014  -26.655  -33.434  2.838 0.6999999881
103434  -27.558  -33.470  2.398 0.6000000238
114029  -28.488  -33.340  2.031 0.6999999881
41017  -29.203  -33.253  2.950 0.6000000238
46056  -40.851  -27.162  5.039 0.4000000060
40992  -28.771  -33.177  3.971 0.6000000238
40993  -29.478  -33.081  3.911 0.6000000238
46064  -41.595  -27.310  2.635 0.5000000000
41940  -29.216  -32.799  4.638 0.6000000238
41924  -29.713  -32.452  5.323 0.6000000238
114970  -42.184  -28.268  2.231 0.5000000000
46065  -41.958  -27.886  2.029 0.5000000000
42888  -36.381  -31.442  1.276 0.6000000238
104178  -22.859  -31.227  2.646 0.5000000000
42908  -34.341  -31.431  1.019 0.5000000000
43756  -35.626  -31.007  1.206 0.6000000238
43743  -35.722  -30.595  2.041 0.6000000238
114342  -23.962  -31.892  3.110 0.6000000238
41953  -24.603  -32.203  3.266 0.6000000238
43766  -34.065  -30.628  1.509 0.6000000238
43767  -34.912  -30.912  1.169 0.6000000238
42860  -36.463  -31.220  3.506 0.5000000000
42835  -35.994  -31.150  5.224 0.5000000000
42836  -36.667  -31.669  5.900 0.5000000000
99344  -33.302  -31.109  1.166 0.6000000238
42901  -33.024  -30.649  2.087 0.6000000238
42813  -35.903  -31.188  6.547 0.5000000000
43677  -36.465  -30.452  8.289 0.5000000000
44505  -38.336  -29.240  8.263 0.4000000060
41955  -26.244  -32.805  3.602 0.6999999881
41954  -25.421  -32.480  3.444 0.6000000238
42899  -31.736  -31.478  1.227 0.6999999881
100518  -32.131  -31.215  2.073 0.6000000238
101201  -36.126  -30.954  7.539 0.5000000000
43678  -37.314  -30.486  8.220 0.5000000000
45252  -38.881  -28.412  7.815 0.4000000060
99587  -39.562  -28.107  7.194 0.4000000060
46880  -39.439  -26.516  6.532 0.4000000060
41976  -30.127  -32.369  1.307 0.6999999881
41959  -31.338  -31.783  2.075 0.6999999881
42871  -31.924  -31.778  4.011 0.6999999881
43707  -35.176  -30.690  5.952 0.5000000000
46881  -39.913  -26.867  6.178 0.4000000060
41942  -31.201  -32.351  4.270 0.6000000238
41926  -31.678  -32.019  5.117 0.6999999881
46888  -40.282  -26.502  5.318 0.4000000060
41015  -27.516  -33.264  3.496 0.6000000238
41016  -28.270  -33.378  3.237 0.6000000238
41941  -30.189  -32.788  4.369 0.6000000238
41925  -30.649  -32.423  5.275 0.6000000238
42832  -31.707  -31.721  6.149 0.6000000238
47729  -40.325  -25.875  4.424 0.4000000060
41938  -27.567  -32.666  4.230 0.6000000238
40991  -28.106  -33.157  3.992 0.6000000238
42857  -30.197  -32.114  6.002 0.6000000238
42831  -30.715  -31.621  6.647 0.6000000238
46899  -40.809  -26.640  4.330 0.4000000060
46911  -41.228  -26.486  2.235 0.5000000000
46900  -41.183  -26.792  3.344 0.4000000060
46077  -41.698  -27.098  2.056 0.5000000000
107407  -41.505  -25.918  1.933 0.5000000000
43754  -33.948  -30.320  2.565 0.6000000238
43755  -34.875  -30.438  1.830 0.6000000238
43742  -34.773  -30.256  2.911 0.6000000238
108795  -35.206  -30.516  4.671 0.5000000000
42881  -23.627  -31.193  3.071 0.6000000238
43741  -33.973  -30.333  3.721 0.6000000238
43731  -34.642  -30.314  3.925 0.5000000000
45238  -37.658  -28.734  8.675 0.4000000060
42882  -24.405  -31.352  3.386 0.6000000238
42883  -25.226  -31.615  3.628 0.6000000238
42887  -33.233  -30.706  3.371 0.6000000238
42873  -33.341  -30.800  4.554 0.6000000238
43730  -34.073  -30.422  4.885 0.5000000000
43705  -33.763  -30.449  6.970 0.5000000000
43689  -34.415  -30.335  7.560 0.5000000000
115502  -35.030  -30.437  7.796 0.5000000000
45239  -38.204  -28.361  8.341 0.4000000060
46867  -38.514  -26.774  7.659 0.4000000060
46868  -39.036  -26.618  7.069 0.4000000060
42886  -32.450  -31.250  3.152 0.6999999881
42859  -33.290  -30.848  5.683 0.5000000000
43706  -34.472  -30.486  6.555 0.5000000000
99065  -35.218  -30.678  7.171 0.5000000000
46887  -39.589  -26.010  5.934 0.4000000060
42884  -26.162  -31.885  3.980 0.6000000238
43686  -31.912  -30.787  7.666 0.6000000238
110195  -39.875  -25.714  5.188 0.4000000060
41937  -26.820  -32.425  4.057 0.6000000238
42870  -28.108  -32.097  4.783 0.6000000238
98761  -31.234  -30.739  7.713 0.6000000238
47735  -39.830  -25.065  4.592 0.4000000060
41013  -25.634  -33.270  2.808 0.6999999881
46910  -40.755  -26.143  3.341 0.4000000060
48492  -40.034  -24.584  3.650 0.4000000060
41923  -28.885  -32.296  5.169 0.6000000238
42830  -29.792  -31.409  6.436 0.6000000238
46925  -41.449  -26.582  2.014 0.5000000000
47744  -40.740  -25.705  2.319 0.4000000060
97362  -41.095  -25.139  1.801 0.5000000000
47755  -41.970  -25.190  2.144 0.4000000060
44502  -35.388  -29.655  8.927 0.5000000000
44486  -35.819  -29.086  9.297 0.5000000000
117200  -36.506  -28.988  9.208 0.5000000000
46010  -37.634  -27.742  8.670 0.4000000060
101515  -25.808  -30.843  3.833 0.6000000238
42868  -26.610  -30.940  4.187 0.6000000238
43675  -34.040  -29.961  8.320 0.5000000000
43676  -34.951  -30.145  8.353 0.5000000000
109631  -35.740  -30.141  8.530 0.5000000000
46011  -38.390  -27.603  8.070 0.4000000060
47705  -38.539  -25.899  7.246 0.4000000060
42834  -33.184  -30.745  6.628 0.5000000000
47706  -39.085  -25.928  6.594 0.4000000060
42869  -27.206  -31.773  4.400 0.6000000238
101650  -27.891  -31.403  4.824 0.6000000238
49232  -39.869  -23.944  3.898 0.4000000060
100982  -29.169  -31.235  5.970 0.6000000238
43685  -30.486  -30.542  7.567 0.6000000238
48501  -40.394  -24.909  2.530 0.4000000060
114345  -29.736  -30.848  6.765 0.6000000238
43704  -30.170  -31.014  7.029 0.6000000238
48510  -40.678  -24.437  1.970 0.4000000060
49249  -41.091  -23.283  1.824 0.3000000119
47754  -41.045  -25.907  1.849 0.5000000000
100649  -41.129  -24.143  1.831 0.4000000060
50035  -42.064  -22.676  1.962 0.3000000119
45217  -36.193  -28.442  9.413 0.5000000000
115294  -36.469  -27.884  9.394 0.5000000000
47686  -37.607  -26.079  8.275 0.5000000000
47704  -37.950  -25.554  7.722 0.5000000000
44501  -34.516  -29.594  8.925 0.5000000000
44484  -34.085  -29.042  9.385 0.6000000238
47687  -38.114  -26.227  7.827 0.4000000060
101527  -38.269  -25.061  7.213 0.5000000000
47721  -38.729  -25.226  6.635 0.4000000060
43728  -27.350  -30.689  4.507 0.6000000238
43729  -28.082  -30.636  5.033 0.6000000238
43674  -33.197  -30.010  8.441 0.6000000238
48472  -38.983  -24.641  6.037 0.4000000060
47722  -39.166  -25.386  6.148 0.4000000060
44499  -32.395  -29.981  8.605 0.6999999881
49231  -39.657  -23.583  4.590 0.3000000119
43718  -28.706  -30.450  5.680 0.6000000238
44498  -31.619  -29.710  8.749 0.6000000238
104526  -39.994  -23.269  3.828 0.3000000119
43719  -29.353  -30.689  6.386 0.6000000238
43672  -30.881  -30.048  8.266 0.6000000238
49240  -40.165  -23.959  2.846 0.4000000060
44524  -29.695  -30.184  7.068 0.6000000238
44511  -30.366  -29.226  8.233 0.6000000238
49248  -40.534  -23.552  2.087 0.3000000119
50034  -41.092  -22.234  1.789 0.3000000119
50044  -42.133  -21.812  1.803 0.3000000119
99458  -35.089  -27.605  9.865 0.6000000238
103417  -35.891  -27.799  9.607 0.5000000000
47671  -36.970  -25.876  8.818 0.5000000000
45215  -34.570  -28.379  9.653 0.6000000238
48459  -38.011  -24.374  7.315 0.4000000060
104437  -38.653  -23.856  6.304 0.4000000060
99993  -27.743  -29.822  4.634 0.6000000238
102614  -28.273  -29.852  5.097 0.6000000238
44483  -33.093  -29.025  9.402 0.6000000238
105595  -39.065  -23.901  5.653 0.3000000119
106160  -39.389  -23.918  5.076 0.3000000119
44533  -28.706  -29.328  5.447 0.6000000238
44534  -29.139  -29.059  5.933 0.6000000238
103011  -29.429  -29.158  6.606 0.6000000238
44497  -30.954  -29.222  8.823 0.6000000238
50023  -40.240  -22.865  2.810 0.3000000119
44510  -29.836  -29.207  7.485 0.6000000238
50819  -40.798  -20.645  1.773 0.3000000119
50043  -41.284  -21.303  1.709 0.3000000119
50820  -42.195  -20.970  1.672 0.3000000119
45981  -35.194  -26.804  10.068 0.6000000238
99145  -35.797  -27.054  9.750 0.6000000238
46830  -36.493  -26.604  9.355 0.5000000000
47670  -36.686  -24.997  8.841 0.5000000000
102298  -37.393  -25.186  8.230 0.4000000060
103595  -33.723  -27.079  10.319 0.6000000238
45980  -34.532  -26.989  10.227 0.6000000238
49199  -37.974  -22.856  7.165 0.4000000060
49212  -38.465  -23.204  6.578 0.4000000060
45979  -33.314  -27.682  10.083 0.6000000238
49213  -38.881  -23.184  6.004 0.4000000060
49995  -39.272  -22.438  5.701 0.3000000119
44544  -28.209  -29.112  4.734 0.6000000238
45994  -32.076  -27.953  9.891 0.6000000238
104428  -39.742  -22.008  5.196 0.3000000119
45262  -29.360  -28.433  6.028 0.6000000238
110158  -31.515  -28.304  9.558 0.6000000238
50800  -40.371  -21.570  4.151 0.3000000119
45237  -30.535  -28.406  8.760 0.6000000238
50807  -40.329  -21.916  3.187 0.3000000119
45251  -30.034  -28.399  7.937 0.6000000238
51593  -40.530  -20.600  2.129 0.3000000119
51597  -41.025  -19.940  1.605 0.3000000119
47662  -35.200  -25.490  10.159 0.6000000238
46829  -35.660  -26.129  9.834 0.5000000000
106996  -36.644  -24.148  8.733 0.5000000000
105710  -37.160  -23.829  8.177 0.4000000060
105798  -37.690  -23.699  7.538 0.4000000060
46818  -34.084  -26.504  10.405 0.6000000238
102250  -38.565  -21.441  6.617 0.4000000060
110308  -39.001  -21.792  6.171 0.4000000060
45273  -29.005  -28.610  5.547 0.6000000238
45977  -31.918  -27.164  10.252 0.6000000238
51563  -40.183  -20.292  5.249 0.3000000119
46044  -29.168  -27.855  5.399 0.6000000238
104034  -29.561  -27.740  6.066 0.6000000238
45993  -31.470  -27.665  9.844 0.6000000238
51573  -40.515  -20.564  4.268 0.3000000119
46828  -31.094  -27.069  9.932 0.6000000238
45250  -29.693  -28.228  6.883 0.6000000238
46028  -30.054  -27.463  7.579 0.6000000238
46009  -30.309  -27.024  8.554 0.6000000238
48425  -35.108  -24.743  10.165 0.6000000238
49179  -36.148  -23.756  9.241 0.4000000060
49185  -36.621  -23.223  8.598 0.4000000060
49198  -37.291  -23.009  7.883 0.4000000060
103047  -33.671  -25.021  10.570 0.5000000000
105918  -34.524  -25.260  10.396 0.5000000000
102248  -39.061  -21.074  6.196 0.4000000060
47660  -33.067  -25.610  10.584 0.5000000000
51562  -39.608  -20.749  5.710 0.3000000119
46816  -32.309  -26.228  10.495 0.5000000000
52320  -40.043  -19.469  5.600 0.3000000119
46885  -29.626  -27.040  5.675 0.6000000238
46814  -30.783  -26.304  9.845 0.5000000000
46036  -29.876  -27.179  6.511 0.6000000238
110428  -30.164  -26.787  7.077 0.6000000238
46844  -30.432  -26.260  9.155 0.6000000238
107882  -30.236  -26.735  7.775 0.6000000238
97525  -30.334  -26.171  7.313 0.5000000000
46866  -30.322  -26.153  8.267 0.5000000000
103773  -34.631  -23.367  10.211 0.4000000060
49960  -35.645  -22.507  9.384 0.3000000119
102264  -36.059  -23.053  9.180 0.4000000060
49963  -36.849  -22.332  8.241 0.4000000060
49975  -37.454  -22.135  7.643 0.3000000119
48424  -34.285  -24.279  10.422 0.4000000060
51539  -37.594  -20.421  7.471 0.3000000119
51540  -38.152  -20.082  7.024 0.3000000119
47659  -32.302  -25.281  10.614 0.5000000000
52297  -38.336  -19.186  6.959 0.3000000119
51551  -38.716  -19.819  6.619 0.3000000119
48421  -31.587  -24.877  10.515 0.5000000000
106334  -39.678  -20.045  5.821 0.3000000119
47657  -30.983  -25.460  10.213 0.5000000000
53199  -40.834  -18.742  4.326 0.3000000119
47668  -30.596  -25.647  9.616 0.5000000000
47685  -30.363  -25.378  8.865 0.5000000000
49948  -34.961  -22.593  9.905 0.3000000119
50752  -35.224  -21.852  9.581 0.3000000119
50753  -35.852  -21.783  9.062 0.3000000119
114541  -36.623  -21.068  8.303 0.3000000119
96968  -33.616  -22.272  10.452 0.3000000119
51534  -37.065  -20.768  7.912 0.3000000119
52296  -37.648  -19.530  7.449 0.3000000119
49946  -32.806  -22.647  10.632 0.3000000119
98492  -31.576  -23.879  10.538 0.4000000060
115591  -38.818  -19.286  6.598 0.3000000119
53175  -39.788  -18.708  6.027 0.3000000119
48420  -30.968  -24.517  10.260 0.5000000000
54071  -40.745  -17.149  5.435 0.3000000119
48429  -30.582  -24.815  9.675 0.5000000000
54893  -41.118  -17.015  4.312 0.3000000119
115976  -30.383  -24.911  8.341 0.4000000060
48442  -30.344  -24.528  8.830 0.5000000000
50751  -34.894  -21.159  9.664 0.3000000119
51526  -35.352  -20.602  9.283 0.3000000119
52277  -35.854  -20.047  8.814 0.3000000119
50735  -33.555  -21.290  10.373 0.3000000119
49947  -34.275  -22.671  10.285 0.3000000119
51533  -36.526  -20.387  8.342 0.3000000119
52292  -37.064  -19.943  7.908 0.3000000119
97590  -32.968  -21.881  10.545 0.3000000119
53165  -38.415  -18.385  7.029 0.3000000119
54060  -38.809  -17.840  6.808 0.3000000119
49944  -31.353  -22.204  10.425 0.3000000119
49945  -32.213  -22.002  10.561 0.3000000119
106766  -39.521  -17.923  6.379 0.3000000119
49943  -30.734  -22.359  10.052 0.3000000119
112361  -30.844  -23.798  10.148 0.4000000060
54062  -39.982  -17.149  6.203 0.3000000119
54865  -40.393  -16.244  5.963 0.3000000119
49177  -30.486  -23.930  9.483 0.4000000060
54876  -41.140  -15.920  4.200 0.3000000119
48457  -30.431  -24.424  7.883 0.4000000060
49184  -30.340  -23.753  8.588 0.4000000060
55702  -40.805  -15.513  2.800 0.3000000119
51504  -33.846  -20.413  10.195 0.3000000119
105447  -34.268  -21.013  10.035 0.3000000119
51525  -34.610  -20.416  9.725 0.3000000119
52291  -36.443  -19.515  8.378 0.3000000119
53159  -37.049  -19.041  7.935 0.3000000119
107479  -37.005  -18.141  8.066 0.3000000119
54052  -37.508  -17.498  7.728 0.3000000119
54053  -38.213  -17.696  7.280 0.3000000119
50733  -31.609  -21.268  10.438 0.3000000119
51502  -32.228  -20.507  10.467 0.3000000119
54054  -38.634  -17.190  7.047 0.3000000119
55652  -39.759  -15.532  6.441 0.3000000119
98006  -30.343  -23.243  9.148 0.4000000060
55653  -40.383  -15.305  5.961 0.3000000119
114883  -40.799  -15.036  5.412 0.3000000119
97533  -30.320  -22.964  8.484 0.4000000060
55667  -41.107  -15.134  4.612 0.3000000119
56492  -41.046  -14.442  3.694 0.3000000119
98335  -40.823  -14.805  2.725 0.3000000119
57312  -40.641  -13.128  1.983 0.3000000119
52276  -34.861  -18.935  9.468 0.3000000119
53139  -35.278  -18.349  9.240 0.3000000119
53157  -35.849  -18.120  8.807 0.3000000119
53158  -36.417  -18.626  8.419 0.3000000119
111226  -34.215  -19.566  9.895 0.3000000119
54037  -36.801  -17.315  8.243 0.3000000119
54830  -37.265  -16.615  7.945 0.3000000119
101657  -32.656  -19.946  10.436 0.3000000119
55626  -37.703  -15.885  7.673 0.3000000119
54853  -38.097  -16.753  7.443 0.3000000119
55628  -39.062  -15.719  6.870 0.3000000119
51501  -31.448  -20.457  10.349 0.3000000119
109878  -38.662  -15.212  7.150 0.3000000119
56418  -39.199  -14.804  6.793 0.3000000119
50750  -30.542  -21.650  9.715 0.4000000060
56449  -39.915  -14.718  6.319 0.3000000119
111266  -30.297  -22.267  8.405 0.4000000060
56450  -40.479  -14.555  5.772 0.3000000119
57264  -40.692  -13.817  5.396 0.3000000119
57289  -40.811  -13.624  2.943 0.3000000119
49974  -30.417  -22.630  7.834 0.4000000060
57298  -40.687  -13.472  2.142 0.3000000119
58077  -40.593  -12.202  1.675 0.3000000119
54036  -36.060  -17.314  8.682 0.3000000119
52275  -34.174  -18.733  9.857 0.3000000119
53138  -34.593  -18.153  9.597 0.3000000119
55597  -37.013  -15.801  8.112 0.3000000119
106694  -33.504  -18.969  10.223 0.3000000119
101376  -38.078  -15.151  7.480 0.3000000119
103644  -31.225  -19.116  10.137 0.3000000119
100591  -39.547  -14.124  6.537 0.3000000119
57996  -40.295  -13.181  5.859 0.3000000119
58009  -40.926  -12.938  4.861 0.3000000119
99772  -40.976  -13.122  3.626 0.3000000119
58041  -40.612  -12.884  2.230 0.3000000119
110379  -30.875  -22.054  6.710 0.3000000119
115031  -40.524  -12.542  1.878 0.3000000119
58799  -41.092  -11.529  1.426 0.3000000119
59531  -42.019  -11.074  2.301 0.3000000119
54015  -34.277  -17.332  9.697 0.3000000119
54828  -35.610  -16.619  8.937 0.3000000119
55596  -36.380  -15.574  8.453 0.3000000119
110408  -37.391  -15.128  7.855 0.3000000119
53121  -32.814  -18.471  10.348 0.3000000119
53122  -33.672  -18.050  10.070 0.3000000119
98197  -38.308  -13.812  7.329 0.3000000119
57219  -38.947  -13.802  6.922 0.3000000119
57237  -39.022  -12.978  6.793 0.3000000119
57238  -39.596  -13.318  6.447 0.3000000119
115974  -39.902  -12.662  6.161 0.3000000119
102405  -40.417  -12.361  5.621 0.3000000119
58777  -40.984  -11.550  3.418 0.3000000119
58061  -40.461  -12.100  1.872 0.3000000119
59509  -40.547  -10.860  2.131 0.3000000119
58816  -40.226  -11.408  1.014 0.3000000119
59549  -40.558  -11.255  1.117 0.3000000119
104892  -42.757  -10.373  3.011 0.3000000119
55577  -34.286  -15.718  9.469 0.3000000119
103775  -34.970  -15.141  9.094 0.3000000119
56398  -36.322  -14.807  8.404 0.3000000119
114900  -36.828  -15.158  8.192 0.3000000119
54013  -32.816  -16.863  10.097 0.3000000119
54807  -33.898  -16.541  9.746 0.3000000119
56386  -34.961  -14.384  8.972 0.3000000119
56397  -35.685  -14.490  8.641 0.3000000119
57208  -37.148  -13.614  7.886 0.3000000119
57218  -37.838  -13.395  7.539 0.3000000119
54791  -32.132  -16.898  10.053 0.3000000119
57995  -39.407  -12.485  6.498 0.3000000119
54012  -31.013  -17.625  9.695 0.3000000119
58754  -40.416  -11.482  5.554 0.3000000119
58755  -40.961  -11.946  4.747 0.3000000119
105698  -41.012  -10.920  3.323 0.3000000119
59550  -41.427  -10.297  1.555 0.3000000119
97172  -34.207  -13.970  9.257 0.3000000119
113189  -32.944  -14.748  9.599 0.3000000119
56384  -33.504  -14.365  9.474 0.3000000119
98929  -32.306  -14.735  9.574 0.3000000119
97020  -32.535  -16.200  9.904 0.3000000119
55575  -32.726  -15.381  9.709 0.3000000119
98990  -33.498  -15.157  9.585 0.3000000119
54011  -30.735  -17.016  9.235 0.3000000119
97433  -31.753  -16.331  9.777 0.3000000119
43721  -34.519  -30.472  5.610 0.5000000000
42833  -32.479  -31.221  6.408 0.6999999881
43720  -33.878  -30.512  6.055 0.5000000000
42811  -32.463  -30.870  7.209 0.6000000238
41053  -28.049  -33.516  0.283 0.6999999881
24763  -35.145  -53.069  0.624 0.3000000119
25532  -34.893  -52.345  0.683 0.3000000119
100936  -35.107  -52.624  -0.114 0.3000000119
26277  -34.593  -52.085  -0.257 0.3000000119
25539  -34.454  -52.603  -0.502 0.4000000060
25536  -33.679  -52.484  -0.423 0.4000000060
24764  -32.178  -53.362  0.715 0.4000000060
25531  -31.817  -52.415  0.996 0.4000000060
25530  -30.562  -52.191  1.392 0.4000000060
26264  -29.219  -51.459  1.065 0.4000000060
27005  -28.594  -50.595  1.147 0.4000000060
26263  -28.500  -51.367  1.176 0.4000000060
27738  -28.942  -49.119  1.237 0.4000000060
29224  -29.388  -46.859  3.787 0.4000000060
31698  -31.902  -44.585  5.705 0.3000000119
32480  -32.992  -43.725  5.678 0.3000000119
29216  -29.166  -47.140  4.840 0.5000000000
32515  -35.096  -42.902  3.874 0.3000000119
30033  -28.806  -47.045  5.914 0.5000000000
32483  -41.570  -43.130  6.202 0.3000000119
33310  -39.854  -42.892  6.645 0.3000000119
33312  -42.062  -42.846  6.893 0.3000000119
30824  -27.915  -46.228  7.812 0.6000000238
33278  -42.144  -42.030  8.341 0.4000000060
29191  -27.351  -47.200  7.726 0.6000000238
34126  -42.567  -41.356  8.722 0.4000000060
34886  -44.413  -40.334  8.536 0.4000000060
35627  -43.531  -39.456  8.955 0.4000000060
36459  -44.531  -38.668  8.595 0.4000000060
110974  -45.369  -37.102  8.330 0.4000000060
34177  -21.304  -41.382  4.531 0.4000000060
106525  -21.948  -41.804  4.305 0.5000000000
111287  -22.479  -41.787  3.654 0.5000000000
31681  -25.509  -44.681  7.635 0.6999999881
39096  -44.379  -35.881  8.099 0.4000000060
32467  -25.605  -43.772  7.567 0.6999999881
39119  -44.330  -34.999  7.762 0.4000000060
34932  -23.399  -40.498  2.425 0.5000000000
35674  -24.926  -40.195  1.026 0.6000000238
34136  -26.101  -41.397  7.417 0.8000000119
33288  -26.301  -42.371  7.948 0.6999999881
34148  -25.840  -40.893  6.718 0.8000000119
34135  -25.698  -42.195  7.274 0.6999999881
40014  -43.697  -33.717  6.871 0.4000000060
36507  -26.516  -39.256  0.227 0.8000000119
108622  -25.882  -39.610  5.185 0.8000000119
34913  -25.733  -40.150  5.542 0.8000000119
40968  -43.280  -33.935  6.164 0.4000000060
35661  -26.046  -39.331  4.283 0.8000000119
37353  -27.745  -38.493  -0.233 0.6999999881
36509  -28.003  -38.786  -0.064 0.6999999881
35670  -26.461  -39.607  2.648 0.8000000119
37351  -28.136  -38.654  0.507 0.6999999881
37346  -27.549  -38.534  1.730 0.6000000238
39164  -43.591  -35.849  3.705 0.3000000119
38252  -41.209  -37.188  0.461 0.4000000060
38245  -42.137  -37.490  1.553 0.4000000060
38246  -42.949  -37.039  2.286 0.3000000119
107362  -40.749  -34.273  4.154 0.4000000060
40070  -41.388  -34.744  3.339 0.4000000060
39175  -40.812  -36.586  1.185 0.4000000060
109736  -40.205  -36.642  1.529 0.4000000060
41006  -42.199  -33.742  3.489 0.4000000060
98688  -42.488  -32.146  4.095 0.5000000000
110206  -40.803  -31.344  6.279 0.4000000060
41933  -41.890  -32.109  5.034 0.5000000000
42890  -42.892  -31.610  3.052 0.5000000000
41965  -43.143  -32.229  1.689 0.4000000060
43745  -42.951  -30.663  2.076 0.5000000000
42839  -39.053  -31.721  6.992 0.5000000000
44554  -42.848  -29.214  1.991 0.5000000000
45300  -42.472  -28.472  2.198 0.5000000000
46078  -42.484  -28.049  2.172 0.5000000000
102799  -42.832  -27.095  2.446 0.5000000000
100179  -22.040  -31.314  2.401 0.5000000000
46926  -42.164  -26.508  2.110 0.5000000000
50036  -43.111  -23.024  2.199 0.4000000060
43753  -23.236  -30.289  2.795 0.6000000238
43738  -24.124  -30.476  3.278 0.6000000238
43739  -24.962  -30.674  3.552 0.6000000238
50045  -43.162  -22.252  2.036 0.3000000119
104826  -25.495  -29.903  3.583 0.6000000238
43740  -26.389  -30.067  3.926 0.6000000238
115384  -26.864  -30.366  4.201 0.6000000238
103771  -43.366  -21.432  1.796 0.3000000119
98915  -43.905  -20.168  1.571 0.3000000119
44542  -27.100  -29.840  4.196 0.6000000238
45272  -28.659  -28.468  4.997 0.6000000238
117024  -29.929  -26.692  6.061 0.6000000238
46879  -30.190  -26.339  6.452 0.6000000238
110203  -29.587  -26.512  5.147 0.6000000238
47720  -30.458  -25.602  6.790 0.5000000000
48470  -30.568  -24.859  7.029 0.5000000000
111281  -30.666  -24.164  7.066 0.4000000060
49197  -30.523  -23.456  7.619 0.4000000060
49992  -30.709  -22.698  7.063 0.4000000060
59508  -41.203  -10.438  3.859 0.3000000119
60241  -41.105  -10.031  2.819 0.3000000119
111735  -41.214  -10.197  1.229 0.3000000119
60270  -42.324  -10.153  2.441 0.3000000119
55574  -31.828  -15.524  9.631 0.3000000119
54827  -30.598  -16.374  8.693 0.3000000119
38173  -45.198  -36.279  8.215 0.4000000060
27749  -33.715  -49.547  0.141 0.3000000119
106640  -33.072  -48.094  -0.229 0.3000000119
98145  -31.282  -47.446  3.710 0.3000000119
30087  -30.408  -45.979  0.303 0.4000000060
102545  -29.294  -45.698  5.034 0.4000000060
34192  -33.698  -39.941  2.162 0.3000000119
33327  -37.357  -41.992  5.135 0.3000000119
34934  -33.561  -39.672  2.848 0.3000000119
32496  -40.538  -43.298  5.301 0.3000000119
100209  -32.311  -40.651  5.179 0.3000000119
34905  -33.890  -40.041  5.365 0.3000000119
32460  -29.197  -43.372  8.562 0.6000000238
33296  -41.692  -42.506  7.705 0.4000000060
31667  -28.069  -44.223  8.524 0.6000000238
106551  -27.100  -45.127  8.504 0.6999999881
34138  -32.438  -41.541  7.191 0.3000000119
34884  -43.007  -40.612  8.988 0.4000000060
34117  -33.532  -41.252  8.379 0.4000000060
34105  -39.607  -41.110  9.402 0.4000000060
106245  -30.863  -40.937  9.814 0.6000000238
34094  -28.814  -41.297  9.247 0.6999999881
34113  -27.518  -41.703  8.607 0.6999999881
34853  -36.184  -40.214  10.233 0.4000000060
35612  -29.757  -39.985  9.674 0.6000000238
99094  -43.123  -38.188  8.505 0.4000000060
102445  -26.990  -42.245  8.451 0.6999999881
37292  -43.622  -37.366  8.254 0.4000000060
38171  -43.688  -36.399  8.019 0.4000000060
101483  -21.211  -40.445  4.333 0.3000000119
35613  -30.206  -39.203  9.881 0.6000000238
34112  -26.760  -41.537  8.156 0.6999999881
36440  -29.636  -38.666  9.413 0.6000000238
37264  -37.454  -37.794  10.222 0.5000000000
34881  -26.676  -40.860  7.817 0.6999999881
34895  -26.403  -40.411  7.195 0.6999999881
36483  -26.980  -38.109  5.641 0.6999999881
96953  -30.168  -36.832  8.843 0.6999999881
38200  -27.895  -36.913  5.808 0.6000000238
39159  -28.709  -35.682  3.905 0.6000000238
37336  -26.976  -38.108  3.185 0.6999999881
36492  -26.515  -38.694  3.656 0.6999999881
36500  -27.038  -39.111  2.018 0.8000000119
102855  -27.941  -37.974  1.674 0.6000000238
40988  -43.533  -33.875  5.203 0.4000000060
39147  -43.319  -35.708  4.569 0.3000000119
39087  -30.940  -35.651  8.241 0.6000000238
39088  -31.649  -35.631  8.635 0.6999999881
39143  -28.721  -35.673  4.962 0.6000000238
37355  -28.328  -38.341  -0.171 0.6999999881
38257  -29.152  -37.478  0.171 0.6999999881
39179  -29.103  -36.680  1.182 0.6999999881
39075  -32.432  -35.705  9.101 0.4000000060
99088  -38.174  -35.567  6.924 0.3000000119
38215  -40.774  -37.055  4.513 0.3000000119
37338  -41.591  -37.584  2.347 0.3000000119
40009  -32.317  -34.814  7.654 0.5000000000
39997  -33.522  -34.801  8.142 0.5000000000
40037  -37.041  -34.858  6.685 0.4000000060
41003  -39.170  -34.602  2.904 0.4000000060
39161  -39.074  -35.628  2.110 0.4000000060
39162  -39.058  -36.050  2.385 0.4000000060
39146  -39.075  -35.954  3.930 0.4000000060
40080  -40.441  -35.874  2.107 0.4000000060
40965  -33.088  -33.867  5.883 0.5000000000
40034  -34.542  -34.018  6.642 0.5000000000
41052  -27.348  -33.756  0.563 0.8000000119
40102  -31.489  -34.120  0.036 0.6999999881
41907  -39.609  -32.366  6.328 0.5000000000
110209  -41.659  -28.249  4.507 0.5000000000
45274  -41.497  -28.755  5.295 0.4000000060
42876  -42.490  -31.367  4.394 0.5000000000
41972  -22.218  -32.607  2.391 0.5000000000
41943  -34.325  -32.798  3.173 0.5000000000
42838  -38.168  -32.027  6.786 0.5000000000
41057  -31.700  -33.356  0.225 0.6999999881
113901  -40.069  -31.361  6.705 0.4000000060
44514  -40.584  -29.719  6.594 0.4000000060
43693  -39.385  -30.246  7.460 0.4000000060
41996  -29.963  -32.573  0.518 0.8000000119
111379  -22.610  -32.116  2.464 0.5000000000
42815  -37.600  -31.519  7.307 0.5000000000
41986  -29.620  -32.545  0.759 0.6000000238
42898  -23.351  -31.960  2.747 0.5000000000
42900  -32.533  -31.145  1.444 0.6000000238
41977  -30.871  -31.882  1.222 0.6999999881
100377  -30.886  -32.422  3.223 0.6999999881
41939  -28.431  -32.707  4.511 0.6000000238
106126  -41.856  -27.317  2.003 0.5000000000
43732  -35.596  -30.542  3.217 0.6000000238
108730  -35.579  -30.527  8.010 0.5000000000
44503  -37.137  -29.911  8.579 0.4000000060
42885  -31.691  -31.829  3.132 0.6999999881
42858  -32.539  -31.400  5.396 0.6999999881
42872  -32.568  -31.372  4.277 0.6999999881
41956  -26.957  -32.977  3.729 0.6000000238
41903  -30.987  -32.146  5.942 0.6000000238
42810  -31.594  -31.254  7.093 0.6000000238
42809  -30.811  -31.120  7.283 0.6000000238
44487  -37.072  -29.207  8.905 0.4000000060
48484  -39.390  -24.500  5.256 0.4000000060
43687  -32.619  -30.474  7.933 0.6999999881
43673  -31.760  -30.388  8.225 0.6000000238
48491  -39.666  -24.279  4.523 0.4000000060
42855  -28.598  -31.496  5.383 0.6000000238
49250  -42.037  -23.541  2.078 0.4000000060
45216  -35.425  -28.414  9.548 0.6000000238
45218  -36.954  -28.368  9.138 0.4000000060
43688  -33.536  -30.315  7.765 0.6999999881
44500  -33.643  -29.562  8.943 0.6000000238
107856  -30.217  -29.867  7.770 0.6000000238
45996  -36.320  -27.357  9.481 0.5000000000
46845  -37.268  -26.772  8.784 0.5000000000
48458  -37.529  -24.415  7.870 0.4000000060
48471  -38.476  -24.475  6.731 0.4000000060
44482  -32.281  -29.388  9.142 0.6000000238
50017  -39.777  -22.734  4.778 0.3000000119
50018  -40.206  -22.412  3.948 0.3000000119
45212  -32.215  -28.682  9.539 0.6000000238
44481  -31.564  -29.022  9.238 0.6000000238
100984  -30.882  -27.832  9.448 0.6000000238
50033  -40.593  -22.718  2.000 0.3000000119
51598  -43.111  -20.548  1.658 0.3000000119
45214  -33.684  -28.349  9.714 0.6000000238
45213  -32.835  -28.222  9.784 0.6000000238
97937  -40.449  -21.291  2.603 0.3000000119
50815  -40.680  -21.486  1.958 0.3000000119
102462  -36.336  -25.628  9.340 0.6000000238
103456  -32.846  -27.059  10.371 0.6000000238
50788  -39.463  -21.559  5.685 0.4000000060
50008  -40.065  -22.002  4.649 0.3000000119
99133  -40.461  -21.161  3.467 0.3000000119
111540  -30.473  -27.629  8.956 0.6000000238
47669  -35.768  -25.127  9.679 0.5000000000
48431  -36.221  -24.547  9.278 0.5000000000
50767  -38.092  -20.940  7.068 0.4000000060
46815  -31.376  -26.325  10.273 0.5000000000
48430  -35.618  -24.260  9.697 0.4000000060
49173  -35.038  -24.001  10.095 0.4000000060
49962  -36.253  -22.427  8.833 0.4000000060
52308  -39.322  -19.468  6.246 0.3000000119
110592  -32.922  -24.920  10.673 0.5000000000
54086  -40.923  -17.946  4.885 0.3000000119
53187  -40.486  -18.742  5.301 0.3000000119
49172  -33.632  -23.302  10.535 0.4000000060
49171  -32.579  -23.578  10.707 0.4000000060
48422  -32.363  -24.464  10.690 0.4000000060
53164  -37.729  -18.499  7.478 0.3000000119
98007  -31.911  -22.890  10.618 0.3000000119
49170  -31.115  -23.045  10.322 0.3000000119
53176  -40.300  -17.954  5.784 0.3000000119
54875  -41.042  -16.426  5.111 0.3000000119
56522  -40.864  -13.943  1.983 0.3000000119
107885  -35.122  -19.760  9.364 0.3000000119
51503  -33.056  -20.506  10.444 0.3000000119
54061  -39.203  -17.167  6.657 0.3000000119
50732  -30.910  -21.667  10.232 0.3000000119
55683  -41.044  -15.163  3.664 0.3000000119
52259  -33.341  -19.767  10.325 0.3000000119
54854  -38.819  -16.511  6.974 0.3000000119
57265  -41.047  -13.744  4.342 0.3000000119
58062  -41.867  -12.370  2.252 0.3000000119
54829  -36.443  -16.457  8.457 0.3000000119
53120  -32.028  -18.827  10.359 0.3000000119
52258  -32.718  -19.277  10.405 0.3000000119
54808  -34.769  -16.599  9.395 0.3000000119
56416  -37.750  -14.299  7.626 0.3000000119
101778  -32.128  -18.144  10.300 0.3000000119
55595  -35.696  -15.243  8.741 0.3000000119
100373  -38.425  -13.059  7.210 0.3000000119
53992  -31.731  -17.567  10.096 0.3000000119
115275  -40.403  -10.733  5.495 0.3000000119
58776  -41.025  -11.023  4.617 0.3000000119
59530  -40.062  -11.137  1.306 0.3000000119
104902  -40.483  -10.506  1.297 0.3000000119
110492  -41.832  -10.736  2.162 0.3000000119
60271  -43.324  -9.599  3.257 0.3000000119
56385  -34.240  -14.790  9.345 0.3000000119
57207  -36.297  -13.877  8.327 0.3000000119
99817  -35.802  -13.038  8.472 0.3000000119
54034  -30.459  -17.310  8.392 0.3000000119
60269  -40.683  -10.176  1.783 0.3000000119
55573  -31.183  -15.275  9.259 0.3000000119
25529  -29.236  -52.469  1.410 0.4000000060
33287  -25.687  -42.941  7.471 0.6999999881
35649  -25.686  -40.064  4.569 0.8000000119
41964  -42.703  -32.807  3.067 0.4000000060
107983  -30.430  -25.641  6.036 0.5000000000
108828  -40.994  -32.565  5.559 0.4000000060
45302  -47.543  -29.926  2.394 0.3000000119
45293  -44.955  -28.573  3.046 0.4000000060
113985  -46.725  -27.551  3.283 0.3000000119
43757  -43.393  -30.967  1.524 0.4000000060
44562  -43.350  -29.711  1.870 0.4000000060
44555  -43.078  -30.082  1.775 0.4000000060
46915  -47.262  -26.574  3.057 0.3000000119
46067  -44.486  -27.719  3.146 0.4000000060
46068  -45.541  -27.915  3.294 0.3000000119
42863  -41.268  -31.693  5.784 0.3000000119
44561  -42.991  -28.856  1.993 0.4000000060
45292  -43.672  -28.356  2.610 0.4000000060
46928  -44.341  -26.086  3.036 0.3000000119
46066  -43.485  -27.600  2.700 0.4000000060
48512  -44.821  -24.418  2.465 0.3000000119
47745  -44.962  -25.723  2.971 0.3000000119
46927  -43.372  -26.142  2.752 0.4000000060
49252  -44.784  -23.709  2.229 0.3000000119
97702  -44.025  -23.992  2.434 0.3000000119
47756  -43.284  -24.760  2.539 0.3000000119
117026  -24.679  -29.947  3.381 0.5000000000
50037  -44.083  -23.354  2.261 0.3000000119
49251  -43.102  -23.828  2.360 0.3000000119
44550  -23.947  -29.496  2.994 0.5000000000
44560  -24.323  -28.461  2.669 0.5000000000
44551  -24.883  -29.243  3.253 0.5000000000
45289  -25.305  -28.550  3.070 0.5000000000
44552  -26.097  -29.420  3.603 0.5000000000
50821  -44.795  -21.583  1.385 0.3000000119
100103  -26.160  -28.685  3.356 0.5000000000
44543  -27.510  -28.958  4.132 0.5000000000
46075  -26.416  -27.293  2.557 0.5000000000
112200  -27.556  -27.366  3.357 0.5000000000
46063  -27.037  -27.704  3.205 0.5000000000
112807  -28.175  -27.356  3.864 0.4000000060
46076  -27.174  -27.000  2.746 0.5000000000
46907  -27.799  -26.665  3.126 0.4000000060
46897  -28.760  -26.946  4.332 0.5000000000
46908  -28.575  -26.330  3.638 0.4000000060
46909  -29.166  -25.754  3.820 0.5000000000
47742  -28.847  -25.480  3.138 0.4000000060
47726  -29.838  -25.878  4.962 0.4000000060
47743  -29.528  -25.132  3.476 0.5000000000
47733  -29.690  -25.498  4.268 0.4000000060
115915  -30.623  -25.135  6.362 0.4000000060
111020  -30.205  -25.253  4.712 0.3000000119
47734  -30.284  -24.733  3.959 0.3000000119
48482  -31.122  -24.191  5.648 0.3000000119
110576  -30.812  -24.502  6.368 0.3000000119
101591  -30.772  -24.655  4.912 0.3000000119
109056  -31.056  -24.076  4.066 0.3000000119
48483  -31.347  -23.856  4.808 0.3000000119
49210  -30.964  -23.585  6.491 0.3000000119
49211  -31.444  -23.352  5.471 0.3000000119
49993  -31.268  -22.676  6.176 0.3000000119
46083  -23.428  -27.849  1.995 0.5000000000
45303  -48.124  -29.875  2.571 0.3000000119
43758  -43.845  -30.569  1.558 0.4000000060
110382  -25.048  -27.824  2.498 0.5000000000
100556  -25.576  -27.247  2.172 0.4000000060
46922  -26.707  -26.460  2.029 0.5000000000
46924  -28.129  -25.770  2.623 0.5000000000
41949  -42.079  -32.873  4.295 0.4000000060
42862  -40.510  -32.075  6.178 0.3000000119
42891  -43.160  -31.373  1.648 0.4000000060
101801  -42.596  -25.661  2.427 0.3000000119
45282  -28.155  -28.272  4.339 0.5000000000
46054  -28.690  -27.664  4.641 0.5000000000
46055  -29.215  -27.076  4.931 0.5000000000
46886  -29.987  -26.220  5.680 0.4000000060
45295  -48.269  -28.874  2.782 0.3000000119
45294  -46.565  -28.762  2.926 0.4000000060
45301  -44.153  -29.202  2.406 0.4000000060
44563  -44.778  -30.136  2.034 0.4000000060
44556  -45.746  -29.532  2.538 0.4000000060
42903  -43.660  -31.915  0.987 0.4000000060
46913  -45.057  -26.352  3.183 0.3000000119
46914  -46.084  -26.522  3.192 0.3000000119
46912  -44.110  -26.857  3.074 0.4000000060
47757  -44.239  -25.371  2.800 0.3000000119
114821  -43.397  -25.477  2.673 0.3000000119
97714  -45.107  -22.386  1.454 0.3000000119
100606  -23.329  -28.729  2.446 0.5000000000
45299  -25.848  -27.945  2.835 0.5000000000
108936  -25.594  -29.161  3.399 0.5000000000
44553  -26.728  -29.245  3.765 0.5000000000
45290  -26.951  -28.456  3.537 0.5000000000
46062  -26.482  -28.015  3.150 0.5000000000
45291  -27.591  -28.035  3.734 0.4000000060
46898  -29.261  -26.300  4.461 0.5000000000
47727  -30.332  -25.425  5.364 0.3000000119
43768  -44.263  -31.426  1.190 0.4000000060
34210  -25.179  -41.691  1.061 0.6999999881
35669  -25.933  -40.130  3.276 0.6999999881
35675  -26.441  -40.456  1.807 0.6999999881
34940  -26.217  -40.998  1.300 0.6999999881
34944  -26.182  -40.761  0.684 0.6999999881
34943  -25.390  -40.951  0.779 0.6999999881
35676  -26.986  -40.069  0.982 0.6999999881
110153  -26.585  -40.529  0.946 0.6999999881
108606  -26.418  -39.907  0.338 0.6999999881
35679  -25.893  -40.263  0.467 0.6999999881
39183  -41.747  -36.380  0.280 0.3000000119
39190  -42.495  -36.490  -0.094 0.3000000119
113549  -42.327  -35.321  1.073 0.3000000119
40090  -43.397  -34.686  0.134 0.3000000119
41038  -42.877  -34.345  0.865 0.3000000119
40089  -42.718  -35.515  0.016 0.3000000119
36505  -27.526  -39.310  0.441 0.6999999881
101539  -26.990  -39.768  0.331 0.6999999881
40081  -41.618  -35.600  1.876 0.3000000119
105545  -42.634  -33.759  2.379 0.3000000119
41039  -43.392  -33.781  0.575 0.3000000119
41994  -45.135  -32.887  0.808 0.3000000119
41995  -45.752  -32.762  1.226 0.3000000119
36508  -27.405  -39.136  -0.031 0.6000000238
41993  -44.202  -32.881  0.607 0.3000000119
42909  -44.695  -32.213  0.852 0.3000000119
42910  -45.714  -32.337  1.171 0.3000000119
41982  -43.034  -33.239  1.455 0.3000000119
44564  -46.582  -30.519  1.939 0.3000000119
41932  -41.426  -32.936  4.975 0.3000000119
43759  -45.507  -31.114  1.486 0.3000000119
34912  -25.450  -40.733  4.968 0.6999999881
34902  -25.565  -40.836  5.951 0.6999999881
104027  -25.103  -41.958  4.611 0.6999999881
34924  -25.548  -40.746  3.807 0.6999999881
34933  -25.940  -40.949  2.434 0.6999999881
34211  -25.770  -41.396  0.994 0.6999999881
34942  -24.822  -41.364  1.028 0.6999999881
34939  -24.682  -40.869  1.091 0.6999999881
38254  -42.593  -37.021  0.539 0.3000000119
39184  -42.995  -36.201  -0.104 0.3000000119
40097  -44.112  -34.384  0.342 0.3000000119
41040  -44.937  -34.125  1.032 0.3000000119
42904  -46.340  -32.191  1.658 0.3000000119
43770  -46.359  -31.745  1.499 0.3000000119
43760  -47.658  -30.731  2.122 0.3000000119
107550  -47.614  -30.671  2.109 0.3000000119
38253  -41.718  -37.233  0.208 0.3000000119
41983  -43.540  -32.921  0.788 0.3000000119
41050  -43.861  -33.719  0.345 0.3000000119
27704  -28.145  -49.351  5.223 0.4000000060
28443  -27.807  -49.117  6.073 0.4000000060
28444  -28.401  -48.496  5.594 0.4000000060
28451  -28.652  -48.820  4.590 0.4000000060
27691  -27.252  -49.541  6.506 0.4000000060
29192  -28.076  -46.859  7.316 0.5000000000
29201  -27.816  -47.723  7.053 0.4000000060
28431  -28.372  -47.810  6.247 0.4000000060
28430  -27.870  -48.439  6.496 0.4000000060
107877  -27.440  -48.953  6.712 0.4000000060
29202  -28.360  -47.251  6.676 0.4000000060
28421  -27.332  -48.446  7.131 0.5000000000
27690  -26.604  -49.844  6.839 0.5000000000
100329  -27.188  -47.903  7.502 0.5000000000
28420  -26.714  -48.380  7.505 0.5000000000
27678  -26.246  -49.526  7.254 0.5000000000
27677  -25.604  -49.549  7.345 0.5000000000
27676  -24.962  -49.622  7.279 0.5000000000
97030  -26.147  -48.192  7.715 0.5000000000
29190  -26.576  -47.642  7.834 0.6000000238
99836  -25.594  -48.294  7.602 0.5000000000
28429  -24.356  -48.426  6.818 0.6000000238
28418  -25.079  -48.862  7.408 0.5000000000
28442  -23.856  -48.089  5.910 0.5000000000
29986  -26.441  -46.421  8.226 0.6000000238
29189  -25.774  -47.663  7.800 0.6000000238
29177  -26.107  -47.044  8.093 0.6000000238
29200  -24.339  -47.523  6.506 0.6000000238
29214  -24.055  -47.296  5.429 0.5000000000
29233  -24.090  -46.969  3.021 0.5000000000
29222  -23.989  -47.109  4.212 0.5000000000
30032  -24.266  -46.584  4.926 0.5000000000
30045  -24.327  -46.412  3.534 0.5000000000
31730  -23.314  -44.909  2.636 0.4000000060
32532  -23.451  -44.048  2.505 0.5000000000
104894  -25.545  -46.200  7.803 0.6000000238
30000  -25.424  -46.913  7.708 0.5000000000
105848  -25.135  -46.291  7.375 0.6000000238
29999  -24.771  -46.865  7.042 0.6000000238
31731  -24.016  -44.674  1.975 0.5000000000
30016  -24.381  -46.691  6.085 0.6000000238
30059  -23.906  -46.725  2.444 0.5000000000
108633  -24.435  -46.029  4.487 0.5000000000
110272  -22.681  -44.197  3.444 0.4000000060
31729  -22.077  -44.800  3.690 0.4000000060
33357  -23.382  -43.283  2.532 0.5000000000
29985  -25.864  -46.472  8.080 0.6000000238
32549  -24.184  -43.590  1.809 0.5000000000
30823  -25.325  -45.574  7.537 0.6000000238
30822  -24.734  -45.928  6.667 0.6000000238
30842  -24.568  -45.206  5.904 0.6000000238
30060  -24.171  -46.350  2.495 0.5000000000
99776  -24.455  -45.972  5.522 0.6000000238
106017  -24.397  -45.990  2.701 0.5000000000
30878  -24.524  -45.738  3.519 0.5000000000
30898  -24.424  -45.446  2.512 0.5000000000
32531  -22.649  -43.358  3.612 0.4000000060
33356  -22.919  -42.578  3.177 0.5000000000
32530  -21.985  -43.808  4.178 0.4000000060
34201  -23.789  -41.940  1.792 0.5000000000
34209  -24.551  -41.908  1.305 0.5000000000
33379  -24.315  -42.615  1.573 0.5000000000
32563  -24.722  -43.037  1.645 0.5000000000
31696  -25.111  -44.152  6.949 0.6000000238
32550  -24.848  -43.605  1.875 0.5000000000
103459  -24.459  -44.284  2.009 0.5000000000
32476  -24.888  -43.760  6.390 0.6000000238
30079  -24.205  -45.840  2.239 0.5000000000
30862  -24.516  -45.420  4.737 0.5000000000
30910  -24.174  -45.243  2.091 0.5000000000
31740  -24.577  -44.560  2.302 0.5000000000
106964  -24.643  -44.926  3.588 0.5000000000
34189  -23.128  -41.857  2.677 0.5000000000
33370  -25.350  -42.080  1.428 0.6000000238
33369  -25.171  -42.891  1.657 0.5000000000
33304  -25.332  -42.646  6.753 0.6000000238
31695  -24.708  -44.401  6.166 0.6000000238
32488  -24.686  -43.784  5.499 0.6000000238
115116  -24.750  -44.065  2.024 0.5000000000
100663  -24.659  -44.200  4.430 0.5000000000
31732  -24.780  -44.139  3.320 0.5000000000
33341  -22.283  -42.489  4.125 0.4000000060
34938  -24.099  -41.208  1.570 0.4000000060
33359  -25.442  -42.488  2.164 0.6000000238
33320  -24.818  -42.954  5.380 0.6000000238
108316  -25.230  -43.274  2.001 0.5000000000
32533  -24.946  -43.832  2.276 0.5000000000
33342  -24.925  -42.740  4.273 0.6000000238
33358  -25.108  -43.043  2.845 0.5000000000
107529  -24.215  -40.519  1.627 0.4000000060
34937  -23.391  -41.279  2.306 0.4000000060
34202  -25.762  -41.613  1.729 0.6000000238
33343  -25.217  -42.186  3.541 0.5000000000
30909  -23.772  -45.584  2.216 0.5000000000
30078  -23.971  -46.158  2.242 0.5000000000
29223  -28.957  -48.018  4.785 0.4000000060
29178  -26.748  -46.978  8.090 0.6000000238
115004  -25.694  -45.231  7.936 0.6000000238
103136  -25.442  -41.737  6.414 0.6000000238
33321  -25.049  -42.193  5.404 0.6000000238
109260  -25.064  -42.512  6.078 0.6000000238
34179  -25.299  -41.397  4.255 0.6000000238
34190  -25.521  -41.559  2.994 0.6000000238
27679  -26.858  -49.124  7.159 0.5000000000
28419  -26.074  -48.887  7.514 0.5000000000
27689  -24.406  -49.299  6.935 0.5000000000
29188  -24.972  -47.806  7.394 0.6000000238
33368  -23.615  -42.680  2.060 0.5000000000
30843  -24.915  -44.974  6.857 0.6000000238
33303  -24.932  -43.151  6.216 0.6000000238
31708  -24.584  -44.643  5.110 0.6000000238
32509  -24.753  -43.537  4.434 0.6000000238
105780  -24.893  -43.488  3.389 0.5000000000
34127  -44.175  -41.099  8.321 0.3000000119
33297  -42.544  -42.434  7.630 0.3000000119
34142  -44.590  -41.575  7.762 0.3000000119
34128  -44.947  -40.875  8.114 0.3000000119
34143  -45.366  -41.375  7.515 0.3000000119
34897  -45.702  -40.655  7.765 0.3000000119
116432  -46.629  -39.799  7.560 0.3000000119
35628  -44.251  -39.501  8.718 0.3000000119
35630  -45.702  -39.288  8.263 0.3000000119
35637  -46.376  -39.239  7.870 0.3000000119
36469  -46.748  -38.551  7.697 0.3000000119
36460  -45.304  -38.570  8.445 0.3000000119
36461  -46.070  -38.560  8.171 0.3000000119
40954  -45.687  -33.280  7.437 0.3000000119
40953  -44.472  -33.294  7.240 0.3000000119
41893  -44.922  -32.573  7.166 0.3000000119
41909  -44.155  -32.654  6.601 0.3000000119
41908  -43.547  -33.128  6.073 0.3000000119
26938  -25.983  -50.104  7.114 0.4000000060
33299  -44.197  -42.218  7.364 0.3000000119
34155  -45.737  -41.833  6.872 0.3000000119
34907  -46.892  -40.878  6.830 0.3000000119
35644  -47.774  -39.274  6.819 0.3000000119
115707  -46.081  -37.249  8.131 0.3000000119
39120  -45.945  -35.894  7.880 0.3000000119
40016  -45.147  -34.613  7.696 0.3000000119
97588  -46.106  -34.232  7.514 0.3000000119
110188  -47.053  -34.345  7.346 0.3000000119
40955  -46.749  -33.604  7.381 0.3000000119
41895  -46.748  -32.354  7.310 0.3000000119
41910  -44.710  -32.063  6.745 0.3000000119
34898  -46.442  -40.431  7.423 0.3000000119
36470  -47.499  -38.537  7.230 0.3000000119
23242  -17.639  -55.879  1.802 0.4000000060
23993  -17.808  -54.414  2.330 0.3000000119
24744  -18.293  -53.814  2.288 0.3000000119
24745  -18.765  -53.051  2.155 0.3000000119
116709  -23.030  -49.424  2.837 0.4000000060
27721  -23.303  -48.951  3.298 0.4000000060
27720  -22.988  -49.725  3.791 0.4000000060
26972  -22.733  -50.657  4.288 0.4000000060
28472  -23.281  -47.782  2.391 0.4000000060
29232  -23.693  -47.345  2.699 0.4000000060
28458  -23.523  -48.156  2.933 0.4000000060
29221  -23.749  -47.639  3.566 0.4000000060
28450  -23.503  -48.406  4.047 0.4000000060
28441  -23.532  -48.649  5.240 0.4000000060
26973  -23.017  -49.997  4.985 0.4000000060
27702  -23.415  -49.480  5.640 0.4000000060
30057  -21.293  -46.372  3.097 0.3000000119
29248  -23.509  -46.950  2.460 0.4000000060
30896  -21.606  -45.648  3.414 0.3000000119
28428  -23.804  -48.945  6.259 0.4000000060
29213  -23.729  -47.853  4.774 0.4000000060
27710  -23.278  -49.195  4.512 0.4000000060
24761  -30.106  -53.031  1.657 0.3000000119
100417  -28.528  -51.974  1.283 0.3000000119
26997  -28.342  -50.671  2.188 0.3000000119
26984  -27.786  -51.154  3.641 0.3000000119
25499  -27.214  -52.477  4.116 0.3000000119
26974  -27.612  -50.868  4.585 0.3000000119
96950  -27.411  -51.664  4.300 0.3000000119
26236  -26.898  -52.092  4.958 0.3000000119
27711  -27.857  -50.103  4.880 0.3000000119
26967  -27.355  -50.569  5.459 0.3000000119
26228  -27.131  -51.335  5.195 0.3000000119
27703  -27.581  -49.825  5.747 0.3000000119
26966  -26.755  -50.970  5.985 0.3000000119
27737  -28.696  -49.917  1.782 0.3000000119
26952  -27.024  -50.244  6.242 0.3000000119
26258  -28.202  -51.387  1.612 0.3000000119
23231  -17.756  -55.125  2.151 0.3000000119
25520  -28.096  -52.015  1.452 0.3000000119
26244  -27.579  -52.015  3.201 0.3000000119
26937  -25.281  -50.176  7.156 0.5000000000
27017  -34.464  -50.911  0.083 0.3000000119
27021  -34.285  -51.137  -0.277 0.3000000119
27747  -28.848  -49.728  0.933 0.4000000060
27748  -33.364  -48.788  0.123 0.3000000119
29215  -28.755  -47.718  5.497 0.5000000000
29266  -32.220  -46.888  -0.093 0.3000000119
29987  -27.228  -46.453  8.126 0.6000000238
30017  -28.577  -46.678  6.648 0.4000000060
30919  -31.516  -44.423  0.271 0.3000000119
31666  -27.305  -44.397  8.563 0.6999999881
31747  -31.394  -43.992  0.182 0.3000000119
32477  -25.244  -43.396  6.917 0.6000000238
32482  -40.688  -43.089  6.213 0.3000000119
33268  -26.856  -43.000  8.488 0.6999999881
33276  -40.364  -42.234  8.447 0.4000000060
33279  -43.000  -41.927  8.210 0.3000000119
33294  -39.862  -42.608  7.638 0.4000000060
33298  -43.378  -42.337  7.514 0.3000000119
33311  -41.237  -42.862  6.958 0.3000000119
33323  -31.289  -41.289  4.069 0.3000000119
33380  -24.916  -42.407  1.374 0.5000000000
34095  -29.597  -41.419  9.410 0.6999999881
34096  -30.373  -41.527  9.463 0.6999999881
34102  -37.072  -41.264  9.440 0.4000000060
34107  -42.106  -40.784  9.164 0.4000000060
34114  -28.329  -41.948  8.973 0.6999999881
34124  -39.957  -41.732  9.021 0.4000000060
34141  -43.802  -41.755  7.990 0.3000000119
34144  -46.129  -41.161  7.218 0.3000000119
34161  -25.284  -41.449  5.321 0.6999999881
34184  -35.577  -40.167  2.563 0.3000000119
34854  -36.935  -40.050  10.195 0.4000000060
34866  -33.489  -40.847  9.889 0.4000000060
34869  -36.640  -40.727  9.850 0.4000000060
34885  -43.674  -40.089  8.892 0.4000000060
34887  -45.250  -40.077  8.305 0.3000000119
34888  -46.024  -39.926  7.893 0.3000000119
34899  -47.238  -40.053  7.069 0.3000000119
34916  -34.276  -39.762  4.455 0.3000000119
35598  -31.035  -39.469  10.283 0.6000000238
35599  -31.853  -39.597  10.438 0.6000000238
35611  -29.048  -39.834  9.322 0.6000000238
35619  -42.997  -39.843  9.218 0.4000000060
35629  -44.985  -39.317  8.528 0.3000000119
35638  -47.062  -39.266  7.433 0.3000000119
35680  -26.610  -40.259  0.506 0.6999999881
36430  -38.541  -38.562  9.875 0.4000000060
36458  -42.370  -38.483  8.809 0.4000000060
36467  -27.591  -38.599  7.310 0.6999999881
36468  -28.208  -38.221  7.723 0.6999999881
37260  -33.591  -37.613  10.566 0.6000000238
37288  -29.563  -37.378  8.672 0.6999999881
37289  -40.595  -37.569  8.480 0.4000000060
37291  -42.222  -37.876  8.311 0.4000000060
37294  -45.682  -37.845  8.320 0.3000000119
37308  -41.761  -37.461  7.505 0.4000000060
37310  -46.009  -36.601  8.065 0.3000000119
37311  -46.421  -37.817  7.930 0.3000000119
37312  -47.124  -37.827  7.505 0.3000000119
37356  -28.782  -38.007  -0.063 0.6999999881
38140  -37.030  -37.018  10.028 0.5000000000
38192  -41.093  -37.144  6.955 0.4000000060
38241  -27.978  -37.117  2.460 0.6000000238
38244  -40.727  -37.395  2.044 0.4000000060
38251  -40.658  -37.107  1.113 0.4000000060
38258  -41.716  -37.054  -0.012 0.4000000060
38259  -42.236  -36.849  -0.185 0.3000000119
39080  -36.720  -35.974  9.052 0.4000000060
39090  -33.873  -35.202  8.729 0.5000000000
39095  -37.957  -36.068  8.296 0.4000000060
39110  -29.922  -35.545  7.143 0.6000000238
39113  -32.311  -35.227  8.345 0.5000000000
39114  -37.071  -35.303  7.715 0.4000000060
39118  -43.699  -35.487  7.702 0.4000000060
39133  -30.345  -35.069  6.605 0.6000000238
39172  -28.864  -35.835  2.636 0.6000000238
39174  -39.321  -35.982  1.885 0.4000000060
39176  -43.494  -36.406  1.416 0.3000000119
39182  -40.973  -37.063  0.641 0.4000000060
39191  -43.540  -35.191  0.152 0.3000000119
39198  -30.621  -34.947  -0.333 0.6999999881
39998  -34.331  -34.770  8.195 0.5000000000
40015  -44.271  -34.129  7.472 0.4000000060
40038  -43.184  -34.849  5.490 0.4000000060
40076  -30.011  -35.151  2.642 0.6000000238
40082  -44.047  -35.572  2.580 0.3000000119
40094  -30.779  -35.275  0.267 0.6999999881
40096  -42.981  -35.641  -0.142 0.3000000119
40106  -31.247  -33.575  -0.030 0.6999999881
41005  -41.426  -33.661  4.369 0.4000000060
41023  -42.269  -34.602  2.374 0.3000000119
41034  -29.351  -32.899  1.599 0.6000000238
41041  -45.376  -33.329  1.076 0.3000000119
41051  -44.624  -33.584  0.637 0.3000000119
41056  -30.050  -32.799  0.275 0.6999999881
41062  -31.198  -32.960  0.144 0.6999999881
41894  -45.865  -32.497  7.300 0.3000000119
41978  -33.818  -32.452  1.537 0.6000000238
41987  -30.376  -32.255  0.795 0.6999999881
41988  -31.130  -31.900  0.796 0.6999999881
41992  -35.358  -31.562  0.968 0.5000000000
41998  -31.634  -32.464  0.441 0.6999999881
42812  -33.119  -30.574  7.315 0.5000000000
42842  -45.094  -31.359  6.610 0.3000000119
42856  -29.408  -31.891  5.761 0.6000000238
42864  -41.923  -31.162  5.298 0.5000000000
42902  -36.025  -31.833  0.917 0.6000000238
42905  -47.159  -31.400  1.876 0.3000000119
42907  -32.532  -31.510  0.873 0.6000000238
43708  -39.520  -30.947  7.205 0.5000000000
43769  -45.348  -31.812  1.146 0.3000000119
44485  -34.974  -29.074  9.354 0.6000000238
44504  -37.634  -29.437  8.568 0.4000000060
44545  -42.120  -29.000  4.342 0.5000000000
44557  -48.133  -30.080  2.674 0.3000000119
45211  -31.040  -28.595  9.234 0.6000000238
45978  -32.586  -27.623  10.116 0.6000000238
45995  -34.164  -27.694  10.006 0.6000000238
45997  -36.875  -27.459  9.176 0.5000000000
46029  -39.002  -27.449  7.460 0.4000000060
46030  -39.520  -27.196  6.841 0.4000000060
46074  -24.922  -27.229  1.877 0.4000000060
46084  -24.390  -26.792  1.319 0.5000000000
46817  -33.326  -26.399  10.476 0.6000000238
46819  -34.770  -26.160  10.317 0.6000000238
46846  -37.952  -26.860  8.252 0.4000000060
47658  -31.646  -25.640  10.459 0.5000000000
47661  -33.933  -25.827  10.506 0.5000000000
47703  -30.397  -25.348  7.777 0.4000000060
47728  -39.444  -25.208  5.533 0.4000000060
47736  -40.351  -25.357  3.472 0.4000000060
47751  -28.231  -25.058  1.797 0.5000000000
47753  -40.818  -25.288  1.936 0.4000000060
48423  -33.262  -24.258  10.661 0.4000000060
48443  -37.091  -24.512  8.374 0.4000000060
48511  -42.010  -24.420  2.135 0.4000000060
49169  -30.616  -23.136  9.780 0.3000000119
49178  -35.447  -23.362  9.685 0.3000000119
49224  -39.337  -23.298  5.322 0.3000000119
49959  -30.351  -22.450  9.241 0.4000000060
49976  -38.056  -21.838  7.102 0.4000000060
49994  -38.606  -22.397  6.493 0.4000000060
50046  -44.152  -22.662  2.036 0.3000000119
50734  -32.617  -21.223  10.509 0.3000000119
50736  -34.424  -21.827  10.096 0.3000000119
50759  -36.440  -21.684  8.527 0.3000000119
50760  -37.006  -21.537  8.016 0.4000000060
50766  -37.546  -21.269  7.525 0.3000000119
50789  -40.092  -21.267  5.040 0.3000000119
51527  -36.019  -20.977  8.780 0.3000000119
51552  -39.173  -20.290  6.242 0.3000000119
51586  -40.508  -20.378  2.962 0.3000000119
51596  -40.591  -19.913  1.903 0.3000000119
52256  -30.978  -19.961  10.132 0.3000000119
52257  -31.881  -19.715  10.392 0.3000000119
52290  -35.684  -19.050  8.895 0.3000000119
53174  -38.984  -18.683  6.574 0.3000000119
53993  -32.694  -17.580  10.238 0.3000000119
54014  -33.453  -17.148  10.017 0.3000000119
54035  -35.237  -17.498  9.240 0.3000000119
54804  -31.074  -16.125  9.360 0.3000000119
54805  -31.351  -16.934  9.716 0.3000000119
54806  -33.219  -16.528  9.956 0.3000000119
54864  -39.539  -16.388  6.542 0.3000000119
55576  -33.358  -15.918  9.771 0.3000000119
55578  -35.228  -15.878  9.102 0.3000000119
55627  -38.417  -15.871  7.286 0.3000000119
55666  -40.919  -15.685  5.311 0.3000000119
56399  -36.967  -14.480  8.059 0.3000000119
56417  -38.505  -14.512  7.239 0.3000000119
56477  -41.015  -14.462  4.984 0.3000000119
56507  -40.802  -14.131  2.346 0.3000000119
57239  -40.090  -13.959  6.131 0.3000000119
58010  -40.968  -12.411  3.553 0.3000000119
58745  -39.853  -11.950  6.131 0.3000000119
58798  -40.346  -11.130  1.775 0.3000000119
61118  -42.505  -9.695  2.516 0.3000000119
97042  -43.396  -41.248  8.521 0.4000000060
97881  -41.422  -20.597  1.614 0.3000000119
98351  -35.886  -15.957  8.743 0.3000000119
98455  -45.087  -33.880  7.542 0.3000000119
99179  -30.715  -24.943  5.757 0.3000000119
100074  -30.600  -27.026  9.374 0.6000000238
100743  -32.362  -38.051  10.572 0.6000000238
101566  -27.398  -39.226  7.562 0.6999999881
101649  -26.187  -39.168  5.335 0.6999999881
101651  -43.509  -36.352  2.878 0.3000000119
101952  -29.132  -29.818  6.197 0.6000000238
102168  -38.802  -38.104  9.673 0.4000000060
102249  -38.611  -20.607  6.630 0.3000000119
102307  -32.422  -41.365  9.346 0.4000000060
102615  -31.584  -45.015  5.380 0.3000000119
103353  -32.345  -38.820  10.601 0.6000000238
104087  -36.346  -38.936  10.525 0.4000000060
105142  -41.073  -40.060  9.461 0.4000000060
105255  -47.087  -31.106  1.745 0.3000000119
105709  -38.222  -23.736  6.939 0.4000000060
106476  -31.137  -41.669  9.363 0.5000000000
106826  -47.842  -37.740  7.049 0.3000000119
107093  -36.741  -41.523  5.186 0.3000000119
107166  -30.250  -27.790  8.377 0.6000000238
107720  -43.249  -35.242  7.199 0.4000000060
109671  -40.353  -41.157  9.318 0.4000000060
109748  -46.510  -32.958  7.374 0.3000000119
109812  -34.585  -40.020  10.448 0.4000000060
109920  -36.320  -29.668  8.864 0.5000000000
109950  -36.478  -39.597  10.388 0.4000000060
110008  -45.288  -27.137  3.308 0.3000000119
110032  -34.630  -40.510  10.184 0.4000000060
110163  -45.271  -32.041  7.042 0.3000000119
110369  -36.267  -25.072  9.297 0.6000000238
110569  -40.498  -42.820  7.045 0.3000000119
110577  -36.439  -17.899  8.456 0.3000000119
111055  -39.592  -36.333  6.393 0.4000000060
111335  -35.480  -21.271  9.278 0.3000000119
111659  -32.204  -36.315  9.601 0.6000000238
111671  -37.941  -12.879  7.459 0.3000000119
111683  -40.479  -22.101  2.319 0.3000000119
112057  -30.803  -18.182  9.620 0.3000000119
112871  -35.912  -37.516  10.473 0.5000000000
112955  -44.253  -37.516  8.430 0.4000000060
113242  -37.824  -24.914  7.648 0.4000000060
113397  -40.786  -39.546  9.465 0.4000000060
114059  -37.240  -41.931  8.427 0.4000000060
114450  -42.918  -35.263  6.090 0.4000000060
114605  -38.386  -42.647  6.124 0.3000000119
114967  -43.734  -40.681  8.651 0.4000000060
115046  -27.649  -46.690  7.766 0.6000000238
115133  -26.495  -45.240  8.387 0.6999999881
115564  -40.812  -23.878  1.851 0.3000000119
115684  -32.917  -29.614  8.933 0.6000000238
115990  -30.921  -48.828  0.210 0.4000000060
116098  -32.309  -33.692  0.945 0.6000000238
116834  -44.754  -39.851  8.542 0.3000000119
116992  -30.684  -24.262  9.969 0.4000000060
116997  -40.676  -22.173  1.961 0.3000000119
117107  -35.340  -14.820  8.848 0.3000000119
