#!ascii label  , from subject sub-04 vox2ras=TkReg aparc.a2009s=G_oc-temp_lat-fusifor
1675
13656  27.362  -66.192  -1.393 0.0000000000
14417  34.537  -64.961  0.316 0.0000000000
14430  28.986  -65.498  -0.714 0.0000000000
14431  28.202  -65.907  -1.387 0.0000000000
14444  28.791  -65.287  -1.709 0.0000000000
14445  27.955  -65.393  -2.126 0.0000000000
14455  28.600  -64.894  -2.398 0.0000000000
14456  27.966  -64.963  -2.435 0.0000000000
15262  34.532  -64.697  1.018 0.0000000000
15280  34.689  -64.259  0.248 0.0000000000
15281  29.394  -64.929  -0.008 0.0000000000
15299  29.368  -64.853  -1.068 0.0000000000
15317  29.302  -64.679  -2.085 0.0000000000
15331  29.160  -64.456  -2.681 0.0000000000
15332  28.555  -64.438  -2.726 0.0000000000
16006  34.585  -63.411  1.844 0.0000000000
16025  35.275  -63.276  0.201 0.0000000000
16026  34.799  -63.469  0.484 0.0000000000
16027  29.899  -63.431  0.438 0.0000000000
16028  29.690  -64.195  -0.315 0.0000000000
16043  34.985  -63.934  -0.045 0.0000000000
16044  29.944  -63.363  -0.578 0.0000000000
16045  29.714  -64.113  -1.415 0.0000000000
16052  30.069  -63.276  -1.699 0.0000000000
16053  29.659  -63.914  -2.542 0.0000000000
16058  29.697  -63.324  -3.073 0.0000000000
16059  29.265  -64.015  -3.070 0.0000000000
16060  28.818  -63.913  -3.090 0.0000000000
16066  29.266  -63.429  -3.253 0.0000000000
16717  34.486  -62.190  4.540 0.0000000000
16732  34.694  -62.646  3.711 0.0000000000
16743  34.649  -63.034  2.752 0.0000000000
16753  34.724  -62.609  1.771 0.0000000000
16767  35.316  -62.417  0.372 0.0000000000
16768  30.109  -62.599  0.217 0.0000000000
16773  30.207  -62.488  -0.799 0.0000000000
16779  30.395  -62.398  -1.930 0.0000000000
16783  30.100  -62.444  -3.154 0.0000000000
16784  28.699  -63.351  -3.060 0.0000000000
16788  29.698  -62.881  -3.287 0.0000000000
16789  29.243  -62.655  -3.345 0.0000000000
17450  35.131  -60.873  4.136 0.0000000000
17451  34.591  -61.344  4.625 0.0000000000
17466  35.306  -61.078  3.415 0.0000000000
17467  34.974  -61.723  3.748 0.0000000000
17480  35.345  -61.130  1.854 0.0000000000
17481  34.890  -62.234  2.765 0.0000000000
17492  35.251  -61.466  0.860 0.0000000000
17493  34.917  -62.242  0.852 0.0000000000
17503  35.378  -61.766  0.391 0.0000000000
17504  30.488  -61.296  0.869 0.0000000000
17508  35.650  -61.059  0.055 0.0000000000
17509  30.494  -61.486  -1.020 0.0000000000
17511  30.624  -61.576  -2.260 0.0000000000
17513  30.551  -61.577  -2.982 0.0000000000
17514  28.750  -61.800  -3.113 0.0000000000
17516  30.325  -61.562  -3.252 0.0000000000
17517  30.006  -61.439  -3.487 0.0000000000
17518  29.244  -61.185  -3.320 0.0000000000
18175  35.228  -60.044  4.369 0.0000000000
18176  34.667  -60.520  4.740 0.0000000000
18185  35.556  -60.386  3.470 0.0000000000
18203  35.748  -60.425  2.225 0.0000000000
18204  30.987  -60.179  2.183 0.0000000000
18217  35.551  -60.734  0.974 0.0000000000
18218  30.969  -59.880  1.148 0.0000000000
18219  30.686  -60.776  1.547 0.0000000000
18225  36.215  -60.435  -0.429 0.0000000000
18226  30.858  -60.097  0.154 0.0000000000
18230  30.793  -60.463  -0.828 0.0000000000
18233  31.180  -59.984  -1.925 0.0000000000
18234  30.885  -60.776  -2.605 0.0000000000
18236  31.121  -60.015  -2.815 0.0000000000
18237  30.750  -60.768  -3.064 0.0000000000
18238  28.279  -60.896  -2.788 0.0000000000
18239  27.796  -60.273  -2.292 0.0000000000
18240  30.941  -60.038  -3.097 0.0000000000
18241  30.493  -60.770  -3.281 0.0000000000
18242  29.895  -60.625  -3.417 0.0000000000
18243  28.969  -60.365  -3.108 0.0000000000
18961  35.283  -59.178  4.589 0.0000000000
18962  34.731  -59.737  4.862 0.0000000000
18973  36.394  -59.119  3.223 0.0000000000
18974  35.769  -59.542  3.890 0.0000000000
18991  36.733  -59.163  1.989 0.0000000000
18992  36.240  -59.757  2.141 0.0000000000
19011  36.312  -59.696  1.002 0.0000000000
19012  35.932  -60.174  1.275 0.0000000000
19013  31.344  -59.336  1.878 0.0000000000
19024  36.828  -59.598  -0.784 0.0000000000
19025  36.428  -59.737  -0.157 0.0000000000
19026  35.932  -60.297  0.325 0.0000000000
19027  31.254  -59.263  0.259 0.0000000000
19034  37.090  -59.782  -1.204 0.0000000000
19035  36.563  -59.984  -0.830 0.0000000000
19036  31.165  -59.554  -0.749 0.0000000000
19040  39.069  -59.235  -2.224 0.0000000000
19041  38.372  -59.351  -1.802 0.0000000000
19042  31.434  -59.005  -1.625 0.0000000000
19044  31.164  -59.314  -2.843 0.0000000000
19045  30.915  -59.371  -3.077 0.0000000000
19046  29.443  -59.051  -2.969 0.0000000000
19047  28.838  -59.687  -2.943 0.0000000000
19048  27.523  -59.279  -2.271 0.0000000000
19049  30.503  -60.021  -3.269 0.0000000000
19050  29.665  -59.835  -3.233 0.0000000000
19758  36.053  -57.942  4.440 0.0000000000
19759  35.292  -58.131  4.795 0.0000000000
19760  34.661  -58.957  4.972 0.0000000000
19768  36.552  -58.207  3.845 0.0000000000
19769  35.935  -58.690  4.226 0.0000000000
19780  37.038  -58.463  2.945 0.0000000000
19781  32.466  -57.945  3.532 0.0000000000
19782  31.732  -58.735  2.440 0.0000000000
19798  38.154  -58.211  0.776 0.0000000000
19799  38.003  -58.124  1.782 0.0000000000
19800  36.848  -59.173  0.815 0.0000000000
19801  31.657  -58.521  1.446 0.0000000000
19815  38.438  -58.303  -0.216 0.0000000000
19816  36.990  -59.147  -0.200 0.0000000000
19817  31.633  -58.356  0.396 0.0000000000
19827  38.775  -58.464  -1.376 0.0000000000
19828  37.920  -58.793  -1.266 0.0000000000
19829  37.775  -59.291  -1.541 0.0000000000
19830  31.737  -57.784  -0.524 0.0000000000
19831  26.672  -58.407  -1.576 0.0000000000
19835  41.179  -58.791  -2.835 0.0000000000
19836  40.324  -58.800  -2.726 0.0000000000
19837  39.294  -58.711  -2.308 0.0000000000
19838  31.368  -58.520  -2.257 0.0000000000
19839  27.056  -58.832  -1.907 0.0000000000
19840  26.216  -58.155  -1.947 0.0000000000
19842  41.734  -58.205  -3.159 0.0000000000
19843  40.974  -58.198  -3.139 0.0000000000
19844  31.056  -58.652  -2.735 0.0000000000
19845  30.533  -58.779  -2.985 0.0000000000
19846  28.691  -58.391  -2.634 0.0000000000
19847  27.583  -58.516  -2.427 0.0000000000
19848  26.783  -58.449  -2.089 0.0000000000
20608  36.539  -57.415  4.252 0.0000000000
20609  35.850  -57.309  4.672 0.0000000000
20610  34.684  -57.525  4.977 0.0000000000
20611  33.889  -57.397  4.785 0.0000000000
20612  33.048  -57.794  4.363 0.0000000000
20617  37.142  -57.613  3.602 0.0000000000
20618  33.294  -57.038  4.246 0.0000000000
20619  32.808  -57.158  3.573 0.0000000000
20627  38.353  -57.267  2.528 0.0000000000
20628  37.668  -57.867  2.763 0.0000000000
20629  32.419  -57.330  2.568 0.0000000000
20630  32.007  -57.917  1.926 0.0000000000
20640  39.323  -57.207  1.274 0.0000000000
20641  38.680  -57.581  1.638 0.0000000000
20642  31.933  -57.736  0.954 0.0000000000
20651  40.238  -57.429  -0.438 0.0000000000
20652  39.383  -57.771  -0.014 0.0000000000
20653  38.827  -57.815  0.765 0.0000000000
20654  32.123  -57.111  0.458 0.0000000000
20655  31.911  -57.548  0.155 0.0000000000
20661  41.033  -57.533  -2.508 0.0000000000
20662  40.260  -57.742  -1.900 0.0000000000
20663  39.592  -58.030  -1.529 0.0000000000
20664  31.947  -57.017  -0.310 0.0000000000
20665  31.634  -57.384  -1.128 0.0000000000
20666  25.842  -57.774  -1.593 0.0000000000
20667  25.397  -57.357  -0.958 0.0000000000
20673  40.303  -58.148  -2.734 0.0000000000
20674  39.817  -58.208  -2.354 0.0000000000
20675  31.102  -57.764  -2.275 0.0000000000
20676  30.631  -56.879  -1.844 0.0000000000
20677  25.792  -57.748  -1.737 0.0000000000
20678  25.321  -57.332  -1.371 0.0000000000
20681  42.317  -57.627  -3.286 0.0000000000
20682  41.630  -57.639  -3.214 0.0000000000
20683  30.288  -57.549  -2.409 0.0000000000
20684  29.168  -57.630  -2.451 0.0000000000
20685  27.956  -57.800  -2.446 0.0000000000
20686  26.844  -57.978  -2.260 0.0000000000
20687  26.052  -58.012  -2.009 0.0000000000
20688  25.617  -57.522  -1.590 0.0000000000
21426  36.628  -55.607  4.400 0.0000000000
21427  36.427  -56.548  4.507 0.0000000000
21428  35.523  -56.568  4.866 0.0000000000
21429  34.633  -56.681  4.878 0.0000000000
21430  33.748  -56.480  4.445 0.0000000000
21438  37.969  -55.889  3.419 0.0000000000
21439  33.167  -56.427  3.708 0.0000000000
21440  32.761  -56.514  2.839 0.0000000000
21448  39.063  -56.006  2.289 0.0000000000
21449  38.478  -56.384  2.804 0.0000000000
21450  37.775  -56.852  3.404 0.0000000000
21451  32.529  -56.587  2.015 0.0000000000
21460  40.095  -56.000  1.060 0.0000000000
21461  39.501  -56.364  1.593 0.0000000000
21462  38.985  -56.774  2.128 0.0000000000
21463  32.412  -56.198  1.314 0.0000000000
21467  25.366  -56.297  0.310 0.0000000000
21468  24.552  -55.901  0.046 0.0000000000
21473  40.617  -56.542  0.226 0.0000000000
21474  39.968  -56.902  0.762 0.0000000000
21475  32.141  -56.460  0.460 0.0000000000
21476  31.826  -56.416  -0.235 0.0000000000
21477  25.723  -56.897  -0.219 0.0000000000
21478  24.858  -56.569  -0.529 0.0000000000
21480  42.467  -56.502  -1.380 0.0000000000
21481  41.712  -56.892  -1.285 0.0000000000
21482  41.015  -57.193  -0.871 0.0000000000
21483  31.625  -56.754  -0.859 0.0000000000
21484  31.099  -56.424  -1.168 0.0000000000
21485  24.695  -56.817  -1.020 0.0000000000
21486  24.480  -56.162  -0.644 0.0000000000
21490  43.320  -56.652  -3.068 0.0000000000
21491  42.563  -56.829  -2.870 0.0000000000
21492  41.901  -57.121  -2.612 0.0000000000
21493  31.346  -57.130  -1.582 0.0000000000
21494  28.907  -56.474  -1.694 0.0000000000
21495  27.786  -56.575  -1.774 0.0000000000
21496  26.596  -56.746  -1.806 0.0000000000
21497  25.570  -56.920  -1.601 0.0000000000
21498  24.930  -56.945  -1.212 0.0000000000
21504  42.776  -57.054  -3.396 0.0000000000
21505  42.168  -57.211  -3.216 0.0000000000
21506  29.605  -56.959  -2.099 0.0000000000
21507  28.454  -57.105  -2.177 0.0000000000
21508  27.260  -57.310  -2.163 0.0000000000
21509  26.205  -57.501  -2.010 0.0000000000
22200  36.038  -55.029  4.603 0.0000000000
22201  35.439  -55.234  4.752 0.0000000000
22202  34.786  -55.056  4.686 0.0000000000
22203  33.529  -55.677  3.968 0.0000000000
22212  37.323  -55.227  3.824 0.0000000000
22213  36.617  -54.888  4.244 0.0000000000
22214  33.042  -55.736  3.053 0.0000000000
22224  38.507  -55.613  2.782 0.0000000000
22225  38.015  -55.129  3.180 0.0000000000
22226  32.714  -55.914  2.126 0.0000000000
22236  39.496  -55.603  1.673 0.0000000000
22237  38.949  -55.239  2.214 0.0000000000
22238  32.434  -55.483  1.478 0.0000000000
22242  24.780  -54.785  1.047 0.0000000000
22243  24.360  -55.098  0.333 0.0000000000
22248  41.391  -56.207  -0.271 0.0000000000
22249  40.645  -55.603  0.442 0.0000000000
22250  40.002  -55.187  1.061 0.0000000000
22251  32.184  -55.802  0.826 0.0000000000
22252  31.787  -55.688  0.208 0.0000000000
22253  31.070  -55.267  -0.064 0.0000000000
22254  24.340  -55.459  -0.201 0.0000000000
22256  43.081  -55.733  -0.990 0.0000000000
22257  42.097  -55.581  -0.510 0.0000000000
22258  31.425  -56.029  -0.522 0.0000000000
22259  30.715  -55.723  -0.649 0.0000000000
22260  29.796  -55.486  -0.658 0.0000000000
22261  28.769  -55.357  -0.668 0.0000000000
22262  27.653  -55.323  -0.725 0.0000000000
22263  26.406  -55.360  -0.837 0.0000000000
22264  25.170  -55.508  -0.865 0.0000000000
22265  24.447  -55.797  -0.541 0.0000000000
22268  43.923  -55.921  -1.982 0.0000000000
22269  43.151  -56.373  -1.940 0.0000000000
22270  30.296  -56.151  -1.206 0.0000000000
22271  29.347  -55.953  -1.196 0.0000000000
22272  28.292  -55.921  -1.253 0.0000000000
22273  27.115  -55.965  -1.393 0.0000000000
22274  25.887  -56.128  -1.399 0.0000000000
22275  24.869  -56.316  -1.183 0.0000000000
22276  24.521  -56.376  -0.877 0.0000000000
22929  36.127  -54.305  4.324 0.0000000000
22930  35.370  -54.446  4.563 0.0000000000
22931  34.650  -54.343  4.475 0.0000000000
22932  33.986  -54.792  4.231 0.0000000000
22943  37.533  -54.607  3.335 0.0000000000
22944  36.854  -54.304  3.767 0.0000000000
22945  33.335  -54.941  3.364 0.0000000000
22959  38.448  -54.971  2.633 0.0000000000
22960  37.975  -54.489  2.749 0.0000000000
22961  33.083  -54.383  2.931 0.0000000000
22965  24.617  -54.030  1.359 0.0000000000
22972  39.338  -54.810  1.561 0.0000000000
22973  38.565  -54.371  1.986 0.0000000000
22974  37.813  -53.848  2.169 0.0000000000
22975  32.346  -54.725  1.611 0.0000000000
22976  31.770  -54.394  1.159 0.0000000000
22977  24.366  -54.303  0.600 0.0000000000
22982  41.210  -55.050  -0.058 0.0000000000
22983  40.437  -54.657  0.375 0.0000000000
22984  39.681  -54.301  0.782 0.0000000000
22985  38.963  -54.030  1.172 0.0000000000
22986  32.020  -55.169  0.926 0.0000000000
22987  31.408  -54.840  0.552 0.0000000000
22988  30.615  -54.429  0.411 0.0000000000
22989  29.667  -54.229  0.282 0.0000000000
22990  28.603  -54.096  0.256 0.0000000000
22991  27.413  -54.040  0.186 0.0000000000
22992  26.005  -54.004  0.067 0.0000000000
22993  24.344  -54.622  0.245 0.0000000000
22994  24.298  -55.248  -0.205 0.0000000000
22998  43.652  -54.891  -0.967 0.0000000000
22999  42.590  -54.700  -0.599 0.0000000000
23000  41.602  -54.314  -0.493 0.0000000000
23001  40.749  -54.069  -0.358 0.0000000000
23002  30.214  -54.994  -0.116 0.0000000000
23003  29.228  -54.795  -0.172 0.0000000000
23004  28.140  -54.690  -0.213 0.0000000000
23005  26.913  -54.641  -0.333 0.0000000000
23006  25.509  -54.693  -0.430 0.0000000000
23007  24.507  -54.964  -0.319 0.0000000000
23008  24.493  -55.743  -0.660 0.0000000000
23013  44.603  -54.943  -1.793 0.0000000000
23720  35.533  -53.649  4.281 0.0000000000
23721  34.871  -53.648  4.370 0.0000000000
23722  34.213  -53.859  4.193 0.0000000000
23731  36.205  -53.633  3.958 0.0000000000
23732  35.681  -53.082  3.979 0.0000000000
23733  34.317  -53.006  4.049 0.0000000000
23734  33.583  -54.025  3.650 0.0000000000
23739  24.666  -52.610  2.058 0.0000000000
23745  37.318  -53.909  2.986 0.0000000000
23746  36.789  -53.200  2.840 0.0000000000
23747  33.034  -53.607  2.985 0.0000000000
23748  31.702  -52.552  1.903 0.0000000000
23750  24.577  -53.304  1.613 0.0000000000
23754  38.036  -53.670  1.352 0.0000000000
23755  37.372  -53.371  1.304 0.0000000000
23756  31.530  -53.484  1.443 0.0000000000
23757  30.632  -53.335  0.957 0.0000000000
23758  24.279  -53.571  1.076 0.0000000000
23763  39.924  -53.787  -0.132 0.0000000000
23764  38.927  -53.564  0.076 0.0000000000
23765  38.310  -53.617  0.695 0.0000000000
23766  37.398  -53.418  0.145 0.0000000000
23767  36.681  -53.192  0.163 0.0000000000
23768  31.095  -54.072  0.856 0.0000000000
23769  30.103  -53.703  0.587 0.0000000000
23770  29.134  -53.315  0.487 0.0000000000
23771  27.920  -53.342  0.383 0.0000000000
23772  26.579  -53.336  0.328 0.0000000000
23773  25.013  -53.375  0.413 0.0000000000
23774  24.380  -53.699  0.769 0.0000000000
23778  43.086  -53.985  -0.705 0.0000000000
23779  42.036  -53.573  -0.883 0.0000000000
23780  41.007  -53.508  -1.023 0.0000000000
23781  40.110  -53.436  -1.129 0.0000000000
23782  39.127  -53.401  -1.114 0.0000000000
23783  38.072  -53.379  -1.017 0.0000000000
23784  37.196  -53.438  -0.950 0.0000000000
23785  36.554  -53.333  -0.917 0.0000000000
23786  24.673  -54.193  0.124 0.0000000000
23791  44.090  -53.804  -1.041 0.0000000000
23792  42.111  -52.810  -1.254 0.0000000000
23793  41.275  -52.967  -1.521 0.0000000000
23794  40.364  -53.042  -1.787 0.0000000000
23795  39.413  -53.052  -1.835 0.0000000000
23796  38.296  -53.098  -1.565 0.0000000000
23797  37.261  -53.181  -1.482 0.0000000000
23798  36.602  -53.224  -1.440 0.0000000000
24512  35.061  -52.925  4.166 0.0000000000
24521  36.228  -52.985  3.511 0.0000000000
24522  35.513  -52.319  3.608 0.0000000000
24523  34.613  -52.209  3.763 0.0000000000
24524  33.783  -52.141  3.511 0.0000000000
24529  25.516  -52.109  2.404 0.0000000000
24533  36.231  -52.319  2.741 0.0000000000
24534  33.107  -51.788  3.013 0.0000000000
24535  32.417  -52.163  2.551 0.0000000000
24536  31.877  -51.578  2.110 0.0000000000
24537  24.342  -52.037  1.718 0.0000000000
24539  36.771  -52.918  1.643 0.0000000000
24540  35.665  -51.903  0.816 0.0000000000
24541  31.078  -51.978  1.588 0.0000000000
24542  30.280  -52.357  1.050 0.0000000000
24545  36.012  -53.119  -0.898 0.0000000000
24546  35.538  -52.492  -0.674 0.0000000000
24547  29.278  -52.244  0.614 0.0000000000
24548  27.178  -52.556  0.397 0.0000000000
24549  25.755  -52.616  0.511 0.0000000000
24550  24.521  -52.744  0.891 0.0000000000
24554  43.026  -53.095  -0.875 0.0000000000
24555  36.089  -53.095  -1.596 0.0000000000
24556  35.680  -52.727  -1.608 0.0000000000
24561  42.735  -52.124  -1.338 0.0000000000
24562  41.605  -52.309  -1.791 0.0000000000
24563  40.762  -52.517  -2.103 0.0000000000
24564  40.023  -52.635  -2.167 0.0000000000
24565  38.690  -52.950  -1.765 0.0000000000
24566  37.536  -53.019  -1.628 0.0000000000
24567  36.457  -53.010  -1.718 0.0000000000
24568  35.867  -52.825  -1.836 0.0000000000
24572  41.152  -51.866  -2.326 0.0000000000
24573  40.497  -52.016  -2.348 0.0000000000
24574  39.907  -52.133  -2.232 0.0000000000
25368  34.985  -51.519  3.333 0.0000000000
25369  34.300  -51.537  3.355 0.0000000000
25374  25.124  -51.421  2.299 0.0000000000
25380  35.749  -51.601  2.138 0.0000000000
25381  35.177  -51.094  2.610 0.0000000000
25382  34.476  -50.948  2.901 0.0000000000
25383  33.669  -51.072  2.948 0.0000000000
25384  32.701  -51.201  2.602 0.0000000000
25385  24.527  -51.439  1.956 0.0000000000
25389  35.122  -50.948  1.464 0.0000000000
25390  34.346  -50.327  1.482 0.0000000000
25391  32.176  -50.597  2.058 0.0000000000
25392  31.261  -51.008  1.663 0.0000000000
25393  30.512  -51.496  1.272 0.0000000000
25394  24.439  -51.427  1.516 0.0000000000
25398  35.019  -51.619  -0.200 0.0000000000
25399  34.574  -50.785  0.395 0.0000000000
25400  29.776  -51.454  0.832 0.0000000000
25401  29.019  -51.331  0.492 0.0000000000
25402  28.368  -51.232  0.399 0.0000000000
25403  27.701  -51.682  0.371 0.0000000000
25404  25.811  -51.287  0.543 0.0000000000
25405  24.750  -51.349  0.954 0.0000000000
25409  38.580  -51.617  -0.996 0.0000000000
25410  37.663  -51.863  -1.095 0.0000000000
25411  36.543  -51.916  -1.545 0.0000000000
25412  35.455  -51.565  -1.782 0.0000000000
25413  35.124  -52.045  -1.419 0.0000000000
25414  34.497  -51.285  -0.988 0.0000000000
25419  43.809  -51.476  -1.444 0.0000000000
25420  42.776  -51.307  -1.725 0.0000000000
25421  41.938  -51.588  -2.013 0.0000000000
25422  39.818  -51.417  -2.018 0.0000000000
25423  39.168  -52.261  -1.784 0.0000000000
25424  38.104  -52.579  -1.492 0.0000000000
25425  36.960  -52.710  -1.621 0.0000000000
25426  35.963  -52.578  -1.871 0.0000000000
25427  35.440  -52.154  -1.747 0.0000000000
25428  34.866  -51.433  -1.659 0.0000000000
25432  42.263  -50.836  -2.230 0.0000000000
25433  41.438  -51.110  -2.433 0.0000000000
25434  40.416  -51.379  -2.320 0.0000000000
26213  25.847  -50.752  2.388 0.0000000000
26214  24.846  -50.709  2.116 0.0000000000
26219  34.679  -50.613  2.235 0.0000000000
26220  34.035  -50.361  2.306 0.0000000000
26221  33.152  -50.314  2.278 0.0000000000
26222  24.602  -50.700  1.800 0.0000000000
26225  33.453  -49.883  1.417 0.0000000000
26226  32.572  -49.869  1.577 0.0000000000
26227  31.594  -50.065  1.435 0.0000000000
26228  30.444  -50.562  1.040 0.0000000000
26229  24.694  -50.663  1.239 0.0000000000
26233  38.419  -50.131  0.218 0.0000000000
26234  37.734  -50.265  0.242 0.0000000000
26235  36.939  -50.296  -0.065 0.0000000000
26236  33.949  -50.253  0.046 0.0000000000
26237  33.561  -50.013  -0.825 0.0000000000
26238  31.017  -49.591  0.632 0.0000000000
26239  29.466  -50.657  0.581 0.0000000000
26240  28.698  -50.693  0.397 0.0000000000
26241  27.784  -50.810  0.338 0.0000000000
26242  26.627  -50.659  0.403 0.0000000000
26243  25.372  -50.614  0.702 0.0000000000
26247  38.965  -50.645  -0.517 0.0000000000
26248  38.150  -50.937  -0.318 0.0000000000
26249  37.320  -51.092  -0.590 0.0000000000
26250  36.270  -50.964  -1.291 0.0000000000
26251  35.469  -50.636  -1.627 0.0000000000
26252  34.343  -50.707  -1.320 0.0000000000
26253  34.097  -50.201  -1.398 0.0000000000
26257  43.295  -50.653  -1.921 0.0000000000
26258  40.362  -50.598  -2.172 0.0000000000
26259  39.721  -50.613  -1.405 0.0000000000
26260  34.919  -50.680  -1.792 0.0000000000
26261  34.641  -50.866  -1.664 0.0000000000
26266  43.899  -49.894  -2.293 0.0000000000
26267  42.749  -50.068  -2.409 0.0000000000
26268  41.788  -50.290  -2.498 0.0000000000
26269  40.956  -50.596  -2.508 0.0000000000
27077  25.028  -49.072  2.313 0.0000000000
27078  24.524  -48.728  2.077 0.0000000000
27084  24.724  -49.682  1.983 0.0000000000
27090  37.614  -48.987  1.176 0.0000000000
27091  36.890  -48.812  1.142 0.0000000000
27092  32.656  -49.545  0.851 0.0000000000
27093  31.988  -49.582  1.050 0.0000000000
27094  24.680  -49.717  1.609 0.0000000000
27095  24.497  -49.048  1.932 0.0000000000
27099  38.764  -49.313  0.501 0.0000000000
27100  38.006  -49.603  0.776 0.0000000000
27101  37.328  -49.561  0.691 0.0000000000
27102  36.583  -49.421  0.365 0.0000000000
27103  35.904  -49.086  -0.276 0.0000000000
27104  32.843  -49.438  -0.301 0.0000000000
27105  31.960  -49.303  0.163 0.0000000000
27106  29.551  -49.407  0.293 0.0000000000
27107  28.852  -49.533  0.312 0.0000000000
27108  28.148  -49.534  0.335 0.0000000000
27109  27.317  -49.388  0.380 0.0000000000
27110  25.592  -49.201  0.714 0.0000000000
27111  24.835  -49.142  1.244 0.0000000000
27112  24.550  -48.951  1.742 0.0000000000
27116  39.500  -49.161  -0.184 0.0000000000
27117  36.086  -50.029  -0.816 0.0000000000
27118  35.327  -49.680  -1.421 0.0000000000
27119  33.365  -49.610  -1.049 0.0000000000
27120  32.510  -49.116  -0.539 0.0000000000
27121  31.399  -49.098  -0.045 0.0000000000
27122  30.396  -49.234  0.209 0.0000000000
27125  40.265  -49.785  -1.709 0.0000000000
27126  39.650  -49.839  -0.771 0.0000000000
27127  34.779  -49.713  -1.702 0.0000000000
27128  34.264  -49.650  -1.629 0.0000000000
27129  33.774  -49.553  -1.448 0.0000000000
27132  44.574  -49.107  -2.732 0.0000000000
27133  43.349  -49.295  -2.609 0.0000000000
27134  42.290  -49.420  -2.594 0.0000000000
27135  41.436  -49.629  -2.520 0.0000000000
27136  40.826  -49.763  -2.349 0.0000000000
27863  25.664  -48.488  2.495 0.0000000000
27864  24.811  -48.269  2.381 0.0000000000
27871  24.435  -48.074  2.160 0.0000000000
27878  36.238  -48.556  0.757 0.0000000000
27879  35.908  -47.914  0.986 0.0000000000
27880  24.360  -48.380  1.981 0.0000000000
27887  35.737  -48.242  0.199 0.0000000000
27888  29.894  -48.838  0.143 0.0000000000
27889  29.160  -48.981  0.232 0.0000000000
27890  27.979  -48.905  0.337 0.0000000000
27891  27.149  -48.700  0.424 0.0000000000
27892  26.200  -48.572  0.619 0.0000000000
27893  25.241  -48.528  1.030 0.0000000000
27894  24.619  -48.458  1.607 0.0000000000
27900  35.421  -48.589  -0.949 0.0000000000
27901  33.257  -49.076  -1.256 0.0000000000
27902  32.623  -48.584  -0.754 0.0000000000
27903  31.859  -48.825  -0.338 0.0000000000
27904  30.920  -48.671  -0.043 0.0000000000
27907  40.758  -48.271  -1.838 0.0000000000
27908  40.186  -48.894  -1.118 0.0000000000
27909  35.035  -48.801  -1.576 0.0000000000
27910  34.569  -48.906  -1.698 0.0000000000
27911  33.905  -48.939  -1.663 0.0000000000
27915  43.987  -48.530  -2.921 0.0000000000
27916  42.403  -48.358  -2.777 0.0000000000
27917  41.819  -48.062  -2.642 0.0000000000
27918  41.236  -48.795  -2.372 0.0000000000
27919  44.415  -47.802  -3.226 0.0000000000
27920  43.330  -48.016  -3.027 0.0000000000
28667  25.371  -47.704  2.593 0.0000000000
28675  24.383  -47.605  2.116 0.0000000000
28685  24.401  -47.739  1.895 0.0000000000
28692  35.593  -47.450  0.581 0.0000000000
28693  29.159  -47.781  0.357 0.0000000000
28694  28.333  -47.560  0.418 0.0000000000
28695  27.422  -47.220  0.566 0.0000000000
28696  26.440  -47.203  0.803 0.0000000000
28697  25.540  -47.130  1.226 0.0000000000
28698  24.663  -46.940  1.771 0.0000000000
28702  35.483  -47.848  -0.426 0.0000000000
28703  33.533  -48.100  -1.355 0.0000000000
28704  32.734  -47.637  -0.647 0.0000000000
28705  31.094  -47.729  0.126 0.0000000000
28710  35.157  -47.765  -1.336 0.0000000000
28711  34.845  -47.349  -1.574 0.0000000000
28712  34.270  -47.157  -1.557 0.0000000000
28715  41.788  -47.162  -2.743 0.0000000000
28719  43.968  -47.051  -3.374 0.0000000000
28720  42.592  -47.406  -3.006 0.0000000000
28721  42.252  -46.628  -3.063 0.0000000000
29453  25.829  -45.579  3.358 0.0000000000
29462  26.476  -46.266  3.130 0.0000000000
29463  25.464  -46.326  3.086 0.0000000000
29473  24.564  -46.820  2.351 0.0000000000
29480  24.624  -46.287  2.236 0.0000000000
29488  31.245  -46.780  0.386 0.0000000000
29489  30.423  -46.442  0.581 0.0000000000
29490  29.484  -46.191  0.640 0.0000000000
29491  28.862  -46.894  0.474 0.0000000000
29492  27.530  -46.287  0.729 0.0000000000
29493  26.113  -46.491  1.102 0.0000000000
29494  25.333  -46.461  1.476 0.0000000000
29500  35.378  -47.119  -0.529 0.0000000000
29501  33.548  -46.955  -1.141 0.0000000000
29502  32.739  -46.658  -0.434 0.0000000000
29503  32.039  -46.277  0.202 0.0000000000
29507  35.105  -46.734  -1.330 0.0000000000
29508  34.753  -46.392  -1.499 0.0000000000
29509  34.132  -46.170  -1.492 0.0000000000
29516  43.084  -46.424  -3.320 0.0000000000
30241  26.203  -44.808  3.542 0.0000000000
30242  25.322  -44.908  3.378 0.0000000000
30243  25.001  -44.614  3.221 0.0000000000
30255  26.813  -45.461  3.358 0.0000000000
30256  25.094  -45.697  3.190 0.0000000000
30257  24.824  -45.414  3.048 0.0000000000
30269  24.738  -45.462  2.713 0.0000000000
30278  26.971  -45.056  1.085 0.0000000000
30279  26.227  -45.051  1.351 0.0000000000
30280  25.314  -45.020  1.830 0.0000000000
30281  24.852  -45.364  2.272 0.0000000000
30287  35.216  -45.725  0.401 0.0000000000
30288  31.282  -45.841  0.583 0.0000000000
30289  30.289  -45.499  0.715 0.0000000000
30290  29.244  -45.234  0.727 0.0000000000
30291  28.439  -45.959  0.696 0.0000000000
30292  25.725  -45.787  1.411 0.0000000000
30299  35.191  -45.201  -0.847 0.0000000000
30300  33.863  -45.282  -1.380 0.0000000000
30301  32.990  -45.100  -0.634 0.0000000000
30302  32.111  -45.377  0.237 0.0000000000
30308  35.030  -45.801  -1.301 0.0000000000
30309  34.629  -45.372  -1.457 0.0000000000
31086  25.820  -44.236  3.590 0.0000000000
31087  25.413  -44.076  3.438 0.0000000000
31088  25.067  -43.874  3.162 0.0000000000
31102  24.809  -44.700  3.037 0.0000000000
31113  24.853  -44.713  2.674 0.0000000000
31119  28.158  -44.076  0.988 0.0000000000
31120  27.527  -44.624  1.054 0.0000000000
31121  26.770  -44.421  1.328 0.0000000000
31122  25.943  -44.291  1.666 0.0000000000
31123  25.341  -44.154  2.087 0.0000000000
31130  31.238  -44.749  0.630 0.0000000000
31131  30.038  -44.535  0.721 0.0000000000
31132  29.016  -44.310  0.769 0.0000000000
31133  28.314  -44.933  0.833 0.0000000000
31139  35.245  -44.304  -0.615 0.0000000000
31140  32.235  -44.442  0.036 0.0000000000
31146  35.097  -44.362  -1.198 0.0000000000
31147  34.856  -44.470  -1.365 0.0000000000
31148  34.254  -44.567  -1.486 0.0000000000
31944  26.942  -43.187  3.882 0.0000000000
31945  26.054  -43.411  3.751 0.0000000000
31946  25.719  -43.352  3.633 0.0000000000
31947  25.204  -43.055  3.152 0.0000000000
31958  25.056  -43.272  2.999 0.0000000000
31967  25.107  -43.437  2.803 0.0000000000
31975  29.437  -42.977  1.007 0.0000000000
31976  28.813  -43.506  0.999 0.0000000000
31977  27.351  -43.847  1.302 0.0000000000
31978  26.517  -43.662  1.618 0.0000000000
31979  25.763  -43.539  1.960 0.0000000000
31980  25.355  -43.485  2.399 0.0000000000
31985  35.345  -43.452  -0.411 0.0000000000
31986  31.836  -42.903  0.143 0.0000000000
31987  31.063  -43.013  0.560 0.0000000000
31988  30.655  -43.783  0.640 0.0000000000
31989  29.680  -43.670  0.771 0.0000000000
31996  35.272  -43.524  -1.101 0.0000000000
31997  33.184  -43.306  -0.974 0.0000000000
31998  32.373  -43.529  -0.273 0.0000000000
31999  31.574  -43.744  0.367 0.0000000000
32005  35.044  -43.632  -1.326 0.0000000000
32006  34.521  -43.785  -1.480 0.0000000000
32768  26.843  -41.927  4.313 0.0000000000
32769  26.229  -41.955  4.110 0.0000000000
32781  27.435  -42.317  4.229 0.0000000000
32782  26.550  -42.554  4.043 0.0000000000
32783  25.737  -41.966  3.767 0.0000000000
32784  25.449  -42.458  3.409 0.0000000000
32802  27.162  -42.216  2.000 0.0000000000
32803  26.534  -42.429  2.056 0.0000000000
32804  26.030  -42.243  2.266 0.0000000000
32805  25.087  -42.949  2.855 0.0000000000
32813  29.968  -41.924  1.656 0.0000000000
32814  29.946  -42.541  1.159 0.0000000000
32815  28.691  -42.744  1.371 0.0000000000
32816  27.084  -42.990  1.645 0.0000000000
32817  26.205  -42.939  1.937 0.0000000000
32818  25.646  -42.898  2.308 0.0000000000
32819  25.301  -42.892  2.687 0.0000000000
32827  35.613  -42.484  -0.180 0.0000000000
32828  32.144  -42.153  0.126 0.0000000000
32829  31.458  -42.429  0.546 0.0000000000
32830  30.227  -43.019  0.762 0.0000000000
32837  35.613  -42.631  -1.073 0.0000000000
32838  33.433  -42.512  -1.108 0.0000000000
32839  32.614  -42.685  -0.456 0.0000000000
32847  35.301  -42.761  -1.333 0.0000000000
32848  34.777  -42.984  -1.500 0.0000000000
32849  34.001  -43.144  -1.509 0.0000000000
33606  27.397  -41.421  4.513 0.0000000000
33607  26.613  -41.309  4.394 0.0000000000
33608  25.846  -41.351  4.016 0.0000000000
33624  25.345  -41.546  3.300 0.0000000000
33634  25.230  -41.496  3.019 0.0000000000
33635  25.166  -42.423  3.025 0.0000000000
33645  29.455  -41.431  2.166 0.0000000000
33646  28.642  -41.300  2.298 0.0000000000
33647  27.187  -41.589  2.255 0.0000000000
33648  26.342  -41.698  2.333 0.0000000000
33649  25.230  -42.281  2.913 0.0000000000
33658  32.624  -40.639  1.042 0.0000000000
33659  31.873  -41.149  1.319 0.0000000000
33660  30.968  -41.547  1.600 0.0000000000
33661  27.990  -41.896  2.007 0.0000000000
33670  36.284  -41.524  -0.547 0.0000000000
33671  33.311  -41.375  -0.515 0.0000000000
33672  32.548  -41.392  0.310 0.0000000000
33673  31.594  -41.831  0.812 0.0000000000
33674  30.719  -42.319  1.005 0.0000000000
33683  36.773  -41.063  -1.486 0.0000000000
33684  36.192  -41.783  -1.215 0.0000000000
33685  34.671  -41.692  -1.628 0.0000000000
33686  33.719  -41.796  -1.189 0.0000000000
33687  32.922  -41.936  -0.511 0.0000000000
33696  35.782  -41.991  -1.502 0.0000000000
33697  35.138  -42.231  -1.631 0.0000000000
33698  34.338  -42.401  -1.528 0.0000000000
34477  26.220  -40.625  4.347 0.0000000000
34478  25.542  -40.665  3.648 0.0000000000
34489  25.193  -40.656  3.031 0.0000000000
34510  32.673  -39.884  1.834 0.0000000000
34511  31.822  -40.016  2.408 0.0000000000
34512  30.956  -40.156  2.715 0.0000000000
34513  28.314  -40.474  2.625 0.0000000000
34514  26.737  -40.937  2.452 0.0000000000
34515  25.747  -40.786  2.635 0.0000000000
34516  25.229  -40.660  2.997 0.0000000000
34531  33.197  -40.138  0.920 0.0000000000
34532  31.355  -40.766  2.118 0.0000000000
34533  30.319  -41.008  2.339 0.0000000000
34543  36.845  -40.800  -0.743 0.0000000000
34544  36.058  -40.993  0.478 0.0000000000
34545  33.363  -40.685  -0.030 0.0000000000
34555  37.332  -40.436  -1.711 0.0000000000
34556  36.229  -40.803  -1.981 0.0000000000
34557  34.997  -41.012  -1.791 0.0000000000
34558  34.017  -41.138  -1.124 0.0000000000
34567  37.008  -40.695  -2.058 0.0000000000
34568  35.591  -41.490  -1.729 0.0000000000
35382  27.538  -38.853  5.381 0.0000000000
35383  26.826  -39.195  4.896 0.0000000000
35384  25.824  -39.975  4.075 0.0000000000
35396  25.346  -39.929  3.299 0.0000000000
35409  25.242  -39.866  3.025 0.0000000000
35424  33.107  -39.038  2.201 0.0000000000
35425  32.282  -39.240  2.545 0.0000000000
35426  31.415  -39.355  2.843 0.0000000000
35427  30.557  -39.421  3.041 0.0000000000
35428  28.965  -39.720  2.968 0.0000000000
35429  27.800  -39.635  2.705 0.0000000000
35430  26.843  -39.598  2.539 0.0000000000
35431  25.428  -39.767  2.840 0.0000000000
35445  36.702  -39.483  0.470 0.0000000000
35446  36.458  -40.251  0.377 0.0000000000
35447  34.150  -39.162  0.671 0.0000000000
35448  33.457  -39.487  1.314 0.0000000000
35459  37.870  -39.726  -1.872 0.0000000000
35460  37.290  -40.103  -0.802 0.0000000000
35461  34.583  -39.604  -0.480 0.0000000000
35462  33.815  -39.901  0.254 0.0000000000
35474  37.910  -39.480  -2.338 0.0000000000
35475  36.321  -40.013  -2.130 0.0000000000
35476  35.257  -40.189  -1.593 0.0000000000
35477  34.302  -40.397  -0.832 0.0000000000
35485  37.536  -40.089  -2.185 0.0000000000
35486  37.070  -40.347  -2.210 0.0000000000
36230  27.691  -37.917  5.683 0.0000000000
36239  26.917  -38.377  5.058 0.0000000000
36240  26.192  -38.799  4.424 0.0000000000
36256  25.541  -38.467  3.524 0.0000000000
36273  25.327  -38.607  2.974 0.0000000000
36288  34.077  -38.085  1.956 0.0000000000
36289  33.439  -38.200  2.321 0.0000000000
36290  32.638  -38.384  2.588 0.0000000000
36291  30.104  -38.747  3.067 0.0000000000
36292  29.246  -38.810  3.008 0.0000000000
36293  28.250  -38.861  2.769 0.0000000000
36294  27.013  -38.768  2.480 0.0000000000
36295  26.025  -38.318  2.521 0.0000000000
36296  25.477  -38.833  2.826 0.0000000000
36311  34.429  -38.402  1.122 0.0000000000
36312  33.792  -38.738  1.678 0.0000000000
36324  38.085  -38.900  -1.538 0.0000000000
36325  37.466  -39.227  -0.580 0.0000000000
36326  35.531  -38.471  -0.794 0.0000000000
36327  34.851  -38.813  0.001 0.0000000000
36335  38.099  -39.162  -2.324 0.0000000000
36336  37.515  -39.108  -2.472 0.0000000000
36337  36.354  -39.145  -1.971 0.0000000000
36338  35.403  -39.315  -1.220 0.0000000000
36345  37.343  -39.808  -2.328 0.0000000000
37055  28.099  -37.267  6.118 0.0000000000
37069  27.608  -37.018  5.776 0.0000000000
37070  26.959  -37.398  5.199 0.0000000000
37071  26.222  -37.140  4.427 0.0000000000
37086  25.685  -36.890  3.504 0.0000000000
37095  25.608  -37.070  2.949 0.0000000000
37109  33.857  -37.361  2.266 0.0000000000
37110  32.966  -37.521  2.554 0.0000000000
37111  32.090  -37.639  2.653 0.0000000000
37112  31.068  -37.708  2.625 0.0000000000
37113  29.638  -38.095  2.724 0.0000000000
37114  28.691  -38.095  2.547 0.0000000000
37115  26.889  -37.682  2.284 0.0000000000
37116  26.092  -37.598  2.497 0.0000000000
37117  25.596  -37.927  2.818 0.0000000000
37132  35.174  -37.004  1.071 0.0000000000
37133  34.553  -37.625  1.541 0.0000000000
37134  29.173  -37.397  2.137 0.0000000000
37135  28.066  -37.305  2.028 0.0000000000
37136  27.289  -36.882  2.001 0.0000000000
37146  38.026  -37.816  -0.859 0.0000000000
37147  37.487  -38.287  -0.047 0.0000000000
37148  35.623  -37.576  -0.312 0.0000000000
37149  35.065  -37.964  0.519 0.0000000000
37157  38.332  -38.531  -2.265 0.0000000000
37158  37.349  -38.300  -2.592 0.0000000000
37159  36.352  -38.312  -1.713 0.0000000000
37163  38.116  -38.765  -2.580 0.0000000000
37976  28.141  -36.490  6.225 0.0000000000
37993  27.427  -36.234  5.783 0.0000000000
37994  26.782  -36.510  5.129 0.0000000000
37995  26.180  -36.457  4.370 0.0000000000
38007  25.857  -35.983  3.866 0.0000000000
38019  25.609  -36.218  3.118 0.0000000000
38030  33.185  -36.711  2.349 0.0000000000
38031  32.430  -36.852  2.409 0.0000000000
38032  31.553  -36.856  2.248 0.0000000000
38033  30.593  -36.797  1.907 0.0000000000
38034  29.677  -36.753  1.660 0.0000000000
38035  26.539  -36.953  2.303 0.0000000000
38036  26.257  -36.338  2.438 0.0000000000
38037  25.765  -36.355  2.823 0.0000000000
38050  35.261  -36.207  0.980 0.0000000000
38051  33.891  -36.439  2.066 0.0000000000
38052  33.200  -35.971  1.898 0.0000000000
38053  31.995  -36.214  1.806 0.0000000000
38054  31.091  -36.103  1.380 0.0000000000
38055  30.090  -35.952  0.997 0.0000000000
38056  28.790  -36.640  1.582 0.0000000000
38057  27.931  -36.405  1.648 0.0000000000
38058  27.032  -36.103  1.940 0.0000000000
38067  35.662  -36.659  0.117 0.0000000000
38073  38.552  -37.609  -1.910 0.0000000000
38074  36.989  -37.296  -2.447 0.0000000000
38075  36.271  -37.419  -1.365 0.0000000000
38076  38.596  -37.010  -3.204 0.0000000000
38077  38.329  -37.816  -2.787 0.0000000000
38078  37.979  -37.898  -3.003 0.0000000000
38079  38.954  -36.128  -3.902 0.0000000000
38080  38.596  -36.608  -3.538 0.0000000000
38081  38.323  -37.173  -3.223 0.0000000000
38834  28.549  -35.746  6.204 0.0000000000
38835  27.908  -35.748  6.082 0.0000000000
38843  28.142  -34.979  5.880 0.0000000000
38844  27.389  -35.396  5.756 0.0000000000
38845  26.374  -35.721  4.780 0.0000000000
38856  25.870  -35.316  4.186 0.0000000000
38864  25.581  -35.338  3.414 0.0000000000
38876  26.017  -35.658  2.560 0.0000000000
38877  25.632  -35.033  2.835 0.0000000000
38887  34.717  -35.367  1.062 0.0000000000
38888  33.872  -35.638  1.573 0.0000000000
38889  33.024  -35.201  1.158 0.0000000000
38890  31.585  -35.439  0.921 0.0000000000
38891  30.724  -35.234  0.565 0.0000000000
38892  29.370  -35.408  0.805 0.0000000000
38893  28.825  -34.955  0.871 0.0000000000
38894  27.332  -35.227  1.667 0.0000000000
38895  26.626  -35.395  2.092 0.0000000000
38902  35.492  -35.721  0.390 0.0000000000
38903  32.016  -34.770  0.511 0.0000000000
38904  31.171  -34.459  0.314 0.0000000000
38905  29.434  -34.700  0.682 0.0000000000
38907  38.513  -35.930  -1.531 0.0000000000
38908  38.326  -36.520  -1.128 0.0000000000
38909  36.504  -35.858  -1.781 0.0000000000
38910  36.117  -36.348  -0.879 0.0000000000
38911  38.855  -36.390  -2.733 0.0000000000
38912  38.676  -37.074  -2.446 0.0000000000
38913  37.491  -36.973  -3.141 0.0000000000
38914  38.853  -36.360  -3.526 0.0000000000
38915  38.453  -36.266  -3.832 0.0000000000
38916  37.801  -36.471  -3.568 0.0000000000
39691  27.280  -34.574  5.575 0.0000000000
39692  26.463  -34.295  5.283 0.0000000000
39693  26.079  -34.864  4.788 0.0000000000
39704  25.516  -34.675  4.053 0.0000000000
39710  25.261  -34.508  3.295 0.0000000000
39715  26.919  -34.013  2.026 0.0000000000
39716  26.278  -34.260  2.255 0.0000000000
39717  25.542  -34.213  2.631 0.0000000000
39721  33.670  -34.799  0.863 0.0000000000
39722  32.583  -34.247  0.279 0.0000000000
39723  29.348  -34.176  0.952 0.0000000000
39724  28.552  -34.450  1.241 0.0000000000
39725  26.815  -34.679  1.947 0.0000000000
39730  34.870  -33.900  -0.154 0.0000000000
39731  34.246  -34.365  0.410 0.0000000000
39732  31.667  -33.654  0.161 0.0000000000
39733  31.013  -33.819  0.289 0.0000000000
39734  29.996  -34.266  0.607 0.0000000000
39735  38.668  -35.236  -1.877 0.0000000000
39737  35.858  -34.393  -0.910 0.0000000000
39738  39.100  -35.651  -3.001 0.0000000000
39739  36.486  -34.910  -2.062 0.0000000000
39740  35.954  -33.814  -1.406 0.0000000000
39741  39.203  -35.603  -3.831 0.0000000000
39742  37.829  -35.686  -3.912 0.0000000000
39743  37.064  -35.373  -3.176 0.0000000000
39744  39.220  -35.204  -4.268 0.0000000000
39745  38.235  -34.857  -4.331 0.0000000000
39746  39.159  -34.266  -4.680 0.0000000000
40534  28.018  -33.989  5.504 0.0000000000
40535  27.055  -33.690  5.442 0.0000000000
40536  26.132  -33.487  5.230 0.0000000000
40537  25.313  -33.394  4.680 0.0000000000
40538  25.093  -32.778  4.705 0.0000000000
40549  25.000  -33.873  3.894 0.0000000000
40550  24.709  -33.087  4.158 0.0000000000
40561  30.827  -33.219  3.022 0.0000000000
40562  30.116  -33.249  3.069 0.0000000000
40563  29.299  -33.089  3.164 0.0000000000
40564  24.903  -33.766  3.083 0.0000000000
40565  24.594  -33.194  3.479 0.0000000000
40572  32.451  -32.989  2.422 0.0000000000
40573  31.466  -33.287  2.543 0.0000000000
40574  30.437  -33.576  2.344 0.0000000000
40575  29.517  -33.534  2.538 0.0000000000
40576  28.433  -33.428  2.629 0.0000000000
40577  27.430  -33.553  2.323 0.0000000000
40578  25.967  -33.648  2.395 0.0000000000
40579  25.136  -33.397  2.711 0.0000000000
40580  24.637  -33.170  2.976 0.0000000000
40585  31.735  -33.323  1.381 0.0000000000
40586  30.870  -33.549  1.212 0.0000000000
40587  30.289  -33.721  1.193 0.0000000000
40588  27.921  -34.005  1.780 0.0000000000
40594  33.237  -33.179  -0.352 0.0000000000
40595  32.467  -32.533  -0.206 0.0000000000
40596  32.007  -32.879  -0.041 0.0000000000
40597  30.582  -33.815  0.617 0.0000000000
40598  29.993  -33.922  0.869 0.0000000000
40600  35.093  -33.224  -0.875 0.0000000000
40601  33.778  -32.608  -0.750 0.0000000000
40602  32.813  -32.051  -0.386 0.0000000000
40604  36.442  -33.874  -2.344 0.0000000000
40605  35.403  -32.815  -1.520 0.0000000000
40606  39.996  -33.637  -4.413 0.0000000000
40607  37.201  -34.542  -3.557 0.0000000000
40608  36.611  -33.242  -3.019 0.0000000000
40609  39.726  -34.138  -4.589 0.0000000000
40610  37.398  -33.725  -3.941 0.0000000000
40611  36.849  -32.740  -3.445 0.0000000000
40612  40.020  -33.415  -4.920 0.0000000000
40613  39.850  -33.563  -4.862 0.0000000000
40614  38.882  -33.273  -4.787 0.0000000000
41391  27.037  -31.837  5.299 0.0000000000
41401  27.831  -33.061  5.401 0.0000000000
41402  26.772  -32.740  5.354 0.0000000000
41403  26.079  -32.011  5.231 0.0000000000
41404  25.254  -32.170  4.929 0.0000000000
41405  24.612  -32.404  4.425 0.0000000000
41420  24.319  -32.547  3.827 0.0000000000
41431  32.185  -32.552  3.153 0.0000000000
41432  31.294  -32.539  3.308 0.0000000000
41433  30.500  -32.548  3.369 0.0000000000
41434  29.840  -32.644  3.368 0.0000000000
41435  28.438  -32.698  3.213 0.0000000000
41436  27.629  -32.150  3.167 0.0000000000
41437  24.314  -32.628  3.170 0.0000000000
41449  33.186  -32.744  2.273 0.0000000000
41450  27.534  -32.956  2.868 0.0000000000
41451  26.638  -32.441  2.736 0.0000000000
41452  25.584  -32.781  2.515 0.0000000000
41453  24.710  -32.692  2.761 0.0000000000
41463  32.531  -33.068  1.635 0.0000000000
41464  32.070  -32.873  0.337 0.0000000000
41469  32.794  -31.982  -0.044 0.0000000000
41470  32.442  -32.432  -0.096 0.0000000000
41472  34.066  -32.025  -1.260 0.0000000000
41473  33.210  -31.617  -0.712 0.0000000000
41475  35.750  -32.475  -2.167 0.0000000000
41476  34.621  -31.685  -1.682 0.0000000000
41477  33.697  -31.157  -1.284 0.0000000000
41478  40.066  -32.591  -4.209 0.0000000000
41480  36.075  -31.936  -2.739 0.0000000000
41481  34.993  -31.342  -2.140 0.0000000000
41482  40.155  -32.892  -4.927 0.0000000000
41483  37.616  -32.750  -4.167 0.0000000000
41484  36.738  -31.966  -3.411 0.0000000000
41485  39.761  -32.756  -4.994 0.0000000000
41486  38.556  -32.010  -4.595 0.0000000000
42218  27.925  -31.673  5.311 0.0000000000
42234  27.366  -31.071  5.154 0.0000000000
42235  26.433  -31.231  5.127 0.0000000000
42236  25.447  -31.360  4.951 0.0000000000
42237  24.086  -31.216  4.351 0.0000000000
42246  24.102  -31.893  4.125 0.0000000000
42247  23.728  -31.282  3.835 0.0000000000
42262  32.679  -31.603  3.457 0.0000000000
42263  31.640  -31.540  3.454 0.0000000000
42264  30.834  -31.695  3.455 0.0000000000
42265  29.969  -31.742  3.418 0.0000000000
42266  28.501  -31.800  3.325 0.0000000000
42267  27.837  -31.160  3.077 0.0000000000
42268  23.968  -31.946  3.501 0.0000000000
42269  23.702  -31.142  3.182 0.0000000000
42281  33.086  -32.462  2.965 0.0000000000
42282  26.867  -31.519  2.912 0.0000000000
42283  25.839  -31.798  2.599 0.0000000000
42284  24.891  -31.969  2.590 0.0000000000
42285  24.226  -31.957  2.885 0.0000000000
42303  33.131  -31.710  -0.603 0.0000000000
42308  34.046  -30.821  -1.393 0.0000000000
42309  33.473  -31.139  -1.052 0.0000000000
42312  34.572  -30.696  -1.999 0.0000000000
42314  36.090  -30.912  -2.989 0.0000000000
42315  35.261  -30.947  -2.452 0.0000000000
42316  37.871  -30.800  -4.164 0.0000000000
42317  37.221  -31.458  -3.774 0.0000000000
42318  40.187  -32.440  -4.921 0.0000000000
42319  39.773  -31.854  -4.971 0.0000000000
43077  26.762  -30.457  4.890 0.0000000000
43078  25.960  -30.759  4.925 0.0000000000
43079  25.183  -30.543  4.713 0.0000000000
43080  24.274  -30.561  4.441 0.0000000000
43092  23.712  -30.614  4.075 0.0000000000
43109  32.658  -30.095  3.400 0.0000000000
43110  31.310  -30.661  3.361 0.0000000000
43111  30.514  -30.829  3.300 0.0000000000
43112  29.608  -30.823  3.158 0.0000000000
43113  28.737  -30.876  3.057 0.0000000000
43114  27.794  -30.357  2.741 0.0000000000
43115  23.576  -30.670  3.613 0.0000000000
43129  29.993  -30.044  2.933 0.0000000000
43130  29.203  -30.168  2.809 0.0000000000
43131  28.479  -30.185  2.729 0.0000000000
43132  26.124  -30.767  2.655 0.0000000000
43133  24.998  -30.461  2.466 0.0000000000
43134  24.047  -30.121  2.583 0.0000000000
43135  23.472  -30.221  3.207 0.0000000000
43158  35.634  -30.246  -0.984 0.0000000000
43159  34.577  -30.465  -1.417 0.0000000000
43164  35.276  -29.856  -1.816 0.0000000000
43165  34.757  -30.338  -1.842 0.0000000000
43171  35.929  -29.910  -2.840 0.0000000000
43172  35.210  -30.321  -2.349 0.0000000000
43176  40.056  -30.857  -4.318 0.0000000000
43177  37.431  -29.791  -3.747 0.0000000000
43178  36.729  -30.321  -3.461 0.0000000000
43180  39.928  -31.023  -4.515 0.0000000000
43181  39.711  -31.034  -4.682 0.0000000000
43182  38.955  -31.169  -4.629 0.0000000000
43891  26.432  -29.755  4.613 0.0000000000
43892  25.419  -29.743  4.514 0.0000000000
43893  24.495  -29.423  4.219 0.0000000000
43894  23.878  -29.854  4.128 0.0000000000
43910  23.908  -29.154  3.844 0.0000000000
43911  23.567  -29.244  3.528 0.0000000000
43927  32.208  -29.190  3.066 0.0000000000
43928  30.853  -29.934  3.057 0.0000000000
43929  23.392  -29.375  3.165 0.0000000000
43939  31.347  -29.183  2.817 0.0000000000
43940  30.286  -29.085  2.537 0.0000000000
43941  28.822  -29.564  2.501 0.0000000000
43942  27.972  -29.556  2.426 0.0000000000
43943  26.966  -29.895  2.533 0.0000000000
43944  25.821  -29.770  2.431 0.0000000000
43945  24.772  -29.556  2.389 0.0000000000
43946  23.885  -29.226  2.500 0.0000000000
43947  23.404  -28.684  2.781 0.0000000000
43973  36.333  -29.640  -1.417 0.0000000000
43978  36.897  -29.103  -1.849 0.0000000000
43979  36.076  -29.432  -2.197 0.0000000000
43980  35.508  -29.825  -2.260 0.0000000000
43985  36.371  -29.361  -2.759 0.0000000000
43990  40.449  -28.868  -4.225 0.0000000000
43991  40.011  -29.700  -4.339 0.0000000000
43992  38.077  -29.099  -3.982 0.0000000000
43993  37.061  -29.041  -3.310 0.0000000000
43996  40.361  -28.660  -4.407 0.0000000000
43997  40.006  -29.183  -4.523 0.0000000000
43998  39.263  -29.186  -4.478 0.0000000000
43999  38.738  -30.141  -4.444 0.0000000000
44700  26.021  -29.146  4.360 0.0000000000
44701  25.163  -29.100  4.246 0.0000000000
44715  26.506  -28.565  4.082 0.0000000000
44716  25.514  -28.572  3.991 0.0000000000
44717  24.408  -28.647  3.821 0.0000000000
44718  23.607  -28.543  3.408 0.0000000000
44731  23.279  -28.656  3.080 0.0000000000
44743  31.901  -28.492  2.644 0.0000000000
44744  31.107  -28.440  2.433 0.0000000000
44745  29.216  -28.881  2.253 0.0000000000
44746  28.475  -29.033  2.226 0.0000000000
44747  27.863  -28.791  1.990 0.0000000000
44748  26.450  -29.056  2.165 0.0000000000
44749  25.411  -28.925  2.172 0.0000000000
44750  24.454  -28.734  2.238 0.0000000000
44751  23.326  -28.210  2.883 0.0000000000
44761  30.430  -28.181  2.139 0.0000000000
44762  29.152  -28.147  1.683 0.0000000000
44763  25.902  -28.313  1.688 0.0000000000
44764  24.744  -28.102  1.843 0.0000000000
44765  24.226  -27.958  1.970 0.0000000000
44766  23.593  -27.938  2.480 0.0000000000
44789  37.593  -28.775  -1.534 0.0000000000
44796  38.563  -27.731  -2.038 0.0000000000
44797  38.178  -27.888  -2.736 0.0000000000
44798  37.400  -28.558  -2.422 0.0000000000
44803  38.317  -27.951  -3.483 0.0000000000
44804  37.664  -28.274  -3.037 0.0000000000
44805  37.036  -28.728  -2.966 0.0000000000
44809  40.890  -28.072  -4.351 0.0000000000
44810  38.690  -28.400  -4.147 0.0000000000
44811  37.748  -28.514  -3.442 0.0000000000
44816  40.511  -28.051  -4.527 0.0000000000
44817  39.842  -28.380  -4.535 0.0000000000
45559  25.943  -27.942  3.722 0.0000000000
45560  24.891  -27.894  3.605 0.0000000000
45561  23.851  -27.786  3.257 0.0000000000
45562  23.466  -27.932  3.082 0.0000000000
45574  23.718  -26.991  2.525 0.0000000000
45584  23.677  -26.501  2.051 0.0000000000
45585  23.628  -27.405  2.479 0.0000000000
45592  32.049  -27.179  1.950 0.0000000000
45593  30.566  -27.546  1.699 0.0000000000
45594  29.235  -27.492  1.138 0.0000000000
45595  28.369  -27.769  1.225 0.0000000000
45596  27.408  -27.738  1.189 0.0000000000
45597  26.414  -27.665  1.294 0.0000000000
45598  25.157  -27.414  1.457 0.0000000000
45604  30.014  -27.203  1.125 0.0000000000
45605  29.417  -26.911  0.530 0.0000000000
45606  28.629  -27.122  0.568 0.0000000000
45607  27.785  -27.200  0.631 0.0000000000
45608  26.868  -27.096  0.780 0.0000000000
45629  39.157  -27.211  -1.975 0.0000000000
45630  38.740  -27.380  -2.657 0.0000000000
45639  41.366  -27.720  -4.099 0.0000000000
45640  39.167  -26.870  -3.043 0.0000000000
45641  38.788  -27.395  -3.361 0.0000000000
45646  41.470  -27.262  -4.221 0.0000000000
45647  39.407  -26.983  -3.905 0.0000000000
45648  39.114  -27.676  -4.138 0.0000000000
45654  40.793  -27.446  -4.464 0.0000000000
45655  40.015  -27.528  -4.480 0.0000000000
46412  26.153  -27.248  3.405 0.0000000000
46413  24.429  -27.123  3.101 0.0000000000
46427  26.337  -26.571  2.995 0.0000000000
46428  25.216  -26.597  2.938 0.0000000000
46429  24.251  -26.487  2.529 0.0000000000
46439  26.736  -25.958  2.604 0.0000000000
46440  23.870  -26.118  2.046 0.0000000000
46445  32.392  -26.491  1.563 0.0000000000
46446  31.586  -26.690  1.384 0.0000000000
46447  30.787  -26.912  1.236 0.0000000000
46448  25.820  -26.810  1.061 0.0000000000
46449  24.575  -26.362  1.505 0.0000000000
46450  24.052  -25.939  1.964 0.0000000000
46454  31.878  -25.980  0.892 0.0000000000
46455  31.102  -26.318  0.738 0.0000000000
46456  30.224  -26.539  0.453 0.0000000000
46457  28.892  -26.575  -0.004 0.0000000000
46458  28.098  -26.621  0.066 0.0000000000
46459  27.257  -26.549  0.266 0.0000000000
46460  25.467  -25.967  0.845 0.0000000000
46461  24.965  -25.729  1.452 0.0000000000
46469  29.954  -26.037  -0.362 0.0000000000
46470  29.215  -26.113  -0.542 0.0000000000
46471  28.427  -26.091  -0.495 0.0000000000
46472  27.487  -25.866  -0.323 0.0000000000
46473  26.765  -25.918  0.077 0.0000000000
46486  39.655  -26.428  -2.610 0.0000000000
46493  41.565  -26.401  -3.976 0.0000000000
46494  40.341  -26.230  -3.806 0.0000000000
46495  39.742  -26.419  -3.490 0.0000000000
46499  40.949  -26.638  -4.254 0.0000000000
46500  40.193  -26.775  -4.250 0.0000000000
47291  25.649  -25.886  2.487 0.0000000000
47292  24.549  -25.894  2.240 0.0000000000
47302  27.215  -25.383  2.256 0.0000000000
47303  26.189  -25.313  2.130 0.0000000000
47304  25.120  -25.448  1.928 0.0000000000
47305  24.299  -25.773  1.967 0.0000000000
47312  32.757  -25.794  1.233 0.0000000000
47313  25.404  -25.332  1.287 0.0000000000
47314  24.810  -25.628  1.777 0.0000000000
47321  33.164  -25.150  0.905 0.0000000000
47322  32.399  -25.327  0.590 0.0000000000
47323  30.780  -25.842  0.012 0.0000000000
47324  26.146  -25.590  0.389 0.0000000000
47325  25.610  -25.350  0.864 0.0000000000
47335  32.177  -24.884  -0.014 0.0000000000
47336  31.588  -25.414  0.110 0.0000000000
47337  30.363  -25.491  -0.834 0.0000000000
47338  29.585  -25.558  -0.993 0.0000000000
47339  28.759  -25.523  -0.978 0.0000000000
47340  26.682  -25.204  -0.116 0.0000000000
47341  26.172  -24.981  0.415 0.0000000000
47350  30.003  -25.052  -1.538 0.0000000000
47351  29.131  -24.900  -1.428 0.0000000000
47352  28.185  -24.664  -1.090 0.0000000000
47359  41.373  -25.340  -3.310 0.0000000000
47360  40.808  -25.857  -3.667 0.0000000000
48094  27.722  -24.861  1.906 0.0000000000
48095  26.793  -24.881  1.739 0.0000000000
48096  25.922  -25.020  1.569 0.0000000000
48106  26.535  -24.510  1.080 0.0000000000
48107  25.798  -24.913  1.111 0.0000000000
48114  33.520  -24.524  0.575 0.0000000000
48115  32.808  -24.708  0.313 0.0000000000
48116  26.867  -24.350  0.467 0.0000000000
48117  26.297  -24.713  0.638 0.0000000000
48118  25.790  -24.990  0.845 0.0000000000
48125  33.161  -24.196  0.056 0.0000000000
48126  32.505  -24.255  -0.459 0.0000000000
48127  31.625  -24.756  -0.730 0.0000000000
48128  30.819  -24.973  -1.295 0.0000000000
48129  28.187  -23.899  -1.065 0.0000000000
48130  27.617  -24.152  -0.572 0.0000000000
48139  31.982  -24.106  -1.244 0.0000000000
48140  31.295  -24.319  -1.643 0.0000000000
48141  30.454  -24.413  -1.894 0.0000000000
48142  29.577  -24.297  -1.845 0.0000000000
48941  28.076  -24.308  1.469 0.0000000000
48951  28.399  -23.730  1.004 0.0000000000
48952  27.442  -24.045  0.772 0.0000000000
48963  33.777  -23.875  0.198 0.0000000000
48964  28.080  -23.531  0.237 0.0000000000
48965  27.396  -23.954  -0.028 0.0000000000
48974  34.024  -23.206  -0.336 0.0000000000
48975  33.237  -23.649  -0.485 0.0000000000
48976  32.612  -23.576  -1.274 0.0000000000
48977  28.167  -23.586  -0.561 0.0000000000
48982  32.668  -22.987  -2.139 0.0000000000
48983  31.852  -23.579  -2.060 0.0000000000
48984  30.888  -23.734  -2.226 0.0000000000
48985  30.020  -23.652  -2.183 0.0000000000
48986  29.263  -23.461  -1.821 0.0000000000
48987  28.691  -23.434  -1.221 0.0000000000
48993  31.961  -22.720  -2.643 0.0000000000
48994  31.140  -22.954  -2.550 0.0000000000
48995  30.420  -23.074  -2.376 0.0000000000
48996  29.780  -22.816  -2.119 0.0000000000
49739  28.863  -23.272  0.569 0.0000000000
49750  34.822  -22.808  -0.038 0.0000000000
49754  28.671  -23.097  -0.185 0.0000000000
49761  35.129  -22.065  -0.460 0.0000000000
49762  34.328  -22.442  -0.847 0.0000000000
49763  33.439  -22.904  -1.311 0.0000000000
49764  29.782  -22.135  -0.916 0.0000000000
49765  29.235  -22.648  -0.514 0.0000000000
49766  28.782  -23.090  -0.805 0.0000000000
49771  34.011  -22.136  -1.858 0.0000000000
49772  33.265  -22.386  -2.349 0.0000000000
49773  29.955  -22.150  -1.792 0.0000000000
49774  29.289  -22.765  -1.373 0.0000000000
49779  32.866  -21.809  -2.982 0.0000000000
49780  32.060  -21.926  -2.988 0.0000000000
49781  31.305  -22.142  -2.798 0.0000000000
49782  30.454  -22.257  -2.460 0.0000000000
50574  35.826  -21.661  -0.022 0.0000000000
50584  36.077  -20.884  -0.370 0.0000000000
50585  35.394  -21.293  -0.865 0.0000000000
50586  34.703  -21.703  -1.335 0.0000000000
50593  35.037  -20.995  -1.828 0.0000000000
50594  34.398  -21.403  -2.287 0.0000000000
50595  33.679  -21.684  -2.664 0.0000000000
50596  31.151  -21.182  -2.480 0.0000000000
50597  30.556  -21.622  -2.141 0.0000000000
50604  34.044  -21.008  -3.026 0.0000000000
50605  33.206  -21.109  -3.223 0.0000000000
50606  32.310  -21.092  -3.235 0.0000000000
50607  31.582  -21.470  -2.918 0.0000000000
50608  30.944  -21.700  -2.659 0.0000000000
50615  32.801  -20.500  -3.365 0.0000000000
51406  36.347  -19.995  -0.661 0.0000000000
51407  35.643  -20.523  -1.288 0.0000000000
51414  35.834  -19.751  -1.765 0.0000000000
51415  35.272  -20.281  -2.272 0.0000000000
51416  34.693  -20.693  -2.668 0.0000000000
51425  34.908  -20.028  -3.027 0.0000000000
51426  34.293  -20.300  -3.248 0.0000000000
51427  32.344  -20.273  -3.223 0.0000000000
51428  31.706  -20.731  -2.949 0.0000000000
51434  33.712  -19.717  -3.499 0.0000000000
51435  33.509  -20.423  -3.389 0.0000000000
52262  35.990  -19.005  -2.389 0.0000000000
52263  35.413  -19.588  -2.750 0.0000000000
52264  34.430  -19.617  -3.428 0.0000000000
52266  32.593  -19.608  -3.127 0.0000000000
52272  34.543  -18.981  -3.578 0.0000000000
52273  33.958  -19.171  -3.557 0.0000000000
52274  33.361  -19.165  -3.345 0.0000000000
52275  32.966  -19.882  -3.408 0.0000000000
53171  36.617  -18.247  -1.848 0.0000000000
53178  35.329  -18.848  -3.346 0.0000000000
53179  34.396  -17.900  -3.587 0.0000000000
53180  33.692  -18.327  -3.184 0.0000000000
53187  35.372  -18.101  -3.700 0.0000000000
53188  34.703  -18.286  -3.737 0.0000000000
53189  34.082  -18.621  -3.507 0.0000000000
54007  37.117  -17.388  -1.723 0.0000000000
54016  37.089  -16.815  -2.502 0.0000000000
54017  36.576  -17.551  -2.764 0.0000000000
54018  34.631  -16.972  -3.637 0.0000000000
54026  35.844  -17.530  -3.670 0.0000000000
54879  36.453  -16.859  -3.479 0.0000000000
54886  35.651  -16.755  -4.009 0.0000000000
54887  35.082  -16.643  -4.001 0.0000000000
55682  37.993  -15.229  -2.240 0.0000000000
55688  37.219  -15.551  -3.196 0.0000000000
55689  36.975  -16.285  -3.168 0.0000000000
55696  36.594  -15.391  -3.793 0.0000000000
55697  36.366  -16.056  -3.897 0.0000000000
55698  35.484  -15.932  -4.151 0.0000000000
56486  39.144  -14.210  -1.226 0.0000000000
56503  38.727  -14.707  -1.444 0.0000000000
56512  37.666  -14.879  -2.884 0.0000000000
56518  37.057  -14.892  -3.471 0.0000000000
56519  36.324  -14.905  -3.962 0.0000000000
57279  39.347  -13.799  -1.049 0.0000000000
57291  39.245  -13.917  -1.756 0.0000000000
57303  39.763  -13.156  -2.092 0.0000000000
57304  39.153  -13.646  -2.338 0.0000000000
57305  38.478  -14.383  -2.408 0.0000000000
57313  38.489  -13.650  -2.829 0.0000000000
57314  37.675  -14.336  -3.108 0.0000000000
58097  39.559  -13.160  -1.041 0.0000000000
58107  40.161  -12.644  -1.854 0.0000000000
58123  40.751  -12.075  -2.847 0.0000000000
58124  40.294  -12.457  -2.480 0.0000000000
58125  39.527  -12.981  -2.563 0.0000000000
58138  40.100  -12.368  -2.853 0.0000000000
58139  39.014  -12.827  -2.914 0.0000000000
58901  39.717  -12.379  -1.173 0.0000000000
58909  40.750  -12.053  -2.523 0.0000000000
58910  40.559  -12.007  -1.845 0.0000000000
58911  39.646  -11.504  -1.233 0.0000000000
58925  41.095  -11.739  -2.982 0.0000000000
58939  41.098  -11.269  -3.313 0.0000000000
58940  40.643  -11.741  -3.209 0.0000000000
58941  39.477  -12.065  -3.119 0.0000000000
59729  40.993  -11.582  -2.548 0.0000000000
59730  40.438  -11.173  -1.842 0.0000000000
59731  39.445  -10.739  -1.353 0.0000000000
59744  40.960  -10.754  -2.567 0.0000000000
59759  41.128  -10.578  -3.688 0.0000000000
59760  40.709  -10.879  -3.732 0.0000000000
59761  39.566  -11.087  -3.569 0.0000000000
59777  41.042  -9.747  -4.406 0.0000000000
59778  40.814  -10.264  -4.238 0.0000000000
59779  40.114  -10.274  -4.394 0.0000000000
60534  39.867  -10.153  -1.907 0.0000000000
60547  40.735  -9.783  -2.815 0.0000000000
60575  40.573  -9.662  -4.733 0.0000000000
60581  40.759  -9.225  -4.999 0.0000000000
60582  40.351  -9.132  -5.434 0.0000000000
60583  39.789  -9.053  -5.655 0.0000000000
61328  39.628  -9.331  -2.243 0.0000000000
61337  39.915  -8.776  -2.843 0.0000000000
61350  41.011  -9.245  -4.252 0.0000000000
61351  40.515  -8.520  -3.740 0.0000000000
61365  40.925  -9.035  -4.988 0.0000000000
61366  38.818  -9.044  -5.065 0.0000000000
61374  40.466  -8.614  -5.736 0.0000000000
61375  40.038  -8.701  -6.161 0.0000000000
61376  39.138  -8.649  -6.003 0.0000000000
61377  38.007  -8.429  -5.506 0.0000000000
61382  40.130  -8.229  -6.691 0.0000000000
61383  39.522  -8.270  -6.792 0.0000000000
61384  38.423  -8.132  -6.481 0.0000000000
61385  39.734  -7.911  -7.275 0.0000000000
62114  39.563  -7.920  -3.160 0.0000000000
62132  40.770  -8.464  -4.693 0.0000000000
62133  40.099  -7.624  -4.053 0.0000000000
62149  40.654  -8.310  -5.569 0.0000000000
62150  40.463  -7.533  -5.063 0.0000000000
62157  40.448  -8.075  -6.484 0.0000000000
62158  40.497  -7.562  -6.104 0.0000000000
62164  40.040  -7.805  -7.202 0.0000000000
62168  39.930  -7.306  -7.574 0.0000000000
62169  39.518  -7.345  -7.777 0.0000000000
62170  38.929  -7.739  -7.456 0.0000000000
62918  39.783  -6.721  -4.731 0.0000000000
62926  40.295  -7.512  -7.007 0.0000000000
62927  40.284  -6.826  -6.594 0.0000000000
62931  40.106  -6.913  -7.530 0.0000000000
62935  39.111  -6.770  -8.467 0.0000000000
62939  39.156  -6.185  -8.915 0.0000000000
63717  39.466  -5.998  -5.053 0.0000000000
63725  39.018  -5.153  -5.375 0.0000000000
63730  39.974  -6.147  -7.046 0.0000000000
63731  39.500  -5.311  -6.472 0.0000000000
63734  39.771  -6.212  -7.982 0.0000000000
63737  39.456  -5.973  -8.800 0.0000000000
63738  39.152  -5.679  -9.319 0.0000000000
63741  39.321  -5.249  -9.319 0.0000000000
64570  39.681  -5.544  -7.393 0.0000000000
64571  39.358  -4.772  -7.089 0.0000000000
64574  39.539  -5.232  -8.263 0.0000000000
64575  39.160  -4.201  -7.710 0.0000000000
64578  39.328  -4.408  -8.970 0.0000000000
98189  37.565  -16.052  -2.306 0.0000000000
98363  26.728  -45.806  1.037 0.0000000000
98659  35.027  -44.168  0.794 0.0000000000
98700  34.626  -64.825  -0.353 0.0000000000
98735  25.749  -32.753  5.146 0.0000000000
98848  37.447  -58.666  0.766 0.0000000000
98869  26.936  -35.787  5.458 0.0000000000
98884  31.483  -33.487  0.403 0.0000000000
99193  30.572  -60.939  0.054 0.0000000000
99206  28.937  -42.017  1.768 0.0000000000
99243  35.226  -57.249  4.926 0.0000000000
99258  25.889  -37.064  2.660 0.0000000000
99264  25.464  -41.640  2.726 0.0000000000
99267  36.114  -15.497  -4.144 0.0000000000
99282  39.605  -34.651  -4.135 0.0000000000
99299  31.496  -58.656  -0.605 0.0000000000
99335  30.807  -60.852  -1.726 0.0000000000
99363  35.138  -44.929  0.222 0.0000000000
99375  35.387  -46.610  0.528 0.0000000000
99420  27.999  -43.298  1.304 0.0000000000
99706  26.110  -34.866  2.376 0.0000000000
99857  39.858  -58.617  -2.687 0.0000000000
99960  31.865  -48.185  -0.283 0.0000000000
99963  34.362  -58.186  5.013 0.0000000000
99972  35.772  -35.104  -0.292 0.0000000000
99979  34.656  -63.017  1.012 0.0000000000
99984  24.412  -47.122  2.066 0.0000000000
100011  26.120  -47.129  2.790 0.0000000000
100196  37.316  -58.626  1.846 0.0000000000
100197  37.620  -58.702  -0.256 0.0000000000
100212  27.719  -41.103  2.395 0.0000000000
100244  37.268  -59.183  -0.997 0.0000000000
100278  35.273  -46.211  -0.678 0.0000000000
100456  26.857  -24.532  0.009 0.0000000000
100501  25.620  -39.303  3.758 0.0000000000
100510  25.143  -46.953  2.773 0.0000000000
100648  24.944  -47.796  1.403 0.0000000000
100870  41.314  -47.733  -2.320 0.0000000000
100929  28.550  -51.760  0.454 0.0000000000
101008  39.337  -34.814  -3.292 0.0000000000
101105  25.426  -37.782  3.073 0.0000000000
101155  40.152  -31.967  -4.750 0.0000000000
101159  31.725  -29.938  3.245 0.0000000000
101253  25.391  -49.939  2.280 0.0000000000
101306  38.442  -58.976  -1.955 0.0000000000
101374  27.761  -38.130  2.422 0.0000000000
101564  24.663  -46.087  2.658 0.0000000000
101594  30.325  -61.784  0.069 0.0000000000
101595  29.807  -56.462  -1.620 0.0000000000
101641  32.075  -40.506  1.797 0.0000000000
101692  31.974  -47.224  -0.038 0.0000000000
101728  26.597  -33.281  2.435 0.0000000000
101745  38.084  -36.948  -0.672 0.0000000000
101782  34.923  -62.848  0.557 0.0000000000
101801  29.859  -27.822  1.665 0.0000000000
101861  28.862  -33.903  1.704 0.0000000000
101959  39.624  -13.328  -1.575 0.0000000000
102023  36.175  -52.706  0.361 0.0000000000
102099  32.298  -57.053  1.352 0.0000000000
102198  26.445  -51.898  0.451 0.0000000000
102332  30.291  -61.996  0.832 0.0000000000
102357  25.659  -34.131  4.715 0.0000000000
102424  33.871  -30.762  -1.126 0.0000000000
102479  26.301  -57.965  -1.115 0.0000000000
102517  23.460  -29.562  2.902 0.0000000000
102560  41.983  -26.821  -4.005 0.0000000000
102588  35.211  -61.494  2.741 0.0000000000
102631  32.349  -53.233  2.288 0.0000000000
102639  27.632  -34.546  1.627 0.0000000000
102801  31.287  -27.339  1.784 0.0000000000
102807  34.635  -36.261  1.563 0.0000000000
102863  41.196  -10.484  -3.202 0.0000000000
102881  26.048  -42.534  3.893 0.0000000000
103087  34.995  -61.848  1.741 0.0000000000
103112  27.179  -40.537  4.744 0.0000000000
103246  25.475  -42.378  2.615 0.0000000000
103272  24.445  -52.075  1.254 0.0000000000
103318  39.668  -59.014  -2.595 0.0000000000
103436  34.377  -48.101  -1.650 0.0000000000
103496  39.555  -6.716  -8.164 0.0000000000
103551  25.218  -39.221  3.063 0.0000000000
103618  27.348  -24.888  -0.601 0.0000000000
103621  29.858  -58.221  -2.745 0.0000000000
103642  36.554  -29.572  -3.215 0.0000000000
103708  28.171  -59.972  -2.676 0.0000000000
103793  29.400  -42.452  1.389 0.0000000000
103814  33.391  -46.000  -0.919 0.0000000000
103921  35.870  -55.794  4.792 0.0000000000
103923  25.691  -37.636  3.690 0.0000000000
103976  31.022  -52.761  1.383 0.0000000000
104278  40.155  -25.889  -3.186 0.0000000000
104375  28.328  -52.469  0.451 0.0000000000
104434  28.114  -46.785  0.535 0.0000000000
104478  39.767  -30.049  -4.502 0.0000000000
104533  44.011  -52.528  -1.144 0.0000000000
104763  38.911  -4.511  -6.116 0.0000000000
104778  25.172  -31.246  2.522 0.0000000000
104865  27.291  -40.312  2.545 0.0000000000
104936  33.003  -44.140  -0.824 0.0000000000
105050  27.476  -50.075  0.349 0.0000000000
105051  28.385  -50.122  0.341 0.0000000000
105079  28.279  -59.173  -2.675 0.0000000000
105180  35.090  -55.836  4.906 0.0000000000
105235  26.717  -35.101  5.401 0.0000000000
105298  25.015  -49.874  0.901 0.0000000000
105340  31.041  -25.334  -0.591 0.0000000000
105446  37.283  -56.174  4.033 0.0000000000
105457  24.355  -52.810  1.285 0.0000000000
105481  38.600  -35.776  -4.103 0.0000000000
105521  38.111  -28.282  -1.775 0.0000000000
105633  38.888  -7.196  -8.099 0.0000000000
105641  29.948  -49.899  0.481 0.0000000000
105657  26.262  -40.089  2.572 0.0000000000
105732  26.260  -49.861  0.500 0.0000000000
105881  33.582  -53.118  3.628 0.0000000000
105941  29.513  -29.553  2.598 0.0000000000
106029  39.236  -51.342  -1.243 0.0000000000
106097  30.719  -58.174  -2.672 0.0000000000
106308  25.839  -47.866  0.880 0.0000000000
106357  30.009  -40.108  2.899 0.0000000000
106417  39.125  -9.676  -4.503 0.0000000000
106492  30.098  -62.998  -2.689 0.0000000000
106539  41.853  -48.872  -2.622 0.0000000000
106549  33.226  -49.694  0.324 0.0000000000
106625  32.637  -54.175  2.319 0.0000000000
106630  33.650  -58.179  4.880 0.0000000000
106714  40.664  -49.093  -1.978 0.0000000000
106756  29.145  -50.048  0.364 0.0000000000
106829  26.823  -47.955  0.563 0.0000000000
106830  27.757  -48.147  0.402 0.0000000000
106945  32.891  -32.653  1.112 0.0000000000
106952  24.652  -31.708  4.627 0.0000000000
106954  32.103  -30.765  3.445 0.0000000000
107000  32.828  -55.062  2.371 0.0000000000
107073  42.894  -48.767  -2.746 0.0000000000
107100  37.945  -53.460  -0.252 0.0000000000
107103  40.160  -6.760  -5.598 0.0000000000
107151  36.044  -18.277  -3.099 0.0000000000
107418  28.595  -35.746  1.222 0.0000000000
107439  26.070  -49.251  2.447 0.0000000000
107457  39.933  -9.537  -5.070 0.0000000000
107513  26.586  -39.913  4.667 0.0000000000
107584  25.110  -51.974  0.742 0.0000000000
107613  30.368  -62.231  -2.741 0.0000000000
107668  24.896  -43.999  2.935 0.0000000000
107700  30.919  -38.659  2.982 0.0000000000
107808  28.641  -48.444  0.330 0.0000000000
108095  36.684  -53.613  3.442 0.0000000000
108192  27.887  -42.588  1.639 0.0000000000
108294  36.007  -59.865  3.053 0.0000000000
108404  27.580  -45.432  0.878 0.0000000000
108419  30.566  -34.337  0.409 0.0000000000
108434  27.634  -32.324  5.375 0.0000000000
108583  24.593  -30.022  4.461 0.0000000000
108639  29.715  -33.819  1.599 0.0000000000
108779  31.644  -27.834  2.275 0.0000000000
109105  39.802  -5.986  -5.999 0.0000000000
109213  29.735  -47.110  0.452 0.0000000000
109260  29.306  -40.703  2.591 0.0000000000
109497  24.694  -31.084  4.670 0.0000000000
109504  26.215  -37.970  4.441 0.0000000000
109694  33.022  -52.646  3.061 0.0000000000
109740  39.667  -34.079  -3.613 0.0000000000
109996  34.276  -55.754  4.582 0.0000000000
109998  23.576  -29.995  3.646 0.0000000000
110026  29.219  -32.281  3.391 0.0000000000
110064  39.500  -52.708  -2.012 0.0000000000
110101  25.395  -25.317  1.516 0.0000000000
110163  38.860  -4.122  -6.768 0.0000000000
110207  28.022  -25.432  -0.771 0.0000000000
110224  26.028  -39.202  2.566 0.0000000000
110311  27.367  -39.666  5.123 0.0000000000
110359  40.862  -51.409  -2.459 0.0000000000
110385  40.048  -31.784  -4.814 0.0000000000
110442  37.259  -53.441  2.247 0.0000000000
110500  28.748  -24.074  -1.534 0.0000000000
110506  34.510  -36.937  1.854 0.0000000000
110811  34.568  -63.819  1.044 0.0000000000
110814  28.109  -35.072  1.261 0.0000000000
110827  31.303  -59.346  -2.396 0.0000000000
110933  30.104  -37.474  2.352 0.0000000000
111197  27.053  -28.438  1.678 0.0000000000
111289  30.016  -34.995  0.510 0.0000000000
111296  29.304  -36.129  1.182 0.0000000000
111318  25.967  -30.248  4.746 0.0000000000
111319  32.465  -35.668  1.459 0.0000000000
111436  25.064  -55.503  0.687 0.0000000000
111456  29.215  -31.483  3.317 0.0000000000
111471  28.490  -28.476  1.808 0.0000000000
111477  32.679  -36.284  2.072 0.0000000000
111509  31.771  -38.524  2.809 0.0000000000
111544  27.285  -29.113  2.195 0.0000000000
112061  41.237  -11.174  -3.107 0.0000000000
112135  26.375  -26.332  0.508 0.0000000000
112150  33.755  -43.917  -1.387 0.0000000000
112174  28.588  -49.097  0.307 0.0000000000
112227  27.396  -65.729  -1.808 0.0000000000
112288  26.202  -47.941  2.593 0.0000000000
112393  25.059  -44.066  2.535 0.0000000000
112594  29.382  -48.456  0.261 0.0000000000
112647  38.234  -33.859  -4.525 0.0000000000
112793  28.007  -66.302  -1.002 0.0000000000
112819  35.112  -34.862  0.441 0.0000000000
112835  35.003  -17.456  -3.920 0.0000000000
112852  24.687  -47.384  2.416 0.0000000000
112891  29.786  -39.370  3.097 0.0000000000
112938  27.851  -28.256  1.542 0.0000000000
113049  34.957  -51.376  -1.787 0.0000000000
113062  30.691  -60.589  0.793 0.0000000000
113163  30.395  -38.144  2.811 0.0000000000
113300  31.363  -59.069  1.041 0.0000000000
113433  26.925  -51.256  0.354 0.0000000000
113440  32.120  -58.162  2.802 0.0000000000
113610  36.363  -41.283  -1.739 0.0000000000
113790  34.849  -64.454  -0.397 0.0000000000
113854  31.431  -57.739  -1.788 0.0000000000
113921  32.606  -22.408  -2.679 0.0000000000
113924  34.877  -48.163  -1.640 0.0000000000
114012  40.140  -33.052  -4.946 0.0000000000
114340  32.658  -45.876  -0.274 0.0000000000
114357  36.447  -19.134  -1.274 0.0000000000
114415  24.201  -54.910  0.118 0.0000000000
114431  29.878  -53.007  0.739 0.0000000000
114436  31.566  -58.130  -1.381 0.0000000000
114441  38.242  -49.018  1.035 0.0000000000
114463  27.808  -35.703  1.515 0.0000000000
114481  24.827  -46.351  2.782 0.0000000000
114503  24.917  -45.975  1.836 0.0000000000
114575  34.970  -45.020  -1.278 0.0000000000
114584  41.153  -9.886  -3.671 0.0000000000
114591  26.531  -49.156  0.481 0.0000000000
114741  29.511  -61.913  -3.418 0.0000000000
114781  24.272  -31.104  2.668 0.0000000000
114790  33.912  -53.470  3.967 0.0000000000
114838  25.345  -27.353  3.413 0.0000000000
114968  23.228  -28.904  3.033 0.0000000000
114993  35.599  -51.660  2.997 0.0000000000
114997  24.639  -51.928  2.137 0.0000000000
115001  29.898  -62.223  -3.399 0.0000000000
115010  30.510  -47.233  0.382 0.0000000000
115016  26.557  -44.021  3.686 0.0000000000
115199  23.824  -27.149  1.857 0.0000000000
115298  36.690  -29.041  -2.534 0.0000000000
115375  34.974  -19.446  -3.309 0.0000000000
115384  32.314  -33.279  -0.150 0.0000000000
115542  27.287  -24.469  1.408 0.0000000000
115547  23.687  -30.464  2.890 0.0000000000
115580  30.300  -59.393  -3.181 0.0000000000
115593  29.781  -28.409  2.098 0.0000000000
115664  30.068  -48.045  0.196 0.0000000000
115678  23.796  -28.509  2.423 0.0000000000
115682  34.216  -31.006  -1.734 0.0000000000
115840  25.234  -39.230  3.025 0.0000000000
115867  34.547  -50.314  -1.634 0.0000000000
115951  39.083  -49.856  -0.047 0.0000000000
116099  42.311  -48.879  -2.680 0.0000000000
116118  32.661  -30.848  3.512 0.0000000000
116290  26.490  -35.877  2.255 0.0000000000
116415  31.077  -31.155  3.433 0.0000000000
116427  28.234  -30.634  2.885 0.0000000000
116581  29.540  -26.444  0.002 0.0000000000
116629  32.143  -54.000  1.746 0.0000000000
116682  31.333  -25.888  0.447 0.0000000000
116930  36.205  -52.247  1.596 0.0000000000
117286  28.383  -42.328  1.681 0.0000000000
117315  26.858  -46.593  0.812 0.0000000000
117367  27.132  -30.738  2.822 0.0000000000
117452  33.598  -44.588  -1.230 0.0000000000
117538  31.008  -27.854  2.121 0.0000000000
117572  36.961  -36.051  -2.937 0.0000000000
117647  30.605  -53.898  0.718 0.0000000000
117697  37.077  -56.914  4.033 0.0000000000
117874  25.663  -35.732  2.915 0.0000000000
117919  25.037  -44.657  2.274 0.0000000000
118008  32.868  -32.240  -0.507 0.0000000000
118147  41.971  -56.322  -0.719 0.0000000000
118380  39.974  -7.174  -4.460 0.0000000000
118452  26.207  -39.440  4.422 0.0000000000
118462  27.225  -36.791  5.490 0.0000000000
118579  38.493  -53.886  1.367 0.0000000000
118679  29.050  -34.544  0.886 0.0000000000
118682  23.835  -26.390  1.874 0.0000000000
118757  35.472  -60.903  2.760 0.0000000000
118772  33.213  -33.973  0.129 0.0000000000
118793  40.799  -9.261  -3.495 0.0000000000
