#!ascii label  , from subject sub-04 vox2ras=TkReg aparc.a2009s=G_occipital_middle
2014
1183  30.104  -86.916  14.445 0.0000000000
1194  29.035  -87.377  13.057 0.0000000000
1485  31.090  -86.067  19.332 0.0000000000
1494  31.119  -86.194  18.761 0.0000000000
1495  30.735  -86.579  18.990 0.0000000000
1500  30.842  -86.524  17.990 0.0000000000
1508  31.709  -85.406  16.504 0.0000000000
1509  30.714  -86.563  16.761 0.0000000000
1517  31.311  -85.849  15.928 0.0000000000
1518  30.533  -86.658  15.639 0.0000000000
1529  29.376  -87.385  13.796 0.0000000000
1539  30.542  -86.324  13.633 0.0000000000
1540  29.834  -86.937  13.212 0.0000000000
1551  30.276  -86.475  12.507 0.0000000000
1552  29.528  -86.842  12.194 0.0000000000
1563  30.137  -86.447  11.652 0.0000000000
1564  29.822  -86.376  11.326 0.0000000000
1828  31.546  -85.486  19.542 0.0000000000
1829  30.994  -85.851  19.827 0.0000000000
1841  31.836  -85.277  18.529 0.0000000000
1842  31.413  -85.838  18.948 0.0000000000
1851  31.371  -85.863  18.185 0.0000000000
1858  32.210  -84.887  16.447 0.0000000000
1865  32.591  -84.524  15.556 0.0000000000
1866  32.033  -85.127  15.701 0.0000000000
1883  31.655  -85.162  14.758 0.0000000000
1884  30.951  -85.593  14.064 0.0000000000
1898  30.651  -85.956  12.957 0.0000000000
1910  30.525  -86.077  11.955 0.0000000000
1923  30.332  -85.995  11.084 0.0000000000
1924  30.073  -85.806  10.711 0.0000000000
1988  29.483  -85.286  5.233 0.0000000000
1999  29.393  -85.521  4.629 0.0000000000
2015  29.748  -85.162  3.698 0.0000000000
2024  29.185  -85.321  2.863 0.0000000000
2025  28.001  -85.792  2.278 0.0000000000
2036  28.566  -85.102  1.593 0.0000000000
2037  27.760  -85.299  1.183 0.0000000000
2047  27.254  -84.964  0.260 0.0000000000
2235  32.553  -84.256  20.998 0.0000000000
2236  31.676  -84.654  20.726 0.0000000000
2241  32.736  -84.322  20.130 0.0000000000
2242  32.131  -84.947  20.226 0.0000000000
2243  30.767  -84.607  20.212 0.0000000000
2253  32.253  -84.874  19.395 0.0000000000
2263  32.643  -84.101  17.509 0.0000000000
2270  32.705  -84.284  16.389 0.0000000000
2275  32.272  -84.801  15.085 0.0000000000
2284  32.745  -84.299  14.970 0.0000000000
2285  32.223  -84.607  14.865 0.0000000000
2286  31.482  -84.912  14.464 0.0000000000
2287  30.874  -84.876  14.016 0.0000000000
2298  30.722  -85.377  13.512 0.0000000000
2299  30.513  -84.909  12.840 0.0000000000
2309  30.604  -85.400  11.593 0.0000000000
2310  30.454  -84.508  11.443 0.0000000000
2326  30.464  -85.119  10.457 0.0000000000
2390  30.394  -84.668  5.691 0.0000000000
2391  29.658  -84.665  5.649 0.0000000000
2401  30.157  -85.100  4.954 0.0000000000
2417  30.579  -84.625  4.259 0.0000000000
2426  30.261  -84.413  3.383 0.0000000000
2427  29.680  -84.412  2.583 0.0000000000
2428  29.174  -84.764  1.992 0.0000000000
2433  29.255  -84.207  1.654 0.0000000000
2434  28.738  -84.320  0.965 0.0000000000
2435  28.064  -84.681  0.511 0.0000000000
2440  28.224  -84.127  0.143 0.0000000000
2441  27.493  -84.319  -0.369 0.0000000000
2628  33.063  -83.232  22.074 0.0000000000
2641  33.560  -83.388  20.967 0.0000000000
2642  33.198  -83.655  21.449 0.0000000000
2643  31.831  -83.852  21.219 0.0000000000
2644  31.024  -83.931  20.555 0.0000000000
2653  33.194  -83.677  20.041 0.0000000000
2654  30.177  -83.590  19.685 0.0000000000
2658  32.733  -84.055  18.895 0.0000000000
2664  32.827  -83.513  17.689 0.0000000000
2667  33.248  -83.234  15.638 0.0000000000
2668  32.948  -83.715  16.459 0.0000000000
2670  33.248  -83.380  14.862 0.0000000000
2671  33.077  -83.921  15.394 0.0000000000
2675  33.055  -83.302  14.558 0.0000000000
2676  32.440  -84.033  14.700 0.0000000000
2677  31.027  -84.038  14.589 0.0000000000
2678  30.168  -84.244  14.100 0.0000000000
2688  29.795  -84.140  13.046 0.0000000000
2760  31.462  -83.546  6.384 0.0000000000
2761  30.998  -83.548  6.533 0.0000000000
2762  30.598  -83.377  6.499 0.0000000000
2771  32.284  -83.346  5.421 0.0000000000
2772  31.748  -83.904  5.902 0.0000000000
2773  31.042  -84.168  6.177 0.0000000000
2774  30.355  -83.973  6.181 0.0000000000
2786  31.778  -83.894  4.976 0.0000000000
2787  31.230  -84.159  4.452 0.0000000000
2801  31.611  -83.636  4.060 0.0000000000
2802  30.900  -83.978  3.688 0.0000000000
2809  30.290  -83.753  2.958 0.0000000000
2816  29.571  -83.864  2.125 0.0000000000
2817  29.029  -83.784  1.154 0.0000000000
2826  28.537  -83.832  0.395 0.0000000000
2827  28.022  -83.566  -0.297 0.0000000000
2838  27.212  -83.704  -0.878 0.0000000000
3058  33.592  -82.600  22.197 0.0000000000
3059  32.128  -83.071  21.749 0.0000000000
3067  33.671  -83.069  21.756 0.0000000000
3080  33.878  -82.858  21.343 0.0000000000
3081  33.542  -83.047  20.244 0.0000000000
3082  31.113  -83.064  20.723 0.0000000000
3083  30.296  -82.726  19.784 0.0000000000
3090  32.994  -83.234  18.969 0.0000000000
3096  32.881  -82.716  17.763 0.0000000000
3099  32.924  -82.378  16.549 0.0000000000
3102  33.341  -82.893  14.834 0.0000000000
3110  33.200  -82.787  14.437 0.0000000000
3111  33.073  -82.714  14.228 0.0000000000
3112  32.640  -83.150  14.407 0.0000000000
3125  32.771  -82.231  13.900 0.0000000000
3185  31.412  -82.924  6.674 0.0000000000
3186  30.779  -82.805  6.746 0.0000000000
3187  29.948  -82.949  6.372 0.0000000000
3188  29.259  -82.135  6.433 0.0000000000
3197  32.568  -82.613  5.511 0.0000000000
3198  32.066  -83.074  6.276 0.0000000000
3199  28.843  -82.663  5.836 0.0000000000
3211  32.608  -82.891  4.841 0.0000000000
3212  32.221  -83.313  4.508 0.0000000000
3226  32.629  -82.462  3.422 0.0000000000
3227  32.038  -83.033  3.696 0.0000000000
3228  31.202  -83.283  3.377 0.0000000000
3235  31.719  -82.570  2.983 0.0000000000
3236  30.606  -83.022  2.937 0.0000000000
3241  29.418  -83.312  2.005 0.0000000000
3242  29.078  -82.481  2.082 0.0000000000
3254  28.577  -83.274  0.442 0.0000000000
3255  28.035  -82.498  -0.137 0.0000000000
3269  27.545  -83.055  -0.669 0.0000000000
3546  33.915  -82.001  22.289 0.0000000000
3547  33.282  -81.890  22.441 0.0000000000
3548  32.901  -82.658  22.253 0.0000000000
3558  32.261  -81.295  21.745 0.0000000000
3559  32.201  -82.145  21.856 0.0000000000
3560  31.432  -82.327  21.077 0.0000000000
3569  34.068  -82.053  21.694 0.0000000000
3570  33.743  -82.368  20.622 0.0000000000
3571  30.692  -82.048  20.187 0.0000000000
3579  33.683  -81.320  20.052 0.0000000000
3580  33.118  -82.027  19.141 0.0000000000
3586  32.752  -81.481  17.610 0.0000000000
3590  33.254  -82.282  15.393 0.0000000000
3591  32.839  -81.312  16.350 0.0000000000
3597  33.336  -82.076  14.393 0.0000000000
3598  33.276  -81.213  15.267 0.0000000000
3606  33.204  -82.177  13.922 0.0000000000
3607  31.853  -81.993  14.073 0.0000000000
3621  33.173  -81.493  13.439 0.0000000000
3678  31.546  -81.760  6.664 0.0000000000
3679  31.075  -82.016  6.956 0.0000000000
3680  30.133  -81.869  6.971 0.0000000000
3681  29.074  -81.414  6.908 0.0000000000
3682  28.030  -81.124  6.552 0.0000000000
3689  32.846  -81.778  5.237 0.0000000000
3690  32.215  -82.209  6.220 0.0000000000
3691  28.392  -81.830  6.043 0.0000000000
3707  33.386  -81.593  4.062 0.0000000000
3721  33.730  -81.299  3.045 0.0000000000
3722  33.330  -81.910  3.240 0.0000000000
3731  33.429  -81.425  2.411 0.0000000000
3732  32.757  -81.773  2.424 0.0000000000
3733  31.819  -81.740  2.336 0.0000000000
3734  30.523  -82.081  2.731 0.0000000000
3735  29.410  -81.745  2.575 0.0000000000
3736  28.550  -81.423  2.083 0.0000000000
3743  32.659  -81.144  1.672 0.0000000000
3744  28.053  -81.466  0.663 0.0000000000
3756  27.404  -81.453  -0.123 0.0000000000
3767  27.369  -82.416  -0.569 0.0000000000
4012  34.357  -80.481  22.135 0.0000000000
4013  33.936  -81.213  22.481 0.0000000000
4023  34.632  -80.400  21.688 0.0000000000
4024  34.246  -81.267  22.197 0.0000000000
4025  32.936  -80.677  22.189 0.0000000000
4026  31.785  -80.506  20.950 0.0000000000
4027  31.336  -81.375  20.757 0.0000000000
4035  34.788  -80.237  20.413 0.0000000000
4036  34.357  -81.029  21.086 0.0000000000
4037  30.842  -80.414  19.931 0.0000000000
4038  30.327  -81.128  19.682 0.0000000000
4044  34.656  -79.797  18.709 0.0000000000
4045  33.825  -80.517  19.420 0.0000000000
4046  33.135  -80.830  18.530 0.0000000000
4054  33.477  -80.161  17.929 0.0000000000
4055  32.916  -80.595  17.208 0.0000000000
4062  33.492  -80.157  16.598 0.0000000000
4063  33.068  -80.608  16.183 0.0000000000
4068  34.421  -80.166  14.726 0.0000000000
4087  33.616  -80.960  13.417 0.0000000000
4088  33.091  -80.764  12.903 0.0000000000
4089  32.225  -80.142  12.726 0.0000000000
4138  29.308  -80.177  7.883 0.0000000000
4143  31.349  -81.063  6.631 0.0000000000
4144  30.829  -81.209  7.000 0.0000000000
4145  29.989  -80.504  7.445 0.0000000000
4146  28.800  -80.681  7.517 0.0000000000
4160  32.602  -80.795  5.283 0.0000000000
4161  32.094  -81.363  6.092 0.0000000000
4174  33.635  -80.866  3.842 0.0000000000
4175  33.214  -81.102  4.611 0.0000000000
4195  33.773  -81.022  2.044 0.0000000000
4196  33.210  -81.085  1.698 0.0000000000
4197  31.833  -81.080  1.821 0.0000000000
4198  30.809  -81.228  2.469 0.0000000000
4199  29.794  -81.065  2.688 0.0000000000
4200  28.956  -80.823  2.700 0.0000000000
4201  28.340  -80.450  2.378 0.0000000000
4211  33.473  -80.596  1.252 0.0000000000
4212  33.082  -80.721  1.205 0.0000000000
4213  32.582  -80.627  1.222 0.0000000000
4214  27.846  -80.482  1.569 0.0000000000
4227  27.343  -80.000  0.533 0.0000000000
4370  30.866  -80.057  37.868 0.0000000000
4374  31.067  -80.451  37.047 0.0000000000
4375  30.881  -80.362  37.109 0.0000000000
4376  30.784  -80.259  37.093 0.0000000000
4386  31.315  -80.670  35.979 0.0000000000
4387  30.881  -80.644  36.369 0.0000000000
4388  30.814  -80.490  36.614 0.0000000000
4396  32.466  -80.817  34.488 0.0000000000
4397  31.683  -80.954  35.034 0.0000000000
4398  31.078  -80.840  35.497 0.0000000000
4399  30.836  -80.606  36.125 0.0000000000
4407  33.641  -80.709  33.303 0.0000000000
4408  32.802  -80.896  33.725 0.0000000000
4409  32.104  -80.927  34.308 0.0000000000
4410  31.532  -80.904  34.793 0.0000000000
4415  34.861  -80.523  32.168 0.0000000000
4416  34.022  -80.737  32.508 0.0000000000
4417  33.270  -80.784  33.053 0.0000000000
4418  32.554  -80.819  33.690 0.0000000000
4419  31.801  -80.772  34.210 0.0000000000
4423  35.121  -80.446  31.753 0.0000000000
4424  34.364  -80.568  31.862 0.0000000000
4425  33.788  -80.647  32.431 0.0000000000
4426  32.956  -80.685  32.982 0.0000000000
4435  34.766  -80.497  31.506 0.0000000000
4436  34.583  -80.442  31.490 0.0000000000
4525  35.100  -79.310  21.403 0.0000000000
4526  34.662  -79.694  21.775 0.0000000000
4527  34.134  -79.829  22.179 0.0000000000
4536  36.823  -78.762  20.178 0.0000000000
4537  35.986  -79.143  20.580 0.0000000000
4538  35.189  -79.531  21.284 0.0000000000
4539  34.830  -80.014  21.678 0.0000000000
4540  33.739  -80.285  22.359 0.0000000000
4541  32.215  -79.772  21.027 0.0000000000
4548  36.517  -79.060  19.917 0.0000000000
4549  36.039  -79.393  19.898 0.0000000000
4550  35.328  -79.734  20.919 0.0000000000
4551  31.306  -79.695  20.045 0.0000000000
4562  36.376  -78.969  19.087 0.0000000000
4563  35.778  -79.363  18.760 0.0000000000
4572  36.207  -79.032  17.843 0.0000000000
4573  35.541  -79.427  17.450 0.0000000000
4574  34.438  -79.728  17.080 0.0000000000
4580  35.789  -79.198  16.773 0.0000000000
4581  35.280  -79.530  16.256 0.0000000000
4582  34.589  -79.973  15.746 0.0000000000
4588  35.349  -79.308  15.912 0.0000000000
4589  34.978  -79.701  15.354 0.0000000000
4594  34.598  -79.793  14.667 0.0000000000
4595  34.171  -79.658  13.946 0.0000000000
4606  33.406  -79.160  13.363 0.0000000000
4607  32.943  -79.534  12.786 0.0000000000
4618  32.224  -79.374  12.552 0.0000000000
4619  31.659  -79.389  12.585 0.0000000000
4669  30.669  -80.350  6.810 0.0000000000
4670  29.859  -79.777  7.406 0.0000000000
4682  32.294  -79.833  5.064 0.0000000000
4683  31.619  -80.332  5.886 0.0000000000
4684  30.916  -79.622  5.940 0.0000000000
4693  33.484  -79.898  3.897 0.0000000000
4694  32.813  -79.520  4.525 0.0000000000
4703  33.954  -80.481  2.852 0.0000000000
4714  33.992  -80.378  1.639 0.0000000000
4715  31.436  -80.212  1.735 0.0000000000
4716  30.440  -79.299  2.306 0.0000000000
4717  28.606  -79.923  2.717 0.0000000000
4718  27.924  -79.695  2.362 0.0000000000
4724  33.775  -79.983  0.778 0.0000000000
4725  33.209  -80.180  0.728 0.0000000000
4726  32.340  -79.815  0.942 0.0000000000
4737  33.652  -79.424  0.346 0.0000000000
4898  31.641  -79.020  39.929 0.0000000000
4899  31.107  -79.262  39.560 0.0000000000
4900  30.831  -79.343  39.218 0.0000000000
4907  31.331  -79.507  39.019 0.0000000000
4908  30.930  -79.695  38.764 0.0000000000
4909  30.735  -79.516  38.569 0.0000000000
4915  31.492  -79.769  37.833 0.0000000000
4916  30.950  -80.103  37.998 0.0000000000
4917  30.616  -79.574  37.607 0.0000000000
4926  31.875  -79.989  36.718 0.0000000000
4927  30.623  -80.060  36.507 0.0000000000
4936  33.070  -79.951  34.910 0.0000000000
4937  32.354  -80.274  35.569 0.0000000000
4938  30.775  -80.303  35.541 0.0000000000
4946  33.367  -80.458  34.197 0.0000000000
4947  31.189  -80.591  34.781 0.0000000000
4952  34.682  -80.120  33.180 0.0000000000
4953  32.185  -80.389  33.557 0.0000000000
4954  31.475  -79.956  34.047 0.0000000000
4958  35.583  -79.958  32.189 0.0000000000
4959  34.134  -80.470  31.808 0.0000000000
4960  33.399  -80.171  32.410 0.0000000000
4961  32.586  -79.698  32.971 0.0000000000
4964  35.313  -80.210  31.320 0.0000000000
4965  34.850  -80.206  31.112 0.0000000000
4966  34.491  -80.157  31.302 0.0000000000
4977  36.530  -79.138  29.405 0.0000000000
4978  36.002  -79.565  29.226 0.0000000000
4979  35.810  -79.497  29.043 0.0000000000
4993  36.290  -79.243  28.680 0.0000000000
4994  35.900  -79.408  28.606 0.0000000000
5002  36.112  -79.132  28.131 0.0000000000
5067  35.315  -78.910  21.229 0.0000000000
5068  34.819  -78.902  21.486 0.0000000000
5078  38.109  -78.074  20.146 0.0000000000
5079  37.333  -78.398  20.286 0.0000000000
5080  36.418  -78.706  20.541 0.0000000000
5081  35.654  -79.098  21.029 0.0000000000
5082  34.095  -78.947  21.625 0.0000000000
5083  33.204  -78.548  20.982 0.0000000000
5084  32.655  -79.127  20.999 0.0000000000
5093  37.541  -78.513  19.966 0.0000000000
5106  36.944  -78.754  19.552 0.0000000000
5117  37.043  -78.212  18.201 0.0000000000
5118  36.535  -78.564  17.744 0.0000000000
5119  36.142  -78.884  17.139 0.0000000000
5125  36.271  -78.385  17.166 0.0000000000
5126  35.748  -78.763  16.462 0.0000000000
5132  35.155  -78.869  15.535 0.0000000000
5133  34.470  -78.511  15.037 0.0000000000
5138  34.672  -79.261  14.760 0.0000000000
5139  33.853  -78.617  14.309 0.0000000000
5152  32.987  -78.198  13.696 0.0000000000
5153  32.536  -78.657  12.845 0.0000000000
5163  31.871  -78.648  12.492 0.0000000000
5180  37.956  -78.696  10.722 0.0000000000
5181  37.510  -78.704  10.400 0.0000000000
5195  37.581  -78.938  10.030 0.0000000000
5196  36.977  -79.196  9.571 0.0000000000
5201  37.202  -79.236  9.136 0.0000000000
5202  36.590  -79.415  8.771 0.0000000000
5203  35.796  -79.253  8.496 0.0000000000
5207  36.957  -79.395  8.159 0.0000000000
5208  36.352  -79.554  7.937 0.0000000000
5209  35.713  -79.238  7.711 0.0000000000
5217  37.323  -79.092  6.341 0.0000000000
5218  36.688  -79.210  6.518 0.0000000000
5219  35.931  -79.012  6.910 0.0000000000
5220  30.256  -79.316  6.358 0.0000000000
5231  37.792  -78.846  5.475 0.0000000000
5232  37.216  -79.022  5.614 0.0000000000
5233  31.495  -79.301  5.335 0.0000000000
5243  37.639  -78.804  4.801 0.0000000000
5256  34.069  -78.661  2.613 0.0000000000
5257  33.015  -78.854  4.157 0.0000000000
5266  34.416  -78.456  1.366 0.0000000000
5267  34.180  -79.449  1.401 0.0000000000
5268  31.379  -79.139  1.557 0.0000000000
5269  30.663  -78.495  2.146 0.0000000000
5270  29.737  -78.362  2.581 0.0000000000
5276  34.564  -78.380  0.396 0.0000000000
5277  34.086  -79.107  0.337 0.0000000000
5278  32.974  -79.334  0.400 0.0000000000
5279  32.116  -78.836  0.971 0.0000000000
5286  34.455  -78.328  -0.130 0.0000000000
5287  34.003  -78.892  -0.032 0.0000000000
5288  33.565  -78.792  0.081 0.0000000000
5479  32.883  -77.963  41.547 0.0000000000
5480  32.149  -78.148  40.967 0.0000000000
5490  33.166  -78.231  40.926 0.0000000000
5491  32.284  -78.471  40.606 0.0000000000
5492  31.486  -78.537  40.277 0.0000000000
5493  30.848  -78.755  39.698 0.0000000000
5502  33.107  -78.284  39.916 0.0000000000
5503  32.232  -78.825  39.566 0.0000000000
5504  30.531  -78.781  39.064 0.0000000000
5512  32.207  -78.804  38.403 0.0000000000
5513  30.398  -78.321  37.716 0.0000000000
5519  32.351  -78.694  37.266 0.0000000000
5520  30.503  -78.892  36.874 0.0000000000
5531  33.099  -78.708  35.448 0.0000000000
5532  32.637  -78.673  36.252 0.0000000000
5533  30.996  -79.476  34.735 0.0000000000
5534  30.689  -78.806  35.781 0.0000000000
5544  34.216  -79.686  33.997 0.0000000000
5545  33.733  -78.785  34.737 0.0000000000
5546  31.433  -78.511  34.011 0.0000000000
5554  36.009  -78.876  32.934 0.0000000000
5555  35.374  -78.694  33.523 0.0000000000
5556  34.537  -78.108  34.077 0.0000000000
5557  32.347  -78.364  33.076 0.0000000000
5558  31.896  -77.649  33.438 0.0000000000
5562  37.271  -77.525  32.379 0.0000000000
5563  36.829  -78.341  32.243 0.0000000000
5564  33.862  -79.498  31.910 0.0000000000
5565  33.060  -78.535  32.543 0.0000000000
5567  36.961  -78.376  31.530 0.0000000000
5568  36.205  -79.499  31.186 0.0000000000
5569  34.971  -79.565  30.485 0.0000000000
5573  37.106  -78.377  29.996 0.0000000000
5574  36.475  -79.226  30.274 0.0000000000
5575  35.477  -79.252  29.251 0.0000000000
5586  36.976  -78.607  28.923 0.0000000000
5587  35.521  -78.778  28.485 0.0000000000
5600  37.348  -78.305  27.068 0.0000000000
5601  36.675  -78.749  27.974 0.0000000000
5602  36.363  -78.715  27.484 0.0000000000
5603  35.829  -79.000  27.976 0.0000000000
5608  36.551  -78.433  26.941 0.0000000000
5609  35.966  -78.410  27.182 0.0000000000
5615  36.905  -78.044  26.667 0.0000000000
5654  39.326  -77.045  20.198 0.0000000000
5655  38.604  -77.461  20.292 0.0000000000
5656  37.840  -77.886  20.439 0.0000000000
5657  36.879  -78.151  20.594 0.0000000000
5658  35.905  -78.507  20.789 0.0000000000
5659  35.166  -78.114  20.966 0.0000000000
5660  34.391  -78.115  21.078 0.0000000000
5661  33.623  -77.886  20.807 0.0000000000
5669  39.436  -76.964  19.874 0.0000000000
5670  38.792  -77.538  19.930 0.0000000000
5681  38.326  -77.454  19.247 0.0000000000
5682  38.016  -78.109  19.687 0.0000000000
5694  37.460  -77.571  18.311 0.0000000000
5695  36.810  -78.035  17.700 0.0000000000
5696  36.404  -77.729  17.319 0.0000000000
5703  35.728  -77.682  16.778 0.0000000000
5712  34.562  -77.873  15.625 0.0000000000
5713  33.809  -77.727  15.024 0.0000000000
5739  39.021  -78.010  12.456 0.0000000000
5740  38.779  -77.915  12.416 0.0000000000
5741  38.177  -77.957  11.904 0.0000000000
5747  38.953  -78.141  11.703 0.0000000000
5748  38.625  -78.176  11.867 0.0000000000
5755  38.795  -77.994  10.841 0.0000000000
5756  38.402  -78.397  11.217 0.0000000000
5757  38.114  -78.449  11.236 0.0000000000
5769  38.218  -78.535  10.448 0.0000000000
5770  36.604  -78.807  9.784 0.0000000000
5771  35.792  -78.736  9.162 0.0000000000
5781  37.966  -78.496  9.352 0.0000000000
5782  37.430  -78.896  8.481 0.0000000000
5783  35.217  -78.418  8.502 0.0000000000
5784  34.635  -77.800  8.072 0.0000000000
5792  37.972  -77.985  8.204 0.0000000000
5793  37.488  -78.823  7.367 0.0000000000
5794  35.243  -78.486  7.653 0.0000000000
5806  37.971  -78.593  6.253 0.0000000000
5807  36.518  -78.521  5.937 0.0000000000
5808  35.638  -77.890  6.837 0.0000000000
5820  38.143  -78.645  4.754 0.0000000000
5821  37.077  -78.646  5.065 0.0000000000
5829  37.968  -78.597  3.780 0.0000000000
5830  37.330  -78.248  4.293 0.0000000000
5838  38.269  -78.167  2.835 0.0000000000
5839  38.100  -78.331  2.937 0.0000000000
5840  33.684  -77.564  3.417 0.0000000000
5848  38.071  -77.930  2.078 0.0000000000
5849  34.809  -77.641  1.339 0.0000000000
5850  34.309  -77.586  2.440 0.0000000000
5851  31.347  -78.111  1.647 0.0000000000
5852  30.348  -77.657  2.351 0.0000000000
5862  35.181  -77.914  0.176 0.0000000000
5863  32.641  -78.258  0.592 0.0000000000
5864  31.899  -77.510  1.313 0.0000000000
5874  36.582  -77.351  -0.535 0.0000000000
5875  35.867  -77.601  -0.255 0.0000000000
5876  35.178  -77.752  -0.362 0.0000000000
5877  34.061  -78.321  -0.229 0.0000000000
5878  33.397  -77.887  0.091 0.0000000000
5892  35.810  -77.385  -0.652 0.0000000000
5893  35.213  -77.422  -0.596 0.0000000000
6094  32.449  -77.702  41.272 0.0000000000
6095  31.623  -77.826  40.670 0.0000000000
6105  34.100  -77.712  40.075 0.0000000000
6106  30.485  -77.872  39.408 0.0000000000
6111  33.643  -77.180  38.860 0.0000000000
6112  32.844  -77.907  38.721 0.0000000000
6121  33.162  -76.588  37.917 0.0000000000
6122  32.709  -77.503  37.621 0.0000000000
6123  30.340  -77.212  37.829 0.0000000000
6130  32.964  -76.314  37.013 0.0000000000
6131  32.735  -77.340  36.638 0.0000000000
6140  33.029  -77.392  35.751 0.0000000000
6141  31.011  -77.047  35.641 0.0000000000
6152  34.444  -76.599  33.951 0.0000000000
6153  33.863  -77.144  34.589 0.0000000000
6154  31.346  -76.423  34.648 0.0000000000
6163  37.424  -76.523  33.099 0.0000000000
6164  36.884  -77.137  33.221 0.0000000000
6165  36.186  -76.724  33.460 0.0000000000
6166  35.323  -77.285  33.654 0.0000000000
6167  31.971  -76.293  33.278 0.0000000000
6168  31.519  -76.996  33.910 0.0000000000
6176  37.627  -76.670  32.753 0.0000000000
6177  37.196  -77.338  32.871 0.0000000000
6178  33.866  -77.912  32.135 0.0000000000
6179  32.916  -76.114  32.432 0.0000000000
6180  32.447  -77.033  32.835 0.0000000000
6185  38.042  -76.216  31.465 0.0000000000
6186  37.563  -77.126  31.861 0.0000000000
6187  34.429  -77.440  31.760 0.0000000000
6188  33.933  -76.551  32.134 0.0000000000
6192  37.960  -76.427  30.428 0.0000000000
6193  37.539  -77.206  30.758 0.0000000000
6194  35.201  -78.181  30.185 0.0000000000
6198  38.241  -76.229  29.502 0.0000000000
6199  37.620  -77.367  29.464 0.0000000000
6200  35.494  -77.443  28.752 0.0000000000
6212  38.031  -77.639  27.284 0.0000000000
6213  37.454  -77.997  28.121 0.0000000000
6214  35.570  -78.119  27.664 0.0000000000
6226  38.201  -77.470  26.909 0.0000000000
6227  37.684  -77.784  26.780 0.0000000000
6228  36.183  -78.047  26.793 0.0000000000
6229  35.620  -77.446  26.922 0.0000000000
6233  38.201  -77.146  26.699 0.0000000000
6234  37.236  -77.348  26.534 0.0000000000
6235  36.208  -77.310  26.587 0.0000000000
6236  35.493  -76.639  26.695 0.0000000000
6276  39.679  -76.451  20.325 0.0000000000
6277  39.019  -76.854  20.487 0.0000000000
6278  38.205  -77.163  20.550 0.0000000000
6279  37.231  -77.333  20.597 0.0000000000
6280  35.099  -76.978  20.663 0.0000000000
6291  40.209  -76.161  20.104 0.0000000000
6303  39.931  -76.387  19.838 0.0000000000
6304  38.156  -76.873  18.592 0.0000000000
6314  37.346  -76.780  18.110 0.0000000000
6315  36.811  -77.222  17.740 0.0000000000
6347  39.674  -76.875  13.833 0.0000000000
6359  39.725  -77.171  13.305 0.0000000000
6360  39.070  -77.471  13.149 0.0000000000
6361  38.459  -77.497  12.566 0.0000000000
6371  39.369  -77.691  12.074 0.0000000000
6372  37.425  -77.375  11.411 0.0000000000
6373  36.779  -76.479  10.880 0.0000000000
6376  39.279  -77.472  11.121 0.0000000000
6377  37.679  -78.218  11.158 0.0000000000
6378  36.843  -77.845  10.576 0.0000000000
6379  36.128  -76.617  10.122 0.0000000000
6386  39.164  -77.282  10.344 0.0000000000
6387  38.710  -77.728  9.911 0.0000000000
6388  35.967  -77.816  9.702 0.0000000000
6389  35.261  -76.779  9.315 0.0000000000
6390  34.444  -76.598  8.693 0.0000000000
6406  39.218  -76.603  9.561 0.0000000000
6407  38.585  -77.278  8.898 0.0000000000
6408  34.700  -77.480  8.511 0.0000000000
6409  33.772  -76.808  8.090 0.0000000000
6410  33.204  -76.314  7.941 0.0000000000
6423  38.465  -76.895  7.934 0.0000000000
6424  34.653  -77.489  7.605 0.0000000000
6425  33.714  -76.802  7.931 0.0000000000
6436  38.453  -77.465  6.160 0.0000000000
6437  36.142  -76.870  6.018 0.0000000000
6438  35.262  -76.626  6.798 0.0000000000
6439  34.275  -76.636  7.402 0.0000000000
6452  38.606  -77.816  5.102 0.0000000000
6453  36.713  -77.403  5.047 0.0000000000
6461  38.970  -77.323  3.766 0.0000000000
6462  38.518  -78.095  4.208 0.0000000000
6463  37.678  -78.138  3.069 0.0000000000
6464  37.003  -77.015  3.628 0.0000000000
6470  38.830  -77.516  2.969 0.0000000000
6471  37.048  -77.146  2.476 0.0000000000
6472  34.429  -75.966  3.297 0.0000000000
6483  39.085  -76.663  2.332 0.0000000000
6484  38.559  -77.577  2.178 0.0000000000
6485  37.764  -77.856  2.120 0.0000000000
6486  37.026  -77.364  1.428 0.0000000000
6487  36.044  -76.845  1.503 0.0000000000
6488  34.826  -76.620  2.438 0.0000000000
6489  34.139  -76.829  3.085 0.0000000000
6490  31.060  -77.063  2.054 0.0000000000
6498  38.820  -76.890  1.553 0.0000000000
6499  38.277  -77.416  1.247 0.0000000000
6500  37.600  -77.494  0.826 0.0000000000
6501  36.633  -77.521  0.296 0.0000000000
6502  35.860  -77.488  0.464 0.0000000000
6503  35.432  -77.152  1.409 0.0000000000
6504  32.612  -77.176  0.808 0.0000000000
6505  31.767  -76.431  1.673 0.0000000000
6514  38.146  -76.493  -0.288 0.0000000000
6515  37.446  -77.064  -0.410 0.0000000000
6516  34.731  -77.025  -0.560 0.0000000000
6517  33.420  -76.873  0.269 0.0000000000
6526  37.760  -76.302  -0.677 0.0000000000
6527  37.376  -76.394  -0.839 0.0000000000
6528  36.260  -77.078  -0.897 0.0000000000
6529  35.543  -76.896  -0.827 0.0000000000
6734  31.753  -76.972  40.677 0.0000000000
6746  30.178  -75.818  39.397 0.0000000000
6747  29.626  -74.817  39.070 0.0000000000
6759  29.757  -75.555  38.854 0.0000000000
6760  29.547  -74.604  38.700 0.0000000000
6769  33.921  -75.773  38.232 0.0000000000
6770  33.405  -75.508  37.331 0.0000000000
6771  29.890  -75.247  38.072 0.0000000000
6779  33.285  -75.402  36.505 0.0000000000
6780  30.853  -76.139  36.494 0.0000000000
6781  30.408  -76.279  37.495 0.0000000000
6787  31.247  -75.781  35.526 0.0000000000
6794  34.441  -75.407  33.873 0.0000000000
6795  33.840  -75.948  34.520 0.0000000000
6796  31.624  -74.877  34.457 0.0000000000
6808  37.219  -75.735  33.266 0.0000000000
6809  36.196  -75.680  33.414 0.0000000000
6810  35.268  -76.134  33.605 0.0000000000
6811  32.124  -75.232  33.039 0.0000000000
6812  31.688  -75.555  33.809 0.0000000000
6823  38.425  -75.193  32.540 0.0000000000
6824  37.917  -75.755  32.989 0.0000000000
6825  32.729  -75.265  32.395 0.0000000000
6826  32.479  -74.850  32.552 0.0000000000
6831  38.572  -75.365  31.914 0.0000000000
6832  38.103  -76.033  32.421 0.0000000000
6833  35.277  -75.317  31.093 0.0000000000
6834  34.479  -75.623  31.667 0.0000000000
6835  33.328  -75.405  32.121 0.0000000000
6840  39.145  -74.765  30.494 0.0000000000
6841  38.519  -75.500  30.710 0.0000000000
6842  35.329  -76.471  31.020 0.0000000000
6846  38.898  -75.345  29.403 0.0000000000
6847  38.596  -76.179  28.516 0.0000000000
6848  35.701  -76.010  29.270 0.0000000000
6853  39.146  -75.774  28.021 0.0000000000
6854  38.690  -76.772  27.334 0.0000000000
6865  39.382  -76.068  26.984 0.0000000000
6866  38.823  -76.634  26.822 0.0000000000
6867  35.082  -76.281  26.811 0.0000000000
6874  39.323  -75.816  26.616 0.0000000000
6875  38.719  -76.410  26.652 0.0000000000
6876  37.528  -76.420  26.498 0.0000000000
6877  35.969  -76.338  26.450 0.0000000000
6878  35.204  -75.970  26.591 0.0000000000
6911  40.773  -75.539  20.035 0.0000000000
6912  40.174  -75.874  20.415 0.0000000000
6913  38.481  -76.471  20.644 0.0000000000
6925  40.433  -75.904  19.900 0.0000000000
6940  40.056  -75.937  19.485 0.0000000000
6941  39.249  -75.734  18.809 0.0000000000
6980  40.669  -75.739  14.494 0.0000000000
6986  40.843  -76.145  14.187 0.0000000000
6987  40.194  -76.402  14.254 0.0000000000
6988  39.603  -76.342  14.145 0.0000000000
6997  40.294  -76.679  13.797 0.0000000000
6998  39.018  -76.539  13.676 0.0000000000
6999  38.339  -76.680  12.883 0.0000000000
7015  40.233  -76.570  12.902 0.0000000000
7016  37.559  -75.665  12.078 0.0000000000
7027  39.458  -76.591  10.429 0.0000000000
7032  39.540  -75.769  9.770 0.0000000000
7038  39.613  -75.593  9.020 0.0000000000
7039  39.080  -76.235  8.578 0.0000000000
7050  39.610  -75.375  8.237 0.0000000000
7051  38.903  -76.017  7.645 0.0000000000
7052  33.144  -76.269  7.856 0.0000000000
7057  39.370  -75.247  7.295 0.0000000000
7058  38.716  -76.085  6.676 0.0000000000
7059  35.813  -75.776  6.096 0.0000000000
7060  33.640  -76.145  7.475 0.0000000000
7070  39.147  -75.417  5.147 0.0000000000
7071  38.791  -76.475  5.632 0.0000000000
7076  39.243  -76.016  4.117 0.0000000000
7077  38.995  -76.974  4.640 0.0000000000
7078  36.298  -75.496  4.095 0.0000000000
7086  39.224  -76.380  3.217 0.0000000000
7087  36.365  -76.001  3.054 0.0000000000
7088  35.626  -75.291  3.740 0.0000000000
7089  34.838  -75.136  3.784 0.0000000000
7097  39.380  -75.518  2.531 0.0000000000
7098  36.359  -76.565  2.163 0.0000000000
7099  35.879  -76.022  2.678 0.0000000000
7100  35.245  -75.797  3.090 0.0000000000
7113  38.643  -76.458  0.577 0.0000000000
7114  33.315  -75.728  0.846 0.0000000000
7124  39.065  -75.301  0.181 0.0000000000
7125  38.560  -75.774  -0.205 0.0000000000
7126  36.281  -76.474  -0.895 0.0000000000
7127  34.841  -76.162  -0.348 0.0000000000
7128  34.078  -76.360  0.020 0.0000000000
7138  38.164  -75.689  -0.626 0.0000000000
7139  37.694  -75.720  -0.773 0.0000000000
7140  37.058  -75.878  -0.922 0.0000000000
7352  30.364  -74.781  39.484 0.0000000000
7353  29.712  -74.277  39.236 0.0000000000
7365  29.433  -74.055  39.002 0.0000000000
7375  33.520  -74.678  36.802 0.0000000000
7376  29.641  -74.212  38.091 0.0000000000
7377  29.459  -73.918  38.616 0.0000000000
7387  31.036  -75.057  36.365 0.0000000000
7388  30.383  -74.411  37.216 0.0000000000
7396  33.606  -74.360  35.470 0.0000000000
7397  31.432  -74.738  35.367 0.0000000000
7405  34.341  -74.411  34.010 0.0000000000
7406  33.843  -74.882  34.584 0.0000000000
7407  31.856  -74.519  33.848 0.0000000000
7415  36.705  -74.907  33.280 0.0000000000
7416  35.683  -74.754  33.412 0.0000000000
7417  34.881  -74.766  33.632 0.0000000000
7418  32.028  -74.778  33.276 0.0000000000
7428  38.561  -74.405  32.483 0.0000000000
7429  38.042  -74.810  32.904 0.0000000000
7430  37.218  -74.330  33.024 0.0000000000
7431  32.503  -74.180  32.204 0.0000000000
7432  32.278  -74.460  32.758 0.0000000000
7440  39.341  -74.146  31.702 0.0000000000
7441  38.899  -74.675  32.101 0.0000000000
7442  34.588  -74.576  31.345 0.0000000000
7443  33.491  -74.643  31.746 0.0000000000
7444  32.811  -74.677  32.094 0.0000000000
7449  39.717  -74.125  30.849 0.0000000000
7450  39.035  -74.684  31.402 0.0000000000
7451  35.409  -74.538  30.683 0.0000000000
7456  39.959  -74.458  28.719 0.0000000000
7457  35.770  -74.784  29.700 0.0000000000
7461  40.336  -74.606  27.323 0.0000000000
7462  39.709  -75.253  27.610 0.0000000000
7463  35.493  -75.371  28.370 0.0000000000
7469  40.298  -74.740  26.158 0.0000000000
7470  39.781  -75.371  26.633 0.0000000000
7471  34.887  -75.795  27.137 0.0000000000
7482  40.296  -74.565  25.939 0.0000000000
7483  39.770  -75.227  26.328 0.0000000000
7484  38.887  -75.827  26.475 0.0000000000
7485  36.297  -75.572  26.364 0.0000000000
7486  35.261  -75.398  26.324 0.0000000000
7487  34.844  -75.352  26.541 0.0000000000
7516  41.947  -74.258  20.002 0.0000000000
7517  41.390  -74.860  19.990 0.0000000000
7518  39.776  -75.291  20.796 0.0000000000
7535  41.495  -74.701  19.880 0.0000000000
7536  40.810  -75.349  19.779 0.0000000000
7550  39.989  -75.108  19.030 0.0000000000
7551  38.989  -74.885  18.580 0.0000000000
7594  42.414  -74.548  14.565 0.0000000000
7595  41.881  -74.921  14.786 0.0000000000
7596  41.208  -75.043  14.785 0.0000000000
7597  40.301  -74.959  14.608 0.0000000000
7602  42.020  -75.039  14.268 0.0000000000
7603  41.368  -75.477  14.488 0.0000000000
7604  39.530  -74.814  14.258 0.0000000000
7605  39.054  -75.362  13.904 0.0000000000
7612  41.406  -75.537  13.881 0.0000000000
7613  40.770  -76.047  13.460 0.0000000000
7614  38.240  -75.280  12.986 0.0000000000
7625  40.111  -75.179  12.308 0.0000000000
7641  39.439  -74.816  10.804 0.0000000000
7655  40.074  -74.494  8.810 0.0000000000
7656  39.564  -75.124  9.846 0.0000000000
7663  41.595  -73.933  8.167 0.0000000000
7664  40.864  -74.275  8.290 0.0000000000
7665  40.093  -74.827  8.564 0.0000000000
7674  42.158  -73.711  7.995 0.0000000000
7675  41.371  -74.180  7.987 0.0000000000
7676  40.380  -74.653  7.918 0.0000000000
7684  40.477  -73.867  6.490 0.0000000000
7685  39.859  -74.526  6.921 0.0000000000
7694  39.967  -73.749  5.463 0.0000000000
7695  36.171  -75.251  4.877 0.0000000000
7696  35.730  -74.996  5.597 0.0000000000
7704  39.401  -74.715  4.401 0.0000000000
7705  35.515  -74.683  4.770 0.0000000000
7715  39.429  -74.972  3.448 0.0000000000
7716  35.050  -74.624  4.415 0.0000000000
7723  39.593  -74.579  2.631 0.0000000000
7738  39.599  -74.492  0.759 0.0000000000
7752  39.322  -74.355  -0.251 0.0000000000
7753  38.713  -74.998  -0.487 0.0000000000
7754  37.627  -74.392  -0.350 0.0000000000
7755  36.931  -74.893  -0.399 0.0000000000
7756  35.194  -75.285  0.117 0.0000000000
7757  34.160  -75.254  0.649 0.0000000000
7768  38.981  -74.257  -0.530 0.0000000000
7769  38.296  -74.993  -0.660 0.0000000000
7770  37.753  -75.071  -0.745 0.0000000000
7991  30.173  -73.777  39.379 0.0000000000
7992  29.599  -73.465  39.123 0.0000000000
8002  29.477  -73.348  38.804 0.0000000000
8014  29.510  -73.463  38.211 0.0000000000
8024  31.077  -74.088  36.257 0.0000000000
8025  30.456  -73.329  36.937 0.0000000000
8035  31.664  -73.311  35.126 0.0000000000
8036  31.199  -73.253  36.016 0.0000000000
8044  33.906  -73.919  34.740 0.0000000000
8045  32.012  -73.537  34.032 0.0000000000
8052  36.059  -73.936  33.164 0.0000000000
8053  34.391  -73.538  34.082 0.0000000000
8054  32.122  -74.089  33.161 0.0000000000
8064  38.663  -73.623  32.338 0.0000000000
8065  37.855  -73.776  32.660 0.0000000000
8066  36.835  -73.390  32.804 0.0000000000
8067  35.895  -72.878  33.004 0.0000000000
8068  32.335  -73.751  32.461 0.0000000000
8079  39.725  -73.536  31.314 0.0000000000
8080  39.245  -73.559  31.933 0.0000000000
8081  33.609  -73.859  31.396 0.0000000000
8082  32.858  -73.318  31.380 0.0000000000
8083  32.488  -73.487  31.860 0.0000000000
8090  40.735  -73.256  29.889 0.0000000000
8091  40.216  -73.411  30.586 0.0000000000
8092  35.575  -73.616  30.108 0.0000000000
8093  34.748  -73.711  30.973 0.0000000000
8094  33.672  -73.038  30.959 0.0000000000
8098  40.561  -73.762  28.875 0.0000000000
8099  40.231  -73.887  29.912 0.0000000000
8100  35.683  -74.178  28.864 0.0000000000
8104  41.368  -73.178  27.548 0.0000000000
8105  40.818  -73.679  27.859 0.0000000000
8106  35.342  -73.645  28.016 0.0000000000
8111  41.434  -73.819  25.942 0.0000000000
8112  40.895  -74.188  26.465 0.0000000000
8113  34.545  -74.173  26.392 0.0000000000
8123  41.412  -73.719  25.472 0.0000000000
8124  40.921  -74.214  25.726 0.0000000000
8125  39.090  -73.872  26.310 0.0000000000
8126  37.873  -74.325  26.637 0.0000000000
8127  34.812  -74.301  25.785 0.0000000000
8128  34.229  -73.388  25.423 0.0000000000
8133  35.068  -73.957  25.398 0.0000000000
8134  34.506  -73.543  25.276 0.0000000000
8161  42.839  -73.305  19.889 0.0000000000
8162  42.401  -73.759  19.945 0.0000000000
8163  41.949  -74.195  20.066 0.0000000000
8164  40.974  -74.449  20.476 0.0000000000
8165  39.724  -73.905  20.897 0.0000000000
8176  42.127  -73.983  19.844 0.0000000000
8177  41.103  -73.978  19.352 0.0000000000
8188  40.040  -74.188  18.914 0.0000000000
8189  38.961  -73.463  18.589 0.0000000000
8231  43.249  -73.740  14.526 0.0000000000
8232  42.801  -74.086  14.857 0.0000000000
8233  39.690  -73.916  14.257 0.0000000000
8237  42.912  -74.151  14.222 0.0000000000
8238  42.500  -74.576  13.994 0.0000000000
8239  38.971  -74.079  13.755 0.0000000000
8246  41.918  -74.710  13.559 0.0000000000
8247  41.069  -75.110  13.050 0.0000000000
8248  40.221  -73.998  12.364 0.0000000000
8249  38.468  -74.339  13.282 0.0000000000
8259  39.558  -73.835  11.589 0.0000000000
8268  39.179  -73.882  10.860 0.0000000000
8269  38.956  -73.291  10.215 0.0000000000
8281  39.307  -74.186  9.879 0.0000000000
8282  39.044  -73.141  9.424 0.0000000000
8291  42.612  -73.350  8.128 0.0000000000
8292  41.055  -73.971  8.448 0.0000000000
8302  42.736  -73.338  7.952 0.0000000000
8311  42.349  -73.313  7.217 0.0000000000
8312  41.492  -73.814  7.390 0.0000000000
8323  41.234  -72.827  5.444 0.0000000000
8324  40.650  -73.355  5.719 0.0000000000
8334  40.409  -73.144  4.916 0.0000000000
8335  39.756  -73.782  4.611 0.0000000000
8346  40.173  -73.136  3.860 0.0000000000
8347  39.784  -73.876  3.108 0.0000000000
8354  40.339  -73.068  2.692 0.0000000000
8355  39.900  -73.886  1.951 0.0000000000
8368  40.404  -73.070  0.401 0.0000000000
8369  39.854  -73.678  0.049 0.0000000000
8386  40.052  -73.122  -0.216 0.0000000000
8387  39.522  -73.623  -0.294 0.0000000000
8388  38.753  -73.199  -0.097 0.0000000000
8400  39.756  -73.203  -0.294 0.0000000000
8401  39.274  -73.571  -0.386 0.0000000000
8402  38.472  -74.233  -0.517 0.0000000000
8664  30.124  -72.840  39.247 0.0000000000
8676  29.823  -71.975  38.964 0.0000000000
8677  29.602  -72.528  38.817 0.0000000000
8685  29.699  -72.960  37.725 0.0000000000
8686  29.460  -72.689  38.356 0.0000000000
8694  30.052  -72.504  37.247 0.0000000000
8707  31.377  -72.500  35.635 0.0000000000
8708  30.667  -72.490  36.491 0.0000000000
8718  32.226  -72.634  33.727 0.0000000000
8719  31.889  -72.582  34.709 0.0000000000
8727  35.076  -72.291  33.478 0.0000000000
8729  32.251  -73.317  32.981 0.0000000000
8733  38.039  -72.926  32.376 0.0000000000
8734  37.366  -72.256  32.400 0.0000000000
8735  36.641  -72.491  32.662 0.0000000000
8736  32.330  -72.924  32.086 0.0000000000
8746  39.397  -72.911  31.561 0.0000000000
8747  38.740  -72.872  32.053 0.0000000000
8748  32.764  -72.739  31.035 0.0000000000
8756  40.611  -72.936  30.312 0.0000000000
8757  40.045  -72.940  30.979 0.0000000000
8767  41.374  -72.452  29.380 0.0000000000
8771  42.197  -71.975  28.583 0.0000000000
8772  41.720  -72.466  28.807 0.0000000000
8779  42.338  -72.207  27.460 0.0000000000
8780  41.871  -72.927  26.713 0.0000000000
8791  43.337  -72.770  24.924 0.0000000000
8792  42.973  -72.878  25.304 0.0000000000
8793  42.132  -73.326  25.347 0.0000000000
8794  40.895  -73.997  25.528 0.0000000000
8795  38.301  -72.642  26.517 0.0000000000
8796  37.169  -72.684  26.449 0.0000000000
8797  35.913  -73.070  25.718 0.0000000000
8804  42.806  -73.093  24.929 0.0000000000
8805  42.068  -73.343  25.161 0.0000000000
8806  41.268  -73.433  25.340 0.0000000000
8807  40.380  -73.179  25.630 0.0000000000
8808  34.817  -73.251  25.055 0.0000000000
8809  34.115  -73.029  24.884 0.0000000000
8810  33.854  -72.883  24.978 0.0000000000
8815  33.864  -72.548  24.675 0.0000000000
8838  40.605  -72.550  20.814 0.0000000000
8839  39.497  -72.341  21.046 0.0000000000
8844  42.533  -73.641  19.997 0.0000000000
8845  41.518  -73.624  20.424 0.0000000000
8846  40.227  -73.332  20.839 0.0000000000
8847  39.155  -73.008  20.977 0.0000000000
8859  42.719  -73.403  19.836 0.0000000000
8860  41.924  -73.330  19.528 0.0000000000
8861  40.426  -72.673  19.160 0.0000000000
8877  39.215  -72.544  18.732 0.0000000000
8921  44.500  -72.380  14.564 0.0000000000
8922  43.850  -73.079  14.436 0.0000000000
8923  43.227  -73.408  15.096 0.0000000000
8924  42.378  -73.876  15.055 0.0000000000
8925  41.507  -73.449  14.943 0.0000000000
8926  40.710  -73.998  14.789 0.0000000000
8929  43.394  -73.616  13.907 0.0000000000
8930  42.578  -73.936  13.484 0.0000000000
8931  39.892  -72.885  14.226 0.0000000000
8932  39.008  -72.872  13.582 0.0000000000
8937  42.828  -72.932  13.201 0.0000000000
8938  41.643  -73.785  12.990 0.0000000000
8939  40.699  -73.065  12.530 0.0000000000
8940  39.689  -72.889  11.852 0.0000000000
8941  38.403  -73.339  13.121 0.0000000000
8949  39.079  -72.848  10.885 0.0000000000
8961  38.716  -72.403  9.940 0.0000000000
8973  38.704  -72.210  9.064 0.0000000000
8988  41.993  -73.500  8.274 0.0000000000
8989  40.849  -73.303  8.426 0.0000000000
8990  39.420  -72.714  8.584 0.0000000000
8991  38.844  -71.935  8.445 0.0000000000
9008  43.419  -72.430  7.943 0.0000000000
9009  43.012  -73.057  8.137 0.0000000000
9010  41.985  -72.924  8.395 0.0000000000
9011  40.962  -72.536  8.149 0.0000000000
9012  39.878  -72.325  7.972 0.0000000000
9023  43.682  -72.177  7.315 0.0000000000
9024  43.112  -72.831  7.526 0.0000000000
9029  43.327  -72.290  6.571 0.0000000000
9030  42.705  -72.139  5.575 0.0000000000
9031  42.065  -72.734  6.075 0.0000000000
9038  42.165  -71.934  4.485 0.0000000000
9039  41.181  -72.470  4.407 0.0000000000
9046  40.984  -72.421  3.301 0.0000000000
9055  41.038  -72.406  2.224 0.0000000000
9074  41.099  -72.341  1.051 0.0000000000
9090  40.487  -72.487  0.191 0.0000000000
9091  40.078  -72.725  -0.178 0.0000000000
9092  39.581  -72.889  -0.253 0.0000000000
9397  29.629  -71.361  38.650 0.0000000000
9398  29.333  -70.976  38.268 0.0000000000
9404  29.450  -72.113  37.862 0.0000000000
9405  29.216  -71.049  37.930 0.0000000000
9409  30.361  -70.888  36.498 0.0000000000
9410  29.581  -70.797  37.287 0.0000000000
9422  31.601  -71.712  35.232 0.0000000000
9423  30.894  -71.690  36.111 0.0000000000
9435  32.115  -71.787  34.340 0.0000000000
9443  35.174  -71.402  33.488 0.0000000000
9453  37.380  -71.497  32.191 0.0000000000
9454  36.640  -71.634  32.527 0.0000000000
9455  35.827  -71.931  32.904 0.0000000000
9462  39.459  -72.379  31.097 0.0000000000
9463  38.699  -72.066  31.569 0.0000000000
9464  38.044  -72.174  32.108 0.0000000000
9473  40.823  -72.397  29.822 0.0000000000
9474  39.961  -72.208  30.356 0.0000000000
9475  39.026  -71.580  30.789 0.0000000000
9488  41.903  -71.950  29.163 0.0000000000
9489  41.276  -71.831  29.454 0.0000000000
9490  40.294  -71.587  29.619 0.0000000000
9500  43.333  -71.081  27.847 0.0000000000
9501  42.704  -71.520  28.157 0.0000000000
9502  42.317  -71.390  28.829 0.0000000000
9510  43.631  -71.468  26.794 0.0000000000
9511  42.983  -71.982  26.754 0.0000000000
9521  44.411  -71.980  25.125 0.0000000000
9522  43.715  -72.279  25.494 0.0000000000
9523  39.664  -72.004  26.096 0.0000000000
9524  38.704  -71.829  26.401 0.0000000000
9525  37.716  -71.785  26.441 0.0000000000
9526  36.736  -71.925  26.175 0.0000000000
9534  43.862  -72.451  24.923 0.0000000000
9535  43.292  -72.722  24.832 0.0000000000
9536  42.557  -72.848  24.836 0.0000000000
9537  41.614  -72.721  25.129 0.0000000000
9538  40.613  -72.326  25.583 0.0000000000
9539  35.698  -72.263  25.416 0.0000000000
9540  34.668  -72.527  24.741 0.0000000000
9543  34.046  -72.249  24.450 0.0000000000
9560  40.839  -71.660  20.872 0.0000000000
9561  39.824  -71.578  21.157 0.0000000000
9573  44.327  -71.666  19.342 0.0000000000
9574  43.974  -72.170  19.611 0.0000000000
9575  43.290  -72.468  20.192 0.0000000000
9576  42.111  -72.784  20.427 0.0000000000
9586  42.755  -72.807  19.572 0.0000000000
9587  41.383  -72.262  19.308 0.0000000000
9588  40.310  -71.724  19.191 0.0000000000
9604  39.471  -71.701  18.907 0.0000000000
9640  45.414  -71.423  14.197 0.0000000000
9641  44.978  -71.858  14.730 0.0000000000
9642  43.933  -72.638  15.105 0.0000000000
9643  43.080  -72.376  15.243 0.0000000000
9644  42.257  -72.884  15.105 0.0000000000
9645  41.125  -72.301  14.704 0.0000000000
9646  40.181  -71.984  14.255 0.0000000000
9651  45.008  -71.983  13.992 0.0000000000
9652  44.474  -72.475  13.835 0.0000000000
9653  43.796  -72.844  13.596 0.0000000000
9654  39.338  -71.851  13.707 0.0000000000
9659  44.637  -71.602  13.255 0.0000000000
9660  43.826  -71.796  13.117 0.0000000000
9661  42.890  -71.889  13.009 0.0000000000
9662  41.806  -71.812  12.720 0.0000000000
9663  40.876  -72.042  12.466 0.0000000000
9664  40.092  -72.153  12.109 0.0000000000
9674  40.222  -71.376  11.996 0.0000000000
9675  39.364  -71.714  11.272 0.0000000000
9691  38.821  -72.033  10.488 0.0000000000
9692  38.594  -71.526  9.544 0.0000000000
9703  38.603  -71.418  8.690 0.0000000000
9715  39.163  -71.969  8.078 0.0000000000
9716  38.744  -71.388  8.040 0.0000000000
9727  43.908  -71.720  7.658 0.0000000000
9728  42.825  -72.520  8.188 0.0000000000
9729  41.756  -72.111  8.009 0.0000000000
9730  40.281  -71.642  7.462 0.0000000000
9731  39.287  -71.504  7.633 0.0000000000
9738  44.138  -71.608  6.984 0.0000000000
9739  39.402  -70.984  7.075 0.0000000000
9745  43.428  -71.705  5.682 0.0000000000
10131  29.740  -70.584  38.583 0.0000000000
10132  29.181  -70.166  38.216 0.0000000000
10141  29.045  -70.154  38.038 0.0000000000
10149  29.740  -70.159  36.864 0.0000000000
10150  29.152  -70.162  37.738 0.0000000000
10157  30.736  -70.122  36.062 0.0000000000
10167  35.034  -70.131  34.039 0.0000000000
10182  35.280  -70.670  33.517 0.0000000000
10196  36.763  -70.835  32.360 0.0000000000
10197  36.277  -70.266  32.596 0.0000000000
10198  35.883  -70.962  32.833 0.0000000000
10205  38.264  -71.063  31.320 0.0000000000
10206  37.476  -70.713  31.833 0.0000000000
10207  36.847  -70.082  32.159 0.0000000000
10214  39.379  -71.177  29.914 0.0000000000
10215  38.552  -70.511  30.494 0.0000000000
10216  37.872  -70.178  31.231 0.0000000000
10224  40.815  -70.984  29.186 0.0000000000
10225  39.814  -70.684  29.241 0.0000000000
10226  39.039  -70.243  29.581 0.0000000000
10235  43.590  -70.264  28.263 0.0000000000
10236  42.863  -70.698  28.597 0.0000000000
10237  41.769  -71.255  29.151 0.0000000000
10238  40.321  -70.138  28.742 0.0000000000
10239  39.464  -69.812  28.923 0.0000000000
10248  44.595  -70.514  26.967 0.0000000000
10249  43.949  -70.733  27.439 0.0000000000
10262  45.462  -70.727  25.343 0.0000000000
10263  44.876  -71.141  25.734 0.0000000000
10264  44.260  -71.416  26.231 0.0000000000
10265  38.948  -71.020  26.309 0.0000000000
10266  38.160  -71.122  26.381 0.0000000000
10267  37.345  -71.021  26.291 0.0000000000
10268  36.434  -71.182  25.830 0.0000000000
10282  45.501  -70.685  24.733 0.0000000000
10283  44.910  -71.428  24.909 0.0000000000
10284  43.837  -72.142  24.733 0.0000000000
10285  42.911  -71.759  24.764 0.0000000000
10286  41.839  -71.628  25.189 0.0000000000
10287  40.842  -71.376  25.589 0.0000000000
10288  39.896  -71.123  26.025 0.0000000000
10289  37.034  -70.227  26.076 0.0000000000
10306  45.082  -70.981  24.601 0.0000000000
10307  44.483  -71.477  24.686 0.0000000000
10319  41.778  -70.459  20.859 0.0000000000
10320  40.611  -70.116  21.246 0.0000000000
10321  39.319  -70.713  21.381 0.0000000000
10329  44.614  -71.179  19.457 0.0000000000
10330  44.269  -71.654  20.029 0.0000000000
10331  41.958  -71.589  20.643 0.0000000000
10341  43.596  -71.446  19.063 0.0000000000
10342  42.142  -71.627  19.232 0.0000000000
10343  40.834  -71.372  19.215 0.0000000000
10356  40.868  -70.634  19.116 0.0000000000
10357  39.862  -70.891  19.066 0.0000000000
10389  46.152  -70.426  14.066 0.0000000000
10390  45.770  -70.802  14.463 0.0000000000
10391  45.276  -71.149  14.910 0.0000000000
10392  44.584  -71.394  15.127 0.0000000000
10393  43.785  -71.752  15.241 0.0000000000
10394  42.814  -71.471  14.997 0.0000000000
10395  40.567  -71.183  14.374 0.0000000000
10405  45.745  -70.816  13.673 0.0000000000
10406  45.244  -71.268  13.389 0.0000000000
10407  39.652  -70.952  13.887 0.0000000000
10415  45.381  -70.380  12.869 0.0000000000
10416  44.788  -70.825  12.882 0.0000000000
10417  43.881  -70.673  12.729 0.0000000000
10418  42.920  -70.918  12.743 0.0000000000
10419  41.435  -70.826  12.376 0.0000000000
10420  40.953  -71.283  12.345 0.0000000000
10429  41.188  -70.124  12.069 0.0000000000
10430  40.569  -70.564  11.907 0.0000000000
10431  39.796  -70.812  11.486 0.0000000000
10443  39.234  -70.564  10.772 0.0000000000
10444  38.671  -70.650  9.886 0.0000000000
10461  38.490  -70.713  9.025 0.0000000000
10483  43.711  -71.345  7.709 0.0000000000
10484  42.719  -71.479  7.801 0.0000000000
10485  41.231  -71.123  7.194 0.0000000000
10495  42.008  -70.493  6.964 0.0000000000
10496  40.026  -70.725  6.698 0.0000000000
10904  29.464  -69.646  38.429 0.0000000000
10905  28.919  -69.552  38.083 0.0000000000
10914  28.852  -69.469  37.965 0.0000000000
10923  30.151  -69.393  36.439 0.0000000000
10924  29.204  -69.419  37.347 0.0000000000
10960  36.242  -69.481  32.591 0.0000000000
10961  35.632  -70.016  33.200 0.0000000000
10969  37.525  -69.401  31.286 0.0000000000
10970  36.922  -69.286  31.891 0.0000000000
10978  38.504  -69.742  29.991 0.0000000000
10979  38.044  -69.576  30.641 0.0000000000
10985  38.799  -69.365  29.357 0.0000000000
10992  44.421  -69.230  28.206 0.0000000000
10993  43.841  -69.468  28.394 0.0000000000
10994  43.162  -69.802  28.591 0.0000000000
10995  42.390  -70.078  28.714 0.0000000000
10996  40.848  -69.526  28.435 0.0000000000
10997  39.953  -69.309  28.450 0.0000000000
10998  39.192  -68.950  28.728 0.0000000000
11005  45.471  -69.253  27.171 0.0000000000
11006  44.845  -69.617  27.586 0.0000000000
11007  44.241  -69.943  27.954 0.0000000000
11011  46.221  -69.581  25.506 0.0000000000
11012  45.786  -69.871  26.012 0.0000000000
11013  45.233  -70.238  26.495 0.0000000000
11014  39.162  -70.146  26.145 0.0000000000
11015  38.099  -70.278  26.264 0.0000000000
11020  46.010  -70.274  24.997 0.0000000000
11021  43.748  -71.034  24.660 0.0000000000
11022  42.762  -70.107  25.131 0.0000000000
11023  41.243  -69.384  25.530 0.0000000000
11024  40.382  -69.306  25.715 0.0000000000
11025  39.453  -69.257  25.871 0.0000000000
11026  38.494  -69.299  25.992 0.0000000000
11027  37.638  -69.485  26.004 0.0000000000
11039  46.442  -69.584  24.599 0.0000000000
11040  46.018  -70.088  24.347 0.0000000000
11041  45.510  -70.205  24.374 0.0000000000
11042  44.618  -70.212  24.469 0.0000000000
11056  46.459  -69.369  23.847 0.0000000000
11066  43.583  -69.713  20.661 0.0000000000
11067  42.118  -69.538  21.052 0.0000000000
11068  41.119  -69.562  21.278 0.0000000000
11069  40.305  -69.238  21.467 0.0000000000
11076  45.671  -70.062  19.054 0.0000000000
11077  45.207  -70.623  19.292 0.0000000000
11078  44.661  -70.859  19.949 0.0000000000
11079  43.263  -70.570  20.511 0.0000000000
11085  45.289  -70.589  19.092 0.0000000000
11086  44.515  -70.784  18.904 0.0000000000
11087  42.927  -70.040  18.746 0.0000000000
11088  41.504  -69.390  18.825 0.0000000000
11138  46.078  -70.051  14.640 0.0000000000
11139  45.582  -69.848  14.873 0.0000000000
11140  44.883  -70.442  15.065 0.0000000000
11141  42.986  -69.818  14.605 0.0000000000
11142  42.193  -69.955  14.527 0.0000000000
11143  41.460  -70.169  14.497 0.0000000000
11156  46.537  -69.865  13.965 0.0000000000
11157  46.128  -70.167  13.307 0.0000000000
11167  46.559  -69.445  13.147 0.0000000000
11168  44.491  -69.885  12.572 0.0000000000
11169  42.870  -69.944  12.474 0.0000000000
11170  41.996  -70.225  12.399 0.0000000000
11181  42.154  -69.431  12.186 0.0000000000
11182  41.426  -69.460  11.893 0.0000000000
11183  40.657  -69.663  11.587 0.0000000000
11184  39.921  -70.048  11.309 0.0000000000
11191  40.092  -69.194  11.036 0.0000000000
11192  39.013  -69.815  10.169 0.0000000000
11193  38.602  -69.909  9.370 0.0000000000
11209  38.925  -69.072  9.672 0.0000000000
11672  30.218  -68.845  38.542 0.0000000000
11673  29.022  -68.889  38.294 0.0000000000
11683  28.709  -68.108  38.085 0.0000000000
11693  29.417  -68.652  36.832 0.0000000000
11694  28.776  -68.602  37.793 0.0000000000
11748  38.232  -68.965  29.988 0.0000000000
11749  37.647  -68.670  30.756 0.0000000000
11761  44.091  -68.668  28.349 0.0000000000
11762  43.416  -69.132  28.471 0.0000000000
11763  42.549  -69.230  28.451 0.0000000000
11764  41.457  -68.968  28.180 0.0000000000
11765  40.500  -68.751  28.123 0.0000000000
11773  45.636  -68.277  27.641 0.0000000000
11774  44.952  -68.629  28.092 0.0000000000
11775  43.195  -68.568  28.220 0.0000000000
11776  42.112  -68.445  27.876 0.0000000000
11777  41.062  -68.217  27.728 0.0000000000
11783  46.070  -68.795  26.607 0.0000000000
11788  46.551  -68.861  25.557 0.0000000000
11789  43.438  -69.424  24.835 0.0000000000
11790  42.421  -68.877  25.164 0.0000000000
11791  40.700  -68.437  25.441 0.0000000000
11792  39.810  -68.388  25.542 0.0000000000
11793  38.874  -68.381  25.625 0.0000000000
11802  47.128  -68.493  24.286 0.0000000000
11803  46.899  -69.117  23.925 0.0000000000
11804  46.119  -69.573  23.842 0.0000000000
11805  45.231  -68.986  23.905 0.0000000000
11806  43.991  -68.575  24.366 0.0000000000
11807  42.918  -68.181  24.690 0.0000000000
11808  41.960  -67.869  24.879 0.0000000000
11820  47.001  -68.854  23.227 0.0000000000
11821  46.682  -68.908  23.234 0.0000000000
11822  46.128  -68.892  23.299 0.0000000000
11832  47.164  -68.311  22.211 0.0000000000
11841  46.598  -68.461  19.980 0.0000000000
11842  46.049  -69.079  19.796 0.0000000000
11843  45.379  -69.063  20.353 0.0000000000
11844  43.904  -68.923  20.967 0.0000000000
11845  42.459  -68.736  21.392 0.0000000000
11846  41.159  -68.660  21.598 0.0000000000
11854  46.238  -68.900  19.365 0.0000000000
11855  45.908  -69.499  19.319 0.0000000000
11856  45.189  -70.036  19.808 0.0000000000
11864  46.029  -69.409  19.082 0.0000000000
11865  45.100  -69.947  18.765 0.0000000000
11866  43.649  -69.356  18.640 0.0000000000
11867  42.173  -68.788  18.777 0.0000000000
11924  47.145  -68.764  14.631 0.0000000000
11925  46.250  -69.154  14.806 0.0000000000
11926  45.478  -68.967  14.810 0.0000000000
11927  43.728  -68.519  14.449 0.0000000000
11928  42.885  -68.827  14.414 0.0000000000
11945  47.595  -68.498  14.006 0.0000000000
11946  47.088  -69.105  13.807 0.0000000000
11955  47.497  -68.270  13.274 0.0000000000
11956  46.936  -68.641  12.830 0.0000000000
11957  46.182  -68.760  12.570 0.0000000000
11958  45.696  -69.454  12.619 0.0000000000
11959  43.837  -68.884  12.331 0.0000000000
11960  42.804  -68.916  12.164 0.0000000000
11969  43.243  -67.984  11.920 0.0000000000
11970  41.830  -68.759  11.767 0.0000000000
11971  40.948  -68.709  11.324 0.0000000000
11978  40.234  -68.185  10.572 0.0000000000
11979  39.434  -68.235  9.891 0.0000000000
12389  29.916  -67.219  38.461 0.0000000000
12390  28.876  -67.432  38.252 0.0000000000
12401  28.635  -67.264  38.023 0.0000000000
12411  28.968  -67.870  37.248 0.0000000000
12412  28.630  -67.757  37.866 0.0000000000
12494  46.505  -67.096  27.453 0.0000000000
12495  45.878  -67.507  27.709 0.0000000000
12496  44.745  -67.977  28.157 0.0000000000
12497  43.858  -67.987  28.021 0.0000000000
12498  42.765  -67.874  27.626 0.0000000000
12499  41.692  -67.663  27.412 0.0000000000
12515  47.034  -67.084  26.323 0.0000000000
12516  46.581  -67.802  26.622 0.0000000000
12524  47.243  -67.437  25.064 0.0000000000
12525  46.893  -68.121  25.373 0.0000000000
12526  41.085  -67.694  25.027 0.0000000000
12527  40.220  -67.602  25.152 0.0000000000
12528  39.334  -67.552  25.226 0.0000000000
12536  44.281  -67.943  23.760 0.0000000000
12537  43.359  -67.606  24.031 0.0000000000
12538  42.373  -67.351  24.246 0.0000000000
12539  41.466  -67.172  24.417 0.0000000000
12540  40.614  -67.037  24.598 0.0000000000
12541  39.774  -66.924  24.731 0.0000000000
12550  47.357  -68.068  23.684 0.0000000000
12551  47.297  -68.336  22.788 0.0000000000
12552  46.465  -68.462  22.434 0.0000000000
12553  45.158  -68.027  23.123 0.0000000000
12554  43.868  -67.566  23.239 0.0000000000
12555  42.716  -67.233  23.561 0.0000000000
12564  47.458  -67.725  22.837 0.0000000000
12565  47.456  -67.996  21.901 0.0000000000
12566  46.996  -68.375  21.131 0.0000000000
12567  43.884  -67.633  22.576 0.0000000000
12568  42.774  -67.507  22.500 0.0000000000
12569  41.805  -67.205  22.669 0.0000000000
12581  47.373  -68.047  21.118 0.0000000000
12582  47.121  -68.109  20.400 0.0000000000
12583  45.884  -68.471  20.970 0.0000000000
12584  42.910  -68.152  21.750 0.0000000000
12585  41.778  -67.814  22.049 0.0000000000
12598  46.646  -68.265  19.721 0.0000000000
12599  45.936  -67.829  19.417 0.0000000000
12610  46.009  -68.738  19.007 0.0000000000
12611  44.264  -68.600  18.708 0.0000000000
12612  42.757  -68.122  18.892 0.0000000000
12665  48.387  -67.354  14.793 0.0000000000
12666  47.865  -67.693  15.046 0.0000000000
12667  47.500  -67.500  15.205 0.0000000000
12668  46.694  -67.396  15.157 0.0000000000
12676  47.889  -68.032  14.519 0.0000000000
12677  47.353  -68.048  15.005 0.0000000000
12678  45.970  -67.571  14.909 0.0000000000
12679  44.614  -68.098  14.569 0.0000000000
12698  48.483  -67.284  13.940 0.0000000000
12699  47.997  -67.821  13.614 0.0000000000
12707  48.362  -66.978  13.135 0.0000000000
12708  47.802  -67.387  12.826 0.0000000000
12709  47.091  -67.649  12.555 0.0000000000
12710  46.216  -67.832  12.398 0.0000000000
12711  45.286  -68.202  12.330 0.0000000000
12712  44.225  -68.047  12.148 0.0000000000
12719  45.393  -67.037  12.148 0.0000000000
12720  44.604  -67.327  12.049 0.0000000000
12721  43.698  -67.036  11.732 0.0000000000
12722  42.686  -67.199  11.445 0.0000000000
12723  41.847  -67.429  11.184 0.0000000000
12724  41.098  -67.737  10.930 0.0000000000
12730  41.397  -66.932  10.758 0.0000000000
12731  40.646  -67.181  10.444 0.0000000000
12732  39.868  -67.394  10.035 0.0000000000
13299  47.469  -65.866  27.425 0.0000000000
13300  47.005  -66.388  27.468 0.0000000000
13301  46.335  -66.716  27.589 0.0000000000
13302  44.553  -67.397  27.738 0.0000000000
13303  43.416  -67.320  27.306 0.0000000000
13304  42.328  -67.159  27.028 0.0000000000
13322  47.373  -66.304  27.214 0.0000000000
13323  45.422  -66.642  27.483 0.0000000000
13324  44.078  -66.717  26.937 0.0000000000
13325  42.936  -66.613  26.622 0.0000000000
13341  47.532  -66.389  26.438 0.0000000000
13348  47.366  -67.154  24.152 0.0000000000
13349  41.806  -66.926  23.795 0.0000000000
13350  40.973  -66.682  24.014 0.0000000000
13351  40.158  -66.564  24.166 0.0000000000
13362  47.389  -66.831  23.388 0.0000000000
13363  41.223  -66.757  23.380 0.0000000000
13378  47.402  -67.397  22.129 0.0000000000
13379  47.432  -67.716  21.341 0.0000000000
13380  42.087  -67.035  23.163 0.0000000000
13381  41.392  -66.867  22.940 0.0000000000
13396  47.318  -67.668  20.806 0.0000000000
13397  47.024  -67.575  20.272 0.0000000000
13407  46.206  -67.280  19.922 0.0000000000
13408  45.038  -66.903  19.818 0.0000000000
13409  43.733  -66.788  19.786 0.0000000000
13421  45.059  -67.738  19.187 0.0000000000
13422  43.171  -67.429  19.282 0.0000000000
13459  49.347  -66.133  14.634 0.0000000000
13460  48.793  -66.711  15.102 0.0000000000
13461  48.016  -67.034  15.347 0.0000000000
13462  47.079  -66.768  15.413 0.0000000000
13463  45.743  -66.804  15.055 0.0000000000
13479  48.912  -66.691  14.291 0.0000000000
13480  45.020  -67.184  14.750 0.0000000000
13500  49.310  -66.031  13.871 0.0000000000
13501  48.885  -66.282  13.317 0.0000000000
13512  48.493  -66.374  12.887 0.0000000000
13513  48.015  -66.449  12.651 0.0000000000
13514  47.212  -66.117  12.485 0.0000000000
13515  46.424  -66.715  12.321 0.0000000000
13521  45.309  -66.030  12.142 0.0000000000
13522  44.491  -66.517  11.872 0.0000000000
13523  42.097  -66.620  11.069 0.0000000000
13529  42.078  -65.884  11.062 0.0000000000
13530  40.955  -66.383  10.552 0.0000000000
13531  40.100  -66.502  10.221 0.0000000000
14082  47.128  -66.050  27.565 0.0000000000
14093  48.768  -65.023  27.165 0.0000000000
14094  48.003  -65.526  27.250 0.0000000000
14095  47.873  -65.384  27.374 0.0000000000
14096  45.917  -65.912  27.163 0.0000000000
14097  44.668  -66.043  26.546 0.0000000000
14098  43.497  -65.976  26.233 0.0000000000
14121  48.588  -65.175  26.304 0.0000000000
14122  48.050  -65.707  26.456 0.0000000000
14123  45.207  -65.394  26.077 0.0000000000
14141  47.572  -65.955  25.088 0.0000000000
14153  47.335  -65.687  24.176 0.0000000000
14154  47.053  -65.389  23.676 0.0000000000
14163  47.240  -66.447  22.878 0.0000000000
14164  47.238  -66.931  21.668 0.0000000000
14169  47.015  -66.826  20.948 0.0000000000
14176  46.280  -66.609  20.681 0.0000000000
14177  45.137  -66.167  20.624 0.0000000000
14210  49.522  -65.394  15.807 0.0000000000
14211  48.746  -65.604  15.989 0.0000000000
14212  47.830  -65.518  16.038 0.0000000000
14213  46.843  -65.338  16.010 0.0000000000
14232  49.827  -65.556  14.982 0.0000000000
14233  49.160  -66.031  15.412 0.0000000000
14234  48.384  -66.240  15.617 0.0000000000
14253  49.757  -65.388  14.002 0.0000000000
14265  49.325  -65.546  13.417 0.0000000000
14266  49.022  -65.381  13.040 0.0000000000
14267  48.505  -65.208  12.924 0.0000000000
14274  48.541  -65.865  12.818 0.0000000000
14275  47.890  -65.648  12.703 0.0000000000
14276  47.050  -65.426  12.718 0.0000000000
14277  46.318  -65.788  12.463 0.0000000000
14278  44.654  -65.348  12.354 0.0000000000
14279  43.811  -65.170  12.119 0.0000000000
14286  44.226  -65.787  11.879 0.0000000000
14287  43.384  -65.603  11.676 0.0000000000
14288  42.580  -65.431  11.461 0.0000000000
14289  41.796  -65.271  11.257 0.0000000000
14290  41.002  -65.169  11.118 0.0000000000
14297  41.352  -65.743  10.836 0.0000000000
14298  40.464  -65.719  10.639 0.0000000000
14894  48.900  -64.738  27.234 0.0000000000
14895  48.583  -64.708  27.316 0.0000000000
14896  47.628  -64.995  27.337 0.0000000000
14897  46.412  -65.249  26.753 0.0000000000
14908  49.180  -64.473  26.892 0.0000000000
14909  48.052  -64.372  27.150 0.0000000000
14910  46.945  -64.499  26.506 0.0000000000
14932  48.933  -64.675  25.807 0.0000000000
14951  48.891  -64.242  25.064 0.0000000000
14952  47.760  -64.824  24.479 0.0000000000
15040  49.708  -64.124  16.952 0.0000000000
15041  48.832  -64.344  16.850 0.0000000000
15042  47.665  -64.202  16.944 0.0000000000
15066  50.707  -64.300  15.885 0.0000000000
15067  49.834  -64.702  16.356 0.0000000000
15068  48.235  -64.899  16.401 0.0000000000
15069  47.242  -64.773  16.446 0.0000000000
15092  50.768  -64.223  14.877 0.0000000000
15093  50.244  -64.934  15.437 0.0000000000
15104  50.485  -64.069  14.081 0.0000000000
15105  50.284  -64.823  14.462 0.0000000000
15116  49.516  -64.844  13.379 0.0000000000
15117  49.013  -64.855  13.082 0.0000000000
15118  47.697  -65.026  12.939 0.0000000000
15119  46.392  -64.489  13.280 0.0000000000
15120  45.579  -64.068  13.521 0.0000000000
15121  44.671  -64.391  13.105 0.0000000000
15122  43.847  -64.323  12.850 0.0000000000
15128  46.753  -64.910  13.026 0.0000000000
15129  45.719  -64.779  13.047 0.0000000000
15130  44.212  -64.772  12.587 0.0000000000
15131  43.428  -64.602  12.434 0.0000000000
15132  42.613  -64.420  12.307 0.0000000000
15133  41.768  -64.289  12.187 0.0000000000
15140  43.017  -64.976  11.918 0.0000000000
15141  42.222  -64.807  11.729 0.0000000000
15142  41.399  -64.710  11.615 0.0000000000
15743  49.027  -64.417  27.142 0.0000000000
15748  49.470  -63.566  26.673 0.0000000000
15749  48.846  -63.886  27.049 0.0000000000
15750  47.589  -63.798  26.349 0.0000000000
15758  50.117  -62.914  26.161 0.0000000000
15759  49.725  -63.778  26.048 0.0000000000
15760  48.328  -63.018  25.996 0.0000000000
15761  46.974  -63.245  25.303 0.0000000000
15769  50.234  -62.940  25.358 0.0000000000
15794  50.769  -63.058  17.863 0.0000000000
15795  49.709  -63.156  18.053 0.0000000000
15796  48.668  -63.084  18.119 0.0000000000
15814  50.992  -63.378  17.068 0.0000000000
15815  50.143  -63.625  17.368 0.0000000000
15816  49.191  -63.666  17.451 0.0000000000
15817  48.146  -63.617  17.503 0.0000000000
15831  51.503  -62.903  15.774 0.0000000000
15832  51.127  -63.584  16.260 0.0000000000
15833  50.439  -64.023  16.678 0.0000000000
15838  51.205  -63.548  15.350 0.0000000000
15843  50.930  -63.406  14.514 0.0000000000
15844  50.398  -63.443  14.077 0.0000000000
15845  49.675  -63.544  13.798 0.0000000000
15846  48.703  -63.723  13.657 0.0000000000
15847  46.944  -63.278  14.168 0.0000000000
15848  45.978  -63.377  14.145 0.0000000000
15849  45.072  -63.406  14.134 0.0000000000
15857  49.975  -64.131  13.651 0.0000000000
15858  49.273  -64.310  13.395 0.0000000000
15859  48.376  -64.542  13.210 0.0000000000
15860  46.632  -63.984  13.625 0.0000000000
15861  44.680  -63.856  13.597 0.0000000000
15862  43.877  -63.831  13.382 0.0000000000
15873  43.065  -64.000  12.915 0.0000000000
16481  49.868  -62.877  26.408 0.0000000000
16482  49.443  -63.173  26.583 0.0000000000
16487  50.863  -61.747  24.780 0.0000000000
16488  50.571  -62.197  25.410 0.0000000000
16489  49.466  -62.391  25.975 0.0000000000
16490  47.044  -62.470  24.684 0.0000000000
16499  50.621  -62.310  24.650 0.0000000000
16500  49.834  -62.853  24.186 0.0000000000
16502  46.621  -61.635  24.085 0.0000000000
16508  50.121  -62.277  23.528 0.0000000000
16520  51.131  -61.927  20.156 0.0000000000
16521  49.830  -62.138  20.390 0.0000000000
16530  52.038  -61.471  18.749 0.0000000000
16531  51.355  -62.118  19.223 0.0000000000
16532  50.133  -62.406  19.498 0.0000000000
16533  48.953  -62.356  19.644 0.0000000000
16546  52.089  -61.657  17.776 0.0000000000
16547  51.515  -62.336  18.307 0.0000000000
16548  50.437  -62.695  18.661 0.0000000000
16549  49.296  -62.699  18.800 0.0000000000
16562  52.034  -61.819  16.824 0.0000000000
16563  51.569  -62.555  17.400 0.0000000000
16568  51.802  -62.065  15.948 0.0000000000
16569  51.570  -62.734  16.517 0.0000000000
16575  51.366  -62.553  15.061 0.0000000000
16576  50.859  -62.057  14.788 0.0000000000
16577  46.675  -61.748  15.322 0.0000000000
16578  45.706  -62.046  15.304 0.0000000000
16589  50.811  -62.786  14.450 0.0000000000
16590  50.134  -62.647  14.312 0.0000000000
16591  48.986  -62.782  14.217 0.0000000000
16592  48.076  -62.444  14.603 0.0000000000
16593  46.307  -62.630  14.739 0.0000000000
16594  45.400  -62.770  14.748 0.0000000000
17217  50.145  -62.289  25.937 0.0000000000
17223  50.870  -61.422  24.890 0.0000000000
17224  50.485  -61.653  25.365 0.0000000000
17225  49.957  -61.542  25.387 0.0000000000
17226  48.832  -61.566  24.833 0.0000000000
17227  47.587  -61.615  24.340 0.0000000000
17233  51.026  -61.242  24.424 0.0000000000
17234  50.909  -61.603  23.902 0.0000000000
17235  49.365  -60.702  24.353 0.0000000000
17236  48.125  -60.750  23.967 0.0000000000
17237  46.973  -60.786  23.789 0.0000000000
17238  45.920  -60.978  23.763 0.0000000000
17243  51.552  -60.486  22.503 0.0000000000
17244  51.201  -61.213  22.860 0.0000000000
17245  50.282  -61.784  22.829 0.0000000000
17247  51.832  -60.526  21.462 0.0000000000
17248  51.447  -61.168  21.814 0.0000000000
17249  50.458  -61.644  22.032 0.0000000000
17253  51.921  -60.527  20.428 0.0000000000
17254  51.728  -61.211  20.800 0.0000000000
17255  50.773  -61.750  21.112 0.0000000000
17256  49.512  -61.927  21.301 0.0000000000
17261  52.101  -60.815  19.235 0.0000000000
17262  51.926  -61.310  19.768 0.0000000000
17276  52.233  -60.990  18.205 0.0000000000
17289  52.191  -61.139  17.280 0.0000000000
17301  51.961  -61.314  16.496 0.0000000000
17321  51.468  -61.511  15.620 0.0000000000
17322  50.528  -61.303  15.276 0.0000000000
17323  49.386  -61.344  15.203 0.0000000000
17324  47.682  -61.844  15.099 0.0000000000
17343  49.486  -62.113  14.640 0.0000000000
17344  48.632  -61.953  14.863 0.0000000000
17971  50.482  -60.734  24.468 0.0000000000
17976  51.067  -60.732  24.157 0.0000000000
17977  49.647  -59.885  23.787 0.0000000000
17978  47.478  -59.609  23.447 0.0000000000
17979  46.356  -59.849  23.490 0.0000000000
17980  45.477  -59.881  23.480 0.0000000000
17985  51.318  -60.185  23.291 0.0000000000
17987  51.764  -60.038  21.922 0.0000000000
17990  51.740  -60.004  21.316 0.0000000000
17991  51.621  -60.018  20.682 0.0000000000
17992  45.154  -60.093  19.912 0.0000000000
17995  51.760  -60.406  19.714 0.0000000000
17996  51.365  -60.084  19.998 0.0000000000
17997  50.810  -60.218  19.244 0.0000000000
17998  45.776  -60.125  19.704 0.0000000000
18011  51.935  -60.666  18.664 0.0000000000
18012  51.465  -60.364  19.029 0.0000000000
18013  50.063  -60.313  18.311 0.0000000000
18025  52.012  -60.776  17.683 0.0000000000
18026  51.483  -60.503  18.059 0.0000000000
18027  50.674  -60.309  17.514 0.0000000000
18043  52.004  -60.850  16.962 0.0000000000
18044  51.600  -60.828  16.426 0.0000000000
18045  50.014  -60.317  16.427 0.0000000000
18046  48.474  -59.942  16.468 0.0000000000
18047  47.629  -59.526  16.654 0.0000000000
18048  46.315  -59.618  16.340 0.0000000000
18049  45.382  -59.670  16.361 0.0000000000
18065  50.833  -60.737  15.969 0.0000000000
18066  49.840  -60.660  15.801 0.0000000000
18067  48.831  -60.547  15.855 0.0000000000
18068  47.762  -60.321  16.042 0.0000000000
18069  46.672  -60.636  15.928 0.0000000000
18070  45.704  -60.585  16.044 0.0000000000
18721  50.897  -59.967  23.657 0.0000000000
18722  50.288  -59.746  23.639 0.0000000000
18723  49.526  -59.256  23.234 0.0000000000
18724  47.395  -58.769  22.895 0.0000000000
18725  46.593  -58.917  23.073 0.0000000000
18726  45.198  -58.908  23.076 0.0000000000
18727  44.460  -58.773  22.942 0.0000000000
18728  43.675  -59.154  23.162 0.0000000000
18736  51.541  -59.882  22.474 0.0000000000
18737  51.098  -59.641  22.909 0.0000000000
18738  50.276  -59.281  23.026 0.0000000000
18739  49.146  -58.865  22.684 0.0000000000
18740  47.890  -58.586  22.437 0.0000000000
18741  46.747  -58.509  22.507 0.0000000000
18742  45.169  -58.541  22.523 0.0000000000
18743  44.504  -58.779  22.509 0.0000000000
18744  43.117  -58.948  22.965 0.0000000000
18745  42.313  -59.105  22.863 0.0000000000
18750  51.583  -59.810  21.861 0.0000000000
18751  51.233  -59.577  22.173 0.0000000000
18752  49.825  -59.052  22.370 0.0000000000
18753  48.871  -58.793  22.209 0.0000000000
18754  47.948  -58.821  21.792 0.0000000000
18755  45.938  -58.517  22.194 0.0000000000
18756  45.177  -58.753  21.939 0.0000000000
18757  44.388  -59.418  21.602 0.0000000000
18764  51.407  -59.712  21.465 0.0000000000
18765  51.089  -59.707  20.878 0.0000000000
18766  50.017  -59.554  20.962 0.0000000000
18767  49.011  -59.832  20.439 0.0000000000
18768  48.038  -59.834  20.651 0.0000000000
18769  46.330  -60.110  20.320 0.0000000000
18770  45.096  -59.952  20.957 0.0000000000
18771  44.313  -60.045  20.267 0.0000000000
18780  50.712  -59.931  20.166 0.0000000000
18781  48.340  -60.232  19.362 0.0000000000
18782  47.361  -60.132  18.807 0.0000000000
18783  45.483  -59.662  18.973 0.0000000000
18784  44.741  -59.537  19.189 0.0000000000
18796  48.698  -60.158  17.996 0.0000000000
18797  47.560  -59.667  17.804 0.0000000000
18798  46.692  -59.180  17.935 0.0000000000
18799  45.912  -58.724  18.158 0.0000000000
18813  49.546  -60.094  17.377 0.0000000000
18814  48.669  -59.759  17.127 0.0000000000
18815  47.861  -59.478  17.170 0.0000000000
18816  46.913  -58.952  17.185 0.0000000000
18836  50.057  -60.151  16.917 0.0000000000
18837  49.165  -59.936  16.791 0.0000000000
18838  48.161  -59.593  16.878 0.0000000000
18839  46.839  -59.014  16.784 0.0000000000
18840  45.962  -58.777  16.699 0.0000000000
18841  45.058  -58.628  16.727 0.0000000000
19589  46.050  -58.484  17.514 0.0000000000
19590  45.414  -57.999  17.798 0.0000000000
19591  45.154  -58.266  18.330 0.0000000000
19604  45.482  -58.136  17.363 0.0000000000
19619  46.137  -58.526  17.072 0.0000000000
19620  44.953  -57.896  17.257 0.0000000000
19621  44.526  -58.076  17.041 0.0000000000
20423  44.942  -57.515  18.074 0.0000000000
20434  44.550  -57.435  17.625 0.0000000000
20446  44.325  -57.551  17.355 0.0000000000
98520  43.382  -72.808  19.844 0.0000000000
98695  33.776  -80.977  14.182 0.0000000000
98725  45.427  -67.410  27.816 0.0000000000
98726  46.624  -68.264  14.910 0.0000000000
98845  50.850  -60.400  16.689 0.0000000000
98902  35.456  -79.709  19.806 0.0000000000
99042  39.566  -74.596  11.422 0.0000000000
99081  31.155  -77.852  34.739 0.0000000000
99105  40.847  -70.227  6.455 0.0000000000
99141  33.421  -76.554  35.192 0.0000000000
99174  36.838  -79.381  7.237 0.0000000000
99189  30.432  -81.213  7.181 0.0000000000
99208  34.106  -79.716  2.353 0.0000000000
99248  33.412  -81.572  13.768 0.0000000000
99280  32.175  -78.964  4.774 0.0000000000
99292  32.426  -81.205  13.320 0.0000000000
99319  31.690  -74.143  34.712 0.0000000000
99330  39.524  -69.016  10.370 0.0000000000
99371  42.308  -68.054  11.620 0.0000000000
99377  33.092  -76.304  36.075 0.0000000000
99454  42.840  -59.248  22.394 0.0000000000
99533  35.300  -77.905  9.065 0.0000000000
99546  32.388  -75.714  32.754 0.0000000000
99570  42.909  -66.235  11.383 0.0000000000
99574  39.397  -72.856  26.179 0.0000000000
99729  39.566  -75.787  10.675 0.0000000000
99766  43.669  -59.995  20.987 0.0000000000
99860  39.808  -75.128  9.166 0.0000000000
99902  40.822  -74.765  19.407 0.0000000000
99913  36.655  -78.081  32.902 0.0000000000
99977  37.331  -69.928  31.687 0.0000000000
100052  36.075  -77.461  20.649 0.0000000000
100271  34.933  -74.938  27.315 0.0000000000
100409  50.605  -59.326  21.770 0.0000000000
100429  33.786  -79.350  3.276 0.0000000000
100444  46.665  -69.449  14.469 0.0000000000
100447  48.229  -62.217  25.141 0.0000000000
100569  31.733  -83.563  14.576 0.0000000000
100669  30.131  -76.721  39.071 0.0000000000
100738  46.916  -58.576  21.980 0.0000000000
100880  38.523  -76.142  18.592 0.0000000000
101031  36.594  -76.170  4.573 0.0000000000
101071  29.372  -83.679  5.824 0.0000000000
101091  31.060  -75.929  39.925 0.0000000000
101141  41.392  -73.335  6.389 0.0000000000
101174  43.638  -59.086  22.290 0.0000000000
101202  41.446  -70.352  28.811 0.0000000000
101256  32.236  -84.714  17.428 0.0000000000
101297  38.271  -78.412  5.491 0.0000000000
101388  35.546  -76.395  2.309 0.0000000000
101532  39.575  -74.548  29.740 0.0000000000
101927  46.019  -59.372  21.382 0.0000000000
101973  32.973  -82.323  4.401 0.0000000000
102027  39.124  -75.270  6.252 0.0000000000
102187  42.480  -72.762  26.223 0.0000000000
102224  32.608  -76.161  1.163 0.0000000000
102275  43.570  -69.639  12.471 0.0000000000
102331  45.050  -60.845  23.673 0.0000000000
102352  36.488  -76.467  20.565 0.0000000000
102391  41.215  -73.051  29.067 0.0000000000
102425  29.431  -71.825  38.340 0.0000000000
102469  35.069  -73.215  33.472 0.0000000000
102491  43.882  -58.847  22.867 0.0000000000
102502  41.865  -72.353  5.183 0.0000000000
102555  34.877  -77.798  31.160 0.0000000000
102581  34.128  -80.346  13.914 0.0000000000
102598  45.314  -67.905  28.000 0.0000000000
102682  48.450  -58.996  23.104 0.0000000000
102719  35.629  -76.479  20.564 0.0000000000
102742  40.125  -70.216  25.927 0.0000000000
102786  48.688  -59.852  23.653 0.0000000000
102805  47.434  -59.233  16.932 0.0000000000
102859  39.800  -75.817  11.688 0.0000000000
102862  47.138  -60.206  19.961 0.0000000000
102988  47.465  -66.509  25.492 0.0000000000
103083  36.151  -75.517  -0.496 0.0000000000
103090  44.544  -59.687  23.401 0.0000000000
103158  50.638  -59.336  22.467 0.0000000000
103216  48.259  -61.179  15.437 0.0000000000
103263  40.494  -73.059  1.504 0.0000000000
103292  36.179  -77.771  33.373 0.0000000000
103357  42.781  -72.681  6.624 0.0000000000
103400  41.579  -68.128  11.357 0.0000000000
103490  37.557  -76.435  20.615 0.0000000000
103513  39.620  -74.020  3.898 0.0000000000
103532  34.999  -74.080  33.540 0.0000000000
103577  47.009  -65.694  27.501 0.0000000000
103669  42.606  -73.105  8.291 0.0000000000
103884  37.804  -76.996  12.164 0.0000000000
103909  31.692  -82.417  6.622 0.0000000000
104045  36.282  -79.386  7.233 0.0000000000
104069  42.222  -70.775  28.906 0.0000000000
104073  36.240  -79.275  32.152 0.0000000000
104164  49.688  -60.181  19.527 0.0000000000
104167  40.792  -74.237  7.442 0.0000000000
104194  50.948  -60.343  18.409 0.0000000000
104209  32.344  -72.583  32.849 0.0000000000
104268  31.049  -85.993  14.770 0.0000000000
104290  28.754  -68.969  38.048 0.0000000000
104385  41.049  -70.357  25.612 0.0000000000
104387  48.928  -59.206  21.451 0.0000000000
104442  42.993  -70.762  14.843 0.0000000000
104443  43.904  -70.684  15.039 0.0000000000
104655  35.260  -75.319  33.555 0.0000000000
104732  36.857  -76.796  -0.918 0.0000000000
104757  38.494  -70.684  8.225 0.0000000000
104841  32.329  -84.600  18.381 0.0000000000
104866  47.063  -59.568  21.140 0.0000000000
104918  38.390  -78.212  3.434 0.0000000000
104944  29.916  -84.308  19.568 0.0000000000
104968  35.627  -75.567  30.401 0.0000000000
105027  42.218  -70.754  14.688 0.0000000000
105053  43.449  -72.298  19.501 0.0000000000
105071  44.771  -69.026  12.422 0.0000000000
105301  30.610  -77.503  36.817 0.0000000000
105304  33.169  -83.890  20.751 0.0000000000
105326  45.248  -67.997  22.290 0.0000000000
105355  30.376  -85.258  19.955 0.0000000000
105357  34.868  -72.999  30.583 0.0000000000
105383  40.657  -75.250  20.397 0.0000000000
105487  41.745  -74.418  14.981 0.0000000000
105520  39.946  -73.801  8.864 0.0000000000
105591  35.515  -79.602  30.134 0.0000000000
105632  35.272  -78.756  8.112 0.0000000000
105666  34.728  -76.709  31.582 0.0000000000
105673  44.335  -72.073  24.925 0.0000000000
105741  51.240  -60.832  23.624 0.0000000000
105789  28.674  -85.637  2.690 0.0000000000
105848  48.601  -64.941  27.300 0.0000000000
105911  32.501  -72.782  31.449 0.0000000000
105949  41.702  -72.893  12.900 0.0000000000
105968  39.258  -74.339  18.650 0.0000000000
106083  29.726  -80.883  7.490 0.0000000000
106092  51.549  -60.549  17.166 0.0000000000
106117  33.500  -79.446  21.829 0.0000000000
106159  28.569  -82.416  1.064 0.0000000000
106181  29.891  -73.670  37.629 0.0000000000
106204  39.574  -74.443  5.907 0.0000000000
106305  43.763  -71.869  6.553 0.0000000000
106472  30.960  -76.978  40.124 0.0000000000
106473  41.709  -72.009  3.723 0.0000000000
106500  46.343  -60.041  18.987 0.0000000000
106507  38.780  -71.370  10.346 0.0000000000
106561  46.773  -65.616  22.865 0.0000000000
106562  29.275  -79.326  2.743 0.0000000000
106615  36.468  -73.874  26.250 0.0000000000
106618  47.281  -64.513  13.253 0.0000000000
106675  40.837  -70.428  14.428 0.0000000000
106725  44.412  -72.086  15.102 0.0000000000
106858  42.255  -69.176  14.399 0.0000000000
106859  43.850  -69.591  14.673 0.0000000000
106860  44.747  -69.268  14.748 0.0000000000
106873  29.357  -68.088  38.424 0.0000000000
106904  45.699  -68.209  14.790 0.0000000000
106962  47.443  -66.135  15.671 0.0000000000
107121  33.671  -80.465  15.430 0.0000000000
107284  35.497  -71.502  25.120 0.0000000000
107397  47.244  -62.514  14.686 0.0000000000
107470  37.803  -75.347  26.547 0.0000000000
107472  38.000  -75.536  20.698 0.0000000000
107537  29.809  -82.705  2.549 0.0000000000
107672  41.507  -69.180  14.382 0.0000000000
107778  45.603  -69.329  18.817 0.0000000000
107784  39.268  -75.145  26.336 0.0000000000
107873  37.268  -76.352  11.534 0.0000000000
107877  45.508  -70.504  14.858 0.0000000000
107963  33.558  -80.167  13.129 0.0000000000
107982  46.274  -65.240  12.796 0.0000000000
108028  30.093  -76.418  38.401 0.0000000000
108130  45.962  -61.312  15.687 0.0000000000
108183  40.878  -69.861  18.954 0.0000000000
108234  47.172  -68.668  23.511 0.0000000000
108433  46.815  -68.918  24.670 0.0000000000
108540  35.455  -74.778  25.900 0.0000000000
108557  37.778  -73.373  26.606 0.0000000000
108585  44.176  -71.978  19.696 0.0000000000
108654  46.468  -65.926  15.601 0.0000000000
108657  40.154  -70.790  21.243 0.0000000000
108738  35.551  -76.869  29.958 0.0000000000
108760  29.956  -71.662  37.095 0.0000000000
108864  39.231  -76.007  20.711 0.0000000000
108981  43.156  -73.019  19.912 0.0000000000
109091  39.894  -75.737  14.446 0.0000000000
109107  41.958  -70.466  18.977 0.0000000000
109338  30.237  -80.324  2.527 0.0000000000
109400  49.066  -65.037  16.310 0.0000000000
109414  30.288  -77.749  38.621 0.0000000000
109439  33.071  -80.309  4.567 0.0000000000
109484  31.377  -85.317  20.185 0.0000000000
109633  39.914  -73.344  18.922 0.0000000000
109735  29.335  -80.290  2.742 0.0000000000
109745  34.570  -77.755  -0.396 0.0000000000
109757  29.569  -71.715  38.602 0.0000000000
110121  40.122  -74.720  20.826 0.0000000000
110149  40.111  -73.650  0.843 0.0000000000
110201  43.747  -66.183  11.628 0.0000000000
110291  39.076  -74.374  20.914 0.0000000000
110373  34.948  -75.409  6.588 0.0000000000
110413  39.050  -74.135  32.175 0.0000000000
110493  31.202  -70.890  35.665 0.0000000000
110504  38.102  -77.018  28.335 0.0000000000
110507  37.230  -68.772  31.422 0.0000000000
110668  40.645  -72.905  14.633 0.0000000000
110782  43.451  -71.955  7.991 0.0000000000
110916  32.981  -83.211  16.750 0.0000000000
110978  45.527  -65.349  12.599 0.0000000000
111019  41.541  -68.553  25.303 0.0000000000
111036  36.288  -75.877  5.388 0.0000000000
111065  41.740  -69.625  28.528 0.0000000000
111183  39.609  -76.786  11.390 0.0000000000
111275  34.687  -71.783  24.539 0.0000000000
111287  44.933  -64.933  12.779 0.0000000000
111298  39.737  -69.940  21.438 0.0000000000
111347  40.990  -72.863  29.725 0.0000000000
111405  31.924  -79.131  33.492 0.0000000000
111421  29.937  -83.399  2.591 0.0000000000
111461  47.660  -63.897  13.634 0.0000000000
111593  47.079  -59.695  16.364 0.0000000000
111861  39.190  -75.747  1.410 0.0000000000
111920  44.163  -68.129  21.628 0.0000000000
112089  47.944  -65.251  25.188 0.0000000000
112106  43.167  -71.527  20.411 0.0000000000
112270  45.092  -68.433  18.822 0.0000000000
112343  39.539  -74.815  1.890 0.0000000000
112381  35.384  -76.693  27.740 0.0000000000
112411  38.479  -76.748  7.113 0.0000000000
112444  45.658  -60.085  20.458 0.0000000000
112485  31.256  -85.918  17.138 0.0000000000
112501  33.536  -78.462  3.561 0.0000000000
112574  38.847  -75.138  20.847 0.0000000000
112622  36.703  -74.798  26.405 0.0000000000
112709  35.007  -79.465  15.240 0.0000000000
112753  33.227  -77.155  32.428 0.0000000000
112794  39.766  -76.603  20.086 0.0000000000
112886  41.782  -71.453  14.741 0.0000000000
112916  35.573  -76.085  -0.634 0.0000000000
112917  41.118  -74.152  12.831 0.0000000000
112920  31.450  -73.889  35.502 0.0000000000
113086  39.757  -77.115  12.439 0.0000000000
113102  47.932  -63.127  14.164 0.0000000000
113126  33.029  -83.782  14.832 0.0000000000
113233  34.419  -78.805  31.470 0.0000000000
113322  35.669  -73.229  29.219 0.0000000000
113330  31.732  -82.794  14.495 0.0000000000
113341  43.763  -72.424  19.812 0.0000000000
113348  49.648  -59.046  21.908 0.0000000000
113388  31.046  -84.452  5.277 0.0000000000
113409  30.634  -85.569  12.536 0.0000000000
113465  47.352  -66.856  12.489 0.0000000000
113521  41.589  -66.287  10.802 0.0000000000
113529  34.142  -77.182  -0.317 0.0000000000
113539  30.540  -75.392  37.139 0.0000000000
113557  39.515  -74.369  5.113 0.0000000000
113599  30.490  -78.862  38.381 0.0000000000
113618  32.834  -74.023  31.725 0.0000000000
113623  47.372  -61.146  15.576 0.0000000000
113882  41.193  -75.112  19.968 0.0000000000
114061  38.153  -77.743  7.162 0.0000000000
114074  31.730  -85.350  15.191 0.0000000000
114133  39.170  -76.640  19.306 0.0000000000
114140  45.886  -58.590  22.705 0.0000000000
114173  27.556  -80.723  0.390 0.0000000000
114229  38.846  -73.527  20.926 0.0000000000
114232  39.482  -75.491  26.488 0.0000000000
114270  36.449  -68.804  32.320 0.0000000000
114292  31.475  -75.456  34.724 0.0000000000
114389  49.465  -63.565  24.775 0.0000000000
114454  29.851  -74.899  39.292 0.0000000000
114516  43.041  -67.282  23.066 0.0000000000
114533  28.982  -83.153  1.275 0.0000000000
114699  37.505  -78.073  18.888 0.0000000000
114763  40.962  -70.866  20.970 0.0000000000
114787  33.443  -75.396  35.466 0.0000000000
114826  45.569  -58.301  16.998 0.0000000000
114963  45.881  -59.135  23.197 0.0000000000
114991  33.450  -74.718  36.133 0.0000000000
115320  35.426  -79.700  32.881 0.0000000000
115340  39.455  -75.033  28.713 0.0000000000
115417  37.545  -75.126  33.169 0.0000000000
115424  30.908  -77.916  40.096 0.0000000000
115426  36.872  -76.366  33.322 0.0000000000
115635  28.800  -85.981  3.944 0.0000000000
115652  35.654  -69.212  33.265 0.0000000000
115655  35.722  -79.295  28.616 0.0000000000
115858  41.959  -70.415  25.333 0.0000000000
115950  50.156  -61.874  14.782 0.0000000000
115962  32.000  -78.158  1.146 0.0000000000
115979  49.264  -60.233  16.304 0.0000000000
116001  37.176  -78.130  30.948 0.0000000000
116026  50.053  -64.590  13.792 0.0000000000
116036  37.072  -77.484  -0.059 0.0000000000
116095  37.377  -78.420  19.364 0.0000000000
116097  44.722  -67.924  21.981 0.0000000000
116104  35.343  -78.245  29.277 0.0000000000
116126  33.956  -82.606  22.001 0.0000000000
116127  35.254  -78.112  16.133 0.0000000000
116163  34.776  -79.126  33.781 0.0000000000
116182  31.742  -85.321  17.379 0.0000000000
116240  47.961  -60.133  18.429 0.0000000000
116301  38.066  -77.145  0.299 0.0000000000
116445  36.906  -77.195  4.344 0.0000000000
116491  46.290  -66.540  15.328 0.0000000000
116504  39.025  -77.201  19.652 0.0000000000
116556  46.952  -66.946  26.991 0.0000000000
116578  46.330  -68.593  19.364 0.0000000000
116643  30.615  -83.310  20.142 0.0000000000
116656  40.149  -73.850  25.710 0.0000000000
116754  32.974  -79.816  21.886 0.0000000000
116885  46.129  -67.863  27.379 0.0000000000
117024  33.940  -77.674  -0.285 0.0000000000
117044  38.117  -78.417  3.283 0.0000000000
117142  31.076  -80.739  2.207 0.0000000000
117220  44.235  -67.741  19.043 0.0000000000
117226  43.997  -72.200  20.012 0.0000000000
117305  47.711  -60.200  19.685 0.0000000000
117341  32.850  -80.074  12.695 0.0000000000
117409  29.956  -85.039  5.440 0.0000000000
117552  45.110  -69.711  12.574 0.0000000000
117564  36.848  -78.582  18.627 0.0000000000
117730  36.369  -79.206  9.154 0.0000000000
117737  39.297  -77.568  12.813 0.0000000000
117764  33.433  -77.585  35.138 0.0000000000
117869  37.354  -72.954  32.565 0.0000000000
117870  28.954  -85.199  2.220 0.0000000000
117914  33.266  -77.716  14.385 0.0000000000
118007  49.082  -59.411  23.423 0.0000000000
118010  39.537  -69.715  10.753 0.0000000000
118020  29.460  -84.915  2.733 0.0000000000
118092  32.583  -82.844  4.157 0.0000000000
118154  36.693  -76.857  26.473 0.0000000000
118328  41.888  -72.474  27.925 0.0000000000
118396  30.520  -77.061  39.607 0.0000000000
118407  43.810  -60.058  23.512 0.0000000000
118431  41.956  -69.426  25.363 0.0000000000
118528  42.186  -71.104  12.653 0.0000000000
118541  34.577  -77.370  20.758 0.0000000000
118594  37.948  -71.498  31.810 0.0000000000
118596  32.539  -83.672  21.658 0.0000000000
118620  45.030  -57.729  17.602 0.0000000000
118625  42.937  -59.254  23.203 0.0000000000
118669  29.427  -79.895  7.852 0.0000000000
118715  37.596  -78.257  3.654 0.0000000000
118800  46.391  -66.122  27.474 0.0000000000
118834  42.262  -74.414  14.898 0.0000000000
118836  38.643  -71.830  10.061 0.0000000000
