#!ascii label  , from subject sub-11 vox2ras=TkReg
1119
23522  38.256  -56.379  5.217 0.0000000000
24407  33.039  -54.957  9.433 0.0000000000
24408  32.283  -55.154  9.371 0.0000000000
24409  31.706  -55.390  9.112 0.0000000000
24423  35.193  -55.204  8.276 0.0000000000
24424  34.319  -55.446  8.786 0.0000000000
24425  33.449  -55.599  9.207 0.0000000000
24426  31.215  -55.479  8.623 0.0000000000
24427  30.799  -55.371  8.059 0.0000000000
24437  36.402  -55.437  7.240 0.0000000000
24439  30.716  -55.189  7.384 0.0000000000
24450  37.455  -55.455  6.329 0.0000000000
24461  39.273  -55.259  5.223 0.0000000000
24462  38.486  -55.613  5.451 0.0000000000
24463  37.847  -55.872  5.735 0.0000000000
24471  40.718  -55.317  4.512 0.0000000000
24472  40.137  -55.872  4.429 0.0000000000
24473  39.531  -56.008  4.598 0.0000000000
24474  38.870  -56.179  4.865 0.0000000000
24485  42.916  -55.339  3.613 0.0000000000
24486  41.427  -55.530  4.188 0.0000000000
24487  40.635  -56.170  4.091 0.0000000000
25353  34.204  -53.950  9.163 0.0000000000
25354  33.367  -54.138  9.418 0.0000000000
25355  32.501  -54.334  9.458 0.0000000000
25356  31.789  -54.604  9.253 0.0000000000
25370  35.543  -54.394  8.244 0.0000000000
25371  34.690  -54.581  8.721 0.0000000000
25372  33.847  -54.790  9.176 0.0000000000
25373  31.390  -54.880  8.879 0.0000000000
25374  30.978  -54.729  8.404 0.0000000000
25387  37.006  -54.150  7.286 0.0000000000
25388  36.257  -54.264  7.761 0.0000000000
25389  30.701  -54.601  7.698 0.0000000000
25398  38.312  -54.243  6.325 0.0000000000
25399  37.598  -54.621  6.617 0.0000000000
25400  36.972  -55.056  6.896 0.0000000000
25401  30.736  -54.611  6.675 0.0000000000
25408  39.965  -54.403  5.285 0.0000000000
25409  39.005  -53.860  6.042 0.0000000000
25410  38.064  -55.132  6.032 0.0000000000
25411  30.813  -54.083  5.247 0.0000000000
25419  41.408  -54.589  4.483 0.0000000000
25420  40.673  -54.464  4.874 0.0000000000
25421  40.040  -55.234  4.831 0.0000000000
25433  43.558  -54.625  3.186 0.0000000000
25434  42.724  -54.377  3.677 0.0000000000
25435  41.997  -53.876  4.187 0.0000000000
26380  34.418  -53.197  9.126 0.0000000000
26381  33.708  -53.273  9.375 0.0000000000
26382  32.343  -52.761  9.434 0.0000000000
26383  31.871  -53.634  9.359 0.0000000000
26396  36.394  -52.714  7.970 0.0000000000
26397  35.929  -53.591  8.175 0.0000000000
26398  35.054  -53.638  8.682 0.0000000000
26399  31.268  -54.179  8.873 0.0000000000
26400  30.773  -53.846  8.180 0.0000000000
26410  37.147  -53.069  7.474 0.0000000000
26411  36.546  -53.575  7.738 0.0000000000
26412  30.577  -53.858  7.214 0.0000000000
26420  39.134  -52.945  6.168 0.0000000000
26421  38.580  -53.430  6.445 0.0000000000
26422  37.866  -53.524  6.890 0.0000000000
26428  40.509  -53.609  5.151 0.0000000000
26429  39.733  -53.459  5.629 0.0000000000
26430  30.378  -53.417  5.332 0.0000000000
26431  29.944  -52.743  5.188 0.0000000000
26439  30.063  -53.223  4.580 0.0000000000
26446  43.129  -53.996  3.246 0.0000000000
26447  42.576  -53.614  3.510 0.0000000000
26448  42.029  -53.138  3.762 0.0000000000
26452  43.605  -53.937  2.609 0.0000000000
26453  42.994  -53.504  2.779 0.0000000000
26457  42.939  -53.128  1.955 0.0000000000
27404  33.188  -52.607  9.422 0.0000000000
27405  31.650  -52.737  9.223 0.0000000000
27417  35.565  -52.818  8.451 0.0000000000
27418  34.882  -52.798  8.851 0.0000000000
27419  31.113  -52.531  8.731 0.0000000000
27430  37.050  -52.106  7.478 0.0000000000
27431  35.862  -52.106  8.247 0.0000000000
27432  30.599  -52.379  8.121 0.0000000000
27440  37.775  -52.411  7.059 0.0000000000
27441  30.190  -52.373  7.205 0.0000000000
27442  29.856  -52.024  6.494 0.0000000000
27448  40.292  -52.792  5.221 0.0000000000
27449  39.586  -52.472  5.605 0.0000000000
27450  38.939  -52.143  6.086 0.0000000000
27451  30.131  -52.836  6.124 0.0000000000
27452  29.743  -52.091  5.700 0.0000000000
27461  41.398  -52.951  4.315 0.0000000000
27462  40.638  -52.443  4.602 0.0000000000
27463  39.969  -52.027  4.980 0.0000000000
27464  29.622  -52.111  4.865 0.0000000000
27471  42.328  -52.840  2.909 0.0000000000
27472  41.584  -52.509  3.485 0.0000000000
27473  40.948  -52.184  3.914 0.0000000000
27474  29.550  -52.216  4.024 0.0000000000
27478  41.462  -52.310  2.576 0.0000000000
27479  40.480  -52.045  2.408 0.0000000000
27480  39.415  -52.188  2.056 0.0000000000
27487  42.035  -52.605  1.801 0.0000000000
27488  41.029  -52.425  1.561 0.0000000000
28364  33.363  -51.915  9.295 0.0000000000
28365  32.636  -52.018  9.344 0.0000000000
28366  32.016  -52.176  9.337 0.0000000000
28377  35.101  -51.988  8.646 0.0000000000
28378  34.440  -51.524  8.816 0.0000000000
28379  33.777  -51.411  9.050 0.0000000000
28380  32.934  -51.328  9.125 0.0000000000
28381  31.572  -52.076  9.092 0.0000000000
28382  31.122  -51.619  8.637 0.0000000000
28391  36.344  -51.738  7.770 0.0000000000
28392  35.636  -51.405  8.057 0.0000000000
28393  34.898  -51.131  8.341 0.0000000000
28394  30.439  -51.533  7.902 0.0000000000
28403  38.218  -51.864  6.465 0.0000000000
28404  37.451  -51.606  6.821 0.0000000000
28405  36.816  -51.027  6.311 0.0000000000
28406  36.040  -50.951  7.292 0.0000000000
28407  29.953  -51.401  7.099 0.0000000000
28408  29.647  -51.336  6.230 0.0000000000
28416  39.229  -51.786  5.374 0.0000000000
28417  38.500  -51.587  5.735 0.0000000000
28418  37.706  -51.300  6.025 0.0000000000
28419  36.913  -51.044  5.279 0.0000000000
28420  29.505  -51.388  5.324 0.0000000000
28430  40.237  -51.831  4.206 0.0000000000
28431  39.326  -51.565  4.478 0.0000000000
28432  38.278  -51.431  4.248 0.0000000000
28433  37.801  -51.271  4.996 0.0000000000
28434  36.775  -51.223  4.259 0.0000000000
28435  35.976  -51.101  3.609 0.0000000000
28436  29.448  -51.457  4.422 0.0000000000
28442  40.420  -51.826  3.378 0.0000000000
28443  39.623  -51.641  3.529 0.0000000000
28444  38.633  -51.609  3.466 0.0000000000
28445  37.613  -51.691  3.321 0.0000000000
28446  36.578  -51.566  3.154 0.0000000000
28447  35.738  -51.315  2.466 0.0000000000
28450  39.817  -51.810  2.817 0.0000000000
28451  38.978  -51.873  2.714 0.0000000000
28452  37.960  -52.056  2.605 0.0000000000
29265  34.189  -50.879  8.548 0.0000000000
29266  33.378  -50.711  8.698 0.0000000000
29267  32.448  -50.675  8.777 0.0000000000
29268  31.550  -50.740  8.606 0.0000000000
29276  35.235  -50.700  7.662 0.0000000000
29277  33.891  -50.155  8.044 0.0000000000
29278  31.003  -50.058  8.075 0.0000000000
29279  30.359  -50.666  7.655 0.0000000000
29288  36.052  -50.671  6.368 0.0000000000
29289  35.404  -50.355  6.753 0.0000000000
29290  34.639  -50.068  7.262 0.0000000000
29291  29.799  -50.466  6.811 0.0000000000
29292  29.484  -50.593  5.833 0.0000000000
29301  36.151  -50.724  5.383 0.0000000000
29302  35.406  -50.243  5.549 0.0000000000
29303  34.857  -49.865  6.243 0.0000000000
29312  36.248  -50.927  4.546 0.0000000000
29313  34.961  -49.958  4.568 0.0000000000
29314  29.365  -50.745  3.940 0.0000000000
29318  35.444  -50.706  3.017 0.0000000000
29319  35.055  -50.134  3.540 0.0000000000
29325  35.382  -50.783  1.855 0.0000000000
29326  35.127  -50.090  2.464 0.0000000000
30154  32.932  -50.052  8.314 0.0000000000
30155  31.977  -49.989  8.355 0.0000000000
30163  33.904  -49.610  7.277 0.0000000000
30164  33.325  -49.655  7.769 0.0000000000
30165  32.549  -49.400  7.801 0.0000000000
30166  31.608  -49.408  7.805 0.0000000000
30167  30.872  -49.349  7.491 0.0000000000
30174  33.254  -49.165  7.243 0.0000000000
30175  32.607  -48.857  7.240 0.0000000000
30176  30.346  -49.249  6.965 0.0000000000
30177  29.869  -49.185  6.441 0.0000000000
30187  34.348  -49.428  5.877 0.0000000000
30188  33.835  -48.891  5.695 0.0000000000
30189  29.580  -49.211  5.801 0.0000000000
30197  34.420  -49.279  4.901 0.0000000000
30198  33.885  -48.589  4.889 0.0000000000
30199  29.416  -49.209  5.009 0.0000000000
30203  34.814  -49.656  3.046 0.0000000000
30204  29.374  -49.203  4.066 0.0000000000
30209  38.866  -49.493  2.107 0.0000000000
30210  37.970  -49.640  2.060 0.0000000000
30211  37.014  -49.486  1.560 0.0000000000
30212  35.525  -49.817  1.396 0.0000000000
30223  40.029  -49.357  0.891 0.0000000000
30224  39.347  -49.865  1.336 0.0000000000
30225  38.429  -50.145  1.460 0.0000000000
30226  37.332  -50.146  1.226 0.0000000000
30227  36.276  -49.857  0.929 0.0000000000
30228  35.576  -48.678  1.271 0.0000000000
31186  32.033  -48.949  7.458 0.0000000000
31187  31.381  -48.855  7.291 0.0000000000
31188  30.786  -48.852  7.046 0.0000000000
31198  33.103  -48.602  6.513 0.0000000000
31199  32.047  -48.399  6.889 0.0000000000
31200  31.114  -48.337  6.768 0.0000000000
31201  30.361  -48.591  6.512 0.0000000000
31202  29.840  -48.698  6.068 0.0000000000
31210  33.315  -48.299  5.553 0.0000000000
31211  32.525  -47.994  6.053 0.0000000000
31212  30.125  -48.147  5.861 0.0000000000
31213  29.681  -48.575  5.461 0.0000000000
31219  34.251  -48.857  4.092 0.0000000000
31220  33.802  -48.177  4.240 0.0000000000
31221  29.544  -48.476  4.646 0.0000000000
31225  38.778  -48.415  3.240 0.0000000000
31226  37.961  -48.620  3.306 0.0000000000
31227  37.229  -48.508  2.887 0.0000000000
31228  34.617  -48.562  2.591 0.0000000000
31229  34.224  -48.344  3.397 0.0000000000
31230  29.536  -48.411  3.635 0.0000000000
31237  39.223  -48.796  2.585 0.0000000000
31238  38.389  -49.050  2.727 0.0000000000
31239  37.592  -49.088  2.497 0.0000000000
31240  36.779  -48.839  1.806 0.0000000000
31241  35.058  -48.268  1.731 0.0000000000
31242  29.813  -48.343  2.472 0.0000000000
31253  39.669  -49.106  1.811 0.0000000000
31254  36.160  -48.322  1.057 0.0000000000
31255  35.919  -48.047  0.902 0.0000000000
31256  35.604  -47.922  1.083 0.0000000000
32114  31.595  -47.821  6.265 0.0000000000
32115  30.771  -47.891  6.166 0.0000000000
32124  36.940  -47.088  5.080 0.0000000000
32125  32.907  -47.709  5.302 0.0000000000
32126  32.080  -47.397  5.633 0.0000000000
32127  31.234  -47.335  5.695 0.0000000000
32128  30.536  -47.528  5.509 0.0000000000
32129  29.912  -47.878  5.157 0.0000000000
32133  38.027  -47.520  4.446 0.0000000000
32134  37.224  -47.548  4.445 0.0000000000
32135  36.691  -47.374  4.378 0.0000000000
32136  33.285  -47.537  4.564 0.0000000000
32137  32.541  -47.068  4.972 0.0000000000
32138  30.224  -47.010  3.916 0.0000000000
32139  29.789  -47.721  4.280 0.0000000000
32144  39.193  -47.552  3.505 0.0000000000
32145  38.393  -47.981  3.841 0.0000000000
32146  37.551  -48.086  3.824 0.0000000000
32147  36.841  -47.802  3.464 0.0000000000
32148  34.445  -47.816  2.491 0.0000000000
32149  33.746  -47.423  3.563 0.0000000000
32150  30.249  -46.868  2.873 0.0000000000
32151  29.839  -47.622  3.231 0.0000000000
32160  40.127  -47.461  2.244 0.0000000000
32161  39.566  -47.932  2.825 0.0000000000
32162  36.604  -48.043  1.884 0.0000000000
32163  34.257  -46.800  2.404 0.0000000000
32164  30.519  -46.807  1.828 0.0000000000
32165  30.196  -47.518  2.065 0.0000000000
32172  40.435  -47.532  1.337 0.0000000000
32173  39.959  -48.259  2.097 0.0000000000
32174  36.104  -47.431  0.925 0.0000000000
32175  35.867  -47.296  0.861 0.0000000000
32176  35.184  -47.307  1.331 0.0000000000
33072  36.678  -46.165  6.310 0.0000000000
33073  35.997  -46.253  6.234 0.0000000000
33080  38.036  -46.363  5.300 0.0000000000
33081  37.308  -46.470  5.678 0.0000000000
33082  36.519  -46.606  5.646 0.0000000000
33083  35.844  -46.548  5.369 0.0000000000
33084  31.700  -46.859  5.170 0.0000000000
33085  30.965  -46.895  5.135 0.0000000000
33088  39.109  -46.298  4.164 0.0000000000
33089  38.481  -46.561  4.699 0.0000000000
33090  37.639  -47.029  5.018 0.0000000000
33091  36.306  -46.984  4.805 0.0000000000
33092  35.854  -46.570  4.239 0.0000000000
33093  32.961  -46.774  4.217 0.0000000000
33094  32.167  -46.459  4.564 0.0000000000
33095  31.458  -46.474  4.635 0.0000000000
33096  30.813  -46.610  4.447 0.0000000000
33103  39.430  -46.546  3.601 0.0000000000
33104  38.798  -47.147  4.117 0.0000000000
33105  36.349  -47.142  3.564 0.0000000000
33106  36.117  -46.317  2.700 0.0000000000
33107  33.392  -46.310  3.337 0.0000000000
33108  32.532  -46.012  3.870 0.0000000000
33109  31.292  -46.184  4.144 0.0000000000
33110  30.789  -46.267  3.575 0.0000000000
33119  40.384  -46.723  1.841 0.0000000000
33120  39.907  -46.839  2.803 0.0000000000
33121  36.569  -47.491  2.485 0.0000000000
33122  36.187  -45.927  1.302 0.0000000000
33123  34.985  -46.259  1.278 0.0000000000
33124  33.984  -45.737  2.282 0.0000000000
33125  30.723  -46.150  2.471 0.0000000000
33128  40.508  -46.036  1.370 0.0000000000
33129  36.315  -46.941  1.349 0.0000000000
33130  36.047  -46.442  0.798 0.0000000000
33131  35.660  -45.612  0.906 0.0000000000
33135  40.588  -46.591  0.842 0.0000000000
34012  35.666  -45.088  7.509 0.0000000000
34013  34.875  -45.130  7.333 0.0000000000
34023  36.871  -45.581  6.740 0.0000000000
34024  36.186  -45.740  6.862 0.0000000000
34025  35.358  -45.722  6.717 0.0000000000
34026  34.658  -45.318  6.672 0.0000000000
34030  38.012  -45.725  5.652 0.0000000000
34031  37.434  -45.678  6.239 0.0000000000
34032  35.330  -46.081  4.940 0.0000000000
34033  34.805  -45.579  5.748 0.0000000000
34036  39.040  -45.561  4.421 0.0000000000
34037  38.507  -45.659  5.045 0.0000000000
34038  35.585  -45.798  3.539 0.0000000000
34039  34.954  -45.295  4.413 0.0000000000
34040  31.877  -45.974  4.145 0.0000000000
34049  39.468  -45.599  3.749 0.0000000000
34050  36.057  -45.196  1.964 0.0000000000
34051  35.429  -44.690  2.899 0.0000000000
34052  32.990  -45.401  3.054 0.0000000000
34053  32.192  -45.518  3.446 0.0000000000
34054  31.551  -45.771  3.642 0.0000000000
34055  31.191  -45.685  3.066 0.0000000000
34064  40.314  -45.924  2.188 0.0000000000
34065  39.920  -45.761  3.035 0.0000000000
34066  35.972  -44.863  1.039 0.0000000000
34067  34.736  -45.320  1.294 0.0000000000
34068  33.695  -44.751  1.926 0.0000000000
34069  32.656  -44.747  2.399 0.0000000000
34070  32.058  -44.475  1.838 0.0000000000
34071  31.278  -45.349  2.143 0.0000000000
34074  40.527  -45.296  1.447 0.0000000000
34075  35.685  -44.703  0.899 0.0000000000
34076  34.995  -44.406  0.836 0.0000000000
34963  35.463  -44.209  8.200 0.0000000000
34964  34.621  -44.218  8.190 0.0000000000
34965  34.020  -44.148  8.044 0.0000000000
34977  37.176  -44.192  7.231 0.0000000000
34978  36.374  -44.319  7.771 0.0000000000
34979  34.987  -44.714  7.831 0.0000000000
34980  34.431  -44.572  7.689 0.0000000000
34981  33.794  -44.268  7.505 0.0000000000
34990  38.118  -44.051  6.103 0.0000000000
34991  37.467  -44.796  6.643 0.0000000000
34992  36.638  -45.057  7.241 0.0000000000
34993  34.257  -44.831  7.067 0.0000000000
34994  33.683  -44.344  6.608 0.0000000000
34998  38.485  -44.243  5.408 0.0000000000
34999  38.059  -44.912  5.936 0.0000000000
35000  34.225  -44.919  6.168 0.0000000000
35001  33.842  -44.197  5.444 0.0000000000
35004  39.391  -44.743  3.993 0.0000000000
35005  38.871  -44.664  4.737 0.0000000000
35006  34.666  -44.256  3.885 0.0000000000
35007  34.084  -43.676  4.301 0.0000000000
35017  39.806  -44.856  3.275 0.0000000000
35018  35.242  -43.616  2.405 0.0000000000
35026  40.285  -44.929  2.406 0.0000000000
35027  40.078  -44.230  2.882 0.0000000000
35028  35.686  -44.094  1.481 0.0000000000
35029  35.410  -43.172  1.383 0.0000000000
35030  33.680  -43.792  1.293 0.0000000000
35031  32.796  -43.907  1.448 0.0000000000
35035  40.519  -44.542  1.557 0.0000000000
35036  35.646  -44.153  0.945 0.0000000000
35037  35.356  -43.729  0.833 0.0000000000
35964  35.557  -43.375  8.558 0.0000000000
35965  34.875  -43.604  8.607 0.0000000000
35966  34.112  -43.666  8.475 0.0000000000
35967  33.392  -43.611  8.054 0.0000000000
35980  36.956  -43.455  7.640 0.0000000000
35981  36.234  -43.485  8.240 0.0000000000
35982  33.107  -43.753  7.115 0.0000000000
35983  32.580  -43.042  7.612 0.0000000000
35993  38.044  -43.288  6.285 0.0000000000
35994  37.561  -43.334  6.935 0.0000000000
35995  33.164  -43.676  5.984 0.0000000000
35996  32.421  -43.081  6.454 0.0000000000
35999  38.454  -43.272  5.543 0.0000000000
36000  33.444  -43.384  4.817 0.0000000000
36001  32.785  -43.043  5.250 0.0000000000
36007  39.294  -43.153  4.249 0.0000000000
36008  38.867  -43.655  4.821 0.0000000000
36009  34.569  -43.247  3.073 0.0000000000
36010  33.815  -42.890  3.561 0.0000000000
36011  33.149  -42.841  4.342 0.0000000000
36022  39.664  -43.981  3.532 0.0000000000
36033  40.379  -43.914  2.120 0.0000000000
36034  40.039  -43.471  2.896 0.0000000000
36035  35.444  -43.331  0.917 0.0000000000
36992  35.239  -41.469  9.254 0.0000000000
36993  34.751  -42.224  9.230 0.0000000000
36994  33.958  -42.323  9.172 0.0000000000
37009  36.015  -42.575  8.633 0.0000000000
37010  35.186  -42.849  8.914 0.0000000000
37011  34.401  -42.986  8.929 0.0000000000
37012  33.640  -43.012  8.709 0.0000000000
37013  32.917  -42.761  8.387 0.0000000000
37026  37.391  -42.614  7.301 0.0000000000
37027  36.782  -42.645  8.029 0.0000000000
37028  32.123  -42.161  8.040 0.0000000000
37029  31.431  -41.804  7.378 0.0000000000
37041  38.171  -42.023  6.083 0.0000000000
37042  37.868  -42.622  6.541 0.0000000000
37043  31.878  -42.501  7.123 0.0000000000
37044  31.291  -42.129  6.599 0.0000000000
37045  30.695  -41.909  6.178 0.0000000000
37051  38.490  -42.333  5.442 0.0000000000
37052  32.090  -42.653  5.470 0.0000000000
37053  31.287  -42.327  5.670 0.0000000000
37054  30.611  -42.189  5.591 0.0000000000
37063  39.200  -42.356  4.281 0.0000000000
37064  38.824  -42.771  4.843 0.0000000000
37065  33.113  -42.456  3.455 0.0000000000
37066  32.527  -42.591  4.459 0.0000000000
37093  39.941  -42.578  2.872 0.0000000000
37936  34.334  -41.376  9.321 0.0000000000
37937  33.474  -41.670  9.127 0.0000000000
37953  36.773  -41.068  8.284 0.0000000000
37954  36.032  -41.519  8.870 0.0000000000
37955  32.789  -41.929  8.715 0.0000000000
37956  32.249  -41.242  8.485 0.0000000000
37957  31.611  -41.267  7.961 0.0000000000
37970  37.204  -41.745  7.702 0.0000000000
37971  36.605  -41.913  8.347 0.0000000000
37972  31.013  -41.108  7.464 0.0000000000
37973  30.412  -40.963  7.032 0.0000000000
37984  38.040  -41.254  6.292 0.0000000000
37985  37.717  -41.878  6.819 0.0000000000
37986  30.822  -41.566  6.892 0.0000000000
37993  38.436  -41.386  5.480 0.0000000000
37994  30.024  -41.834  5.803 0.0000000000
38000  39.156  -41.494  4.134 0.0000000000
38001  38.789  -41.890  4.803 0.0000000000
38012  39.469  -41.095  3.402 0.0000000000
38021  39.856  -41.622  2.769 0.0000000000
38870  35.043  -40.645  9.298 0.0000000000
38871  34.278  -40.359  9.206 0.0000000000
38872  33.658  -40.885  9.192 0.0000000000
38886  36.705  -40.282  8.423 0.0000000000
38887  36.206  -40.597  8.826 0.0000000000
38888  35.658  -40.863  9.148 0.0000000000
38889  32.950  -41.020  8.946 0.0000000000
38890  32.472  -40.336  8.515 0.0000000000
38891  31.843  -40.617  8.225 0.0000000000
38896  37.238  -40.376  7.843 0.0000000000
38897  31.283  -40.485  7.793 0.0000000000
38898  30.694  -40.494  7.408 0.0000000000
38908  37.967  -40.479  6.487 0.0000000000
38909  29.494  -40.397  6.542 0.0000000000
38915  38.505  -40.462  5.276 0.0000000000
38920  39.093  -40.591  3.998 0.0000000000
38921  38.775  -40.109  4.583 0.0000000000
38932  39.452  -40.183  3.317 0.0000000000
39832  36.961  -39.619  8.286 0.0000000000
39833  36.320  -39.785  8.733 0.0000000000
39834  35.010  -39.781  9.158 0.0000000000
39835  34.249  -39.508  8.849 0.0000000000
39836  32.726  -39.408  8.264 0.0000000000
39841  37.541  -39.419  7.585 0.0000000000
39842  31.772  -39.766  8.002 0.0000000000
39843  30.791  -39.725  7.505 0.0000000000
39853  38.366  -39.062  5.980 0.0000000000
39854  37.988  -39.656  6.684 0.0000000000
39855  29.998  -39.318  7.034 0.0000000000
39856  29.426  -39.749  6.653 0.0000000000
39861  38.579  -39.617  5.228 0.0000000000
39866  39.120  -39.744  3.927 0.0000000000
39867  38.901  -39.288  4.549 0.0000000000
39877  39.500  -39.451  3.371 0.0000000000
40791  37.061  -38.108  8.277 0.0000000000
40792  36.267  -38.256  8.587 0.0000000000
40793  35.447  -38.295  8.628 0.0000000000
40794  34.271  -38.830  8.474 0.0000000000
40795  33.599  -39.094  8.386 0.0000000000
40801  38.085  -37.872  7.069 0.0000000000
40802  37.595  -38.422  7.693 0.0000000000
40803  33.908  -38.320  7.918 0.0000000000
40804  32.202  -38.765  7.666 0.0000000000
40805  31.322  -39.066  7.579 0.0000000000
40815  38.408  -38.208  6.322 0.0000000000
40816  38.031  -38.772  6.931 0.0000000000
40817  33.107  -37.957  7.169 0.0000000000
40818  31.434  -38.227  7.187 0.0000000000
40819  30.612  -38.806  7.249 0.0000000000
40820  29.859  -38.422  6.746 0.0000000000
40825  39.478  -37.918  4.758 0.0000000000
40826  38.983  -38.159  5.221 0.0000000000
40833  39.548  -38.306  4.236 0.0000000000
40834  39.136  -38.563  4.626 0.0000000000
40846  40.253  -38.185  3.447 0.0000000000
40847  39.844  -38.812  3.145 0.0000000000
41838  37.210  -37.264  8.133 0.0000000000
41839  36.602  -37.415  8.387 0.0000000000
41840  35.844  -37.524  8.513 0.0000000000
41841  35.086  -37.565  8.339 0.0000000000
41847  37.651  -37.530  7.725 0.0000000000
41848  34.406  -37.604  7.862 0.0000000000
41849  33.721  -37.641  7.289 0.0000000000
41860  39.121  -37.207  6.047 0.0000000000
41861  38.601  -37.451  6.501 0.0000000000
41862  33.315  -37.403  6.555 0.0000000000
41863  32.064  -37.515  6.586 0.0000000000
41864  31.065  -37.465  6.581 0.0000000000
41865  30.162  -37.519  6.479 0.0000000000
41871  39.962  -37.350  5.037 0.0000000000
41872  39.332  -37.560  5.422 0.0000000000
41873  38.809  -37.800  5.829 0.0000000000
41874  33.151  -37.164  5.786 0.0000000000
41875  32.649  -37.162  5.760 0.0000000000
41876  31.641  -36.905  5.919 0.0000000000
41884  40.856  -37.436  4.095 0.0000000000
41885  40.118  -37.776  4.186 0.0000000000
41903  41.332  -37.440  3.575 0.0000000000
41904  40.651  -37.743  3.665 0.0000000000
42903  36.922  -36.618  8.220 0.0000000000
42904  36.117  -36.722  8.383 0.0000000000
42905  34.835  -36.823  7.978 0.0000000000
42916  39.482  -36.410  6.913 0.0000000000
42917  38.802  -36.380  7.254 0.0000000000
42918  38.280  -36.979  7.211 0.0000000000
42919  37.673  -36.730  7.844 0.0000000000
42920  34.642  -35.991  7.573 0.0000000000
42921  34.203  -36.849  7.298 0.0000000000
42922  33.686  -37.125  6.717 0.0000000000
42932  41.120  -36.316  6.089 0.0000000000
42933  40.202  -36.506  6.394 0.0000000000
42934  39.479  -36.782  6.334 0.0000000000
42935  38.924  -36.819  6.654 0.0000000000
42936  33.848  -36.555  6.503 0.0000000000
42937  33.489  -36.981  5.998 0.0000000000
42941  41.969  -35.951  5.831 0.0000000000
42942  40.535  -36.819  5.517 0.0000000000
42943  39.754  -37.022  5.771 0.0000000000
42944  33.672  -36.367  5.560 0.0000000000
42945  33.321  -36.726  5.157 0.0000000000
42946  33.035  -36.881  5.001 0.0000000000
42961  43.305  -35.939  4.136 0.0000000000
42962  42.778  -36.116  4.532 0.0000000000
42963  41.446  -37.025  4.318 0.0000000000
42964  40.733  -37.168  4.718 0.0000000000
42987  42.065  -36.933  3.808 0.0000000000
43935  40.673  -35.514  8.013 0.0000000000
43936  39.823  -35.582  8.161 0.0000000000
43937  38.969  -35.546  8.198 0.0000000000
43938  37.400  -35.925  8.105 0.0000000000
43939  35.840  -35.126  8.124 0.0000000000
43951  42.259  -35.163  7.208 0.0000000000
43952  41.461  -35.371  7.681 0.0000000000
43953  40.187  -36.000  7.323 0.0000000000
43954  39.313  -35.963  7.567 0.0000000000
43955  38.191  -36.283  7.675 0.0000000000
43956  34.988  -35.137  7.763 0.0000000000
43957  34.298  -35.144  7.067 0.0000000000
43968  41.587  -35.735  6.751 0.0000000000
43969  40.821  -36.089  6.790 0.0000000000
43970  33.915  -35.714  6.296 0.0000000000
43980  43.355  -34.992  5.790 0.0000000000
43981  42.413  -36.073  5.096 0.0000000000
43982  33.877  -35.261  5.116 0.0000000000
43994  43.932  -35.369  4.276 0.0000000000
43995  43.221  -35.559  4.921 0.0000000000
44855  42.157  -34.210  9.221 0.0000000000
44856  41.426  -34.451  9.292 0.0000000000
44857  40.044  -34.577  9.402 0.0000000000
44858  39.099  -34.304  9.440 0.0000000000
44859  38.110  -34.097  9.172 0.0000000000
44868  43.232  -34.109  8.159 0.0000000000
44869  42.499  -34.417  8.497 0.0000000000
44870  41.229  -34.991  8.589 0.0000000000
44871  40.337  -35.129  8.776 0.0000000000
44872  39.445  -35.075  8.867 0.0000000000
44873  38.421  -34.939  8.724 0.0000000000
44874  37.070  -34.614  8.471 0.0000000000
44875  36.312  -34.251  8.305 0.0000000000
44876  35.406  -34.304  7.889 0.0000000000
44891  44.381  -33.949  6.490 0.0000000000
44892  43.658  -34.159  7.203 0.0000000000
44893  42.794  -34.587  7.637 0.0000000000
44894  42.024  -34.886  8.082 0.0000000000
44895  34.680  -34.282  7.382 0.0000000000
44907  43.743  -34.437  6.356 0.0000000000
44908  43.064  -34.769  6.720 0.0000000000
44909  34.224  -34.217  6.677 0.0000000000
44918  43.996  -34.885  5.017 0.0000000000
44919  34.024  -34.157  5.811 0.0000000000
44924  45.402  -33.953  5.047 0.0000000000
44925  44.582  -34.778  4.351 0.0000000000
45808  42.072  -33.211  10.188 0.0000000000
45809  41.257  -33.279  10.272 0.0000000000
45810  40.372  -33.273  10.235 0.0000000000
45817  44.060  -33.012  9.108 0.0000000000
45818  43.197  -33.346  9.416 0.0000000000
45819  42.459  -33.625  9.630 0.0000000000
45820  41.693  -33.843  9.801 0.0000000000
45821  40.774  -34.067  9.825 0.0000000000
45822  39.463  -33.134  10.049 0.0000000000
45823  38.679  -33.430  9.615 0.0000000000
45824  37.779  -33.262  9.228 0.0000000000
45836  44.906  -33.025  8.235 0.0000000000
45837  44.209  -33.426  8.279 0.0000000000
45838  43.592  -33.613  8.670 0.0000000000
45839  42.877  -33.926  8.970 0.0000000000
45840  37.186  -33.866  8.770 0.0000000000
45841  36.464  -33.265  8.466 0.0000000000
45842  35.733  -33.499  8.034 0.0000000000
45853  45.102  -33.347  7.182 0.0000000000
45854  44.419  -33.604  7.410 0.0000000000
45855  43.844  -33.773  7.908 0.0000000000
45856  35.079  -33.551  7.559 0.0000000000
45857  34.557  -33.499  6.981 0.0000000000
45864  46.743  -33.100  6.208 0.0000000000
45865  46.152  -33.242  6.352 0.0000000000
45866  45.627  -33.317  6.692 0.0000000000
45867  45.032  -33.616  6.421 0.0000000000
45868  34.306  -33.574  6.317 0.0000000000
45873  47.157  -33.196  5.623 0.0000000000
45874  46.378  -33.414  5.629 0.0000000000
45875  45.607  -33.592  5.828 0.0000000000
45876  44.871  -33.949  5.737 0.0000000000
45877  34.445  -33.360  5.572 0.0000000000
45883  47.740  -33.395  4.017 0.0000000000
45884  46.807  -33.539  4.756 0.0000000000
45885  46.024  -33.900  4.250 0.0000000000
45886  34.938  -33.241  4.591 0.0000000000
45896  46.865  -33.713  3.728 0.0000000000
46844  42.985  -32.116  10.403 0.0000000000
46845  42.519  -32.597  10.335 0.0000000000
46846  41.728  -32.564  10.504 0.0000000000
46847  40.918  -32.558  10.494 0.0000000000
46848  40.090  -32.467  10.331 0.0000000000
46857  44.758  -32.354  9.179 0.0000000000
46858  43.339  -32.659  9.908 0.0000000000
46859  42.735  -33.118  9.958 0.0000000000
46860  39.360  -32.238  10.033 0.0000000000
46861  38.876  -32.689  9.799 0.0000000000
46862  38.276  -32.603  9.435 0.0000000000
46876  46.165  -32.146  8.340 0.0000000000
46877  45.532  -32.291  8.635 0.0000000000
46878  37.588  -32.442  8.975 0.0000000000
46879  36.821  -32.388  8.406 0.0000000000
46880  35.996  -32.727  8.027 0.0000000000
46889  47.315  -32.165  7.371 0.0000000000
46890  46.663  -32.227  7.849 0.0000000000
46891  45.859  -32.811  7.615 0.0000000000
46892  36.338  -32.055  7.746 0.0000000000
46893  35.655  -32.418  7.432 0.0000000000
46894  35.023  -32.862  7.192 0.0000000000
46900  48.402  -32.308  6.295 0.0000000000
46901  47.481  -32.654  6.472 0.0000000000
46902  46.619  -32.773  6.973 0.0000000000
46903  35.396  -32.271  6.757 0.0000000000
46904  34.727  -32.827  6.380 0.0000000000
46919  48.811  -32.525  5.518 0.0000000000
46920  47.989  -32.868  5.636 0.0000000000
46921  35.890  -32.049  5.435 0.0000000000
46922  35.319  -32.232  6.074 0.0000000000
46938  48.391  -33.004  4.779 0.0000000000
46939  47.612  -33.263  4.980 0.0000000000
46940  37.409  -32.159  3.835 0.0000000000
46941  36.713  -32.036  4.611 0.0000000000
46942  35.772  -32.567  4.585 0.0000000000
47808  43.851  -31.192  10.210 0.0000000000
47809  43.081  -31.479  10.492 0.0000000000
47810  42.282  -31.856  10.636 0.0000000000
47811  41.408  -31.860  10.654 0.0000000000
47812  40.644  -31.822  10.528 0.0000000000
47813  39.900  -31.652  10.283 0.0000000000
47826  45.267  -31.510  9.315 0.0000000000
47827  43.640  -31.920  10.139 0.0000000000
47828  39.256  -31.424  9.845 0.0000000000
47829  38.704  -31.278  9.318 0.0000000000
47830  38.185  -31.848  9.119 0.0000000000
47841  47.259  -31.021  8.231 0.0000000000
47842  46.568  -31.492  8.459 0.0000000000
47843  38.327  -31.180  8.720 0.0000000000
47844  37.651  -31.685  8.482 0.0000000000
47845  37.004  -31.743  7.998 0.0000000000
47849  48.370  -31.194  7.339 0.0000000000
47850  47.692  -31.452  7.650 0.0000000000
47851  47.140  -31.684  7.965 0.0000000000
47852  38.085  -31.034  8.133 0.0000000000
47853  37.625  -31.232  7.745 0.0000000000
47854  36.871  -31.525  7.381 0.0000000000
47855  36.066  -31.799  7.068 0.0000000000
47869  48.734  -31.612  6.734 0.0000000000
47870  48.056  -31.961  7.045 0.0000000000
47871  37.636  -31.074  6.941 0.0000000000
47872  36.807  -31.410  6.596 0.0000000000
47873  35.970  -31.778  6.281 0.0000000000
47888  49.125  -31.942  6.096 0.0000000000
47889  38.323  -30.865  5.594 0.0000000000
47890  37.720  -31.089  6.090 0.0000000000
47891  36.921  -31.506  5.573 0.0000000000
47900  38.699  -31.084  4.823 0.0000000000
47901  37.828  -31.594  4.537 0.0000000000
48698  44.021  -30.519  10.153 0.0000000000
48699  43.185  -30.626  10.498 0.0000000000
48700  42.237  -30.493  10.688 0.0000000000
48701  41.402  -30.467  10.700 0.0000000000
48702  40.590  -30.496  10.576 0.0000000000
48703  39.756  -30.723  10.226 0.0000000000
48716  45.325  -30.597  9.447 0.0000000000
48717  44.609  -30.926  9.822 0.0000000000
48718  39.053  -30.627  9.653 0.0000000000
48719  38.577  -30.574  9.052 0.0000000000
48724  47.333  -30.196  8.295 0.0000000000
48725  46.628  -30.584  8.652 0.0000000000
48726  45.961  -30.169  9.093 0.0000000000
48727  38.313  -30.522  8.328 0.0000000000
48733  49.247  -30.087  7.138 0.0000000000
48734  48.562  -30.406  7.466 0.0000000000
48735  47.890  -30.685  7.826 0.0000000000
48736  38.116  -30.539  7.447 0.0000000000
48750  49.750  -30.639  6.539 0.0000000000
48751  49.042  -30.893  7.017 0.0000000000
48752  38.197  -30.491  6.298 0.0000000000
48762  38.578  -30.508  5.295 0.0000000000
48773  39.135  -30.571  4.385 0.0000000000
49614  43.689  -29.800  10.214 0.0000000000
49615  42.757  -29.734  10.524 0.0000000000
49616  40.886  -29.587  10.647 0.0000000000
49617  39.953  -29.774  10.449 0.0000000000
49618  39.287  -29.050  10.280 0.0000000000
49635  45.331  -29.881  9.393 0.0000000000
49636  44.606  -30.031  9.769 0.0000000000
49637  44.161  -29.145  9.757 0.0000000000
49638  39.218  -29.881  10.038 0.0000000000
49639  38.671  -29.187  9.791 0.0000000000
49652  47.385  -29.352  8.154 0.0000000000
49653  46.578  -29.595  8.604 0.0000000000
49654  45.649  -29.271  9.010 0.0000000000
49655  38.396  -29.926  8.742 0.0000000000
49656  37.876  -29.197  8.493 0.0000000000
49663  49.282  -29.187  7.158 0.0000000000
49664  48.656  -29.573  7.486 0.0000000000
49665  48.014  -29.869  7.871 0.0000000000
49666  38.212  -29.932  7.889 0.0000000000
49667  37.792  -29.321  7.474 0.0000000000
49679  49.880  -29.666  6.753 0.0000000000
49680  38.201  -29.928  6.892 0.0000000000
49681  37.833  -29.263  6.512 0.0000000000
49694  38.369  -29.868  5.828 0.0000000000
49695  37.972  -29.067  5.728 0.0000000000
50601  43.225  -28.834  10.163 0.0000000000
50602  42.257  -28.923  10.502 0.0000000000
50603  40.882  -28.600  10.603 0.0000000000
50604  40.242  -28.026  10.556 0.0000000000
50605  39.425  -28.211  10.417 0.0000000000
50606  38.657  -28.353  10.093 0.0000000000
50616  44.564  -28.495  9.238 0.0000000000
50617  43.837  -28.420  9.627 0.0000000000
50618  42.422  -27.973  10.203 0.0000000000
50619  38.028  -28.550  9.353 0.0000000000
50620  37.630  -27.737  9.146 0.0000000000
50636  46.120  -28.697  8.455 0.0000000000
50637  45.256  -28.346  8.656 0.0000000000
50638  44.521  -27.723  8.676 0.0000000000
50639  37.505  -28.222  8.550 0.0000000000
50652  48.646  -28.799  7.397 0.0000000000
50653  47.341  -28.581  7.835 0.0000000000
50654  46.560  -28.251  7.921 0.0000000000
50655  45.763  -27.928  8.013 0.0000000000
50656  37.365  -28.568  7.069 0.0000000000
50666  49.111  -28.209  7.020 0.0000000000
50667  37.458  -28.405  6.117 0.0000000000
50684  38.432  -29.304  5.086 0.0000000000
50685  37.962  -28.268  5.130 0.0000000000
50700  38.662  -28.752  4.419 0.0000000000
51590  42.114  -26.970  10.103 0.0000000000
51591  41.013  -27.777  10.538 0.0000000000
51592  40.410  -27.219  10.502 0.0000000000
51593  39.629  -26.722  10.462 0.0000000000
51594  38.858  -27.425  10.316 0.0000000000
51600  43.945  -27.787  9.220 0.0000000000
51601  43.398  -27.113  9.218 0.0000000000
51602  42.784  -27.311  9.761 0.0000000000
51603  38.102  -27.654  9.765 0.0000000000
51604  37.639  -27.006  9.366 0.0000000000
51614  45.005  -27.530  8.057 0.0000000000
51615  44.385  -27.055  8.181 0.0000000000
51616  43.993  -27.234  8.737 0.0000000000
51617  37.276  -27.224  8.486 0.0000000000
51632  48.064  -28.141  7.356 0.0000000000
51633  47.062  -27.850  7.413 0.0000000000
51634  46.169  -27.643  7.389 0.0000000000
51635  45.388  -27.342  7.390 0.0000000000
51636  37.089  -27.680  6.737 0.0000000000
51650  48.485  -27.452  6.738 0.0000000000
51651  47.497  -27.381  6.790 0.0000000000
51652  46.537  -27.308  6.765 0.0000000000
51653  45.750  -27.173  6.757 0.0000000000
51654  37.445  -27.403  5.758 0.0000000000
51681  38.632  -27.750  4.264 0.0000000000
52430  42.258  -26.153  9.854 0.0000000000
52431  41.574  -26.276  10.220 0.0000000000
52432  40.656  -26.315  10.428 0.0000000000
52433  39.925  -25.960  10.447 0.0000000000
52434  39.188  -25.995  10.376 0.0000000000
52440  43.297  -26.397  9.142 0.0000000000
52441  42.778  -26.643  9.577 0.0000000000
52442  38.461  -26.065  10.088 0.0000000000
52443  37.846  -26.213  9.546 0.0000000000
52449  44.418  -26.420  7.839 0.0000000000
52450  43.844  -26.558  8.571 0.0000000000
52451  37.391  -26.347  8.870 0.0000000000
52462  45.175  -26.889  6.889 0.0000000000
52463  44.794  -26.926  7.469 0.0000000000
52464  37.153  -26.319  8.035 0.0000000000
52480  47.932  -26.839  6.182 0.0000000000
52481  46.803  -26.867  5.988 0.0000000000
52482  45.524  -26.624  6.268 0.0000000000
52483  37.210  -26.679  6.469 0.0000000000
52494  45.767  -26.175  5.623 0.0000000000
52495  38.125  -27.060  4.849 0.0000000000
52496  37.806  -26.310  5.519 0.0000000000
53286  41.857  -25.691  10.067 0.0000000000
53287  41.243  -25.614  10.293 0.0000000000
53288  40.485  -25.465  10.407 0.0000000000
53289  39.671  -25.321  10.375 0.0000000000
53290  38.857  -25.335  10.162 0.0000000000
53295  42.890  -25.931  9.434 0.0000000000
53296  42.410  -25.444  9.760 0.0000000000
53297  38.170  -25.441  9.651 0.0000000000
53298  37.610  -25.589  9.072 0.0000000000
53304  44.041  -25.929  8.232 0.0000000000
53305  43.543  -25.733  8.881 0.0000000000
53306  37.351  -25.752  8.438 0.0000000000
53314  44.883  -26.301  6.981 0.0000000000
53315  44.491  -25.687  7.678 0.0000000000
53316  37.339  -25.442  7.579 0.0000000000
53331  45.309  -25.831  6.263 0.0000000000
53333  37.595  -25.579  6.362 0.0000000000
53348  45.667  -25.519  5.738 0.0000000000
54174  42.108  -24.256  10.022 0.0000000000
54175  40.313  -24.620  10.358 0.0000000000
54176  39.339  -24.607  10.204 0.0000000000
54177  38.579  -24.664  9.747 0.0000000000
54186  44.045  -24.277  8.957 0.0000000000
54187  43.090  -25.187  9.405 0.0000000000
54188  42.601  -24.668  9.741 0.0000000000
54189  37.902  -24.800  9.155 0.0000000000
54195  44.150  -25.102  8.440 0.0000000000
54196  37.851  -24.143  8.413 0.0000000000
54197  37.543  -25.057  8.443 0.0000000000
54204  45.215  -24.475  7.292 0.0000000000
54205  44.738  -24.783  7.803 0.0000000000
54207  37.732  -24.705  6.846 0.0000000000
54218  45.544  -24.725  6.373 0.0000000000
54233  45.850  -24.992  5.532 0.0000000000
55142  41.965  -23.611  10.106 0.0000000000
55143  41.270  -23.500  10.225 0.0000000000
55144  39.831  -23.219  10.140 0.0000000000
55145  39.031  -23.796  9.893 0.0000000000
55156  43.811  -23.426  9.345 0.0000000000
55164  44.990  -22.917  8.468 0.0000000000
55165  44.516  -23.594  8.729 0.0000000000
55171  45.523  -22.934  7.723 0.0000000000
55172  45.085  -23.822  7.994 0.0000000000
55179  45.887  -23.739  6.372 0.0000000000
55192  46.195  -23.245  5.804 0.0000000000
55193  46.035  -24.192  5.686 0.0000000000
56046  41.709  -22.828  10.108 0.0000000000
56047  41.049  -22.241  10.082 0.0000000000
56048  40.209  -22.413  10.110 0.0000000000
56061  43.956  -22.383  9.316 0.0000000000
56062  43.171  -22.813  9.690 0.0000000000
56063  42.499  -22.368  9.849 0.0000000000
56073  44.635  -22.198  8.793 0.0000000000
56078  45.772  -22.203  7.443 0.0000000000
56087  46.302  -22.218  5.730 0.0000000000
56088  46.008  -22.829  6.748 0.0000000000
56867  41.815  -21.975  9.952 0.0000000000
56868  41.265  -21.592  9.998 0.0000000000
56869  40.488  -21.554  10.092 0.0000000000
56880  43.219  -21.952  9.581 0.0000000000
56881  42.491  -21.572  9.714 0.0000000000
56882  41.808  -21.216  9.841 0.0000000000
56893  45.078  -21.320  8.256 0.0000000000
56894  44.454  -21.450  8.767 0.0000000000
56895  43.839  -21.591  9.234 0.0000000000
56904  45.634  -21.442  7.577 0.0000000000
56913  46.121  -21.737  6.742 0.0000000000
56921  46.228  -21.477  4.959 0.0000000000
56922  46.210  -21.159  5.827 0.0000000000
57659  41.108  -20.941  10.030 0.0000000000
57660  40.427  -20.777  10.144 0.0000000000
57672  43.123  -21.051  9.414 0.0000000000
57673  42.362  -20.891  9.611 0.0000000000
57674  41.722  -20.343  9.750 0.0000000000
57675  40.811  -20.193  10.063 0.0000000000
57685  44.530  -20.592  8.363 0.0000000000
57686  43.868  -20.852  8.952 0.0000000000
57697  45.280  -20.638  7.703 0.0000000000
57710  45.886  -20.728  6.814 0.0000000000
57716  45.934  -20.579  4.917 0.0000000000
58454  43.270  -20.282  9.027 0.0000000000
58455  42.114  -19.437  9.439 0.0000000000
58456  41.209  -19.475  9.856 0.0000000000
58466  44.167  -19.757  8.139 0.0000000000
58467  43.375  -19.530  8.577 0.0000000000
58468  42.681  -19.055  8.913 0.0000000000
58476  45.360  -19.909  7.073 0.0000000000
58477  44.572  -19.384  7.426 0.0000000000
58478  43.740  -18.909  7.833 0.0000000000
58490  45.514  -19.682  6.164 0.0000000000
58491  44.970  -19.139  6.591 0.0000000000
58501  45.541  -19.770  5.163 0.0000000000
58502  45.124  -19.062  5.566 0.0000000000
59299  41.956  -18.041  9.287 0.0000000000
59315  43.189  -18.114  8.035 0.0000000000
59316  42.551  -18.170  8.735 0.0000000000
59325  44.285  -18.616  6.994 0.0000000000
59326  43.635  -18.114  7.297 0.0000000000
59336  44.570  -18.454  6.061 0.0000000000
59337  43.947  -17.968  6.502 0.0000000000
59347  44.541  -18.490  5.036 0.0000000000
59348  44.027  -17.861  5.540 0.0000000000
60183  43.234  -17.449  7.499 0.0000000000
60184  42.758  -17.361  8.250 0.0000000000
60196  43.285  -16.898  6.790 0.0000000000
60204  43.577  -17.356  6.121 0.0000000000
61114  43.004  -16.739  7.683 0.0000000000
114572  34.919  -38.970  8.790 0.0000000000
114605  45.253  -34.319  4.325 0.0000000000
114621  44.183  -34.414  5.725 0.0000000000
114766  46.004  -33.669  5.089 0.0000000000
114874  32.300  -42.321  3.476 0.0000000000
114905  38.729  -31.449  4.020 0.0000000000
114916  45.576  -23.748  7.121 0.0000000000
115153  41.466  -18.594  9.616 0.0000000000
115638  31.829  -45.235  2.924 0.0000000000
115791  29.875  -40.879  6.563 0.0000000000
115805  43.843  -20.206  8.614 0.0000000000
115913  31.776  -42.543  6.287 0.0000000000
116387  42.720  -36.438  3.964 0.0000000000
116510  37.147  -26.184  7.180 0.0000000000
116549  34.298  -34.082  4.776 0.0000000000
116563  35.015  -49.176  2.186 0.0000000000
116709  39.350  -38.921  3.916 0.0000000000
116908  43.108  -18.758  8.416 0.0000000000
116949  40.268  -48.503  1.222 0.0000000000
117046  35.070  -32.627  5.441 0.0000000000
117069  46.083  -26.620  5.637 0.0000000000
117224  37.712  -43.908  6.634 0.0000000000
117246  41.487  -36.564  5.156 0.0000000000
117383  38.755  -40.993  4.694 0.0000000000
117571  42.817  -23.740  9.789 0.0000000000
117575  39.509  -42.122  3.560 0.0000000000
117673  30.605  -53.762  6.161 0.0000000000
117930  45.022  -25.327  7.049 0.0000000000
117975  37.562  -35.170  8.379 0.0000000000
118264  31.731  -42.423  4.603 0.0000000000
118359  37.668  -40.190  7.165 0.0000000000
118456  37.179  -38.901  8.176 0.0000000000
118495  42.569  -20.295  9.380 0.0000000000
118749  35.671  -40.127  9.100 0.0000000000
118801  35.772  -39.167  8.882 0.0000000000
118865  49.318  -31.331  6.481 0.0000000000
118886  41.797  -24.989  10.092 0.0000000000
119128  41.626  -28.307  10.503 0.0000000000
119564  42.501  -35.390  6.314 0.0000000000
119661  38.332  -24.004  9.249 0.0000000000
119760  39.344  -54.371  5.623 0.0000000000
120166  44.382  -31.694  9.747 0.0000000000
120241  43.538  -17.550  6.861 0.0000000000
120250  30.339  -47.228  4.800 0.0000000000
120274  32.001  -51.458  9.149 0.0000000000
120430  36.729  -35.152  8.278 0.0000000000
120530  34.410  -44.811  5.143 0.0000000000
120585  30.974  -42.386  4.860 0.0000000000
120587  33.810  -49.201  6.537 0.0000000000
120814  42.173  -54.858  4.112 0.0000000000
121024  45.300  -22.099  8.193 0.0000000000
121062  39.620  -43.086  3.568 0.0000000000
121145  44.056  -32.337  9.638 0.0000000000
121234  35.430  -32.979  7.691 0.0000000000
121315  49.897  -28.731  6.790 0.0000000000
121554  34.185  -36.035  7.002 0.0000000000
121576  31.184  -53.334  8.827 0.0000000000
121589  33.112  -38.564  7.771 0.0000000000
121743  38.644  -38.401  5.688 0.0000000000
121844  29.409  -51.573  3.390 0.0000000000
121887  41.802  -31.176  10.727 0.0000000000
121910  37.036  -27.001  7.457 0.0000000000
121965  42.156  -36.536  4.489 0.0000000000
122005  33.963  -34.854  6.236 0.0000000000
122035  36.260  -49.041  1.162 0.0000000000
122054  41.300  -24.250  10.247 0.0000000000
122116  36.523  -54.786  7.379 0.0000000000
122135  40.954  -35.770  7.330 0.0000000000
122544  29.368  -50.676  4.911 0.0000000000
122567  29.373  -49.984  3.468 0.0000000000
122665  42.101  -55.706  3.866 0.0000000000
122857  42.495  -31.136  10.657 0.0000000000
122952  39.310  -43.947  4.223 0.0000000000
122972  35.452  -36.934  8.294 0.0000000000
123034  40.312  -43.003  2.198 0.0000000000
123109  44.722  -34.369  5.042 0.0000000000
123118  29.345  -49.955  4.491 0.0000000000
123123  39.786  -38.392  3.767 0.0000000000
123339  37.991  -31.206  5.365 0.0000000000
123341  35.420  -46.129  5.870 0.0000000000
123403  30.367  -53.205  6.863 0.0000000000
123535  44.428  -22.893  8.992 0.0000000000
123605  37.169  -27.908  7.722 0.0000000000
123817  41.058  -31.176  10.676 0.0000000000
123964  48.043  -29.021  7.740 0.0000000000
123990  38.192  -35.660  8.115 0.0000000000
124020  39.684  -27.522  10.487 0.0000000000
124092  42.462  -23.070  9.951 0.0000000000
124099  36.601  -38.972  8.523 0.0000000000
124168  29.502  -49.178  2.950 0.0000000000
124195  38.200  -26.830  10.001 0.0000000000
124235  30.070  -40.210  7.020 0.0000000000
124316  39.831  -33.893  9.862 0.0000000000
125029  41.840  -29.724  10.676 0.0000000000
125059  35.710  -46.619  0.888 0.0000000000
125192  33.334  -42.378  8.863 0.0000000000
125241  40.549  -23.768  10.282 0.0000000000
125262  41.487  -29.030  10.613 0.0000000000
125379  41.192  -53.713  4.686 0.0000000000
125429  30.603  -38.086  6.883 0.0000000000
125498  38.733  -38.837  5.189 0.0000000000
125806  37.586  -41.002  7.151 0.0000000000
125942  35.951  -54.975  7.756 0.0000000000
126091  40.094  -28.887  10.545 0.0000000000
126094  39.791  -23.996  10.234 0.0000000000
126169  46.037  -27.014  6.173 0.0000000000
126386  41.242  -27.009  10.387 0.0000000000
126514  30.537  -53.112  7.661 0.0000000000
126519  35.580  -50.549  4.286 0.0000000000
126540  35.971  -45.473  0.847 0.0000000000
126712  38.757  -32.008  9.597 0.0000000000
126773  37.486  -28.655  7.889 0.0000000000
126852  38.842  -30.035  4.935 0.0000000000
127154  36.394  -35.884  8.240 0.0000000000
127356  38.879  -29.515  4.512 0.0000000000
127410  32.822  -53.457  9.497 0.0000000000
127481  35.859  -50.071  0.895 0.0000000000
127507  40.775  -23.004  10.206 0.0000000000
127548  32.864  -37.559  6.472 0.0000000000
127981  38.420  -45.040  5.364 0.0000000000
128049  38.723  -54.764  5.767 0.0000000000
128056  30.343  -49.879  7.365 0.0000000000
128152  35.939  -49.020  1.007 0.0000000000
128163  30.788  -53.048  8.314 0.0000000000
128250  43.312  -16.806  5.925 0.0000000000
128332  38.726  -29.927  9.426 0.0000000000
128401  29.409  -49.902  5.398 0.0000000000
128406  38.811  -26.610  10.312 0.0000000000
128434  46.351  -22.864  5.193 0.0000000000
129219  29.929  -49.700  6.806 0.0000000000
129226  36.740  -51.351  7.141 0.0000000000
129252  29.606  -49.822  6.223 0.0000000000
129290  34.658  -49.534  3.886 0.0000000000
129324  34.668  -38.266  8.369 0.0000000000
129441  34.554  -49.062  3.207 0.0000000000
129574  43.263  -27.891  9.714 0.0000000000
129680  38.468  -52.660  6.584 0.0000000000
129700  34.804  -49.755  5.405 0.0000000000
129762  36.410  -46.767  2.081 0.0000000000
129793  41.872  -34.627  8.776 0.0000000000
130157  45.898  -20.327  5.878 0.0000000000
130566  38.275  -39.992  5.902 0.0000000000
130606  36.437  -50.968  6.811 0.0000000000
130609  44.887  -21.764  8.526 0.0000000000
130776  35.460  -42.139  9.053 0.0000000000
130794  30.261  -41.399  6.434 0.0000000000
130798  37.588  -24.637  7.720 0.0000000000
130851  44.525  -24.300  8.409 0.0000000000
130944  43.366  -24.365  9.411 0.0000000000
131073  40.862  -53.065  4.861 0.0000000000
131271  30.928  -54.421  5.766 0.0000000000
131565  41.684  -27.593  10.371 0.0000000000
131610  34.601  -50.542  8.012 0.0000000000
131726  32.754  -55.608  9.356 0.0000000000
131757  32.412  -38.024  7.157 0.0000000000
131964  42.180  -18.649  9.246 0.0000000000
132016  44.935  -29.283  9.412 0.0000000000
132156  42.805  -19.727  9.076 0.0000000000
132229  35.419  -36.068  8.121 0.0000000000
132428  37.095  -33.021  8.869 0.0000000000
132481  41.045  -52.049  3.182 0.0000000000
132559  41.036  -24.983  10.329 0.0000000000
132564  40.411  -31.180  10.483 0.0000000000
132761  42.701  -35.587  5.580 0.0000000000
132790  38.303  -29.373  9.209 0.0000000000
132833  44.806  -20.040  7.773 0.0000000000
132862  49.266  -27.462  6.588 0.0000000000
132979  40.503  -47.941  0.541 0.0000000000
133117  39.478  -43.548  3.892 0.0000000000
133250  34.154  -52.309  9.217 0.0000000000
133318  37.395  -51.413  4.000 0.0000000000
133502  29.763  -52.666  4.504 0.0000000000
133636  34.336  -49.603  6.640 0.0000000000
134061  33.462  -48.075  4.901 0.0000000000
134373  38.241  -42.691  5.973 0.0000000000
134392  29.396  -39.047  6.670 0.0000000000
134473  33.393  -40.064  8.840 0.0000000000
134479  37.659  -34.551  8.703 0.0000000000
134830  40.767  -34.684  9.228 0.0000000000
134952  44.252  -21.898  9.080 0.0000000000
135042  45.138  -28.845  9.132 0.0000000000
135119  43.642  -24.930  9.038 0.0000000000
135207  46.827  -28.880  8.253 0.0000000000
135329  44.727  -33.613  6.837 0.0000000000
135379  34.222  -44.261  4.755 0.0000000000
135650  45.702  -20.160  6.512 0.0000000000
135891  38.697  -51.467  5.034 0.0000000000
135898  32.725  -38.327  7.441 0.0000000000
135923  39.276  -33.713  9.763 0.0000000000
136312  39.421  -42.690  3.933 0.0000000000
136571  45.921  -31.677  8.785 0.0000000000
136861  30.847  -50.864  8.283 0.0000000000
136888  37.217  -41.051  7.756 0.0000000000
136936  45.996  -31.011  9.048 0.0000000000
137041  46.060  -33.079  6.894 0.0000000000
137243  38.681  -35.947  7.720 0.0000000000
137264  43.323  -53.530  2.296 0.0000000000
137467  29.713  -41.348  6.164 0.0000000000
137672  38.257  -40.710  5.866 0.0000000000
137901  33.480  -38.127  7.509 0.0000000000
