#!ascii label , from subject sub-04 vox2ras=TkReg lh ROI=PON coords=white drawn-with=delineation-helper-0.1.0
150
12133  -30.200  -69.725  6.579 0.0000000000
12920  -33.368  -68.366  0.686 0.0000000000
12921  -34.091  -68.000  0.558 0.0000000000
12926  -33.019  -68.687  -0.161 0.0000000000
12927  -33.834  -68.177  -0.095 0.0000000000
12936  -33.247  -68.326  -0.814 0.0000000000
12937  -33.842  -67.933  -0.421 0.0000000000
13607  -34.246  -67.352  1.760 0.0000000000
13622  -33.731  -67.913  1.347 0.0000000000
13623  -34.518  -67.599  0.950 0.0000000000
13624  -34.956  -67.125  0.759 0.0000000000
13636  -29.159  -67.374  -0.173 0.0000000000
13637  -30.231  -67.385  -0.191 0.0000000000
13638  -32.707  -67.414  -0.845 0.0000000000
13639  -33.505  -67.410  -0.506 0.0000000000
13640  -34.269  -67.632  0.217 0.0000000000
13653  -29.749  -67.567  -0.976 0.0000000000
13654  -30.852  -67.542  -1.171 0.0000000000
13655  -32.015  -67.642  -1.472 0.0000000000
13656  -33.380  -67.903  -0.882 0.0000000000
13666  -32.771  -68.291  -1.437 0.0000000000
14326  -34.431  -65.942  2.542 0.0000000000
14334  -21.993  -66.374  2.288 0.0000000000
14335  -22.768  -66.717  2.147 0.0000000000
14336  -23.683  -66.132  2.340 0.0000000000
14337  -33.820  -66.790  2.455 0.0000000000
14338  -34.896  -66.770  1.913 0.0000000000
14339  -35.456  -66.187  1.816 0.0000000000
14346  -21.197  -66.394  1.982 0.0000000000
14350  -25.553  -66.320  1.076 0.0000000000
14351  -27.018  -66.317  0.827 0.0000000000
14352  -28.018  -66.406  1.153 0.0000000000
14353  -29.118  -66.359  1.287 0.0000000000
14354  -30.202  -66.483  1.041 0.0000000000
14355  -31.377  -66.439  0.752 0.0000000000
14356  -34.934  -67.137  1.313 0.0000000000
14357  -35.440  -66.574  1.222 0.0000000000
14367  -25.386  -66.761  0.119 0.0000000000
14368  -26.151  -66.419  0.433 0.0000000000
14369  -27.577  -66.704  0.235 0.0000000000
14370  -28.597  -66.912  0.545 0.0000000000
14371  -29.667  -67.005  0.600 0.0000000000
14372  -30.742  -67.005  0.428 0.0000000000
14373  -32.811  -66.714  0.074 0.0000000000
14374  -34.036  -66.940  -0.088 0.0000000000
14375  -34.595  -67.056  0.312 0.0000000000
14385  -28.096  -67.095  -0.459 0.0000000000
14386  -33.941  -67.551  -0.266 0.0000000000
15084  -23.621  -64.619  3.077 0.0000000000
15091  -21.987  -65.291  2.470 0.0000000000
15092  -23.465  -65.340  2.782 0.0000000000
15093  -24.312  -65.256  2.888 0.0000000000
15094  -25.223  -65.331  2.691 0.0000000000
15095  -26.060  -65.287  2.459 0.0000000000
15096  -26.928  -65.245  2.342 0.0000000000
15097  -27.792  -65.150  2.235 0.0000000000
15098  -35.603  -65.526  2.005 0.0000000000
15106  -21.115  -65.409  1.925 0.0000000000
15107  -24.688  -65.921  2.221 0.0000000000
15108  -25.517  -65.849  1.926 0.0000000000
15109  -26.377  -65.894  1.512 0.0000000000
15110  -27.395  -65.802  1.651 0.0000000000
15111  -28.329  -65.734  1.727 0.0000000000
15112  -29.218  -65.291  1.737 0.0000000000
15113  -30.117  -65.049  1.505 0.0000000000
15114  -31.590  -65.689  1.107 0.0000000000
15115  -32.574  -65.504  0.902 0.0000000000
15116  -33.898  -65.320  0.742 0.0000000000
15117  -35.782  -65.826  1.382 0.0000000000
15122  -32.295  -66.112  0.738 0.0000000000
15123  -33.422  -66.140  0.484 0.0000000000
15124  -34.800  -66.373  0.539 0.0000000000
15125  -35.613  -66.130  0.967 0.0000000000
15776  -23.791  -63.807  3.226 0.0000000000
15777  -24.408  -64.391  3.297 0.0000000000
15778  -25.173  -64.146  3.420 0.0000000000
15779  -25.999  -63.874  3.380 0.0000000000
15782  -33.735  -64.970  2.975 0.0000000000
15787  -21.538  -64.537  1.966 0.0000000000
15788  -22.278  -64.353  2.465 0.0000000000
15789  -23.007  -64.062  2.893 0.0000000000
15790  -24.958  -64.784  3.187 0.0000000000
15791  -25.666  -64.684  3.133 0.0000000000
15792  -26.520  -64.533  2.975 0.0000000000
15793  -27.372  -64.394  2.673 0.0000000000
15794  -28.181  -64.371  2.331 0.0000000000
15795  -34.831  -65.089  2.498 0.0000000000
15800  -20.880  -64.632  1.088 0.0000000000
15801  -28.898  -64.402  1.989 0.0000000000
15802  -29.621  -64.314  1.645 0.0000000000
15803  -30.384  -64.143  1.313 0.0000000000
15804  -31.854  -64.803  1.101 0.0000000000
15805  -32.742  -64.750  0.916 0.0000000000
15806  -35.813  -65.274  1.208 0.0000000000
15811  -32.238  -64.018  0.833 0.0000000000
15812  -33.486  -64.176  0.707 0.0000000000
15813  -34.805  -64.675  0.699 0.0000000000
16518  -24.588  -63.599  3.373 0.0000000000
16519  -25.394  -63.306  3.405 0.0000000000
16524  -22.545  -63.544  2.159 0.0000000000
16525  -23.330  -63.256  2.606 0.0000000000
16526  -24.099  -63.017  3.044 0.0000000000
16527  -26.873  -63.592  3.138 0.0000000000
16528  -27.821  -63.388  2.583 0.0000000000
16529  -28.552  -63.737  2.171 0.0000000000
16533  -21.445  -63.896  0.979 0.0000000000
16534  -22.162  -63.231  0.892 0.0000000000
16535  -23.031  -62.751  1.388 0.0000000000
16536  -29.143  -63.594  1.778 0.0000000000
16537  -29.835  -63.484  1.359 0.0000000000
16538  -30.497  -63.350  0.974 0.0000000000
16539  -31.222  -63.910  0.976 0.0000000000
16550  -31.028  -63.093  0.626 0.0000000000
17291  -24.798  -62.874  3.223 0.0000000000
17292  -25.510  -62.334  2.938 0.0000000000
17293  -26.251  -62.956  3.321 0.0000000000
17301  -23.823  -62.564  2.142 0.0000000000
17302  -24.618  -62.393  2.570 0.0000000000
17303  -27.768  -62.255  2.244 0.0000000000
17304  -28.559  -62.912  2.033 0.0000000000
17314  -22.636  -62.549  0.196 0.0000000000
17315  -23.248  -61.996  0.094 0.0000000000
17316  -24.408  -61.995  1.473 0.0000000000
17317  -28.478  -62.003  1.564 0.0000000000
17318  -29.293  -62.678  1.373 0.0000000000
18121  -25.215  -61.746  1.958 0.0000000000
18122  -26.103  -61.629  2.204 0.0000000000
18123  -26.954  -61.776  2.295 0.0000000000
98019  -22.791  -65.784  2.557 0.0000000000
98440  -24.762  -66.775  0.835 0.0000000000
98766  -35.413  -65.478  0.822 0.0000000000
99781  -27.051  -62.624  2.892 0.0000000000
99840  -24.973  -66.278  1.552 0.0000000000
102738  -30.965  -64.912  1.288 0.0000000000
103265  -31.400  -67.306  -0.496 0.0000000000
106305  -22.849  -64.890  2.781 0.0000000000
106932  -20.625  -66.084  1.584 0.0000000000
108336  -28.510  -65.030  2.078 0.0000000000
109531  -26.399  -62.225  2.833 0.0000000000
109541  -26.677  -66.616  -0.178 0.0000000000
109820  -30.667  -65.831  1.298 0.0000000000
109959  -29.849  -65.875  1.445 0.0000000000
111358  -30.071  -70.222  6.075 0.0000000000
112162  -31.785  -66.980  0.082 0.0000000000
112366  -32.736  -67.896  -1.413 0.0000000000
112991  -29.997  -62.865  1.018 0.0000000000
113264  -21.928  -63.885  1.841 0.0000000000
113894  -35.227  -66.704  0.739 0.0000000000
116037  -21.588  -65.840  2.253 0.0000000000
116328  -23.740  -62.211  1.057 0.0000000000
