#!ascii label , from subject sub-06 vox2ras=TkReg lh ROI=mFus-words coords=white drawn-with=delineation-helper-0.1.0
56
37371  -38.227  -35.519  8.004 0.0000000000
37387  -38.613  -35.736  6.425 0.0000000000
37392  -38.753  -35.597  5.471 0.0000000000
38281  -34.808  -34.097  9.210 0.0000000000
38282  -35.642  -34.197  9.494 0.0000000000
38283  -36.486  -34.337  9.496 0.0000000000
38284  -37.267  -34.426  9.289 0.0000000000
38296  -34.103  -34.128  8.493 0.0000000000
38297  -37.928  -34.699  8.721 0.0000000000
38298  -38.460  -34.604  7.920 0.0000000000
38306  -38.696  -34.465  7.164 0.0000000000
38314  -38.810  -34.830  6.262 0.0000000000
38319  -38.998  -34.795  5.185 0.0000000000
38320  -39.271  -34.070  4.855 0.0000000000
39154  -35.462  -33.397  9.230 0.0000000000
39155  -36.184  -33.742  9.450 0.0000000000
39156  -36.929  -33.717  9.351 0.0000000000
39170  -37.810  -33.706  8.967 0.0000000000
39171  -38.452  -33.187  8.362 0.0000000000
39180  -33.627  -33.165  7.412 0.0000000000
39181  -38.683  -33.778  7.671 0.0000000000
39192  -38.912  -33.962  6.698 0.0000000000
39193  -39.292  -32.812  6.153 0.0000000000
39197  -39.083  -34.094  5.756 0.0000000000
39205  -39.480  -33.320  4.433 0.0000000000
39998  -36.368  -33.133  9.282 0.0000000000
39999  -37.239  -33.000  9.145 0.0000000000
40011  -35.062  -32.711  8.701 0.0000000000
40012  -35.817  -32.708  9.090 0.0000000000
40013  -36.583  -32.320  9.021 0.0000000000
40014  -37.547  -32.271  8.866 0.0000000000
40015  -38.311  -32.344  8.544 0.0000000000
40022  -33.875  -32.294  7.416 0.0000000000
40023  -38.884  -32.453  7.888 0.0000000000
40035  -39.033  -33.123  7.092 0.0000000000
40036  -39.266  -32.224  6.974 0.0000000000
40895  -34.756  -31.960  8.109 0.0000000000
40896  -35.603  -31.412  8.440 0.0000000000
40897  -37.093  -31.457  8.792 0.0000000000
40898  -37.978  -31.594  8.680 0.0000000000
40899  -38.662  -31.623  8.278 0.0000000000
40909  -39.130  -31.532  7.646 0.0000000000
41819  -38.329  -30.959  8.478 0.0000000000
41829  -38.917  -30.858  8.092 0.0000000000
113507  -34.282  -32.841  8.033 0.0000000000
118430  -38.320  -33.993  8.389 0.0000000000
119147  -35.664  -32.105  8.751 0.0000000000
120138  -36.335  -30.994  8.594 0.0000000000
122089  -37.941  -32.906  8.845 0.0000000000
122855  -38.568  -35.168  7.183 0.0000000000
123554  -36.270  -31.658  8.753 0.0000000000
124251  -39.134  -33.481  6.221 0.0000000000
125005  -37.699  -30.958  8.656 0.0000000000
132212  -38.781  -33.129  7.796 0.0000000000
133499  -38.452  -35.866  7.186 0.0000000000
133673  -33.963  -33.535  8.016 0.0000000000
