#!ascii label , from subject sub-04 vox2ras=TkReg lh ROI=pOTS-words coords=white drawn-with=delineation-helper-0.1.0
107
27682  -37.254  -49.680  7.114 0.0000000000
27693  -37.699  -49.469  6.476 0.0000000000
27706  -37.981  -48.863  5.957 0.0000000000
27723  -31.946  -49.356  4.137 0.0000000000
28424  -37.384  -48.791  6.692 0.0000000000
28433  -37.005  -48.107  6.911 0.0000000000
28445  -31.449  -48.250  5.749 0.0000000000
28461  -31.581  -48.382  3.598 0.0000000000
29195  -36.477  -47.721  7.431 0.0000000000
29203  -31.379  -47.245  6.793 0.0000000000
29204  -36.812  -47.340  6.743 0.0000000000
29205  -37.485  -47.869  6.186 0.0000000000
29217  -31.343  -47.376  5.911 0.0000000000
29218  -38.197  -47.979  5.337 0.0000000000
29226  -31.177  -46.466  4.076 0.0000000000
29227  -38.124  -47.246  4.898 0.0000000000
29988  -31.703  -46.630  8.182 0.0000000000
30001  -31.554  -46.410  7.208 0.0000000000
30003  -35.540  -46.458  7.812 0.0000000000
30004  -36.233  -46.867  7.311 0.0000000000
30019  -31.371  -46.556  6.248 0.0000000000
30020  -35.897  -46.081  7.107 0.0000000000
30021  -36.544  -46.512  6.580 0.0000000000
30022  -37.189  -46.910  6.102 0.0000000000
30035  -31.378  -45.802  5.623 0.0000000000
30036  -36.863  -46.175  5.851 0.0000000000
30037  -37.357  -46.546  5.465 0.0000000000
30047  -31.335  -45.525  3.992 0.0000000000
30048  -37.725  -46.581  4.796 0.0000000000
30049  -38.301  -46.910  4.249 0.0000000000
30811  -31.959  -45.879  7.826 0.0000000000
30827  -31.800  -45.610  6.985 0.0000000000
30828  -32.363  -45.298  7.381 0.0000000000
30829  -32.956  -45.077  7.550 0.0000000000
30830  -35.144  -45.716  7.601 0.0000000000
30846  -31.665  -45.317  6.176 0.0000000000
30847  -32.087  -44.928  6.617 0.0000000000
30848  -34.578  -45.020  7.212 0.0000000000
30849  -35.471  -45.358  6.792 0.0000000000
30850  -36.216  -45.751  6.327 0.0000000000
30864  -31.451  -45.165  4.633 0.0000000000
30865  -35.771  -45.050  5.931 0.0000000000
30866  -36.471  -45.476  5.481 0.0000000000
30867  -37.172  -45.931  5.017 0.0000000000
30881  -36.646  -45.203  4.591 0.0000000000
30882  -37.261  -45.605  4.193 0.0000000000
30900  -37.404  -45.364  3.281 0.0000000000
30913  -37.556  -44.995  2.177 0.0000000000
30920  -37.753  -44.576  0.941 0.0000000000
30921  -38.389  -45.200  0.651 0.0000000000
30922  -38.977  -45.557  0.193 0.0000000000
30925  -38.597  -44.559  -0.231 0.0000000000
30926  -39.309  -45.258  -0.321 0.0000000000
31684  -32.735  -44.742  6.983 0.0000000000
31685  -33.310  -44.780  7.229 0.0000000000
31686  -33.846  -44.697  7.105 0.0000000000
31698  -31.902  -44.585  5.705 0.0000000000
31699  -32.525  -44.345  6.162 0.0000000000
31700  -33.352  -44.328  6.541 0.0000000000
31701  -34.215  -44.405  6.495 0.0000000000
31702  -35.025  -44.661  6.332 0.0000000000
31711  -34.532  -44.034  5.698 0.0000000000
31712  -35.280  -44.345  5.434 0.0000000000
31713  -35.994  -44.736  5.031 0.0000000000
31720  -35.506  -43.946  4.501 0.0000000000
31721  -36.183  -44.383  4.085 0.0000000000
31722  -36.799  -44.857  3.659 0.0000000000
31736  -36.389  -43.906  3.048 0.0000000000
31737  -36.974  -44.447  2.606 0.0000000000
31744  -36.584  -43.285  1.799 0.0000000000
31745  -37.178  -43.925  1.336 0.0000000000
31749  -37.534  -43.363  -0.030 0.0000000000
31750  -37.985  -44.252  -0.054 0.0000000000
31754  -38.083  -43.560  -0.409 0.0000000000
32480  -32.992  -43.725  5.678 0.0000000000
32481  -33.780  -43.812  5.797 0.0000000000
32513  -32.331  -41.773  1.867 0.0000000000
32536  -32.021  -42.122  1.216 0.0000000000
32538  -35.417  -42.008  2.692 0.0000000000
32539  -36.034  -42.619  2.264 0.0000000000
32552  -36.306  -41.777  0.835 0.0000000000
32553  -36.887  -42.633  0.439 0.0000000000
32565  -36.743  -41.710  0.180 0.0000000000
33346  -33.105  -41.319  2.543 0.0000000000
33347  -33.533  -40.591  2.363 0.0000000000
33360  -32.590  -41.167  2.118 0.0000000000
33362  -34.477  -40.100  1.728 0.0000000000
33363  -35.155  -40.443  1.564 0.0000000000
33364  -35.685  -41.178  1.238 0.0000000000
33373  -36.021  -40.855  0.660 0.0000000000
34182  -33.966  -40.031  1.905 0.0000000000
98145  -31.282  -47.446  3.710 0.0000000000
98934  -37.688  -47.189  5.475 0.0000000000
99525  -31.311  -47.572  4.870 0.0000000000
101118  -38.830  -45.794  0.790 0.0000000000
102615  -31.584  -45.015  5.380 0.0000000000
102979  -31.575  -48.644  4.831 0.0000000000
106196  -37.838  -46.153  3.929 0.0000000000
109316  -31.511  -45.924  6.487 0.0000000000
110806  -32.829  -45.576  8.155 0.0000000000
111362  -31.382  -47.932  6.440 0.0000000000
112232  -33.674  -45.178  7.723 0.0000000000
112441  -34.411  -45.533  7.934 0.0000000000
112895  -31.246  -46.642  5.289 0.0000000000
113254  -31.237  -45.952  4.768 0.0000000000
114872  -31.414  -48.032  4.288 0.0000000000
114995  -37.508  -46.080  4.490 0.0000000000
