# sub-02 hemi-L CSvsAllNotext_scaled Cluster_4
28
6465 -23.015000 -77.080000 -2.627000 1
6482 -22.609000 -77.763000 -2.883000 1
7176 -22.249000 -77.124000 -2.981000 1
7177 -23.395000 -76.322000 -2.859000 1
7924 -22.974000 -75.938000 -3.541000 1
7941 -22.479000 -75.670000 -4.348000 1
7942 -23.422000 -75.510000 -4.307000 1
7943 -24.355000 -75.284000 -4.319000 1
7961 -22.460000 -75.461000 -5.215000 1
7962 -23.140000 -75.440000 -5.135000 1
7963 -24.597000 -75.321000 -5.283000 1
7964 -25.229000 -75.264000 -5.877000 1
7982 -21.438000 -75.359000 -6.240000 1
7983 -23.711000 -75.557000 -6.414000 1
7984 -24.252000 -75.688000 -7.171000 1
8004 -22.814000 -75.656000 -7.792000 1
8005 -23.609000 -75.831000 -8.128000 1
96455 -25.034000 -75.164000 -4.941000 1
97861 -24.342000 -75.482000 -6.062000 1
98333 -21.999000 -75.406000 -5.748000 1
98360 -21.732000 -75.608000 -4.882000 1
98520 -22.948000 -75.462000 -6.023000 1
100822 -23.913000 -75.399000 -5.151000 1
102166 -23.295000 -75.611000 -7.046000 1
102167 -22.281000 -75.459000 -6.830000 1
104497 -21.982000 -75.472000 -8.011000 1
107267 -22.735000 -76.549000 -3.024000 1
108844 -23.623000 -75.473000 -5.768000 1
