# sub-02 hemi-R LimbsvsAllnoLimbs_scaled Cluster_29
78
23361 37.926000 -53.510000 9.228000 1
24167 36.875000 -52.000000 10.063000 1
24168 36.258000 -52.666000 10.321000 1
24183 39.228000 -52.039000 9.181000 1
24184 38.460000 -52.778000 9.117000 1
24185 37.578000 -52.597000 9.556000 1
24186 36.807000 -52.809000 9.871000 1
24206 40.023000 -52.558000 8.775000 1
24207 39.170000 -52.885000 8.790000 1
25068 37.280000 -51.127000 10.230000 1
25069 36.619000 -51.357000 10.512000 1
25070 36.048000 -51.122000 11.032000 1
25091 38.647000 -51.359000 9.605000 1
25092 37.761000 -51.646000 9.764000 1
25999 36.355000 -50.185000 11.307000 1
26000 35.615000 -50.554000 11.725000 1
26013 37.564000 -50.323000 10.422000 1
26014 36.804000 -50.643000 10.699000 1
26033 38.087000 -50.820000 9.987000 1
26941 37.276000 -49.189000 10.992000 1
26942 36.651000 -49.246000 11.532000 1
26943 35.888000 -49.688000 11.972000 1
26957 37.738000 -49.540000 10.549000 1
26958 37.065000 -49.838000 10.892000 1
27845 37.114000 -48.558000 11.250000 1
27846 36.537000 -48.274000 11.992000 1
27858 37.660000 -48.818000 10.674000 1
28767 37.049000 -47.642000 11.394000 1
28768 36.661000 -47.425000 12.154000 1
28777 37.556000 -47.391000 10.558000 1
28788 38.096000 -47.487000 9.817000 1
29645 37.280000 -46.082000 13.138000 1
29664 37.198000 -46.130000 12.237000 1
29665 36.764000 -46.830000 12.824000 1
29688 37.369000 -46.110000 11.334000 1
29689 36.948000 -46.796000 11.831000 1
29704 37.542000 -46.457000 10.570000 1
29713 38.189000 -46.701000 9.448000 1
29714 37.794000 -46.802000 10.019000 1
30576 39.721000 -45.771000 14.394000 1
30577 38.870000 -45.713000 14.305000 1
30578 38.120000 -45.799000 14.105000 1
30583 40.924000 -45.085000 13.276000 1
30584 40.263000 -45.372000 13.886000 1
30585 39.388000 -45.265000 13.780000 1
30586 38.572000 -45.324000 13.587000 1
30587 37.860000 -45.559000 13.373000 1
30601 38.266000 -44.997000 12.730000 1
30620 37.561000 -45.521000 11.817000 1
30636 38.059000 -45.182000 10.044000 1
30637 37.938000 -45.010000 10.789000 1
30648 37.862000 -45.996000 9.850000 1
31529 39.923000 -44.840000 13.226000 1
31530 39.055000 -44.808000 13.067000 1
31543 40.394000 -44.525000 12.531000 1
31544 39.556000 -44.476000 12.500000 1
31545 37.881000 -45.079000 12.118000 1
31562 40.738000 -44.181000 11.763000 1
31563 39.920000 -44.126000 11.884000 1
31564 38.850000 -44.310000 11.583000 1
31565 37.900000 -44.996000 11.497000 1
31581 38.930000 -44.117000 10.834000 1
31582 38.448000 -44.535000 10.364000 1
32539 40.195000 -43.812000 11.136000 1
32540 39.450000 -44.011000 11.322000 1
98213 36.138000 -51.911000 10.590000 1
100749 37.449000 -48.152000 10.832000 1
101586 40.070000 -46.379000 14.797000 1
102009 37.247000 -46.865000 11.131000 1
102247 37.938000 -48.233000 10.269000 1
103183 37.700000 -45.671000 10.612000 1
106114 38.375000 -44.563000 11.167000 1
106714 37.628000 -45.522000 12.578000 1
107261 38.851000 -44.521000 12.301000 1
107609 38.313000 -52.077000 9.436000 1
107633 38.320000 -44.690000 11.911000 1
110249 37.667000 -45.444000 11.196000 1
111639 39.300000 -44.243000 11.923000 1
