# sub-02 hemi-L RWvsFF_scaled Cluster_36
33
32751 -48.003000 -45.597000 1.878000 1
32778 -49.498000 -46.388000 -1.924000 1
33596 -47.654000 -45.243000 2.707000 1
33606 -48.638000 -45.189000 1.256000 1
33607 -49.218000 -44.824000 0.558000 1
33616 -49.421000 -45.196000 -0.502000 1
33617 -50.032000 -44.791000 -1.159000 1
33621 -49.777000 -45.590000 -1.617000 1
34414 -47.899000 -43.893000 3.308000 1
34427 -47.851000 -44.496000 3.047000 1
34428 -48.326000 -43.965000 2.784000 1
34440 -49.018000 -44.374000 1.516000 1
34441 -49.666000 -44.027000 0.742000 1
34450 -50.267000 -44.056000 -0.390000 1
35227 -47.637000 -43.450000 3.797000 1
35228 -48.222000 -43.351000 3.240000 1
35243 -48.733000 -43.339000 2.603000 1
35258 -50.639000 -43.283000 0.121000 1
36034 -48.004000 -42.734000 3.700000 1
36035 -48.597000 -42.671000 3.080000 1
36928 -47.687000 -41.342000 4.329000 1
36929 -48.210000 -40.913000 3.842000 1
36945 -47.800000 -42.078000 4.107000 1
36946 -48.634000 -41.321000 3.358000 1
36962 -48.952000 -41.921000 2.929000 1
37821 -47.645000 -40.475000 4.414000 1
37822 -48.226000 -40.256000 3.849000 1
37837 -48.692000 -40.537000 3.368000 1
38626 -47.848000 -39.579000 4.155000 1
101687 -48.389000 -42.043000 3.501000 1
102901 -47.423000 -45.939000 2.388000 1
103093 -48.169000 -41.537000 3.814000 1
106507 -48.356000 -44.699000 2.230000 1
