# sub-02 hemi-L CSvsAllNotext_scaled Cluster_6
16
9680 -24.439000 -73.573000 -10.674000 1
10512 -23.193000 -72.836000 -6.950000 1
10513 -23.873000 -72.537000 -7.084000 1
10532 -24.042000 -72.281000 -7.971000 1
10547 -23.777000 -72.558000 -8.995000 1
10548 -24.469000 -72.055000 -9.046000 1
10558 -23.795000 -72.929000 -10.023000 1
10559 -25.462000 -73.035000 -10.515000 1
11446 -24.516000 -71.559000 -8.238000 1
11453 -25.169000 -71.369000 -9.265000 1
11456 -25.358000 -72.135000 -9.931000 1
12322 -24.834000 -70.729000 -8.515000 1
13189 -24.351000 -69.331000 -8.217000 1
13194 -25.059000 -69.973000 -8.694000 1
100508 -24.514000 -72.593000 -9.925000 1
101035 -22.917000 -72.877000 -9.786000 1
