# sub-02 hemi-L RWvsAllNotext_scaled Cluster_2
27
5141 -22.012000 -79.030000 -4.488000 1
5142 -22.907000 -79.244000 -4.549000 1
5143 -23.793000 -79.288000 -4.623000 1
5144 -24.526000 -79.179000 -4.706000 1
5157 -21.531000 -79.158000 -5.223000 1
5158 -22.450000 -79.359000 -5.383000 1
5159 -23.397000 -79.490000 -5.443000 1
5160 -24.276000 -79.426000 -5.428000 1
5161 -25.074000 -79.154000 -5.290000 1
5173 -21.015000 -79.209000 -5.881000 1
5174 -21.872000 -79.326000 -6.181000 1
5175 -22.941000 -79.611000 -6.429000 1
5176 -23.959000 -79.618000 -6.289000 1
5177 -24.831000 -79.389000 -6.169000 1
5188 -21.271000 -79.282000 -6.902000 1
5189 -22.106000 -79.399000 -7.117000 1
5190 -22.933000 -79.721000 -7.373000 1
5191 -23.700000 -79.724000 -7.201000 1
5199 -21.316000 -79.156000 -8.482000 1
5806 -24.259000 -78.930000 -3.931000 1
5807 -25.186000 -78.793000 -4.288000 1
5820 -25.834000 -78.767000 -5.152000 1
98231 -23.427000 -79.798000 -8.105000 1
98235 -22.328000 -79.472000 -8.119000 1
99780 -24.321000 -79.706000 -8.029000 1
101007 -24.562000 -79.552000 -7.059000 1
112222 -21.525000 -79.274000 -7.675000 1
