# sub-02 hemi-R RWvsAllNotext_scaled Cluster_6
42
5797 32.786000 -75.458000 7.135000 1
6349 32.188000 -75.002000 7.161000 1
6361 32.379000 -74.946000 6.912000 1
6371 32.187000 -74.822000 6.326000 1
6379 35.936000 -75.993000 4.274000 1
7014 32.082000 -73.893000 5.362000 1
7015 31.896000 -74.267000 6.055000 1
7021 35.919000 -75.067000 4.595000 1
7024 32.353000 -74.343000 4.715000 1
7025 32.052000 -74.498000 5.464000 1
7696 31.345000 -73.155000 5.983000 1
7709 32.178000 -73.213000 5.221000 1
7710 31.769000 -73.618000 5.785000 1
7718 34.746000 -73.293000 4.471000 1
7719 33.630000 -73.448000 4.371000 1
7720 32.648000 -73.628000 4.667000 1
8360 36.105000 -72.699000 5.388000 1
8361 32.252000 -72.344000 5.205000 1
8362 31.369000 -72.226000 5.704000 1
8372 34.903000 -72.547000 4.690000 1
8373 33.816000 -72.647000 4.527000 1
8374 32.880000 -72.875000 4.718000 1
9033 35.867000 -71.699000 5.470000 1
9034 34.701000 -71.144000 5.015000 1
9035 33.664000 -70.907000 4.892000 1
9036 32.557000 -71.526000 5.033000 1
9037 31.803000 -71.446000 5.415000 1
9052 35.124000 -71.931000 4.915000 1
9053 34.029000 -71.807000 4.697000 1
9774 33.200000 -70.148000 5.093000 1
9775 32.305000 -69.939000 5.373000 1
98253 32.839000 -70.809000 4.983000 1
98968 34.695000 -74.185000 4.227000 1
100959 32.645000 -75.220000 6.835000 1
101106 32.170000 -70.830000 5.254000 1
101776 31.939000 -74.611000 6.598000 1
101803 35.854000 -74.041000 4.742000 1
102601 31.781000 -72.956000 5.591000 1
106450 33.088000 -72.116000 4.767000 1
107615 36.687000 -75.484000 4.824000 1
108086 35.681000 -73.223000 4.895000 1
111942 33.214000 -71.457000 4.815000 1
