# sub-02 hemi-L RWvsPER_scaled Cluster_26
108
34414 -47.899000 -43.893000 3.308000 1
35227 -47.637000 -43.450000 3.797000 1
35228 -48.222000 -43.351000 3.240000 1
36034 -48.004000 -42.734000 3.700000 1
36063 -45.366000 -41.124000 0.419000 1
36928 -47.687000 -41.342000 4.329000 1
36929 -48.210000 -40.913000 3.842000 1
36944 -45.321000 -40.967000 0.607000 1
36945 -47.800000 -42.078000 4.107000 1
37821 -47.645000 -40.475000 4.414000 1
37822 -48.226000 -40.256000 3.849000 1
37836 -44.817000 -40.303000 1.279000 1
37850 -45.201000 -40.637000 0.462000 1
37851 -49.740000 -40.183000 2.405000 1
38635 -44.353000 -39.436000 1.471000 1
38651 -44.667000 -39.392000 0.980000 1
38652 -48.887000 -39.096000 3.096000 1
38653 -49.491000 -39.308000 2.541000 1
39444 -42.289000 -38.092000 3.229000 1
39458 -43.028000 -38.300000 2.035000 1
39459 -44.277000 -38.948000 1.112000 1
39460 -48.487000 -38.245000 3.268000 1
39472 -43.789000 -38.804000 0.609000 1
39473 -44.196000 -38.839000 0.939000 1
40310 -43.280000 -37.888000 6.145000 1
40311 -44.047000 -38.000000 6.297000 1
40317 -42.207000 -36.763000 5.145000 1
40318 -42.670000 -37.944000 5.738000 1
40319 -43.021000 -37.165000 5.881000 1
40329 -41.844000 -37.292000 4.224000 1
40330 -42.187000 -37.649000 5.099000 1
40331 -46.635000 -37.612000 4.783000 1
40332 -47.302000 -37.482000 4.206000 1
40340 -41.991000 -37.520000 2.945000 1
40350 -42.617000 -37.801000 1.745000 1
40351 -43.946000 -38.630000 0.975000 1
40352 -48.633000 -37.518000 2.796000 1
40360 -43.232000 -38.144000 0.694000 1
40369 -43.083000 -38.316000 -0.492000 1
41252 -43.793000 -37.232000 6.024000 1
41257 -42.383000 -35.947000 5.218000 1
41258 -43.467000 -36.385000 5.709000 1
41259 -44.414000 -36.640000 5.705000 1
41265 -41.847000 -36.146000 4.661000 1
41266 -45.866000 -36.367000 4.918000 1
41267 -46.684000 -36.759000 4.455000 1
41268 -47.328000 -36.865000 3.918000 1
41273 -41.524000 -36.493000 3.676000 1
41274 -47.032000 -36.202000 3.885000 1
41276 -48.215000 -36.851000 3.003000 1
41280 -41.374000 -36.263000 1.902000 1
41281 -41.694000 -36.849000 2.529000 1
41282 -47.981000 -36.207000 2.743000 1
41291 -41.387000 -36.278000 1.006000 1
41292 -42.165000 -37.127000 0.932000 1
42178 -42.723000 -35.213000 5.241000 1
42179 -43.434000 -35.485000 5.439000 1
42180 -44.183000 -35.800000 5.494000 1
42181 -45.025000 -36.072000 5.318000 1
42185 -41.520000 -35.452000 4.155000 1
42186 -42.065000 -35.241000 4.791000 1
42187 -44.704000 -35.298000 5.060000 1
42188 -45.517000 -35.578000 4.723000 1
42189 -46.329000 -35.889000 4.347000 1
42193 -41.244000 -34.936000 3.746000 1
42194 -45.947000 -35.141000 4.109000 1
42195 -46.661000 -35.499000 3.667000 1
42196 -47.344000 -35.832000 3.207000 1
42199 -40.787000 -35.215000 2.474000 1
42200 -46.935000 -35.175000 2.806000 1
42201 -47.593000 -35.534000 2.347000 1
42202 -48.256000 -35.885000 1.913000 1
42208 -47.762000 -35.301000 1.320000 1
42209 -48.377000 -35.599000 0.972000 1
42218 -40.892000 -35.770000 0.388000 1
43062 -43.416000 -34.601000 5.084000 1
43063 -44.014000 -35.105000 5.259000 1
43067 -41.684000 -34.496000 4.267000 1
43068 -42.507000 -34.340000 4.771000 1
43069 -44.315000 -34.618000 4.814000 1
43070 -45.139000 -34.837000 4.482000 1
43074 -41.166000 -34.297000 3.612000 1
43075 -41.526000 -33.822000 3.916000 1
43076 -44.721000 -34.127000 4.206000 1
43077 -45.523000 -34.452000 3.772000 1
43084 -46.545000 -34.553000 2.243000 1
43085 -47.175000 -34.917000 1.750000 1
43971 -42.032000 -33.695000 4.276000 1
43972 -42.712000 -33.515000 4.417000 1
43973 -43.403000 -33.400000 4.320000 1
43974 -43.872000 -33.975000 4.549000 1
43979 -42.294000 -33.004000 4.008000 1
43981 -44.238000 -33.376000 3.873000 1
44937 -42.959000 -32.887000 4.086000 1
97122 -42.314000 -38.556000 5.077000 1
99243 -45.074000 -39.869000 0.509000 1
99831 -48.532000 -39.739000 3.508000 1
101687 -48.389000 -42.043000 3.501000 1
103093 -48.169000 -41.537000 3.814000 1
104201 -43.492000 -38.506000 0.140000 1
104327 -42.903000 -35.902000 5.500000 1
105987 -42.989000 -37.874000 0.235000 1
106657 -42.724000 -36.549000 5.537000 1
109516 -41.175000 -35.726000 3.157000 1
109878 -40.929000 -34.868000 3.221000 1
111449 -42.560000 -37.194000 5.509000 1
112184 -42.154000 -37.231000 1.572000 1
115344 -43.165000 -33.921000 4.710000 1
