# sub-02 hemi-L RWvsSC_scaled Cluster_22
22
29273 -44.717000 -50.393000 0.735000 1
29284 -45.942000 -51.225000 -1.481000 1
29285 -46.465000 -50.639000 -1.630000 1
29292 -46.937000 -51.264000 -2.632000 1
30119 -42.812000 -49.324000 1.663000 1
30120 -43.595000 -49.438000 2.158000 1
30121 -44.602000 -49.375000 2.236000 1
30122 -45.573000 -49.064000 1.856000 1
30134 -43.272000 -49.962000 1.257000 1
30135 -44.067000 -50.030000 1.594000 1
30136 -45.140000 -49.767000 1.351000 1
30137 -45.995000 -49.455000 0.754000 1
30146 -46.444000 -49.849000 -0.760000 1
30147 -47.733000 -49.713000 -2.385000 1
30156 -47.352000 -50.209000 -2.323000 1
30995 -46.658000 -49.057000 -0.135000 1
30996 -47.373000 -48.743000 -1.235000 1
31901 -48.000000 -48.120000 -1.758000 1
103895 -45.351000 -50.792000 -0.368000 1
109647 -42.543000 -48.452000 0.375000 1
112963 -47.045000 -49.485000 -1.607000 1
114685 -42.559000 -48.435000 1.584000 1
