# sub-02 hemi-R FacesvsAllnoFacenoCS_scaled Cluster_26
14
25211 49.061000 -53.742000 -2.483000 1
25212 48.339000 -53.153000 -2.998000 1
25220 48.597000 -53.205000 -3.007000 1
25221 48.244000 -52.790000 -3.257000 1
26158 48.721000 -52.517000 -3.298000 1
26159 48.085000 -51.957000 -3.685000 1
27102 48.853000 -51.322000 -3.417000 1
27103 48.230000 -50.751000 -3.983000 1
28006 48.299000 -49.374000 -4.098000 1
28915 48.259000 -47.954000 -4.441000 1
29856 48.262000 -46.913000 -4.771000 1
29861 48.251000 -46.749000 -4.872000 1
30808 48.210000 -46.322000 -5.014000 1
30809 48.011000 -45.498000 -5.271000 1
