# sub-02 hemi-L FacesvsAllnoFace_scaled Cluster_10
18
11424 -35.290000 -70.853000 -6.886000 1
11434 -35.236000 -71.144000 -7.972000 1
12258 -33.111000 -70.399000 -2.983000 1
12259 -33.866000 -69.961000 -3.167000 1
12272 -32.659000 -71.134000 -3.243000 1
12273 -33.348000 -70.936000 -3.479000 1
12274 -34.279000 -70.268000 -3.817000 1
12287 -34.681000 -70.576000 -4.565000 1
12288 -35.400000 -70.156000 -5.165000 1
12297 -35.018000 -70.744000 -5.575000 1
12298 -35.781000 -70.237000 -6.351000 1
12299 -36.777000 -69.779000 -7.013000 1
12300 -37.844000 -69.388000 -7.257000 1
12310 -36.171000 -70.355000 -7.571000 1
12311 -37.065000 -70.035000 -7.694000 1
13169 -37.438000 -69.142000 -6.456000 1
98681 -33.716000 -70.518000 -3.497000 1
111273 -35.702000 -70.819000 -8.017000 1
