# sub-02 hemi-L FacesvsAllnoFacenoCS_scaled Cluster_27
34
27416 -32.493000 -52.391000 0.348000 1
27417 -33.862000 -51.959000 -0.044000 1
28354 -32.396000 -50.960000 1.128000 1
28355 -33.929000 -50.614000 0.818000 1
28363 -31.777000 -51.845000 0.678000 1
28364 -33.152000 -51.510000 0.663000 1
28365 -34.466000 -51.194000 0.310000 1
29266 -31.790000 -50.258000 1.233000 1
29267 -33.146000 -50.101000 1.449000 1
29278 -30.571000 -50.798000 -0.375000 1
29279 -31.160000 -51.190000 0.562000 1
30127 -31.389000 -49.418000 1.031000 1
30128 -32.416000 -49.426000 1.651000 1
30129 -33.880000 -49.427000 1.654000 1
30141 -30.831000 -50.070000 -1.051000 1
30142 -30.956000 -50.218000 0.366000 1
30153 -31.644000 -49.146000 -1.897000 1
30968 -32.911000 -47.874000 2.422000 1
30980 -31.517000 -48.481000 0.487000 1
30981 -31.848000 -47.986000 1.596000 1
30991 -32.334000 -48.561000 -1.495000 1
31868 -32.058000 -46.991000 1.672000 1
31877 -31.883000 -47.479000 0.517000 1
31888 -33.172000 -47.219000 -0.969000 1
31900 -32.884000 -47.698000 -1.480000 1
32755 -32.482000 -46.689000 0.005000 1
32776 -33.112000 -46.967000 -1.444000 1
33619 -32.615000 -46.068000 -1.098000 1
34446 -30.948000 -44.727000 0.420000 1
100060 -31.786000 -48.770000 1.492000 1
101937 -31.174000 -49.332000 -0.345000 1
103888 -31.750000 -45.341000 -0.335000 1
103920 -32.951000 -48.711000 2.124000 1
107376 -32.685000 -47.921000 -0.916000 1
