# sub-02 hemi-R RWvsSC_scaled Cluster_18
58
15985 34.893000 -62.258000 21.615000 1
15986 34.147000 -62.053000 21.982000 1
15996 35.486000 -62.483000 20.440000 1
15997 34.852000 -62.308000 20.676000 1
16004 35.011000 -62.265000 19.721000 1
16014 35.582000 -62.368000 19.015000 1
16844 33.395000 -61.741000 22.411000 1
16855 34.105000 -62.051000 21.033000 1
16856 33.410000 -61.685000 21.428000 1
16867 34.181000 -61.961000 20.120000 1
16868 33.454000 -61.568000 20.539000 1
16869 32.718000 -61.136000 21.001000 1
16879 35.000000 -61.997000 18.886000 1
16881 33.624000 -61.368000 19.660000 1
16890 35.499000 -61.899000 18.298000 1
17635 32.331000 -60.880000 21.719000 1
17636 31.812000 -60.266000 21.695000 1
17645 32.923000 -60.965000 20.100000 1
17647 31.795000 -59.995000 21.000000 1
17657 33.241000 -60.646000 19.309000 1
17683 34.260000 -59.547000 17.878000 1
18405 31.466000 -59.493000 21.670000 1
18412 32.062000 -59.697000 20.275000 1
18413 31.573000 -59.164000 20.898000 1
18422 32.501000 -59.327000 19.464000 1
18423 31.894000 -58.822000 20.105000 1
18433 33.489000 -59.241000 18.426000 1
18434 32.882000 -58.779000 18.823000 1
19207 31.225000 -58.231000 22.643000 1
19215 31.269000 -58.487000 21.715000 1
19221 31.520000 -58.230000 20.779000 1
19227 32.344000 -58.402000 19.397000 1
19228 31.864000 -57.916000 20.007000 1
19239 32.732000 -57.978000 18.679000 1
20020 31.333000 -57.461000 22.846000 1
20023 31.377000 -57.427000 21.440000 1
20025 31.620000 -57.447000 20.615000 1
20028 32.299000 -57.527000 19.325000 1
20029 31.956000 -56.950000 20.012000 1
20775 31.928000 -56.893000 23.930000 1
20785 31.849000 -56.551000 23.189000 1
20798 32.406000 -56.043000 22.806000 1
20799 31.798000 -56.245000 22.404000 1
20811 31.594000 -56.513000 21.617000 1
20819 31.998000 -56.095000 20.422000 1
20820 31.643000 -56.712000 20.870000 1
21631 32.409000 -55.624000 22.083000 1
21632 31.955000 -55.817000 21.568000 1
21647 32.184000 -55.541000 20.826000 1
96322 35.826000 -62.565000 19.838000 1
103640 31.513000 -56.830000 22.866000 1
105793 36.501000 -62.722000 20.001000 1
108177 31.395000 -56.991000 22.259000 1
108413 31.813000 -56.096000 21.076000 1
112739 32.946000 -59.321000 18.929000 1
113129 31.253000 -57.708000 22.194000 1
113145 32.849000 -61.371000 21.762000 1
115276 32.171000 -60.563000 21.171000 1
