# sub-02 hemi-L LimbsvsAllnoLimbsnoCS_scaled Cluster_24
60
27416 -32.493000 -52.391000 0.348000 1
27417 -33.862000 -51.959000 -0.044000 1
28354 -32.396000 -50.960000 1.128000 1
28355 -33.929000 -50.614000 0.818000 1
28363 -31.777000 -51.845000 0.678000 1
28364 -33.152000 -51.510000 0.663000 1
29266 -31.790000 -50.258000 1.233000 1
29267 -33.146000 -50.101000 1.449000 1
29279 -31.160000 -51.190000 0.562000 1
30116 -34.175000 -49.081000 2.015000 1
30127 -31.389000 -49.418000 1.031000 1
30128 -32.416000 -49.426000 1.651000 1
30129 -33.880000 -49.427000 1.654000 1
30142 -30.956000 -50.218000 0.366000 1
30968 -32.911000 -47.874000 2.422000 1
30969 -33.777000 -48.455000 2.540000 1
30980 -31.517000 -48.481000 0.487000 1
30981 -31.848000 -47.986000 1.596000 1
30991 -32.334000 -48.561000 -1.495000 1
31836 -33.597000 -47.065000 3.735000 1
31852 -33.466000 -47.169000 3.150000 1
31868 -32.058000 -46.991000 1.672000 1
31869 -32.973000 -47.188000 2.646000 1
31877 -31.883000 -47.479000 0.517000 1
31888 -33.172000 -47.219000 -0.969000 1
31889 -33.278000 -46.943000 -1.232000 1
31899 -32.347000 -48.042000 -1.787000 1
31900 -32.884000 -47.698000 -1.480000 1
32732 -33.372000 -46.343000 3.393000 1
32745 -32.486000 -46.353000 2.248000 1
32746 -33.099000 -46.635000 2.875000 1
32755 -32.482000 -46.689000 0.005000 1
32756 -32.374000 -46.034000 0.661000 1
32767 -31.064000 -45.950000 -0.641000 1
32768 -33.117000 -46.508000 -0.834000 1
32775 -31.932000 -46.756000 -1.431000 1
32776 -33.112000 -46.967000 -1.444000 1
33591 -32.486000 -45.538000 1.765000 1
33592 -32.866000 -45.908000 2.717000 1
33601 -32.559000 -45.011000 1.467000 1
33602 -32.924000 -45.002000 2.480000 1
33613 -32.733000 -45.948000 -0.320000 1
33619 -32.615000 -46.068000 -1.098000 1
33620 -33.201000 -46.414000 -1.025000 1
34423 -33.276000 -44.182000 2.737000 1
34438 -32.769000 -44.408000 2.200000 1
35222 -33.698000 -44.018000 3.301000 1
35223 -34.200000 -43.310000 3.368000 1
35255 -33.143000 -43.825000 2.548000 1
97939 -33.375000 -44.825000 3.245000 1
98363 -33.693000 -47.416000 4.352000 1
100060 -31.786000 -48.770000 1.492000 1
100776 -33.648000 -43.420000 2.890000 1
101937 -31.174000 -49.332000 -0.345000 1
103888 -31.750000 -45.341000 -0.335000 1
103920 -32.951000 -48.711000 2.124000 1
107376 -32.685000 -47.921000 -0.916000 1
111157 -33.214000 -45.544000 3.154000 1
111990 -33.606000 -47.808000 2.848000 1
115052 -32.396000 -45.461000 0.686000 1
