# sub-02 hemi-L RWvsPER_scaled Cluster_12
15
19612 -38.808000 -60.646000 5.212000 1
20434 -38.219000 -59.304000 6.826000 1
20442 -37.555000 -60.323000 6.082000 1
20443 -38.702000 -59.359000 6.344000 1
20444 -39.294000 -59.437000 5.832000 1
20452 -39.904000 -59.544000 5.388000 1
21221 -37.840000 -58.176000 8.308000 1
21222 -38.286000 -57.733000 8.120000 1
21231 -38.243000 -58.535000 7.603000 1
21240 -39.046000 -58.395000 7.042000 1
21241 -39.737000 -58.354000 6.478000 1
22014 -38.699000 -57.754000 7.470000 1
22029 -39.527000 -57.785000 6.743000 1
22030 -40.123000 -57.931000 6.258000 1
101512 -38.300000 -60.210000 5.700000 1
