# sub-02 hemi-R LimbsvsAllnoLimbsnoCS_scaled Cluster_19
216
12914 43.070000 -67.023000 5.195000 1
13600 43.967000 -65.280000 8.882000 1
13601 42.838000 -65.248000 8.571000 1
13612 42.601000 -64.847000 7.589000 1
13623 43.642000 -64.797000 6.359000 1
13634 44.767000 -65.111000 5.098000 1
13635 43.899000 -65.581000 5.423000 1
13636 43.300000 -66.352000 5.361000 1
13637 42.706000 -66.525000 5.692000 1
14397 45.109000 -64.762000 9.340000 1
14409 46.355000 -63.352000 8.929000 1
14410 45.695000 -64.084000 8.391000 1
14411 44.584000 -64.685000 8.213000 1
14412 43.512000 -64.805000 7.951000 1
14423 46.472000 -63.241000 8.033000 1
14424 45.156000 -64.337000 7.389000 1
14425 44.060000 -64.535000 7.259000 1
14426 43.234000 -64.627000 7.130000 1
14427 42.677000 -64.933000 6.618000 1
14441 46.684000 -62.972000 6.717000 1
14442 45.738000 -64.068000 6.434000 1
14443 44.602000 -64.507000 6.618000 1
14453 46.572000 -63.208000 5.237000 1
14454 45.771000 -64.190000 5.337000 1
14455 44.702000 -64.735000 5.866000 1
15299 46.420000 -62.323000 8.818000 1
15300 46.451000 -62.714000 9.279000 1
15315 46.569000 -62.108000 8.189000 1
15316 46.553000 -62.636000 8.474000 1
15332 46.691000 -62.457000 7.563000 1
15342 46.693000 -62.445000 5.736000 1
15351 46.584000 -62.606000 4.774000 1
16147 46.276000 -62.058000 8.794000 1
16148 45.862000 -61.854000 8.858000 1
16168 46.265000 -61.796000 8.061000 1
16169 45.489000 -61.695000 7.426000 1
16189 45.755000 -61.734000 6.463000 1
16203 46.399000 -62.165000 4.987000 1
16204 45.722000 -61.885000 5.315000 1
16205 43.953000 -62.193000 5.291000 1
16216 46.340000 -62.270000 4.136000 1
16217 46.057000 -61.964000 4.250000 1
16218 44.761000 -62.104000 4.472000 1
16219 43.317000 -62.350000 4.555000 1
16220 42.210000 -62.516000 4.352000 1
16221 41.040000 -62.709000 3.879000 1
16237 45.959000 -62.197000 3.348000 1
16238 45.230000 -62.098000 3.607000 1
16239 42.667000 -62.514000 3.384000 1
16240 41.270000 -62.715000 2.913000 1
16241 40.252000 -62.816000 3.194000 1
16242 39.324000 -62.733000 3.344000 1
16251 45.607000 -62.225000 2.493000 1
16252 45.382000 -62.100000 2.854000 1
16253 42.417000 -62.471000 2.324000 1
16254 40.469000 -62.753000 2.560000 1
16255 39.740000 -62.705000 2.595000 1
16256 38.996000 -62.359000 2.511000 1
16266 42.239000 -62.323000 1.381000 1
16267 40.892000 -62.484000 1.201000 1
16268 39.833000 -62.307000 1.049000 1
16269 39.205000 -62.082000 1.587000 1
16283 41.842000 -62.147000 0.497000 1
16284 40.640000 -62.148000 0.307000 1
16285 39.937000 -61.698000 -0.048000 1
16293 42.666000 -61.640000 -0.304000 1
16294 41.852000 -61.577000 -0.851000 1
16295 40.765000 -61.593000 -0.753000 1
16296 40.236000 -61.089000 -1.118000 1
16315 43.725000 -61.337000 -3.537000 1
17025 38.480000 -61.931000 2.859000 1
17035 38.831000 -61.747000 2.072000 1
17045 39.493000 -61.655000 0.679000 1
17046 39.145000 -61.547000 1.344000 1
17063 39.357000 -61.056000 0.544000 1
17071 43.255000 -61.121000 -1.566000 1
17072 41.655000 -61.206000 -1.881000 1
17073 40.789000 -60.779000 -2.148000 1
17074 40.548000 -60.049000 -2.532000 1
17080 44.153000 -60.865000 -2.735000 1
17081 42.806000 -60.762000 -3.001000 1
17082 40.757000 -59.423000 -3.846000 1
17095 43.811000 -60.916000 -3.377000 1
17104 43.117000 -60.862000 -3.953000 1
17809 39.170000 -60.281000 2.383000 1
17821 38.974000 -61.017000 1.585000 1
17834 39.475000 -60.441000 0.722000 1
18590 40.568000 -59.184000 3.741000 1
18591 39.860000 -59.618000 3.154000 1
18599 41.367000 -58.919000 1.851000 1
18600 40.265000 -59.498000 2.140000 1
19319 38.902000 -58.255000 9.160000 1
19320 38.326000 -58.370000 9.407000 1
19327 39.394000 -58.212000 8.719000 1
19335 39.637000 -58.336000 7.828000 1
19348 41.538000 -58.069000 6.224000 1
19368 43.261000 -58.078000 3.114000 1
19369 40.934000 -58.784000 4.505000 1
19379 42.349000 -58.461000 2.944000 1
19380 41.472000 -58.852000 2.853000 1
19392 43.931000 -57.030000 0.540000 1
20122 39.314000 -57.932000 9.126000 1
20123 38.713000 -57.972000 9.448000 1
20131 40.604000 -57.485000 8.362000 1
20132 39.863000 -57.734000 8.707000 1
20142 42.408000 -57.103000 7.650000 1
20145 40.161000 -57.946000 8.267000 1
20159 42.988000 -57.281000 6.995000 1
20160 41.836000 -57.596000 7.274000 1
20171 43.999000 -57.327000 5.484000 1
20172 43.216000 -57.573000 5.944000 1
20173 42.433000 -58.074000 5.330000 1
20183 44.236000 -57.299000 4.260000 1
20184 43.079000 -58.103000 4.232000 1
20196 44.199000 -57.137000 1.793000 1
20208 44.173000 -56.009000 0.356000 1
20919 39.586000 -57.446000 8.992000 1
20920 39.011000 -57.396000 9.304000 1
20930 40.943000 -56.842000 8.433000 1
20931 40.142000 -57.126000 8.725000 1
20932 39.386000 -56.572000 8.953000 1
20941 43.760000 -56.146000 7.262000 1
20942 43.091000 -56.641000 7.546000 1
20955 43.732000 -56.737000 6.919000 1
20968 44.153000 -56.760000 6.086000 1
21004 43.967000 -55.056000 0.738000 1
21784 41.894000 -55.575000 8.109000 1
21785 41.089000 -55.960000 8.342000 1
21786 40.250000 -56.229000 8.565000 1
21794 43.942000 -55.256000 7.119000 1
21795 43.360000 -55.726000 7.680000 1
21847 44.090000 -54.292000 1.743000 1
22568 38.245000 -54.390000 9.026000 1
22584 43.537000 -53.914000 7.916000 1
22586 41.982000 -54.478000 8.246000 1
22587 39.911000 -54.472000 8.463000 1
22588 39.051000 -54.485000 8.676000 1
22596 43.728000 -54.066000 7.246000 1
22597 43.501000 -54.729000 7.766000 1
22639 44.088000 -52.682000 3.187000 1
22651 44.130000 -53.387000 2.671000 1
23379 43.297000 -53.220000 8.184000 1
23380 41.565000 -53.626000 8.409000 1
23381 40.723000 -53.235000 8.508000 1
23382 39.642000 -53.564000 8.576000 1
23388 43.555000 -53.427000 7.703000 1
23395 43.588000 -52.994000 6.590000 1
23413 43.857000 -52.165000 3.521000 1
24202 43.414000 -52.711000 7.611000 1
24203 43.160000 -52.494000 8.138000 1
24205 41.125000 -52.166000 8.848000 1
24216 43.371000 -52.062000 6.320000 1
24217 43.097000 -51.933000 7.466000 1
24241 43.761000 -51.500000 4.160000 1
25106 42.626000 -51.424000 7.973000 1
25107 41.958000 -51.011000 8.433000 1
25117 43.158000 -51.396000 6.011000 1
25118 42.816000 -51.131000 6.634000 1
25138 42.646000 -50.528000 4.430000 1
26047 41.636000 -50.333000 8.075000 1
26057 42.317000 -50.594000 7.197000 1
26994 41.766000 -49.938000 6.973000 1
94699 42.382000 -57.727000 6.390000 1
94841 43.415000 -50.636000 3.872000 1
94855 41.313000 -58.453000 5.271000 1
94906 43.024000 -65.533000 5.925000 1
95061 43.191000 -60.745000 -3.708000 1
95376 41.423000 -58.770000 3.717000 1
95568 46.500000 -61.815000 7.052000 1
95605 43.581000 -66.519000 5.014000 1
95645 38.620000 -61.245000 2.569000 1
95822 40.122000 -62.722000 4.510000 1
95933 41.210000 -62.552000 4.999000 1
95934 42.549000 -62.375000 5.198000 1
95938 43.063000 -62.259000 6.029000 1
96106 44.428000 -61.996000 6.133000 1
96219 41.167000 -62.680000 2.058000 1
96421 40.196000 -62.663000 1.916000 1
96626 42.064000 -58.453000 4.211000 1
97447 43.546000 -57.732000 4.826000 1
97742 38.484000 -56.583000 9.388000 1
98546 46.455000 -63.373000 5.864000 1
99300 39.551000 -62.472000 1.955000 1
99628 44.946000 -61.897000 2.096000 1
99728 43.447000 -57.875000 1.911000 1
99778 38.293000 -57.421000 9.641000 1
99927 46.762000 -62.099000 6.751000 1
100679 39.964000 -62.820000 3.812000 1
101308 39.566000 -55.423000 8.628000 1
101341 42.492000 -53.446000 8.410000 1
101426 44.340000 -62.206000 3.051000 1
101830 43.891000 -57.650000 3.518000 1
102281 43.835000 -62.297000 3.873000 1
102738 40.448000 -55.254000 8.410000 1
104628 40.834000 -54.274000 8.340000 1
105337 41.450000 -60.451000 -3.223000 1
105581 41.841000 -52.778000 8.594000 1
105874 37.808000 -58.512000 9.715000 1
107549 41.229000 -55.113000 8.264000 1
108744 40.692000 -59.260000 2.838000 1
108756 42.054000 -60.493000 -3.871000 1
108998 44.612000 -61.868000 6.884000 1
109036 45.882000 -62.337000 2.878000 1
109975 46.124000 -63.671000 7.397000 1
110534 40.977000 -59.802000 -4.355000 1
110787 46.661000 -61.976000 7.514000 1
112281 41.456000 -61.930000 -0.164000 1
113125 43.722000 -53.559000 6.262000 1
113358 44.093000 -53.765000 2.202000 1
113521 40.233000 -53.866000 8.435000 1
113670 42.821000 -52.054000 8.270000 1
113788 39.300000 -60.417000 1.527000 1
113827 43.704000 -57.179000 6.367000 1
114074 42.237000 -50.075000 4.668000 1
114723 46.608000 -63.107000 7.420000 1
114770 42.940000 -62.444000 4.058000 1
