# sub-02 hemi-R RWvsPER_scaled Cluster_4
122
7710 31.769000 -73.618000 5.785000 1
7718 34.746000 -73.293000 4.471000 1
8360 36.105000 -72.699000 5.388000 1
8361 32.252000 -72.344000 5.205000 1
8362 31.369000 -72.226000 5.704000 1
8372 34.903000 -72.547000 4.690000 1
8373 33.816000 -72.647000 4.527000 1
9033 35.867000 -71.699000 5.470000 1
9034 34.701000 -71.144000 5.015000 1
9035 33.664000 -70.907000 4.892000 1
9036 32.557000 -71.526000 5.033000 1
9037 31.803000 -71.446000 5.415000 1
9052 35.124000 -71.931000 4.915000 1
9053 34.029000 -71.807000 4.697000 1
9719 35.592000 -70.743000 10.191000 1
9720 34.779000 -70.633000 9.787000 1
9771 36.754000 -71.457000 6.075000 1
9774 33.200000 -70.148000 5.093000 1
9775 32.305000 -69.939000 5.373000 1
9776 31.398000 -70.424000 5.635000 1
10508 36.433000 -69.495000 10.758000 1
10509 35.112000 -69.695000 10.033000 1
10552 39.977000 -69.872000 6.355000 1
10554 38.684000 -70.248000 6.622000 1
10555 37.695000 -70.285000 6.487000 1
10568 33.139000 -69.190000 5.473000 1
10569 32.119000 -68.959000 5.826000 1
11294 37.698000 -68.530000 11.355000 1
11295 37.075000 -68.961000 11.168000 1
11297 37.160000 -67.960000 10.794000 1
11298 36.391000 -68.425000 10.555000 1
11299 35.583000 -68.846000 10.255000 1
11300 34.845000 -68.866000 9.841000 1
11308 35.078000 -68.156000 9.688000 1
11362 40.218000 -69.131000 6.503000 1
11363 39.599000 -69.510000 6.563000 1
11364 38.618000 -69.153000 6.538000 1
11365 37.308000 -68.167000 6.250000 1
11366 35.375000 -67.940000 6.058000 1
11367 34.325000 -67.673000 6.315000 1
11368 33.289000 -67.800000 6.468000 1
11380 35.779000 -68.920000 5.768000 1
11382 33.663000 -68.309000 5.848000 1
11383 32.733000 -68.352000 6.059000 1
12050 38.066000 -67.869000 11.187000 1
12053 39.534000 -67.204000 10.940000 1
12054 38.610000 -67.267000 10.743000 1
12055 37.766000 -67.320000 10.474000 1
12056 35.806000 -67.811000 9.941000 1
12065 37.060000 -67.260000 10.072000 1
12066 36.411000 -67.208000 9.602000 1
12067 35.754000 -67.170000 9.165000 1
12068 34.689000 -67.669000 9.091000 1
12076 35.139000 -67.201000 8.702000 1
12077 34.455000 -67.305000 8.323000 1
12078 33.747000 -67.475000 7.994000 1
12079 33.075000 -67.713000 7.706000 1
12091 34.316000 -67.180000 7.452000 1
12092 33.574000 -67.447000 7.357000 1
12093 33.033000 -67.603000 7.019000 1
12105 40.671000 -68.323000 6.484000 1
12106 39.569000 -67.873000 6.470000 1
12107 38.050000 -67.833000 6.371000 1
12108 36.175000 -67.445000 6.432000 1
12109 35.177000 -67.364000 6.527000 1
12110 33.822000 -67.398000 6.857000 1
12852 39.132000 -66.738000 10.275000 1
12853 38.285000 -66.799000 10.046000 1
12854 37.597000 -66.892000 9.847000 1
12863 40.406000 -66.186000 9.700000 1
12864 39.630000 -66.037000 9.316000 1
12865 37.910000 -66.456000 9.285000 1
12866 37.060000 -66.702000 9.243000 1
12867 36.314000 -66.745000 8.801000 1
12874 39.214000 -65.818000 8.604000 1
12875 38.334000 -65.998000 8.475000 1
12876 37.471000 -66.243000 8.422000 1
12877 36.271000 -66.498000 7.989000 1
12878 35.670000 -66.806000 8.357000 1
12879 35.005000 -66.904000 7.919000 1
12889 38.197000 -66.312000 6.878000 1
12890 37.294000 -66.447000 7.076000 1
12891 36.406000 -66.623000 7.282000 1
12892 35.648000 -66.728000 7.578000 1
12900 38.766000 -66.831000 6.516000 1
12901 37.743000 -66.851000 6.625000 1
12902 36.678000 -66.850000 6.820000 1
12903 35.635000 -66.944000 6.924000 1
12904 34.689000 -67.182000 6.847000 1
13595 40.080000 -65.706000 8.761000 1
13604 39.695000 -65.570000 7.778000 1
13605 38.824000 -65.761000 7.643000 1
13606 37.928000 -66.071000 7.479000 1
13615 39.366000 -65.776000 6.964000 1
13616 38.648000 -65.947000 7.058000 1
13626 39.071000 -66.257000 6.698000 1
96646 38.616000 -67.495000 6.432000 1
97514 37.608000 -69.275000 6.355000 1
98253 32.839000 -70.809000 4.983000 1
100288 39.812000 -67.009000 6.389000 1
100326 39.156000 -68.551000 6.534000 1
100479 37.127000 -67.334000 6.477000 1
101106 32.170000 -70.830000 5.254000 1
101562 36.805000 -66.450000 8.421000 1
102250 35.327000 -71.723000 9.899000 1
102252 38.852000 -66.291000 9.449000 1
102601 31.781000 -72.956000 5.591000 1
103970 36.466000 -68.435000 6.036000 1
105964 40.009000 -66.693000 10.419000 1
106336 36.956000 -72.476000 6.180000 1
106450 33.088000 -72.116000 4.767000 1
106474 40.006000 -66.228000 6.576000 1
108086 35.681000 -73.223000 4.895000 1
108426 39.610000 -66.381000 9.849000 1
108847 36.532000 -67.700000 10.238000 1
109399 31.556000 -69.513000 5.846000 1
111153 36.999000 -66.324000 7.686000 1
111272 35.287000 -67.571000 9.348000 1
111942 33.214000 -71.457000 4.815000 1
113187 36.784000 -69.375000 6.047000 1
113715 35.035000 -66.922000 7.279000 1
114792 35.821000 -69.874000 10.402000 1
