# sub-02 hemi-R RWvsAllNotext_scaled Cluster_36
13
46926 45.542000 -27.241000 4.502000 1
46927 44.835000 -27.125000 4.117000 1
47795 45.273000 -26.398000 4.358000 1
48705 46.809000 -25.433000 4.500000 1
48706 45.921000 -25.671000 4.531000 1
49550 47.434000 -24.871000 4.403000 1
49551 46.440000 -24.799000 4.462000 1
50388 47.288000 -23.207000 4.455000 1
50389 46.569000 -23.282000 4.323000 1
51218 46.287000 -22.608000 4.053000 1
104833 47.109000 -23.985000 4.444000 1
109032 45.977000 -26.495000 4.604000 1
113751 44.950000 -27.829000 4.251000 1
