# sub-02 hemi-L LimbsvsAllnoLimbsnoCS_scaled Cluster_10
17
12840 -34.704000 -69.276000 18.763000 1
12875 -34.651000 -69.286000 16.768000 1
12876 -35.236000 -69.497000 16.312000 1
13688 -34.359000 -68.529000 18.994000 1
13712 -33.815000 -68.594000 17.687000 1
13723 -34.184000 -68.592000 16.797000 1
13724 -34.943000 -68.668000 16.164000 1
14517 -35.039000 -68.011000 19.585000 1
14534 -34.120000 -67.682000 19.224000 1
14535 -34.758000 -67.217000 19.603000 1
14551 -34.004000 -67.711000 16.413000 1
14552 -34.644000 -67.973000 16.110000 1
14565 -35.519000 -67.702000 15.659000 1
15368 -34.129000 -66.802000 19.431000 1
15389 -33.244000 -66.599000 16.471000 1
15390 -33.893000 -66.956000 16.043000 1
98988 -34.152000 -68.968000 18.294000 1
