# sub-02 hemi-L CSvsAllNotext_scaled Cluster_10
45
15621 -41.943000 -66.206000 -1.341000 1
15634 -42.009000 -66.449000 -2.297000 1
15635 -42.312000 -66.712000 -2.192000 1
15647 -42.216000 -66.705000 -3.015000 1
16411 -41.915000 -64.937000 0.732000 1
16412 -42.537000 -64.859000 1.197000 1
16430 -38.494000 -65.142000 0.505000 1
16431 -39.900000 -65.144000 0.454000 1
16432 -41.495000 -65.327000 0.268000 1
16433 -42.319000 -65.593000 0.483000 1
16446 -37.996000 -65.566000 -0.284000 1
16448 -41.003000 -65.668000 -0.703000 1
16449 -42.130000 -66.002000 -0.460000 1
17212 -35.086000 -64.083000 1.449000 1
17213 -36.041000 -64.102000 1.563000 1
17214 -37.068000 -64.031000 1.751000 1
17215 -38.155000 -63.970000 1.774000 1
17216 -41.225000 -64.252000 1.364000 1
17227 -35.551000 -64.711000 1.163000 1
17228 -36.628000 -64.818000 1.042000 1
17229 -37.742000 -64.606000 1.260000 1
17230 -38.951000 -64.589000 1.290000 1
17231 -40.454000 -64.693000 1.113000 1
18015 -34.494000 -63.398000 1.304000 1
18016 -35.500000 -63.289000 1.493000 1
18017 -36.523000 -63.238000 1.696000 1
18018 -37.597000 -63.246000 1.807000 1
18019 -40.701000 -63.322000 1.655000 1
18020 -42.220000 -63.864000 1.451000 1
18031 -34.358000 -62.898000 0.963000 1
18804 -35.104000 -62.777000 1.131000 1
18805 -36.079000 -62.664000 1.261000 1
18806 -38.570000 -62.330000 1.361000 1
18815 -34.055000 -62.897000 0.471000 1
18816 -34.785000 -62.628000 0.536000 1
18817 -35.789000 -62.404000 0.769000 1
18818 -36.988000 -62.218000 0.799000 1
18819 -37.238000 -62.559000 1.348000 1
18829 -36.824000 -62.110000 0.017000 1
19656 -38.189000 -61.587000 -0.126000 1
19657 -38.339000 -61.624000 0.600000 1
100234 -39.453000 -62.775000 1.737000 1
103912 -39.501000 -63.921000 1.744000 1
110318 -42.222000 -66.495000 -1.292000 1
110778 -38.548000 -63.299000 1.876000 1
