# sub-02 hemi-L FacesvsAllnoFace_scaled Cluster_3
32
7651 -38.152000 -75.332000 19.090000 1
7652 -39.513000 -75.495000 18.562000 1
7668 -37.213000 -75.028000 17.581000 1
7669 -38.715000 -75.244000 17.909000 1
7670 -39.702000 -75.572000 17.559000 1
7680 -36.613000 -75.829000 16.209000 1
7681 -38.988000 -75.238000 16.979000 1
7682 -39.840000 -75.595000 16.728000 1
7683 -40.582000 -75.421000 16.502000 1
7693 -36.728000 -75.868000 15.213000 1
7695 -39.615000 -75.303000 15.422000 1
7717 -37.920000 -75.591000 12.993000 1
7728 -38.585000 -75.508000 12.378000 1
7729 -39.407000 -75.396000 11.845000 1
8448 -37.771000 -75.014000 18.080000 1
8459 -38.030000 -74.805000 17.262000 1
8471 -36.789000 -75.271000 16.902000 1
8472 -37.386000 -74.817000 16.641000 1
8474 -39.215000 -75.202000 16.130000 1
8487 -36.916000 -75.125000 15.985000 1
8501 -38.503000 -74.765000 14.178000 1
8509 -37.909000 -75.020000 13.692000 1
8510 -38.627000 -74.939000 13.281000 1
8511 -40.056000 -75.062000 13.259000 1
8524 -39.299000 -75.044000 12.720000 1
8525 -40.149000 -75.098000 12.327000 1
101817 -39.679000 -75.745000 10.959000 1
101975 -39.359000 -75.017000 14.589000 1
102355 -37.567000 -76.583000 12.821000 1
110449 -39.371000 -74.899000 13.794000 1
112594 -39.973000 -75.595000 16.084000 1
115154 -39.327000 -74.896000 13.269000 1
