#!ascii label , from subject sub-07 vox2ras=TkReg lh ROI=mFus-words coords=white drawn-with=delineation-helper-0.1.0
83
50054  -42.655  -32.660  -5.601 0.0000000000
50945  -44.159  -30.958  -3.047 0.0000000000
50946  -44.984  -30.427  -3.065 0.0000000000
50960  -44.749  -31.229  -3.511 0.0000000000
50989  -42.429  -31.588  -5.636 0.0000000000
51006  -41.959  -31.277  -6.187 0.0000000000
51805  -43.754  -30.394  -2.787 0.0000000000
51806  -44.390  -30.196  -2.650 0.0000000000
51807  -45.137  -29.749  -2.790 0.0000000000
51815  -42.845  -30.367  -3.764 0.0000000000
51827  -42.654  -30.599  -4.644 0.0000000000
51845  -42.491  -30.817  -5.364 0.0000000000
51858  -42.143  -30.479  -6.053 0.0000000000
52666  -44.214  -28.894  -1.865 0.0000000000
52687  -42.899  -29.260  -2.724 0.0000000000
52688  -43.693  -29.663  -2.365 0.0000000000
52689  -44.772  -29.402  -2.355 0.0000000000
52690  -45.819  -28.609  -3.161 0.0000000000
52696  -42.674  -29.569  -3.592 0.0000000000
52706  -42.519  -29.789  -4.565 0.0000000000
52721  -42.389  -30.043  -5.451 0.0000000000
52734  -42.147  -29.434  -6.193 0.0000000000
53569  -42.915  -27.979  -1.780 0.0000000000
53570  -43.669  -28.193  -1.512 0.0000000000
53571  -44.832  -28.061  -1.634 0.0000000000
53597  -42.674  -28.309  -2.562 0.0000000000
53598  -43.225  -28.772  -2.065 0.0000000000
53599  -45.323  -28.472  -2.307 0.0000000000
53610  -42.545  -28.730  -3.466 0.0000000000
53616  -42.443  -28.941  -4.459 0.0000000000
53628  -42.381  -28.257  -5.361 0.0000000000
53636  -42.183  -28.432  -6.429 0.0000000000
54455  -42.983  -26.798  -1.071 0.0000000000
54456  -43.561  -26.984  -0.981 0.0000000000
54470  -43.238  -27.482  -1.289 0.0000000000
54471  -44.249  -27.403  -1.162 0.0000000000
54472  -45.496  -27.094  -1.710 0.0000000000
54500  -42.632  -27.573  -2.171 0.0000000000
54501  -45.942  -27.418  -2.553 0.0000000000
54522  -42.454  -27.971  -3.472 0.0000000000
54526  -42.419  -27.520  -5.104 0.0000000000
54537  -42.368  -27.404  -6.215 0.0000000000
55396  -42.868  -26.051  -0.864 0.0000000000
55397  -43.452  -26.362  -0.767 0.0000000000
55398  -44.243  -26.621  -0.855 0.0000000000
55399  -45.063  -26.043  -0.966 0.0000000000
55412  -42.648  -26.380  -1.416 0.0000000000
55413  -45.011  -26.719  -1.167 0.0000000000
55430  -42.448  -26.706  -2.328 0.0000000000
55448  -42.371  -26.526  -3.459 0.0000000000
55456  -42.437  -26.178  -4.477 0.0000000000
55465  -42.471  -26.617  -5.425 0.0000000000
56309  -42.830  -25.354  -0.706 0.0000000000
56310  -43.352  -25.584  -0.586 0.0000000000
56311  -44.178  -25.842  -0.621 0.0000000000
56349  -42.325  -25.785  -2.014 0.0000000000
56367  -42.388  -25.049  -3.777 0.0000000000
56382  -42.558  -25.184  -4.704 0.0000000000
57223  -42.623  -23.979  -0.404 0.0000000000
57224  -43.380  -23.739  -0.122 0.0000000000
57243  -42.072  -23.942  -0.872 0.0000000000
57244  -42.540  -24.703  -0.753 0.0000000000
57245  -43.164  -24.714  -0.398 0.0000000000
57268  -41.915  -23.786  -1.789 0.0000000000
57269  -42.181  -24.626  -1.328 0.0000000000
57285  -42.190  -23.977  -2.886 0.0000000000
57303  -42.507  -24.170  -3.805 0.0000000000
58292  -42.189  -23.154  -2.809 0.0000000000
104653  -42.380  -25.759  -3.879 0.0000000000
105347  -42.400  -27.197  -4.166 0.0000000000
107696  -42.222  -24.944  -2.766 0.0000000000
109562  -42.441  -27.409  -2.986 0.0000000000
109628  -42.811  -31.375  -4.753 0.0000000000
112015  -42.290  -25.817  -3.022 0.0000000000
112021  -42.425  -28.107  -4.331 0.0000000000
112452  -43.897  -24.352  -0.279 0.0000000000
112588  -42.549  -25.747  -5.300 0.0000000000
112892  -44.016  -25.053  -0.414 0.0000000000
112920  -42.366  -29.149  -5.476 0.0000000000
113512  -42.660  -24.415  -4.465 0.0000000000
115005  -42.766  -27.205  -1.597 0.0000000000
119517  -42.076  -24.525  -2.084 0.0000000000
120146  -42.226  -25.113  -1.807 0.0000000000
