#!ascii label , from subject sub-07 vox2ras=TkReg lh ROI=pOTS-words coords=white drawn-with=delineation-helper-0.1.0
178
25300  -44.927  -58.134  -11.162 0.0000000000
25301  -45.242  -57.807  -10.410 0.0000000000
25310  -44.767  -58.320  -12.050 0.0000000000
25311  -45.353  -58.379  -11.902 0.0000000000
25338  -49.262  -58.339  -15.872 0.0000000000
26264  -44.137  -57.357  -9.950 0.0000000000
26265  -44.770  -57.588  -9.751 0.0000000000
26266  -45.590  -57.362  -9.802 0.0000000000
26277  -44.523  -57.747  -10.541 0.0000000000
26278  -45.952  -57.500  -10.434 0.0000000000
26285  -44.014  -57.427  -10.801 0.0000000000
26286  -44.430  -57.865  -11.393 0.0000000000
26287  -45.872  -57.868  -11.149 0.0000000000
26292  -44.043  -57.370  -11.790 0.0000000000
26293  -44.382  -58.015  -12.392 0.0000000000
26308  -54.448  -56.710  -13.811 0.0000000000
26309  -55.117  -56.348  -13.267 0.0000000000
26312  -48.713  -57.935  -14.839 0.0000000000
26316  -54.133  -56.311  -14.676 0.0000000000
26320  -45.134  -57.176  -16.718 0.0000000000
26322  -50.242  -57.377  -16.833 0.0000000000
27240  -43.735  -56.851  -10.276 0.0000000000
27241  -46.366  -56.887  -10.155 0.0000000000
27242  -47.049  -56.394  -10.658 0.0000000000
27250  -43.767  -56.675  -11.263 0.0000000000
27251  -46.607  -57.133  -10.882 0.0000000000
27252  -47.296  -56.629  -11.378 0.0000000000
27253  -47.939  -56.135  -11.843 0.0000000000
27258  -47.579  -56.870  -12.183 0.0000000000
27259  -48.268  -56.387  -12.697 0.0000000000
27262  -44.797  -55.834  -14.566 0.0000000000
27263  -48.579  -56.656  -13.651 0.0000000000
27264  -49.124  -56.178  -14.357 0.0000000000
27265  -54.696  -55.801  -14.090 0.0000000000
27266  -55.168  -55.527  -13.300 0.0000000000
27269  -45.128  -55.885  -15.801 0.0000000000
27270  -48.916  -57.016  -14.585 0.0000000000
27271  -49.377  -56.568  -15.184 0.0000000000
27272  -53.723  -55.984  -15.519 0.0000000000
27273  -54.236  -55.425  -14.949 0.0000000000
27276  -44.909  -55.483  -16.053 0.0000000000
27277  -49.655  -55.640  -15.359 0.0000000000
27278  -50.725  -56.356  -16.985 0.0000000000
27281  -53.832  -55.175  -15.751 0.0000000000
28198  -46.522  -55.721  -9.222 0.0000000000
28199  -47.132  -55.253  -9.803 0.0000000000
28209  -46.779  -56.105  -9.946 0.0000000000
28210  -47.368  -55.652  -10.484 0.0000000000
28211  -47.823  -55.303  -10.915 0.0000000000
28217  -47.612  -55.914  -11.136 0.0000000000
28218  -48.166  -55.383  -11.537 0.0000000000
28222  -44.840  -54.795  -14.304 0.0000000000
28223  -48.479  -55.561  -12.378 0.0000000000
28224  -48.905  -54.964  -12.946 0.0000000000
28225  -55.114  -54.940  -12.996 0.0000000000
28229  -44.877  -54.857  -15.402 0.0000000000
28230  -48.849  -55.711  -13.407 0.0000000000
28231  -49.270  -54.709  -13.867 0.0000000000
28234  -44.607  -54.743  -15.666 0.0000000000
28235  -49.673  -54.408  -15.128 0.0000000000
28236  -53.702  -54.756  -15.785 0.0000000000
28237  -54.120  -54.973  -15.193 0.0000000000
28239  -50.270  -54.784  -16.098 0.0000000000
28240  -50.853  -55.264  -16.835 0.0000000000
28242  -53.327  -55.011  -16.449 0.0000000000
29232  -47.452  -54.289  -9.616 0.0000000000
29233  -47.985  -54.202  -10.304 0.0000000000
29239  -47.684  -54.897  -10.367 0.0000000000
29240  -48.244  -54.585  -11.044 0.0000000000
29241  -52.786  -53.626  -10.752 0.0000000000
29246  -52.322  -54.237  -11.965 0.0000000000
29247  -53.514  -54.050  -11.337 0.0000000000
29248  -54.691  -53.889  -10.899 0.0000000000
29252  -48.685  -54.614  -12.131 0.0000000000
29253  -49.167  -54.073  -13.240 0.0000000000
29254  -52.277  -54.234  -13.320 0.0000000000
29255  -53.540  -54.556  -12.641 0.0000000000
29256  -54.850  -54.495  -12.066 0.0000000000
29261  -44.791  -53.955  -14.831 0.0000000000
29262  -49.473  -53.588  -14.533 0.0000000000
29263  -52.276  -53.682  -14.962 0.0000000000
29264  -53.366  -54.498  -14.368 0.0000000000
29265  -54.400  -54.848  -13.666 0.0000000000
29267  -44.657  -54.176  -15.272 0.0000000000
29268  -49.848  -53.273  -15.509 0.0000000000
29269  -52.239  -53.671  -16.087 0.0000000000
29270  -53.231  -54.292  -15.568 0.0000000000
29271  -54.035  -54.747  -14.958 0.0000000000
29272  -50.362  -53.578  -16.115 0.0000000000
29273  -51.025  -54.252  -16.653 0.0000000000
29274  -51.875  -54.078  -16.548 0.0000000000
29275  -52.951  -54.425  -16.340 0.0000000000
30242  -47.955  -53.518  -9.911 0.0000000000
30243  -51.608  -52.665  -9.775 0.0000000000
30244  -53.053  -52.629  -8.914 0.0000000000
30248  -48.356  -53.664  -10.699 0.0000000000
30249  -51.179  -53.029  -10.918 0.0000000000
30250  -52.195  -53.144  -10.207 0.0000000000
30256  -48.683  -53.760  -11.613 0.0000000000
30257  -48.966  -52.921  -12.320 0.0000000000
30258  -51.119  -53.069  -12.211 0.0000000000
30259  -51.705  -53.644  -11.407 0.0000000000
30263  -48.997  -53.652  -12.560 0.0000000000
30264  -51.371  -52.906  -13.592 0.0000000000
30265  -51.616  -53.782  -12.629 0.0000000000
30269  -51.595  -52.684  -14.995 0.0000000000
30270  -49.766  -52.416  -15.426 0.0000000000
30271  -51.564  -52.753  -15.918 0.0000000000
30272  -50.193  -52.721  -15.915 0.0000000000
30274  -51.365  -53.049  -16.222 0.0000000000
31204  -51.559  -51.750  -7.604 0.0000000000
31205  -52.831  -52.103  -7.383 0.0000000000
31219  -51.606  -52.000  -8.330 0.0000000000
31226  -51.069  -52.257  -9.371 0.0000000000
31227  -52.181  -52.423  -8.670 0.0000000000
31233  -50.838  -52.277  -10.551 0.0000000000
31238  -49.140  -51.336  -12.957 0.0000000000
31239  -50.852  -52.212  -11.846 0.0000000000
31244  -49.325  -51.482  -14.074 0.0000000000
31245  -51.203  -51.912  -13.386 0.0000000000
31248  -49.563  -51.636  -15.059 0.0000000000
31249  -51.349  -51.778  -14.904 0.0000000000
31252  -51.117  -51.899  -15.841 0.0000000000
31253  -50.383  -52.102  -15.987 0.0000000000
32173  -50.796  -51.346  -5.493 0.0000000000
32179  -50.717  -51.184  -6.470 0.0000000000
32180  -51.528  -51.642  -6.848 0.0000000000
32186  -50.744  -51.262  -7.611 0.0000000000
32199  -50.758  -51.616  -9.088 0.0000000000
32206  -50.728  -51.436  -10.215 0.0000000000
32213  -50.951  -51.148  -11.665 0.0000000000
32221  -51.222  -51.254  -12.817 0.0000000000
32224  -49.346  -50.382  -14.143 0.0000000000
32225  -51.483  -50.715  -14.048 0.0000000000
32226  -49.591  -50.769  -15.156 0.0000000000
33160  -50.028  -50.271  -5.536 0.0000000000
33165  -50.151  -49.689  -6.080 0.0000000000
33175  -50.628  -50.062  -8.347 0.0000000000
33191  -51.957  -49.897  -11.264 0.0000000000
33198  -51.967  -49.997  -12.275 0.0000000000
33203  -51.774  -50.038  -13.359 0.0000000000
33206  -49.716  -49.400  -14.782 0.0000000000
34129  -50.263  -48.941  -5.898 0.0000000000
34143  -50.786  -49.451  -7.683 0.0000000000
34151  -51.410  -49.540  -9.139 0.0000000000
35061  -50.564  -48.269  -5.574 0.0000000000
35079  -51.720  -49.048  -8.495 0.0000000000
35980  -51.325  -47.831  -5.953 0.0000000000
35981  -51.598  -47.411  -5.367 0.0000000000
35982  -52.406  -47.469  -6.122 0.0000000000
35992  -52.042  -48.042  -7.017 0.0000000000
36922  -53.283  -47.006  -5.357 0.0000000000
36939  -53.643  -47.437  -6.904 0.0000000000
103140  -49.291  -52.731  -13.811 0.0000000000
103303  -45.035  -56.365  -16.444 0.0000000000
103563  -50.873  -47.630  -5.182 0.0000000000
104316  -50.457  -50.411  -7.181 0.0000000000
105464  -51.307  -51.080  -14.783 0.0000000000
107639  -54.536  -55.147  -14.213 0.0000000000
108470  -50.394  -50.840  -5.759 0.0000000000
109142  -50.606  -50.851  -8.783 0.0000000000
109195  -50.923  -51.634  -8.256 0.0000000000
109236  -48.433  -57.349  -13.992 0.0000000000
109679  -45.173  -56.710  -16.036 0.0000000000
110426  -50.778  -50.615  -9.960 0.0000000000
111939  -52.504  -51.888  -6.975 0.0000000000
112248  -51.760  -53.569  -13.800 0.0000000000
112280  -54.192  -54.305  -11.698 0.0000000000
112764  -51.032  -49.958  -9.667 0.0000000000
113067  -50.979  -50.577  -11.015 0.0000000000
115959  -51.121  -53.408  -16.436 0.0000000000
115983  -50.242  -55.696  -16.325 0.0000000000
120229  -49.874  -56.500  -16.135 0.0000000000
120472  -52.982  -52.312  -7.771 0.0000000000
120694  -49.689  -50.018  -15.141 0.0000000000
121741  -50.385  -49.793  -6.787 0.0000000000
123676  -49.133  -52.136  -13.007 0.0000000000
124311  -49.328  -55.352  -14.357 0.0000000000
