#!ascii label , from subject sub-05 vox2ras=TkReg lh ROI=ITG coords=white drawn-with=delineation-helper-0.1.0
2040
19859  -40.623  -64.965  -6.650 0.0000000000
19860  -41.275  -64.721  -6.437 0.0000000000
19861  -42.533  -64.234  -6.005 0.0000000000
19862  -43.471  -63.946  -5.862 0.0000000000
19880  -38.429  -64.795  -7.527 0.0000000000
19881  -39.337  -64.816  -7.647 0.0000000000
19882  -40.225  -64.706  -7.574 0.0000000000
19883  -41.022  -64.483  -7.250 0.0000000000
19884  -41.861  -64.184  -6.683 0.0000000000
19899  -37.964  -64.450  -8.534 0.0000000000
19900  -38.763  -64.579  -8.627 0.0000000000
19901  -39.679  -64.553  -8.788 0.0000000000
19902  -41.183  -63.941  -8.923 0.0000000000
19914  -37.627  -64.072  -9.428 0.0000000000
19915  -38.289  -64.315  -9.558 0.0000000000
19916  -38.934  -64.451  -9.585 0.0000000000
19917  -40.341  -64.303  -9.543 0.0000000000
19918  -40.926  -64.048  -10.127 0.0000000000
19930  -38.655  -64.122  -10.363 0.0000000000
19931  -39.435  -64.340  -10.144 0.0000000000
19932  -40.068  -64.167  -10.745 0.0000000000
19933  -40.640  -63.948  -11.090 0.0000000000
20817  -44.179  -62.398  -4.697 0.0000000000
20852  -42.860  -63.663  -6.481 0.0000000000
20853  -44.059  -63.185  -6.383 0.0000000000
20854  -44.969  -62.675  -5.932 0.0000000000
20870  -41.475  -63.979  -7.793 0.0000000000
20871  -42.329  -63.616  -7.335 0.0000000000
20887  -42.006  -63.595  -8.335 0.0000000000
20888  -42.671  -63.192  -8.750 0.0000000000
20889  -43.487  -62.627  -8.960 0.0000000000
20909  -37.494  -63.481  -9.896 0.0000000000
20910  -38.045  -63.868  -10.197 0.0000000000
20911  -41.810  -63.643  -9.469 0.0000000000
20912  -42.633  -63.235  -10.054 0.0000000000
20913  -43.691  -62.501  -9.925 0.0000000000
20926  -38.021  -63.264  -10.427 0.0000000000
20927  -38.492  -63.615  -10.675 0.0000000000
20928  -39.187  -63.634  -11.119 0.0000000000
20929  -40.065  -63.631  -11.555 0.0000000000
20930  -40.836  -63.575  -11.745 0.0000000000
20931  -41.998  -63.354  -11.645 0.0000000000
20945  -39.734  -63.122  -11.759 0.0000000000
20946  -40.313  -63.235  -12.056 0.0000000000
20947  -41.050  -63.035  -12.503 0.0000000000
20948  -42.065  -62.955  -12.601 0.0000000000
21814  -42.937  -62.441  -4.314 0.0000000000
21827  -42.140  -61.889  -4.336 0.0000000000
21828  -45.240  -62.621  -5.005 0.0000000000
21843  -45.101  -62.606  -5.526 0.0000000000
21854  -44.474  -62.376  -6.979 0.0000000000
21855  -44.958  -62.057  -6.315 0.0000000000
21871  -44.346  -62.120  -8.140 0.0000000000
21872  -44.816  -61.833  -7.213 0.0000000000
21889  -44.642  -61.688  -8.848 0.0000000000
21913  -39.472  -62.704  -11.157 0.0000000000
21914  -44.453  -61.889  -9.751 0.0000000000
21926  -38.662  -63.173  -10.830 0.0000000000
21927  -39.256  -63.064  -11.350 0.0000000000
21928  -39.687  -62.935  -11.748 0.0000000000
21929  -43.107  -62.856  -10.893 0.0000000000
21930  -44.129  -62.187  -10.990 0.0000000000
21931  -44.486  -61.695  -11.855 0.0000000000
21944  -40.322  -62.880  -12.126 0.0000000000
21945  -41.194  -62.456  -12.601 0.0000000000
21946  -43.009  -62.816  -11.983 0.0000000000
21947  -43.748  -62.254  -12.372 0.0000000000
21948  -44.200  -61.806  -12.784 0.0000000000
21961  -41.819  -62.510  -13.070 0.0000000000
21962  -42.754  -62.525  -13.004 0.0000000000
21963  -43.498  -62.044  -13.430 0.0000000000
22824  -41.004  -61.071  -4.221 0.0000000000
22825  -41.671  -61.334  -4.418 0.0000000000
22826  -42.386  -61.223  -4.768 0.0000000000
22827  -43.923  -61.798  -5.056 0.0000000000
22828  -44.763  -62.124  -5.369 0.0000000000
22844  -43.347  -61.171  -5.330 0.0000000000
22845  -44.441  -61.531  -5.720 0.0000000000
22855  -44.750  -61.451  -6.483 0.0000000000
22870  -44.829  -61.182  -7.298 0.0000000000
22883  -44.974  -61.189  -8.653 0.0000000000
22907  -40.950  -61.787  -10.723 0.0000000000
22908  -44.929  -61.319  -9.472 0.0000000000
22921  -40.158  -62.528  -11.675 0.0000000000
22922  -41.300  -61.613  -11.618 0.0000000000
22923  -44.809  -61.393  -11.020 0.0000000000
22933  -40.727  -62.413  -12.257 0.0000000000
22934  -41.301  -62.028  -12.861 0.0000000000
22935  -41.915  -61.676  -13.340 0.0000000000
22936  -44.707  -61.244  -12.466 0.0000000000
22945  -41.847  -62.004  -13.332 0.0000000000
22946  -42.553  -61.456  -13.932 0.0000000000
22947  -44.125  -61.504  -13.607 0.0000000000
22966  -43.354  -61.540  -14.141 0.0000000000
23856  -40.733  -60.111  -4.474 0.0000000000
23857  -41.700  -60.591  -4.795 0.0000000000
23873  -42.175  -60.087  -5.499 0.0000000000
23874  -43.033  -60.442  -5.825 0.0000000000
23875  -44.018  -60.871  -6.086 0.0000000000
23888  -42.567  -59.640  -6.242 0.0000000000
23889  -43.543  -60.234  -6.564 0.0000000000
23890  -44.408  -60.739  -6.849 0.0000000000
23903  -43.987  -60.147  -7.330 0.0000000000
23904  -44.646  -60.687  -7.646 0.0000000000
23916  -44.875  -60.696  -8.560 0.0000000000
23917  -45.132  -60.985  -9.265 0.0000000000
23934  -44.968  -60.538  -9.553 0.0000000000
23935  -45.150  -61.027  -10.191 0.0000000000
23943  -41.841  -60.950  -11.201 0.0000000000
23944  -42.114  -60.459  -11.879 0.0000000000
23955  -41.811  -61.283  -12.399 0.0000000000
23956  -42.289  -60.866  -13.387 0.0000000000
23957  -44.894  -60.516  -12.450 0.0000000000
23967  -44.554  -60.831  -13.514 0.0000000000
23979  -42.775  -60.671  -14.384 0.0000000000
23980  -43.181  -60.908  -14.518 0.0000000000
23981  -43.948  -60.997  -14.403 0.0000000000
24863  -41.425  -59.724  -5.157 0.0000000000
24878  -41.318  -58.992  -5.560 0.0000000000
24879  -41.829  -58.918  -6.167 0.0000000000
24896  -42.388  -58.829  -6.835 0.0000000000
24897  -43.177  -59.507  -7.066 0.0000000000
24911  -43.664  -59.495  -7.829 0.0000000000
24912  -44.038  -59.559  -8.464 0.0000000000
24913  -44.351  -60.103  -8.092 0.0000000000
24922  -44.071  -59.244  -9.159 0.0000000000
24923  -44.557  -59.981  -8.914 0.0000000000
24935  -44.164  -58.734  -10.102 0.0000000000
24936  -44.627  -59.725  -9.879 0.0000000000
24942  -41.890  -60.303  -10.675 0.0000000000
24943  -44.982  -60.374  -10.596 0.0000000000
24949  -42.017  -59.418  -11.615 0.0000000000
24950  -42.325  -59.933  -12.770 0.0000000000
24951  -44.849  -59.652  -12.533 0.0000000000
24960  -42.659  -59.872  -14.101 0.0000000000
24961  -44.583  -59.611  -13.839 0.0000000000
24973  -43.131  -59.816  -14.853 0.0000000000
24974  -43.695  -60.211  -14.822 0.0000000000
24975  -44.113  -59.584  -14.721 0.0000000000
25851  -40.762  -58.404  -5.357 0.0000000000
25852  -41.288  -58.297  -5.935 0.0000000000
25870  -41.729  -58.176  -6.589 0.0000000000
25887  -42.925  -58.678  -7.690 0.0000000000
25888  -43.553  -58.924  -8.446 0.0000000000
25900  -43.073  -58.131  -8.494 0.0000000000
25901  -43.607  -58.444  -9.195 0.0000000000
25914  -44.727  -59.418  -11.095 0.0000000000
25924  -43.879  -57.893  -10.693 0.0000000000
25931  -42.231  -58.992  -13.255 0.0000000000
25932  -44.545  -58.792  -13.393 0.0000000000
25938  -41.977  -57.835  -13.706 0.0000000000
25939  -42.734  -58.561  -14.627 0.0000000000
25940  -44.274  -58.987  -14.367 0.0000000000
25946  -43.236  -58.795  -14.953 0.0000000000
25947  -43.706  -58.865  -14.852 0.0000000000
26847  -39.340  -57.680  -4.087 0.0000000000
26866  -39.808  -57.876  -4.576 0.0000000000
26867  -40.278  -57.735  -5.062 0.0000000000
26881  -40.795  -57.652  -5.706 0.0000000000
26882  -41.270  -57.638  -6.267 0.0000000000
26894  -42.201  -58.012  -7.300 0.0000000000
26908  -41.641  -57.235  -6.937 0.0000000000
26909  -42.208  -57.244  -7.739 0.0000000000
26923  -42.663  -57.270  -8.556 0.0000000000
26924  -43.220  -57.648  -9.237 0.0000000000
26937  -42.924  -56.976  -9.351 0.0000000000
26938  -43.395  -57.174  -10.147 0.0000000000
26949  -43.685  -57.086  -11.370 0.0000000000
26950  -44.162  -57.820  -11.788 0.0000000000
26959  -43.808  -57.061  -12.670 0.0000000000
26960  -44.284  -57.859  -13.071 0.0000000000
26968  -42.465  -57.203  -14.423 0.0000000000
26969  -43.604  -57.232  -13.899 0.0000000000
26970  -43.953  -58.126  -14.387 0.0000000000
26977  -42.485  -56.895  -14.380 0.0000000000
26978  -43.123  -57.511  -14.660 0.0000000000
27952  -39.110  -56.847  -3.855 0.0000000000
27975  -39.738  -57.058  -4.625 0.0000000000
27976  -40.479  -56.300  -5.655 0.0000000000
27998  -40.941  -56.845  -6.162 0.0000000000
28014  -40.825  -55.882  -6.218 0.0000000000
28015  -41.376  -56.230  -6.888 0.0000000000
28031  -41.858  -56.499  -7.616 0.0000000000
28032  -42.275  -56.663  -8.220 0.0000000000
28045  -42.538  -56.373  -8.965 0.0000000000
28057  -42.930  -56.408  -9.895 0.0000000000
28070  -43.253  -56.383  -10.946 0.0000000000
28080  -43.362  -56.317  -12.283 0.0000000000
28089  -43.207  -56.457  -13.575 0.0000000000
28096  -42.459  -56.261  -14.122 0.0000000000
28947  -38.787  -54.922  -3.377 0.0000000000
28948  -39.289  -55.240  -4.048 0.0000000000
28965  -39.811  -55.295  -4.805 0.0000000000
28979  -40.358  -55.580  -5.540 0.0000000000
28989  -37.474  -55.428  -6.822 0.0000000000
28991  -40.759  -55.025  -6.141 0.0000000000
28992  -41.254  -55.296  -6.832 0.0000000000
29002  -37.797  -55.212  -7.491 0.0000000000
29004  -41.664  -55.654  -7.591 0.0000000000
29005  -42.079  -55.983  -8.286 0.0000000000
29014  -38.604  -55.398  -8.531 0.0000000000
29016  -41.890  -55.184  -8.341 0.0000000000
29017  -42.275  -55.578  -8.963 0.0000000000
29030  -38.827  -55.026  -9.326 0.0000000000
29032  -42.549  -55.814  -9.606 0.0000000000
29917  -38.766  -54.195  -3.261 0.0000000000
29918  -39.279  -54.361  -3.961 0.0000000000
29944  -37.067  -54.927  -6.390 0.0000000000
29945  -40.374  -53.946  -5.547 0.0000000000
29955  -37.402  -54.687  -7.100 0.0000000000
29956  -40.682  -54.327  -6.043 0.0000000000
29957  -41.143  -54.331  -6.732 0.0000000000
29969  -37.751  -54.413  -7.875 0.0000000000
29970  -38.292  -54.533  -8.745 0.0000000000
29971  -41.533  -54.757  -7.545 0.0000000000
29982  -37.918  -53.857  -8.528 0.0000000000
29983  -41.661  -54.385  -8.357 0.0000000000
29996  -38.616  -54.340  -9.620 0.0000000000
29997  -39.075  -54.602  -10.237 0.0000000000
30005  -38.756  -53.808  -10.515 0.0000000000
30006  -39.318  -54.100  -11.370 0.0000000000
30874  -39.592  -53.519  -4.385 0.0000000000
30875  -40.059  -53.527  -5.062 0.0000000000
30888  -40.446  -53.150  -5.639 0.0000000000
30900  -37.171  -53.352  -7.066 0.0000000000
30901  -40.817  -53.599  -6.302 0.0000000000
30913  -37.534  -53.475  -7.926 0.0000000000
30915  -41.365  -53.807  -7.516 0.0000000000
30927  -37.833  -53.196  -8.756 0.0000000000
30928  -38.271  -53.632  -9.445 0.0000000000
30941  -38.472  -52.884  -10.687 0.0000000000
30950  -39.112  -53.129  -11.797 0.0000000000
30960  -39.760  -52.908  -12.464 0.0000000000
31867  -40.462  -52.340  -5.775 0.0000000000
31877  -40.722  -52.258  -6.554 0.0000000000
31891  -37.293  -52.565  -7.686 0.0000000000
31892  -40.849  -52.295  -7.379 0.0000000000
31905  -37.508  -52.170  -8.542 0.0000000000
31906  -38.041  -52.750  -9.592 0.0000000000
31907  -40.757  -52.346  -8.470 0.0000000000
31916  -37.780  -51.956  -9.580 0.0000000000
31917  -38.184  -52.175  -10.527 0.0000000000
31927  -38.567  -51.598  -11.600 0.0000000000
31928  -40.207  -52.229  -11.618 0.0000000000
31940  -39.165  -51.738  -12.137 0.0000000000
31941  -39.619  -52.297  -12.186 0.0000000000
31942  -40.087  -52.537  -12.232 0.0000000000
32821  -38.722  -50.938  -2.250 0.0000000000
32822  -39.057  -51.234  -3.203 0.0000000000
32846  -39.581  -51.210  -4.322 0.0000000000
32858  -40.085  -51.628  -5.203 0.0000000000
32859  -40.455  -51.573  -6.078 0.0000000000
32872  -37.064  -51.913  -7.250 0.0000000000
32873  -40.567  -51.581  -6.878 0.0000000000
32886  -36.984  -51.187  -7.363 0.0000000000
32887  -37.235  -51.686  -7.996 0.0000000000
32888  -40.499  -51.602  -7.781 0.0000000000
32894  -37.457  -51.379  -8.933 0.0000000000
32895  -39.825  -50.862  -9.422 0.0000000000
32904  -37.673  -51.027  -10.145 0.0000000000
32905  -38.018  -51.499  -10.720 0.0000000000
32906  -39.678  -50.866  -10.753 0.0000000000
32907  -40.040  -51.640  -11.033 0.0000000000
32919  -38.249  -50.665  -11.486 0.0000000000
32920  -39.401  -51.062  -11.763 0.0000000000
32921  -39.689  -51.864  -11.964 0.0000000000
32930  -38.923  -50.924  -12.022 0.0000000000
32931  -39.209  -51.384  -12.033 0.0000000000
33814  -39.382  -50.529  -3.784 0.0000000000
33825  -39.672  -50.283  -4.548 0.0000000000
33840  -40.178  -50.875  -5.694 0.0000000000
33853  -36.753  -50.677  -6.632 0.0000000000
33854  -39.982  -50.300  -6.687 0.0000000000
33855  -40.294  -50.928  -6.408 0.0000000000
33862  -37.182  -50.869  -8.260 0.0000000000
33863  -39.829  -50.250  -7.626 0.0000000000
33864  -40.243  -50.933  -7.218 0.0000000000
33870  -37.061  -50.071  -8.526 0.0000000000
33871  -37.355  -50.518  -9.320 0.0000000000
33872  -39.662  -50.183  -8.819 0.0000000000
33873  -40.057  -50.914  -8.217 0.0000000000
33881  -37.606  -50.008  -10.718 0.0000000000
33882  -39.490  -50.170  -10.208 0.0000000000
33893  -38.204  -49.766  -11.659 0.0000000000
33894  -38.714  -50.238  -11.816 0.0000000000
33895  -39.176  -50.252  -11.505 0.0000000000
33904  -38.504  -49.724  -11.647 0.0000000000
33905  -38.994  -50.601  -11.947 0.0000000000
34780  -39.662  -49.403  -4.684 0.0000000000
34792  -39.735  -49.390  -5.390 0.0000000000
34807  -39.825  -49.641  -6.075 0.0000000000
34817  -36.659  -49.155  -6.158 0.0000000000
34818  -39.683  -49.566  -7.039 0.0000000000
34825  -36.764  -49.559  -7.898 0.0000000000
34826  -39.520  -49.480  -8.161 0.0000000000
34834  -36.901  -49.402  -8.772 0.0000000000
34835  -37.203  -49.684  -9.547 0.0000000000
34836  -39.304  -49.377  -9.652 0.0000000000
34846  -36.967  -48.922  -9.575 0.0000000000
34847  -37.372  -49.125  -10.578 0.0000000000
34848  -38.373  -49.123  -11.508 0.0000000000
34849  -38.842  -49.093  -10.894 0.0000000000
34859  -37.833  -49.196  -11.474 0.0000000000
34860  -38.794  -49.685  -11.513 0.0000000000
34865  -38.153  -49.176  -11.643 0.0000000000
35771  -39.666  -48.891  -5.102 0.0000000000
35777  -36.640  -48.139  -6.485 0.0000000000
35778  -39.650  -48.891  -5.705 0.0000000000
35784  -36.666  -48.714  -8.487 0.0000000000
35785  -39.432  -48.786  -7.507 0.0000000000
35794  -36.746  -48.252  -9.536 0.0000000000
35795  -39.234  -48.700  -8.677 0.0000000000
35805  -37.177  -48.272  -10.618 0.0000000000
35806  -38.403  -48.337  -11.145 0.0000000000
35807  -38.922  -48.538  -9.916 0.0000000000
35814  -37.791  -48.142  -11.417 0.0000000000
35815  -38.065  -48.608  -11.570 0.0000000000
35846  -45.220  -48.666  -15.502 0.0000000000
36832  -36.806  -47.661  -5.568 0.0000000000
36833  -39.519  -47.519  -5.532 0.0000000000
36840  -36.681  -47.287  -6.300 0.0000000000
36841  -39.401  -47.360  -6.396 0.0000000000
36848  -39.199  -47.285  -7.443 0.0000000000
36856  -38.526  -46.958  -10.014 0.0000000000
36857  -38.872  -47.282  -8.744 0.0000000000
36867  -36.524  -46.692  -9.789 0.0000000000
36868  -38.654  -47.754  -10.042 0.0000000000
36877  -37.273  -47.388  -11.093 0.0000000000
36878  -37.725  -47.431  -11.259 0.0000000000
36879  -38.179  -47.416  -11.089 0.0000000000
36895  -44.460  -48.260  -13.070 0.0000000000
36900  -44.499  -48.583  -14.345 0.0000000000
36904  -44.773  -48.217  -15.192 0.0000000000
36906  -45.180  -47.911  -15.559 0.0000000000
36907  -45.788  -48.289  -15.801 0.0000000000
36909  -46.788  -47.624  -16.034 0.0000000000
37915  -39.581  -46.322  -4.859 0.0000000000
37929  -39.452  -46.590  -5.749 0.0000000000
37937  -36.657  -46.558  -6.618 0.0000000000
37938  -39.268  -46.512  -6.823 0.0000000000
37946  -36.513  -46.440  -7.516 0.0000000000
37947  -38.772  -45.827  -8.288 0.0000000000
37948  -38.956  -46.496  -7.896 0.0000000000
37960  -36.443  -46.228  -8.704 0.0000000000
37961  -38.671  -46.393  -9.016 0.0000000000
37971  -36.489  -46.031  -10.046 0.0000000000
37972  -38.358  -46.237  -10.136 0.0000000000
37973  -44.685  -46.620  -9.643 0.0000000000
37980  -36.788  -46.578  -10.890 0.0000000000
37981  -37.253  -46.686  -11.290 0.0000000000
37982  -37.347  -45.979  -11.271 0.0000000000
37983  -44.616  -46.871  -10.545 0.0000000000
37991  -44.417  -46.334  -11.938 0.0000000000
37999  -44.270  -46.443  -12.949 0.0000000000
38003  -44.171  -46.561  -13.876 0.0000000000
38004  -46.780  -47.189  -14.526 0.0000000000
38005  -47.406  -46.752  -14.984 0.0000000000
38006  -44.491  -46.706  -14.646 0.0000000000
38007  -47.208  -47.325  -15.725 0.0000000000
38008  -44.989  -47.005  -15.344 0.0000000000
38009  -45.821  -47.393  -15.895 0.0000000000
38010  -47.131  -47.149  -16.299 0.0000000000
38011  -47.567  -46.971  -16.215 0.0000000000
38012  -48.158  -46.541  -16.290 0.0000000000
38013  -47.980  -46.469  -16.501 0.0000000000
38988  -39.702  -45.563  -4.440 0.0000000000
39001  -36.861  -45.921  -6.120 0.0000000000
39002  -37.182  -45.346  -5.613 0.0000000000
39003  -39.530  -45.638  -5.348 0.0000000000
39013  -36.896  -45.039  -6.478 0.0000000000
39014  -39.280  -45.072  -6.628 0.0000000000
39026  -36.488  -45.735  -7.747 0.0000000000
39027  -38.723  -45.043  -8.182 0.0000000000
39028  -39.077  -45.638  -7.312 0.0000000000
39040  -36.429  -45.479  -9.306 0.0000000000
39041  -38.494  -45.519  -9.259 0.0000000000
39042  -44.588  -45.494  -8.543 0.0000000000
39051  -36.483  -45.258  -10.320 0.0000000000
39052  -37.974  -45.525  -10.628 0.0000000000
39053  -44.545  -45.608  -9.530 0.0000000000
39061  -36.742  -45.096  -11.237 0.0000000000
39062  -36.971  -45.269  -11.466 0.0000000000
39063  -37.291  -45.122  -11.313 0.0000000000
39064  -44.473  -45.516  -10.526 0.0000000000
39072  -36.901  -44.719  -11.436 0.0000000000
39073  -44.377  -45.555  -11.444 0.0000000000
39079  -44.228  -45.599  -12.392 0.0000000000
39083  -44.092  -45.636  -13.325 0.0000000000
39085  -44.199  -45.652  -14.184 0.0000000000
39086  -44.702  -45.283  -14.686 0.0000000000
39087  -47.888  -46.738  -15.820 0.0000000000
39088  -48.547  -46.302  -15.974 0.0000000000
39089  -44.765  -46.086  -14.961 0.0000000000
39090  -45.332  -45.595  -15.316 0.0000000000
39091  -48.610  -46.142  -16.531 0.0000000000
39092  -49.312  -45.612  -16.822 0.0000000000
39093  -47.364  -46.335  -16.433 0.0000000000
39998  -41.408  -44.300  -2.728 0.0000000000
40010  -40.021  -44.870  -3.803 0.0000000000
40011  -40.645  -44.383  -3.159 0.0000000000
40027  -39.739  -44.649  -4.842 0.0000000000
40028  -40.275  -43.981  -3.965 0.0000000000
40039  -39.645  -44.019  -5.649 0.0000000000
40040  -43.814  -43.875  -4.701 0.0000000000
40041  -44.195  -44.122  -5.525 0.0000000000
40050  -36.813  -44.315  -7.063 0.0000000000
40051  -37.166  -44.208  -6.306 0.0000000000
40052  -39.382  -44.344  -6.492 0.0000000000
40053  -44.416  -44.334  -6.506 0.0000000000
40067  -36.531  -44.295  -8.049 0.0000000000
40068  -38.863  -44.331  -7.826 0.0000000000
40069  -39.090  -44.736  -7.251 0.0000000000
40070  -44.501  -44.487  -7.740 0.0000000000
40080  -36.419  -44.600  -9.354 0.0000000000
40081  -38.565  -44.263  -8.717 0.0000000000
40082  -44.490  -44.612  -8.929 0.0000000000
40092  -36.490  -44.415  -10.705 0.0000000000
40093  -37.677  -44.031  -10.610 0.0000000000
40094  -38.193  -44.702  -9.808 0.0000000000
40095  -44.428  -44.721  -10.004 0.0000000000
40102  -36.721  -44.253  -11.273 0.0000000000
40103  -37.188  -44.296  -11.351 0.0000000000
40104  -37.676  -44.763  -10.848 0.0000000000
40105  -44.333  -44.817  -10.954 0.0000000000
40110  -36.900  -44.198  -11.423 0.0000000000
40111  -43.848  -44.096  -12.068 0.0000000000
40112  -44.150  -44.858  -11.837 0.0000000000
40118  -43.714  -43.944  -12.924 0.0000000000
40119  -43.948  -44.824  -12.716 0.0000000000
40123  -43.960  -44.785  -13.514 0.0000000000
40125  -47.817  -44.260  -12.976 0.0000000000
40126  -44.377  -44.537  -14.177 0.0000000000
40127  -45.133  -44.634  -14.886 0.0000000000
40128  -47.891  -45.922  -14.794 0.0000000000
40129  -48.760  -45.479  -15.338 0.0000000000
40130  -49.606  -45.270  -15.888 0.0000000000
40131  -45.955  -44.935  -15.586 0.0000000000
40132  -46.921  -45.352  -16.230 0.0000000000
40133  -49.154  -45.843  -16.405 0.0000000000
40134  -49.970  -45.531  -16.859 0.0000000000
40135  -50.727  -45.089  -17.189 0.0000000000
40136  -47.957  -45.677  -16.686 0.0000000000
40137  -48.886  -45.435  -17.011 0.0000000000
40138  -50.248  -45.224  -17.250 0.0000000000
40139  -51.437  -44.530  -17.482 0.0000000000
40140  -49.761  -45.171  -17.356 0.0000000000
40141  -50.421  -44.873  -17.573 0.0000000000
40142  -50.917  -44.724  -17.556 0.0000000000
41030  -41.969  -43.782  -2.913 0.0000000000
41044  -41.175  -43.557  -3.367 0.0000000000
41045  -42.633  -43.539  -3.450 0.0000000000
41062  -40.019  -43.627  -4.805 0.0000000000
41063  -40.650  -43.148  -4.148 0.0000000000
41064  -42.872  -42.525  -4.654 0.0000000000
41065  -43.414  -43.171  -4.653 0.0000000000
41078  -39.884  -43.161  -5.478 0.0000000000
41079  -40.324  -42.914  -4.811 0.0000000000
41080  -43.824  -43.406  -5.406 0.0000000000
41081  -44.136  -43.640  -6.095 0.0000000000
41092  -36.779  -43.716  -7.472 0.0000000000
41093  -37.122  -43.573  -6.804 0.0000000000
41094  -39.540  -43.397  -6.377 0.0000000000
41095  -43.844  -42.983  -6.107 0.0000000000
41096  -44.208  -43.396  -6.882 0.0000000000
41111  -36.602  -43.371  -8.191 0.0000000000
41112  -36.975  -43.013  -7.436 0.0000000000
41113  -38.878  -43.625  -7.961 0.0000000000
41114  -39.252  -43.075  -7.245 0.0000000000
41115  -44.306  -43.466  -7.818 0.0000000000
41124  -36.440  -43.770  -8.930 0.0000000000
41125  -38.532  -43.303  -8.900 0.0000000000
41126  -44.347  -43.647  -8.680 0.0000000000
41137  -36.422  -43.675  -10.048 0.0000000000
41138  -37.243  -43.517  -11.247 0.0000000000
41139  -44.319  -43.855  -9.597 0.0000000000
41147  -36.510  -43.547  -11.034 0.0000000000
41148  -36.923  -43.534  -11.419 0.0000000000
41149  -43.613  -42.591  -10.734 0.0000000000
41150  -43.985  -43.226  -10.190 0.0000000000
41156  -36.729  -43.523  -11.283 0.0000000000
41157  -43.814  -43.444  -11.241 0.0000000000
41164  -43.602  -43.287  -12.213 0.0000000000
41166  -48.219  -43.485  -12.534 0.0000000000
41167  -48.961  -43.110  -13.053 0.0000000000
41170  -43.562  -43.126  -12.855 0.0000000000
41171  -43.808  -43.315  -13.360 0.0000000000
41172  -48.545  -43.878  -13.547 0.0000000000
41173  -49.351  -43.551  -14.026 0.0000000000
41174  -44.328  -43.529  -13.906 0.0000000000
41175  -44.939  -43.744  -14.498 0.0000000000
41176  -49.029  -44.479  -14.650 0.0000000000
41177  -49.842  -44.175  -15.130 0.0000000000
41178  -50.677  -43.895  -15.526 0.0000000000
41179  -45.627  -43.851  -15.149 0.0000000000
41180  -46.565  -43.977  -15.734 0.0000000000
41181  -47.419  -43.601  -16.140 0.0000000000
41182  -50.388  -44.931  -16.345 0.0000000000
41183  -51.201  -44.532  -16.665 0.0000000000
41184  -51.976  -44.145  -17.080 0.0000000000
41185  -47.377  -44.617  -16.343 0.0000000000
41186  -48.144  -44.542  -16.698 0.0000000000
41187  -49.007  -44.401  -17.131 0.0000000000
41188  -52.050  -44.124  -17.759 0.0000000000
41189  -52.423  -43.665  -17.961 0.0000000000
41190  -49.946  -44.215  -17.590 0.0000000000
41191  -50.909  -44.406  -17.845 0.0000000000
41192  -51.713  -44.213  -17.920 0.0000000000
42038  -41.375  -42.803  -3.927 0.0000000000
42039  -41.949  -43.112  -3.516 0.0000000000
42054  -40.879  -42.489  -4.507 0.0000000000
42055  -41.556  -42.273  -4.420 0.0000000000
42056  -42.183  -42.261  -4.451 0.0000000000
42067  -39.841  -42.673  -5.943 0.0000000000
42068  -40.381  -42.345  -5.287 0.0000000000
42069  -42.440  -41.864  -5.068 0.0000000000
42070  -43.443  -42.689  -5.356 0.0000000000
42080  -39.606  -42.482  -6.589 0.0000000000
42081  -40.077  -41.950  -6.010 0.0000000000
42082  -43.438  -42.171  -6.129 0.0000000000
42083  -43.848  -42.659  -6.739 0.0000000000
42094  -37.158  -42.162  -7.449 0.0000000000
42095  -38.937  -42.743  -8.055 0.0000000000
42096  -39.356  -42.173  -7.342 0.0000000000
42097  -43.624  -42.059  -7.070 0.0000000000
42098  -44.015  -42.737  -7.472 0.0000000000
42109  -36.691  -42.530  -8.246 0.0000000000
42111  -43.761  -42.114  -7.960 0.0000000000
42112  -44.117  -42.847  -8.346 0.0000000000
42125  -36.398  -42.771  -10.699 0.0000000000
42126  -36.967  -42.692  -11.357 0.0000000000
42127  -37.737  -42.921  -10.227 0.0000000000
42128  -43.810  -42.245  -8.879 0.0000000000
42129  -44.119  -43.020  -9.252 0.0000000000
42138  -36.542  -42.718  -11.136 0.0000000000
42139  -36.494  -41.965  -11.187 0.0000000000
42146  -43.445  -42.599  -11.641 0.0000000000
42153  -43.397  -42.493  -12.496 0.0000000000
42155  -49.429  -42.435  -12.612 0.0000000000
42156  -50.231  -42.094  -13.022 0.0000000000
42157  -43.599  -42.517  -13.156 0.0000000000
42158  -44.158  -42.551  -13.700 0.0000000000
42159  -49.759  -42.772  -13.493 0.0000000000
42160  -50.592  -42.486  -13.877 0.0000000000
42161  -51.358  -42.216  -14.287 0.0000000000
42162  -44.673  -41.884  -14.210 0.0000000000
42163  -45.415  -42.078  -14.779 0.0000000000
42164  -46.217  -41.945  -15.226 0.0000000000
42165  -50.190  -43.255  -14.440 0.0000000000
42166  -51.007  -42.985  -14.860 0.0000000000
42167  -51.811  -42.733  -15.343 0.0000000000
42168  -52.630  -42.469  -15.958 0.0000000000
42169  -45.964  -42.907  -15.261 0.0000000000
42170  -46.794  -42.787  -15.595 0.0000000000
42171  -47.604  -42.598  -15.936 0.0000000000
42172  -48.420  -42.429  -16.229 0.0000000000
42173  -49.269  -42.283  -16.474 0.0000000000
42174  -51.540  -43.639  -15.965 0.0000000000
42175  -52.345  -43.342  -16.519 0.0000000000
42176  -53.066  -42.954  -17.218 0.0000000000
42177  -48.230  -43.403  -16.554 0.0000000000
42178  -49.082  -43.226  -16.905 0.0000000000
42179  -49.886  -42.983  -17.279 0.0000000000
42180  -50.754  -42.832  -17.654 0.0000000000
42181  -52.539  -43.632  -17.581 0.0000000000
42182  -53.050  -43.150  -17.971 0.0000000000
42183  -53.267  -42.431  -18.074 0.0000000000
42184  -50.577  -43.686  -17.781 0.0000000000
42185  -51.383  -43.690  -18.054 0.0000000000
42186  -52.236  -43.502  -18.132 0.0000000000
42187  -52.819  -43.187  -18.076 0.0000000000
43024  -41.112  -41.881  -4.904 0.0000000000
43025  -41.799  -41.754  -4.891 0.0000000000
43033  -40.753  -41.571  -5.558 0.0000000000
43034  -41.400  -41.462  -5.352 0.0000000000
43035  -42.001  -41.253  -5.580 0.0000000000
43036  -42.769  -41.586  -5.800 0.0000000000
43050  -39.826  -41.612  -6.708 0.0000000000
43051  -40.484  -41.224  -6.250 0.0000000000
43052  -42.408  -41.002  -6.306 0.0000000000
43053  -43.101  -41.452  -6.630 0.0000000000
43065  -37.313  -41.324  -7.543 0.0000000000
43068  -42.682  -40.849  -7.112 0.0000000000
43069  -43.295  -41.426  -7.537 0.0000000000
43080  -36.475  -41.105  -9.499 0.0000000000
43081  -36.975  -41.014  -8.313 0.0000000000
43082  -38.654  -41.498  -8.822 0.0000000000
43084  -42.866  -40.815  -8.060 0.0000000000
43085  -43.414  -41.498  -8.486 0.0000000000
43093  -36.052  -41.149  -10.907 0.0000000000
43094  -37.195  -41.776  -11.001 0.0000000000
43095  -38.035  -41.729  -9.731 0.0000000000
43096  -42.990  -40.874  -9.065 0.0000000000
43097  -43.441  -41.631  -9.453 0.0000000000
43104  -36.201  -41.268  -11.131 0.0000000000
43105  -36.634  -41.327  -11.262 0.0000000000
43106  -42.978  -41.016  -10.106 0.0000000000
43107  -43.371  -41.807  -10.411 0.0000000000
43113  -36.244  -41.073  -11.191 0.0000000000
43114  -42.872  -41.196  -11.219 0.0000000000
43115  -43.046  -41.694  -12.066 0.0000000000
43118  -50.362  -41.118  -11.857 0.0000000000
43119  -42.973  -40.660  -12.631 0.0000000000
43120  -43.343  -41.654  -12.900 0.0000000000
43121  -49.875  -41.754  -12.238 0.0000000000
43122  -50.660  -41.426  -12.629 0.0000000000
43123  -51.330  -41.130  -13.017 0.0000000000
43124  -43.820  -41.743  -13.452 0.0000000000
43125  -44.387  -41.007  -13.939 0.0000000000
43126  -50.970  -41.776  -13.420 0.0000000000
43127  -51.659  -41.492  -13.824 0.0000000000
43128  -52.326  -41.176  -14.307 0.0000000000
43129  -45.109  -41.043  -14.506 0.0000000000
43130  -45.811  -41.128  -14.818 0.0000000000
43131  -46.538  -41.209  -15.020 0.0000000000
43132  -47.344  -41.312  -15.077 0.0000000000
43133  -48.227  -41.383  -15.044 0.0000000000
43134  -49.169  -41.356  -15.089 0.0000000000
43135  -49.957  -41.194  -15.281 0.0000000000
43136  -52.098  -41.947  -14.780 0.0000000000
43137  -52.821  -41.607  -15.423 0.0000000000
43138  -47.032  -41.889  -15.456 0.0000000000
43139  -47.868  -41.851  -15.593 0.0000000000
43140  -48.719  -41.800  -15.733 0.0000000000
43141  -49.615  -41.635  -15.919 0.0000000000
43142  -50.609  -41.284  -16.097 0.0000000000
43143  -53.431  -42.113  -16.677 0.0000000000
43144  -54.015  -41.465  -17.325 0.0000000000
43145  -50.164  -42.107  -16.784 0.0000000000
43146  -51.746  -42.806  -18.092 0.0000000000
43147  -52.186  -41.933  -17.930 0.0000000000
43148  -53.500  -42.350  -17.717 0.0000000000
43149  -53.813  -41.585  -17.929 0.0000000000
43150  -52.676  -42.715  -18.198 0.0000000000
44010  -41.239  -40.955  -5.946 0.0000000000
44011  -41.821  -40.771  -6.207 0.0000000000
44023  -40.196  -40.769  -6.880 0.0000000000
44024  -40.806  -40.626  -6.527 0.0000000000
44025  -41.341  -40.455  -6.614 0.0000000000
44026  -41.993  -40.476  -6.776 0.0000000000
44038  -37.416  -40.530  -7.744 0.0000000000
44040  -40.693  -40.055  -7.166 0.0000000000
44041  -41.429  -40.024  -7.293 0.0000000000
44042  -42.163  -40.298  -7.613 0.0000000000
44052  -36.505  -40.151  -9.711 0.0000000000
44053  -36.932  -40.323  -8.716 0.0000000000
44054  -38.834  -39.849  -9.152 0.0000000000
44055  -39.625  -39.698  -8.357 0.0000000000
44056  -41.595  -39.732  -8.113 0.0000000000
44057  -42.333  -40.261  -8.602 0.0000000000
44065  -36.159  -40.329  -10.712 0.0000000000
44066  -37.707  -40.977  -10.245 0.0000000000
44067  -37.994  -40.098  -10.181 0.0000000000
44068  -41.799  -39.671  -9.148 0.0000000000
44069  -42.446  -40.304  -9.666 0.0000000000
44076  -37.114  -40.529  -11.119 0.0000000000
44077  -37.397  -39.544  -10.963 0.0000000000
44078  -42.459  -40.359  -10.751 0.0000000000
44083  -36.423  -40.418  -11.254 0.0000000000
44084  -42.447  -40.324  -11.878 0.0000000000
44090  -50.761  -40.407  -11.535 0.0000000000
44091  -51.506  -39.989  -12.064 0.0000000000
44092  -42.769  -39.637  -12.625 0.0000000000
44093  -43.537  -39.407  -13.214 0.0000000000
44094  -46.453  -40.266  -12.658 0.0000000000
44095  -47.054  -40.536  -13.342 0.0000000000
44098  -51.049  -40.748  -12.305 0.0000000000
44099  -51.579  -40.517  -12.741 0.0000000000
44100  -52.651  -39.759  -13.597 0.0000000000
44101  -44.391  -39.738  -13.772 0.0000000000
44102  -45.494  -40.308  -14.450 0.0000000000
44103  -45.782  -39.876  -14.238 0.0000000000
44104  -46.471  -40.337  -14.179 0.0000000000
44105  -47.900  -40.814  -13.680 0.0000000000
44106  -48.797  -40.627  -13.276 0.0000000000
44108  -50.444  -40.244  -14.371 0.0000000000
44109  -51.899  -40.772  -13.431 0.0000000000
44110  -52.514  -40.403  -13.898 0.0000000000
44111  -46.148  -40.513  -14.616 0.0000000000
44112  -46.861  -40.805  -14.622 0.0000000000
44113  -47.677  -41.018  -14.481 0.0000000000
44114  -48.697  -41.003  -14.230 0.0000000000
44115  -49.739  -40.803  -14.496 0.0000000000
44116  -50.488  -40.686  -15.105 0.0000000000
44117  -51.206  -40.502  -15.741 0.0000000000
44118  -52.994  -40.778  -14.931 0.0000000000
44119  -53.732  -40.414  -15.631 0.0000000000
44120  -51.614  -41.094  -16.931 0.0000000000
44121  -53.613  -41.251  -16.085 0.0000000000
44122  -54.166  -40.809  -16.621 0.0000000000
44123  -52.674  -41.048  -17.777 0.0000000000
44124  -54.409  -40.634  -17.367 0.0000000000
44125  -54.475  -40.122  -17.578 0.0000000000
44126  -53.111  -41.892  -18.205 0.0000000000
44127  -53.617  -41.102  -18.070 0.0000000000
44128  -54.208  -40.700  -17.913 0.0000000000
45001  -38.444  -39.464  -5.557 0.0000000000
45012  -37.887  -39.935  -7.136 0.0000000000
45013  -38.279  -39.277  -6.528 0.0000000000
45029  -37.487  -39.687  -8.111 0.0000000000
45030  -38.016  -39.044  -7.481 0.0000000000
45031  -40.250  -39.525  -7.925 0.0000000000
45032  -40.887  -39.502  -7.857 0.0000000000
45044  -36.342  -39.561  -10.484 0.0000000000
45045  -36.892  -39.381  -9.374 0.0000000000
45046  -39.447  -39.109  -9.179 0.0000000000
45047  -40.397  -39.135  -8.509 0.0000000000
45048  -41.066  -39.229  -8.682 0.0000000000
45061  -36.221  -39.005  -10.993 0.0000000000
45062  -36.541  -38.861  -10.501 0.0000000000
45063  -38.362  -39.062  -10.326 0.0000000000
45064  -39.246  -38.413  -10.221 0.0000000000
45065  -40.501  -38.788  -9.346 0.0000000000
45066  -41.235  -39.109  -9.718 0.0000000000
45067  -41.925  -39.671  -10.255 0.0000000000
45077  -36.201  -39.466  -11.137 0.0000000000
45078  -37.071  -39.609  -11.327 0.0000000000
45079  -37.342  -38.693  -11.208 0.0000000000
45080  -42.010  -39.650  -11.324 0.0000000000
45088  -36.308  -39.755  -11.232 0.0000000000
45089  -42.124  -38.366  -12.254 0.0000000000
45090  -42.237  -39.295  -12.226 0.0000000000
45091  -44.621  -38.685  -12.698 0.0000000000
45092  -45.076  -39.425  -11.652 0.0000000000
45097  -42.999  -38.547  -12.750 0.0000000000
45098  -43.774  -38.493  -13.119 0.0000000000
45099  -44.913  -38.976  -13.270 0.0000000000
45100  -45.645  -39.619  -13.094 0.0000000000
45104  -52.077  -39.315  -12.311 0.0000000000
45105  -52.547  -39.281  -13.032 0.0000000000
45106  -44.188  -38.899  -13.398 0.0000000000
45107  -44.725  -39.085  -13.556 0.0000000000
45108  -45.321  -39.463  -13.760 0.0000000000
45109  -46.099  -39.915  -13.699 0.0000000000
45110  -53.082  -39.222  -13.767 0.0000000000
45111  -50.944  -39.581  -14.445 0.0000000000
45112  -51.413  -39.686  -15.327 0.0000000000
45113  -53.214  -39.921  -14.481 0.0000000000
45114  -53.911  -39.675  -15.383 0.0000000000
45115  -52.058  -40.083  -16.630 0.0000000000
45116  -52.717  -39.212  -17.061 0.0000000000
45117  -54.493  -39.984  -16.494 0.0000000000
45118  -55.081  -39.205  -16.933 0.0000000000
45119  -53.149  -40.141  -17.690 0.0000000000
45120  -54.707  -39.878  -17.235 0.0000000000
45121  -53.960  -40.104  -17.971 0.0000000000
45122  -54.376  -39.960  -17.757 0.0000000000
45931  -38.531  -38.294  -3.849 0.0000000000
45936  -38.534  -38.659  -4.851 0.0000000000
45945  -38.439  -38.544  -5.925 0.0000000000
45957  -38.309  -38.351  -6.872 0.0000000000
45972  -37.584  -38.739  -8.550 0.0000000000
45973  -38.084  -38.063  -7.871 0.0000000000
45986  -37.081  -38.360  -9.855 0.0000000000
45987  -37.682  -37.740  -9.014 0.0000000000
45988  -39.938  -38.718  -9.170 0.0000000000
45989  -42.505  -38.140  -8.120 0.0000000000
46000  -36.386  -38.963  -11.118 0.0000000000
46001  -36.707  -38.226  -10.994 0.0000000000
46002  -38.199  -38.144  -11.093 0.0000000000
46003  -39.857  -38.179  -10.433 0.0000000000
46004  -40.696  -38.552  -10.527 0.0000000000
46005  -42.540  -37.423  -10.144 0.0000000000
46006  -43.223  -38.204  -10.079 0.0000000000
46007  -43.914  -38.673  -10.522 0.0000000000
46012  -36.777  -38.589  -11.186 0.0000000000
46013  -37.619  -37.809  -11.199 0.0000000000
46014  -38.828  -37.413  -11.181 0.0000000000
46015  -40.445  -37.683  -11.401 0.0000000000
46016  -41.250  -38.227  -11.710 0.0000000000
46017  -43.052  -37.407  -10.817 0.0000000000
46018  -43.452  -37.790  -11.283 0.0000000000
46019  -44.039  -38.190  -11.682 0.0000000000
46025  -36.405  -39.270  -11.233 0.0000000000
46026  -43.515  -37.599  -12.163 0.0000000000
46027  -44.096  -38.067  -12.536 0.0000000000
46030  -51.776  -38.486  -11.277 0.0000000000
46031  -52.349  -38.004  -11.785 0.0000000000
46032  -41.998  -37.596  -12.138 0.0000000000
46033  -42.768  -37.650  -12.389 0.0000000000
46034  -43.578  -37.887  -12.645 0.0000000000
46035  -44.279  -38.439  -13.123 0.0000000000
46038  -52.091  -38.737  -11.871 0.0000000000
46039  -52.539  -38.594  -12.515 0.0000000000
46040  -53.115  -38.118  -13.064 0.0000000000
46042  -51.168  -38.065  -13.949 0.0000000000
46043  -52.912  -38.726  -13.246 0.0000000000
46044  -53.560  -38.444  -13.923 0.0000000000
46046  -51.443  -38.763  -14.723 0.0000000000
46047  -54.222  -38.509  -14.841 0.0000000000
46048  -54.932  -38.105  -15.503 0.0000000000
46049  -51.881  -38.112  -15.471 0.0000000000
46050  -52.485  -38.325  -16.499 0.0000000000
46051  -55.292  -38.292  -16.498 0.0000000000
46052  -55.519  -37.729  -16.582 0.0000000000
46053  -53.489  -38.552  -17.382 0.0000000000
46054  -54.416  -38.443  -17.511 0.0000000000
46055  -55.239  -38.415  -17.059 0.0000000000
46056  -53.565  -39.437  -17.647 0.0000000000
46057  -54.333  -39.261  -17.675 0.0000000000
46058  -54.786  -39.410  -17.357 0.0000000000
46872  -38.499  -37.142  -4.060 0.0000000000
46878  -38.459  -37.086  -4.888 0.0000000000
46890  -38.400  -36.901  -6.251 0.0000000000
46905  -38.284  -37.202  -7.176 0.0000000000
46906  -41.837  -37.118  -6.862 0.0000000000
46922  -38.077  -37.036  -8.317 0.0000000000
46923  -41.480  -36.646  -7.696 0.0000000000
46924  -41.889  -37.384  -7.876 0.0000000000
46935  -37.350  -37.425  -10.300 0.0000000000
46936  -37.792  -36.762  -9.413 0.0000000000
46937  -41.444  -36.618  -8.546 0.0000000000
46938  -42.031  -37.325  -9.089 0.0000000000
46942  -37.375  -37.307  -10.860 0.0000000000
46943  -37.682  -36.577  -10.362 0.0000000000
46944  -41.510  -36.489  -9.485 0.0000000000
46945  -41.937  -36.625  -10.288 0.0000000000
46950  -37.309  -37.578  -11.041 0.0000000000
46951  -38.207  -36.801  -11.166 0.0000000000
46952  -39.313  -36.635  -11.336 0.0000000000
46953  -40.371  -36.713  -11.503 0.0000000000
46954  -42.386  -36.807  -11.165 0.0000000000
46958  -51.889  -37.089  -10.832 0.0000000000
46959  -39.915  -36.102  -11.287 0.0000000000
46960  -41.412  -37.057  -11.795 0.0000000000
46961  -42.463  -36.981  -11.729 0.0000000000
46962  -42.985  -37.163  -11.755 0.0000000000
46964  -51.882  -37.740  -11.050 0.0000000000
46965  -52.362  -37.075  -11.429 0.0000000000
46966  -42.267  -37.078  -12.184 0.0000000000
46967  -43.033  -37.290  -12.158 0.0000000000
46970  -52.792  -37.288  -12.158 0.0000000000
46971  -53.284  -37.411  -12.809 0.0000000000
46973  -53.806  -37.594  -13.615 0.0000000000
46974  -54.777  -37.136  -14.262 0.0000000000
46975  -51.240  -37.113  -14.293 0.0000000000
46976  -54.407  -37.864  -14.528 0.0000000000
46977  -55.393  -37.419  -15.253 0.0000000000
46978  -56.200  -37.012  -15.864 0.0000000000
46979  -51.643  -37.269  -15.188 0.0000000000
46980  -52.264  -37.355  -16.129 0.0000000000
46981  -55.660  -37.622  -15.961 0.0000000000
46982  -55.888  -37.250  -16.289 0.0000000000
46983  -53.010  -37.771  -16.911 0.0000000000
46984  -53.939  -37.755  -17.328 0.0000000000
46985  -54.954  -37.901  -17.299 0.0000000000
46986  -55.472  -37.563  -16.776 0.0000000000
46987  -54.892  -38.728  -17.425 0.0000000000
47911  -38.755  -36.269  -3.886 0.0000000000
47922  -38.617  -36.373  -4.790 0.0000000000
47935  -38.484  -36.621  -5.537 0.0000000000
47936  -41.559  -35.638  -5.667 0.0000000000
47937  -42.161  -36.194  -5.375 0.0000000000
47947  -38.471  -36.162  -6.166 0.0000000000
47948  -41.561  -36.040  -6.337 0.0000000000
47949  -42.309  -37.036  -5.836 0.0000000000
47963  -38.254  -36.146  -7.852 0.0000000000
47964  -40.110  -35.056  -7.830 0.0000000000
47965  -40.898  -35.759  -8.058 0.0000000000
47976  -37.989  -35.942  -9.583 0.0000000000
47977  -40.189  -35.204  -8.864 0.0000000000
47978  -40.905  -35.921  -9.199 0.0000000000
47981  -37.823  -36.664  -10.865 0.0000000000
47982  -38.071  -35.853  -10.395 0.0000000000
47983  -40.382  -35.444  -9.886 0.0000000000
47984  -41.217  -35.980  -10.322 0.0000000000
47985  -41.764  -36.280  -10.940 0.0000000000
47989  -38.432  -35.993  -10.941 0.0000000000
47990  -39.320  -35.679  -10.977 0.0000000000
47991  -40.371  -35.767  -11.025 0.0000000000
47992  -41.231  -35.987  -11.039 0.0000000000
47996  -52.097  -36.432  -10.918 0.0000000000
47997  -41.111  -36.282  -11.398 0.0000000000
47998  -41.852  -36.513  -11.369 0.0000000000
48000  -52.515  -36.257  -11.406 0.0000000000
48001  -52.896  -36.531  -11.955 0.0000000000
48004  -54.582  -36.055  -13.228 0.0000000000
48005  -50.724  -36.457  -13.684 0.0000000000
48006  -54.039  -36.746  -13.248 0.0000000000
48007  -55.292  -36.470  -14.010 0.0000000000
48008  -56.540  -36.091  -14.635 0.0000000000
48009  -50.948  -36.151  -14.568 0.0000000000
48010  -51.260  -35.964  -15.265 0.0000000000
48011  -55.984  -36.717  -15.070 0.0000000000
48012  -56.483  -36.241  -15.434 0.0000000000
48013  -51.751  -36.550  -15.637 0.0000000000
48014  -52.436  -36.441  -16.235 0.0000000000
48015  -53.460  -36.338  -16.580 0.0000000000
48016  -56.243  -36.869  -16.072 0.0000000000
48017  -53.164  -37.066  -16.813 0.0000000000
48018  -54.291  -37.076  -17.055 0.0000000000
48019  -55.137  -37.079  -16.946 0.0000000000
48020  -55.794  -37.105  -16.502 0.0000000000
48929  -39.123  -35.758  -3.387 0.0000000000
48930  -39.656  -35.376  -3.219 0.0000000000
48931  -41.260  -35.032  -3.677 0.0000000000
48946  -39.039  -35.807  -4.650 0.0000000000
48947  -39.722  -35.486  -4.867 0.0000000000
48948  -40.633  -35.320  -4.525 0.0000000000
48949  -41.608  -35.287  -4.423 0.0000000000
48960  -38.731  -35.820  -5.628 0.0000000000
48961  -39.289  -35.533  -5.434 0.0000000000
48962  -40.182  -35.337  -5.673 0.0000000000
48963  -41.175  -35.383  -5.305 0.0000000000
48964  -41.966  -35.565  -4.972 0.0000000000
48972  -38.682  -35.647  -6.559 0.0000000000
48973  -39.280  -35.361  -6.198 0.0000000000
48974  -40.008  -35.113  -6.843 0.0000000000
48975  -40.837  -35.415  -7.084 0.0000000000
48987  -38.647  -35.421  -7.549 0.0000000000
48988  -39.322  -34.945  -7.681 0.0000000000
48995  -38.405  -35.481  -8.709 0.0000000000
48996  -38.799  -34.955  -9.227 0.0000000000
48997  -39.517  -34.993  -9.602 0.0000000000
49000  -38.784  -35.256  -10.299 0.0000000000
49001  -39.804  -35.371  -10.486 0.0000000000
49011  -52.309  -35.460  -10.998 0.0000000000
49012  -52.935  -35.738  -11.730 0.0000000000
49014  -50.330  -35.897  -13.069 0.0000000000
49015  -53.642  -36.023  -12.501 0.0000000000
49016  -54.619  -35.328  -12.812 0.0000000000
49017  -55.992  -35.265  -13.444 0.0000000000
49018  -49.964  -34.972  -13.283 0.0000000000
49019  -50.475  -35.464  -14.089 0.0000000000
49020  -55.647  -35.849  -13.695 0.0000000000
49021  -56.656  -35.655  -14.122 0.0000000000
49022  -57.229  -35.261  -13.933 0.0000000000
49023  -50.832  -35.430  -14.877 0.0000000000
49024  -51.334  -35.329  -15.326 0.0000000000
49025  -57.114  -35.349  -14.594 0.0000000000
49026  -51.822  -35.828  -15.784 0.0000000000
49027  -52.676  -35.719  -16.080 0.0000000000
49028  -53.850  -35.714  -16.182 0.0000000000
49029  -55.252  -35.928  -16.206 0.0000000000
49030  -54.651  -36.415  -16.650 0.0000000000
49031  -55.710  -36.660  -16.434 0.0000000000
49900  -51.975  -34.572  -10.563 0.0000000000
49901  -52.527  -34.480  -11.096 0.0000000000
49902  -49.208  -34.349  -12.159 0.0000000000
49903  -49.612  -35.002  -12.354 0.0000000000
49904  -53.196  -34.364  -11.567 0.0000000000
49905  -54.065  -34.421  -12.183 0.0000000000
49906  -49.507  -34.387  -12.896 0.0000000000
49907  -55.213  -34.612  -12.712 0.0000000000
49908  -56.469  -34.745  -13.262 0.0000000000
49909  -57.602  -34.759  -13.748 0.0000000000
49910  -50.133  -34.555  -14.158 0.0000000000
49911  -57.683  -34.968  -14.213 0.0000000000
49912  -57.759  -34.798  -14.200 0.0000000000
49913  -50.448  -34.340  -14.548 0.0000000000
49914  -52.235  -34.636  -15.020 0.0000000000
49915  -53.381  -34.558  -14.861 0.0000000000
49916  -54.743  -34.648  -14.879 0.0000000000
49917  -56.299  -34.938  -14.995 0.0000000000
49918  -57.164  -35.083  -14.689 0.0000000000
49919  -57.546  -35.026  -14.403 0.0000000000
49920  -52.017  -35.214  -15.570 0.0000000000
49921  -52.995  -35.132  -15.595 0.0000000000
49922  -54.311  -35.196  -15.524 0.0000000000
49923  -55.821  -35.510  -15.573 0.0000000000
49924  -56.750  -35.679  -15.210 0.0000000000
50728  -47.735  -33.322  -9.691 0.0000000000
50730  -48.137  -33.556  -10.382 0.0000000000
50732  -52.771  -33.711  -11.117 0.0000000000
50733  -53.050  -32.961  -10.998 0.0000000000
50734  -47.994  -32.811  -11.016 0.0000000000
50735  -48.726  -33.674  -11.909 0.0000000000
50736  -53.614  -33.566  -11.558 0.0000000000
50737  -54.653  -33.717  -12.128 0.0000000000
50738  -55.701  -33.400  -12.274 0.0000000000
50739  -56.841  -34.235  -12.938 0.0000000000
50740  -57.862  -34.156  -13.409 0.0000000000
50741  -48.721  -32.886  -13.293 0.0000000000
50742  -49.283  -33.279  -13.715 0.0000000000
50743  -51.984  -33.300  -13.928 0.0000000000
50744  -52.984  -33.241  -13.862 0.0000000000
50745  -53.968  -33.034  -13.873 0.0000000000
50746  -57.977  -34.506  -14.058 0.0000000000
50747  -49.848  -33.757  -14.166 0.0000000000
50748  -50.411  -33.764  -14.370 0.0000000000
50749  -51.316  -34.109  -14.590 0.0000000000
50750  -52.595  -33.940  -14.358 0.0000000000
50751  -53.751  -33.878  -14.309 0.0000000000
50752  -55.126  -33.803  -14.340 0.0000000000
50753  -56.615  -34.216  -14.527 0.0000000000
50754  -57.522  -34.645  -14.406 0.0000000000
51518  -47.348  -32.219  -7.265 0.0000000000
51523  -47.311  -32.297  -7.994 0.0000000000
51525  -47.462  -32.715  -9.302 0.0000000000
51527  -47.691  -32.770  -10.202 0.0000000000
51532  -47.771  -32.330  -11.613 0.0000000000
51533  -48.272  -32.821  -11.938 0.0000000000
51534  -53.766  -32.802  -11.323 0.0000000000
51535  -54.611  -32.880  -11.642 0.0000000000
51536  -56.113  -32.654  -11.966 0.0000000000
51537  -56.928  -32.172  -11.854 0.0000000000
51538  -58.082  -32.674  -12.413 0.0000000000
51539  -47.760  -32.153  -12.441 0.0000000000
51540  -48.235  -32.545  -12.873 0.0000000000
51541  -57.072  -33.586  -12.630 0.0000000000
51542  -58.167  -33.538  -12.923 0.0000000000
51543  -58.957  -32.982  -12.954 0.0000000000
51544  -59.491  -32.432  -12.999 0.0000000000
51545  -47.870  -32.041  -13.101 0.0000000000
51546  -48.391  -32.354  -13.294 0.0000000000
51547  -48.901  -32.548  -13.608 0.0000000000
51548  -49.581  -32.435  -13.772 0.0000000000
51549  -51.579  -32.461  -13.727 0.0000000000
51550  -52.430  -32.633  -13.726 0.0000000000
51551  -53.177  -32.370  -13.784 0.0000000000
51552  -58.341  -33.655  -13.542 0.0000000000
51553  -58.928  -32.821  -13.254 0.0000000000
51554  -49.455  -33.098  -13.902 0.0000000000
51555  -50.002  -33.152  -14.111 0.0000000000
51556  -50.918  -33.225  -14.042 0.0000000000
51557  -54.101  -31.949  -13.944 0.0000000000
51558  -54.783  -32.757  -13.966 0.0000000000
51559  -56.235  -32.177  -14.250 0.0000000000
51560  -57.556  -32.331  -14.230 0.0000000000
51561  -58.416  -32.898  -13.753 0.0000000000
51562  -58.825  -32.007  -13.845 0.0000000000
52405  -47.339  -31.576  -6.971 0.0000000000
52410  -46.920  -31.148  -9.028 0.0000000000
52411  -47.197  -31.688  -8.433 0.0000000000
52414  -47.209  -31.872  -9.186 0.0000000000
52418  -46.852  -31.351  -10.002 0.0000000000
52419  -47.476  -32.103  -10.872 0.0000000000
52425  -46.765  -31.351  -11.081 0.0000000000
52426  -47.298  -31.740  -11.817 0.0000000000
52432  -46.611  -31.108  -12.026 0.0000000000
52433  -47.336  -31.484  -12.672 0.0000000000
52434  -58.781  -32.345  -12.353 0.0000000000
52436  -59.844  -31.920  -12.693 0.0000000000
52437  -47.793  -31.581  -13.165 0.0000000000
52438  -48.282  -31.976  -13.409 0.0000000000
52439  -48.961  -31.789  -13.629 0.0000000000
52440  -50.063  -31.455  -13.686 0.0000000000
52441  -51.190  -31.574  -13.763 0.0000000000
52442  -52.329  -31.708  -13.828 0.0000000000
52443  -53.236  -31.539  -14.035 0.0000000000
52444  -59.323  -32.123  -13.452 0.0000000000
52445  -59.751  -31.553  -13.366 0.0000000000
52446  -51.768  -30.738  -14.153 0.0000000000
52447  -52.849  -30.672  -14.454 0.0000000000
52448  -53.799  -30.945  -14.472 0.0000000000
52449  -54.714  -31.083  -14.545 0.0000000000
52450  -55.654  -31.170  -14.622 0.0000000000
52451  -57.532  -30.873  -14.784 0.0000000000
52452  -58.419  -30.752  -14.681 0.0000000000
52453  -59.178  -31.230  -14.064 0.0000000000
52454  -59.466  -30.660  -14.049 0.0000000000
53286  -47.315  -30.787  -7.015 0.0000000000
53292  -47.168  -30.629  -7.857 0.0000000000
53298  -46.826  -30.407  -8.800 0.0000000000
53302  -45.549  -30.194  -10.565 0.0000000000
53303  -46.422  -30.584  -9.779 0.0000000000
53309  -45.160  -30.041  -11.399 0.0000000000
53310  -46.133  -30.723  -10.662 0.0000000000
53322  -46.758  -30.514  -12.450 0.0000000000
53323  -47.405  -30.993  -13.019 0.0000000000
53324  -48.424  -30.357  -12.993 0.0000000000
53327  -48.282  -31.297  -13.365 0.0000000000
53328  -49.192  -30.857  -13.508 0.0000000000
53329  -50.073  -30.451  -13.674 0.0000000000
53330  -51.366  -30.061  -14.276 0.0000000000
53331  -59.378  -29.969  -14.212 0.0000000000
53332  -59.963  -30.530  -13.556 0.0000000000
53333  -60.447  -30.159  -13.009 0.0000000000
53334  -52.257  -29.926  -14.675 0.0000000000
53335  -53.220  -29.696  -15.116 0.0000000000
53336  -54.209  -29.497  -15.523 0.0000000000
53337  -55.415  -30.272  -15.391 0.0000000000
53338  -56.923  -30.091  -15.667 0.0000000000
53339  -57.634  -29.959  -15.540 0.0000000000
53340  -58.297  -29.911  -15.204 0.0000000000
53341  -58.959  -30.235  -14.654 0.0000000000
53342  -55.383  -29.245  -15.833 0.0000000000
53343  -56.272  -29.586  -15.789 0.0000000000
53344  -56.862  -29.551  -15.741 0.0000000000
54240  -46.664  -29.543  -8.970 0.0000000000
54252  -45.104  -29.643  -10.571 0.0000000000
54253  -46.056  -29.945  -9.758 0.0000000000
54261  -44.165  -28.997  -11.075 0.0000000000
54262  -44.366  -29.263  -11.088 0.0000000000
54267  -44.516  -29.380  -11.216 0.0000000000
54268  -45.300  -29.780  -11.678 0.0000000000
54269  -55.419  -29.170  -12.259 0.0000000000
54270  -56.241  -29.228  -12.419 0.0000000000
54272  -46.100  -30.083  -12.120 0.0000000000
54273  -46.940  -29.826  -12.344 0.0000000000
54274  -48.063  -29.573  -12.422 0.0000000000
54275  -49.047  -29.458  -12.630 0.0000000000
54276  -49.922  -29.224  -12.872 0.0000000000
54277  -55.276  -29.134  -13.048 0.0000000000
54278  -55.982  -29.320  -13.314 0.0000000000
54279  -56.874  -29.406  -13.510 0.0000000000
54280  -57.851  -29.390  -13.519 0.0000000000
54281  -59.230  -29.146  -13.332 0.0000000000
54282  -60.082  -29.208  -13.122 0.0000000000
54284  -49.477  -29.988  -13.271 0.0000000000
54285  -50.314  -29.696  -13.583 0.0000000000
54286  -51.091  -29.558  -14.017 0.0000000000
54287  -55.808  -28.686  -14.442 0.0000000000
54288  -56.571  -29.085  -14.839 0.0000000000
54289  -57.505  -29.463  -14.825 0.0000000000
54290  -58.281  -29.543  -14.306 0.0000000000
54291  -58.899  -29.620  -14.231 0.0000000000
54292  -59.906  -29.804  -13.593 0.0000000000
54293  -51.905  -29.421  -14.510 0.0000000000
54294  -52.855  -29.147  -15.060 0.0000000000
54295  -53.958  -28.858  -15.556 0.0000000000
54296  -56.668  -29.339  -15.602 0.0000000000
54297  -57.482  -29.731  -15.456 0.0000000000
54298  -58.255  -29.720  -14.983 0.0000000000
54299  -58.731  -29.897  -14.796 0.0000000000
54300  -54.897  -28.720  -15.821 0.0000000000
54301  -56.240  -29.024  -15.819 0.0000000000
55184  -46.589  -28.688  -9.051 0.0000000000
55185  -47.072  -28.249  -8.469 0.0000000000
55192  -44.789  -28.948  -10.503 0.0000000000
55193  -45.747  -28.359  -9.731 0.0000000000
55199  -44.032  -28.641  -10.943 0.0000000000
55209  -44.112  -28.727  -11.118 0.0000000000
55210  -44.729  -28.967  -11.539 0.0000000000
55211  -45.951  -29.430  -11.995 0.0000000000
55212  -45.981  -28.469  -11.776 0.0000000000
55214  -54.672  -29.029  -12.238 0.0000000000
55215  -55.843  -28.921  -11.603 0.0000000000
55220  -48.628  -28.784  -12.233 0.0000000000
55221  -49.211  -28.111  -12.230 0.0000000000
55222  -50.165  -28.308  -12.586 0.0000000000
55223  -51.029  -28.058  -12.931 0.0000000000
55225  -54.902  -28.537  -13.403 0.0000000000
55226  -57.291  -29.123  -12.470 0.0000000000
55227  -58.511  -28.849  -12.641 0.0000000000
55230  -50.836  -28.858  -13.374 0.0000000000
55231  -51.809  -28.067  -13.621 0.0000000000
55232  -52.853  -27.628  -14.494 0.0000000000
55233  -54.540  -27.781  -13.435 0.0000000000
55234  -55.964  -28.573  -15.488 0.0000000000
55235  -52.416  -28.584  -14.573 0.0000000000
55236  -54.895  -28.061  -15.751 0.0000000000
55237  -55.563  -28.514  -15.701 0.0000000000
56242  -46.632  -27.846  -9.016 0.0000000000
56255  -44.631  -28.016  -10.439 0.0000000000
56256  -45.820  -27.436  -9.633 0.0000000000
56268  -43.343  -26.824  -11.076 0.0000000000
56269  -43.757  -28.038  -10.935 0.0000000000
56277  -43.487  -27.224  -11.052 0.0000000000
56278  -44.000  -28.025  -11.251 0.0000000000
56279  -44.861  -27.927  -11.565 0.0000000000
56280  -46.806  -26.912  -11.833 0.0000000000
56285  -47.874  -27.055  -12.015 0.0000000000
56286  -48.832  -27.267  -12.185 0.0000000000
56287  -50.607  -27.435  -12.712 0.0000000000
56288  -51.393  -27.402  -13.234 0.0000000000
56289  -53.510  -27.004  -12.600 0.0000000000
56290  -54.266  -27.150  -13.235 0.0000000000
56291  -52.293  -27.172  -13.873 0.0000000000
56292  -53.325  -26.772  -14.743 0.0000000000
56293  -55.014  -26.603  -14.265 0.0000000000
56294  -55.184  -26.319  -14.911 0.0000000000
56295  -54.485  -26.449  -15.254 0.0000000000
56296  -55.074  -26.326  -15.121 0.0000000000
57417  -44.859  -27.055  -10.256 0.0000000000
57418  -45.900  -26.521  -9.518 0.0000000000
57421  -43.448  -27.160  -10.953 0.0000000000
57422  -43.788  -26.898  -10.708 0.0000000000
57425  -43.399  -26.740  -11.145 0.0000000000
57426  -44.047  -26.972  -11.401 0.0000000000
57427  -44.832  -26.228  -11.552 0.0000000000
57428  -46.330  -26.130  -11.746 0.0000000000
57432  -47.501  -26.174  -12.092 0.0000000000
57433  -48.470  -26.339  -12.346 0.0000000000
57434  -49.273  -26.589  -12.478 0.0000000000
57435  -50.134  -26.437  -12.795 0.0000000000
57436  -50.953  -26.763  -13.080 0.0000000000
57437  -53.658  -26.017  -12.874 0.0000000000
57438  -54.473  -26.268  -13.557 0.0000000000
57439  -50.922  -25.976  -13.451 0.0000000000
57440  -51.697  -26.565  -13.603 0.0000000000
57441  -52.696  -26.265  -14.417 0.0000000000
57442  -54.987  -25.880  -14.530 0.0000000000
57443  -55.077  -25.898  -14.955 0.0000000000
57444  -53.980  -25.881  -15.162 0.0000000000
57445  -54.829  -25.801  -15.070 0.0000000000
58430  -44.742  -26.116  -10.243 0.0000000000
58431  -45.926  -25.726  -9.417 0.0000000000
58434  -42.828  -25.283  -11.117 0.0000000000
58435  -43.204  -26.302  -10.931 0.0000000000
58437  -43.493  -26.273  -11.279 0.0000000000
58438  -44.120  -25.514  -11.513 0.0000000000
58439  -45.727  -25.378  -11.624 0.0000000000
58440  -47.163  -25.277  -11.953 0.0000000000
58443  -52.599  -25.683  -12.324 0.0000000000
58444  -48.187  -25.507  -12.406 0.0000000000
58445  -49.196  -25.663  -12.776 0.0000000000
58446  -50.105  -25.390  -13.393 0.0000000000
58447  -53.152  -24.723  -12.915 0.0000000000
58448  -54.595  -25.354  -13.883 0.0000000000
58449  -50.407  -24.570  -13.871 0.0000000000
58450  -50.919  -25.150  -13.864 0.0000000000
58451  -53.327  -25.290  -14.944 0.0000000000
58452  -53.935  -24.319  -15.243 0.0000000000
58453  -54.427  -25.150  -15.053 0.0000000000
58454  -54.829  -25.335  -14.794 0.0000000000
59396  -44.411  -24.536  -10.191 0.0000000000
59397  -42.703  -24.786  -11.101 0.0000000000
59398  -42.889  -24.753  -10.865 0.0000000000
59399  -43.738  -25.387  -10.578 0.0000000000
59402  -42.822  -24.823  -11.297 0.0000000000
59403  -43.451  -24.814  -11.497 0.0000000000
59404  -45.038  -24.684  -11.568 0.0000000000
59405  -46.453  -24.544  -11.693 0.0000000000
59408  -47.552  -24.424  -12.004 0.0000000000
59409  -48.413  -24.327  -12.467 0.0000000000
59410  -49.165  -24.204  -13.024 0.0000000000
59411  -52.446  -24.122  -12.636 0.0000000000
59412  -53.764  -23.761  -13.699 0.0000000000
59413  -54.260  -24.596  -13.796 0.0000000000
59414  -49.927  -23.990  -13.682 0.0000000000
59415  -50.833  -23.772  -14.407 0.0000000000
59416  -51.567  -24.449  -14.550 0.0000000000
59417  -54.385  -24.081  -14.614 0.0000000000
59418  -51.947  -23.457  -15.114 0.0000000000
59419  -52.881  -23.885  -15.277 0.0000000000
59420  -53.727  -23.546  -15.289 0.0000000000
59421  -54.168  -23.749  -15.070 0.0000000000
60264  -45.724  -23.216  -8.887 0.0000000000
60265  -46.042  -23.816  -8.797 0.0000000000
60268  -43.789  -23.847  -10.423 0.0000000000
60269  -45.236  -23.872  -9.548 0.0000000000
60271  -42.592  -23.907  -11.096 0.0000000000
60274  -42.699  -24.090  -11.277 0.0000000000
60275  -42.747  -23.199  -11.756 0.0000000000
60276  -44.247  -24.051  -11.621 0.0000000000
60277  -45.782  -23.887  -11.606 0.0000000000
60278  -47.014  -23.753  -11.731 0.0000000000
60281  -51.753  -23.487  -12.365 0.0000000000
60282  -48.022  -23.714  -12.117 0.0000000000
60283  -48.631  -23.054  -12.428 0.0000000000
60284  -49.466  -23.285  -13.215 0.0000000000
60285  -51.738  -22.661  -12.426 0.0000000000
60286  -52.628  -22.619  -13.139 0.0000000000
60287  -53.573  -22.713  -14.006 0.0000000000
60288  -50.410  -23.090  -14.095 0.0000000000
60289  -51.416  -22.843  -14.835 0.0000000000
60290  -53.994  -23.095  -14.765 0.0000000000
60291  -52.374  -22.626  -15.338 0.0000000000
60292  -53.144  -22.970  -15.446 0.0000000000
60293  -53.844  -22.991  -15.142 0.0000000000
61322  -44.716  -23.075  -9.668 0.0000000000
61323  -42.589  -23.181  -11.371 0.0000000000
61324  -42.552  -23.038  -11.149 0.0000000000
61326  -43.921  -22.784  -11.959 0.0000000000
61327  -45.491  -22.516  -11.780 0.0000000000
61328  -46.735  -22.289  -11.740 0.0000000000
61329  -47.626  -22.052  -11.848 0.0000000000
61332  -47.573  -22.887  -11.853 0.0000000000
61333  -48.436  -22.187  -12.182 0.0000000000
61334  -49.317  -22.276  -12.839 0.0000000000
61336  -52.416  -21.781  -12.933 0.0000000000
61337  -53.423  -21.511  -13.989 0.0000000000
61338  -50.159  -22.213  -13.689 0.0000000000
61339  -51.148  -21.998  -14.575 0.0000000000
61340  -53.699  -22.094  -14.688 0.0000000000
61341  -53.807  -22.434  -15.041 0.0000000000
61342  -52.311  -21.816  -15.226 0.0000000000
61343  -53.155  -22.012  -15.345 0.0000000000
62283  -45.261  -21.602  -8.511 0.0000000000
62288  -43.116  -22.146  -10.623 0.0000000000
62289  -44.432  -22.238  -9.656 0.0000000000
62291  -42.394  -21.882  -11.702 0.0000000000
62292  -42.498  -22.411  -11.436 0.0000000000
62294  -42.499  -21.464  -12.023 0.0000000000
62295  -43.095  -22.082  -12.155 0.0000000000
62296  -45.277  -21.126  -12.198 0.0000000000
62297  -46.028  -21.707  -11.884 0.0000000000
62298  -47.131  -21.510  -11.785 0.0000000000
62299  -48.230  -21.304  -11.911 0.0000000000
62303  -43.264  -21.068  -12.342 0.0000000000
62304  -44.067  -21.391  -12.337 0.0000000000
62305  -49.180  -21.305  -12.515 0.0000000000
62306  -50.007  -21.170  -13.308 0.0000000000
62309  -53.362  -20.083  -14.192 0.0000000000
62310  -51.025  -20.985  -14.140 0.0000000000
62311  -52.207  -20.798  -14.877 0.0000000000
62312  -52.881  -19.982  -14.707 0.0000000000
62313  -53.339  -20.744  -14.727 0.0000000000
62314  -53.146  -20.888  -15.119 0.0000000000
63299  -44.970  -20.665  -8.472 0.0000000000
63306  -44.244  -20.288  -9.395 0.0000000000
63307  -44.316  -21.309  -9.519 0.0000000000
63313  -42.404  -21.237  -11.658 0.0000000000
63314  -43.263  -20.210  -10.484 0.0000000000
63317  -46.608  -20.784  -11.923 0.0000000000
63318  -47.625  -20.094  -11.587 0.0000000000
63319  -48.530  -20.294  -11.719 0.0000000000
63320  -49.783  -19.266  -11.952 0.0000000000
63322  -52.266  -18.230  -11.937 0.0000000000
63323  -42.743  -20.509  -12.223 0.0000000000
63324  -43.631  -20.181  -12.482 0.0000000000
63325  -44.426  -20.653  -12.446 0.0000000000
63326  -45.611  -20.145  -12.336 0.0000000000
63327  -49.117  -20.494  -12.184 0.0000000000
63328  -50.191  -19.851  -12.817 0.0000000000
63329  -51.701  -18.809  -13.447 0.0000000000
63330  -52.696  -18.621  -12.888 0.0000000000
63331  -53.105  -18.928  -13.715 0.0000000000
63332  -50.935  -20.033  -13.669 0.0000000000
63333  -52.134  -19.565  -14.345 0.0000000000
63334  -53.003  -19.192  -14.319 0.0000000000
63335  -53.147  -19.214  -14.159 0.0000000000
63336  -53.117  -19.917  -14.555 0.0000000000
64235  -44.615  -19.486  -8.891 0.0000000000
64241  -43.986  -19.438  -9.806 0.0000000000
64247  -42.581  -20.259  -11.512 0.0000000000
64248  -43.052  -19.358  -10.858 0.0000000000
64249  -48.355  -18.781  -10.795 0.0000000000
64250  -49.628  -18.172  -10.832 0.0000000000
64251  -51.380  -17.414  -10.723 0.0000000000
64253  -42.622  -19.927  -12.045 0.0000000000
64254  -46.813  -19.774  -11.803 0.0000000000
64255  -47.682  -19.396  -11.283 0.0000000000
64256  -48.931  -19.210  -11.257 0.0000000000
64257  -50.874  -17.718  -11.422 0.0000000000
64258  -51.957  -17.627  -11.781 0.0000000000
64259  -52.390  -18.217  -12.601 0.0000000000
64260  -43.082  -19.601  -12.343 0.0000000000
64261  -44.093  -19.395  -12.578 0.0000000000
64262  -45.133  -19.302  -12.609 0.0000000000
64263  -46.135  -19.179  -12.308 0.0000000000
64264  -51.434  -18.215  -12.413 0.0000000000
64265  -52.380  -18.230  -12.846 0.0000000000
64266  -52.747  -18.534  -13.297 0.0000000000
64267  -52.682  -18.703  -13.739 0.0000000000
64268  -53.038  -18.806  -13.871 0.0000000000
65204  -43.839  -18.638  -10.263 0.0000000000
65205  -50.595  -17.283  -9.429 0.0000000000
65210  -43.081  -18.598  -11.301 0.0000000000
65211  -47.802  -18.217  -10.524 0.0000000000
65212  -49.244  -17.893  -10.346 0.0000000000
65213  -50.770  -17.242  -10.568 0.0000000000
65214  -51.202  -17.183  -10.525 0.0000000000
65216  -46.319  -18.311  -12.208 0.0000000000
65217  -47.033  -18.829  -11.407 0.0000000000
65218  -51.379  -17.401  -10.904 0.0000000000
65219  -43.652  -18.668  -12.463 0.0000000000
65220  -44.615  -18.091  -12.812 0.0000000000
65221  -45.534  -18.430  -12.768 0.0000000000
66142  -44.940  -17.769  -8.814 0.0000000000
66144  -50.149  -16.827  -8.937 0.0000000000
66145  -50.398  -17.225  -8.549 0.0000000000
66153  -44.398  -17.911  -9.756 0.0000000000
66154  -47.968  -17.042  -9.628 0.0000000000
66155  -49.156  -17.054  -9.435 0.0000000000
66156  -50.217  -16.966  -9.507 0.0000000000
66157  -50.456  -17.077  -9.486 0.0000000000
66161  -43.607  -17.162  -11.309 0.0000000000
66162  -43.643  -17.879  -10.782 0.0000000000
66163  -46.656  -16.951  -11.024 0.0000000000
66164  -47.397  -17.468  -10.347 0.0000000000
66165  -48.595  -17.570  -9.925 0.0000000000
66166  -50.047  -17.148  -9.974 0.0000000000
66167  -50.861  -17.050  -10.075 0.0000000000
66170  -43.324  -17.241  -11.999 0.0000000000
66171  -46.417  -17.519  -12.106 0.0000000000
66172  -46.812  -17.905  -11.266 0.0000000000
66173  -43.672  -17.267  -12.395 0.0000000000
66174  -44.572  -17.280  -12.985 0.0000000000
66175  -45.506  -17.568  -13.094 0.0000000000
66176  -46.054  -17.706  -12.910 0.0000000000
66177  -45.583  -16.890  -13.366 0.0000000000
66178  -46.065  -17.074  -13.275 0.0000000000
67075  -44.676  -16.555  -9.593 0.0000000000
67078  -48.469  -16.561  -9.104 0.0000000000
67079  -49.495  -16.699  -8.986 0.0000000000
67083  -43.574  -16.469  -11.754 0.0000000000
67084  -44.125  -16.321  -10.703 0.0000000000
67085  -46.795  -16.121  -10.332 0.0000000000
67086  -47.165  -16.752  -10.131 0.0000000000
67089  -43.560  -15.790  -12.017 0.0000000000
67090  -46.445  -16.771  -12.142 0.0000000000
67091  -43.621  -16.526  -12.205 0.0000000000
67092  -44.016  -15.786  -12.756 0.0000000000
67093  -46.368  -16.616  -13.113 0.0000000000
67094  -44.798  -16.504  -13.252 0.0000000000
67095  -45.752  -16.287  -13.590 0.0000000000
67096  -46.184  -16.406  -13.493 0.0000000000
68026  -44.650  -15.703  -9.796 0.0000000000
68028  -46.960  -15.482  -9.689 0.0000000000
68034  -44.218  -15.437  -10.677 0.0000000000
68035  -46.628  -15.337  -10.668 0.0000000000
68039  -43.838  -15.206  -11.435 0.0000000000
68040  -46.572  -15.991  -12.388 0.0000000000
68041  -46.607  -15.917  -13.535 0.0000000000
68042  -46.561  -15.738  -13.806 0.0000000000
68928  -44.594  -14.897  -9.940 0.0000000000
68930  -46.795  -14.659  -9.865 0.0000000000
68935  -44.200  -14.681  -10.763 0.0000000000
68936  -46.732  -14.430  -10.798 0.0000000000
68940  -43.621  -15.053  -12.157 0.0000000000
68941  -43.794  -14.461  -11.537 0.0000000000
68942  -47.015  -14.355  -11.916 0.0000000000
68943  -47.589  -14.369  -13.059 0.0000000000
68944  -43.926  -14.858  -12.737 0.0000000000
68945  -44.686  -15.100  -13.353 0.0000000000
68946  -47.102  -15.312  -13.159 0.0000000000
68947  -47.864  -14.635  -14.134 0.0000000000
68948  -46.112  -15.017  -14.017 0.0000000000
68949  -47.428  -14.861  -14.285 0.0000000000
68950  -48.199  -14.201  -14.708 0.0000000000
68951  -48.045  -14.230  -14.831 0.0000000000
69957  -44.574  -14.150  -10.073 0.0000000000
69959  -46.915  -13.738  -10.030 0.0000000000
69964  -44.166  -13.910  -10.859 0.0000000000
69965  -47.146  -13.500  -11.059 0.0000000000
69966  -47.439  -12.728  -10.322 0.0000000000
69970  -43.638  -14.244  -12.309 0.0000000000
69971  -43.702  -13.649  -11.650 0.0000000000
69972  -47.746  -13.443  -12.254 0.0000000000
69973  -43.995  -14.134  -13.004 0.0000000000
69974  -48.748  -13.738  -14.539 0.0000000000
69975  -49.464  -13.087  -13.981 0.0000000000
69976  -44.083  -13.238  -13.111 0.0000000000
69977  -45.092  -13.157  -13.526 0.0000000000
69978  -46.071  -13.986  -14.057 0.0000000000
69979  -47.225  -13.584  -14.616 0.0000000000
69980  -48.741  -13.596  -14.885 0.0000000000
69981  -49.232  -13.220  -14.611 0.0000000000
69982  -48.370  -13.575  -15.001 0.0000000000
70879  -47.783  -11.994  -9.706 0.0000000000
70883  -43.992  -12.359  -11.032 0.0000000000
70884  -48.585  -11.826  -10.697 0.0000000000
70888  -43.493  -12.412  -12.285 0.0000000000
70889  -43.612  -12.806  -11.714 0.0000000000
70890  -49.165  -12.547  -12.806 0.0000000000
70891  -49.777  -11.708  -11.793 0.0000000000
70892  -43.740  -12.511  -12.762 0.0000000000
70893  -49.801  -12.218  -13.421 0.0000000000
70894  -44.281  -12.170  -13.193 0.0000000000
70895  -45.554  -12.302  -13.709 0.0000000000
70896  -46.733  -12.469  -14.373 0.0000000000
70897  -49.566  -12.621  -14.105 0.0000000000
70898  -47.984  -12.813  -14.897 0.0000000000
70899  -48.869  -13.137  -15.024 0.0000000000
70900  -49.218  -13.125  -14.765 0.0000000000
71721  -48.298  -11.011  -7.482 0.0000000000
71732  -48.511  -11.291  -9.247 0.0000000000
71733  -48.938  -10.640  -8.653 0.0000000000
71739  -44.376  -11.232  -9.991 0.0000000000
71740  -48.908  -11.425  -10.083 0.0000000000
71741  -49.874  -10.490  -9.631 0.0000000000
71742  -50.114  -10.622  -10.167 0.0000000000
71746  -43.165  -11.068  -11.870 0.0000000000
71747  -43.848  -11.563  -11.005 0.0000000000
71748  -50.021  -11.125  -10.833 0.0000000000
71752  -43.482  -11.501  -12.521 0.0000000000
71753  -43.483  -11.973  -11.796 0.0000000000
71754  -50.274  -11.267  -11.962 0.0000000000
71755  -44.189  -11.047  -13.161 0.0000000000
71756  -50.025  -11.716  -13.042 0.0000000000
71757  -45.265  -11.383  -13.561 0.0000000000
71758  -48.813  -11.794  -14.354 0.0000000000
71759  -49.591  -12.094  -14.010 0.0000000000
71760  -48.572  -12.457  -14.755 0.0000000000
71761  -49.222  -12.645  -14.564 0.0000000000
72631  -48.793  -10.262  -6.997 0.0000000000
72645  -49.439  -10.006  -8.239 0.0000000000
72654  -50.395  -9.796  -9.436 0.0000000000
72663  -43.381  -9.980  -10.772 0.0000000000
72664  -44.121  -10.374  -9.832 0.0000000000
72665  -50.676  -10.063  -9.990 0.0000000000
72666  -50.469  -10.262  -10.283 0.0000000000
72672  -42.812  -10.175  -11.747 0.0000000000
72673  -43.627  -10.724  -10.907 0.0000000000
72674  -49.830  -10.472  -11.434 0.0000000000
72675  -50.175  -10.812  -10.895 0.0000000000
72681  -42.882  -10.364  -12.201 0.0000000000
72682  -49.023  -10.651  -12.281 0.0000000000
72683  -50.321  -11.005  -12.125 0.0000000000
72687  -43.456  -10.424  -12.716 0.0000000000
72688  -44.494  -10.161  -13.196 0.0000000000
72689  -45.768  -9.946  -13.354 0.0000000000
72690  -47.002  -10.229  -13.347 0.0000000000
72691  -48.367  -10.760  -13.145 0.0000000000
72692  -49.741  -11.164  -12.833 0.0000000000
72693  -45.200  -10.610  -13.446 0.0000000000
72694  -46.472  -10.720  -13.801 0.0000000000
72695  -47.957  -10.908  -13.967 0.0000000000
72696  -49.190  -11.437  -13.591 0.0000000000
73651  -49.830  -9.079  -6.121 0.0000000000
73670  -49.854  -9.366  -7.954 0.0000000000
73671  -50.229  -8.833  -7.689 0.0000000000
73684  -50.708  -9.339  -9.331 0.0000000000
73685  -50.794  -9.125  -9.028 0.0000000000
73695  -43.356  -8.898  -9.047 0.0000000000
73696  -43.883  -9.446  -8.606 0.0000000000
73697  -50.131  -9.162  -9.937 0.0000000000
73698  -50.952  -9.417  -9.746 0.0000000000
73705  -43.448  -9.399  -9.898 0.0000000000
73706  -47.480  -9.318  -10.211 0.0000000000
73707  -49.297  -9.605  -10.186 0.0000000000
73708  -50.424  -9.919  -9.613 0.0000000000
73712  -42.244  -8.571  -11.625 0.0000000000
73713  -42.659  -9.370  -11.367 0.0000000000
73714  -47.043  -9.434  -11.071 0.0000000000
73715  -48.642  -9.945  -10.816 0.0000000000
73716  -50.264  -9.919  -10.762 0.0000000000
73720  -42.440  -9.385  -12.049 0.0000000000
73721  -45.474  -8.974  -12.380 0.0000000000
73722  -46.565  -9.434  -12.041 0.0000000000
73723  -47.955  -10.154  -11.608 0.0000000000
73727  -42.893  -9.687  -12.440 0.0000000000
73728  -43.854  -9.635  -12.878 0.0000000000
73729  -45.065  -9.447  -12.951 0.0000000000
73730  -46.218  -9.548  -12.846 0.0000000000
73731  -47.411  -10.140  -12.580 0.0000000000
74696  -50.455  -8.372  -6.477 0.0000000000
74697  -50.869  -8.313  -5.664 0.0000000000
74712  -50.440  -8.440  -7.426 0.0000000000
74713  -51.037  -8.217  -8.490 0.0000000000
74722  -41.853  -7.854  -7.755 0.0000000000
74723  -42.754  -8.307  -7.858 0.0000000000
74724  -48.143  -8.095  -8.089 0.0000000000
74725  -49.708  -8.427  -8.938 0.0000000000
74726  -51.084  -8.630  -8.916 0.0000000000
74735  -42.013  -7.657  -8.899 0.0000000000
74736  -42.746  -8.333  -8.932 0.0000000000
74737  -47.303  -8.169  -8.551 0.0000000000
74738  -48.844  -8.727  -8.824 0.0000000000
74739  -50.691  -9.153  -9.003 0.0000000000
74745  -41.898  -7.734  -10.058 0.0000000000
74746  -42.626  -8.495  -10.000 0.0000000000
74747  -45.465  -7.858  -10.056 0.0000000000
74748  -46.336  -8.088  -9.261 0.0000000000
74749  -47.831  -8.993  -9.327 0.0000000000
74754  -41.760  -7.984  -11.047 0.0000000000
74755  -42.430  -8.760  -10.901 0.0000000000
74756  -43.797  -7.863  -11.738 0.0000000000
74757  -44.636  -7.702  -10.902 0.0000000000
74758  -45.567  -8.272  -10.718 0.0000000000
74762  -41.925  -7.888  -11.564 0.0000000000
74763  -42.314  -8.523  -11.980 0.0000000000
74764  -43.035  -8.396  -12.283 0.0000000000
74765  -44.444  -8.470  -12.151 0.0000000000
74766  -45.771  -8.689  -11.507 0.0000000000
74769  -42.626  -9.028  -12.283 0.0000000000
74770  -43.471  -8.998  -12.600 0.0000000000
74771  -44.490  -9.008  -12.661 0.0000000000
75630  -51.236  -7.683  -5.977 0.0000000000
75638  -48.725  -7.482  -7.532 0.0000000000
75639  -49.474  -7.577  -8.025 0.0000000000
75640  -50.813  -7.869  -6.873 0.0000000000
75641  -51.179  -7.585  -7.405 0.0000000000
75652  -40.811  -7.191  -8.205 0.0000000000
75653  -41.270  -7.194  -9.037 0.0000000000
75654  -46.051  -6.969  -7.825 0.0000000000
75655  -47.806  -7.416  -7.475 0.0000000000
75656  -50.025  -8.199  -9.012 0.0000000000
75657  -50.490  -7.964  -9.319 0.0000000000
75658  -51.344  -7.993  -8.644 0.0000000000
75659  -51.589  -8.111  -9.621 0.0000000000
75670  -40.175  -6.273  -9.158 0.0000000000
75671  -40.999  -6.533  -9.685 0.0000000000
75672  -41.365  -7.157  -10.016 0.0000000000
75673  -45.111  -6.946  -8.614 0.0000000000
75678  -41.420  -6.772  -10.395 0.0000000000
75679  -41.522  -7.220  -10.708 0.0000000000
75680  -43.718  -6.805  -10.185 0.0000000000
75686  -41.576  -6.815  -10.692 0.0000000000
75687  -41.648  -7.289  -11.138 0.0000000000
75688  -42.124  -7.218  -11.379 0.0000000000
75693  -42.571  -7.820  -11.830 0.0000000000
76559  -51.601  -7.147  -6.363 0.0000000000
76569  -42.556  -6.007  -7.508 0.0000000000
76570  -44.346  -6.420  -6.983 0.0000000000
76571  -45.430  -6.320  -6.671 0.0000000000
76572  -46.324  -6.220  -6.626 0.0000000000
76573  -47.789  -6.785  -6.907 0.0000000000
76574  -48.715  -6.913  -6.970 0.0000000000
76575  -49.675  -7.211  -7.875 0.0000000000
76576  -51.508  -7.308  -8.227 0.0000000000
76577  -52.046  -6.490  -6.648 0.0000000000
76591  -43.357  -6.356  -7.880 0.0000000000
76592  -44.235  -6.600  -8.204 0.0000000000
76593  -45.214  -6.628  -7.552 0.0000000000
76594  -46.841  -6.763  -7.216 0.0000000000
76595  -50.616  -7.570  -9.448 0.0000000000
76596  -51.349  -7.832  -10.105 0.0000000000
76597  -51.774  -7.830  -10.063 0.0000000000
76609  -39.797  -5.588  -9.172 0.0000000000
76610  -42.269  -5.907  -8.955 0.0000000000
76611  -43.242  -6.355  -8.986 0.0000000000
76612  -44.014  -6.667  -9.250 0.0000000000
76613  -52.363  -5.989  -11.167 0.0000000000
76617  -41.852  -6.400  -10.446 0.0000000000
76618  -42.559  -6.726  -10.804 0.0000000000
76619  -42.979  -6.419  -9.969 0.0000000000
76620  -52.063  -5.338  -10.666 0.0000000000
76627  -41.788  -6.810  -11.023 0.0000000000
77473  -40.961  -4.708  -5.984 0.0000000000
77474  -41.980  -5.107  -5.701 0.0000000000
77475  -43.143  -5.416  -5.496 0.0000000000
77479  -47.543  -5.170  -5.893 0.0000000000
77480  -48.340  -5.427  -6.056 0.0000000000
77481  -49.152  -5.344  -6.198 0.0000000000
77489  -40.503  -4.726  -6.914 0.0000000000
77490  -41.636  -5.469  -6.921 0.0000000000
77491  -43.811  -6.053  -6.113 0.0000000000
77495  -47.861  -6.030  -6.358 0.0000000000
77496  -48.958  -6.234  -6.561 0.0000000000
77497  -49.923  -6.433  -7.524 0.0000000000
77498  -50.443  -5.997  -8.010 0.0000000000
77499  -52.018  -6.909  -8.931 0.0000000000
77500  -52.351  -5.886  -7.229 0.0000000000
77514  -40.832  -5.180  -8.175 0.0000000000
77515  -41.700  -5.602  -8.260 0.0000000000
77516  -50.830  -7.109  -9.726 0.0000000000
77517  -51.146  -6.459  -9.861 0.0000000000
77518  -52.377  -6.239  -9.298 0.0000000000
77528  -41.083  -5.631  -9.382 0.0000000000
77529  -52.260  -5.900  -11.019 0.0000000000
77530  -52.361  -5.918  -11.087 0.0000000000
77536  -52.329  -5.556  -11.047 0.0000000000
77537  -52.475  -5.551  -10.957 0.0000000000
77544  -52.462  -5.523  -11.066 0.0000000000
78327  -41.015  -3.837  -5.064 0.0000000000
78328  -42.337  -4.389  -4.869 0.0000000000
78334  -49.349  -4.389  -5.851 0.0000000000
78335  -50.048  -4.289  -6.262 0.0000000000
78343  -49.958  -5.187  -6.617 0.0000000000
78344  -50.516  -4.881  -7.400 0.0000000000
78345  -52.698  -5.330  -7.492 0.0000000000
78359  -50.890  -4.943  -8.684 0.0000000000
78360  -51.277  -5.401  -9.991 0.0000000000
78361  -52.670  -5.107  -8.593 0.0000000000
78362  -53.282  -4.190  -8.195 0.0000000000
78370  -51.968  -5.705  -10.984 0.0000000000
78371  -52.636  -4.841  -9.741 0.0000000000
78378  -52.212  -5.371  -11.011 0.0000000000
79134  -49.721  -3.546  -5.782 0.0000000000
79135  -50.375  -3.661  -6.507 0.0000000000
79144  -50.770  -3.851  -7.638 0.0000000000
79153  -51.021  -4.072  -9.152 0.0000000000
79154  -51.554  -4.411  -10.181 0.0000000000
79155  -53.882  -2.871  -8.202 0.0000000000
79161  -51.925  -4.646  -10.490 0.0000000000
79162  -52.237  -4.125  -10.118 0.0000000000
79163  -52.930  -3.542  -8.909 0.0000000000
79169  -52.184  -4.999  -10.614 0.0000000000
79974  -50.658  -2.845  -6.917 0.0000000000
79985  -50.847  -2.849  -8.598 0.0000000000
79986  -51.198  -2.685  -9.277 0.0000000000
79987  -53.955  -2.152  -8.113 0.0000000000
79988  -54.783  -2.462  -7.919 0.0000000000
79993  -51.625  -2.681  -9.368 0.0000000000
79994  -52.208  -3.058  -9.465 0.0000000000
79995  -52.998  -2.607  -8.577 0.0000000000
80848  -50.451  -1.432  -6.998 0.0000000000
80859  -50.797  -1.731  -8.707 0.0000000000
80860  -54.777  -1.715  -7.799 0.0000000000
80869  -50.826  -1.090  -8.621 0.0000000000
80870  -51.210  -1.932  -9.012 0.0000000000
80871  -52.159  -2.039  -8.888 0.0000000000
81687  -49.755  -0.342  -6.517 0.0000000000
81688  -50.222  -0.757  -7.413 0.0000000000
81699  -49.832  -0.046  -7.629 0.0000000000
81700  -50.150  -0.354  -8.183 0.0000000000
81701  -52.279  -0.332  -8.075 0.0000000000
81703  -53.920  -1.212  -7.820 0.0000000000
81714  -50.446  -0.305  -8.351 0.0000000000
81715  -51.169  -0.387  -8.470 0.0000000000
81716  -51.641  -1.160  -8.577 0.0000000000
82594  -49.459  0.407  -6.782 0.0000000000
82604  -49.537  0.592  -7.882 0.0000000000
82605  -49.938  0.164  -8.214 0.0000000000
82606  -51.746  0.512  -8.047 0.0000000000
82619  -49.722  0.785  -8.269 0.0000000000
82620  -50.210  0.434  -8.342 0.0000000000
82621  -50.796  0.205  -8.380 0.0000000000
83552  -49.114  1.104  -7.134 0.0000000000
83562  -48.651  1.713  -7.710 0.0000000000
83563  -49.220  1.215  -8.114 0.0000000000
83564  -51.751  1.367  -7.902 0.0000000000
83565  -52.533  1.275  -7.670 0.0000000000
83581  -49.543  1.438  -8.359 0.0000000000
83582  -50.044  1.040  -8.407 0.0000000000
83583  -50.832  1.019  -8.231 0.0000000000
84533  -48.913  1.847  -8.301 0.0000000000
84534  -52.301  2.030  -7.723 0.0000000000
84549  -50.301  1.848  -8.324 0.0000000000
84550  -51.371  1.979  -7.991 0.0000000000
131416  -46.974  -7.475  -7.893 0.0000000000
131443  -47.249  -31.463  -7.677 0.0000000000
131590  -42.380  -6.130  -9.735 0.0000000000
131769  -58.181  -31.790  -14.215 0.0000000000
131936  -40.545  -5.815  -9.550 0.0000000000
132281  -37.368  -54.021  -7.325 0.0000000000
132416  -46.455  -47.794  -16.018 0.0000000000
132598  -48.119  -12.532  -11.463 0.0000000000
132609  -38.453  -40.818  -9.347 0.0000000000
132642  -46.282  -11.628  -14.025 0.0000000000
132662  -43.020  -61.741  -4.708 0.0000000000
132691  -41.469  -63.739  -10.742 0.0000000000
132818  -49.443  2.317  -8.463 0.0000000000
132987  -39.422  -34.877  -8.590 0.0000000000
133189  -42.423  -42.821  -3.980 0.0000000000
133237  -50.630  -2.010  -7.574 0.0000000000
133374  -58.021  -34.015  -14.118 0.0000000000
133426  -44.541  -44.852  -8.061 0.0000000000
133513  -40.432  -52.021  -9.669 0.0000000000
133665  -44.458  -44.190  -8.113 0.0000000000
133699  -45.023  -60.874  -11.381 0.0000000000
133815  -36.447  -45.232  -8.365 0.0000000000
133941  -44.443  -44.097  -7.403 0.0000000000
134008  -54.467  -30.235  -15.232 0.0000000000
134060  -39.920  -50.797  -5.053 0.0000000000
134064  -44.378  -60.283  -14.261 0.0000000000
134170  -39.718  -35.536  -4.025 0.0000000000
134320  -44.338  -47.430  -13.523 0.0000000000
134374  -35.915  -39.682  -10.999 0.0000000000
134478  -36.326  -41.989  -10.210 0.0000000000
134545  -39.073  -50.213  -2.824 0.0000000000
134585  -44.550  -7.294  -10.199 0.0000000000
134668  -37.709  -46.783  -11.161 0.0000000000
134703  -43.654  -40.701  -13.372 0.0000000000
134795  -38.088  -36.206  -8.751 0.0000000000
134807  -47.875  -11.535  -8.151 0.0000000000
135022  -44.175  -62.159  -9.119 0.0000000000
135051  -54.460  -24.581  -14.924 0.0000000000
135084  -42.696  -19.272  -11.757 0.0000000000
135089  -44.228  -17.183  -10.251 0.0000000000
135113  -50.058  -11.740  -12.664 0.0000000000
135188  -42.842  -25.425  -11.046 0.0000000000
135287  -36.591  -45.057  -7.405 0.0000000000
135440  -43.609  -13.284  -12.483 0.0000000000
135493  -43.390  -7.251  -11.116 0.0000000000
135543  -48.474  -13.682  -13.576 0.0000000000
135561  -44.605  -19.929  -12.535 0.0000000000
135577  -52.773  -37.890  -12.463 0.0000000000
135631  -50.952  -8.737  -8.886 0.0000000000
135658  -40.316  -54.751  -5.465 0.0000000000
135681  -51.046  2.728  -8.116 0.0000000000
135719  -40.614  -35.678  -10.638 0.0000000000
135725  -44.775  -60.204  -13.356 0.0000000000
135739  -44.540  -44.794  -7.341 0.0000000000
135888  -42.525  -21.666  -11.201 0.0000000000
135894  -44.835  -48.930  -15.192 0.0000000000
135918  -47.332  -32.086  -9.988 0.0000000000
135997  -46.154  -7.505  -8.564 0.0000000000
136121  -36.306  -41.909  -11.049 0.0000000000
136169  -44.649  -46.147  -8.928 0.0000000000
136298  -45.358  -7.443  -9.356 0.0000000000
136417  -44.915  -14.127  -13.488 0.0000000000
136431  -52.475  -5.558  -10.743 0.0000000000
136436  -38.798  -55.905  -3.471 0.0000000000
136491  -43.323  -23.046  -10.554 0.0000000000
136505  -43.866  -27.492  -10.747 0.0000000000
136570  -39.754  -37.282  -11.316 0.0000000000
136652  -53.307  -36.798  -12.505 0.0000000000
136666  -44.418  -12.046  -10.211 0.0000000000
136718  -42.593  -57.859  -7.940 0.0000000000
136724  -38.382  -36.154  -6.889 0.0000000000
136782  -48.795  -7.980  -8.016 0.0000000000
136789  -38.846  -34.996  -8.348 0.0000000000
136837  -44.487  -38.597  -12.011 0.0000000000
136995  -40.917  -35.342  -6.195 0.0000000000
137002  -51.688  -3.598  -9.861 0.0000000000
137008  -37.565  -52.809  -8.343 0.0000000000
137048  -40.668  -64.318  -8.318 0.0000000000
137214  -50.828  -30.699  -13.902 0.0000000000
137229  -44.788  -61.518  -7.988 0.0000000000
137278  -54.594  -24.777  -14.496 0.0000000000
137432  -41.336  -36.167  -7.219 0.0000000000
137471  -53.151  -1.853  -8.266 0.0000000000
137472  -50.910  -34.807  -14.955 0.0000000000
137505  -52.108  -40.008  -12.974 0.0000000000
137523  -43.883  -17.867  -12.563 0.0000000000
137591  -36.702  -47.462  -10.092 0.0000000000
137668  -39.882  -50.099  -5.371 0.0000000000
137670  -38.957  -48.059  -9.041 0.0000000000
137766  -44.492  -39.117  -10.991 0.0000000000
137855  -43.333  -21.095  -10.398 0.0000000000
137874  -44.462  -47.613  -14.497 0.0000000000
137967  -43.739  -42.426  -9.810 0.0000000000
137991  -38.017  -48.012  -11.442 0.0000000000
138032  -39.360  -45.729  -6.279 0.0000000000
138175  -48.217  -44.797  -14.104 0.0000000000
138269  -39.985  -56.220  -5.064 0.0000000000
138371  -44.552  -13.321  -10.103 0.0000000000
138414  -44.435  -47.224  -12.450 0.0000000000
138451  -38.177  -43.853  -9.638 0.0000000000
138581  -43.203  -17.944  -11.713 0.0000000000
138590  -54.601  -38.996  -15.816 0.0000000000
138625  -47.325  -32.335  -8.637 0.0000000000
138718  -52.821  -23.344  -13.158 0.0000000000
138957  -36.490  -47.139  -8.125 0.0000000000
139026  -50.935  -40.155  -14.933 0.0000000000
139117  -45.294  -25.072  -9.721 0.0000000000
139136  -45.983  -6.549  -7.169 0.0000000000
139430  -47.107  -6.250  -6.617 0.0000000000
139495  -38.502  -37.766  -4.615 0.0000000000
139529  -39.398  -48.081  -6.946 0.0000000000
139530  -39.537  -48.175  -6.032 0.0000000000
139610  -51.516  -37.868  -14.673 0.0000000000
139626  -39.439  -56.098  -4.318 0.0000000000
139673  -46.663  -15.168  -11.656 0.0000000000
139680  -39.554  -47.003  -5.055 0.0000000000
139706  -44.631  -21.954  -12.075 0.0000000000
139892  -38.465  -37.628  -5.468 0.0000000000
139946  -39.187  -48.023  -8.021 0.0000000000
139994  -45.811  -29.222  -9.764 0.0000000000
140136  -47.136  -28.976  -8.287 0.0000000000
140175  -40.086  -50.359  -6.031 0.0000000000
140255  -49.554  -24.779  -13.300 0.0000000000
140475  -43.666  -27.976  -10.978 0.0000000000
140612  -42.959  -57.831  -14.792 0.0000000000
140620  -36.437  -42.882  -9.327 0.0000000000
140632  -44.575  -58.664  -12.127 0.0000000000
140766  -49.384  -40.602  -13.759 0.0000000000
140798  -38.954  -36.174  -11.206 0.0000000000
140896  -40.373  -35.186  -3.509 0.0000000000
140904  -47.518  -30.282  -12.665 0.0000000000
140918  -44.869  -8.146  -11.399 0.0000000000
141043  -51.560  -28.928  -14.118 0.0000000000
141048  -57.149  -33.471  -14.299 0.0000000000
141276  -46.415  -8.551  -9.984 0.0000000000
141336  -42.964  -43.103  -4.088 0.0000000000
141545  -42.791  -5.844  -6.377 0.0000000000
141649  -50.559  -32.374  -13.766 0.0000000000
141724  -36.566  -47.273  -7.103 0.0000000000
141770  -42.732  -38.174  -9.127 0.0000000000
141824  -39.184  -43.925  -7.181 0.0000000000
141872  -53.595  -22.396  -15.213 0.0000000000
141923  -39.592  -48.277  -5.256 0.0000000000
142201  -44.504  -46.243  -11.010 0.0000000000
142442  -44.201  -44.038  -10.546 0.0000000000
142462  -53.643  -30.218  -14.998 0.0000000000
142507  -43.176  -26.198  -11.084 0.0000000000
142653  -41.399  -39.078  -10.907 0.0000000000
142675  -43.636  -57.980  -9.850 0.0000000000
142705  -42.551  -22.357  -11.695 0.0000000000
142728  -53.688  -28.084  -15.290 0.0000000000
142749  -46.334  -23.096  -11.664 0.0000000000
142770  -45.413  -46.473  -15.531 0.0000000000
142779  -39.154  -49.659  -10.902 0.0000000000
142795  -41.280  -6.273  -10.084 0.0000000000
142895  -39.272  -52.013  -3.734 0.0000000000
142910  -44.556  -46.178  -10.242 0.0000000000
142949  -52.979  -20.715  -13.486 0.0000000000
142980  -36.622  -45.771  -6.958 0.0000000000
142984  -52.515  -6.023  -10.104 0.0000000000
143001  -44.952  -61.033  -7.970 0.0000000000
143036  -53.530  -21.200  -14.600 0.0000000000
143079  -53.532  -21.687  -15.036 0.0000000000
143092  -55.413  -27.365  -14.903 0.0000000000
143096  -55.790  -33.038  -14.150 0.0000000000
143109  -53.514  -35.135  -12.057 0.0000000000
143126  -36.551  -48.013  -7.684 0.0000000000
143127  -49.303  -9.690  -6.519 0.0000000000
143138  -51.920  -25.526  -14.214 0.0000000000
143188  -45.355  -43.071  -14.787 0.0000000000
143296  -42.584  -61.976  -13.747 0.0000000000
143304  -46.261  -17.177  -12.857 0.0000000000
143346  -43.296  -63.114  -7.128 0.0000000000
143487  -38.405  -37.749  -6.328 0.0000000000
143567  -36.919  -45.905  -11.318 0.0000000000
143580  -56.245  -36.321  -15.867 0.0000000000
143664  -45.499  -26.964  -11.650 0.0000000000
143700  -49.736  -27.372  -12.392 0.0000000000
143864  -44.540  -47.042  -11.443 0.0000000000
143924  -53.715  -39.120  -14.662 0.0000000000
144007  -51.982  -39.036  -15.885 0.0000000000
144150  -51.783  -6.203  -10.895 0.0000000000
144262  -52.766  -1.140  -8.183 0.0000000000
144273  -50.486  -0.877  -8.387 0.0000000000
144295  -47.380  -28.825  -11.992 0.0000000000
144352  -48.263  -27.995  -11.946 0.0000000000
144496  -44.935  -23.298  -11.694 0.0000000000
144560  -39.463  -44.909  -5.870 0.0000000000
144593  -53.851  -27.168  -15.215 0.0000000000
144630  -59.494  -29.527  -13.717 0.0000000000
144660  -44.796  -42.820  -14.313 0.0000000000
144674  -52.864  -35.019  -11.486 0.0000000000
144826  -49.591  -34.060  -13.699 0.0000000000
144851  -36.158  -40.344  -11.137 0.0000000000
144858  -54.839  -27.099  -15.435 0.0000000000
144866  -39.584  -48.867  -6.507 0.0000000000
144893  -51.650  -39.202  -11.574 0.0000000000
144937  -55.147  -32.019  -14.106 0.0000000000
144959  -47.580  -11.687  -14.443 0.0000000000
145041  -49.551  -11.004  -9.998 0.0000000000
145061  -56.627  -31.124  -14.704 0.0000000000
145081  -48.591  -34.043  -11.013 0.0000000000
145145  -44.988  -61.954  -5.942 0.0000000000
145476  -53.817  -3.476  -8.054 0.0000000000
145583  -36.887  -50.367  -7.582 0.0000000000
145590  -45.430  -22.480  -8.825 0.0000000000
145643  -43.975  -44.041  -13.602 0.0000000000
145672  -39.662  -52.059  -4.463 0.0000000000
145694  -42.971  -24.076  -11.579 0.0000000000
145695  -43.085  -25.481  -11.288 0.0000000000
145704  -51.320  -7.627  -10.278 0.0000000000
145731  -45.663  -15.700  -13.706 0.0000000000
145785  -36.560  -47.791  -8.825 0.0000000000
145932  -36.808  -41.707  -8.308 0.0000000000
146117  -36.814  -51.607  -6.445 0.0000000000
146306  -36.663  -45.801  -10.961 0.0000000000
146362  -43.250  -18.083  -12.120 0.0000000000
146486  -40.351  -56.966  -5.372 0.0000000000
146593  -50.810  -8.726  -9.242 0.0000000000
146800  -38.838  -52.290  -11.811 0.0000000000
146839  -47.152  -27.791  -11.810 0.0000000000
146886  -46.074  -13.102  -14.056 0.0000000000
146936  -47.095  -14.499  -14.476 0.0000000000
146937  -48.761  -24.879  -12.742 0.0000000000
147017  -44.946  -15.901  -13.405 0.0000000000
147094  -42.866  -19.032  -12.084 0.0000000000
147161  -52.282  -6.164  -10.767 0.0000000000
147249  -45.140  -39.623  -14.108 0.0000000000
147413  -55.303  -27.694  -15.332 0.0000000000
147476  -51.159  -6.312  -9.598 0.0000000000
147498  -36.747  -42.880  -11.268 0.0000000000
147594  -40.272  -51.540  -8.848 0.0000000000
147661  -44.789  -29.873  -11.076 0.0000000000
147672  -43.289  -41.992  -11.198 0.0000000000
147731  -39.851  -54.323  -4.801 0.0000000000
147929  -44.606  -18.766  -12.697 0.0000000000
148180  -48.585  -45.979  -16.715 0.0000000000
148195  -46.076  -30.422  -11.924 0.0000000000
148258  -44.638  -18.670  -9.075 0.0000000000
148292  -45.934  -24.392  -9.157 0.0000000000
148573  -45.955  -30.600  -11.422 0.0000000000
148602  -43.559  -59.458  -14.971 0.0000000000
149014  -38.363  -35.412  -9.679 0.0000000000
149147  -41.663  -5.961  -9.900 0.0000000000
149188  -36.622  -48.913  -7.242 0.0000000000
149283  -37.072  -54.123  -6.656 0.0000000000
149286  -44.348  -58.500  -11.110 0.0000000000
149481  -49.104  -33.646  -12.946 0.0000000000
149485  -43.515  -62.075  -4.690 0.0000000000
149513  -50.270  2.725  -8.334 0.0000000000
149535  -36.695  -49.805  -6.861 0.0000000000
149581  -55.741  -34.156  -12.631 0.0000000000
149660  -43.318  -58.226  -14.880 0.0000000000
149680  -58.581  -29.337  -13.597 0.0000000000
150117  -37.647  -48.663  -11.287 0.0000000000
150167  -50.441  -1.324  -7.990 0.0000000000
150201  -38.123  -55.058  -8.083 0.0000000000
150254  -52.714  -24.704  -14.892 0.0000000000
150314  -49.958  -40.327  -13.848 0.0000000000
150347  -51.127  -41.954  -17.305 0.0000000000
150394  -39.447  -49.744  -3.813 0.0000000000
150426  -48.601  -33.109  -12.639 0.0000000000
150556  -43.409  -6.232  -6.905 0.0000000000
150566  -42.517  -60.702  -5.242 0.0000000000
150616  -43.843  -15.836  -11.352 0.0000000000
150623  -44.912  -40.230  -14.277 0.0000000000
150674  -44.692  -17.277  -9.397 0.0000000000
150798  -44.658  -12.607  -9.785 0.0000000000
150868  -47.072  -31.066  -8.311 0.0000000000
150894  -42.880  -18.599  -11.910 0.0000000000
150942  -42.618  -20.920  -11.034 0.0000000000
150977  -39.115  -35.183  -6.960 0.0000000000
151114  -38.175  -46.736  -10.812 0.0000000000
151125  -53.690  -25.262  -13.156 0.0000000000
151134  -36.483  -47.074  -9.088 0.0000000000
151216  -41.864  -59.463  -5.728 0.0000000000
151283  -39.375  -52.401  -12.198 0.0000000000
151420  -48.773  -23.752  -12.640 0.0000000000
151423  -46.567  -16.136  -11.262 0.0000000000
151463  -44.086  -13.131  -10.966 0.0000000000
151467  -42.926  -56.820  -14.313 0.0000000000
151553  -50.387  -39.730  -13.732 0.0000000000
151689  -51.488  -34.821  -15.165 0.0000000000
151728  -48.027  -24.886  -12.344 0.0000000000
151797  -46.104  -27.592  -11.705 0.0000000000
152077  -50.695  -30.096  -13.962 0.0000000000
152105  -46.331  -46.381  -16.039 0.0000000000
152405  -44.572  -7.011  -9.517 0.0000000000
152663  -37.745  -52.584  -8.915 0.0000000000
152731  -47.185  -15.412  -13.967 0.0000000000
152736  -54.184  -41.117  -17.740 0.0000000000
152865  -38.833  -50.104  -11.779 0.0000000000
153010  -51.361  -36.601  -14.993 0.0000000000
153028  -50.877  -8.375  -9.820 0.0000000000
153149  -50.525  -34.905  -14.594 0.0000000000
153364  -43.501  -23.492  -11.775 0.0000000000
153581  -46.384  -8.822  -10.664 0.0000000000
153613  -45.239  -39.320  -12.605 0.0000000000
153641  -45.340  -30.302  -11.081 0.0000000000
153735  -39.949  -39.137  -8.514 0.0000000000
153769  -48.366  -33.371  -11.233 0.0000000000
153852  -57.299  -32.950  -12.385 0.0000000000
153996  -56.203  -30.354  -15.419 0.0000000000
154151  -36.500  -42.045  -9.070 0.0000000000
154155  -41.934  -36.759  -11.663 0.0000000000
154203  -44.082  -44.257  -11.335 0.0000000000
154249  -41.917  -42.604  -3.993 0.0000000000
154254  -42.450  -20.745  -11.966 0.0000000000
154265  -44.063  -16.662  -12.708 0.0000000000
154306  -43.496  -62.741  -7.940 0.0000000000
154383  -41.703  -38.994  -11.784 0.0000000000
154533  -51.226  -3.426  -9.557 0.0000000000
154602  -38.475  -52.245  -11.178 0.0000000000
154806  -38.500  -44.890  -8.948 0.0000000000
154812  -36.767  -41.987  -11.275 0.0000000000
154910  -42.914  -61.510  -14.162 0.0000000000
154999  -39.551  -54.815  -4.403 0.0000000000
155250  -40.052  -51.385  -9.932 0.0000000000
155376  -41.158  -53.661  -6.873 0.0000000000
155401  -42.736  -41.015  -11.988 0.0000000000
155485  -37.978  -48.722  -11.614 0.0000000000
155511  -47.185  -40.680  -14.114 0.0000000000
155682  -44.825  -61.274  -11.645 0.0000000000
155688  -44.611  -48.364  -14.846 0.0000000000
155779  -44.253  -41.824  -13.790 0.0000000000
156032  -55.159  -26.767  -15.108 0.0000000000
156122  -37.006  -44.742  -11.492 0.0000000000
156171  -55.291  -32.751  -11.775 0.0000000000
156288  -45.298  -24.442  -9.607 0.0000000000
156350  -47.143  -31.719  -10.475 0.0000000000
156459  -54.109  -33.208  -11.638 0.0000000000
156563  -42.314  -55.393  -9.443 0.0000000000
156676  -44.763  -61.510  -10.257 0.0000000000
156770  -44.380  -12.683  -10.398 0.0000000000
156813  -46.517  -47.321  -16.158 0.0000000000
156931  -37.931  -46.276  -10.927 0.0000000000
157003  -49.425  -28.785  -12.478 0.0000000000
157116  -53.493  -41.788  -18.111 0.0000000000
157213  -42.725  -63.257  -7.863 0.0000000000
157559  -44.714  -47.488  -15.101 0.0000000000
157577  -46.585  -15.634  -11.437 0.0000000000
157596  -47.588  -20.831  -11.744 0.0000000000
157611  -43.027  -42.118  -5.359 0.0000000000
157853  -44.959  -60.206  -11.577 0.0000000000
157862  -37.232  -44.698  -5.842 0.0000000000
158041  -48.917  -34.392  -11.492 0.0000000000
158121  -40.673  -62.103  -11.707 0.0000000000
158282  -46.767  -30.950  -12.500 0.0000000000
