#!ascii label  , from subject sub-02 vox2ras=TkReg coords=white rater=tiger surface-annotate=0.1.0
182
14780  -42.015  -67.216  0.101 1.0000000000
14781  -42.368  -66.750  -0.526 1.0000000000
14794  -42.438  -66.998  -1.470 1.0000000000
14803  -42.357  -67.225  -2.413 1.0000000000
15581  -41.520  -65.978  2.171 1.0000000000
15582  -42.314  -65.461  2.312 1.0000000000
15594  -42.522  -65.752  1.499 1.0000000000
15607  -42.267  -66.579  0.395 1.0000000000
15620  -40.087  -65.880  -1.442 1.0000000000
15621  -41.943  -66.206  -1.341 1.0000000000
15633  -40.948  -66.164  -2.419 1.0000000000
15634  -42.009  -66.449  -2.297 1.0000000000
15635  -42.312  -66.712  -2.192 1.0000000000
15645  -40.463  -66.463  -3.188 1.0000000000
15646  -41.696  -66.575  -3.293 1.0000000000
15647  -42.216  -66.705  -3.015 1.0000000000
16376  -34.542  -65.299  3.733 1.0000000000
16379  -37.935  -65.426  3.490 1.0000000000
16380  -38.936  -65.212  3.552 1.0000000000
16381  -42.013  -64.971  3.032 1.0000000000
16382  -42.936  -64.955  2.433 1.0000000000
16396  -38.715  -65.806  3.048 1.0000000000
16397  -39.776  -65.551  3.163 1.0000000000
16398  -41.059  -65.489  2.848 1.0000000000
16399  -43.020  -65.167  1.816 1.0000000000
16411  -41.915  -64.937  0.732 1.0000000000
16412  -42.537  -64.859  1.197 1.0000000000
16413  -42.592  -65.493  1.098 1.0000000000
16430  -38.494  -65.142  0.505 1.0000000000
16431  -39.900  -65.144  0.454 1.0000000000
16432  -41.495  -65.327  0.268 1.0000000000
16433  -42.319  -65.593  0.483 1.0000000000
16434  -42.367  -66.103  0.032 1.0000000000
16447  -39.297  -65.543  -0.453 1.0000000000
16448  -41.003  -65.668  -0.703 1.0000000000
16449  -42.130  -66.002  -0.460 1.0000000000
17178  -34.300  -64.579  4.330 1.0000000000
17179  -36.173  -64.330  4.551 1.0000000000
17180  -37.078  -64.261  4.553 1.0000000000
17181  -37.984  -64.181  4.491 1.0000000000
17182  -38.930  -64.110  4.340 1.0000000000
17183  -40.130  -63.964  4.011 1.0000000000
17188  -35.562  -64.920  3.964 1.0000000000
17189  -36.574  -64.830  4.066 1.0000000000
17190  -37.503  -64.805  4.076 1.0000000000
17191  -38.437  -64.729  4.018 1.0000000000
17192  -41.668  -64.195  3.500 1.0000000000
17193  -43.031  -64.278  2.900 1.0000000000
17194  -43.504  -63.824  2.488 1.0000000000
17203  -43.317  -64.566  2.168 1.0000000000
17215  -38.155  -63.970  1.774 1.0000000000
17216  -41.225  -64.252  1.364 1.0000000000
17217  -43.099  -64.736  1.663 1.0000000000
17230  -38.951  -64.589  1.290 1.0000000000
17231  -40.454  -64.693  1.113 1.0000000000
17970  -34.412  -63.407  5.453 1.0000000000
17971  -35.332  -63.314  5.480 1.0000000000
17972  -36.191  -63.210  5.448 1.0000000000
17973  -36.981  -63.046  5.281 1.0000000000
17982  -33.860  -63.981  4.864 1.0000000000
17983  -34.818  -63.870  4.898 1.0000000000
17984  -35.763  -63.817  5.012 1.0000000000
17985  -36.629  -63.716  4.976 1.0000000000
17986  -37.469  -63.575  4.833 1.0000000000
17987  -38.399  -63.383  4.653 1.0000000000
17988  -39.295  -63.469  4.389 1.0000000000
17989  -40.110  -62.860  4.191 1.0000000000
17998  -41.330  -63.124  3.768 1.0000000000
17999  -42.776  -63.299  3.323 1.0000000000
18000  -43.544  -63.306  2.911 1.0000000000
18008  -43.762  -62.813  2.525 1.0000000000
18017  -36.523  -63.238  1.696 1.0000000000
18018  -37.597  -63.246  1.807 1.0000000000
18019  -40.701  -63.322  1.655 1.0000000000
18020  -42.220  -63.864  1.451 1.0000000000
18021  -43.025  -63.371  1.662 1.0000000000
18022  -43.549  -62.878  1.987 1.0000000000
18765  -34.894  -62.811  5.968 1.0000000000
18766  -35.733  -62.660  5.860 1.0000000000
18767  -36.512  -62.450  5.634 1.0000000000
18768  -37.289  -62.190  5.369 1.0000000000
18769  -38.098  -61.878  5.072 1.0000000000
18779  -37.738  -62.802  4.991 1.0000000000
18780  -38.996  -61.677  4.770 1.0000000000
18781  -40.018  -61.729  4.409 1.0000000000
18782  -41.164  -61.926  3.952 1.0000000000
18789  -42.460  -62.178  3.545 1.0000000000
18790  -43.712  -62.260  3.087 1.0000000000
18791  -43.967  -62.034  2.776 1.0000000000
18797  -43.723  -62.175  2.331 1.0000000000
18804  -35.104  -62.777  1.131 1.0000000000
18805  -36.079  -62.664  1.261 1.0000000000
18806  -38.570  -62.330  1.361 1.0000000000
18807  -40.507  -61.854  1.403 1.0000000000
18808  -41.584  -61.455  1.503 1.0000000000
18809  -42.972  -62.163  1.777 1.0000000000
18816  -34.785  -62.628  0.536 1.0000000000
18817  -35.789  -62.404  0.769 1.0000000000
18818  -36.988  -62.218  0.799 1.0000000000
18819  -37.238  -62.559  1.348 1.0000000000
18828  -35.578  -62.432  -0.358 1.0000000000
18829  -36.824  -62.110  0.017 1.0000000000
18839  -37.562  -62.192  -1.737 1.0000000000
19588  -35.545  -60.823  7.194 1.0000000000
19598  -35.766  -61.334  6.675 1.0000000000
19599  -36.579  -60.923  6.380 1.0000000000
19609  -36.111  -61.874  6.107 1.0000000000
19610  -36.902  -61.524  5.789 1.0000000000
19611  -37.762  -61.189  5.527 1.0000000000
19612  -38.808  -60.646  5.212 1.0000000000
19620  -39.981  -60.419  4.752 1.0000000000
19621  -40.985  -60.758  4.175 1.0000000000
19625  -42.100  -61.130  3.628 1.0000000000
19626  -43.073  -61.583  3.205 1.0000000000
19627  -43.563  -61.728  2.913 1.0000000000
19633  -43.586  -61.760  2.619 1.0000000000
19642  -39.133  -60.735  0.425 1.0000000000
19643  -39.543  -60.329  0.517 1.0000000000
19644  -39.999  -60.556  1.009 1.0000000000
19645  -41.157  -60.525  1.426 1.0000000000
19646  -42.378  -61.107  1.813 1.0000000000
19647  -43.239  -61.695  2.136 1.0000000000
19656  -38.189  -61.587  -0.126 1.0000000000
19657  -38.339  -61.624  0.600 1.0000000000
19665  -38.888  -61.118  -1.168 1.0000000000
19673  -37.965  -61.793  -0.907 1.0000000000
19674  -38.499  -61.475  -1.838 1.0000000000
19684  -38.793  -61.370  -2.835 1.0000000000
20421  -35.945  -59.893  7.595 1.0000000000
20432  -36.259  -60.348  6.961 1.0000000000
20433  -37.193  -59.755  6.768 1.0000000000
20442  -37.555  -60.323  6.082 1.0000000000
20454  -40.806  -59.680  4.374 1.0000000000
20458  -41.492  -60.233  3.663 1.0000000000
20459  -42.534  -60.942  3.133 1.0000000000
20469  -41.579  -59.887  2.526 1.0000000000
20470  -42.218  -60.492  2.658 1.0000000000
20471  -42.968  -61.265  2.725 1.0000000000
20479  -39.323  -59.902  0.728 1.0000000000
20480  -40.062  -59.977  0.814 1.0000000000
20481  -41.687  -60.263  1.911 1.0000000000
20482  -42.481  -60.876  2.273 1.0000000000
20483  -42.966  -61.386  2.315 1.0000000000
20497  -38.680  -60.535  -0.683 1.0000000000
20498  -38.854  -60.912  -1.285 1.0000000000
20508  -38.799  -60.957  -2.015 1.0000000000
21252  -40.716  -58.905  4.621 1.0000000000
21264  -40.738  -58.863  3.731 1.0000000000
21265  -41.096  -59.417  3.774 1.0000000000
21266  -41.671  -59.991  3.156 1.0000000000
21283  -40.460  -59.059  2.433 1.0000000000
21284  -41.170  -59.374  2.956 1.0000000000
21295  -39.831  -59.450  1.420 1.0000000000
21296  -40.395  -59.641  1.452 1.0000000000
21297  -41.049  -59.614  1.975 1.0000000000
21314  -38.384  -60.541  -1.686 1.0000000000
96209  -36.764  -62.246  -0.877 1.0000000000
96979  -38.861  -60.721  -0.542 1.0000000000
99092  -43.001  -64.228  1.568 1.0000000000
100094  -39.381  -64.647  3.848 1.0000000000
100234  -39.453  -62.775  1.737 1.0000000000
100745  -40.734  -60.003  1.288 1.0000000000
101512  -38.300  -60.210  5.700 1.0000000000
101643  -39.144  -62.653  4.550 1.0000000000
103064  -39.593  -61.410  1.142 1.0000000000
103309  -35.264  -64.369  4.474 1.0000000000
103912  -39.501  -63.921  1.744 1.0000000000
103989  -41.882  -62.694  1.557 1.0000000000
104289  -40.629  -60.825  1.237 1.0000000000
107836  -36.115  -65.332  3.597 1.0000000000
107889  -42.564  -66.047  0.807 1.0000000000
108949  -41.308  -66.040  -1.677 1.0000000000
109111  -40.412  -60.234  1.084 1.0000000000
109693  -40.493  -64.872  3.504 1.0000000000
110318  -42.222  -66.495  -1.292 1.0000000000
110370  -43.395  -63.849  1.960 1.0000000000
110778  -38.548  -63.299  1.876 1.0000000000
111041  -39.095  -60.353  0.003 1.0000000000
114232  -34.903  -64.774  4.096 1.0000000000
115259  -39.602  -65.086  3.563 1.0000000000
115345  -38.417  -62.519  4.791 1.0000000000
115825  -40.447  -65.934  2.602 1.0000000000
