# sub-04 hemi-L LimbsvsAllnoLimbs_scaled Cluster_13
47
12927 -33.834000 -68.177000 -0.095000 1
12936 -33.247000 -68.326000 -0.814000 1
12937 -33.842000 -67.933000 -0.421000 1
13638 -32.707000 -67.414000 -0.845000 1
13639 -33.505000 -67.410000 -0.506000 1
13640 -34.269000 -67.632000 0.217000 1
13655 -32.015000 -67.642000 -1.472000 1
13656 -33.380000 -67.903000 -0.882000 1
13663 -29.366000 -67.685000 -1.814000 1
13664 -31.276000 -67.923000 -1.971000 1
14373 -32.811000 -66.714000 0.074000 1
14374 -34.036000 -66.940000 -0.088000 1
14375 -34.595000 -67.056000 0.312000 1
14386 -33.941000 -67.551000 -0.266000 1
15114 -31.590000 -65.689000 1.107000 1
15115 -32.574000 -65.504000 0.902000 1
15116 -33.898000 -65.320000 0.742000 1
15122 -32.295000 -66.112000 0.738000 1
15123 -33.422000 -66.140000 0.484000 1
15124 -34.800000 -66.373000 0.539000 1
15804 -31.854000 -64.803000 1.101000 1
15805 -32.742000 -64.750000 0.916000 1
15811 -32.238000 -64.018000 0.833000 1
15812 -33.486000 -64.176000 0.707000 1
15813 -34.805000 -64.675000 0.699000 1
15814 -35.831000 -64.460000 0.921000 1
16551 -31.744000 -63.217000 0.516000 1
16552 -32.720000 -63.349000 0.454000 1
16553 -34.771000 -63.829000 0.558000 1
17332 -30.381000 -61.784000 0.071000 1
17333 -31.255000 -62.403000 0.163000 1
17334 -32.259000 -62.583000 0.071000 1
17335 -33.326000 -62.717000 0.090000 1
17336 -34.669000 -62.897000 0.209000 1
17342 -31.128000 -61.673000 -0.271000 1
17343 -31.890000 -61.857000 -0.325000 1
17344 -32.884000 -62.002000 -0.342000 1
17345 -34.073000 -62.136000 -0.268000 1
18154 -29.509000 -61.414000 0.251000 1
18160 -29.924000 -61.022000 -0.278000 1
19059 -29.213000 -60.670000 -0.054000 1
98766 -35.413000 -65.478000 0.822000 1
103265 -31.400000 -67.306000 -0.496000 1
109641 -33.718000 -63.400000 0.401000 1
112162 -31.785000 -66.980000 0.082000 1
112366 -32.736000 -67.896000 -1.413000 1
113253 -30.299000 -67.722000 -1.676000 1
