# sub-04 hemi-L CSvsAllNotext_scaled Cluster_0
35
3770 -24.476000 -82.648000 2.150000 1
4274 -25.801000 -81.291000 3.356000 1
4275 -26.792000 -81.525000 3.841000 1
4290 -24.164000 -81.690000 2.162000 1
4291 -25.145000 -82.100000 2.867000 1
4302 -23.643000 -81.877000 0.689000 1
4303 -23.876000 -82.201000 1.461000 1
4827 -25.309000 -80.131000 3.381000 1
4828 -26.594000 -80.657000 3.813000 1
4829 -27.522000 -81.043000 4.212000 1
4840 -23.910000 -80.293000 2.005000 1
4841 -24.547000 -80.915000 2.709000 1
4850 -23.731000 -81.177000 1.438000 1
4859 -23.725000 -81.130000 0.539000 1
4860 -24.234000 -80.775000 -0.274000 1
5372 -24.435000 -79.943000 2.720000 1
5383 -24.247000 -79.318000 2.178000 1
5393 -24.662000 -79.930000 0.059000 1
5394 -25.754000 -79.723000 -0.510000 1
5914 -24.649000 -78.483000 2.585000 1
5928 -24.556000 -78.471000 1.767000 1
5929 -25.094000 -78.582000 0.846000 1
5939 -24.343000 -79.310000 1.111000 1
5940 -26.161000 -79.030000 0.034000 1
6465 -24.777000 -77.883000 2.277000 1
6478 -25.252000 -77.756000 1.468000 1
6479 -26.237000 -77.622000 0.998000 1
6491 -25.865000 -78.222000 0.681000 1
99724 -23.897000 -80.282000 0.978000 1
105517 -26.141000 -82.028000 3.479000 1
110187 -24.796000 -79.165000 3.092000 1
110712 -25.172000 -79.311000 0.242000 1
114933 -25.428000 -79.360000 3.551000 1
115132 -23.933000 -80.986000 2.122000 1
115221 -24.031000 -79.798000 1.639000 1
