# sub-04 hemi-L RWvsAllNotext_scaled Cluster_34
26
52309 -42.747000 -19.245000 6.610000 1
52322 -43.646000 -18.911000 5.511000 1
53160 -42.610000 -18.587000 7.657000 1
53166 -42.837000 -18.013000 7.053000 1
53177 -43.064000 -18.458000 6.354000 1
53188 -43.586000 -17.825000 5.783000 1
53189 -44.119000 -18.190000 5.080000 1
54063 -43.327000 -17.525000 6.538000 1
54072 -43.731000 -17.045000 6.066000 1
54073 -44.184000 -17.177000 5.353000 1
54088 -44.556000 -17.664000 4.696000 1
54856 -46.460000 -16.709000 7.893000 1
54869 -46.521000 -16.243000 7.099000 1
54878 -45.031000 -16.027000 5.343000 1
54895 -45.492000 -16.131000 4.636000 1
54896 -46.241000 -15.863000 4.247000 1
55656 -46.547000 -15.820000 6.350000 1
55657 -47.649000 -16.140000 6.102000 1
55669 -46.700000 -15.622000 5.553000 1
55684 -45.931000 -15.628000 5.024000 1
55685 -46.900000 -15.563000 4.718000 1
105021 -42.627000 -18.675000 6.983000 1
106134 -47.399000 -16.394000 6.767000 1
107393 -44.205000 -18.974000 4.892000 1
114730 -44.553000 -16.560000 5.333000 1
116003 -43.215000 -19.302000 6.059000 1
