# sub-04 hemi-R FacesvsAllnoFace_scaled Cluster_7
35
6152 34.444000 -76.599000 33.951000 1
6153 33.863000 -77.144000 34.589000 1
6770 33.405000 -75.508000 37.331000 1
6779 33.285000 -75.402000 36.505000 1
6794 34.441000 -75.407000 33.873000 1
6795 33.840000 -75.948000 34.520000 1
6810 35.268000 -76.134000 33.605000 1
7374 33.833000 -74.744000 37.523000 1
7375 33.520000 -74.678000 36.802000 1
7386 33.632000 -74.058000 36.261000 1
7396 33.606000 -74.360000 35.470000 1
7405 34.341000 -74.411000 34.010000 1
7406 33.843000 -74.882000 34.584000 1
7416 35.683000 -74.754000 33.412000 1
7417 34.881000 -74.766000 33.632000 1
8013 33.788000 -73.999000 36.947000 1
8023 33.841000 -73.375000 36.469000 1
8033 34.054000 -73.081000 34.838000 1
8034 33.776000 -73.432000 35.630000 1
8044 33.906000 -73.919000 34.740000 1
8052 36.059000 -73.936000 33.164000 1
8053 34.391000 -73.538000 34.082000 1
8066 36.835000 -73.390000 32.804000 1
8067 35.895000 -72.878000 33.004000 1
8727 35.076000 -72.291000 33.478000 1
8728 34.457000 -72.670000 34.175000 1
8735 36.641000 -72.491000 32.662000 1
9455 35.827000 -71.931000 32.904000 1
99141 33.421000 -76.554000 35.192000 1
102469 35.069000 -73.215000 33.472000 1
103532 34.999000 -74.080000 33.540000 1
104655 35.260000 -75.319000 33.555000 1
112280 33.994000 -72.725000 35.462000 1
114787 33.443000 -75.396000 35.466000 1
114991 33.450000 -74.718000 36.133000 1
