# sub-04 hemi-L RWvsPER_scaled Cluster_37
22
34940 -26.217000 -40.998000 1.300000 1
35650 -26.127000 -39.593000 5.900000 1
35661 -26.046000 -39.331000 4.283000 1
35670 -26.461000 -39.607000 2.648000 1
35675 -26.441000 -40.456000 1.807000 1
35676 -26.986000 -40.069000 0.982000 1
36474 -26.616000 -38.896000 6.050000 1
36482 -26.439000 -38.619000 4.979000 1
36483 -26.980000 -38.109000 5.641000 1
36492 -26.515000 -38.694000 3.656000 1
36500 -27.038000 -39.111000 2.018000 1
37324 -26.816000 -37.962000 4.527000 1
37336 -26.976000 -38.108000 3.185000 1
37337 -27.283000 -37.373000 4.129000 1
37346 -27.549000 -38.534000 1.730000 1
37347 -27.486000 -37.591000 2.864000 1
37351 -28.136000 -38.654000 0.507000 1
37354 -28.477000 -38.466000 -0.001000 1
38241 -27.978000 -37.117000 2.460000 1
101649 -26.187000 -39.168000 5.335000 1
102855 -27.941000 -37.974000 1.674000 1
110153 -26.585000 -40.529000 0.946000 1
