# sub-04 hemi-R LimbsvsAllnoLimbsnoCS_scaled Cluster_37
18
37076 53.508000 -36.947000 3.776000 1
38010 54.132000 -36.346000 3.668000 1
38849 54.007000 -34.755000 4.171000 1
38850 53.636000 -35.551000 4.157000 1
38851 52.804000 -35.591000 4.435000 1
38858 54.458000 -35.401000 3.788000 1
39698 53.221000 -34.810000 4.382000 1
39708 54.483000 -33.917000 4.024000 1
40541 53.898000 -33.186000 4.149000 1
40542 53.014000 -33.458000 4.292000 1
40543 52.300000 -34.042000 4.393000 1
41413 52.705000 -32.817000 4.075000 1
41414 52.212000 -33.384000 4.174000 1
98395 53.224000 -36.346000 4.151000 1
101163 51.985000 -32.662000 3.698000 1
102718 54.630000 -34.694000 3.850000 1
109502 53.588000 -34.051000 4.315000 1
111081 52.909000 -34.208000 4.410000 1
