# sub-04 hemi-R FacesvsAllnoFacenoCS_scaled Cluster_15
62
8388 38.753000 -73.199000 -0.097000 1
8389 37.806000 -73.612000 0.191000 1
9075 38.987000 -72.172000 0.575000 1
9092 39.581000 -72.889000 -0.253000 1
9795 39.604000 -71.371000 0.768000 1
9796 38.644000 -71.212000 1.689000 1
9816 39.966000 -72.195000 -0.047000 1
10538 38.205000 -70.474000 2.223000 1
10539 37.267000 -70.479000 2.387000 1
10555 40.710000 -70.051000 0.717000 1
10556 40.119000 -70.685000 0.799000 1
10557 39.146000 -70.393000 1.625000 1
10576 40.879000 -71.132000 0.345000 1
11282 37.764000 -69.827000 2.191000 1
11283 36.982000 -69.873000 2.186000 1
11303 40.277000 -69.072000 0.998000 1
11304 39.805000 -69.746000 1.286000 1
11305 38.201000 -69.247000 1.729000 1
11306 37.449000 -69.316000 1.625000 1
11331 41.249000 -69.312000 0.540000 1
12048 39.505000 -69.009000 1.330000 1
12049 38.770000 -68.714000 1.321000 1
12050 37.924000 -68.695000 1.142000 1
12065 41.688000 -68.433000 0.080000 1
12066 40.637000 -68.380000 0.541000 1
12067 39.594000 -68.225000 0.787000 1
12068 38.539000 -68.188000 0.617000 1
12847 40.823000 -67.825000 0.142000 1
12848 40.217000 -67.804000 0.343000 1
12849 39.735000 -67.635000 0.155000 1
12850 39.093000 -67.682000 0.116000 1
12863 41.344000 -67.648000 -0.437000 1
12864 40.373000 -67.480000 -0.294000 1
12865 39.578000 -67.465000 -0.461000 1
12876 40.922000 -67.188000 -2.250000 1
12877 39.361000 -67.468000 -1.303000 1
12885 43.336000 -66.887000 -2.563000 1
12886 41.701000 -66.990000 -2.815000 1
12894 41.308000 -66.716000 -3.294000 1
12904 40.387000 -67.068000 -3.906000 1
13673 43.373000 -66.353000 -2.673000 1
13674 42.446000 -66.669000 -2.887000 1
13680 42.600000 -66.087000 -3.038000 1
13681 41.768000 -66.257000 -3.360000 1
13682 41.043000 -66.463000 -3.649000 1
14453 42.515000 -65.702000 -2.890000 1
14460 41.889000 -65.758000 -3.210000 1
14461 41.076000 -65.806000 -3.645000 1
15309 42.769000 -64.825000 -1.843000 1
15310 41.845000 -64.546000 -1.837000 1
15322 42.683000 -65.306000 -2.482000 1
15323 41.999000 -65.285000 -2.810000 1
15324 40.700000 -64.673000 -2.720000 1
15339 41.304000 -65.218000 -3.158000 1
101300 41.035000 -67.313000 -1.152000 1
101932 41.499000 -64.795000 -2.518000 1
106968 39.024000 -69.492000 1.664000 1
111492 40.155000 -67.266000 -1.220000 1
111530 42.159000 -64.912000 -2.341000 1
113076 38.972000 -67.590000 -0.574000 1
113224 40.344000 -71.587000 0.280000 1
113306 38.505000 -69.872000 2.036000 1
