# sub-04 hemi-L LimbsvsAllnoLimbsnoCS_scaled Cluster_6
108
9190 -18.787000 -73.575000 1.066000 1
9868 -12.609000 -71.979000 5.439000 1
9874 -18.928000 -72.540000 5.246000 1
9875 -19.703000 -72.688000 5.317000 1
9876 -20.212000 -72.662000 5.852000 1
9880 -13.031000 -72.127000 4.871000 1
9886 -18.808000 -72.714000 4.318000 1
9894 -14.145000 -72.188000 3.568000 1
9895 -15.023000 -72.383000 3.636000 1
9896 -15.941000 -72.519000 3.792000 1
9897 -16.526000 -72.594000 3.220000 1
9898 -17.455000 -72.713000 3.141000 1
9899 -18.710000 -72.948000 3.520000 1
9907 -14.573000 -72.203000 2.753000 1
9908 -15.662000 -72.465000 2.812000 1
9909 -16.738000 -72.650000 2.402000 1
9910 -17.602000 -72.825000 2.419000 1
9920 -15.036000 -72.251000 2.007000 1
9921 -15.292000 -72.093000 1.107000 1
9924 -18.384000 -73.241000 1.294000 1
9938 -15.666000 -71.865000 0.367000 1
9941 -18.302000 -73.166000 0.520000 1
9954 -16.964000 -71.869000 -0.985000 1
9955 -18.161000 -72.975000 -0.443000 1
9966 -17.819000 -72.739000 -1.397000 1
10634 -12.052000 -71.467000 5.680000 1
10648 -11.696000 -71.079000 4.885000 1
10649 -12.312000 -71.674000 4.851000 1
10650 -12.786000 -71.813000 4.148000 1
10667 -11.641000 -70.755000 4.159000 1
10668 -13.357000 -71.881000 3.496000 1
10669 -13.827000 -71.977000 2.939000 1
10685 -11.854000 -70.814000 3.473000 1
10686 -13.220000 -71.548000 2.748000 1
10687 -13.923000 -71.779000 2.181000 1
10693 -13.848000 -71.285000 1.464000 1
10694 -14.498000 -71.727000 1.397000 1
10695 -15.034000 -71.297000 0.291000 1
10701 -14.208000 -70.923000 0.707000 1
10703 -16.420000 -71.407000 -0.935000 1
10712 -15.478000 -70.449000 -0.848000 1
10713 -16.099000 -70.768000 -1.415000 1
10714 -16.678000 -71.271000 -1.729000 1
10715 -17.287000 -71.982000 -1.806000 1
11357 -11.844000 -70.781000 6.129000 1
11370 -11.589000 -70.429000 5.279000 1
11381 -11.513000 -70.457000 4.517000 1
11394 -11.338000 -70.007000 3.711000 1
11401 -11.678000 -70.247000 2.832000 1
11402 -12.454000 -70.864000 2.566000 1
11403 -13.257000 -71.148000 1.930000 1
11411 -12.076000 -70.101000 2.062000 1
11412 -12.811000 -70.387000 1.607000 1
11413 -13.518000 -70.626000 1.120000 1
11420 -13.202000 -69.797000 0.739000 1
11421 -13.948000 -70.017000 0.263000 1
11422 -14.711000 -70.257000 -0.246000 1
11430 -14.414000 -69.320000 -0.742000 1
12129 -11.759000 -70.015000 5.929000 1
12130 -12.079000 -70.032000 6.610000 1
12143 -11.653000 -69.465000 5.379000 1
12144 -12.108000 -69.210000 6.124000 1
12155 -11.368000 -69.798000 4.602000 1
12172 -11.276000 -69.560000 2.735000 1
12183 -11.621000 -69.355000 1.825000 1
12184 -12.444000 -69.582000 1.237000 1
12193 -12.077000 -68.727000 0.808000 1
12194 -12.886000 -68.912000 0.286000 1
12195 -13.659000 -69.103000 -0.222000 1
12856 -12.576000 -68.165000 6.421000 1
12870 -11.686000 -67.640000 4.839000 1
12871 -11.995000 -68.442000 5.524000 1
12879 -11.118000 -68.356000 4.046000 1
12889 -10.949000 -68.878000 3.237000 1
12902 -10.638000 -67.794000 2.510000 1
12903 -10.957000 -68.740000 2.278000 1
12913 -10.755000 -68.001000 1.753000 1
12914 -11.316000 -68.410000 1.335000 1
12923 -11.708000 -67.791000 0.269000 1
12924 -12.514000 -67.995000 -0.295000 1
12931 -12.015000 -67.204000 -0.901000 1
13566 -12.296000 -67.346000 5.681000 1
13586 -10.672000 -66.887000 3.210000 1
13587 -11.152000 -67.238000 4.022000 1
13613 -10.942000 -67.514000 0.847000 1
13627 -10.403000 -66.727000 0.480000 1
13628 -11.190000 -67.010000 -0.261000 1
13645 -10.490000 -66.689000 -0.390000 1
14318 -10.427000 -65.690000 3.223000 1
14331 -10.211000 -66.355000 2.290000 1
14342 -9.870000 -66.247000 1.243000 1
97660 -19.495000 -72.868000 4.676000 1
98100 -16.893000 -72.568000 3.945000 1
98419 -15.901000 -72.444000 1.797000 1
99117 -17.960000 -72.612000 3.963000 1
99451 -11.459000 -68.852000 4.747000 1
100217 -12.054000 -71.300000 4.153000 1
102326 -16.088000 -72.336000 0.866000 1
102605 -10.808000 -67.913000 3.390000 1
105081 -11.153000 -69.248000 4.050000 1
107241 -18.316000 -73.000000 2.743000 1
109320 -17.576000 -72.453000 -0.866000 1
111468 -12.579000 -71.419000 3.414000 1
114363 -14.476000 -72.059000 2.088000 1
114557 -18.141000 -72.798000 3.325000 1
115610 -11.700000 -70.978000 5.504000 1
115773 -11.645000 -69.855000 2.366000 1
116081 -18.187000 -72.550000 4.811000 1
