# sub-04 hemi-L FacesvsAllnoFacenoCS_scaled Cluster_30
21
28475 -31.787000 -48.303000 2.409000 1
29225 -31.460000 -45.418000 2.890000 1
29226 -31.177000 -46.466000 4.076000 1
29235 -31.376000 -46.479000 2.687000 1
30035 -31.378000 -45.802000 5.623000 1
30047 -31.335000 -45.525000 3.992000 1
30864 -31.451000 -45.165000 4.633000 1
30880 -31.725000 -44.325000 3.096000 1
31698 -31.902000 -44.585000 5.705000 1
31710 -32.345000 -43.846000 5.135000 1
31719 -31.873000 -44.134000 4.399000 1
32480 -32.992000 -43.725000 5.678000 1
32491 -32.824000 -43.271000 4.744000 1
32492 -33.416000 -43.166000 4.907000 1
32493 -34.095000 -43.234000 4.963000 1
32494 -34.797000 -43.554000 4.834000 1
98145 -31.282000 -47.446000 3.710000 1
99628 -32.332000 -42.856000 2.340000 1
102615 -31.584000 -45.015000 5.380000 1
103853 -31.501000 -47.502000 2.465000 1
113254 -31.237000 -45.952000 4.768000 1
