# sub-04 hemi-L LimbsvsAllnoLimbs_scaled Cluster_1
28
2849 -16.213000 -84.918000 -1.630000 1
2850 -17.173000 -84.921000 -1.512000 1
3287 -15.236000 -83.862000 -0.399000 1
3288 -16.253000 -83.935000 0.018000 1
3302 -16.743000 -84.524000 -0.676000 1
3777 -15.467000 -82.377000 1.066000 1
3793 -15.771000 -83.233000 0.629000 1
4284 -15.650000 -81.119000 2.256000 1
4285 -16.310000 -81.528000 2.580000 1
4299 -15.198000 -81.370000 1.347000 1
4300 -15.882000 -81.944000 1.907000 1
4311 -14.877000 -81.999000 0.589000 1
4821 -15.726000 -80.231000 3.378000 1
4838 -15.481000 -80.313000 2.618000 1
4839 -15.945000 -80.883000 2.995000 1
4849 -15.157000 -80.417000 1.826000 1
4856 -14.165000 -80.298000 0.111000 1
5370 -15.399000 -79.516000 3.004000 1
5378 -14.478000 -79.586000 0.744000 1
5379 -15.101000 -79.461000 2.114000 1
5388 -14.116000 -79.372000 -0.260000 1
5922 -14.750000 -78.990000 1.346000 1
5923 -15.033000 -78.530000 1.887000 1
5934 -14.575000 -78.690000 0.464000 1
5935 -15.017000 -77.916000 1.199000 1
6472 -15.220000 -77.624000 2.120000 1
7096 -15.243000 -76.491000 2.472000 1
7114 -15.337000 -76.706000 1.460000 1
