# sub-06 hemi-R LimbsvsAllnoLimbs_scaled Cluster_3
110
4456 34.293000 -72.578000 37.816000 1
4463 34.135000 -72.446000 36.851000 1
4476 34.725000 -71.553000 35.473000 1
4928 35.749000 -70.418000 40.594000 1
4935 34.673000 -71.520000 39.164000 1
4942 34.706000 -70.694000 38.763000 1
4943 34.549000 -71.699000 38.207000 1
4949 34.493000 -71.912000 37.229000 1
4957 34.504000 -71.816000 36.323000 1
5466 37.501000 -69.441000 40.983000 1
5467 36.482000 -69.571000 40.698000 1
5468 35.634000 -69.623000 40.080000 1
5481 35.103000 -69.704000 39.227000 1
5489 34.726000 -69.942000 38.225000 1
5490 34.604000 -70.970000 37.762000 1
5497 34.699000 -70.329000 37.181000 1
5504 35.194000 -70.943000 35.426000 1
5505 34.918000 -70.897000 36.209000 1
5511 36.167000 -69.875000 34.623000 1
5512 35.598000 -70.436000 35.014000 1
6061 38.115000 -68.897000 40.723000 1
6062 37.085000 -68.676000 40.555000 1
6077 36.213000 -68.189000 39.953000 1
6114 36.370000 -68.941000 34.978000 1
6115 35.746000 -69.414000 35.393000 1
6125 38.043000 -68.398000 34.053000 1
6126 37.478000 -68.878000 34.134000 1
6127 36.832000 -69.348000 34.312000 1
6708 38.288000 -68.130000 40.414000 1
6709 37.032000 -67.669000 40.188000 1
6768 37.817000 -68.089000 34.465000 1
6769 37.074000 -68.508000 34.617000 1
6782 38.505000 -67.836000 34.017000 1
6783 37.902000 -68.479000 33.468000 1
6797 38.289000 -67.771000 33.401000 1
6859 40.630000 -68.098000 29.332000 1
6860 40.071000 -67.919000 28.513000 1
7431 40.487000 -66.261000 34.262000 1
7451 40.874000 -66.249000 33.586000 1
7452 38.821000 -66.937000 33.253000 1
7453 37.906000 -67.314000 32.568000 1
7466 38.257000 -66.250000 32.341000 1
7467 37.347000 -66.660000 31.820000 1
7479 41.071000 -66.439000 30.620000 1
7489 40.757000 -66.920000 29.792000 1
7496 40.203000 -66.849000 28.885000 1
7504 39.640000 -66.767000 28.129000 1
7505 38.985000 -66.751000 27.478000 1
8131 40.189000 -65.960000 32.819000 1
8132 39.242000 -66.065000 32.745000 1
8143 40.839000 -65.581000 31.691000 1
8144 40.218000 -65.244000 31.948000 1
8145 38.664000 -65.326000 31.967000 1
8146 37.566000 -65.585000 31.590000 1
8156 40.675000 -65.459000 30.823000 1
8163 40.501000 -65.610000 29.958000 1
8164 39.839000 -64.939000 29.255000 1
8169 40.245000 -65.938000 29.248000 1
8170 39.768000 -65.792000 28.571000 1
8176 39.205000 -65.762000 27.841000 1
8177 38.498000 -65.821000 27.268000 1
8178 38.009000 -64.986000 27.101000 1
8808 40.179000 -64.822000 31.119000 1
8809 39.297000 -64.688000 31.440000 1
8810 38.157000 -64.696000 31.323000 1
8811 37.266000 -64.859000 31.136000 1
8826 39.419000 -64.308000 30.556000 1
8827 38.585000 -64.130000 30.731000 1
8828 37.624000 -64.181000 30.743000 1
8843 40.077000 -64.779000 30.207000 1
8844 39.409000 -64.187000 29.717000 1
8852 39.156000 -64.117000 28.930000 1
8853 38.487000 -63.398000 28.755000 1
8859 39.288000 -64.855000 28.376000 1
8860 38.757000 -64.058000 28.198000 1
8861 38.215000 -64.110000 27.552000 1
8868 37.557000 -64.193000 27.005000 1
8869 36.845000 -64.191000 26.668000 1
8870 36.062000 -64.079000 26.484000 1
9536 38.798000 -63.771000 30.059000 1
9537 38.017000 -63.604000 30.197000 1
9538 37.084000 -63.631000 30.268000 1
9539 36.049000 -63.766000 30.252000 1
9556 38.858000 -63.714000 29.382000 1
9557 38.291000 -63.315000 29.533000 1
9558 37.511000 -63.091000 29.678000 1
9559 36.587000 -63.051000 29.775000 1
9575 37.897000 -62.899000 28.273000 1
9587 38.288000 -63.462000 28.033000 1
9588 37.673000 -63.333000 27.528000 1
9589 36.968000 -62.903000 27.225000 1
9597 37.155000 -63.569000 26.979000 1
9598 36.525000 -63.391000 26.771000 1
9599 35.701000 -63.181000 26.608000 1
10295 37.851000 -62.781000 29.022000 1
10296 37.016000 -62.613000 29.175000 1
10310 37.270000 -62.536000 28.523000 1
10311 36.469000 -62.255000 28.570000 1
10324 37.292000 -62.628000 27.863000 1
10325 36.553000 -62.328000 27.700000 1
10341 36.227000 -62.651000 26.982000 1
113317 35.109000 -70.538000 39.726000 1
118723 39.560000 -65.331000 32.181000 1
121903 35.307000 -70.060000 35.821000 1
128968 38.712000 -64.888000 27.675000 1
129541 36.320000 -67.464000 39.578000 1
130804 34.643000 -71.238000 36.884000 1
130921 34.018000 -72.847000 37.547000 1
134260 36.131000 -68.936000 40.255000 1
135269 36.931000 -62.372000 28.151000 1
