# sub-06 hemi-R RWvsPER_scaled Cluster_34
53
27339 46.234000 -41.772000 28.689000 1
28367 47.051000 -41.591000 28.159000 1
28368 46.468000 -41.143000 28.185000 1
28381 46.954000 -41.023000 27.834000 1
29304 45.735000 -40.901000 28.373000 1
29316 47.229000 -40.618000 27.380000 1
29317 46.324000 -40.462000 27.760000 1
29318 45.325000 -40.148000 27.956000 1
29319 44.421000 -40.045000 27.994000 1
29320 43.651000 -40.132000 27.901000 1
30233 46.756000 -39.865000 27.132000 1
30234 45.813000 -39.625000 27.379000 1
30235 44.874000 -39.512000 27.467000 1
30236 44.042000 -39.592000 27.440000 1
30237 43.345000 -39.881000 27.316000 1
30245 48.148000 -39.601000 26.217000 1
30246 47.180000 -39.374000 26.502000 1
30247 46.257000 -39.154000 26.730000 1
30248 45.336000 -39.033000 26.853000 1
30249 44.452000 -39.106000 26.829000 1
30250 43.653000 -39.366000 26.731000 1
30251 43.005000 -39.823000 26.639000 1
30262 47.541000 -38.858000 25.917000 1
31159 46.677000 -38.695000 26.097000 1
31160 45.782000 -38.583000 26.211000 1
31161 44.899000 -38.579000 26.215000 1
31162 44.024000 -38.761000 26.115000 1
31173 46.214000 -38.182000 25.558000 1
31174 45.383000 -38.165000 25.585000 1
31175 44.515000 -38.213000 25.402000 1
31176 43.651000 -38.548000 25.319000 1
31177 42.936000 -38.937000 24.941000 1
31191 44.560000 -37.802000 24.545000 1
31192 43.418000 -38.421000 24.492000 1
31193 42.849000 -38.788000 24.191000 1
31207 43.993000 -38.267000 23.290000 1
31208 43.306000 -38.656000 23.499000 1
31209 42.606000 -39.238000 23.519000 1
31223 44.524000 -38.516000 22.723000 1
32136 46.605000 -37.778000 24.893000 1
32137 45.787000 -37.762000 24.984000 1
32138 45.105000 -37.816000 25.018000 1
32149 46.136000 -37.424000 24.301000 1
32150 45.301000 -37.548000 24.372000 1
32151 43.912000 -37.958000 24.035000 1
32165 46.480000 -37.321000 23.500000 1
32166 45.585000 -37.455000 23.540000 1
32167 44.661000 -37.740000 23.606000 1
32179 45.945000 -37.719000 22.749000 1
32180 45.155000 -37.887000 22.893000 1
126109 47.064000 -38.277000 25.445000 1
133706 43.992000 -38.097000 24.776000 1
135072 42.358000 -39.289000 24.352000 1
