# sub-06 hemi-R FacesvsAllnoFace_scaled Cluster_21
89
24591 39.264000 -45.413000 8.935000 1
25584 39.748000 -44.604000 8.947000 1
26581 40.000000 -43.183000 9.356000 1
26582 38.800000 -43.343000 9.499000 1
26583 38.176000 -43.821000 9.615000 1
26595 40.285000 -43.914000 8.966000 1
26596 39.389000 -43.783000 9.300000 1
27567 42.058000 -42.069000 9.247000 1
27568 41.232000 -42.351000 9.465000 1
27569 40.407000 -42.503000 9.562000 1
27570 39.623000 -42.546000 9.583000 1
27571 38.188000 -42.942000 9.598000 1
27582 42.540000 -42.456000 8.510000 1
27583 41.784000 -42.820000 8.808000 1
27584 40.914000 -43.210000 9.061000 1
28608 41.739000 -41.022000 10.290000 1
28609 41.027000 -41.118000 10.416000 1
28610 40.263000 -41.188000 10.248000 1
28614 43.168000 -41.088000 9.125000 1
28615 42.404000 -41.247000 9.692000 1
28616 41.529000 -41.618000 9.902000 1
28617 40.725000 -41.796000 9.973000 1
28618 39.946000 -41.893000 9.859000 1
28619 38.724000 -41.202000 9.562000 1
28632 42.838000 -41.726000 8.832000 1
29570 42.263000 -40.501000 10.326000 1
29571 41.425000 -40.430000 10.674000 1
29572 40.528000 -40.368000 10.700000 1
29573 39.752000 -40.551000 10.302000 1
29577 43.096000 -40.426000 9.674000 1
29578 42.739000 -39.911000 10.293000 1
29579 39.082000 -40.486000 9.743000 1
29580 38.347000 -40.438000 9.404000 1
29593 43.755000 -40.548000 8.841000 1
30499 40.800000 -39.003000 11.304000 1
30507 42.842000 -39.217000 10.476000 1
30508 42.007000 -39.681000 10.794000 1
30509 39.360000 -39.826000 10.126000 1
30514 43.385000 -39.590000 9.887000 1
30515 38.678000 -39.636000 9.431000 1
30527 43.795000 -39.900000 9.287000 1
31395 41.844000 -37.989000 11.292000 1
31396 41.353000 -38.493000 11.359000 1
31397 40.596000 -38.274000 11.424000 1
31398 40.038000 -38.035000 11.323000 1
31407 43.114000 -38.403000 10.475000 1
31408 42.202000 -38.674000 11.001000 1
31409 40.131000 -38.705000 11.191000 1
31410 39.663000 -39.112000 10.633000 1
31421 39.116000 -39.028000 9.775000 1
31435 38.935000 -38.309000 9.362000 1
32330 41.152000 -37.776000 11.519000 1
32331 40.388000 -37.536000 11.494000 1
32332 39.794000 -37.369000 11.233000 1
32338 42.632000 -37.649000 10.917000 1
32339 39.466000 -37.633000 10.560000 1
32349 39.160000 -37.585000 9.601000 1
33203 41.752000 -36.333000 11.523000 1
33204 40.969000 -36.980000 11.605000 1
33205 40.171000 -36.713000 11.569000 1
33206 39.697000 -36.461000 11.296000 1
33216 42.474000 -36.815000 11.158000 1
33217 39.387000 -36.347000 10.490000 1
33226 39.272000 -36.803000 9.454000 1
33240 39.184000 -36.415000 8.686000 1
34112 40.049000 -35.790000 11.730000 1
34123 42.743000 -36.067000 11.179000 1
34133 39.400000 -36.012000 9.333000 1
118679 40.077000 -45.333000 8.680000 1
119546 40.322000 -39.496000 11.019000 1
121546 41.078000 -39.731000 11.086000 1
121898 38.229000 -42.018000 9.521000 1
123484 39.340000 -37.094000 10.215000 1
123941 43.502000 -38.933000 10.053000 1
124342 41.814000 -37.266000 11.378000 1
124789 39.713000 -38.222000 10.951000 1
124983 39.313000 -38.354000 10.170000 1
126612 39.491000 -36.977000 10.852000 1
128420 41.043000 -44.003000 8.646000 1
129110 38.890000 -42.628000 9.543000 1
131362 38.777000 -44.525000 9.324000 1
131375 39.156000 -41.915000 9.634000 1
132079 40.744000 -36.152000 11.744000 1
132340 39.896000 -39.898000 10.643000 1
133333 39.501000 -41.234000 9.899000 1
134166 38.785000 -43.860000 9.451000 1
134639 39.080000 -37.091000 8.913000 1
135108 41.481000 -39.138000 11.179000 1
135153 39.344000 -43.094000 9.460000 1
