# sub-06 hemi-L RWvsPER_scaled Cluster_8
51
11407 -40.166000 -65.733000 30.784000 1
12127 -41.048000 -64.907000 30.614000 1
12128 -42.004000 -64.817000 30.567000 1
12847 -39.147000 -63.677000 30.457000 1
12848 -40.032000 -63.541000 30.381000 1
12849 -41.477000 -64.055000 30.374000 1
12850 -42.370000 -64.049000 30.255000 1
12863 -40.870000 -63.246000 30.131000 1
12864 -41.851000 -63.377000 29.893000 1
12865 -42.737000 -63.437000 29.721000 1
13623 -39.409000 -62.917000 30.188000 1
13624 -40.105000 -62.869000 30.046000 1
13638 -38.820000 -62.355000 29.883000 1
13639 -39.669000 -62.348000 29.691000 1
13640 -40.501000 -62.490000 29.567000 1
13641 -41.372000 -62.690000 29.435000 1
13642 -42.254000 -62.854000 29.226000 1
13656 -40.914000 -62.072000 28.878000 1
13657 -41.782000 -62.280000 28.686000 1
13658 -42.647000 -62.409000 28.543000 1
13659 -43.466000 -62.394000 28.550000 1
14349 -35.807000 -61.842000 29.321000 1
14350 -36.655000 -61.905000 29.463000 1
14351 -38.178000 -61.833000 29.476000 1
14352 -39.127000 -61.766000 29.274000 1
14353 -40.044000 -61.866000 29.085000 1
14372 -34.674000 -61.061000 28.891000 1
14373 -35.506000 -61.153000 28.934000 1
14374 -36.371000 -61.239000 29.002000 1
14375 -37.376000 -61.341000 29.068000 1
14376 -38.486000 -61.182000 28.707000 1
14377 -39.536000 -61.325000 28.544000 1
14378 -40.442000 -61.499000 28.351000 1
14379 -41.313000 -61.703000 28.158000 1
14381 -43.063000 -61.964000 27.944000 1
14398 -43.479000 -61.435000 27.478000 1
15137 -34.269000 -60.275000 28.623000 1
15138 -36.041000 -60.571000 28.606000 1
15139 -36.887000 -60.689000 28.572000 1
15140 -37.714000 -60.714000 28.422000 1
15160 -43.881000 -60.942000 27.078000 1
15901 -35.725000 -59.888000 28.371000 1
113649 -40.899000 -65.783000 30.818000 1
114736 -40.680000 -64.054000 30.484000 1
118412 -43.096000 -62.913000 29.116000 1
120993 -35.195000 -60.455000 28.616000 1
121242 -34.974000 -59.709000 28.424000 1
121498 -43.854000 -61.931000 28.006000 1
122639 -38.381000 -60.611000 28.136000 1
125303 -37.400000 -62.020000 29.617000 1
132711 -40.548000 -65.281000 30.710000 1
