# sub-06 hemi-L LimbsvsAllnoLimbs_scaled Cluster_1
55
3310 -24.275000 -78.381000 23.619000 1
3311 -25.616000 -77.917000 23.510000 1
3838 -21.821000 -77.552000 23.295000 1
3839 -23.413000 -77.788000 23.355000 1
3840 -24.535000 -77.224000 23.488000 1
3841 -25.701000 -76.639000 23.492000 1
3842 -26.915000 -76.569000 23.002000 1
3843 -27.354000 -77.179000 22.890000 1
3849 -21.257000 -76.798000 22.908000 1
3850 -21.814000 -76.897000 22.743000 1
3851 -22.572000 -77.154000 22.931000 1
3852 -27.807000 -76.284000 22.592000 1
3853 -28.566000 -76.402000 22.565000 1
3859 -21.443000 -76.335000 22.327000 1
4435 -23.655000 -76.643000 23.218000 1
4436 -24.599000 -76.058000 23.510000 1
4437 -25.395000 -75.591000 23.620000 1
4438 -26.288000 -75.642000 23.458000 1
4447 -22.210000 -76.266000 22.351000 1
4448 -23.026000 -76.064000 22.641000 1
4449 -23.815000 -75.551000 23.151000 1
4450 -27.196000 -75.544000 22.928000 1
4451 -27.879000 -75.267000 22.352000 1
4452 -28.494000 -75.696000 22.259000 1
4462 -22.757000 -75.288000 21.925000 1
5043 -24.766000 -74.089000 23.379000 1
5044 -25.703000 -74.689000 23.609000 1
5054 -23.263000 -74.543000 21.958000 1
5055 -23.880000 -74.529000 22.850000 1
5056 -27.245000 -74.477000 22.834000 1
5057 -27.924000 -74.404000 22.126000 1
5073 -22.945000 -74.475000 21.409000 1
5074 -28.436000 -74.133000 21.765000 1
5083 -22.840000 -74.108000 20.838000 1
5665 -25.016000 -73.208000 23.300000 1
5666 -25.591000 -73.807000 23.491000 1
5667 -26.404000 -74.047000 23.385000 1
5677 -23.596000 -73.960000 22.172000 1
5678 -24.207000 -73.585000 22.771000 1
5679 -26.924000 -73.484000 22.975000 1
5692 -23.690000 -73.268000 21.989000 1
6292 -26.040000 -73.191000 23.367000 1
6305 -24.435000 -72.575000 22.623000 1
6306 -25.526000 -72.404000 23.140000 1
6307 -26.611000 -72.574000 22.944000 1
6308 -27.393000 -73.032000 22.372000 1
6321 -23.838000 -72.557000 21.789000 1
7040 -25.068000 -71.623000 22.715000 1
7041 -26.177000 -71.681000 22.814000 1
112771 -24.661000 -75.041000 23.481000 1
114835 -26.546000 -77.283000 23.224000 1
115258 -22.507000 -78.137000 23.450000 1
119478 -28.094000 -76.937000 22.738000 1
128356 -23.343000 -75.196000 22.499000 1
131854 -26.607000 -74.852000 23.365000 1
