# sub-06 hemi-R LimbsvsAllnoLimbs_scaled Cluster_15
136
18619 47.003000 -52.442000 40.040000 1
18630 46.930000 -52.261000 39.471000 1
18642 48.141000 -52.143000 38.733000 1
18643 47.197000 -51.874000 38.743000 1
18648 51.139000 -51.396000 37.436000 1
18649 49.578000 -51.757000 37.871000 1
18657 51.764000 -51.361000 36.817000 1
18658 50.974000 -51.244000 36.499000 1
19541 48.480000 -51.575000 37.851000 1
19542 47.481000 -51.330000 37.858000 1
19553 50.359000 -51.444000 37.214000 1
19554 48.704000 -51.001000 36.870000 1
19555 47.772000 -50.740000 36.949000 1
19556 46.877000 -50.496000 37.040000 1
19557 45.996000 -50.225000 37.155000 1
19562 53.495000 -51.063000 35.798000 1
19563 52.344000 -51.258000 36.313000 1
19564 51.543000 -51.085000 35.890000 1
19565 49.988000 -50.832000 35.933000 1
19566 48.956000 -50.539000 35.908000 1
19567 48.077000 -50.223000 36.058000 1
19576 53.877000 -50.927000 35.092000 1
19577 53.038000 -51.005000 34.960000 1
19578 52.178000 -51.075000 35.353000 1
19579 51.084000 -50.701000 34.735000 1
19580 50.092000 -50.514000 34.779000 1
19581 49.247000 -50.233000 34.933000 1
19594 54.455000 -50.498000 34.579000 1
19595 53.697000 -50.625000 34.352000 1
19596 52.711000 -50.399000 33.896000 1
19597 51.952000 -50.625000 34.332000 1
19598 50.993000 -50.241000 33.802000 1
19599 50.193000 -50.255000 33.967000 1
20496 45.111000 -49.877000 37.177000 1
20497 44.142000 -49.526000 37.171000 1
20507 47.223000 -49.945000 36.235000 1
20508 46.392000 -49.706000 36.367000 1
20509 45.564000 -49.436000 36.452000 1
20510 44.731000 -49.150000 36.524000 1
20521 48.392000 -49.864000 35.120000 1
20522 47.526000 -49.595000 35.347000 1
20523 46.735000 -49.354000 35.552000 1
20524 45.987000 -49.053000 35.689000 1
20534 49.401000 -50.104000 34.020000 1
20535 48.587000 -49.825000 34.097000 1
20536 47.729000 -49.491000 34.321000 1
20537 46.950000 -49.182000 34.624000 1
20538 46.282000 -48.846000 34.162000 1
20550 55.573000 -49.384000 33.702000 1
20551 55.042000 -50.108000 34.094000 1
20552 53.468000 -50.205000 33.709000 1
20553 51.772000 -50.081000 33.577000 1
20554 48.809000 -49.652000 33.349000 1
20555 47.908000 -49.483000 33.430000 1
20556 46.027000 -48.922000 33.232000 1
20573 54.745000 -49.644000 33.431000 1
20574 53.747000 -49.661000 33.312000 1
20575 52.820000 -49.747000 33.359000 1
20576 51.909000 -49.347000 33.130000 1
20577 50.963000 -49.597000 33.239000 1
20578 49.431000 -49.501000 33.047000 1
20579 48.107000 -49.307000 32.896000 1
20580 47.289000 -49.214000 32.918000 1
20581 46.508000 -49.041000 32.912000 1
21515 45.611000 -48.594000 34.818000 1
21525 45.634000 -48.612000 33.886000 1
21555 56.073000 -48.773000 33.103000 1
21556 55.243000 -48.998000 32.914000 1
21557 54.156000 -48.985000 32.840000 1
21558 52.915000 -48.907000 32.870000 1
21559 51.818000 -48.412000 32.666000 1
21560 50.954000 -48.761000 32.806000 1
21561 49.267000 -48.866000 32.665000 1
21562 48.430000 -48.799000 32.582000 1
21564 46.815000 -48.769000 32.576000 1
21588 46.372000 -48.260000 32.182000 1
21589 45.506000 -48.334000 32.154000 1
22495 55.705000 -48.333000 32.406000 1
22496 54.590000 -48.276000 32.363000 1
22497 53.471000 -48.153000 32.428000 1
22500 50.054000 -48.071000 32.479000 1
22519 56.897000 -47.346000 32.072000 1
22525 49.474000 -47.228000 31.989000 1
23438 57.134000 -46.783000 31.491000 1
23439 56.263000 -46.755000 30.868000 1
23455 57.675000 -46.176000 31.197000 1
23456 56.990000 -46.513000 30.742000 1
23457 55.370000 -46.399000 30.421000 1
23458 54.450000 -46.424000 30.639000 1
24358 55.421000 -45.907000 29.767000 1
24359 54.576000 -45.921000 30.006000 1
24378 56.270000 -45.795000 29.450000 1
24379 54.676000 -45.519000 29.353000 1
24380 53.750000 -45.508000 29.563000 1
24395 58.646000 -45.110000 29.638000 1
24396 57.714000 -45.417000 29.120000 1
24398 54.898000 -45.158000 28.734000 1
24399 54.007000 -45.124000 28.844000 1
24400 53.092000 -45.059000 28.995000 1
25343 59.602000 -44.316000 28.347000 1
25344 59.217000 -44.623000 28.989000 1
25347 54.313000 -44.689000 28.229000 1
25348 53.398000 -44.659000 28.330000 1
25349 52.480000 -44.601000 28.465000 1
25350 51.569000 -44.511000 28.591000 1
25361 59.558000 -44.198000 27.468000 1
25362 58.917000 -44.582000 27.850000 1
25368 52.840000 -44.237000 27.790000 1
25369 51.964000 -44.138000 27.924000 1
26379 60.297000 -43.606000 27.749000 1
26393 60.678000 -43.085000 27.402000 1
26394 59.968000 -43.739000 26.840000 1
26395 59.042000 -44.120000 26.357000 1
26412 59.547000 -43.668000 25.872000 1
113488 50.739000 -50.873000 35.548000 1
115399 52.903000 -51.230000 35.878000 1
119136 56.570000 -48.001000 32.734000 1
119159 58.204000 -44.823000 28.095000 1
120992 50.186000 -49.798000 33.389000 1
121208 46.119000 -48.695000 32.600000 1
121666 55.402000 -45.539000 29.202000 1
122646 58.263000 -45.097000 28.788000 1
122656 46.960000 -49.204000 33.562000 1
123416 56.261000 -46.301000 30.188000 1
124300 50.118000 -49.154000 32.864000 1
126437 46.351000 -48.899000 34.966000 1
126537 47.712000 -52.306000 39.532000 1
129069 49.512000 -51.159000 36.744000 1
129907 54.284000 -50.258000 33.867000 1
131020 49.580000 -49.857000 33.537000 1
131511 57.273000 -46.786000 32.190000 1
131516 48.782000 -49.304000 32.857000 1
131967 46.049000 -48.889000 32.857000 1
132991 52.277000 -49.910000 33.451000 1
133547 57.217000 -45.720000 29.492000 1
135772 50.106000 -47.369000 32.126000 1
