# sub-06 hemi-L FacesvsAllnoFace_scaled Cluster_47
14
62260 -40.198000 -8.787000 9.472000 1
62272 -40.142000 -7.921000 8.147000 1
62273 -40.327000 -8.627000 8.499000 1
62281 -39.908000 -7.955000 7.368000 1
62306 -39.366000 -8.610000 5.728000 1
63148 -40.137000 -7.938000 9.134000 1
63161 -39.895000 -7.215000 8.590000 1
63169 -39.738000 -7.339000 7.637000 1
63178 -39.478000 -7.546000 6.812000 1
63189 -38.531000 -7.051000 5.494000 1
63190 -39.152000 -7.764000 6.011000 1
64114 -38.952000 -6.973000 6.258000 1
120131 -39.834000 -9.271000 6.246000 1
130381 -39.755000 -8.415000 6.668000 1
