# sub-06 hemi-L RWvsPER_scaled Cluster_18
49
18576 -36.884000 -56.190000 4.042000 1
19497 -38.129000 -55.232000 5.188000 1
19498 -39.049000 -55.465000 5.320000 1
19506 -34.315000 -55.273000 4.238000 1
19507 -35.119000 -55.239000 4.365000 1
19508 -35.897000 -55.283000 4.479000 1
19509 -36.682000 -55.474000 4.538000 1
19510 -37.645000 -55.843000 4.474000 1
19511 -38.697000 -56.012000 4.617000 1
19519 -35.549000 -55.895000 4.041000 1
20424 -36.902000 -54.052000 5.256000 1
20425 -37.757000 -54.297000 5.438000 1
20426 -38.639000 -54.511000 5.624000 1
20427 -39.481000 -54.744000 5.858000 1
20434 -33.731000 -54.536000 4.443000 1
20435 -34.710000 -54.498000 4.598000 1
20436 -35.559000 -54.543000 4.731000 1
20437 -36.369000 -54.703000 4.876000 1
20438 -37.210000 -54.974000 5.060000 1
21298 -39.791000 -52.923000 6.122000 1
21306 -35.868000 -53.121000 5.206000 1
21307 -36.651000 -53.027000 5.319000 1
21308 -37.504000 -53.339000 5.470000 1
21309 -38.334000 -53.552000 5.668000 1
21310 -39.181000 -53.721000 5.904000 1
21316 -34.316000 -53.712000 4.795000 1
21317 -35.222000 -53.650000 4.959000 1
21318 -36.086000 -53.858000 5.060000 1
22218 -35.329000 -52.662000 5.225000 1
22219 -36.070000 -52.376000 5.405000 1
22222 -38.888000 -52.808000 5.830000 1
22227 -34.023000 -52.900000 5.025000 1
23139 -36.000000 -51.210000 7.274000 1
23150 -34.861000 -51.282000 5.925000 1
23151 -35.751000 -51.438000 6.157000 1
23152 -36.671000 -51.544000 6.469000 1
23163 -33.477000 -51.179000 5.529000 1
23164 -34.386000 -51.522000 5.541000 1
23165 -35.377000 -51.817000 5.541000 1
23166 -36.338000 -51.827000 5.768000 1
24063 -35.120000 -51.117000 6.681000 1
24068 -32.582000 -50.406000 6.072000 1
24069 -33.244000 -50.555000 5.918000 1
24070 -34.043000 -50.941000 5.868000 1
115504 -38.079000 -52.696000 5.693000 1
123107 -34.629000 -52.285000 5.254000 1
126788 -36.211000 -55.862000 4.186000 1
129947 -34.466000 -50.917000 6.305000 1
130870 -34.712000 -53.044000 5.036000 1
