#!ascii label , from subject sub-08 vox2ras=TkReg lh ROI=IOG coords=white drawn-with=delineation-helper-0.1.0
1733
8413  -25.592  -86.102  -22.819 0.0000000000
8428  -25.763  -86.106  -23.803 0.0000000000
9400  -25.557  -85.199  -21.542 0.0000000000
9418  -25.290  -85.386  -22.338 0.0000000000
9419  -25.756  -85.939  -21.879 0.0000000000
9436  -25.280  -85.337  -23.377 0.0000000000
9451  -25.644  -85.477  -24.299 0.0000000000
9460  -25.922  -85.166  -25.206 0.0000000000
10246  -18.143  -83.779  -16.395 0.0000000000
10274  -21.154  -84.595  -19.419 0.0000000000
10282  -21.055  -84.249  -20.965 0.0000000000
10284  -25.792  -84.111  -20.706 0.0000000000
10285  -26.597  -84.065  -20.746 0.0000000000
10295  -21.022  -84.358  -21.866 0.0000000000
10297  -24.754  -84.102  -21.398 0.0000000000
10298  -25.346  -84.537  -21.203 0.0000000000
10301  -29.630  -83.974  -22.250 0.0000000000
10302  -30.601  -84.167  -22.415 0.0000000000
10303  -31.963  -84.363  -21.858 0.0000000000
10304  -33.089  -84.481  -21.688 0.0000000000
10319  -24.551  -84.148  -22.177 0.0000000000
10320  -24.958  -84.766  -21.862 0.0000000000
10332  -24.579  -84.120  -23.091 0.0000000000
10333  -24.874  -84.764  -22.692 0.0000000000
10346  -21.010  -84.490  -23.833 0.0000000000
10348  -24.738  -84.103  -23.955 0.0000000000
10349  -25.238  -84.736  -24.352 0.0000000000
10358  -20.969  -84.332  -24.821 0.0000000000
10360  -25.454  -84.414  -25.321 0.0000000000
10361  -26.017  -84.707  -26.096 0.0000000000
10366  -20.847  -84.053  -25.975 0.0000000000
10368  -25.788  -84.179  -26.776 0.0000000000
10369  -26.377  -84.777  -27.155 0.0000000000
10375  -21.598  -84.583  -27.522 0.0000000000
10377  -25.949  -84.211  -28.002 0.0000000000
10386  -21.737  -84.290  -28.677 0.0000000000
10393  -22.003  -83.763  -29.752 0.0000000000
10394  -22.839  -83.985  -30.054 0.0000000000
10401  -23.255  -83.411  -30.176 0.0000000000
11156  -17.199  -83.307  -16.610 0.0000000000
11157  -19.023  -83.907  -16.350 0.0000000000
11158  -19.655  -84.082  -16.721 0.0000000000
11167  -20.260  -84.257  -17.341 0.0000000000
11168  -20.659  -84.443  -18.012 0.0000000000
11178  -20.338  -83.658  -17.953 0.0000000000
11179  -20.701  -84.101  -18.738 0.0000000000
11185  -20.081  -83.194  -18.879 0.0000000000
11186  -20.550  -83.743  -19.633 0.0000000000
11187  -24.547  -83.104  -20.069 0.0000000000
11188  -25.937  -83.118  -19.406 0.0000000000
11189  -26.882  -83.313  -19.701 0.0000000000
11190  -27.722  -83.332  -19.933 0.0000000000
11191  -29.322  -83.027  -19.633 0.0000000000
11192  -30.061  -83.079  -19.679 0.0000000000
11193  -30.982  -83.074  -19.785 0.0000000000
11202  -19.739  -83.023  -19.880 0.0000000000
11203  -20.393  -83.618  -20.552 0.0000000000
11204  -26.295  -83.721  -20.248 0.0000000000
11205  -27.265  -83.733  -20.634 0.0000000000
11206  -28.014  -83.571  -20.766 0.0000000000
11207  -29.324  -83.348  -20.547 0.0000000000
11208  -30.193  -83.460  -20.599 0.0000000000
11209  -31.213  -83.539  -20.515 0.0000000000
11210  -32.218  -83.445  -20.625 0.0000000000
11211  -33.296  -83.215  -20.934 0.0000000000
11212  -34.596  -82.847  -21.193 0.0000000000
11220  -19.545  -83.006  -20.954 0.0000000000
11221  -20.391  -83.687  -21.479 0.0000000000
11222  -24.612  -83.532  -20.747 0.0000000000
11223  -25.119  -84.010  -20.831 0.0000000000
11225  -28.638  -83.635  -21.264 0.0000000000
11226  -29.425  -83.649  -21.524 0.0000000000
11227  -30.321  -83.774  -21.521 0.0000000000
11228  -31.495  -83.953  -21.213 0.0000000000
11229  -32.613  -83.962  -21.163 0.0000000000
11230  -33.794  -83.831  -21.336 0.0000000000
11239  -20.465  -83.809  -22.389 0.0000000000
11240  -24.219  -83.473  -22.670 0.0000000000
11243  -19.915  -83.202  -23.662 0.0000000000
11244  -20.502  -83.843  -23.289 0.0000000000
11245  -24.355  -83.530  -23.611 0.0000000000
11251  -19.889  -83.035  -24.574 0.0000000000
11252  -20.461  -83.757  -24.219 0.0000000000
11253  -24.545  -83.440  -24.998 0.0000000000
11254  -24.911  -84.025  -24.762 0.0000000000
11264  -20.353  -83.544  -25.216 0.0000000000
11265  -24.613  -83.286  -25.859 0.0000000000
11266  -25.036  -83.834  -25.547 0.0000000000
11270  -19.841  -82.751  -26.749 0.0000000000
11271  -20.405  -83.423  -26.901 0.0000000000
11272  -21.006  -84.031  -27.085 0.0000000000
11273  -24.724  -83.208  -26.973 0.0000000000
11274  -25.202  -83.714  -26.366 0.0000000000
11282  -20.562  -83.208  -28.712 0.0000000000
11283  -21.068  -83.899  -28.149 0.0000000000
11284  -24.610  -82.978  -27.992 0.0000000000
11285  -25.200  -83.506  -28.049 0.0000000000
11293  -20.787  -82.803  -29.721 0.0000000000
11294  -21.214  -83.528  -29.267 0.0000000000
11295  -24.800  -83.197  -28.959 0.0000000000
11296  -25.503  -83.850  -29.143 0.0000000000
11302  -21.557  -82.817  -30.106 0.0000000000
11303  -22.441  -83.198  -30.152 0.0000000000
11304  -24.835  -83.542  -29.687 0.0000000000
11308  -22.240  -82.577  -30.182 0.0000000000
11309  -24.399  -83.538  -30.003 0.0000000000
12018  -18.314  -82.123  -15.751 0.0000000000
12027  -16.944  -82.513  -16.346 0.0000000000
12028  -17.822  -82.855  -16.038 0.0000000000
12029  -18.672  -83.070  -16.085 0.0000000000
12030  -19.096  -82.410  -16.046 0.0000000000
12036  -15.721  -82.470  -17.621 0.0000000000
12037  -16.410  -82.892  -17.085 0.0000000000
12038  -19.959  -83.410  -17.063 0.0000000000
12046  -19.810  -82.612  -17.893 0.0000000000
12047  -25.580  -81.934  -18.695 0.0000000000
12048  -26.283  -82.200  -18.592 0.0000000000
12049  -27.198  -82.278  -18.494 0.0000000000
12050  -28.199  -82.348  -18.524 0.0000000000
12051  -29.218  -82.134  -18.481 0.0000000000
12052  -29.984  -82.008  -18.601 0.0000000000
12059  -19.298  -82.180  -18.991 0.0000000000
12060  -25.571  -82.468  -18.936 0.0000000000
12061  -26.635  -82.776  -18.918 0.0000000000
12062  -27.467  -82.894  -18.993 0.0000000000
12063  -28.893  -82.766  -19.020 0.0000000000
12064  -29.732  -82.590  -18.960 0.0000000000
12065  -30.676  -82.330  -19.141 0.0000000000
12066  -31.531  -82.386  -19.627 0.0000000000
12067  -32.482  -81.916  -20.032 0.0000000000
12069  -35.662  -82.218  -20.525 0.0000000000
12075  -18.957  -82.319  -20.073 0.0000000000
12076  -23.604  -81.923  -21.022 0.0000000000
12077  -24.316  -82.407  -19.807 0.0000000000
12078  -31.902  -82.929  -20.063 0.0000000000
12079  -32.847  -82.603  -20.525 0.0000000000
12080  -34.013  -82.185  -20.919 0.0000000000
12081  -35.086  -81.988  -20.879 0.0000000000
12087  -18.809  -82.314  -20.869 0.0000000000
12095  -18.656  -82.062  -22.388 0.0000000000
12096  -23.457  -81.937  -21.897 0.0000000000
12097  -23.790  -82.723  -22.289 0.0000000000
12101  -18.762  -81.961  -23.421 0.0000000000
12102  -19.303  -82.684  -23.119 0.0000000000
12103  -23.421  -82.012  -22.920 0.0000000000
12104  -23.910  -82.880  -23.261 0.0000000000
12107  -18.868  -81.898  -24.374 0.0000000000
12108  -19.353  -82.566  -23.984 0.0000000000
12109  -23.579  -82.349  -24.512 0.0000000000
12110  -24.102  -83.022  -24.251 0.0000000000
12118  -19.705  -82.721  -25.622 0.0000000000
12119  -23.436  -82.209  -25.402 0.0000000000
12120  -24.067  -82.846  -25.195 0.0000000000
12126  -23.235  -82.087  -26.435 0.0000000000
12127  -24.029  -82.699  -26.183 0.0000000000
12132  -19.537  -81.986  -28.491 0.0000000000
12133  -20.043  -82.809  -27.903 0.0000000000
12134  -23.576  -82.239  -28.376 0.0000000000
12135  -23.944  -82.535  -27.424 0.0000000000
12141  -19.707  -81.564  -29.330 0.0000000000
12142  -20.115  -82.356  -29.309 0.0000000000
12143  -23.604  -82.324  -29.330 0.0000000000
12144  -24.178  -82.637  -28.669 0.0000000000
12148  -20.187  -81.688  -29.790 0.0000000000
12149  -20.804  -82.053  -30.105 0.0000000000
12150  -21.744  -82.086  -30.201 0.0000000000
12151  -22.756  -82.259  -30.060 0.0000000000
12152  -23.571  -82.542  -29.804 0.0000000000
12153  -24.212  -82.859  -29.582 0.0000000000
12154  -22.872  -82.796  -30.176 0.0000000000
12155  -23.624  -82.918  -30.057 0.0000000000
12867  -17.587  -81.435  -15.610 0.0000000000
12868  -18.366  -81.196  -15.522 0.0000000000
12869  -18.987  -80.883  -15.595 0.0000000000
12885  -15.966  -81.355  -16.709 0.0000000000
12886  -16.709  -81.609  -16.090 0.0000000000
12887  -18.944  -81.583  -15.777 0.0000000000
12898  -14.895  -81.135  -17.742 0.0000000000
12899  -15.521  -81.621  -17.356 0.0000000000
12900  -16.169  -82.092  -16.847 0.0000000000
12901  -19.537  -81.636  -17.501 0.0000000000
12908  -14.438  -81.405  -18.450 0.0000000000
12909  -15.059  -81.975  -18.078 0.0000000000
12910  -19.069  -81.132  -18.477 0.0000000000
12911  -26.126  -81.459  -18.563 0.0000000000
12912  -26.889  -81.579  -18.346 0.0000000000
12913  -27.741  -81.605  -18.263 0.0000000000
12914  -28.670  -81.492  -18.274 0.0000000000
12915  -29.667  -81.254  -18.395 0.0000000000
12916  -30.572  -81.427  -18.719 0.0000000000
12917  -31.139  -80.657  -18.768 0.0000000000
12918  -34.602  -80.829  -18.874 0.0000000000
12921  -13.333  -81.212  -19.532 0.0000000000
12922  -13.935  -81.647  -19.110 0.0000000000
12923  -18.181  -80.758  -19.883 0.0000000000
12924  -18.636  -81.388  -19.467 0.0000000000
12925  -24.832  -81.998  -19.072 0.0000000000
12926  -25.404  -81.329  -18.869 0.0000000000
12927  -31.648  -81.445  -19.318 0.0000000000
12928  -33.878  -80.991  -20.292 0.0000000000
12929  -34.656  -80.925  -20.120 0.0000000000
12930  -35.082  -81.195  -19.809 0.0000000000
12933  -18.004  -81.112  -20.574 0.0000000000
12934  -18.374  -81.658  -20.317 0.0000000000
12935  -23.725  -81.186  -20.669 0.0000000000
12936  -24.205  -81.578  -19.819 0.0000000000
12937  -34.498  -81.415  -20.589 0.0000000000
12938  -35.195  -81.484  -20.365 0.0000000000
12943  -17.890  -80.942  -21.115 0.0000000000
12944  -18.302  -81.754  -21.265 0.0000000000
12945  -23.373  -81.191  -21.538 0.0000000000
12951  -18.012  -81.136  -21.910 0.0000000000
12952  -22.885  -80.593  -22.746 0.0000000000
12953  -23.135  -81.214  -22.358 0.0000000000
12957  -18.130  -81.231  -22.865 0.0000000000
12958  -22.912  -81.153  -23.159 0.0000000000
12959  -23.197  -81.779  -23.817 0.0000000000
12960  -18.220  -81.245  -23.835 0.0000000000
12961  -22.651  -81.046  -23.962 0.0000000000
12962  -22.985  -81.656  -24.651 0.0000000000
12969  -18.331  -81.179  -24.905 0.0000000000
12970  -19.052  -81.904  -25.372 0.0000000000
12971  -22.369  -80.955  -24.765 0.0000000000
12972  -22.604  -81.468  -25.551 0.0000000000
12973  -30.193  -81.490  -26.746 0.0000000000
12974  -30.999  -81.605  -26.584 0.0000000000
12975  -31.894  -81.688  -26.406 0.0000000000
12976  -32.796  -81.674  -26.176 0.0000000000
12977  -34.215  -82.094  -26.760 0.0000000000
12987  -18.590  -81.250  -25.991 0.0000000000
12988  -19.219  -81.926  -26.565 0.0000000000
12989  -22.345  -81.419  -26.701 0.0000000000
12990  -29.297  -81.218  -27.808 0.0000000000
12991  -29.909  -81.568  -27.544 0.0000000000
12992  -30.739  -81.865  -27.525 0.0000000000
12993  -31.607  -82.084  -27.415 0.0000000000
12994  -33.611  -82.142  -27.416 0.0000000000
12995  -34.569  -82.015  -27.248 0.0000000000
13005  -18.621  -80.565  -27.631 0.0000000000
13006  -19.096  -81.406  -27.823 0.0000000000
13007  -21.440  -80.845  -28.585 0.0000000000
13008  -22.171  -81.361  -27.961 0.0000000000
13009  -23.030  -81.943  -27.589 0.0000000000
13010  -30.480  -81.702  -28.112 0.0000000000
13011  -31.269  -82.018  -28.075 0.0000000000
13012  -32.046  -82.184  -27.956 0.0000000000
13013  -32.812  -82.048  -27.983 0.0000000000
13014  -33.798  -81.877  -27.712 0.0000000000
13015  -35.103  -81.752  -27.274 0.0000000000
13020  -19.029  -80.749  -28.501 0.0000000000
13021  -19.303  -81.295  -28.800 0.0000000000
13022  -21.382  -81.159  -29.596 0.0000000000
13023  -22.151  -81.443  -29.230 0.0000000000
13024  -22.946  -81.833  -28.789 0.0000000000
13025  -30.154  -81.288  -28.404 0.0000000000
13026  -30.894  -81.479  -28.409 0.0000000000
13027  -31.812  -81.847  -28.200 0.0000000000
13029  -19.964  -81.292  -29.658 0.0000000000
13030  -20.472  -81.395  -29.862 0.0000000000
13031  -21.203  -81.481  -30.045 0.0000000000
13032  -22.056  -81.675  -29.934 0.0000000000
13033  -22.884  -81.998  -29.684 0.0000000000
13722  -10.028  -79.880  -13.599 0.0000000000
13757  -16.933  -80.780  -15.672 0.0000000000
13758  -17.725  -80.632  -15.400 0.0000000000
13759  -18.500  -80.436  -15.349 0.0000000000
13760  -19.245  -80.265  -15.410 0.0000000000
13761  -20.027  -80.164  -15.556 0.0000000000
13762  -20.911  -80.099  -15.789 0.0000000000
13772  -16.186  -80.740  -16.283 0.0000000000
13773  -19.548  -80.669  -15.734 0.0000000000
13774  -20.216  -80.496  -16.085 0.0000000000
13775  -20.978  -80.205  -16.553 0.0000000000
13787  -14.742  -80.322  -17.555 0.0000000000
13788  -15.116  -79.887  -17.072 0.0000000000
13789  -19.642  -80.940  -16.330 0.0000000000
13790  -20.048  -80.476  -16.907 0.0000000000
13794  -13.710  -79.659  -18.604 0.0000000000
13795  -14.174  -79.987  -18.059 0.0000000000
13796  -19.144  -80.324  -18.517 0.0000000000
13797  -19.735  -80.165  -17.857 0.0000000000
13798  -26.631  -80.843  -18.539 0.0000000000
13799  -27.365  -80.871  -18.350 0.0000000000
13800  -28.179  -80.769  -18.316 0.0000000000
13801  -29.032  -80.549  -18.366 0.0000000000
13802  -30.632  -79.965  -18.500 0.0000000000
13803  -32.517  -79.824  -18.857 0.0000000000
13804  -34.173  -79.908  -18.867 0.0000000000
13805  -34.551  -80.171  -18.545 0.0000000000
13808  -12.720  -79.910  -19.861 0.0000000000
13809  -13.147  -80.485  -19.502 0.0000000000
13810  -13.766  -80.633  -18.789 0.0000000000
13811  -18.275  -80.016  -19.678 0.0000000000
13812  -18.608  -80.478  -19.196 0.0000000000
13813  -24.755  -81.093  -19.376 0.0000000000
13814  -25.506  -80.618  -19.223 0.0000000000
13815  -32.173  -80.496  -19.156 0.0000000000
13816  -33.968  -80.511  -19.852 0.0000000000
13817  -34.390  -80.547  -19.400 0.0000000000
13820  -12.247  -80.029  -20.421 0.0000000000
13822  -17.948  -80.304  -20.483 0.0000000000
13823  -23.893  -80.354  -20.851 0.0000000000
13824  -24.246  -80.758  -20.100 0.0000000000
13825  -24.955  -80.347  -19.801 0.0000000000
13830  -17.648  -79.866  -22.355 0.0000000000
13831  -17.797  -80.275  -21.502 0.0000000000
13832  -23.489  -80.513  -21.435 0.0000000000
13839  -17.453  -79.860  -23.128 0.0000000000
13840  -17.725  -80.420  -22.455 0.0000000000
13841  -22.813  -79.976  -22.848 0.0000000000
13842  -23.143  -80.520  -22.140 0.0000000000
13844  -17.308  -79.855  -23.896 0.0000000000
13845  -17.678  -80.485  -23.341 0.0000000000
13846  -22.622  -80.420  -23.414 0.0000000000
13850  -17.314  -79.917  -24.693 0.0000000000
13851  -17.709  -80.538  -24.235 0.0000000000
13852  -21.768  -79.836  -25.593 0.0000000000
13853  -22.330  -80.340  -24.273 0.0000000000
13854  -29.080  -80.433  -25.247 0.0000000000
13855  -29.902  -80.430  -25.167 0.0000000000
13856  -30.681  -80.351  -25.073 0.0000000000
13857  -31.452  -80.184  -24.907 0.0000000000
13858  -33.035  -80.803  -25.310 0.0000000000
13866  -17.505  -79.970  -25.601 0.0000000000
13867  -18.099  -80.682  -25.599 0.0000000000
13868  -21.936  -80.330  -25.201 0.0000000000
13869  -28.199  -80.510  -26.303 0.0000000000
13870  -28.793  -80.768  -26.163 0.0000000000
13871  -29.604  -80.978  -26.118 0.0000000000
13872  -30.433  -80.963  -25.860 0.0000000000
13873  -31.258  -80.942  -25.679 0.0000000000
13874  -32.124  -80.858  -25.485 0.0000000000
13875  -33.693  -81.662  -26.007 0.0000000000
13884  -17.674  -79.605  -26.446 0.0000000000
13885  -18.181  -80.434  -26.535 0.0000000000
13886  -21.538  -80.157  -26.205 0.0000000000
13887  -21.512  -80.643  -27.149 0.0000000000
13888  -27.777  -80.319  -26.935 0.0000000000
13889  -28.542  -80.807  -27.219 0.0000000000
13890  -29.245  -81.253  -26.994 0.0000000000
13895  -18.220  -79.919  -27.288 0.0000000000
13896  -20.919  -80.197  -28.204 0.0000000000
13897  -27.958  -80.323  -27.876 0.0000000000
13898  -28.744  -80.690  -28.116 0.0000000000
13899  -29.493  -81.027  -28.318 0.0000000000
13900  -32.085  -80.825  -28.246 0.0000000000
13901  -32.388  -81.506  -28.239 0.0000000000
13902  -33.315  -81.547  -28.006 0.0000000000
13903  -34.698  -80.608  -27.674 0.0000000000
13904  -35.317  -81.186  -27.484 0.0000000000
13907  -18.713  -80.171  -28.085 0.0000000000
13908  -19.191  -80.380  -28.667 0.0000000000
13909  -19.759  -80.334  -29.085 0.0000000000
13910  -20.242  -79.971  -28.830 0.0000000000
13911  -28.178  -80.036  -28.385 0.0000000000
13912  -28.994  -80.377  -28.439 0.0000000000
13913  -29.758  -80.748  -28.496 0.0000000000
13914  -30.328  -81.027  -28.584 0.0000000000
13915  -31.532  -81.266  -28.474 0.0000000000
13916  -19.473  -80.945  -29.235 0.0000000000
13917  -20.074  -80.919  -29.594 0.0000000000
13918  -20.711  -80.984  -29.709 0.0000000000
14639  -10.654  -79.606  -13.246 0.0000000000
14640  -11.339  -79.713  -12.804 0.0000000000
14657  -10.531  -79.126  -13.700 0.0000000000
14658  -10.977  -79.162  -13.300 0.0000000000
14659  -11.604  -78.881  -13.198 0.0000000000
14675  -9.668  -79.987  -14.472 0.0000000000
14682  -9.957  -79.531  -15.268 0.0000000000
14683  -17.116  -80.024  -15.480 0.0000000000
14684  -17.907  -79.871  -15.243 0.0000000000
14685  -18.762  -79.728  -15.218 0.0000000000
14686  -19.630  -79.659  -15.252 0.0000000000
14687  -20.503  -79.596  -15.364 0.0000000000
14688  -21.422  -79.525  -15.505 0.0000000000
14689  -22.300  -79.346  -15.707 0.0000000000
14690  -23.043  -79.062  -15.934 0.0000000000
14700  -15.764  -79.834  -16.458 0.0000000000
14701  -16.494  -79.420  -15.878 0.0000000000
14702  -21.887  -79.879  -16.241 0.0000000000
14703  -22.638  -79.461  -16.289 0.0000000000
14704  -23.177  -79.150  -16.692 0.0000000000
14713  -14.624  -79.485  -17.509 0.0000000000
14714  -15.166  -79.140  -16.941 0.0000000000
14715  -20.710  -80.025  -17.463 0.0000000000
14716  -21.752  -79.918  -17.184 0.0000000000
14717  -22.568  -79.610  -16.960 0.0000000000
14724  -14.081  -79.118  -18.121 0.0000000000
14725  -19.518  -79.744  -18.680 0.0000000000
14726  -20.448  -79.694  -18.318 0.0000000000
14727  -21.495  -79.667  -18.092 0.0000000000
14728  -22.375  -79.481  -17.852 0.0000000000
14729  -27.076  -80.328  -18.711 0.0000000000
14730  -27.752  -80.142  -18.657 0.0000000000
14731  -28.132  -79.422  -19.086 0.0000000000
14732  -29.354  -79.645  -18.566 0.0000000000
14733  -30.156  -79.337  -18.499 0.0000000000
14734  -32.808  -79.193  -18.395 0.0000000000
14737  -12.957  -79.222  -19.720 0.0000000000
14738  -18.815  -79.871  -19.151 0.0000000000
14739  -20.423  -79.359  -19.141 0.0000000000
14740  -21.248  -79.390  -18.805 0.0000000000
14741  -25.785  -79.986  -19.739 0.0000000000
14742  -26.413  -80.238  -19.093 0.0000000000
14743  -27.280  -79.747  -19.168 0.0000000000
14747  -12.382  -79.138  -20.474 0.0000000000
14748  -18.327  -79.594  -20.267 0.0000000000
14749  -19.293  -79.083  -20.307 0.0000000000
14750  -19.454  -79.393  -19.442 0.0000000000
14751  -25.289  -79.869  -20.290 0.0000000000
14752  -26.697  -79.600  -19.808 0.0000000000
14753  -27.744  -79.191  -19.863 0.0000000000
14759  -11.739  -79.645  -20.997 0.0000000000
14760  -17.770  -79.416  -22.431 0.0000000000
14761  -17.930  -79.582  -21.661 0.0000000000
14762  -18.581  -79.150  -21.103 0.0000000000
14763  -23.647  -79.996  -21.458 0.0000000000
14764  -24.195  -79.760  -21.218 0.0000000000
14765  -25.183  -79.589  -21.041 0.0000000000
14766  -26.987  -79.350  -21.746 0.0000000000
14767  -27.745  -79.088  -21.472 0.0000000000
14768  -28.263  -79.008  -22.153 0.0000000000
14776  -17.468  -79.414  -23.126 0.0000000000
14777  -23.292  -79.445  -22.766 0.0000000000
14778  -24.114  -79.124  -22.512 0.0000000000
14779  -25.568  -79.390  -21.893 0.0000000000
14780  -26.354  -79.407  -22.069 0.0000000000
14781  -27.862  -79.366  -22.844 0.0000000000
14782  -28.670  -79.155  -22.942 0.0000000000
14783  -29.426  -78.951  -23.132 0.0000000000
14787  -17.199  -79.323  -23.857 0.0000000000
14788  -22.497  -79.807  -23.800 0.0000000000
14789  -23.171  -78.964  -23.654 0.0000000000
14790  -24.532  -78.853  -23.237 0.0000000000
14791  -25.483  -79.052  -23.363 0.0000000000
14792  -26.476  -79.359  -23.587 0.0000000000
14793  -27.414  -79.528  -23.558 0.0000000000
14794  -29.051  -79.468  -23.756 0.0000000000
14795  -29.814  -79.385  -23.855 0.0000000000
14796  -30.566  -79.323  -23.958 0.0000000000
14797  -31.450  -79.338  -24.147 0.0000000000
14808  -16.776  -78.785  -25.109 0.0000000000
14809  -17.018  -79.270  -24.527 0.0000000000
14810  -22.062  -79.357  -25.535 0.0000000000
14811  -22.147  -79.772  -24.743 0.0000000000
14812  -25.685  -78.919  -24.923 0.0000000000
14813  -26.451  -79.357  -24.608 0.0000000000
14814  -27.796  -79.797  -24.401 0.0000000000
14815  -28.638  -79.912  -24.473 0.0000000000
14816  -29.451  -79.906  -24.488 0.0000000000
14817  -30.210  -79.847  -24.499 0.0000000000
14818  -30.865  -79.794  -24.509 0.0000000000
14819  -32.367  -79.889  -24.680 0.0000000000
14827  -17.067  -79.152  -25.738 0.0000000000
14828  -25.531  -78.873  -25.762 0.0000000000
14829  -26.315  -79.329  -25.765 0.0000000000
14830  -27.707  -80.197  -26.002 0.0000000000
14831  -28.202  -80.251  -25.364 0.0000000000
14834  -17.394  -78.989  -26.405 0.0000000000
14835  -21.512  -79.494  -26.689 0.0000000000
14836  -22.006  -78.836  -26.726 0.0000000000
14837  -25.714  -79.016  -26.698 0.0000000000
14838  -26.475  -79.444  -27.081 0.0000000000
14839  -27.230  -79.889  -27.555 0.0000000000
14840  -31.136  -79.641  -27.521 0.0000000000
14841  -32.134  -79.894  -27.450 0.0000000000
14846  -17.975  -79.384  -26.948 0.0000000000
14847  -18.487  -79.568  -27.610 0.0000000000
14848  -19.005  -79.315  -27.999 0.0000000000
14849  -20.283  -79.239  -28.342 0.0000000000
14850  -25.944  -78.940  -27.839 0.0000000000
14851  -26.729  -79.338  -28.146 0.0000000000
14852  -27.465  -79.680  -28.292 0.0000000000
14853  -29.620  -79.726  -28.444 0.0000000000
14854  -30.473  -80.171  -28.363 0.0000000000
14855  -31.352  -80.525  -28.258 0.0000000000
14856  -32.915  -80.569  -27.823 0.0000000000
14857  -33.845  -80.645  -27.791 0.0000000000
14858  -35.603  -80.110  -27.526 0.0000000000
14862  -18.908  -79.884  -28.265 0.0000000000
14863  -19.391  -79.809  -28.556 0.0000000000
14864  -19.902  -79.582  -28.616 0.0000000000
14865  -27.047  -79.141  -28.520 0.0000000000
14866  -27.640  -79.355  -28.526 0.0000000000
14867  -28.382  -79.632  -28.509 0.0000000000
14868  -29.248  -80.033  -28.553 0.0000000000
14869  -30.745  -80.900  -28.605 0.0000000000
15681  -10.554  -78.447  -14.139 0.0000000000
15682  -10.980  -78.578  -13.614 0.0000000000
15683  -12.414  -78.438  -13.153 0.0000000000
15695  -10.970  -77.989  -13.951 0.0000000000
15702  -10.137  -79.124  -16.176 0.0000000000
15703  -10.303  -78.238  -15.887 0.0000000000
15704  -17.311  -79.247  -15.499 0.0000000000
15705  -17.592  -78.587  -15.644 0.0000000000
15706  -19.146  -78.945  -15.173 0.0000000000
15707  -21.796  -78.860  -15.213 0.0000000000
15708  -22.608  -78.681  -15.396 0.0000000000
15709  -23.234  -78.476  -15.618 0.0000000000
15722  -9.957  -78.317  -16.510 0.0000000000
15723  -15.870  -78.855  -16.447 0.0000000000
15724  -16.753  -78.499  -16.044 0.0000000000
15725  -17.502  -77.921  -16.120 0.0000000000
15726  -23.620  -78.421  -16.306 0.0000000000
15740  -9.244  -78.306  -17.005 0.0000000000
15741  -14.689  -78.506  -17.606 0.0000000000
15742  -15.378  -78.402  -17.002 0.0000000000
15743  -16.034  -78.013  -16.758 0.0000000000
15744  -23.057  -79.105  -17.550 0.0000000000
15745  -23.548  -78.465  -17.248 0.0000000000
15755  -13.533  -78.794  -19.065 0.0000000000
15756  -14.143  -78.395  -18.378 0.0000000000
15757  -22.068  -79.209  -18.719 0.0000000000
15758  -22.777  -78.809  -18.377 0.0000000000
15759  -23.267  -78.404  -17.977 0.0000000000
15760  -28.959  -79.092  -18.883 0.0000000000
15761  -29.755  -78.780  -18.710 0.0000000000
15762  -30.549  -78.464  -18.490 0.0000000000
15763  -31.309  -78.200  -18.161 0.0000000000
15771  -13.574  -77.861  -19.836 0.0000000000
15772  -13.929  -77.961  -18.966 0.0000000000
15773  -20.419  -78.943  -19.970 0.0000000000
15774  -21.516  -78.863  -19.541 0.0000000000
15775  -22.423  -78.416  -19.193 0.0000000000
15776  -28.671  -78.804  -19.519 0.0000000000
15777  -29.491  -78.296  -19.209 0.0000000000
15785  -12.443  -78.079  -20.942 0.0000000000
15786  -12.978  -78.463  -20.126 0.0000000000
15787  -19.551  -78.710  -21.155 0.0000000000
15788  -20.357  -78.566  -20.844 0.0000000000
15789  -21.276  -78.363  -20.460 0.0000000000
15790  -27.930  -78.958  -20.723 0.0000000000
15791  -28.486  -78.632  -20.305 0.0000000000
15792  -29.110  -78.216  -19.947 0.0000000000
15802  -11.296  -78.309  -21.447 0.0000000000
15803  -11.793  -78.613  -21.199 0.0000000000
15804  -18.297  -78.970  -22.073 0.0000000000
15805  -19.226  -78.546  -21.839 0.0000000000
15806  -20.147  -78.198  -21.593 0.0000000000
15807  -28.551  -78.626  -21.279 0.0000000000
15808  -29.390  -78.131  -21.328 0.0000000000
15809  -29.925  -78.087  -22.033 0.0000000000
15818  -17.819  -78.664  -23.023 0.0000000000
15819  -18.803  -78.213  -22.606 0.0000000000
15820  -23.761  -78.914  -23.157 0.0000000000
15821  -29.130  -78.604  -22.214 0.0000000000
15822  -30.456  -78.312  -22.728 0.0000000000
15823  -31.259  -78.083  -22.855 0.0000000000
15824  -32.091  -77.883  -23.012 0.0000000000
15831  -17.193  -78.720  -23.839 0.0000000000
15832  -17.482  -77.846  -23.822 0.0000000000
15833  -22.604  -79.216  -24.402 0.0000000000
15834  -23.903  -78.625  -23.912 0.0000000000
15835  -24.917  -78.712  -24.215 0.0000000000
15836  -30.158  -78.851  -23.312 0.0000000000
15837  -30.929  -78.730  -23.431 0.0000000000
15838  -31.743  -78.542  -23.489 0.0000000000
15848  -23.202  -78.669  -24.618 0.0000000000
15849  -24.066  -78.493  -24.922 0.0000000000
15850  -24.907  -78.629  -25.324 0.0000000000
15853  -16.937  -78.429  -25.702 0.0000000000
15854  -22.586  -78.846  -25.576 0.0000000000
15855  -23.352  -78.543  -25.823 0.0000000000
15856  -24.218  -78.540  -26.091 0.0000000000
15859  -17.459  -78.578  -26.371 0.0000000000
15860  -17.930  -78.468  -26.669 0.0000000000
15861  -21.496  -78.619  -27.575 0.0000000000
15862  -22.287  -78.128  -28.010 0.0000000000
15863  -23.567  -78.473  -27.127 0.0000000000
15864  -24.361  -78.507  -27.293 0.0000000000
15865  -25.143  -78.655  -27.509 0.0000000000
15866  -29.859  -78.624  -27.163 0.0000000000
15867  -30.187  -79.359  -27.854 0.0000000000
15868  -31.683  -78.982  -26.699 0.0000000000
15869  -32.656  -78.944  -26.854 0.0000000000
15870  -33.342  -78.418  -27.107 0.0000000000
15874  -18.024  -78.984  -27.000 0.0000000000
15875  -18.658  -78.697  -27.315 0.0000000000
15876  -19.521  -78.766  -27.893 0.0000000000
15877  -20.049  -78.930  -28.224 0.0000000000
15878  -21.482  -78.112  -27.888 0.0000000000
15879  -22.395  -77.825  -28.095 0.0000000000
15880  -23.205  -77.849  -28.222 0.0000000000
15881  -24.577  -78.206  -28.153 0.0000000000
15882  -25.396  -78.348  -28.279 0.0000000000
15883  -28.635  -79.036  -28.507 0.0000000000
15884  -33.936  -78.430  -27.476 0.0000000000
15889  -19.616  -79.275  -28.312 0.0000000000
15890  -24.122  -77.640  -28.254 0.0000000000
15891  -25.170  -78.094  -28.432 0.0000000000
15892  -25.547  -78.113  -28.491 0.0000000000
15893  -26.302  -78.619  -28.416 0.0000000000
15894  -27.820  -79.057  -28.633 0.0000000000
16789  -11.623  -78.027  -13.597 0.0000000000
16790  -12.790  -77.067  -13.759 0.0000000000
16796  -10.688  -77.714  -14.510 0.0000000000
16797  -11.290  -77.290  -14.134 0.0000000000
16798  -11.972  -77.344  -13.798 0.0000000000
16799  -22.471  -77.327  -14.687 0.0000000000
16800  -23.177  -77.272  -14.769 0.0000000000
16801  -23.777  -76.787  -14.786 0.0000000000
16805  -10.453  -77.407  -15.416 0.0000000000
16806  -18.396  -78.178  -15.672 0.0000000000
16807  -20.549  -77.268  -15.402 0.0000000000
16808  -21.217  -78.125  -15.156 0.0000000000
16809  -22.119  -78.076  -14.998 0.0000000000
16810  -23.005  -77.948  -15.101 0.0000000000
16811  -23.534  -77.450  -15.127 0.0000000000
16812  -24.051  -77.229  -15.565 0.0000000000
16822  -8.420  -76.689  -16.925 0.0000000000
16823  -9.359  -77.474  -16.681 0.0000000000
16824  -10.096  -77.462  -16.226 0.0000000000
16825  -16.840  -77.657  -16.651 0.0000000000
16826  -18.163  -77.330  -16.429 0.0000000000
16827  -18.977  -77.320  -16.137 0.0000000000
16828  -19.321  -76.510  -16.156 0.0000000000
16829  -23.954  -77.621  -16.943 0.0000000000
16839  -7.690  -77.137  -17.189 0.0000000000
16840  -8.536  -77.557  -16.958 0.0000000000
16841  -15.425  -77.631  -17.579 0.0000000000
16842  -16.353  -77.270  -17.324 0.0000000000
16843  -17.152  -77.008  -17.210 0.0000000000
16855  -14.613  -77.634  -18.442 0.0000000000
16856  -16.001  -76.809  -18.044 0.0000000000
16857  -23.033  -77.738  -18.684 0.0000000000
16858  -23.559  -77.564  -17.833 0.0000000000
16859  -30.228  -77.963  -18.769 0.0000000000
16860  -30.914  -77.686  -18.411 0.0000000000
16868  -8.686  -76.899  -19.749 0.0000000000
16869  -14.238  -77.303  -19.538 0.0000000000
16870  -14.936  -76.800  -19.177 0.0000000000
16871  -22.110  -77.985  -19.999 0.0000000000
16872  -22.536  -77.536  -19.400 0.0000000000
16873  -30.110  -77.570  -19.333 0.0000000000
16883  -10.158  -77.397  -20.982 0.0000000000
16884  -12.641  -77.271  -21.265 0.0000000000
16885  -13.094  -77.597  -20.754 0.0000000000
16886  -13.764  -77.001  -20.620 0.0000000000
16887  -20.970  -77.878  -21.218 0.0000000000
16888  -21.612  -77.411  -20.607 0.0000000000
16889  -29.544  -77.827  -20.514 0.0000000000
16890  -30.106  -77.347  -20.156 0.0000000000
16891  -30.842  -76.928  -20.541 0.0000000000
16902  -10.503  -77.973  -21.500 0.0000000000
16903  -11.223  -77.831  -21.429 0.0000000000
16904  -12.365  -77.153  -21.341 0.0000000000
16905  -12.898  -76.771  -21.398 0.0000000000
16906  -19.694  -77.808  -22.238 0.0000000000
16907  -20.448  -77.368  -21.771 0.0000000000
16908  -30.220  -77.542  -21.178 0.0000000000
16909  -31.202  -77.167  -21.460 0.0000000000
16910  -32.098  -76.926  -21.738 0.0000000000
16917  -18.266  -77.657  -23.250 0.0000000000
16918  -19.075  -77.278  -22.794 0.0000000000
16919  -30.745  -77.709  -22.109 0.0000000000
16920  -31.643  -77.474  -22.297 0.0000000000
16928  -17.313  -77.097  -24.365 0.0000000000
16929  -17.807  -76.901  -23.763 0.0000000000
16935  -16.746  -78.110  -25.050 0.0000000000
16936  -16.995  -77.287  -24.897 0.0000000000
16939  -16.992  -77.591  -25.378 0.0000000000
16940  -19.033  -77.493  -26.344 0.0000000000
16941  -29.014  -77.176  -25.952 0.0000000000
16942  -29.885  -77.232  -25.653 0.0000000000
16943  -31.303  -78.106  -26.133 0.0000000000
16947  -17.380  -78.000  -26.115 0.0000000000
16948  -18.312  -78.002  -26.583 0.0000000000
16949  -21.133  -77.550  -27.503 0.0000000000
16950  -21.883  -77.459  -27.804 0.0000000000
16951  -22.703  -77.327  -27.841 0.0000000000
16952  -23.475  -77.650  -28.273 0.0000000000
16953  -28.652  -77.566  -27.025 0.0000000000
16954  -29.458  -77.869  -26.512 0.0000000000
16955  -30.744  -78.848  -26.800 0.0000000000
16956  -32.171  -78.123  -26.327 0.0000000000
16957  -32.940  -77.641  -26.817 0.0000000000
16961  -19.348  -78.163  -27.219 0.0000000000
16962  -20.159  -78.302  -27.782 0.0000000000
16963  -21.444  -77.864  -27.916 0.0000000000
16964  -24.860  -77.538  -28.335 0.0000000000
16965  -25.768  -77.518  -28.395 0.0000000000
16966  -26.621  -77.536  -28.396 0.0000000000
16967  -27.392  -77.675  -28.329 0.0000000000
16968  -28.202  -77.992  -28.176 0.0000000000
16969  -29.042  -78.316  -27.788 0.0000000000
16970  -33.629  -77.474  -27.488 0.0000000000
16971  -34.462  -76.462  -28.180 0.0000000000
16977  -25.221  -77.903  -28.522 0.0000000000
16978  -26.162  -78.144  -28.563 0.0000000000
16979  -26.938  -78.171  -28.609 0.0000000000
16980  -27.622  -78.483  -28.554 0.0000000000
17803  -15.462  -76.332  -12.231 0.0000000000
17817  -10.853  -76.949  -14.861 0.0000000000
17818  -11.388  -76.466  -14.627 0.0000000000
17819  -11.966  -76.695  -14.136 0.0000000000
17820  -21.245  -76.315  -14.628 0.0000000000
17821  -22.018  -76.580  -14.344 0.0000000000
17822  -22.934  -76.688  -14.353 0.0000000000
17823  -24.337  -76.009  -14.721 0.0000000000
17829  -10.540  -76.643  -15.508 0.0000000000
17830  -10.892  -76.161  -15.323 0.0000000000
17831  -19.900  -76.013  -15.585 0.0000000000
17832  -20.569  -76.076  -15.015 0.0000000000
17833  -21.476  -77.213  -14.875 0.0000000000
17842  -8.470  -75.803  -17.019 0.0000000000
17843  -10.252  -76.761  -16.001 0.0000000000
17844  -17.839  -76.766  -16.990 0.0000000000
17845  -18.552  -76.615  -16.655 0.0000000000
17846  -24.280  -76.803  -16.432 0.0000000000
17856  -7.797  -76.264  -17.328 0.0000000000
17857  -16.803  -76.596  -17.800 0.0000000000
17858  -17.455  -76.381  -17.520 0.0000000000
17859  -18.058  -76.121  -17.174 0.0000000000
17860  -23.890  -76.537  -17.564 0.0000000000
17861  -24.357  -75.999  -17.073 0.0000000000
17871  -7.618  -76.090  -17.951 0.0000000000
17872  -8.314  -75.789  -18.247 0.0000000000
17873  -15.693  -76.407  -18.854 0.0000000000
17874  -16.493  -76.080  -18.483 0.0000000000
17875  -16.991  -75.489  -18.224 0.0000000000
17876  -22.738  -76.716  -19.116 0.0000000000
17877  -23.278  -76.625  -18.431 0.0000000000
17878  -30.685  -77.220  -18.844 0.0000000000
17887  -7.994  -76.326  -18.871 0.0000000000
17888  -8.974  -76.242  -19.197 0.0000000000
17889  -10.146  -76.137  -19.559 0.0000000000
17890  -14.535  -76.530  -20.150 0.0000000000
17891  -15.287  -75.971  -19.782 0.0000000000
17892  -15.936  -75.773  -19.146 0.0000000000
17893  -22.188  -76.786  -19.858 0.0000000000
17894  -30.656  -76.931  -19.608 0.0000000000
17906  -9.648  -76.833  -20.131 0.0000000000
17907  -10.638  -76.754  -20.610 0.0000000000
17908  -11.608  -76.686  -21.047 0.0000000000
17909  -12.552  -76.587  -21.307 0.0000000000
17910  -13.401  -76.474  -21.265 0.0000000000
17911  -14.071  -76.158  -20.946 0.0000000000
17912  -14.653  -75.837  -20.519 0.0000000000
17913  -21.116  -76.906  -21.233 0.0000000000
17914  -21.596  -76.301  -20.512 0.0000000000
17915  -31.421  -76.441  -19.956 0.0000000000
17925  -11.047  -77.351  -21.266 0.0000000000
17926  -11.871  -77.236  -21.354 0.0000000000
17927  -13.094  -76.269  -21.375 0.0000000000
17928  -19.826  -76.811  -22.319 0.0000000000
17929  -20.469  -76.308  -21.710 0.0000000000
17930  -31.732  -76.606  -20.882 0.0000000000
17938  -18.998  -76.074  -22.837 0.0000000000
17939  -19.779  -75.716  -22.190 0.0000000000
17945  -17.613  -76.363  -24.146 0.0000000000
17946  -18.129  -75.917  -23.613 0.0000000000
17949  -17.424  -76.508  -24.614 0.0000000000
17950  -17.743  -76.028  -24.714 0.0000000000
17952  -17.297  -76.725  -25.074 0.0000000000
17953  -17.812  -76.316  -25.166 0.0000000000
17954  -18.781  -76.520  -25.526 0.0000000000
17955  -19.966  -76.429  -25.593 0.0000000000
17956  -21.039  -76.345  -25.589 0.0000000000
17957  -22.080  -76.528  -25.945 0.0000000000
17958  -22.983  -76.616  -26.466 0.0000000000
17959  -28.045  -76.001  -25.734 0.0000000000
17960  -29.388  -76.512  -25.505 0.0000000000
17961  -30.197  -76.330  -25.414 0.0000000000
17963  -19.773  -77.144  -26.086 0.0000000000
17964  -20.658  -77.132  -26.350 0.0000000000
17965  -21.534  -77.065  -26.745 0.0000000000
17966  -22.237  -77.018  -27.050 0.0000000000
17967  -23.612  -77.004  -27.487 0.0000000000
17968  -24.465  -76.566  -27.213 0.0000000000
17969  -25.265  -76.191  -27.254 0.0000000000
17970  -26.677  -76.189  -27.244 0.0000000000
17971  -27.461  -76.451  -26.882 0.0000000000
17972  -28.279  -76.835  -26.386 0.0000000000
17973  -32.543  -76.606  -26.713 0.0000000000
17975  -23.957  -77.163  -27.828 0.0000000000
17976  -25.551  -76.824  -27.903 0.0000000000
17977  -26.314  -76.808  -27.938 0.0000000000
17978  -27.082  -76.891  -27.878 0.0000000000
17979  -27.842  -77.183  -27.579 0.0000000000
17980  -33.266  -76.425  -27.627 0.0000000000
17981  -33.864  -76.686  -27.946 0.0000000000
17986  -34.466  -75.644  -28.103 0.0000000000
18743  -18.561  -75.474  -10.132 0.0000000000
18753  -17.029  -75.564  -10.982 0.0000000000
18754  -17.844  -75.778  -10.573 0.0000000000
18764  -15.688  -75.399  -11.867 0.0000000000
18765  -16.307  -75.401  -11.369 0.0000000000
18771  -14.604  -75.436  -12.984 0.0000000000
18772  -15.145  -75.410  -12.421 0.0000000000
18777  -12.555  -75.441  -14.449 0.0000000000
18778  -13.283  -75.441  -14.131 0.0000000000
18779  -14.009  -75.455  -13.581 0.0000000000
18780  -22.065  -75.218  -13.764 0.0000000000
18781  -22.927  -75.247  -13.723 0.0000000000
18782  -24.250  -75.327  -14.196 0.0000000000
18788  -11.365  -75.582  -15.104 0.0000000000
18789  -11.988  -74.928  -14.881 0.0000000000
18790  -21.670  -75.801  -14.127 0.0000000000
18791  -22.512  -75.945  -13.965 0.0000000000
18792  -23.524  -75.929  -14.131 0.0000000000
18793  -24.846  -75.371  -14.752 0.0000000000
18794  -25.294  -74.890  -14.740 0.0000000000
18797  -10.707  -75.235  -15.721 0.0000000000
18798  -20.204  -75.303  -14.871 0.0000000000
18799  -24.805  -75.799  -15.400 0.0000000000
18800  -25.338  -75.255  -15.428 0.0000000000
18805  -9.345  -75.413  -16.755 0.0000000000
18806  -10.094  -74.954  -16.371 0.0000000000
18807  -18.651  -75.835  -16.604 0.0000000000
18808  -19.232  -75.733  -15.982 0.0000000000
18809  -24.735  -75.955  -16.220 0.0000000000
18810  -25.301  -75.362  -16.361 0.0000000000
18817  -8.191  -75.760  -17.432 0.0000000000
18818  -8.926  -75.465  -17.128 0.0000000000
18819  -17.380  -75.002  -17.699 0.0000000000
18820  -17.967  -75.451  -17.115 0.0000000000
18821  -24.024  -75.779  -17.767 0.0000000000
18822  -24.547  -75.492  -17.594 0.0000000000
18823  -25.201  -75.233  -17.281 0.0000000000
18835  -8.822  -75.439  -17.603 0.0000000000
18836  -10.245  -75.449  -18.742 0.0000000000
18837  -11.118  -75.190  -18.935 0.0000000000
18838  -16.380  -75.319  -18.883 0.0000000000
18839  -22.914  -75.902  -18.908 0.0000000000
18840  -23.535  -75.822  -18.330 0.0000000000
18841  -24.110  -75.379  -18.324 0.0000000000
18853  -9.307  -75.655  -18.566 0.0000000000
18854  -11.656  -75.510  -19.897 0.0000000000
18855  -12.541  -75.217  -20.418 0.0000000000
18856  -15.726  -75.132  -19.677 0.0000000000
18857  -22.084  -75.833  -19.956 0.0000000000
18858  -22.672  -75.514  -19.561 0.0000000000
18868  -11.189  -76.129  -20.260 0.0000000000
18869  -12.127  -75.947  -20.820 0.0000000000
18870  -13.034  -75.676  -21.198 0.0000000000
18871  -13.535  -75.820  -21.227 0.0000000000
18872  -14.215  -75.351  -20.923 0.0000000000
18873  -15.009  -75.264  -20.396 0.0000000000
18874  -21.029  -75.802  -21.093 0.0000000000
18875  -21.647  -75.479  -20.610 0.0000000000
18876  -22.283  -75.273  -20.247 0.0000000000
18885  -20.374  -75.270  -21.636 0.0000000000
18886  -21.094  -74.930  -21.261 0.0000000000
18890  -18.707  -75.115  -23.155 0.0000000000
18891  -19.238  -75.177  -22.587 0.0000000000
18893  -17.825  -75.807  -24.224 0.0000000000
18894  -18.322  -75.118  -23.809 0.0000000000
18899  -18.219  -75.346  -24.296 0.0000000000
18900  -18.827  -74.968  -24.421 0.0000000000
18901  -19.807  -74.771  -24.636 0.0000000000
18909  -18.297  -75.701  -24.843 0.0000000000
18910  -19.228  -75.583  -25.037 0.0000000000
18911  -20.147  -75.632  -25.167 0.0000000000
18912  -21.700  -75.497  -25.297 0.0000000000
18913  -22.619  -75.682  -25.589 0.0000000000
18914  -23.985  -75.134  -25.915 0.0000000000
18915  -24.022  -74.233  -25.385 0.0000000000
18916  -26.754  -74.942  -25.651 0.0000000000
18917  -27.608  -75.119  -25.413 0.0000000000
18918  -28.923  -75.876  -25.366 0.0000000000
18919  -30.196  -75.282  -25.450 0.0000000000
18920  -30.990  -74.835  -26.108 0.0000000000
18928  -23.904  -76.183  -26.479 0.0000000000
18929  -24.751  -75.520  -26.500 0.0000000000
18930  -25.599  -75.447  -26.639 0.0000000000
18931  -26.293  -75.505  -26.574 0.0000000000
18932  -27.117  -75.678  -26.220 0.0000000000
18933  -31.656  -75.268  -26.629 0.0000000000
18934  -32.233  -75.639  -26.998 0.0000000000
18942  -25.990  -76.053  -27.386 0.0000000000
18943  -32.163  -74.770  -27.549 0.0000000000
18944  -32.739  -75.545  -27.623 0.0000000000
18945  -33.571  -75.247  -27.898 0.0000000000
18946  -34.363  -75.148  -27.615 0.0000000000
19754  -17.881  -74.844  -10.323 0.0000000000
19755  -18.618  -74.558  -10.098 0.0000000000
19764  -15.813  -73.979  -10.848 0.0000000000
19765  -16.543  -74.611  -10.832 0.0000000000
19766  -17.238  -74.351  -10.484 0.0000000000
19767  -17.864  -74.204  -10.313 0.0000000000
19776  -14.858  -74.156  -11.475 0.0000000000
19777  -15.637  -74.531  -11.258 0.0000000000
19781  -13.958  -73.981  -12.718 0.0000000000
19782  -14.638  -74.569  -12.358 0.0000000000
19783  -15.214  -74.783  -11.889 0.0000000000
19788  -12.835  -74.697  -14.404 0.0000000000
19789  -13.611  -74.468  -13.721 0.0000000000
19790  -14.241  -74.754  -13.137 0.0000000000
19791  -21.636  -74.526  -13.834 0.0000000000
19792  -22.468  -74.531  -13.659 0.0000000000
19793  -23.324  -74.542  -13.674 0.0000000000
19794  -24.120  -74.588  -13.850 0.0000000000
19802  -11.673  -73.956  -15.137 0.0000000000
19803  -20.770  -74.627  -14.286 0.0000000000
19804  -24.805  -74.732  -14.271 0.0000000000
19805  -25.440  -74.276  -14.433 0.0000000000
19806  -26.193  -73.995  -14.689 0.0000000000
19813  -10.634  -74.365  -15.994 0.0000000000
19814  -18.907  -74.149  -15.372 0.0000000000
19815  -19.816  -74.373  -14.786 0.0000000000
19816  -25.856  -74.660  -15.045 0.0000000000
19817  -26.559  -74.365  -15.450 0.0000000000
19818  -27.335  -74.076  -15.791 0.0000000000
19824  -9.683  -74.934  -16.818 0.0000000000
19825  -10.358  -74.281  -16.450 0.0000000000
19826  -17.435  -73.743  -16.358 0.0000000000
19827  -18.182  -74.387  -16.061 0.0000000000
19828  -18.781  -75.080  -15.981 0.0000000000
19829  -25.992  -74.898  -15.941 0.0000000000
19830  -26.768  -74.549  -16.520 0.0000000000
19831  -27.541  -74.197  -16.591 0.0000000000
19837  -10.166  -74.267  -16.783 0.0000000000
19838  -16.771  -74.321  -17.805 0.0000000000
19839  -17.205  -74.339  -17.123 0.0000000000
19840  -17.770  -74.711  -16.825 0.0000000000
19841  -25.911  -74.949  -16.899 0.0000000000
19842  -26.471  -74.683  -17.561 0.0000000000
19843  -27.364  -74.346  -17.457 0.0000000000
19847  -9.524  -74.921  -17.216 0.0000000000
19848  -10.286  -74.734  -18.027 0.0000000000
19849  -11.325  -74.454  -18.458 0.0000000000
19850  -12.308  -74.173  -18.910 0.0000000000
19851  -16.712  -74.844  -18.451 0.0000000000
19852  -24.447  -75.023  -19.089 0.0000000000
19853  -25.059  -75.079  -18.214 0.0000000000
19854  -26.038  -74.766  -18.362 0.0000000000
19855  -26.976  -74.466  -18.409 0.0000000000
19857  -11.998  -74.864  -19.400 0.0000000000
19858  -12.881  -74.511  -19.889 0.0000000000
19859  -13.740  -74.213  -20.218 0.0000000000
19860  -15.649  -74.338  -19.684 0.0000000000
19861  -16.164  -74.649  -19.140 0.0000000000
19862  -22.975  -75.057  -19.973 0.0000000000
19863  -23.915  -74.924  -19.920 0.0000000000
19864  -24.926  -74.760  -19.992 0.0000000000
19865  -26.377  -74.476  -19.799 0.0000000000
19866  -27.086  -74.318  -19.380 0.0000000000
19868  -13.364  -74.897  -20.748 0.0000000000
19869  -14.025  -74.681  -20.827 0.0000000000
19870  -14.617  -74.769  -20.627 0.0000000000
19871  -15.194  -74.585  -20.213 0.0000000000
19872  -21.829  -75.010  -20.829 0.0000000000
19873  -22.483  -74.902  -20.777 0.0000000000
19874  -23.430  -74.792  -20.773 0.0000000000
19875  -24.467  -74.671  -20.829 0.0000000000
19876  -25.433  -74.532  -20.812 0.0000000000
19877  -26.853  -74.019  -21.160 0.0000000000
19878  -27.123  -74.148  -20.354 0.0000000000
19882  -19.728  -74.782  -22.188 0.0000000000
19883  -20.371  -74.509  -21.944 0.0000000000
19884  -21.816  -74.529  -21.550 0.0000000000
19885  -22.902  -74.490  -21.602 0.0000000000
19886  -23.949  -74.418  -21.645 0.0000000000
19887  -25.042  -74.269  -21.718 0.0000000000
19888  -25.763  -73.706  -22.162 0.0000000000
19889  -26.024  -74.168  -21.422 0.0000000000
19895  -18.890  -74.510  -23.431 0.0000000000
19896  -19.413  -73.936  -23.151 0.0000000000
19897  -20.515  -73.871  -22.397 0.0000000000
19898  -21.369  -73.867  -22.346 0.0000000000
19899  -22.354  -73.915  -22.352 0.0000000000
19900  -23.367  -73.882  -22.380 0.0000000000
19901  -24.328  -73.806  -22.389 0.0000000000
19902  -25.067  -73.652  -22.423 0.0000000000
19910  -18.707  -74.637  -23.942 0.0000000000
19911  -19.205  -74.174  -23.643 0.0000000000
19920  -19.296  -74.229  -24.056 0.0000000000
19921  -20.565  -74.350  -24.593 0.0000000000
19922  -21.852  -73.470  -24.454 0.0000000000
19923  -22.679  -73.803  -24.804 0.0000000000
19930  -20.780  -75.186  -24.988 0.0000000000
19931  -21.341  -74.443  -24.785 0.0000000000
19932  -22.231  -74.568  -25.050 0.0000000000
19933  -25.526  -73.984  -25.344 0.0000000000
19934  -26.449  -73.991  -25.199 0.0000000000
19935  -27.972  -74.384  -25.138 0.0000000000
19936  -28.838  -74.308  -25.207 0.0000000000
19937  -29.698  -74.358  -25.521 0.0000000000
19938  -30.399  -74.408  -25.911 0.0000000000
19945  -25.200  -74.740  -25.952 0.0000000000
19946  -25.932  -74.784  -25.898 0.0000000000
19947  -30.816  -73.945  -26.896 0.0000000000
19948  -31.474  -74.333  -27.237 0.0000000000
19949  -33.276  -74.336  -27.128 0.0000000000
19956  -31.328  -73.654  -27.371 0.0000000000
19957  -31.787  -74.094  -27.535 0.0000000000
19958  -32.294  -74.364  -27.540 0.0000000000
19959  -32.995  -74.620  -27.697 0.0000000000
19960  -33.654  -74.798  -27.558 0.0000000000
20747  -19.104  -74.009  -10.093 0.0000000000
20748  -19.859  -73.866  -9.922 0.0000000000
20757  -16.078  -73.414  -10.989 0.0000000000
20758  -16.617  -73.894  -10.642 0.0000000000
20759  -17.441  -73.723  -10.546 0.0000000000
20760  -18.373  -73.627  -10.409 0.0000000000
20761  -19.284  -73.287  -10.391 0.0000000000
20762  -20.174  -73.091  -10.288 0.0000000000
20770  -14.006  -72.982  -11.629 0.0000000000
20771  -14.644  -73.530  -11.306 0.0000000000
20772  -15.273  -73.477  -11.099 0.0000000000
20777  -13.063  -72.567  -12.872 0.0000000000
20778  -13.621  -73.163  -12.271 0.0000000000
20779  -14.228  -73.707  -11.829 0.0000000000
20787  -12.669  -72.861  -13.835 0.0000000000
20788  -13.339  -73.423  -13.247 0.0000000000
20789  -22.059  -73.833  -13.764 0.0000000000
20790  -22.900  -73.830  -13.657 0.0000000000
20791  -23.794  -73.854  -13.706 0.0000000000
20800  -11.511  -73.077  -15.158 0.0000000000
20801  -12.170  -73.349  -14.604 0.0000000000
20802  -20.438  -73.630  -14.508 0.0000000000
20803  -21.268  -73.788  -14.087 0.0000000000
20804  -22.472  -73.184  -13.938 0.0000000000
20805  -23.321  -73.144  -13.852 0.0000000000
20806  -24.738  -73.864  -13.974 0.0000000000
20807  -25.624  -73.501  -14.305 0.0000000000
20808  -26.436  -73.271  -14.558 0.0000000000
20809  -27.096  -73.111  -14.792 0.0000000000
20816  -10.768  -73.581  -16.122 0.0000000000
20817  -11.146  -72.902  -15.738 0.0000000000
20818  -18.826  -73.212  -15.380 0.0000000000
20819  -19.555  -73.292  -14.983 0.0000000000
20820  -20.319  -72.840  -14.864 0.0000000000
20821  -26.932  -73.726  -15.020 0.0000000000
20822  -27.696  -73.326  -15.330 0.0000000000
20823  -28.380  -73.179  -15.746 0.0000000000
20830  -10.644  -73.584  -16.417 0.0000000000
20831  -16.360  -72.932  -17.116 0.0000000000
20832  -16.916  -73.033  -16.534 0.0000000000
20833  -18.169  -73.437  -15.701 0.0000000000
20834  -28.096  -73.752  -16.228 0.0000000000
20835  -28.705  -73.299  -16.283 0.0000000000
20836  -29.279  -73.078  -16.665 0.0000000000
20843  -10.552  -73.568  -16.757 0.0000000000
20844  -11.027  -73.262  -17.211 0.0000000000
20845  -11.955  -73.047  -17.695 0.0000000000
20846  -16.250  -73.578  -17.829 0.0000000000
20847  -16.762  -73.666  -17.039 0.0000000000
20848  -27.983  -74.037  -17.044 0.0000000000
20849  -28.654  -73.633  -17.076 0.0000000000
20850  -29.353  -73.281  -17.553 0.0000000000
20856  -10.634  -74.027  -17.486 0.0000000000
20857  -11.630  -73.740  -18.031 0.0000000000
20858  -12.579  -73.445  -18.518 0.0000000000
20859  -13.448  -73.137  -18.881 0.0000000000
20860  -15.245  -73.024  -19.080 0.0000000000
20861  -15.801  -73.550  -18.764 0.0000000000
20862  -28.102  -73.978  -17.896 0.0000000000
20863  -28.528  -73.713  -18.670 0.0000000000
20864  -29.256  -73.359  -18.463 0.0000000000
20870  -13.212  -73.802  -19.379 0.0000000000
20871  -14.148  -73.431  -19.626 0.0000000000
20872  -14.915  -73.461  -19.718 0.0000000000
20873  -15.465  -73.695  -19.500 0.0000000000
20874  -27.777  -73.955  -19.754 0.0000000000
20875  -28.975  -73.413  -19.421 0.0000000000
20879  -14.560  -74.105  -20.268 0.0000000000
20880  -15.191  -73.971  -19.982 0.0000000000
20881  -27.969  -73.655  -20.626 0.0000000000
20886  -26.601  -73.614  -21.897 0.0000000000
20887  -27.522  -73.466  -21.554 0.0000000000
20894  -20.054  -73.531  -22.996 0.0000000000
20895  -20.924  -73.382  -22.960 0.0000000000
20896  -21.857  -73.258  -23.029 0.0000000000
20897  -22.807  -73.157  -23.093 0.0000000000
20898  -23.754  -73.086  -23.085 0.0000000000
20899  -24.643  -73.049  -22.994 0.0000000000
20900  -25.449  -73.064  -22.828 0.0000000000
20901  -26.240  -73.060  -22.623 0.0000000000
20908  -19.819  -73.715  -23.645 0.0000000000
20909  -20.641  -73.346  -23.556 0.0000000000
20910  -21.532  -73.084  -23.596 0.0000000000
20911  -22.429  -72.767  -23.729 0.0000000000
20912  -23.255  -72.530  -23.756 0.0000000000
20913  -24.189  -72.401  -23.778 0.0000000000
20920  -20.064  -73.880  -24.210 0.0000000000
20921  -21.218  -73.173  -24.030 0.0000000000
20922  -22.735  -72.918  -24.304 0.0000000000
20923  -23.564  -72.684  -24.307 0.0000000000
20924  -24.364  -72.553  -24.330 0.0000000000
20925  -25.645  -72.530  -24.507 0.0000000000
20926  -26.525  -72.772  -24.760 0.0000000000
20933  -23.401  -73.575  -24.835 0.0000000000
20934  -24.201  -73.332  -24.846 0.0000000000
20935  -25.045  -73.110  -24.822 0.0000000000
20936  -27.317  -73.619  -25.032 0.0000000000
20937  -28.201  -73.437  -25.137 0.0000000000
20938  -29.243  -73.257  -25.600 0.0000000000
20939  -30.161  -73.597  -26.288 0.0000000000
20946  -30.125  -72.642  -26.551 0.0000000000
20947  -31.867  -73.014  -27.022 0.0000000000
20948  -32.456  -73.851  -27.296 0.0000000000
20953  -30.747  -73.229  -27.178 0.0000000000
20954  -31.708  -73.604  -27.395 0.0000000000
21708  -16.944  -73.255  -10.928 0.0000000000
21709  -17.805  -73.033  -10.884 0.0000000000
21710  -18.701  -72.679  -10.859 0.0000000000
21711  -19.614  -72.428  -10.745 0.0000000000
21724  -14.022  -72.220  -11.867 0.0000000000
21725  -14.677  -72.882  -11.392 0.0000000000
21726  -15.553  -72.817  -11.317 0.0000000000
21727  -16.484  -72.715  -11.347 0.0000000000
21728  -17.323  -72.568  -11.338 0.0000000000
21729  -18.058  -72.298  -11.322 0.0000000000
21738  -12.931  -71.843  -12.703 0.0000000000
21739  -13.469  -72.433  -12.197 0.0000000000
21750  -11.761  -71.706  -14.318 0.0000000000
21751  -12.378  -71.937  -13.538 0.0000000000
21752  -24.203  -73.131  -13.875 0.0000000000
21758  -11.465  -72.279  -15.073 0.0000000000
21759  -11.959  -72.478  -14.449 0.0000000000
21760  -21.138  -72.910  -14.544 0.0000000000
21761  -22.019  -72.659  -14.434 0.0000000000
21762  -22.842  -72.540  -14.315 0.0000000000
21763  -23.693  -72.465  -14.224 0.0000000000
21764  -24.435  -72.501  -14.200 0.0000000000
21765  -25.851  -72.615  -14.343 0.0000000000
21766  -26.734  -72.565  -14.585 0.0000000000
21767  -27.495  -72.553  -14.872 0.0000000000
21769  -10.973  -72.877  -16.109 0.0000000000
21770  -11.266  -72.081  -15.614 0.0000000000
21771  -19.152  -72.675  -15.462 0.0000000000
21772  -19.878  -72.312  -15.528 0.0000000000
21773  -20.777  -72.275  -15.309 0.0000000000
21774  -21.578  -72.179  -15.086 0.0000000000
21775  -22.381  -72.047  -14.892 0.0000000000
21776  -28.216  -72.613  -15.317 0.0000000000
21777  -28.946  -72.684  -15.856 0.0000000000
21778  -29.328  -71.865  -15.694 0.0000000000
21781  -10.896  -72.927  -16.421 0.0000000000
21782  -11.148  -72.285  -16.284 0.0000000000
21783  -16.821  -72.338  -16.741 0.0000000000
21784  -17.596  -72.636  -16.171 0.0000000000
21785  -18.485  -72.611  -15.739 0.0000000000
21786  -19.074  -72.046  -15.996 0.0000000000
21787  -29.684  -72.374  -16.344 0.0000000000
21788  -30.375  -72.050  -16.778 0.0000000000
21791  -11.358  -72.576  -16.949 0.0000000000
21792  -12.255  -72.362  -17.427 0.0000000000
21793  -13.137  -72.168  -17.773 0.0000000000
21794  -15.595  -71.842  -17.832 0.0000000000
21795  -16.136  -72.154  -17.315 0.0000000000
21796  -29.926  -72.734  -17.148 0.0000000000
21797  -30.558  -72.314  -17.627 0.0000000000
21800  -12.852  -72.783  -18.145 0.0000000000
21801  -13.649  -72.512  -18.468 0.0000000000
21802  -14.348  -72.357  -18.586 0.0000000000
21803  -15.021  -72.231  -18.483 0.0000000000
21804  -15.716  -72.753  -18.021 0.0000000000
21805  -29.969  -72.943  -18.064 0.0000000000
21806  -30.518  -72.484  -18.600 0.0000000000
21809  -14.103  -72.836  -19.017 0.0000000000
21810  -14.677  -72.893  -19.149 0.0000000000
21811  -29.813  -72.992  -19.029 0.0000000000
21812  -30.344  -72.505  -19.552 0.0000000000
21818  -28.854  -73.274  -20.379 0.0000000000
21819  -29.613  -72.928  -19.962 0.0000000000
21820  -30.153  -72.420  -20.415 0.0000000000
21829  -28.604  -73.007  -21.378 0.0000000000
21830  -29.441  -72.758  -20.822 0.0000000000
21831  -29.985  -72.253  -21.196 0.0000000000
21838  -25.877  -72.407  -23.393 0.0000000000
21839  -27.055  -72.948  -22.433 0.0000000000
21840  -28.915  -72.314  -22.294 0.0000000000
21846  -22.123  -72.792  -24.017 0.0000000000
21847  -23.053  -72.453  -23.954 0.0000000000
21848  -25.189  -72.159  -23.893 0.0000000000
21849  -26.534  -72.060  -23.592 0.0000000000
21850  -27.301  -72.198  -23.179 0.0000000000
21851  -28.195  -72.112  -22.958 0.0000000000
21858  -24.635  -72.218  -24.028 0.0000000000
21859  -25.425  -72.117  -24.074 0.0000000000
21860  -26.223  -72.087  -24.234 0.0000000000
21861  -27.013  -72.060  -24.468 0.0000000000
21862  -27.853  -71.889  -24.775 0.0000000000
21869  -27.509  -72.602  -24.888 0.0000000000
21870  -28.689  -71.603  -25.204 0.0000000000
21871  -29.275  -72.106  -25.774 0.0000000000
21877  -30.785  -72.709  -27.153 0.0000000000
21878  -31.124  -72.433  -27.064 0.0000000000
21879  -31.437  -72.893  -27.208 0.0000000000
21884  -31.189  -73.086  -27.367 0.0000000000
22653  -18.701  -71.892  -11.311 0.0000000000
22654  -19.382  -71.668  -11.168 0.0000000000
22655  -20.277  -71.678  -10.944 0.0000000000
22670  -15.018  -72.211  -11.808 0.0000000000
22671  -16.038  -72.164  -11.893 0.0000000000
22672  -17.468  -71.450  -12.076 0.0000000000
22673  -19.796  -70.880  -11.329 0.0000000000
22674  -20.796  -70.892  -11.204 0.0000000000
22684  -13.053  -71.161  -12.783 0.0000000000
22685  -13.412  -71.855  -12.351 0.0000000000
22686  -14.465  -71.577  -12.334 0.0000000000
22687  -15.503  -71.565  -12.453 0.0000000000
22688  -16.607  -71.455  -12.455 0.0000000000
22694  -11.973  -71.102  -13.719 0.0000000000
22695  -12.514  -71.274  -13.204 0.0000000000
22697  -11.597  -71.024  -14.356 0.0000000000
22698  -23.224  -71.903  -14.753 0.0000000000
22699  -24.187  -71.794  -14.628 0.0000000000
22700  -25.615  -71.849  -14.516 0.0000000000
22701  -26.301  -71.887  -14.536 0.0000000000
22702  -27.089  -71.870  -14.682 0.0000000000
22705  -11.402  -71.090  -15.075 0.0000000000
22706  -20.487  -71.843  -15.998 0.0000000000
22707  -21.263  -71.721  -16.028 0.0000000000
22708  -23.607  -71.391  -15.370 0.0000000000
22709  -24.408  -71.237  -15.267 0.0000000000
22710  -25.847  -71.228  -14.836 0.0000000000
22711  -27.296  -71.144  -14.875 0.0000000000
22712  -27.962  -71.795  -15.000 0.0000000000
22713  -28.777  -71.277  -15.305 0.0000000000
22714  -29.636  -71.090  -15.658 0.0000000000
22717  -11.265  -71.691  -16.004 0.0000000000
22718  -11.699  -71.126  -16.186 0.0000000000
22719  -16.722  -71.505  -17.206 0.0000000000
22720  -17.440  -71.744  -16.751 0.0000000000
22721  -18.253  -71.939  -16.340 0.0000000000
22722  -19.863  -71.652  -16.640 0.0000000000
22723  -20.661  -71.592  -16.715 0.0000000000
22724  -22.127  -71.406  -16.546 0.0000000000
22725  -23.119  -71.179  -16.327 0.0000000000
22730  -14.183  -71.149  -17.592 0.0000000000
22731  -14.949  -70.914  -17.713 0.0000000000
22732  -15.717  -70.866  -17.715 0.0000000000
22733  -16.630  -70.619  -17.770 0.0000000000
22734  -17.376  -70.962  -17.605 0.0000000000
22735  -18.143  -71.310  -17.237 0.0000000000
22736  -19.576  -71.200  -17.792 0.0000000000
22737  -20.434  -71.304  -17.701 0.0000000000
22738  -21.887  -71.223  -17.772 0.0000000000
22739  -22.677  -71.050  -17.489 0.0000000000
22744  -13.900  -71.882  -18.059 0.0000000000
22745  -14.617  -71.709  -18.074 0.0000000000
22746  -15.141  -71.518  -17.976 0.0000000000
22747  -22.246  -70.842  -18.712 0.0000000000
22764  -30.618  -71.889  -20.803 0.0000000000
22770  -29.765  -72.038  -21.964 0.0000000000
22771  -30.446  -71.672  -21.574 0.0000000000
22776  -28.825  -71.693  -23.182 0.0000000000
22777  -29.466  -71.736  -22.631 0.0000000000
22778  -30.200  -71.354  -22.479 0.0000000000
22784  -26.103  -71.933  -23.943 0.0000000000
22785  -26.918  -71.767  -23.873 0.0000000000
22786  -27.918  -71.612  -23.743 0.0000000000
22787  -28.850  -71.145  -23.920 0.0000000000
22788  -29.571  -71.224  -23.292 0.0000000000
22796  -26.705  -71.807  -24.114 0.0000000000
22797  -27.400  -71.684  -24.241 0.0000000000
22798  -28.365  -71.376  -24.533 0.0000000000
22799  -29.085  -70.926  -24.548 0.0000000000
22806  -29.050  -71.022  -25.098 0.0000000000
22807  -29.421  -71.372  -25.642 0.0000000000
22808  -30.057  -71.095  -25.992 0.0000000000
22814  -29.951  -71.775  -26.267 0.0000000000
22815  -30.504  -71.449  -26.411 0.0000000000
22816  -31.136  -71.505  -26.590 0.0000000000
22817  -31.606  -72.110  -26.647 0.0000000000
23681  -18.049  -70.670  -12.074 0.0000000000
23682  -19.232  -70.038  -11.591 0.0000000000
23683  -20.225  -70.064  -11.444 0.0000000000
23684  -21.560  -70.645  -11.206 0.0000000000
23685  -21.989  -70.076  -11.282 0.0000000000
23691  -13.821  -70.955  -12.765 0.0000000000
23692  -14.859  -70.900  -13.065 0.0000000000
23693  -15.942  -70.954  -13.075 0.0000000000
23694  -17.374  -70.903  -12.581 0.0000000000
23695  -17.931  -70.308  -12.639 0.0000000000
23698  -11.793  -70.470  -13.920 0.0000000000
23699  -12.353  -70.466  -13.481 0.0000000000
23700  -13.132  -70.292  -13.234 0.0000000000
23701  -14.073  -70.304  -13.356 0.0000000000
23702  -15.397  -70.280  -13.731 0.0000000000
23703  -16.415  -70.480  -13.582 0.0000000000
23704  -17.273  -70.507  -13.232 0.0000000000
23705  -18.003  -70.066  -13.476 0.0000000000
23708  -11.600  -70.306  -14.443 0.0000000000
23710  -11.493  -70.265  -14.949 0.0000000000
23711  -11.765  -69.823  -15.235 0.0000000000
23712  -25.162  -70.689  -15.678 0.0000000000
23713  -26.469  -70.620  -15.280 0.0000000000
23714  -27.508  -70.459  -15.277 0.0000000000
23715  -28.410  -70.499  -15.296 0.0000000000
23716  -29.229  -70.507  -15.473 0.0000000000
23719  -11.473  -70.849  -15.563 0.0000000000
23720  -12.041  -70.354  -15.946 0.0000000000
23721  -12.994  -70.120  -16.331 0.0000000000
23722  -13.800  -69.837  -16.631 0.0000000000
23723  -23.568  -70.807  -17.160 0.0000000000
23724  -24.039  -70.926  -16.055 0.0000000000
23725  -25.223  -70.226  -16.911 0.0000000000
23726  -26.050  -70.039  -16.163 0.0000000000
23732  -12.569  -71.064  -16.686 0.0000000000
23733  -13.585  -70.654  -17.005 0.0000000000
23734  -14.509  -70.123  -17.191 0.0000000000
23735  -15.442  -69.978  -17.533 0.0000000000
23736  -16.404  -69.758  -17.809 0.0000000000
23737  -17.316  -70.106  -18.253 0.0000000000
23738  -19.229  -70.583  -18.602 0.0000000000
23739  -20.135  -70.814  -18.712 0.0000000000
23740  -21.169  -71.016  -18.552 0.0000000000
23741  -23.166  -70.721  -18.355 0.0000000000
23742  -24.000  -70.534  -18.012 0.0000000000
23750  -17.217  -69.438  -18.229 0.0000000000
23751  -17.962  -69.408  -18.699 0.0000000000
23752  -18.853  -69.793  -18.995 0.0000000000
23753  -19.744  -70.122  -19.187 0.0000000000
23754  -20.686  -70.341  -19.229 0.0000000000
23755  -21.650  -70.420  -19.244 0.0000000000
23756  -22.907  -70.465  -19.160 0.0000000000
23765  -22.120  -70.036  -19.513 0.0000000000
23766  -22.720  -70.115  -19.481 0.0000000000
23767  -23.335  -70.130  -19.405 0.0000000000
23781  -30.931  -71.033  -21.927 0.0000000000
23788  -30.754  -70.759  -22.644 0.0000000000
23795  -29.682  -70.596  -24.124 0.0000000000
23796  -30.504  -70.092  -23.956 0.0000000000
23797  -30.966  -70.236  -23.179 0.0000000000
23802  -29.560  -70.531  -24.957 0.0000000000
23803  -30.223  -70.078  -24.761 0.0000000000
23809  -29.625  -70.843  -25.469 0.0000000000
23810  -30.273  -70.430  -25.594 0.0000000000
23811  -31.135  -70.205  -25.966 0.0000000000
23821  -30.753  -70.863  -26.218 0.0000000000
23822  -31.378  -70.743  -26.260 0.0000000000
24660  -19.213  -68.720  -11.659 0.0000000000
24661  -19.859  -68.727  -11.565 0.0000000000
24672  -19.623  -69.303  -11.573 0.0000000000
24673  -20.632  -69.188  -11.510 0.0000000000
24674  -21.634  -69.354  -11.416 0.0000000000
24677  -18.407  -69.572  -12.502 0.0000000000
24680  -11.890  -69.807  -13.977 0.0000000000
24681  -12.590  -69.583  -13.770 0.0000000000
24682  -13.503  -69.519  -13.758 0.0000000000
24683  -14.482  -69.733  -13.875 0.0000000000
24684  -16.058  -69.960  -14.217 0.0000000000
24685  -17.011  -70.096  -14.183 0.0000000000
24686  -18.575  -69.418  -13.134 0.0000000000
24689  -11.751  -69.627  -14.620 0.0000000000
24690  -12.317  -69.160  -14.370 0.0000000000
24691  -13.125  -68.837  -14.270 0.0000000000
24692  -14.070  -68.801  -14.300 0.0000000000
24693  -15.192  -69.157  -14.450 0.0000000000
24694  -16.472  -68.594  -15.530 0.0000000000
24695  -18.682  -69.689  -14.086 0.0000000000
24696  -19.367  -69.233  -13.825 0.0000000000
24697  -20.016  -69.099  -14.709 0.0000000000
24700  -12.241  -69.062  -14.951 0.0000000000
24701  -13.044  -68.650  -15.277 0.0000000000
24702  -17.481  -69.106  -15.488 0.0000000000
24703  -18.531  -69.441  -15.067 0.0000000000
24704  -19.259  -69.365  -14.594 0.0000000000
24705  -27.010  -69.897  -15.825 0.0000000000
24706  -27.924  -69.820  -15.646 0.0000000000
24707  -28.799  -69.867  -15.539 0.0000000000
24715  -12.507  -69.478  -15.613 0.0000000000
24716  -13.427  -69.188  -16.027 0.0000000000
24717  -14.414  -68.926  -16.477 0.0000000000
24718  -15.390  -68.415  -16.616 0.0000000000
24719  -25.866  -69.752  -17.261 0.0000000000
24720  -26.681  -69.506  -16.701 0.0000000000
24721  -27.547  -69.321  -16.331 0.0000000000
24732  -15.135  -69.241  -17.088 0.0000000000
24733  -15.967  -68.894  -17.355 0.0000000000
24734  -16.874  -68.762  -17.783 0.0000000000
24735  -17.693  -68.821  -18.372 0.0000000000
24736  -25.142  -69.990  -17.986 0.0000000000
24737  -26.434  -69.299  -17.769 0.0000000000
24746  -18.567  -68.984  -18.924 0.0000000000
24747  -19.362  -69.297  -19.199 0.0000000000
24748  -20.266  -69.580  -19.381 0.0000000000
24749  -21.303  -69.773  -19.438 0.0000000000
24750  -22.175  -69.613  -19.322 0.0000000000
24751  -26.179  -69.150  -18.840 0.0000000000
24759  -22.597  -69.860  -19.487 0.0000000000
24760  -23.146  -69.805  -19.458 0.0000000000
24761  -23.785  -69.708  -19.416 0.0000000000
24800  -30.877  -69.610  -24.571 0.0000000000
24808  -30.861  -69.780  -25.340 0.0000000000
25615  -19.000  -67.886  -11.856 0.0000000000
25616  -19.417  -68.225  -11.663 0.0000000000
25617  -20.368  -68.181  -11.573 0.0000000000
25623  -18.823  -68.365  -11.854 0.0000000000
25624  -18.820  -67.936  -11.993 0.0000000000
25625  -21.361  -68.549  -11.505 0.0000000000
25629  -18.612  -68.717  -12.046 0.0000000000
25630  -18.812  -68.131  -12.351 0.0000000000
25634  -18.608  -68.859  -12.437 0.0000000000
25635  -18.824  -68.757  -12.929 0.0000000000
25636  -19.394  -68.273  -13.289 0.0000000000
25641  -12.954  -68.538  -14.757 0.0000000000
25642  -13.727  -68.213  -14.740 0.0000000000
25643  -14.602  -68.159  -14.901 0.0000000000
25644  -15.537  -68.337  -15.249 0.0000000000
25645  -20.291  -68.655  -14.119 0.0000000000
25646  -21.021  -68.278  -14.398 0.0000000000
25652  -13.555  -68.131  -15.038 0.0000000000
25653  -14.283  -68.017  -15.211 0.0000000000
25654  -15.116  -68.020  -15.562 0.0000000000
25655  -15.960  -67.975  -15.902 0.0000000000
25656  -16.849  -68.246  -16.227 0.0000000000
25657  -17.975  -68.678  -16.201 0.0000000000
25658  -19.244  -69.047  -15.736 0.0000000000
25659  -21.589  -68.277  -15.020 0.0000000000
25660  -22.300  -67.688  -15.454 0.0000000000
25669  -13.917  -68.317  -15.595 0.0000000000
25670  -14.822  -68.053  -15.876 0.0000000000
25671  -15.687  -67.976  -16.133 0.0000000000
25672  -16.437  -68.115  -16.503 0.0000000000
25673  -17.375  -68.113  -16.985 0.0000000000
25674  -18.390  -68.342  -17.013 0.0000000000
25675  -19.456  -68.548  -16.935 0.0000000000
25676  -21.206  -68.625  -15.792 0.0000000000
25677  -22.057  -68.350  -15.944 0.0000000000
25678  -22.767  -68.061  -16.426 0.0000000000
25679  -23.348  -67.846  -16.982 0.0000000000
25692  -16.161  -68.210  -16.823 0.0000000000
25693  -16.818  -68.204  -17.158 0.0000000000
25694  -17.543  -68.401  -17.720 0.0000000000
25695  -18.730  -68.311  -17.895 0.0000000000
25696  -19.667  -68.463  -18.022 0.0000000000
25697  -20.616  -68.645  -18.050 0.0000000000
25698  -21.521  -68.728  -18.043 0.0000000000
25699  -23.006  -68.393  -17.586 0.0000000000
25700  -23.517  -68.150  -17.812 0.0000000000
25712  -18.205  -68.559  -18.398 0.0000000000
25713  -19.012  -68.647  -18.707 0.0000000000
25714  -19.910  -68.867  -18.874 0.0000000000
25715  -20.848  -69.065  -18.948 0.0000000000
25716  -21.727  -69.107  -18.921 0.0000000000
25717  -23.953  -68.186  -18.637 0.0000000000
25730  -22.930  -69.433  -19.322 0.0000000000
25731  -24.429  -69.072  -19.570 0.0000000000
26553  -19.522  -67.598  -11.731 0.0000000000
26557  -19.047  -67.527  -11.953 0.0000000000
26558  -21.196  -67.804  -11.553 0.0000000000
26559  -21.982  -67.943  -11.456 0.0000000000
26565  -19.007  -67.407  -12.172 0.0000000000
26570  -19.149  -67.366  -12.679 0.0000000000
26576  -20.485  -67.985  -13.842 0.0000000000
26577  -21.386  -67.634  -14.508 0.0000000000
26595  -23.063  -67.413  -16.243 0.0000000000
27540  -19.466  -66.901  -11.974 0.0000000000
27541  -20.494  -67.139  -11.624 0.0000000000
27542  -21.635  -67.160  -11.553 0.0000000000
27554  -19.242  -66.698  -12.532 0.0000000000
27561  -19.294  -66.508  -12.949 0.0000000000
27562  -19.584  -67.240  -13.286 0.0000000000
27570  -19.675  -66.177  -13.478 0.0000000000
27571  -20.479  -66.994  -13.855 0.0000000000
27572  -21.212  -66.706  -14.428 0.0000000000
27582  -21.999  -66.849  -14.948 0.0000000000
27583  -22.664  -66.796  -15.703 0.0000000000
28663  -19.632  -65.943  -12.471 0.0000000000
28678  -19.328  -66.036  -12.882 0.0000000000
28690  -19.422  -65.592  -13.193 0.0000000000
124490  -25.726  -74.947  -17.672 0.0000000000
124589  -24.052  -82.725  -20.666 0.0000000000
124987  -27.238  -79.808  -25.211 0.0000000000
125105  -17.300  -74.971  -10.605 0.0000000000
125140  -9.549  -75.144  -18.030 0.0000000000
125328  -23.755  -79.557  -21.910 0.0000000000
125514  -25.566  -74.752  -19.227 0.0000000000
125519  -22.732  -78.543  -27.003 0.0000000000
125606  -15.168  -73.937  -11.054 0.0000000000
125607  -20.290  -68.859  -15.767 0.0000000000
125617  -19.033  -82.582  -21.658 0.0000000000
125669  -20.269  -78.205  -15.318 0.0000000000
125763  -19.523  -80.894  -17.414 0.0000000000
125787  -25.826  -79.035  -24.109 0.0000000000
125976  -22.733  -71.585  -15.541 0.0000000000
126010  -23.274  -79.978  -22.053 0.0000000000
126101  -26.002  -79.343  -22.682 0.0000000000
126186  -20.884  -73.687  -24.325 0.0000000000
126472  -26.954  -79.419  -22.667 0.0000000000
126562  -17.316  -76.400  -10.863 0.0000000000
126566  -27.962  -72.717  -22.315 0.0000000000
126741  -26.278  -74.370  -20.628 0.0000000000
126790  -34.241  -77.377  -27.868 0.0000000000
126902  -34.310  -79.464  -27.559 0.0000000000
127050  -18.020  -79.732  -20.934 0.0000000000
127103  -24.572  -80.047  -20.500 0.0000000000
127140  -18.005  -68.267  -17.638 0.0000000000
127383  -12.388  -77.758  -13.505 0.0000000000
127467  -20.831  -79.012  -27.847 0.0000000000
127488  -10.345  -78.282  -14.894 0.0000000000
127641  -18.100  -71.520  -11.675 0.0000000000
127770  -21.111  -79.900  -27.308 0.0000000000
127875  -26.601  -72.491  -23.048 0.0000000000
128038  -24.209  -83.354  -21.606 0.0000000000
128077  -24.427  -76.480  -15.501 0.0000000000
128267  -23.636  -77.905  -15.609 0.0000000000
128391  -26.417  -74.572  -19.045 0.0000000000
128566  -30.295  -70.726  -23.285 0.0000000000
128769  -24.442  -70.560  -16.887 0.0000000000
129121  -24.994  -78.678  -26.394 0.0000000000
129323  -19.429  -81.609  -16.406 0.0000000000
129364  -11.820  -77.580  -21.333 0.0000000000
129450  -28.787  -73.615  -17.946 0.0000000000
129651  -24.600  -79.387  -21.822 0.0000000000
129687  -11.318  -71.654  -15.691 0.0000000000
129841  -18.803  -70.938  -11.574 0.0000000000
129876  -31.086  -71.535  -17.165 0.0000000000
129915  -30.615  -72.081  -26.759 0.0000000000
129948  -19.888  -83.272  -22.817 0.0000000000
129998  -18.716  -81.126  -26.935 0.0000000000
130012  -28.411  -72.376  -25.247 0.0000000000
130040  -27.769  -74.089  -18.819 0.0000000000
130126  -17.542  -75.736  -17.666 0.0000000000
130175  -13.350  -71.462  -17.415 0.0000000000
130290  -14.404  -80.705  -18.114 0.0000000000
130390  -30.026  -80.507  -28.543 0.0000000000
130438  -27.124  -79.853  -26.401 0.0000000000
130469  -28.563  -79.914  -18.598 0.0000000000
130541  -23.759  -78.155  -28.081 0.0000000000
131020  -19.464  -75.123  -15.421 0.0000000000
131407  -27.048  -78.749  -28.619 0.0000000000
131433  -12.930  -73.775  -14.188 0.0000000000
131549  -19.623  -82.498  -16.782 0.0000000000
131569  -20.915  -78.984  -15.131 0.0000000000
131642  -33.398  -79.461  -27.358 0.0000000000
131668  -25.820  -73.245  -24.930 0.0000000000
131700  -16.892  -78.701  -24.563 0.0000000000
131772  -21.419  -68.629  -16.912 0.0000000000
131781  -19.324  -81.153  -15.889 0.0000000000
131791  -10.213  -75.903  -16.058 0.0000000000
131812  -32.420  -77.425  -26.384 0.0000000000
131832  -19.386  -82.435  -24.790 0.0000000000
131996  -13.166  -76.998  -21.238 0.0000000000
132001  -20.172  -77.674  -27.124 0.0000000000
132069  -25.408  -83.734  -27.203 0.0000000000
132213  -27.054  -79.314  -20.750 0.0000000000
132299  -33.464  -79.756  -18.970 0.0000000000
132301  -21.154  -70.045  -11.369 0.0000000000
132314  -23.332  -68.676  -18.731 0.0000000000
132385  -20.586  -83.498  -27.729 0.0000000000
132405  -18.162  -79.100  -15.289 0.0000000000
132411  -16.949  -72.079  -11.836 0.0000000000
132549  -17.809  -77.191  -25.731 0.0000000000
132622  -32.958  -80.936  -19.832 0.0000000000
132752  -21.040  -84.195  -20.170 0.0000000000
132808  -26.041  -79.628  -20.482 0.0000000000
132845  -20.045  -79.075  -15.127 0.0000000000
133139  -24.899  -84.624  -23.494 0.0000000000
133272  -22.005  -71.750  -15.584 0.0000000000
133477  -20.223  -83.306  -26.086 0.0000000000
133494  -21.254  -71.410  -17.234 0.0000000000
133686  -33.246  -75.551  -27.876 0.0000000000
133769  -19.510  -82.210  -27.505 0.0000000000
133838  -19.230  -74.496  -22.806 0.0000000000
133843  -35.711  -82.746  -21.074 0.0000000000
133858  -20.947  -75.552  -14.449 0.0000000000
133868  -29.829  -80.233  -18.432 0.0000000000
133961  -34.683  -78.210  -27.739 0.0000000000
134060  -25.049  -79.139  -22.544 0.0000000000
134114  -32.827  -74.963  -27.831 0.0000000000
134390  -28.245  -79.556  -23.648 0.0000000000
134448  -16.746  -70.857  -12.978 0.0000000000
134580  -30.344  -80.707  -18.523 0.0000000000
134583  -18.954  -71.524  -16.910 0.0000000000
134595  -13.636  -75.252  -21.067 0.0000000000
134768  -31.770  -71.072  -26.294 0.0000000000
134800  -31.085  -79.088  -18.361 0.0000000000
134856  -24.199  -77.680  -28.386 0.0000000000
134992  -35.123  -79.186  -27.666 0.0000000000
135015  -11.093  -73.719  -15.691 0.0000000000
135064  -23.748  -69.189  -19.428 0.0000000000
135161  -25.016  -72.979  -14.075 0.0000000000
135272  -18.317  -75.121  -16.574 0.0000000000
135434  -24.769  -74.014  -25.388 0.0000000000
135509  -11.966  -75.905  -14.561 0.0000000000
135670  -20.691  -78.492  -27.830 0.0000000000
135695  -16.214  -69.292  -14.824 0.0000000000
135870  -25.273  -83.577  -20.146 0.0000000000
135926  -20.278  -66.195  -11.864 0.0000000000
135955  -22.216  -68.748  -11.373 0.0000000000
136047  -16.304  -74.194  -18.592 0.0000000000
136141  -31.918  -77.321  -25.993 0.0000000000
136313  -28.039  -71.041  -15.023 0.0000000000
136568  -13.263  -79.785  -19.217 0.0000000000
136570  -31.911  -78.669  -18.111 0.0000000000
136637  -23.635  -70.398  -18.973 0.0000000000
136725  -12.046  -77.705  -21.310 0.0000000000
136752  -24.530  -69.618  -19.367 0.0000000000
136814  -25.530  -84.137  -25.999 0.0000000000
136959  -29.312  -75.138  -25.280 0.0000000000
136994  -16.470  -68.454  -17.291 0.0000000000
137136  -24.873  -76.885  -27.800 0.0000000000
137177  -23.634  -82.432  -23.757 0.0000000000
137348  -21.869  -80.803  -25.923 0.0000000000
137539  -28.667  -72.053  -15.384 0.0000000000
137697  -31.172  -69.609  -23.781 0.0000000000
138014  -20.855  -68.709  -14.853 0.0000000000
138040  -23.179  -74.644  -25.386 0.0000000000
138111  -13.705  -71.560  -12.353 0.0000000000
138190  -25.030  -72.180  -14.371 0.0000000000
138209  -21.234  -66.403  -11.650 0.0000000000
138347  -16.983  -77.964  -24.498 0.0000000000
138392  -10.151  -79.146  -14.430 0.0000000000
138730  -17.858  -69.779  -14.540 0.0000000000
138911  -18.411  -69.718  -12.141 0.0000000000
139102  -31.015  -75.901  -25.591 0.0000000000
139157  -16.111  -71.387  -17.558 0.0000000000
139193  -23.899  -83.653  -30.182 0.0000000000
139275  -16.477  -80.165  -15.881 0.0000000000
139637  -25.026  -71.432  -14.810 0.0000000000
139663  -9.451  -76.427  -16.521 0.0000000000
139787  -23.844  -72.407  -23.903 0.0000000000
139844  -23.373  -75.713  -25.876 0.0000000000
139916  -21.391  -75.150  -14.014 0.0000000000
139948  -11.198  -74.630  -15.451 0.0000000000
139968  -18.744  -69.164  -11.821 0.0000000000
140244  -22.333  -70.363  -19.304 0.0000000000
140413  -25.368  -69.376  -19.261 0.0000000000
140469  -30.359  -78.032  -26.140 0.0000000000
140523  -20.776  -80.599  -29.183 0.0000000000
140549  -19.331  -83.270  -16.420 0.0000000000
140673  -33.219  -80.231  -19.429 0.0000000000
140711  -18.808  -71.066  -17.793 0.0000000000
140785  -26.207  -79.478  -21.318 0.0000000000
140796  -18.182  -70.490  -18.314 0.0000000000
140821  -32.645  -82.193  -27.313 0.0000000000
141008  -28.573  -83.263  -20.082 0.0000000000
141072  -28.461  -75.153  -25.251 0.0000000000
141087  -34.588  -81.590  -27.581 0.0000000000
141183  -17.760  -80.496  -24.992 0.0000000000
141192  -28.712  -76.517  -25.702 0.0000000000
141450  -27.568  -79.269  -22.174 0.0000000000
141514  -27.259  -74.427  -25.242 0.0000000000
141672  -15.422  -80.699  -17.014 0.0000000000
141960  -24.659  -70.319  -17.708 0.0000000000
141998  -28.378  -73.624  -19.920 0.0000000000
142123  -24.604  -77.758  -28.414 0.0000000000
142175  -24.986  -82.848  -19.444 0.0000000000
142237  -23.447  -75.301  -19.107 0.0000000000
142269  -30.955  -77.087  -25.592 0.0000000000
142302  -19.157  -75.263  -9.828 0.0000000000
142368  -18.466  -76.777  -23.278 0.0000000000
142531  -24.806  -75.606  -16.913 0.0000000000
142571  -19.765  -83.219  -21.972 0.0000000000
142580  -10.898  -75.713  -19.461 0.0000000000
142769  -20.979  -74.331  -21.843 0.0000000000
142791  -18.557  -70.031  -11.867 0.0000000000
142852  -17.022  -79.375  -25.116 0.0000000000
143089  -25.678  -69.586  -18.349 0.0000000000
143191  -25.005  -72.407  -24.295 0.0000000000
143522  -33.770  -75.953  -28.105 0.0000000000
143666  -28.284  -73.763  -19.336 0.0000000000
143797  -30.025  -71.635  -16.124 0.0000000000
143817  -23.519  -72.329  -23.951 0.0000000000
143939  -21.066  -84.590  -22.810 0.0000000000
144034  -24.181  -83.012  -29.859 0.0000000000
144079  -31.546  -79.897  -18.645 0.0000000000
144083  -29.876  -81.446  -28.132 0.0000000000
144094  -33.960  -80.146  -19.398 0.0000000000
144164  -20.667  -79.645  -28.206 0.0000000000
144281  -22.541  -68.960  -18.820 0.0000000000
144316  -30.601  -71.419  -16.507 0.0000000000
144370  -25.991  -80.839  -18.773 0.0000000000
144384  -19.388  -78.082  -15.520 0.0000000000
144455  -20.458  -68.653  -16.923 0.0000000000
144501  -20.835  -76.681  -15.096 0.0000000000
144513  -20.481  -73.452  -23.980 0.0000000000
144554  -19.292  -82.828  -22.408 0.0000000000
144618  -24.561  -74.722  -25.828 0.0000000000
144686  -34.045  -81.391  -27.829 0.0000000000
144729  -25.726  -74.588  -20.097 0.0000000000
144751  -33.758  -79.363  -18.466 0.0000000000
144801  -23.864  -81.968  -20.321 0.0000000000
144992  -22.305  -68.478  -17.037 0.0000000000
145345  -15.328  -77.049  -18.394 0.0000000000
145495  -22.804  -79.456  -23.444 0.0000000000
145622  -23.080  -78.203  -27.973 0.0000000000
145660  -23.774  -82.547  -21.467 0.0000000000
145698  -26.593  -71.305  -14.775 0.0000000000
145787  -27.081  -79.603  -24.249 0.0000000000
145856  -17.597  -71.990  -11.668 0.0000000000
145933  -33.479  -81.688  -20.507 0.0000000000
145986  -19.796  -74.061  -22.542 0.0000000000
146040  -17.503  -77.331  -16.702 0.0000000000
146195  -29.005  -78.259  -20.682 0.0000000000
146210  -17.480  -82.143  -15.849 0.0000000000
146262  -22.465  -76.062  -19.415 0.0000000000
146292  -19.743  -77.307  -15.749 0.0000000000
146310  -33.440  -82.144  -26.803 0.0000000000
146494  -28.179  -82.953  -19.234 0.0000000000
146657  -25.064  -72.551  -23.429 0.0000000000
146739  -18.122  -68.863  -18.693 0.0000000000
146850  -31.939  -79.329  -18.451 0.0000000000
147007  -19.718  -78.622  -15.253 0.0000000000
147040  -22.134  -80.882  -25.302 0.0000000000
147048  -19.974  -76.732  -15.728 0.0000000000
147120  -31.809  -76.331  -26.026 0.0000000000
147154  -17.030  -69.466  -14.967 0.0000000000
147191  -18.541  -79.164  -27.511 0.0000000000
147216  -19.105  -72.179  -11.042 0.0000000000
147344  -26.094  -82.655  -18.904 0.0000000000
147495  -20.363  -76.550  -15.416 0.0000000000
147508  -29.805  -78.534  -22.672 0.0000000000
147640  -12.329  -74.128  -14.675 0.0000000000
147664  -32.787  -79.680  -27.338 0.0000000000
147665  -10.190  -78.849  -15.333 0.0000000000
147834  -12.601  -71.781  -17.220 0.0000000000
147888  -21.777  -73.261  -14.101 0.0000000000
147918  -20.296  -80.591  -29.341 0.0000000000
147995  -29.631  -77.792  -19.783 0.0000000000
148121  -14.719  -70.344  -13.526 0.0000000000
148316  -29.434  -79.012  -28.151 0.0000000000
148792  -11.463  -71.615  -14.900 0.0000000000
148904  -24.018  -77.637  -16.181 0.0000000000
148919  -10.103  -74.475  -17.314 0.0000000000
148928  -22.254  -68.714  -18.096 0.0000000000
148990  -15.933  -74.077  -19.221 0.0000000000
149091  -29.696  -81.393  -26.857 0.0000000000
149121  -23.653  -75.150  -13.840 0.0000000000
149192  -11.739  -71.828  -16.675 0.0000000000
149446  -27.561  -74.241  -18.159 0.0000000000
149577  -27.388  -73.877  -20.945 0.0000000000
149590  -24.428  -70.181  -18.731 0.0000000000
149640  -29.619  -75.822  -25.340 0.0000000000
149702  -23.917  -70.060  -19.316 0.0000000000
149710  -20.803  -77.952  -27.755 0.0000000000
149751  -25.030  -69.820  -18.845 0.0000000000
149773  -19.410  -81.828  -18.236 0.0000000000
149834  -11.101  -72.270  -16.015 0.0000000000
149883  -17.134  -76.071  -18.013 0.0000000000
149927  -29.355  -72.500  -21.530 0.0000000000
149981  -25.068  -75.617  -15.853 0.0000000000
150051  -18.729  -79.577  -19.707 0.0000000000
150072  -24.536  -83.617  -24.334 0.0000000000
150241  -16.881  -69.966  -18.101 0.0000000000
150348  -14.911  -76.092  -12.754 0.0000000000
150428  -33.197  -81.350  -20.214 0.0000000000
