#!ascii label , from subject sub-08 vox2ras=TkReg lh ROI=OTS coords=white drawn-with=delineation-helper-0.1.0
1898
18895  -36.222  -75.324  -24.090 0.0000000000
18896  -37.113  -75.471  -24.138 0.0000000000
18897  -38.011  -75.308  -23.995 0.0000000000
18903  -36.001  -75.613  -24.966 0.0000000000
18904  -36.895  -75.737  -25.117 0.0000000000
18905  -37.887  -75.556  -25.032 0.0000000000
18906  -38.734  -75.038  -25.178 0.0000000000
18924  -37.334  -75.506  -26.352 0.0000000000
18925  -38.229  -75.122  -26.251 0.0000000000
19890  -38.037  -74.119  -21.963 0.0000000000
19891  -38.869  -74.041  -21.913 0.0000000000
19903  -36.064  -74.183  -23.009 0.0000000000
19904  -36.868  -74.410  -22.765 0.0000000000
19905  -37.720  -74.514  -22.626 0.0000000000
19906  -38.593  -74.438  -22.590 0.0000000000
19907  -39.522  -74.099  -22.665 0.0000000000
19912  -34.993  -74.429  -23.897 0.0000000000
19913  -35.741  -74.670  -23.607 0.0000000000
19914  -36.560  -74.874  -23.420 0.0000000000
19915  -37.427  -74.950  -23.322 0.0000000000
19916  -38.775  -74.985  -24.096 0.0000000000
19917  -39.374  -74.565  -24.053 0.0000000000
19926  -35.443  -75.107  -24.330 0.0000000000
19927  -39.252  -74.678  -24.674 0.0000000000
19940  -38.891  -74.527  -26.385 0.0000000000
19941  -39.375  -74.412  -25.529 0.0000000000
20882  -37.957  -73.183  -20.876 0.0000000000
20883  -38.739  -73.294  -20.856 0.0000000000
20888  -36.709  -73.127  -21.782 0.0000000000
20889  -37.553  -73.513  -21.513 0.0000000000
20890  -38.360  -73.665  -21.398 0.0000000000
20891  -39.583  -73.670  -21.843 0.0000000000
20892  -40.147  -73.248  -21.725 0.0000000000
20902  -35.697  -73.381  -22.863 0.0000000000
20903  -36.399  -73.666  -22.460 0.0000000000
20904  -37.187  -73.935  -22.146 0.0000000000
20905  -40.206  -73.485  -22.402 0.0000000000
20915  -35.328  -73.914  -23.343 0.0000000000
20916  -39.790  -74.192  -23.652 0.0000000000
20917  -40.262  -73.676  -23.219 0.0000000000
20929  -39.851  -74.144  -24.721 0.0000000000
20930  -40.379  -73.638  -24.140 0.0000000000
20942  -39.913  -73.728  -25.935 0.0000000000
20943  -40.486  -73.285  -25.307 0.0000000000
21813  -37.966  -72.329  -19.728 0.0000000000
21814  -38.763  -72.432  -19.708 0.0000000000
21815  -39.646  -72.385  -19.906 0.0000000000
21821  -37.001  -72.216  -20.648 0.0000000000
21822  -37.637  -72.595  -20.408 0.0000000000
21823  -38.352  -72.797  -20.307 0.0000000000
21824  -39.193  -72.867  -20.363 0.0000000000
21825  -39.995  -72.674  -20.572 0.0000000000
21826  -40.658  -72.229  -20.774 0.0000000000
21832  -36.669  -72.352  -21.362 0.0000000000
21833  -37.239  -72.854  -21.079 0.0000000000
21834  -39.610  -73.231  -21.105 0.0000000000
21835  -40.386  -72.762  -21.288 0.0000000000
21836  -41.028  -72.212  -21.521 0.0000000000
21841  -35.532  -72.517  -22.962 0.0000000000
21842  -36.048  -72.864  -22.369 0.0000000000
21843  -40.737  -72.790  -22.136 0.0000000000
21844  -41.270  -72.431  -22.901 0.0000000000
21853  -35.021  -73.079  -23.313 0.0000000000
21854  -40.772  -73.102  -22.979 0.0000000000
21855  -41.163  -72.683  -23.718 0.0000000000
21865  -40.888  -72.956  -24.466 0.0000000000
21866  -41.439  -72.164  -24.781 0.0000000000
21873  -40.796  -72.582  -26.304 0.0000000000
21874  -41.350  -72.026  -26.059 0.0000000000
22742  -39.402  -70.962  -17.999 0.0000000000
22750  -37.887  -71.394  -18.583 0.0000000000
22751  -38.729  -71.419  -18.391 0.0000000000
22752  -39.592  -71.360  -18.567 0.0000000000
22753  -40.190  -71.435  -19.042 0.0000000000
22757  -37.020  -71.362  -19.686 0.0000000000
22758  -37.616  -71.745  -19.289 0.0000000000
22759  -38.343  -71.927  -19.098 0.0000000000
22760  -39.349  -71.907  -19.145 0.0000000000
22761  -40.196  -71.894  -19.656 0.0000000000
22762  -41.248  -71.225  -20.185 0.0000000000
22766  -37.336  -72.045  -19.955 0.0000000000
22767  -40.772  -71.771  -20.214 0.0000000000
22768  -41.316  -71.540  -20.935 0.0000000000
22773  -36.609  -71.521  -21.067 0.0000000000
22774  -41.553  -71.594  -21.854 0.0000000000
22779  -36.004  -71.952  -22.512 0.0000000000
22780  -36.372  -71.770  -21.836 0.0000000000
22781  -41.749  -71.613  -22.784 0.0000000000
22782  -42.267  -70.835  -22.885 0.0000000000
22790  -35.608  -71.609  -23.285 0.0000000000
22791  -36.171  -71.095  -23.054 0.0000000000
22792  -41.645  -71.944  -23.731 0.0000000000
22793  -42.218  -71.125  -23.806 0.0000000000
22803  -41.935  -71.501  -24.572 0.0000000000
22804  -42.375  -70.874  -24.949 0.0000000000
22811  -41.955  -71.342  -25.713 0.0000000000
22812  -42.438  -71.016  -26.520 0.0000000000
22818  -41.792  -71.573  -26.741 0.0000000000
23729  -38.063  -70.034  -16.918 0.0000000000
23730  -38.798  -70.093  -16.829 0.0000000000
23745  -37.788  -70.391  -17.550 0.0000000000
23746  -38.406  -70.523  -17.368 0.0000000000
23747  -39.156  -70.524  -17.388 0.0000000000
23748  -39.955  -70.377  -17.686 0.0000000000
23759  -37.047  -70.322  -18.724 0.0000000000
23760  -37.546  -70.753  -18.234 0.0000000000
23761  -38.123  -70.978  -17.920 0.0000000000
23762  -40.279  -70.827  -18.426 0.0000000000
23763  -41.115  -70.328  -18.790 0.0000000000
23770  -36.829  -70.569  -19.509 0.0000000000
23771  -37.264  -71.090  -18.947 0.0000000000
23772  -40.794  -70.956  -19.067 0.0000000000
23773  -41.396  -70.616  -19.645 0.0000000000
23777  -36.667  -70.811  -20.401 0.0000000000
23778  -41.763  -70.640  -20.630 0.0000000000
23779  -42.280  -69.941  -20.901 0.0000000000
23783  -36.461  -70.977  -21.874 0.0000000000
23784  -41.912  -70.843  -21.505 0.0000000000
23785  -42.361  -70.116  -21.561 0.0000000000
23790  -36.519  -70.594  -22.686 0.0000000000
23791  -41.970  -71.086  -22.233 0.0000000000
23792  -42.325  -70.465  -22.204 0.0000000000
23798  -35.926  -70.752  -23.798 0.0000000000
23799  -36.483  -70.287  -23.525 0.0000000000
23800  -42.592  -70.335  -23.578 0.0000000000
23807  -42.854  -70.136  -25.303 0.0000000000
24710  -38.651  -69.083  -15.944 0.0000000000
24711  -39.407  -68.993  -15.933 0.0000000000
24726  -37.779  -69.332  -16.677 0.0000000000
24727  -38.412  -69.557  -16.448 0.0000000000
24728  -39.127  -69.560  -16.345 0.0000000000
24729  -39.778  -69.294  -16.452 0.0000000000
24740  -37.549  -69.698  -17.292 0.0000000000
24741  -39.678  -69.868  -16.976 0.0000000000
24742  -41.029  -69.270  -17.742 0.0000000000
24753  -37.261  -70.047  -17.948 0.0000000000
24754  -40.716  -70.032  -18.082 0.0000000000
24755  -41.419  -69.503  -18.503 0.0000000000
24756  -42.080  -68.923  -18.982 0.0000000000
24765  -36.790  -69.842  -19.328 0.0000000000
24766  -41.761  -69.725  -19.291 0.0000000000
24767  -42.330  -69.055  -19.798 0.0000000000
24772  -36.913  -69.212  -20.734 0.0000000000
24773  -42.056  -69.861  -20.132 0.0000000000
24774  -42.516  -69.177  -20.611 0.0000000000
24780  -36.677  -69.976  -21.023 0.0000000000
24781  -37.016  -69.311  -21.621 0.0000000000
24782  -42.651  -69.336  -21.404 0.0000000000
24788  -36.731  -70.081  -22.018 0.0000000000
24789  -37.165  -69.333  -22.497 0.0000000000
24790  -42.740  -69.594  -22.302 0.0000000000
24794  -36.909  -69.853  -23.055 0.0000000000
24795  -37.517  -68.728  -24.159 0.0000000000
24803  -36.313  -70.014  -24.333 0.0000000000
25662  -38.053  -68.452  -15.732 0.0000000000
25663  -38.932  -68.527  -15.472 0.0000000000
25664  -39.797  -68.345  -15.632 0.0000000000
25685  -37.623  -68.608  -16.393 0.0000000000
25686  -38.059  -69.044  -16.179 0.0000000000
25687  -40.171  -68.733  -16.239 0.0000000000
25688  -40.813  -68.412  -16.630 0.0000000000
25705  -37.332  -68.826  -17.166 0.0000000000
25706  -40.479  -69.127  -16.961 0.0000000000
25707  -42.073  -68.036  -17.908 0.0000000000
25723  -36.950  -69.399  -18.612 0.0000000000
25724  -37.103  -68.687  -18.023 0.0000000000
25725  -41.720  -68.717  -18.194 0.0000000000
25726  -42.371  -68.220  -18.662 0.0000000000
25737  -36.854  -69.013  -19.744 0.0000000000
25738  -37.051  -68.418  -18.948 0.0000000000
25739  -42.625  -68.315  -19.471 0.0000000000
25747  -37.170  -68.430  -20.622 0.0000000000
25754  -37.389  -68.636  -22.146 0.0000000000
25760  -37.691  -68.409  -23.158 0.0000000000
26578  -38.078  -67.215  -14.879 0.0000000000
26579  -38.844  -67.351  -14.637 0.0000000000
26580  -39.736  -67.236  -14.709 0.0000000000
26586  -37.760  -67.602  -15.514 0.0000000000
26587  -38.466  -67.874  -15.173 0.0000000000
26588  -39.332  -67.886  -15.085 0.0000000000
26589  -40.214  -67.655  -15.343 0.0000000000
26590  -41.041  -67.327  -15.769 0.0000000000
26601  -37.346  -67.992  -16.702 0.0000000000
26602  -40.597  -68.041  -16.025 0.0000000000
26603  -41.374  -67.716  -16.616 0.0000000000
26604  -42.122  -67.200  -16.967 0.0000000000
26612  -37.196  -68.041  -17.536 0.0000000000
26613  -41.856  -67.746  -17.308 0.0000000000
26614  -42.407  -67.449  -17.635 0.0000000000
26615  -42.910  -67.187  -17.958 0.0000000000
26623  -37.158  -67.988  -18.331 0.0000000000
26624  -42.657  -67.641  -18.312 0.0000000000
26635  -37.334  -67.449  -19.111 0.0000000000
26644  -37.447  -67.639  -20.662 0.0000000000
26653  -37.732  -67.762  -22.276 0.0000000000
27563  -38.780  -66.193  -13.825 0.0000000000
27564  -39.673  -66.091  -13.805 0.0000000000
27573  -37.538  -66.039  -14.869 0.0000000000
27574  -38.444  -66.725  -14.373 0.0000000000
27575  -39.258  -66.731  -14.221 0.0000000000
27576  -40.175  -66.542  -14.386 0.0000000000
27577  -41.070  -66.272  -14.703 0.0000000000
27584  -37.626  -66.839  -15.264 0.0000000000
27585  -40.637  -66.959  -15.030 0.0000000000
27586  -41.445  -66.607  -15.452 0.0000000000
27587  -42.197  -66.263  -15.830 0.0000000000
27597  -37.380  -67.138  -16.133 0.0000000000
27598  -41.774  -66.916  -16.234 0.0000000000
27599  -42.529  -66.572  -16.583 0.0000000000
27600  -43.372  -66.283  -16.922 0.0000000000
27601  -44.027  -65.832  -16.860 0.0000000000
27609  -37.271  -67.305  -17.139 0.0000000000
27610  -42.787  -66.879  -17.343 0.0000000000
27611  -43.491  -66.742  -17.906 0.0000000000
27612  -44.083  -66.205  -17.472 0.0000000000
27619  -37.524  -66.603  -18.707 0.0000000000
27621  -44.711  -66.373  -18.746 0.0000000000
27632  -37.662  -66.553  -19.738 0.0000000000
27633  -37.986  -65.821  -19.898 0.0000000000
27643  -37.695  -66.857  -20.620 0.0000000000
27644  -37.975  -66.094  -20.519 0.0000000000
28691  -38.326  -65.516  -13.667 0.0000000000
28692  -39.150  -65.538  -13.405 0.0000000000
28693  -40.105  -65.381  -13.462 0.0000000000
28694  -41.153  -65.096  -13.680 0.0000000000
28702  -38.022  -66.113  -14.204 0.0000000000
28703  -40.627  -65.849  -14.041 0.0000000000
28704  -41.491  -65.579  -14.408 0.0000000000
28705  -42.242  -65.306  -14.747 0.0000000000
28706  -42.939  -64.977  -15.012 0.0000000000
28713  -37.409  -65.141  -14.890 0.0000000000
28714  -41.848  -65.929  -15.110 0.0000000000
28715  -42.587  -65.620  -15.421 0.0000000000
28716  -43.324  -65.341  -15.636 0.0000000000
28717  -44.085  -65.107  -15.802 0.0000000000
28725  -37.442  -65.303  -16.446 0.0000000000
28726  -42.947  -65.950  -16.120 0.0000000000
28727  -43.686  -65.643  -16.300 0.0000000000
28728  -44.424  -65.424  -16.453 0.0000000000
28729  -45.228  -65.292  -16.712 0.0000000000
28735  -37.472  -65.808  -17.261 0.0000000000
28736  -44.664  -65.749  -17.140 0.0000000000
28737  -45.447  -65.635  -17.546 0.0000000000
28738  -46.234  -65.457  -18.114 0.0000000000
28748  -37.664  -65.863  -18.288 0.0000000000
28749  -38.051  -65.211  -18.792 0.0000000000
28750  -44.787  -66.109  -17.901 0.0000000000
28751  -45.470  -65.901  -18.480 0.0000000000
28760  -37.833  -65.875  -19.187 0.0000000000
28761  -38.225  -65.273  -19.594 0.0000000000
28769  -38.307  -65.414  -20.340 0.0000000000
29812  -38.972  -64.246  -12.645 0.0000000000
29813  -39.889  -64.231  -12.591 0.0000000000
29814  -40.814  -64.119  -12.700 0.0000000000
29815  -41.658  -63.945  -12.963 0.0000000000
29823  -37.938  -64.787  -13.592 0.0000000000
29824  -38.645  -64.876  -13.173 0.0000000000
29825  -39.504  -64.844  -13.023 0.0000000000
29826  -40.462  -64.699  -13.103 0.0000000000
29827  -41.991  -64.416  -13.664 0.0000000000
29828  -42.882  -64.061  -13.900 0.0000000000
29835  -37.557  -64.595  -14.220 0.0000000000
29836  -41.900  -65.006  -14.183 0.0000000000
29837  -42.549  -64.677  -14.359 0.0000000000
29838  -43.308  -64.375  -14.545 0.0000000000
29839  -44.101  -64.099  -14.715 0.0000000000
29846  -37.407  -64.291  -14.969 0.0000000000
29847  -43.698  -64.725  -15.183 0.0000000000
29848  -44.477  -64.497  -15.372 0.0000000000
29849  -45.254  -64.320  -15.597 0.0000000000
29855  -37.413  -64.784  -15.711 0.0000000000
29856  -37.737  -64.397  -16.673 0.0000000000
29857  -44.855  -64.891  -16.018 0.0000000000
29858  -45.658  -64.717  -16.249 0.0000000000
29859  -46.431  -64.419  -16.390 0.0000000000
29860  -46.993  -64.613  -17.158 0.0000000000
29873  -38.033  -64.489  -17.616 0.0000000000
29874  -46.171  -65.109  -17.090 0.0000000000
29875  -46.816  -65.028  -17.809 0.0000000000
29876  -47.426  -64.577  -18.049 0.0000000000
29887  -37.832  -65.146  -17.949 0.0000000000
29888  -38.282  -64.559  -18.409 0.0000000000
29898  -38.503  -64.617  -19.213 0.0000000000
29899  -38.973  -64.077  -19.651 0.0000000000
29910  -38.616  -64.737  -20.035 0.0000000000
30921  -39.092  -63.044  -12.001 0.0000000000
30922  -39.797  -63.098  -11.820 0.0000000000
30923  -40.676  -63.056  -11.827 0.0000000000
30933  -38.534  -63.359  -12.521 0.0000000000
30934  -39.387  -63.616  -12.256 0.0000000000
30935  -40.297  -63.630  -12.228 0.0000000000
30936  -41.195  -63.510  -12.383 0.0000000000
30937  -42.044  -63.318  -12.648 0.0000000000
30938  -42.803  -63.076  -12.934 0.0000000000
30947  -37.954  -63.412  -13.161 0.0000000000
30948  -38.207  -64.155  -13.038 0.0000000000
30949  -42.443  -63.695  -13.289 0.0000000000
30950  -43.197  -63.401  -13.511 0.0000000000
30951  -43.910  -63.030  -13.624 0.0000000000
30956  -37.535  -63.830  -14.283 0.0000000000
30957  -43.654  -63.710  -14.100 0.0000000000
30958  -44.522  -63.330  -14.259 0.0000000000
30959  -45.352  -63.233  -14.648 0.0000000000
30960  -46.119  -63.078  -14.988 0.0000000000
30964  -37.608  -63.471  -15.024 0.0000000000
30965  -37.999  -63.088  -15.797 0.0000000000
30966  -44.897  -63.869  -14.963 0.0000000000
30967  -45.682  -63.731  -15.275 0.0000000000
30968  -46.523  -63.679  -15.733 0.0000000000
30969  -47.329  -63.296  -16.060 0.0000000000
30978  -37.629  -63.921  -15.781 0.0000000000
30979  -38.096  -63.523  -16.543 0.0000000000
30980  -48.688  -62.789  -17.353 0.0000000000
30991  -38.785  -63.451  -17.958 0.0000000000
30992  -48.069  -63.890  -18.453 0.0000000000
30993  -48.647  -63.138  -18.367 0.0000000000
31001  -38.803  -63.922  -18.742 0.0000000000
31002  -39.312  -63.210  -18.598 0.0000000000
31973  -38.661  -62.514  -12.102 0.0000000000
31974  -39.314  -62.495  -11.650 0.0000000000
31975  -40.163  -62.504  -11.413 0.0000000000
31976  -41.079  -62.468  -11.417 0.0000000000
31977  -41.965  -62.297  -11.649 0.0000000000
31988  -38.190  -62.537  -12.777 0.0000000000
31989  -42.400  -62.679  -12.334 0.0000000000
31990  -43.418  -62.844  -13.172 0.0000000000
31991  -43.961  -62.263  -13.082 0.0000000000
32000  -37.850  -62.806  -13.565 0.0000000000
32001  -38.050  -62.048  -13.419 0.0000000000
32002  -44.608  -62.554  -13.702 0.0000000000
32003  -45.321  -62.131  -13.852 0.0000000000
32006  -37.698  -63.080  -14.295 0.0000000000
32007  -37.968  -62.307  -14.204 0.0000000000
32008  -45.105  -62.761  -14.164 0.0000000000
32009  -45.729  -62.553  -14.409 0.0000000000
32010  -47.159  -62.018  -15.157 0.0000000000
32017  -37.992  -62.657  -15.021 0.0000000000
32018  -46.867  -62.831  -15.380 0.0000000000
32019  -47.562  -62.544  -15.774 0.0000000000
32020  -48.095  -62.279  -16.106 0.0000000000
32027  -38.984  -62.385  -16.836 0.0000000000
32028  -48.060  -62.955  -16.512 0.0000000000
32029  -48.500  -62.353  -16.627 0.0000000000
32034  -38.639  -63.108  -17.164 0.0000000000
32035  -39.339  -62.681  -17.770 0.0000000000
32036  -40.145  -62.083  -17.996 0.0000000000
32037  -49.108  -62.437  -18.257 0.0000000000
32044  -39.873  -62.586  -18.580 0.0000000000
33052  -40.139  -61.190  -10.613 0.0000000000
33053  -41.061  -61.300  -10.477 0.0000000000
33054  -41.920  -61.187  -10.630 0.0000000000
33055  -42.730  -60.939  -10.995 0.0000000000
33064  -38.829  -61.249  -11.548 0.0000000000
33065  -39.555  -61.761  -11.195 0.0000000000
33066  -40.571  -61.901  -10.939 0.0000000000
33067  -41.491  -61.832  -11.026 0.0000000000
33068  -42.344  -61.624  -11.314 0.0000000000
33069  -43.133  -61.376  -11.665 0.0000000000
33080  -38.400  -61.277  -12.616 0.0000000000
33081  -42.770  -62.042  -11.996 0.0000000000
33082  -43.530  -61.774  -12.364 0.0000000000
33083  -44.275  -61.438  -12.669 0.0000000000
33084  -44.973  -60.989  -12.904 0.0000000000
33093  -38.316  -61.347  -13.264 0.0000000000
33094  -44.784  -61.767  -13.304 0.0000000000
33095  -45.586  -61.267  -13.544 0.0000000000
33096  -46.251  -61.136  -13.964 0.0000000000
33099  -38.297  -61.532  -14.057 0.0000000000
33100  -46.024  -61.802  -14.153 0.0000000000
33101  -46.752  -61.401  -14.525 0.0000000000
33109  -38.420  -61.836  -14.905 0.0000000000
33110  -39.060  -61.354  -15.537 0.0000000000
33111  -47.463  -61.214  -15.066 0.0000000000
33112  -47.817  -61.796  -15.616 0.0000000000
33117  -38.580  -62.238  -15.871 0.0000000000
33118  -39.376  -61.658  -16.399 0.0000000000
33119  -40.198  -61.222  -16.811 0.0000000000
33120  -48.491  -61.644  -16.219 0.0000000000
33121  -49.078  -61.086  -16.732 0.0000000000
33127  -39.738  -61.904  -17.242 0.0000000000
33128  -40.580  -61.476  -17.559 0.0000000000
33130  -49.050  -61.946  -17.225 0.0000000000
33131  -49.448  -61.198  -17.672 0.0000000000
33142  -49.660  -61.256  -18.820 0.0000000000
34055  -41.117  -60.032  -9.662 0.0000000000
34056  -41.964  -60.037  -9.666 0.0000000000
34061  -39.799  -60.387  -10.455 0.0000000000
34062  -40.647  -60.601  -10.161 0.0000000000
34063  -41.530  -60.643  -10.111 0.0000000000
34064  -42.365  -60.486  -10.307 0.0000000000
34065  -43.161  -60.260  -10.694 0.0000000000
34074  -38.884  -60.462  -11.418 0.0000000000
34075  -39.317  -60.888  -10.942 0.0000000000
34076  -43.483  -60.688  -11.395 0.0000000000
34077  -44.076  -60.502  -11.770 0.0000000000
34087  -38.557  -60.797  -12.082 0.0000000000
34088  -43.835  -61.082  -12.038 0.0000000000
34089  -44.471  -60.712  -12.313 0.0000000000
34090  -45.080  -60.238  -12.503 0.0000000000
34097  -38.530  -60.607  -12.937 0.0000000000
34098  -45.573  -60.461  -13.091 0.0000000000
34099  -46.131  -60.548  -13.594 0.0000000000
34104  -38.604  -60.785  -13.815 0.0000000000
34105  -39.194  -60.175  -14.355 0.0000000000
34106  -46.684  -60.602  -14.120 0.0000000000
34107  -47.190  -59.995  -14.362 0.0000000000
34108  -47.751  -60.299  -15.051 0.0000000000
34116  -38.800  -61.013  -14.672 0.0000000000
34117  -39.495  -60.552  -15.245 0.0000000000
34118  -40.275  -60.163  -15.753 0.0000000000
34123  -39.834  -60.906  -16.043 0.0000000000
34124  -40.644  -60.521  -16.476 0.0000000000
34126  -48.611  -60.873  -16.088 0.0000000000
34127  -49.419  -60.423  -17.219 0.0000000000
34135  -49.775  -60.543  -18.244 0.0000000000
34991  -39.920  -58.865  -9.913 0.0000000000
34992  -40.730  -59.211  -9.481 0.0000000000
34993  -41.546  -59.374  -9.366 0.0000000000
34994  -42.810  -59.713  -9.936 0.0000000000
34995  -43.554  -58.927  -9.980 0.0000000000
34999  -39.506  -59.518  -10.515 0.0000000000
35000  -40.258  -59.819  -9.949 0.0000000000
35001  -43.521  -59.617  -10.511 0.0000000000
35002  -44.110  -59.178  -10.765 0.0000000000
35013  -38.731  -60.091  -11.852 0.0000000000
35014  -39.009  -59.608  -11.321 0.0000000000
35015  -43.943  -59.958  -11.206 0.0000000000
35016  -44.575  -59.357  -11.439 0.0000000000
35024  -38.661  -60.148  -12.382 0.0000000000
35025  -38.886  -59.424  -12.224 0.0000000000
35026  -44.566  -60.038  -11.892 0.0000000000
35027  -45.164  -59.415  -12.098 0.0000000000
35028  -45.686  -59.084  -12.514 0.0000000000
35032  -38.812  -59.806  -12.976 0.0000000000
35033  -39.228  -59.571  -13.714 0.0000000000
35034  -45.625  -59.738  -12.747 0.0000000000
35035  -46.179  -59.209  -13.054 0.0000000000
35036  -47.195  -59.159  -14.042 0.0000000000
35042  -39.653  -59.468  -14.362 0.0000000000
35043  -40.237  -59.063  -14.749 0.0000000000
35044  -46.593  -59.790  -13.702 0.0000000000
35045  -47.718  -59.338  -14.709 0.0000000000
35055  -39.896  -59.787  -15.015 0.0000000000
35056  -40.630  -59.425  -15.496 0.0000000000
35057  -41.342  -59.085  -15.920 0.0000000000
35058  -48.269  -59.495  -15.377 0.0000000000
35069  -41.029  -59.823  -16.182 0.0000000000
35072  -48.822  -59.558  -16.070 0.0000000000
35073  -49.330  -59.629  -16.836 0.0000000000
35085  -49.742  -59.756  -17.762 0.0000000000
35888  -40.978  -57.920  -8.830 0.0000000000
35889  -41.742  -58.124  -8.717 0.0000000000
35890  -42.610  -58.210  -8.855 0.0000000000
35891  -43.389  -57.811  -8.987 0.0000000000
35894  -39.958  -57.946  -9.781 0.0000000000
35895  -40.511  -58.367  -9.356 0.0000000000
35896  -41.235  -58.654  -9.086 0.0000000000
35897  -42.018  -58.819  -9.070 0.0000000000
35898  -43.269  -58.427  -9.335 0.0000000000
35899  -43.870  -58.089  -9.640 0.0000000000
35904  -39.574  -58.235  -10.456 0.0000000000
35905  -44.341  -58.343  -10.442 0.0000000000
35906  -44.912  -58.172  -11.093 0.0000000000
35918  -39.142  -58.768  -11.675 0.0000000000
35919  -44.594  -58.762  -11.072 0.0000000000
35920  -45.029  -58.755  -11.554 0.0000000000
35927  -39.250  -58.588  -12.467 0.0000000000
35928  -45.506  -58.599  -12.055 0.0000000000
35929  -46.025  -58.444  -12.563 0.0000000000
35936  -39.576  -58.325  -13.189 0.0000000000
35937  -40.028  -58.077  -13.739 0.0000000000
35938  -46.569  -58.384  -13.124 0.0000000000
35939  -47.126  -58.368  -13.682 0.0000000000
35954  -39.754  -58.811  -13.916 0.0000000000
35955  -40.494  -58.214  -14.470 0.0000000000
35956  -41.131  -57.984  -15.059 0.0000000000
35957  -47.698  -58.353  -14.396 0.0000000000
35958  -48.205  -58.651  -15.083 0.0000000000
35976  -40.904  -58.654  -15.263 0.0000000000
35979  -48.701  -58.776  -15.743 0.0000000000
35996  -49.211  -58.846  -16.461 0.0000000000
36917  -40.822  -57.159  -8.769 0.0000000000
36918  -41.488  -57.388  -8.493 0.0000000000
36919  -42.237  -57.534  -8.445 0.0000000000
36920  -43.454  -57.121  -8.611 0.0000000000
36924  -40.035  -57.151  -9.729 0.0000000000
36925  -40.425  -57.575  -9.262 0.0000000000
36926  -44.100  -57.265  -9.249 0.0000000000
36933  -39.744  -57.510  -10.205 0.0000000000
36934  -44.849  -57.543  -10.576 0.0000000000
36935  -45.351  -57.508  -11.245 0.0000000000
36946  -39.571  -57.459  -10.831 0.0000000000
36947  -46.337  -56.901  -12.199 0.0000000000
36951  -39.663  -57.393  -12.397 0.0000000000
36952  -40.072  -56.800  -12.808 0.0000000000
36953  -45.825  -57.721  -11.975 0.0000000000
36954  -46.437  -57.646  -12.657 0.0000000000
36963  -39.520  -57.963  -12.656 0.0000000000
36964  -39.905  -57.552  -13.185 0.0000000000
36986  -40.423  -57.495  -13.923 0.0000000000
36987  -40.977  -57.418  -14.593 0.0000000000
37015  -49.068  -58.071  -16.094 0.0000000000
37903  -41.685  -56.061  -7.851 0.0000000000
37904  -42.626  -56.149  -7.763 0.0000000000
37917  -40.627  -56.407  -8.805 0.0000000000
37918  -41.237  -56.634  -8.346 0.0000000000
37919  -41.991  -56.832  -8.092 0.0000000000
37920  -43.448  -56.422  -8.200 0.0000000000
37921  -44.017  -56.631  -8.687 0.0000000000
37926  -40.237  -56.286  -9.550 0.0000000000
37927  -44.568  -56.420  -9.208 0.0000000000
37928  -45.176  -56.199  -9.840 0.0000000000
37938  -39.844  -56.743  -10.371 0.0000000000
37939  -40.093  -55.844  -10.309 0.0000000000
37940  -44.745  -56.955  -9.931 0.0000000000
37941  -45.372  -56.688  -10.668 0.0000000000
37942  -45.984  -56.040  -11.114 0.0000000000
37951  -39.717  -56.753  -11.228 0.0000000000
37952  -39.996  -56.087  -11.617 0.0000000000
37953  -45.847  -56.822  -11.515 0.0000000000
37954  -46.386  -56.179  -11.806 0.0000000000
37960  -39.803  -56.725  -12.033 0.0000000000
37961  -40.228  -56.074  -12.427 0.0000000000
37962  -46.718  -56.280  -12.374 0.0000000000
37963  -47.117  -56.055  -12.722 0.0000000000
37986  -40.612  -56.175  -13.323 0.0000000000
37987  -41.221  -56.005  -14.102 0.0000000000
37988  -46.898  -56.797  -12.875 0.0000000000
38013  -40.814  -56.776  -14.036 0.0000000000
38943  -40.781  -55.044  -8.276 0.0000000000
38944  -41.339  -55.285  -7.775 0.0000000000
38945  -42.117  -55.400  -7.433 0.0000000000
38946  -43.004  -55.340  -7.389 0.0000000000
38947  -43.885  -55.184  -7.610 0.0000000000
38955  -40.963  -55.848  -8.290 0.0000000000
38956  -45.562  -54.971  -9.230 0.0000000000
38966  -40.498  -55.560  -8.904 0.0000000000
38967  -45.019  -55.684  -9.175 0.0000000000
38968  -45.481  -55.555  -9.741 0.0000000000
38969  -45.928  -55.138  -10.054 0.0000000000
38982  -40.294  -55.396  -9.636 0.0000000000
38983  -45.665  -55.805  -10.387 0.0000000000
38984  -46.234  -55.352  -10.758 0.0000000000
38994  -40.128  -55.494  -11.098 0.0000000000
38995  -46.550  -55.491  -11.459 0.0000000000
38996  -47.520  -54.846  -12.258 0.0000000000
39008  -40.327  -55.351  -11.948 0.0000000000
39009  -46.936  -55.580  -12.194 0.0000000000
39010  -47.482  -55.478  -12.838 0.0000000000
39029  -40.636  -55.346  -12.806 0.0000000000
39030  -41.095  -55.336  -13.554 0.0000000000
39042  -41.605  -55.207  -14.225 0.0000000000
39946  -42.904  -53.959  -6.766 0.0000000000
39947  -43.790  -53.849  -6.876 0.0000000000
39948  -44.618  -53.679  -7.108 0.0000000000
39958  -40.666  -54.135  -8.225 0.0000000000
39959  -41.678  -54.640  -7.369 0.0000000000
39960  -42.502  -54.673  -7.110 0.0000000000
39961  -43.404  -54.590  -7.148 0.0000000000
39962  -44.260  -54.417  -7.379 0.0000000000
39963  -45.023  -54.177  -7.683 0.0000000000
39967  -40.497  -54.740  -8.826 0.0000000000
39968  -44.647  -54.901  -7.984 0.0000000000
39969  -45.339  -54.568  -8.393 0.0000000000
39970  -46.007  -54.247  -8.829 0.0000000000
39977  -46.260  -54.529  -9.646 0.0000000000
39991  -40.329  -54.082  -10.437 0.0000000000
39992  -46.508  -54.749  -10.412 0.0000000000
39993  -46.913  -54.209  -10.031 0.0000000000
40004  -40.378  -54.546  -11.349 0.0000000000
40005  -46.767  -54.900  -11.095 0.0000000000
40006  -47.381  -54.499  -11.348 0.0000000000
40007  -48.024  -54.237  -11.839 0.0000000000
40017  -40.652  -54.572  -12.349 0.0000000000
40018  -40.983  -53.851  -12.800 0.0000000000
40019  -48.241  -54.490  -12.642 0.0000000000
40020  -48.963  -54.208  -12.981 0.0000000000
40037  -41.030  -54.619  -13.143 0.0000000000
40038  -41.413  -53.996  -13.557 0.0000000000
40051  -41.877  -54.297  -14.345 0.0000000000
40969  -41.662  -53.157  -6.987 0.0000000000
40970  -42.032  -53.951  -6.949 0.0000000000
40971  -43.307  -53.206  -6.566 0.0000000000
40972  -44.168  -53.106  -6.675 0.0000000000
40973  -44.989  -52.977  -6.837 0.0000000000
40985  -40.613  -53.166  -8.011 0.0000000000
40986  -41.095  -52.968  -7.429 0.0000000000
40987  -45.374  -53.471  -7.381 0.0000000000
40988  -46.112  -53.253  -7.654 0.0000000000
40989  -46.851  -52.998  -7.919 0.0000000000
40994  -40.406  -53.942  -8.934 0.0000000000
40995  -45.724  -53.897  -8.046 0.0000000000
40996  -46.430  -53.611  -8.383 0.0000000000
40997  -47.171  -53.339  -8.685 0.0000000000
40998  -47.817  -53.056  -8.899 0.0000000000
41009  -40.287  -53.599  -9.682 0.0000000000
41010  -46.711  -53.910  -9.210 0.0000000000
41011  -47.533  -53.588  -9.603 0.0000000000
41012  -48.324  -53.022  -9.451 0.0000000000
41013  -48.987  -52.881  -9.954 0.0000000000
41028  -40.277  -53.206  -10.462 0.0000000000
41029  -47.500  -54.048  -10.554 0.0000000000
41030  -48.283  -53.507  -10.392 0.0000000000
41031  -49.148  -53.220  -10.761 0.0000000000
41034  -40.415  -53.561  -11.179 0.0000000000
41035  -47.924  -53.996  -11.117 0.0000000000
41036  -48.552  -53.740  -11.324 0.0000000000
41037  -49.316  -53.487  -11.592 0.0000000000
41042  -40.614  -53.750  -11.993 0.0000000000
41043  -48.732  -53.971  -12.159 0.0000000000
41044  -49.478  -53.717  -12.431 0.0000000000
41045  -50.226  -53.483  -12.643 0.0000000000
41046  -50.988  -53.264  -12.797 0.0000000000
41047  -51.743  -53.002  -12.860 0.0000000000
41060  -40.814  -53.046  -12.508 0.0000000000
41061  -41.221  -53.194  -13.313 0.0000000000
41062  -49.697  -53.909  -13.250 0.0000000000
41063  -50.460  -53.679  -13.440 0.0000000000
41064  -52.275  -53.139  -13.515 0.0000000000
41065  -52.927  -53.208  -14.092 0.0000000000
41070  -41.670  -53.392  -14.091 0.0000000000
41074  -53.560  -53.190  -14.630 0.0000000000
42049  -42.049  -52.521  -6.677 0.0000000000
42050  -43.672  -52.445  -6.475 0.0000000000
42051  -44.523  -52.357  -6.592 0.0000000000
42052  -45.323  -52.249  -6.799 0.0000000000
42053  -45.968  -52.173  -7.027 0.0000000000
42060  -40.816  -52.302  -7.623 0.0000000000
42061  -41.411  -52.402  -7.092 0.0000000000
42062  -45.703  -52.783  -7.137 0.0000000000
42063  -46.406  -52.546  -7.383 0.0000000000
42064  -47.172  -52.283  -7.601 0.0000000000
42065  -47.944  -52.015  -7.894 0.0000000000
42069  -40.377  -52.248  -8.344 0.0000000000
42070  -47.564  -52.697  -8.248 0.0000000000
42071  -48.349  -52.453  -8.666 0.0000000000
42072  -49.117  -52.015  -8.866 0.0000000000
42081  -40.048  -52.121  -9.171 0.0000000000
42082  -40.299  -53.053  -8.905 0.0000000000
42083  -48.861  -52.535  -9.293 0.0000000000
42084  -49.469  -52.296  -9.577 0.0000000000
42085  -50.200  -52.004  -9.889 0.0000000000
42093  -39.896  -51.941  -9.990 0.0000000000
42094  -40.133  -52.726  -9.799 0.0000000000
42095  -49.922  -52.973  -11.089 0.0000000000
42096  -50.653  -52.337  -10.706 0.0000000000
42097  -51.447  -52.043  -10.916 0.0000000000
42100  -40.252  -52.324  -11.362 0.0000000000
42101  -50.737  -53.034  -12.053 0.0000000000
42102  -51.951  -52.173  -11.527 0.0000000000
42103  -52.612  -52.172  -12.057 0.0000000000
42104  -53.198  -51.797  -11.958 0.0000000000
42112  -40.501  -52.316  -12.172 0.0000000000
42113  -51.375  -52.793  -12.207 0.0000000000
42114  -52.500  -52.630  -12.766 0.0000000000
42115  -54.156  -51.983  -12.933 0.0000000000
42127  -40.834  -52.297  -13.097 0.0000000000
42128  -41.346  -52.568  -13.932 0.0000000000
42129  -53.074  -52.724  -13.373 0.0000000000
42130  -54.434  -52.343  -13.728 0.0000000000
42131  -55.328  -52.113  -14.001 0.0000000000
42132  -56.161  -51.906  -14.114 0.0000000000
42141  -41.834  -52.758  -14.636 0.0000000000
42143  -53.674  -52.771  -13.926 0.0000000000
42144  -54.252  -52.769  -14.435 0.0000000000
42156  -41.947  -52.279  -15.283 0.0000000000
43093  -41.768  -51.928  -6.793 0.0000000000
43094  -42.381  -51.877  -6.567 0.0000000000
43095  -43.170  -51.788  -6.449 0.0000000000
43096  -44.008  -51.685  -6.490 0.0000000000
43097  -44.867  -51.596  -6.656 0.0000000000
43098  -45.781  -51.513  -6.889 0.0000000000
43104  -40.527  -51.461  -7.857 0.0000000000
43105  -41.224  -51.540  -7.216 0.0000000000
43106  -46.582  -51.751  -7.173 0.0000000000
43107  -47.424  -51.486  -7.468 0.0000000000
43108  -48.724  -51.019  -8.063 0.0000000000
43113  -40.084  -51.396  -8.611 0.0000000000
43114  -48.614  -51.664  -8.271 0.0000000000
43115  -49.310  -51.209  -8.528 0.0000000000
43116  -50.089  -50.910  -8.887 0.0000000000
43125  -39.792  -51.319  -9.419 0.0000000000
43126  -49.789  -51.629  -9.213 0.0000000000
43127  -50.517  -51.317  -9.496 0.0000000000
43128  -51.261  -51.004  -9.723 0.0000000000
43139  -39.709  -51.280  -10.149 0.0000000000
43140  -39.903  -51.684  -10.848 0.0000000000
43141  -50.913  -51.689  -10.109 0.0000000000
43142  -51.613  -51.477  -10.391 0.0000000000
43143  -52.401  -51.188  -10.614 0.0000000000
43144  -53.160  -50.970  -10.872 0.0000000000
43148  -39.827  -51.148  -11.382 0.0000000000
43149  -40.144  -51.694  -11.735 0.0000000000
43150  -52.036  -51.725  -10.937 0.0000000000
43151  -52.701  -51.627  -11.348 0.0000000000
43152  -53.528  -51.337  -11.526 0.0000000000
43153  -54.302  -51.151  -11.734 0.0000000000
43154  -55.090  -50.958  -11.944 0.0000000000
43162  -39.948  -51.034  -12.067 0.0000000000
43163  -40.378  -51.607  -12.541 0.0000000000
43164  -53.846  -51.645  -12.224 0.0000000000
43165  -54.628  -51.480  -12.456 0.0000000000
43166  -55.448  -51.338  -12.638 0.0000000000
43167  -56.304  -51.239  -12.760 0.0000000000
43168  -57.253  -51.227  -12.834 0.0000000000
43169  -58.425  -51.335  -12.908 0.0000000000
43180  -40.572  -51.409  -13.332 0.0000000000
43181  -40.978  -51.882  -13.826 0.0000000000
43182  -54.958  -51.786  -13.215 0.0000000000
43183  -55.800  -51.630  -13.393 0.0000000000
43184  -56.679  -51.566  -13.502 0.0000000000
43185  -57.640  -51.610  -13.616 0.0000000000
43197  -40.748  -51.175  -14.121 0.0000000000
43198  -41.344  -51.877  -14.607 0.0000000000
43206  -41.555  -51.434  -15.480 0.0000000000
43207  -42.181  -51.877  -15.996 0.0000000000
43211  -41.834  -50.933  -16.331 0.0000000000
43212  -42.482  -50.900  -17.057 0.0000000000
44078  -41.920  -51.322  -6.752 0.0000000000
44079  -42.655  -51.201  -6.602 0.0000000000
44080  -43.461  -51.052  -6.591 0.0000000000
44081  -45.189  -50.838  -6.850 0.0000000000
44082  -46.117  -50.692  -7.046 0.0000000000
44091  -40.798  -50.676  -7.553 0.0000000000
44092  -41.532  -50.689  -7.092 0.0000000000
44093  -42.852  -50.487  -6.800 0.0000000000
44094  -43.717  -50.301  -6.878 0.0000000000
44095  -44.592  -50.215  -7.018 0.0000000000
44096  -45.434  -50.148  -7.148 0.0000000000
44097  -46.954  -50.161  -7.328 0.0000000000
44098  -47.644  -50.685  -7.485 0.0000000000
44099  -48.438  -50.428  -7.822 0.0000000000
44100  -49.034  -50.603  -8.162 0.0000000000
44104  -39.765  -50.589  -8.886 0.0000000000
44105  -39.921  -49.830  -8.456 0.0000000000
44106  -49.604  -50.417  -8.451 0.0000000000
44107  -50.297  -50.107  -8.709 0.0000000000
44108  -50.905  -49.844  -8.959 0.0000000000
44117  -39.554  -50.527  -9.811 0.0000000000
44118  -50.771  -50.544  -9.204 0.0000000000
44119  -51.557  -50.088  -9.414 0.0000000000
44120  -52.459  -49.936  -9.770 0.0000000000
44121  -53.133  -49.884  -10.081 0.0000000000
44132  -39.445  -50.042  -10.596 0.0000000000
44133  -52.030  -50.719  -9.998 0.0000000000
44134  -52.788  -50.499  -10.299 0.0000000000
44135  -53.526  -50.293  -10.514 0.0000000000
44136  -54.312  -50.063  -10.673 0.0000000000
44137  -55.125  -49.881  -10.879 0.0000000000
44143  -39.628  -50.388  -11.505 0.0000000000
44144  -53.934  -50.743  -11.080 0.0000000000
44145  -54.719  -50.535  -11.284 0.0000000000
44146  -55.524  -50.377  -11.455 0.0000000000
44147  -56.350  -50.266  -11.591 0.0000000000
44148  -57.221  -50.178  -11.672 0.0000000000
44149  -58.166  -50.119  -11.754 0.0000000000
44150  -59.145  -50.062  -11.941 0.0000000000
44158  -39.602  -49.689  -12.125 0.0000000000
44159  -40.150  -50.835  -12.810 0.0000000000
44160  -55.911  -50.804  -12.105 0.0000000000
44161  -56.789  -50.722  -12.201 0.0000000000
44162  -57.759  -50.713  -12.260 0.0000000000
44163  -58.806  -50.693  -12.329 0.0000000000
44172  -39.878  -49.943  -12.994 0.0000000000
44173  -40.345  -50.572  -13.562 0.0000000000
44179  -40.503  -50.221  -14.391 0.0000000000
44180  -40.949  -50.940  -14.930 0.0000000000
44186  -40.745  -50.191  -15.136 0.0000000000
44187  -41.208  -50.532  -15.645 0.0000000000
44192  -41.406  -49.932  -16.276 0.0000000000
44193  -42.015  -50.101  -16.896 0.0000000000
44198  -42.626  -50.168  -17.475 0.0000000000
45013  -40.776  -49.152  -7.722 0.0000000000
45014  -41.539  -49.205  -7.465 0.0000000000
45015  -43.038  -49.731  -7.157 0.0000000000
45016  -43.989  -49.536  -7.391 0.0000000000
45017  -44.873  -49.639  -7.472 0.0000000000
45018  -45.644  -49.582  -7.549 0.0000000000
45019  -46.441  -49.507  -7.606 0.0000000000
45020  -47.859  -49.922  -7.619 0.0000000000
45021  -48.495  -49.711  -7.891 0.0000000000
45022  -49.065  -49.965  -8.078 0.0000000000
45025  -39.694  -49.063  -8.787 0.0000000000
45026  -40.185  -49.109  -8.199 0.0000000000
45027  -48.937  -49.052  -8.154 0.0000000000
45028  -50.462  -49.185  -8.684 0.0000000000
45029  -51.288  -49.244  -9.053 0.0000000000
45037  -39.458  -49.057  -9.563 0.0000000000
45038  -52.083  -49.237  -9.440 0.0000000000
45039  -53.054  -49.157  -9.762 0.0000000000
45040  -53.771  -49.549  -10.238 0.0000000000
45050  -54.654  -49.220  -10.412 0.0000000000
45051  -55.513  -49.209  -10.669 0.0000000000
45052  -56.249  -49.114  -10.840 0.0000000000
45057  -39.431  -49.479  -11.265 0.0000000000
45058  -55.920  -49.758  -11.080 0.0000000000
45059  -56.691  -49.622  -11.261 0.0000000000
45060  -58.566  -49.331  -11.603 0.0000000000
45061  -59.508  -49.332  -11.852 0.0000000000
45070  -39.469  -48.879  -11.874 0.0000000000
45078  -39.662  -49.050  -12.701 0.0000000000
45079  -39.951  -49.156  -13.482 0.0000000000
45085  -40.292  -49.294  -14.203 0.0000000000
45088  -40.562  -49.479  -14.940 0.0000000000
45089  -40.929  -49.678  -15.617 0.0000000000
45093  -41.256  -49.049  -16.072 0.0000000000
45094  -41.782  -49.221  -16.691 0.0000000000
45099  -42.371  -49.358  -17.279 0.0000000000
45100  -42.986  -49.494  -17.850 0.0000000000
45848  -41.193  -48.469  -7.750 0.0000000000
45849  -41.876  -48.586  -7.589 0.0000000000
45850  -43.231  -48.984  -7.590 0.0000000000
45851  -43.960  -48.799  -7.929 0.0000000000
45852  -45.089  -49.153  -8.031 0.0000000000
45853  -45.819  -49.048  -8.069 0.0000000000
45854  -46.658  -48.914  -8.091 0.0000000000
45855  -48.067  -49.172  -7.895 0.0000000000
45859  -39.987  -48.387  -8.569 0.0000000000
45860  -40.525  -48.441  -8.096 0.0000000000
45861  -40.907  -47.751  -8.121 0.0000000000
45862  -42.580  -48.397  -7.697 0.0000000000
45863  -43.388  -48.299  -7.964 0.0000000000
45864  -44.554  -48.672  -8.481 0.0000000000
45865  -45.219  -48.747  -8.709 0.0000000000
45866  -45.936  -48.636  -8.775 0.0000000000
45867  -46.888  -48.385  -8.742 0.0000000000
45868  -48.126  -48.320  -8.411 0.0000000000
45869  -49.176  -48.142  -8.500 0.0000000000
45870  -50.166  -48.139  -8.730 0.0000000000
45871  -50.943  -48.569  -8.896 0.0000000000
45879  -39.596  -48.301  -9.188 0.0000000000
45880  -44.829  -48.436  -9.149 0.0000000000
45881  -45.296  -48.459  -9.463 0.0000000000
45884  -51.638  -48.502  -9.202 0.0000000000
45885  -52.483  -48.411  -9.489 0.0000000000
45886  -53.339  -48.251  -9.758 0.0000000000
45887  -54.017  -48.065  -10.032 0.0000000000
45897  -39.371  -49.209  -10.409 0.0000000000
45898  -53.926  -48.763  -10.033 0.0000000000
45899  -54.607  -48.354  -10.271 0.0000000000
45900  -55.811  -48.517  -10.636 0.0000000000
45901  -56.524  -48.398  -10.849 0.0000000000
45907  -39.422  -48.141  -11.635 0.0000000000
45908  -57.263  -48.376  -11.130 0.0000000000
45909  -58.107  -48.441  -11.405 0.0000000000
45910  -59.011  -48.518  -11.660 0.0000000000
45911  -59.922  -48.569  -11.929 0.0000000000
45919  -39.569  -48.296  -12.416 0.0000000000
45927  -39.791  -48.375  -13.181 0.0000000000
45928  -40.165  -48.470  -13.935 0.0000000000
45933  -40.490  -48.651  -14.700 0.0000000000
45936  -40.810  -48.853  -15.418 0.0000000000
45937  -41.265  -48.241  -15.794 0.0000000000
45939  -41.727  -48.389  -16.432 0.0000000000
45940  -42.279  -48.535  -17.011 0.0000000000
45943  -42.842  -48.670  -17.634 0.0000000000
46686  -41.814  -47.810  -7.893 0.0000000000
46690  -39.902  -47.630  -8.866 0.0000000000
46691  -40.491  -47.076  -8.588 0.0000000000
46692  -41.325  -47.033  -8.297 0.0000000000
46693  -42.792  -47.674  -8.013 0.0000000000
46694  -43.619  -47.779  -8.393 0.0000000000
46695  -44.332  -48.071  -8.954 0.0000000000
46696  -47.621  -47.866  -9.121 0.0000000000
46697  -48.644  -47.663  -8.901 0.0000000000
46698  -49.475  -47.614  -8.897 0.0000000000
46699  -51.031  -47.825  -9.096 0.0000000000
46708  -39.589  -47.514  -9.602 0.0000000000
46709  -44.846  -48.167  -9.674 0.0000000000
46713  -48.186  -47.489  -9.620 0.0000000000
46714  -49.149  -47.246  -9.401 0.0000000000
46715  -50.165  -47.233  -9.269 0.0000000000
46716  -51.893  -47.670  -9.407 0.0000000000
46717  -52.772  -47.556  -9.675 0.0000000000
46718  -53.605  -47.472  -9.997 0.0000000000
46728  -39.455  -47.443  -10.486 0.0000000000
46732  -47.651  -47.694  -10.610 0.0000000000
46733  -53.852  -46.795  -10.407 0.0000000000
46734  -54.496  -47.470  -10.357 0.0000000000
46735  -55.372  -47.142  -10.714 0.0000000000
46736  -56.027  -47.725  -10.744 0.0000000000
46741  -39.482  -47.464  -11.344 0.0000000000
46744  -56.802  -47.617  -11.034 0.0000000000
46745  -57.647  -47.489  -11.384 0.0000000000
46746  -58.579  -47.671  -11.640 0.0000000000
46747  -59.442  -47.784  -11.880 0.0000000000
46748  -60.334  -47.828  -12.175 0.0000000000
46756  -39.592  -47.611  -12.154 0.0000000000
46757  -39.893  -47.143  -12.704 0.0000000000
46761  -59.026  -47.055  -12.016 0.0000000000
46762  -59.829  -47.137  -12.309 0.0000000000
46774  -39.726  -47.787  -12.827 0.0000000000
46775  -40.124  -47.584  -13.522 0.0000000000
46785  -40.495  -47.812  -14.427 0.0000000000
46786  -40.983  -47.258  -14.945 0.0000000000
46793  -40.804  -48.060  -15.171 0.0000000000
46794  -41.268  -47.586  -15.522 0.0000000000
46801  -41.791  -47.485  -16.170 0.0000000000
46802  -42.526  -47.105  -16.772 0.0000000000
46809  -42.805  -47.755  -17.346 0.0000000000
47581  -39.939  -46.833  -9.212 0.0000000000
47582  -40.489  -46.216  -8.933 0.0000000000
47583  -40.991  -46.412  -8.553 0.0000000000
47584  -41.698  -46.255  -8.425 0.0000000000
47585  -42.592  -46.201  -8.379 0.0000000000
47586  -43.939  -47.235  -8.703 0.0000000000
47587  -44.312  -46.544  -8.873 0.0000000000
47599  -40.035  -46.073  -9.671 0.0000000000
47600  -44.553  -47.555  -9.341 0.0000000000
47601  -45.058  -47.855  -10.103 0.0000000000
47602  -45.350  -47.263  -10.335 0.0000000000
47603  -48.741  -47.100  -10.106 0.0000000000
47604  -50.428  -46.508  -9.970 0.0000000000
47605  -52.163  -46.914  -9.763 0.0000000000
47606  -53.041  -46.859  -10.041 0.0000000000
47616  -39.637  -46.732  -10.047 0.0000000000
47617  -39.844  -46.055  -10.580 0.0000000000
47619  -49.367  -46.713  -10.586 0.0000000000
47620  -50.225  -46.266  -10.839 0.0000000000
47621  -50.987  -46.212  -10.468 0.0000000000
47622  -52.448  -46.341  -10.387 0.0000000000
47623  -53.949  -46.147  -10.950 0.0000000000
47624  -54.650  -46.653  -10.767 0.0000000000
47631  -39.591  -46.760  -10.969 0.0000000000
47632  -39.935  -46.182  -11.524 0.0000000000
47636  -49.411  -46.725  -11.484 0.0000000000
47637  -50.229  -46.295  -11.694 0.0000000000
47638  -54.710  -46.170  -11.246 0.0000000000
47639  -55.384  -46.435  -11.208 0.0000000000
47640  -56.768  -46.478  -11.648 0.0000000000
47641  -57.448  -46.612  -11.734 0.0000000000
47642  -58.235  -46.860  -11.807 0.0000000000
47654  -39.715  -46.907  -11.871 0.0000000000
47655  -40.146  -46.391  -12.423 0.0000000000
47658  -49.296  -47.208  -12.589 0.0000000000
47659  -50.417  -46.364  -12.507 0.0000000000
47660  -50.741  -46.449  -13.276 0.0000000000
47661  -57.079  -45.995  -12.270 0.0000000000
47662  -57.918  -46.230  -12.284 0.0000000000
47663  -58.690  -46.444  -12.351 0.0000000000
47675  -40.645  -46.928  -14.165 0.0000000000
47676  -40.902  -46.048  -13.865 0.0000000000
47681  -52.028  -45.978  -13.976 0.0000000000
47697  -41.565  -46.858  -15.537 0.0000000000
47698  -41.900  -46.127  -15.501 0.0000000000
47708  -42.265  -46.451  -16.168 0.0000000000
47717  -42.859  -46.252  -16.930 0.0000000000
48553  -41.229  -45.631  -8.739 0.0000000000
48554  -42.113  -45.446  -8.512 0.0000000000
48555  -43.064  -45.416  -8.435 0.0000000000
48556  -44.025  -45.548  -8.549 0.0000000000
48557  -44.811  -45.748  -8.932 0.0000000000
48568  -40.632  -45.472  -9.360 0.0000000000
48569  -41.170  -44.957  -9.119 0.0000000000
48570  -45.381  -45.982  -9.602 0.0000000000
48571  -45.824  -46.317  -10.425 0.0000000000
48576  -40.317  -45.400  -10.223 0.0000000000
48577  -46.442  -45.385  -10.460 0.0000000000
48579  -51.668  -46.042  -10.667 0.0000000000
48580  -52.301  -45.861  -10.946 0.0000000000
48581  -53.037  -45.944  -10.948 0.0000000000
48591  -40.266  -45.475  -11.166 0.0000000000
48594  -50.945  -45.944  -11.099 0.0000000000
48595  -51.659  -45.774  -11.390 0.0000000000
48596  -52.521  -45.645  -11.699 0.0000000000
48597  -53.528  -45.716  -11.610 0.0000000000
48598  -54.364  -45.812  -11.655 0.0000000000
48599  -55.154  -45.904  -11.749 0.0000000000
48600  -56.090  -46.074  -11.843 0.0000000000
48611  -40.424  -45.632  -12.092 0.0000000000
48612  -40.942  -45.049  -12.625 0.0000000000
48615  -50.937  -45.901  -11.794 0.0000000000
48616  -51.448  -45.788  -12.365 0.0000000000
48617  -52.302  -45.603  -12.572 0.0000000000
48618  -53.116  -45.547  -12.422 0.0000000000
48619  -54.749  -45.608  -12.331 0.0000000000
48620  -55.543  -45.658  -12.466 0.0000000000
48621  -57.213  -45.635  -13.097 0.0000000000
48622  -57.727  -45.838  -12.745 0.0000000000
48623  -58.407  -45.940  -12.812 0.0000000000
48624  -59.202  -46.162  -12.888 0.0000000000
48628  -40.611  -45.817  -12.998 0.0000000000
48629  -41.206  -45.234  -13.503 0.0000000000
48633  -51.692  -45.877  -13.249 0.0000000000
48634  -52.623  -45.605  -13.203 0.0000000000
48635  -53.587  -45.513  -13.243 0.0000000000
48636  -55.027  -45.473  -13.075 0.0000000000
48637  -55.773  -45.510  -13.298 0.0000000000
48638  -56.559  -45.503  -13.615 0.0000000000
48639  -58.033  -45.670  -13.339 0.0000000000
48640  -58.878  -45.781  -13.421 0.0000000000
48641  -59.799  -46.042  -13.544 0.0000000000
48646  -41.486  -45.433  -14.345 0.0000000000
48649  -52.893  -45.681  -13.859 0.0000000000
48650  -53.586  -45.683  -14.356 0.0000000000
48651  -55.215  -45.510  -14.543 0.0000000000
48652  -55.874  -45.453  -14.124 0.0000000000
48653  -56.590  -45.458  -14.522 0.0000000000
48654  -57.490  -45.497  -14.051 0.0000000000
48655  -58.526  -45.580  -14.055 0.0000000000
48661  -42.341  -45.568  -15.895 0.0000000000
48666  -55.817  -45.493  -14.959 0.0000000000
49584  -41.791  -44.794  -8.776 0.0000000000
49585  -42.619  -44.633  -8.556 0.0000000000
49586  -43.615  -44.584  -8.477 0.0000000000
49587  -44.586  -44.790  -8.597 0.0000000000
49588  -45.389  -44.893  -8.988 0.0000000000
49598  -41.502  -44.272  -9.282 0.0000000000
49599  -46.089  -45.012  -9.677 0.0000000000
49604  -40.851  -44.682  -9.847 0.0000000000
49605  -41.268  -43.898  -9.964 0.0000000000
49619  -40.646  -44.798  -10.794 0.0000000000
49620  -41.022  -44.236  -11.281 0.0000000000
49621  -47.796  -44.264  -11.610 0.0000000000
49632  -40.735  -44.903  -11.713 0.0000000000
49633  -41.158  -44.295  -12.203 0.0000000000
49635  -48.358  -44.148  -12.321 0.0000000000
49640  -41.341  -44.422  -13.157 0.0000000000
49641  -48.876  -43.986  -13.090 0.0000000000
49642  -49.255  -44.496  -13.936 0.0000000000
49657  -41.957  -44.188  -16.580 0.0000000000
50506  -42.269  -43.865  -8.844 0.0000000000
50507  -42.959  -43.159  -8.688 0.0000000000
50508  -43.784  -43.366  -8.529 0.0000000000
50509  -44.692  -43.352  -8.555 0.0000000000
50510  -45.387  -43.357  -8.729 0.0000000000
50517  -41.766  -43.436  -9.465 0.0000000000
50518  -42.309  -42.924  -9.094 0.0000000000
50519  -45.909  -43.901  -9.114 0.0000000000
50520  -46.556  -44.094  -9.793 0.0000000000
50524  -41.415  -43.135  -10.156 0.0000000000
50525  -47.044  -43.489  -10.212 0.0000000000
50526  -47.433  -43.845  -10.875 0.0000000000
50536  -41.180  -43.486  -11.650 0.0000000000
50537  -47.783  -43.393  -11.275 0.0000000000
50538  -48.203  -43.367  -11.807 0.0000000000
50546  -41.041  -42.831  -12.294 0.0000000000
50547  -48.584  -43.252  -12.465 0.0000000000
50554  -41.269  -43.622  -12.727 0.0000000000
50555  -48.895  -43.005  -13.046 0.0000000000
50556  -49.284  -43.189  -13.781 0.0000000000
50562  -41.446  -43.692  -13.754 0.0000000000
50563  -49.728  -43.860  -14.550 0.0000000000
50568  -41.492  -43.507  -14.585 0.0000000000
50569  -49.984  -43.393  -15.296 0.0000000000
50580  -41.630  -43.470  -16.227 0.0000000000
50592  -41.691  -43.435  -17.196 0.0000000000
50604  -41.869  -43.757  -18.083 0.0000000000
50605  -42.051  -43.312  -18.649 0.0000000000
50618  -42.393  -43.371  -19.377 0.0000000000
51496  -42.847  -42.372  -8.856 0.0000000000
51497  -43.565  -42.556  -8.641 0.0000000000
51498  -44.360  -42.657  -8.587 0.0000000000
51499  -45.165  -42.707  -8.687 0.0000000000
51508  -41.762  -42.483  -9.644 0.0000000000
51509  -42.295  -42.218  -9.222 0.0000000000
51510  -45.877  -42.894  -8.989 0.0000000000
51511  -46.277  -42.285  -9.496 0.0000000000
51516  -40.772  -41.779  -11.101 0.0000000000
51517  -41.212  -42.320  -10.450 0.0000000000
51518  -46.969  -42.485  -10.192 0.0000000000
51519  -47.493  -43.001  -10.752 0.0000000000
51528  -40.721  -42.073  -11.928 0.0000000000
51529  -40.997  -42.614  -11.373 0.0000000000
51535  -40.730  -42.175  -12.776 0.0000000000
51536  -48.121  -42.019  -12.119 0.0000000000
51537  -48.527  -42.462  -12.679 0.0000000000
51541  -40.784  -42.159  -13.641 0.0000000000
51542  -41.106  -42.903  -13.230 0.0000000000
51543  -48.986  -42.302  -14.201 0.0000000000
51550  -40.889  -42.098  -14.512 0.0000000000
51551  -41.190  -42.852  -14.125 0.0000000000
51552  -48.742  -41.784  -15.077 0.0000000000
51553  -49.487  -42.746  -14.715 0.0000000000
51563  -41.089  -42.038  -15.363 0.0000000000
51564  -49.506  -42.517  -15.642 0.0000000000
51576  -41.504  -42.690  -16.650 0.0000000000
51586  -41.683  -42.592  -17.351 0.0000000000
51587  -41.916  -42.145  -17.724 0.0000000000
51596  -41.881  -42.837  -18.037 0.0000000000
51606  -42.392  -42.517  -18.905 0.0000000000
51607  -43.638  -41.858  -20.320 0.0000000000
51613  -42.931  -42.619  -19.847 0.0000000000
52457  -43.443  -41.763  -8.809 0.0000000000
52458  -44.818  -42.003  -8.747 0.0000000000
52467  -41.598  -41.030  -9.802 0.0000000000
52468  -43.249  -40.841  -9.115 0.0000000000
52469  -44.286  -41.246  -8.954 0.0000000000
52470  -45.244  -41.394  -9.201 0.0000000000
52471  -46.516  -41.498  -10.162 0.0000000000
52479  -40.649  -40.855  -11.047 0.0000000000
52480  -41.085  -41.365  -10.395 0.0000000000
52481  -47.149  -41.800  -10.676 0.0000000000
52482  -47.448  -42.316  -10.854 0.0000000000
52490  -40.598  -41.414  -11.663 0.0000000000
52491  -46.993  -41.111  -10.989 0.0000000000
52492  -47.551  -41.711  -11.406 0.0000000000
52498  -40.547  -41.465  -13.132 0.0000000000
52499  -47.657  -41.265  -12.318 0.0000000000
52500  -48.209  -41.623  -13.077 0.0000000000
52509  -40.630  -41.372  -13.984 0.0000000000
52510  -47.859  -41.021  -13.976 0.0000000000
52524  -40.839  -41.313  -14.877 0.0000000000
52525  -48.142  -41.206  -14.642 0.0000000000
52537  -41.178  -41.245  -15.731 0.0000000000
52549  -41.506  -41.155  -16.517 0.0000000000
52559  -41.661  -41.836  -17.099 0.0000000000
52560  -42.184  -41.427  -17.861 0.0000000000
52568  -42.654  -41.551  -18.730 0.0000000000
52576  -43.292  -41.307  -19.529 0.0000000000
53473  -41.852  -40.123  -9.720 0.0000000000
53474  -42.679  -40.146  -9.425 0.0000000000
53475  -44.092  -40.324  -9.349 0.0000000000
53476  -44.957  -40.584  -9.485 0.0000000000
53477  -45.760  -40.910  -9.836 0.0000000000
53485  -40.808  -39.963  -10.828 0.0000000000
53486  -41.158  -40.476  -10.291 0.0000000000
53487  -45.452  -40.081  -10.185 0.0000000000
53488  -46.286  -40.445  -10.701 0.0000000000
53495  -40.573  -40.181  -11.555 0.0000000000
53496  -46.803  -40.418  -11.592 0.0000000000
53497  -47.260  -40.981  -11.729 0.0000000000
53506  -40.490  -40.308  -12.388 0.0000000000
53507  -47.154  -40.459  -12.452 0.0000000000
53522  -40.513  -40.587  -13.321 0.0000000000
53523  -47.455  -40.322  -13.942 0.0000000000
53536  -40.693  -40.559  -14.339 0.0000000000
53537  -40.966  -39.797  -14.710 0.0000000000
53538  -47.789  -40.506  -14.753 0.0000000000
53547  -41.025  -40.511  -15.248 0.0000000000
53548  -41.391  -39.685  -15.598 0.0000000000
53558  -41.877  -40.921  -17.207 0.0000000000
53559  -42.117  -40.083  -17.183 0.0000000000
53566  -42.341  -40.591  -17.740 0.0000000000
53574  -43.032  -40.761  -18.906 0.0000000000
53575  -43.317  -40.023  -19.058 0.0000000000
53582  -43.603  -40.610  -19.707 0.0000000000
54480  -42.389  -39.569  -9.655 0.0000000000
54481  -43.058  -39.468  -9.560 0.0000000000
54482  -43.859  -39.561  -9.643 0.0000000000
54483  -44.671  -39.783  -9.827 0.0000000000
54493  -41.386  -39.622  -10.278 0.0000000000
54494  -41.922  -39.341  -9.880 0.0000000000
54495  -44.359  -39.009  -10.112 0.0000000000
54496  -45.149  -39.267  -10.420 0.0000000000
54497  -45.836  -39.546  -10.890 0.0000000000
54506  -40.741  -39.574  -11.335 0.0000000000
54507  -41.081  -39.194  -10.860 0.0000000000
54508  -45.597  -38.738  -10.958 0.0000000000
54509  -46.147  -39.044  -11.533 0.0000000000
54522  -40.601  -39.605  -12.011 0.0000000000
54523  -46.623  -39.319  -12.145 0.0000000000
54524  -46.968  -39.621  -12.853 0.0000000000
54538  -40.594  -39.709  -12.881 0.0000000000
54539  -40.890  -39.053  -13.338 0.0000000000
54540  -47.330  -39.690  -13.685 0.0000000000
54550  -40.702  -39.795  -13.812 0.0000000000
54551  -41.107  -39.117  -14.226 0.0000000000
54571  -41.807  -39.206  -16.147 0.0000000000
54572  -42.192  -39.261  -16.816 0.0000000000
54581  -42.634  -39.425  -17.656 0.0000000000
54582  -43.179  -39.366  -18.496 0.0000000000
54589  -42.758  -40.151  -18.266 0.0000000000
55523  -42.569  -38.809  -9.842 0.0000000000
55524  -43.505  -38.817  -9.859 0.0000000000
55536  -41.725  -38.714  -10.326 0.0000000000
55537  -43.146  -38.038  -10.034 0.0000000000
55538  -44.069  -38.103  -10.233 0.0000000000
55539  -44.910  -38.455  -10.509 0.0000000000
55548  -41.347  -38.423  -11.086 0.0000000000
55549  -45.465  -37.894  -10.848 0.0000000000
55550  -46.135  -38.230  -11.387 0.0000000000
55551  -46.834  -37.761  -11.737 0.0000000000
55564  -40.890  -38.993  -11.587 0.0000000000
55565  -41.175  -38.293  -11.955 0.0000000000
55566  -46.655  -38.595  -12.004 0.0000000000
55567  -47.339  -38.157  -12.512 0.0000000000
55582  -40.809  -38.981  -12.435 0.0000000000
55583  -47.420  -38.865  -13.280 0.0000000000
55584  -48.168  -38.396  -13.773 0.0000000000
55595  -41.329  -38.415  -13.795 0.0000000000
55596  -47.762  -39.181  -14.105 0.0000000000
55597  -48.418  -38.656  -14.507 0.0000000000
55607  -41.594  -38.438  -14.741 0.0000000000
55608  -42.120  -38.058  -15.477 0.0000000000
55617  -41.704  -38.825  -15.549 0.0000000000
55618  -42.272  -38.475  -16.279 0.0000000000
55629  -42.698  -38.529  -17.164 0.0000000000
55630  -43.179  -38.567  -18.011 0.0000000000
56518  -42.423  -37.989  -10.268 0.0000000000
56519  -43.007  -37.342  -10.332 0.0000000000
56520  -43.599  -37.494  -10.291 0.0000000000
56521  -44.292  -37.218  -10.423 0.0000000000
56522  -45.218  -36.969  -10.575 0.0000000000
56523  -45.888  -36.522  -10.716 0.0000000000
56530  -41.709  -37.585  -11.415 0.0000000000
56531  -42.379  -37.276  -10.773 0.0000000000
56532  -46.171  -37.261  -11.069 0.0000000000
56547  -41.534  -37.602  -12.437 0.0000000000
56548  -47.499  -37.365  -12.056 0.0000000000
56549  -48.125  -37.321  -12.699 0.0000000000
56561  -41.574  -37.728  -13.370 0.0000000000
56562  -42.023  -37.299  -13.810 0.0000000000
56563  -48.506  -37.612  -13.503 0.0000000000
56564  -49.076  -37.130  -13.968 0.0000000000
56573  -41.766  -37.798  -14.202 0.0000000000
56574  -42.304  -37.248  -14.503 0.0000000000
56575  -48.785  -37.889  -14.212 0.0000000000
56576  -49.339  -37.376  -14.667 0.0000000000
56585  -42.518  -37.334  -15.264 0.0000000000
56586  -43.115  -36.738  -15.734 0.0000000000
56587  -49.590  -37.635  -15.389 0.0000000000
56588  -50.151  -37.138  -15.881 0.0000000000
56597  -42.654  -37.589  -16.029 0.0000000000
56598  -43.222  -37.150  -16.590 0.0000000000
56607  -42.809  -37.871  -16.712 0.0000000000
57499  -43.067  -36.678  -10.679 0.0000000000
57500  -44.541  -36.317  -10.561 0.0000000000
57501  -45.446  -36.052  -10.582 0.0000000000
57502  -46.188  -35.919  -10.704 0.0000000000
57503  -46.920  -35.973  -11.008 0.0000000000
57513  -42.037  -36.851  -12.032 0.0000000000
57514  -42.598  -36.558  -11.334 0.0000000000
57515  -43.194  -36.143  -11.101 0.0000000000
57516  -47.099  -36.808  -11.438 0.0000000000
57517  -48.281  -35.887  -12.018 0.0000000000
57532  -41.967  -37.049  -13.056 0.0000000000
57533  -42.475  -36.398  -12.853 0.0000000000
57534  -47.922  -36.653  -12.001 0.0000000000
57535  -48.521  -36.391  -12.616 0.0000000000
57536  -49.134  -35.916  -13.216 0.0000000000
57545  -42.515  -36.637  -13.884 0.0000000000
57546  -48.792  -36.808  -13.294 0.0000000000
57547  -49.273  -36.444  -13.792 0.0000000000
57559  -42.810  -36.657  -14.845 0.0000000000
57560  -43.348  -36.093  -15.145 0.0000000000
57561  -49.557  -36.592  -14.426 0.0000000000
57562  -50.043  -36.012  -14.913 0.0000000000
57573  -43.592  -36.072  -15.784 0.0000000000
57574  -49.852  -36.843  -15.143 0.0000000000
57575  -50.337  -36.316  -15.658 0.0000000000
57586  -43.657  -36.351  -16.429 0.0000000000
58551  -44.381  -35.602  -10.816 0.0000000000
58552  -45.105  -35.483  -10.667 0.0000000000
58553  -45.842  -35.323  -10.636 0.0000000000
58554  -46.596  -35.259  -10.782 0.0000000000
58567  -43.034  -35.886  -11.728 0.0000000000
58568  -43.675  -35.562  -11.309 0.0000000000
58569  -47.328  -35.293  -11.149 0.0000000000
58570  -48.005  -35.291  -11.595 0.0000000000
58584  -42.946  -35.795  -12.581 0.0000000000
58585  -43.512  -35.237  -12.190 0.0000000000
58586  -48.552  -35.178  -12.157 0.0000000000
58587  -49.069  -35.130  -12.798 0.0000000000
58602  -42.948  -35.917  -13.522 0.0000000000
58603  -43.398  -35.314  -13.244 0.0000000000
58604  -49.521  -35.082  -13.515 0.0000000000
58605  -49.899  -34.950  -14.125 0.0000000000
58617  -43.110  -36.047  -14.369 0.0000000000
58618  -43.554  -35.489  -14.682 0.0000000000
58619  -49.673  -35.740  -14.099 0.0000000000
58620  -50.168  -35.179  -14.710 0.0000000000
58631  -50.523  -35.391  -15.526 0.0000000000
58632  -51.015  -35.165  -16.329 0.0000000000
58643  -50.732  -35.881  -16.178 0.0000000000
59474  -44.883  -34.939  -10.924 0.0000000000
59475  -45.537  -34.750  -10.746 0.0000000000
59476  -46.228  -34.615  -10.704 0.0000000000
59477  -47.037  -34.487  -10.914 0.0000000000
59490  -44.092  -34.604  -11.978 0.0000000000
59491  -44.602  -34.529  -11.380 0.0000000000
59492  -47.744  -34.067  -11.326 0.0000000000
59507  -44.325  -34.022  -12.748 0.0000000000
59508  -48.262  -34.582  -11.714 0.0000000000
59509  -48.837  -34.445  -12.358 0.0000000000
59524  -43.847  -34.661  -12.992 0.0000000000
59525  -44.173  -34.164  -13.680 0.0000000000
59526  -49.399  -34.388  -13.062 0.0000000000
59527  -49.847  -34.339  -13.801 0.0000000000
59538  -43.764  -34.882  -14.050 0.0000000000
59539  -44.185  -34.264  -14.542 0.0000000000
59540  -50.224  -34.421  -14.479 0.0000000000
59549  -43.938  -34.893  -15.003 0.0000000000
59551  -50.517  -34.556  -15.169 0.0000000000
59552  -50.817  -34.634  -15.799 0.0000000000
60460  -46.455  -33.890  -10.819 0.0000000000
60479  -45.107  -33.342  -11.615 0.0000000000
60480  -45.870  -34.062  -10.787 0.0000000000
60481  -46.422  -33.041  -11.006 0.0000000000
60482  -47.122  -33.598  -10.995 0.0000000000
60483  -48.484  -33.706  -11.822 0.0000000000
60484  -48.943  -32.937  -12.122 0.0000000000
60496  -44.667  -33.314  -12.489 0.0000000000
60497  -49.191  -33.670  -12.578 0.0000000000
60512  -44.353  -33.668  -14.178 0.0000000000
60513  -49.741  -33.618  -13.355 0.0000000000
60514  -50.283  -33.585  -14.194 0.0000000000
60532  -50.880  -33.842  -15.608 0.0000000000
61480  -45.617  -32.710  -11.424 0.0000000000
61481  -46.198  -32.072  -11.321 0.0000000000
61482  -46.983  -32.207  -11.144 0.0000000000
61483  -47.791  -32.352  -11.347 0.0000000000
61484  -48.617  -32.237  -11.725 0.0000000000
61495  -45.499  -31.888  -11.895 0.0000000000
61496  -49.328  -32.171  -12.277 0.0000000000
61497  -50.045  -32.059  -12.995 0.0000000000
61508  -44.699  -32.627  -13.194 0.0000000000
61509  -49.567  -32.886  -12.824 0.0000000000
61510  -50.140  -32.848  -13.572 0.0000000000
61521  -44.537  -32.836  -14.293 0.0000000000
61522  -50.630  -32.706  -14.297 0.0000000000
61523  -51.148  -32.507  -14.961 0.0000000000
62515  -46.028  -31.228  -11.679 0.0000000000
62516  -46.762  -31.437  -11.347 0.0000000000
62517  -47.849  -30.908  -11.355 0.0000000000
62518  -48.215  -31.551  -11.453 0.0000000000
62519  -48.998  -31.490  -11.760 0.0000000000
62528  -45.038  -31.839  -12.823 0.0000000000
62529  -45.501  -31.044  -12.510 0.0000000000
62530  -49.714  -31.382  -12.319 0.0000000000
62531  -50.309  -31.293  -12.817 0.0000000000
62537  -45.145  -31.171  -13.376 0.0000000000
62538  -50.658  -31.572  -13.450 0.0000000000
62539  -51.532  -31.300  -14.410 0.0000000000
62550  -51.044  -31.884  -14.258 0.0000000000
62551  -51.635  -31.769  -15.080 0.0000000000
62552  -52.015  -31.025  -14.784 0.0000000000
63462  -45.969  -30.484  -12.121 0.0000000000
63463  -46.631  -30.596  -11.606 0.0000000000
63464  -47.414  -30.354  -11.437 0.0000000000
63465  -49.727  -29.896  -11.703 0.0000000000
63473  -46.354  -29.965  -12.010 0.0000000000
63474  -49.382  -30.713  -11.775 0.0000000000
63475  -50.219  -30.563  -12.318 0.0000000000
63476  -50.949  -30.073  -12.682 0.0000000000
63482  -45.491  -30.363  -13.412 0.0000000000
63483  -50.805  -30.838  -13.069 0.0000000000
63484  -51.395  -30.357  -13.394 0.0000000000
63485  -52.028  -29.914  -13.741 0.0000000000
63497  -45.125  -30.835  -14.195 0.0000000000
63498  -45.500  -30.034  -14.457 0.0000000000
63499  -52.353  -30.331  -14.437 0.0000000000
63500  -53.020  -30.035  -14.764 0.0000000000
63510  -52.631  -30.715  -15.098 0.0000000000
63511  -53.335  -30.493  -15.379 0.0000000000
64400  -46.924  -29.784  -11.674 0.0000000000
64401  -47.687  -29.610  -11.492 0.0000000000
64402  -48.455  -29.435  -11.406 0.0000000000
64403  -49.256  -29.241  -11.418 0.0000000000
64404  -50.058  -29.086  -11.621 0.0000000000
64405  -50.741  -28.953  -11.980 0.0000000000
64412  -45.970  -29.781  -12.772 0.0000000000
64413  -46.567  -29.260  -12.275 0.0000000000
64414  -50.470  -29.668  -12.090 0.0000000000
64415  -51.341  -28.843  -12.407 0.0000000000
64416  -51.872  -28.739  -12.840 0.0000000000
64423  -45.796  -29.367  -13.869 0.0000000000
64424  -46.230  -28.777  -13.209 0.0000000000
64425  -51.579  -29.489  -12.979 0.0000000000
64426  -52.350  -29.001  -13.422 0.0000000000
64427  -53.107  -28.643  -13.890 0.0000000000
64438  -45.610  -29.267  -14.825 0.0000000000
64439  -52.694  -29.539  -14.140 0.0000000000
64440  -53.404  -29.272  -14.484 0.0000000000
64441  -54.134  -28.995  -14.757 0.0000000000
64447  -53.744  -29.762  -15.062 0.0000000000
64448  -54.507  -29.472  -15.321 0.0000000000
65407  -47.222  -28.993  -11.813 0.0000000000
65408  -47.974  -28.796  -11.515 0.0000000000
65409  -48.764  -28.597  -11.380 0.0000000000
65410  -50.408  -28.440  -11.665 0.0000000000
65411  -51.032  -28.260  -11.950 0.0000000000
65419  -46.795  -28.374  -12.397 0.0000000000
65420  -51.674  -28.154  -12.438 0.0000000000
65421  -52.364  -28.138  -12.997 0.0000000000
65430  -45.811  -28.227  -13.778 0.0000000000
65431  -53.035  -27.873  -13.458 0.0000000000
65432  -53.765  -27.720  -14.027 0.0000000000
65443  -54.354  -28.136  -14.549 0.0000000000
65444  -55.273  -27.763  -15.219 0.0000000000
65449  -54.856  -28.520  -15.122 0.0000000000
66244  -47.732  -27.187  -11.717 0.0000000000
66245  -48.252  -27.942  -11.533 0.0000000000
66246  -49.008  -27.761  -11.373 0.0000000000
66247  -49.684  -27.355  -11.412 0.0000000000
66248  -50.505  -27.628  -11.595 0.0000000000
66255  -45.887  -26.954  -12.775 0.0000000000
66256  -51.348  -27.508  -12.009 0.0000000000
66257  -52.050  -27.411  -12.514 0.0000000000
66269  -46.252  -27.850  -13.046 0.0000000000
66270  -52.720  -27.253  -13.027 0.0000000000
66271  -53.415  -26.999  -13.522 0.0000000000
66280  -54.513  -27.202  -14.541 0.0000000000
66281  -55.158  -26.929  -15.145 0.0000000000
67124  -47.121  -26.661  -11.878 0.0000000000
67125  -47.672  -26.325  -11.636 0.0000000000
67126  -48.817  -26.586  -11.438 0.0000000000
67127  -49.493  -26.604  -11.414 0.0000000000
67128  -50.243  -26.732  -11.478 0.0000000000
67129  -51.020  -26.814  -11.699 0.0000000000
67139  -45.318  -25.973  -12.589 0.0000000000
67140  -46.371  -26.421  -12.178 0.0000000000
67141  -51.702  -26.749  -12.160 0.0000000000
67142  -52.379  -26.601  -12.646 0.0000000000
67151  -53.000  -26.402  -13.176 0.0000000000
67152  -53.590  -26.022  -13.753 0.0000000000
67156  -53.945  -25.677  -14.575 0.0000000000
67157  -54.544  -26.278  -14.853 0.0000000000
68021  -46.880  -25.902  -11.753 0.0000000000
68022  -47.665  -25.406  -11.546 0.0000000000
68023  -48.646  -25.294  -11.457 0.0000000000
68024  -49.507  -25.186  -11.479 0.0000000000
68025  -50.735  -26.023  -11.604 0.0000000000
68035  -45.848  -25.424  -12.110 0.0000000000
68036  -51.370  -25.175  -12.040 0.0000000000
68037  -52.645  -25.735  -12.931 0.0000000000
68044  -52.772  -24.953  -13.578 0.0000000000
68045  -53.258  -25.088  -14.308 0.0000000000
68051  -54.091  -25.491  -15.553 0.0000000000
69030  -47.317  -24.440  -11.564 0.0000000000
69031  -48.166  -24.718  -11.499 0.0000000000
69032  -48.965  -24.421  -11.540 0.0000000000
69033  -49.896  -24.378  -11.683 0.0000000000
69046  -50.729  -24.265  -12.081 0.0000000000
69047  -52.249  -24.908  -12.829 0.0000000000
69053  -51.525  -24.031  -13.099 0.0000000000
69054  -52.155  -24.284  -13.942 0.0000000000
69055  -52.593  -24.508  -14.467 0.0000000000
69059  -51.669  -23.771  -14.349 0.0000000000
70068  -49.403  -23.661  -11.855 0.0000000000
70069  -50.158  -23.785  -12.108 0.0000000000
70079  -50.645  -23.579  -12.858 0.0000000000
70080  -51.161  -23.446  -13.947 0.0000000000
71106  -57.928  -21.644  -16.656 0.0000000000
72021  -54.799  -21.130  -14.769 0.0000000000
72026  -55.911  -21.629  -15.266 0.0000000000
72027  -56.512  -21.116  -15.340 0.0000000000
72032  -57.286  -21.270  -15.953 0.0000000000
72973  -54.081  -20.726  -14.587 0.0000000000
72974  -55.042  -20.476  -14.507 0.0000000000
72975  -55.773  -20.315  -14.567 0.0000000000
72979  -55.663  -21.003  -14.876 0.0000000000
72980  -56.410  -20.435  -14.939 0.0000000000
72981  -57.119  -20.508  -15.493 0.0000000000
72984  -57.750  -20.555  -16.058 0.0000000000
72985  -58.312  -20.741  -16.651 0.0000000000
72987  -59.047  -20.572  -17.357 0.0000000000
73922  -53.180  -19.239  -14.033 0.0000000000
73927  -53.605  -19.924  -14.269 0.0000000000
73928  -54.493  -19.856  -14.245 0.0000000000
73929  -55.403  -19.791  -14.236 0.0000000000
73930  -56.238  -19.764  -14.532 0.0000000000
73933  -56.970  -19.786  -15.083 0.0000000000
73934  -57.645  -19.850  -15.682 0.0000000000
73935  -58.155  -19.200  -15.947 0.0000000000
73939  -58.227  -19.966  -16.257 0.0000000000
73940  -58.645  -19.391  -16.554 0.0000000000
74864  -51.817  -18.119  -13.612 0.0000000000
74865  -52.834  -18.635  -13.840 0.0000000000
74866  -53.481  -18.592  -13.826 0.0000000000
74867  -54.200  -18.485  -13.707 0.0000000000
74868  -55.003  -18.284  -13.555 0.0000000000
74871  -53.967  -19.171  -14.032 0.0000000000
74872  -54.930  -19.086  -13.829 0.0000000000
74873  -56.742  -19.026  -14.650 0.0000000000
74874  -57.256  -18.093  -14.871 0.0000000000
74877  -57.490  -19.047  -15.318 0.0000000000
74878  -58.023  -18.322  -15.704 0.0000000000
75802  -52.264  -17.443  -13.627 0.0000000000
75803  -52.731  -16.918  -13.545 0.0000000000
75804  -53.622  -17.965  -13.620 0.0000000000
75805  -54.385  -17.806  -13.455 0.0000000000
75806  -55.163  -17.663  -13.436 0.0000000000
75808  -55.773  -17.910  -13.736 0.0000000000
75809  -56.553  -17.502  -14.239 0.0000000000
75810  -57.291  -17.043  -14.833 0.0000000000
75814  -57.887  -17.377  -15.531 0.0000000000
76723  -52.372  -16.192  -13.496 0.0000000000
76724  -53.680  -17.222  -13.358 0.0000000000
76725  -54.776  -17.163  -13.222 0.0000000000
76726  -55.819  -17.071  -13.612 0.0000000000
76727  -56.176  -16.135  -13.754 0.0000000000
76731  -56.683  -16.622  -14.274 0.0000000000
76732  -57.298  -16.200  -14.859 0.0000000000
76736  -57.784  -16.488  -15.447 0.0000000000
77598  -51.526  -15.138  -13.479 0.0000000000
77599  -52.773  -15.683  -13.217 0.0000000000
77600  -53.731  -15.807  -12.789 0.0000000000
77601  -54.742  -15.736  -12.816 0.0000000000
77605  -56.440  -15.290  -14.044 0.0000000000
77606  -56.823  -15.819  -14.426 0.0000000000
77607  -57.675  -15.710  -15.427 0.0000000000
78542  -52.700  -14.321  -12.807 0.0000000000
78543  -53.549  -14.282  -12.582 0.0000000000
78550  -51.522  -14.429  -13.419 0.0000000000
78551  -53.187  -15.059  -12.780 0.0000000000
78552  -54.162  -15.006  -12.606 0.0000000000
78553  -55.148  -14.802  -12.907 0.0000000000
78557  -56.011  -14.593  -13.678 0.0000000000
78558  -56.690  -14.486  -14.496 0.0000000000
79395  -52.250  -13.688  -12.955 0.0000000000
79396  -53.010  -13.565  -12.590 0.0000000000
79397  -53.784  -13.524  -12.561 0.0000000000
79406  -50.970  -13.831  -13.499 0.0000000000
79407  -51.616  -13.772  -13.322 0.0000000000
79408  -55.403  -13.658  -13.266 0.0000000000
79412  -56.330  -13.683  -14.236 0.0000000000
80276  -52.508  -12.264  -12.744 0.0000000000
80277  -53.403  -12.623  -12.614 0.0000000000
80285  -50.858  -12.457  -13.500 0.0000000000
80286  -51.715  -12.494  -13.099 0.0000000000
80287  -54.306  -12.323  -12.877 0.0000000000
80288  -55.066  -12.563  -13.276 0.0000000000
80291  -55.880  -12.750  -14.014 0.0000000000
81174  -52.048  -11.644  -12.909 0.0000000000
81175  -52.933  -11.644  -12.727 0.0000000000
81182  -49.879  -11.469  -13.745 0.0000000000
81183  -50.512  -11.811  -13.596 0.0000000000
81184  -51.215  -11.726  -13.351 0.0000000000
81185  -53.829  -11.667  -12.884 0.0000000000
81186  -54.672  -11.717  -13.298 0.0000000000
81187  -55.445  -11.850  -13.852 0.0000000000
81189  -56.130  -11.936  -14.803 0.0000000000
82045  -52.484  -10.875  -12.944 0.0000000000
82053  -49.778  -10.593  -13.877 0.0000000000
82054  -50.652  -10.968  -13.585 0.0000000000
82055  -53.369  -10.885  -13.011 0.0000000000
82056  -55.048  -11.046  -13.782 0.0000000000
82063  -54.620  -10.256  -13.841 0.0000000000
82064  -55.382  -10.455  -14.524 0.0000000000
82943  -51.712  -9.409  -13.308 0.0000000000
82944  -52.513  -9.359  -13.285 0.0000000000
82945  -53.356  -9.328  -13.472 0.0000000000
82946  -54.226  -9.337  -13.942 0.0000000000
82954  -49.577  -8.896  -14.128 0.0000000000
82955  -54.889  -9.721  -14.391 0.0000000000
82956  -55.413  -9.683  -15.037 0.0000000000
83840  -50.870  -8.519  -13.570 0.0000000000
83841  -52.076  -8.673  -13.400 0.0000000000
83842  -52.877  -8.552  -13.560 0.0000000000
83843  -53.653  -8.568  -13.911 0.0000000000
83851  -50.115  -8.131  -13.907 0.0000000000
83852  -53.914  -8.065  -14.351 0.0000000000
83853  -54.830  -8.953  -14.760 0.0000000000
84724  -51.548  -8.119  -13.536 0.0000000000
84725  -52.322  -7.871  -13.681 0.0000000000
84726  -53.236  -7.730  -14.088 0.0000000000
84734  -50.279  -7.166  -13.994 0.0000000000
84735  -51.674  -7.312  -13.773 0.0000000000
84736  -52.489  -7.054  -14.084 0.0000000000
84737  -53.959  -7.472  -14.687 0.0000000000
84740  -54.611  -7.469  -15.430 0.0000000000
85640  -49.630  -6.567  -14.306 0.0000000000
85641  -51.023  -6.833  -13.909 0.0000000000
85642  -51.771  -6.537  -14.124 0.0000000000
85643  -52.559  -6.279  -14.465 0.0000000000
85644  -53.331  -6.795  -14.603 0.0000000000
85645  -54.025  -6.904  -15.097 0.0000000000
85647  -53.717  -6.301  -15.252 0.0000000000
86610  -51.064  -6.064  -14.225 0.0000000000
86611  -51.869  -5.765  -14.459 0.0000000000
86612  -52.637  -5.578  -14.828 0.0000000000
86613  -53.151  -6.067  -14.845 0.0000000000
86616  -52.759  -5.012  -15.235 0.0000000000
86617  -53.351  -5.548  -15.388 0.0000000000
86618  -54.075  -5.905  -15.937 0.0000000000
87558  -50.513  -4.651  -14.513 0.0000000000
87559  -51.219  -4.532  -14.658 0.0000000000
87560  -52.006  -4.892  -14.789 0.0000000000
124424  -41.348  -68.430  -17.335 0.0000000000
124699  -44.257  -35.058  -11.295 0.0000000000
124748  -44.192  -66.479  -18.179 0.0000000000
124836  -49.920  -25.942  -11.444 0.0000000000
125062  -47.579  -40.787  -13.181 0.0000000000
125285  -38.277  -74.856  -23.277 0.0000000000
125326  -47.216  -40.170  -13.266 0.0000000000
125423  -47.146  -64.004  -16.507 0.0000000000
125428  -51.154  -5.241  -14.469 0.0000000000
125458  -37.439  -68.055  -21.405 0.0000000000
125597  -58.243  -45.503  -14.846 0.0000000000
125619  -37.187  -68.021  -19.861 0.0000000000
125704  -37.736  -64.057  -13.618 0.0000000000
125785  -49.116  -27.096  -11.408 0.0000000000
125909  -52.075  -10.122  -13.131 0.0000000000
125960  -57.320  -45.468  -15.065 0.0000000000
126090  -51.931  -16.729  -13.582 0.0000000000
126121  -49.130  -25.943  -11.407 0.0000000000
126201  -48.475  -41.689  -14.058 0.0000000000
126269  -48.529  -27.201  -11.494 0.0000000000
126327  -59.354  -45.720  -14.048 0.0000000000
126474  -47.639  -35.999  -11.494 0.0000000000
126486  -48.233  -63.500  -17.404 0.0000000000
126501  -41.404  -40.487  -16.062 0.0000000000
126620  -48.105  -41.030  -15.255 0.0000000000
126712  -37.214  -69.351  -17.772 0.0000000000
126789  -47.489  -28.111  -11.866 0.0000000000
126844  -42.763  -58.943  -9.398 0.0000000000
126987  -41.365  -42.750  -15.805 0.0000000000
127088  -40.334  -47.849  -8.446 0.0000000000
127118  -48.366  -26.042  -11.482 0.0000000000
127130  -58.682  -20.063  -16.764 0.0000000000
127191  -36.963  -69.511  -24.059 0.0000000000
127243  -53.346  -25.025  -15.376 0.0000000000
127274  -43.765  -35.521  -15.443 0.0000000000
127373  -38.431  -64.034  -18.033 0.0000000000
127656  -52.938  -10.105  -13.122 0.0000000000
127676  -55.182  -48.651  -10.473 0.0000000000
127722  -52.550  -18.068  -13.711 0.0000000000
127726  -47.665  -64.107  -17.335 0.0000000000
127849  -59.365  -46.624  -12.484 0.0000000000
127929  -41.150  -49.923  -7.421 0.0000000000
127960  -45.645  -28.655  -14.340 0.0000000000
128212  -43.677  -36.850  -10.479 0.0000000000
128402  -56.996  -46.979  -11.327 0.0000000000
128430  -49.702  -49.596  -8.406 0.0000000000
128460  -50.427  -10.000  -13.733 0.0000000000
128544  -41.937  -44.178  -15.755 0.0000000000
128548  -55.269  -47.957  -10.486 0.0000000000
128587  -41.987  -41.661  -9.481 0.0000000000
128743  -43.526  -46.310  -8.492 0.0000000000
128822  -39.376  -48.295  -10.144 0.0000000000
128848  -39.568  -49.798  -9.188 0.0000000000
128967  -44.286  -55.797  -8.381 0.0000000000
129096  -53.805  -10.134  -13.402 0.0000000000
129318  -40.492  -40.862  -11.934 0.0000000000
129591  -37.335  -66.159  -16.292 0.0000000000
129663  -40.993  -72.581  -25.385 0.0000000000
129709  -52.222  -18.627  -13.745 0.0000000000
129721  -43.121  -43.909  -8.545 0.0000000000
129779  -40.210  -50.627  -8.151 0.0000000000
130008  -42.308  -40.890  -9.396 0.0000000000
130010  -55.897  -19.115  -14.131 0.0000000000
130243  -39.286  -58.852  -10.922 0.0000000000
130286  -54.453  -45.482  -13.748 0.0000000000
130332  -48.720  -35.704  -12.564 0.0000000000
130395  -48.344  -32.905  -11.640 0.0000000000
130527  -41.593  -44.561  -14.098 0.0000000000
130600  -41.428  -54.680  -13.756 0.0000000000
130665  -40.451  -49.865  -7.842 0.0000000000
130966  -43.368  -35.522  -14.002 0.0000000000
131053  -46.881  -50.992  -7.176 0.0000000000
131075  -46.451  -62.290  -14.741 0.0000000000
131161  -48.925  -30.061  -11.447 0.0000000000
131188  -42.752  -56.939  -8.244 0.0000000000
131280  -51.196  -52.528  -11.510 0.0000000000
131317  -40.714  -73.239  -23.672 0.0000000000
131533  -48.299  -47.388  -10.993 0.0000000000
131628  -53.223  -16.413  -13.267 0.0000000000
131638  -44.616  -33.957  -11.837 0.0000000000
131682  -40.250  -54.991  -10.397 0.0000000000
131712  -38.273  -63.821  -17.346 0.0000000000
131755  -48.757  -42.343  -13.462 0.0000000000
131788  -44.854  -46.878  -9.544 0.0000000000
131962  -55.212  -45.466  -13.833 0.0000000000
132206  -49.989  -12.349  -13.643 0.0000000000
132292  -46.532  -24.914  -11.720 0.0000000000
132369  -46.135  -49.995  -7.256 0.0000000000
132416  -41.244  -64.468  -13.212 0.0000000000
132641  -42.572  -70.181  -22.837 0.0000000000
132876  -48.116  -23.930  -11.571 0.0000000000
132962  -41.731  -39.858  -16.439 0.0000000000
133014  -41.337  -41.965  -16.204 0.0000000000
133072  -42.213  -42.085  -18.240 0.0000000000
133087  -38.854  -61.950  -11.680 0.0000000000
133124  -48.109  -61.028  -15.576 0.0000000000
133136  -55.281  -16.397  -13.199 0.0000000000
133145  -57.019  -15.102  -14.715 0.0000000000
133190  -41.161  -38.332  -12.888 0.0000000000
133250  -56.237  -46.863  -11.124 0.0000000000
133279  -43.168  -62.457  -12.647 0.0000000000
133387  -36.348  -72.432  -21.955 0.0000000000
133546  -54.449  -8.113  -14.805 0.0000000000
133648  -54.251  -16.535  -12.944 0.0000000000
133680  -38.488  -61.737  -12.197 0.0000000000
133903  -53.745  -28.562  -14.328 0.0000000000
133925  -40.795  -71.354  -19.611 0.0000000000
133945  -48.164  -51.216  -7.760 0.0000000000
134211  -49.666  -28.303  -11.437 0.0000000000
134476  -40.363  -46.647  -13.294 0.0000000000
134585  -49.679  -58.874  -17.377 0.0000000000
134587  -44.256  -44.004  -8.492 0.0000000000
134607  -39.643  -50.856  -10.713 0.0000000000
134684  -45.711  -33.472  -11.055 0.0000000000
134754  -39.293  -63.548  -19.271 0.0000000000
134869  -41.774  -44.217  -14.894 0.0000000000
134887  -55.604  -11.257  -14.385 0.0000000000
134945  -37.372  -65.650  -15.597 0.0000000000
135112  -43.319  -37.653  -17.448 0.0000000000
135186  -46.020  -59.956  -13.240 0.0000000000
135217  -41.256  -42.787  -14.973 0.0000000000
135226  -40.368  -56.959  -13.452 0.0000000000
135266  -40.510  -52.959  -11.719 0.0000000000
135435  -52.242  -14.923  -13.282 0.0000000000
135460  -50.644  -36.593  -16.405 0.0000000000
135475  -53.123  -25.619  -13.476 0.0000000000
135709  -36.576  -75.554  -24.534 0.0000000000
135727  -48.582  -57.996  -15.440 0.0000000000
135735  -41.192  -43.669  -10.736 0.0000000000
135762  -54.449  -13.121  -12.757 0.0000000000
135847  -39.216  -59.073  -13.081 0.0000000000
135855  -43.746  -36.695  -17.220 0.0000000000
135960  -53.315  -52.214  -12.642 0.0000000000
135992  -54.462  -14.077  -12.644 0.0000000000
136127  -39.345  -48.657  -11.041 0.0000000000
136157  -54.246  -10.935  -13.318 0.0000000000
136173  -51.609  -10.904  -13.182 0.0000000000
136367  -50.143  -5.606  -14.374 0.0000000000
136407  -49.537  -7.462  -14.248 0.0000000000
136445  -51.389  -26.163  -11.910 0.0000000000
136490  -41.564  -62.893  -12.045 0.0000000000
136503  -52.004  -25.903  -12.352 0.0000000000
136645  -48.150  -30.206  -11.388 0.0000000000
136897  -39.529  -57.400  -11.623 0.0000000000
136964  -52.439  -12.968  -12.756 0.0000000000
137047  -37.272  -67.329  -18.088 0.0000000000
137567  -48.579  -30.819  -11.491 0.0000000000
137578  -42.812  -68.427  -20.319 0.0000000000
137724  -45.095  -44.044  -8.633 0.0000000000
137747  -46.508  -43.159  -9.545 0.0000000000
137754  -46.395  -39.763  -11.507 0.0000000000
137759  -37.703  -63.451  -13.749 0.0000000000
137769  -39.349  -47.988  -10.923 0.0000000000
137839  -50.528  -33.920  -14.887 0.0000000000
137904  -51.235  -13.158  -13.398 0.0000000000
137905  -42.598  -70.443  -24.383 0.0000000000
137970  -48.421  -60.270  -15.725 0.0000000000
137999  -41.203  -53.811  -7.501 0.0000000000
138050  -43.026  -46.927  -17.334 0.0000000000
138175  -47.790  -33.255  -11.349 0.0000000000
138205  -51.211  -47.023  -9.517 0.0000000000
138353  -51.337  -53.502  -13.677 0.0000000000
138425  -54.873  -27.705  -14.875 0.0000000000
138479  -55.661  -15.521  -13.362 0.0000000000
138508  -50.273  -9.104  -13.800 0.0000000000
138623  -42.451  -53.235  -6.655 0.0000000000
138751  -49.707  -48.798  -8.461 0.0000000000
138757  -40.556  -41.495  -12.358 0.0000000000
138956  -42.069  -49.968  -7.069 0.0000000000
138983  -36.706  -69.896  -20.111 0.0000000000
139008  -40.346  -54.557  -9.582 0.0000000000
139070  -43.121  -47.010  -8.321 0.0000000000
139176  -37.397  -66.586  -17.731 0.0000000000
139278  -39.340  -58.019  -12.007 0.0000000000
139312  -39.371  -58.123  -11.241 0.0000000000
139389  -43.985  -48.322  -8.389 0.0000000000
139429  -56.383  -45.674  -12.732 0.0000000000
139438  -37.714  -65.382  -14.200 0.0000000000
139713  -44.775  -37.711  -10.516 0.0000000000
139769  -50.916  -7.652  -13.685 0.0000000000
139934  -57.553  -49.323  -11.363 0.0000000000
139944  -42.188  -50.724  -6.791 0.0000000000
139999  -45.588  -42.133  -9.019 0.0000000000
140144  -50.372  -25.158  -11.608 0.0000000000
140201  -48.958  -60.305  -16.409 0.0000000000
140210  -51.827  -13.222  -13.123 0.0000000000
140303  -51.237  -10.130  -13.393 0.0000000000
140357  -42.833  -52.515  -6.477 0.0000000000
140493  -44.458  -33.445  -13.436 0.0000000000
140520  -41.570  -43.485  -15.380 0.0000000000
140679  -42.379  -49.145  -7.405 0.0000000000
140703  -42.882  -57.555  -8.572 0.0000000000
140825  -51.498  -46.463  -10.070 0.0000000000
140858  -56.872  -48.991  -11.033 0.0000000000
140864  -42.511  -70.659  -25.861 0.0000000000
140922  -53.965  -45.557  -12.336 0.0000000000
141113  -44.497  -49.145  -7.851 0.0000000000
141224  -47.288  -49.406  -7.705 0.0000000000
141237  -41.293  -72.160  -22.222 0.0000000000
141263  -36.567  -70.675  -21.275 0.0000000000
141275  -45.026  -32.596  -12.197 0.0000000000
141422  -37.520  -67.975  -16.057 0.0000000000
141668  -42.667  -41.623  -9.109 0.0000000000
141698  -42.204  -46.974  -8.209 0.0000000000
141773  -51.216  -31.120  -13.775 0.0000000000
141882  -41.218  -43.050  -10.872 0.0000000000
142019  -44.951  -31.225  -14.951 0.0000000000
142098  -51.743  -30.670  -14.108 0.0000000000
142105  -42.235  -47.852  -16.730 0.0000000000
142159  -45.905  -41.627  -9.508 0.0000000000
142162  -46.735  -39.926  -12.154 0.0000000000
142422  -37.201  -68.719  -21.303 0.0000000000
142513  -40.406  -56.911  -9.213 0.0000000000
142543  -47.705  -63.603  -16.716 0.0000000000
142601  -49.736  -52.613  -10.328 0.0000000000
142734  -53.280  -46.407  -10.528 0.0000000000
142742  -43.744  -36.175  -10.737 0.0000000000
142887  -52.076  -15.553  -13.485 0.0000000000
142989  -37.326  -69.163  -23.312 0.0000000000
142995  -40.389  -69.756  -17.472 0.0000000000
143026  -39.216  -60.179  -10.876 0.0000000000
143077  -46.858  -27.367  -12.252 0.0000000000
143123  -41.855  -37.947  -10.684 0.0000000000
143184  -54.026  -26.632  -14.148 0.0000000000
143192  -54.514  -45.596  -14.606 0.0000000000
143233  -38.448  -62.856  -16.454 0.0000000000
143245  -50.512  -32.218  -13.722 0.0000000000
143277  -39.042  -73.644  -21.384 0.0000000000
143333  -44.104  -42.026  -8.658 0.0000000000
143337  -47.186  -60.714  -14.596 0.0000000000
143343  -48.224  -26.669  -11.539 0.0000000000
143387  -37.442  -67.285  -20.013 0.0000000000
143415  -50.983  -9.334  -13.490 0.0000000000
143439  -44.988  -55.193  -8.617 0.0000000000
143674  -51.965  -52.528  -12.207 0.0000000000
143725  -48.328  -42.707  -12.065 0.0000000000
143738  -41.057  -54.598  -7.785 0.0000000000
143785  -36.874  -71.623  -20.313 0.0000000000
143832  -42.097  -70.399  -21.144 0.0000000000
143847  -39.804  -50.386  -12.317 0.0000000000
144069  -54.366  -45.484  -12.918 0.0000000000
144166  -47.007  -54.476  -10.712 0.0000000000
144245  -46.911  -38.910  -12.628 0.0000000000
144314  -47.682  -34.745  -11.321 0.0000000000
144359  -42.226  -59.403  -9.440 0.0000000000
144378  -56.332  -18.352  -14.210 0.0000000000
144390  -38.830  -60.171  -13.559 0.0000000000
144491  -39.918  -56.178  -10.921 0.0000000000
144495  -47.887  -42.609  -11.440 0.0000000000
144535  -39.086  -74.595  -23.343 0.0000000000
144545  -40.126  -52.453  -10.586 0.0000000000
144585  -37.312  -66.609  -16.888 0.0000000000
144594  -40.990  -44.250  -10.520 0.0000000000
144601  -40.404  -55.078  -9.219 0.0000000000
144619  -36.294  -71.282  -22.390 0.0000000000
144767  -50.046  -53.266  -11.853 0.0000000000
144788  -49.394  -61.799  -18.184 0.0000000000
144894  -47.475  -31.559  -11.314 0.0000000000
144906  -41.858  -45.522  -15.114 0.0000000000
145057  -44.313  -50.930  -6.685 0.0000000000
145068  -41.710  -40.496  -16.695 0.0000000000
145123  -47.012  -55.029  -11.699 0.0000000000
145311  -41.345  -46.311  -14.777 0.0000000000
145374  -47.443  -48.802  -8.105 0.0000000000
145383  -42.586  -40.892  -18.296 0.0000000000
145460  -40.197  -49.829  -13.729 0.0000000000
145575  -54.223  -8.581  -14.329 0.0000000000
146143  -45.177  -34.133  -11.109 0.0000000000
146146  -42.579  -36.266  -12.070 0.0000000000
146182  -44.693  -32.026  -14.894 0.0000000000
146214  -50.432  -6.442  -14.168 0.0000000000
146237  -51.034  -29.413  -12.411 0.0000000000
146281  -39.427  -49.731  -9.896 0.0000000000
146291  -49.557  -46.802  -9.802 0.0000000000
146345  -37.852  -66.606  -14.699 0.0000000000
146503  -44.399  -57.649  -9.965 0.0000000000
146619  -57.294  -15.554  -14.938 0.0000000000
146836  -45.918  -28.758  -13.833 0.0000000000
146882  -44.792  -31.782  -13.954 0.0000000000
146945  -42.583  -45.910  -16.407 0.0000000000
147167  -46.102  -33.606  -10.861 0.0000000000
147223  -40.463  -40.944  -12.635 0.0000000000
147340  -41.504  -41.758  -9.918 0.0000000000
147520  -47.237  -30.971  -11.364 0.0000000000
147545  -52.709  -28.419  -13.448 0.0000000000
147553  -38.717  -70.926  -17.782 0.0000000000
147673  -42.154  -37.049  -11.357 0.0000000000
147758  -41.629  -43.991  -14.333 0.0000000000
147767  -45.935  -64.204  -15.808 0.0000000000
147790  -43.866  -35.104  -11.682 0.0000000000
147873  -48.794  -23.823  -11.648 0.0000000000
147940  -57.827  -21.034  -16.329 0.0000000000
148027  -46.533  -44.691  -10.072 0.0000000000
148222  -46.730  -58.993  -13.520 0.0000000000
148243  -43.684  -43.956  -8.488 0.0000000000
148246  -42.463  -40.063  -17.695 0.0000000000
148333  -45.694  -30.403  -12.689 0.0000000000
148342  -51.157  -51.891  -10.531 0.0000000000
148439  -50.518  -52.819  -11.430 0.0000000000
148482  -42.949  -41.946  -19.453 0.0000000000
148555  -40.328  -52.883  -11.067 0.0000000000
148585  -37.684  -65.026  -17.195 0.0000000000
148622  -53.736  -52.408  -13.316 0.0000000000
148687  -40.493  -53.569  -8.505 0.0000000000
148769  -46.459  -36.498  -10.955 0.0000000000
148873  -55.592  -18.558  -13.822 0.0000000000
148884  -38.370  -75.261  -24.525 0.0000000000
149137  -45.334  -58.156  -11.583 0.0000000000
149196  -39.540  -58.869  -10.445 0.0000000000
149229  -42.053  -37.761  -14.867 0.0000000000
149268  -47.207  -32.884  -11.115 0.0000000000
149378  -38.240  -61.815  -12.799 0.0000000000
149458  -40.362  -73.143  -26.401 0.0000000000
149495  -41.324  -39.169  -14.965 0.0000000000
149572  -47.930  -38.078  -13.150 0.0000000000
149648  -53.096  -18.145  -13.745 0.0000000000
149705  -37.424  -68.905  -22.783 0.0000000000
149738  -43.464  -55.808  -7.801 0.0000000000
149761  -39.452  -74.001  -26.519 0.0000000000
149791  -46.345  -51.239  -7.048 0.0000000000
149993  -54.827  -52.479  -14.336 0.0000000000
150013  -51.433  -8.815  -13.425 0.0000000000
150027  -54.856  -45.491  -14.199 0.0000000000
150082  -43.386  -40.061  -9.388 0.0000000000
150248  -52.044  -14.233  -13.243 0.0000000000
150294  -37.439  -66.380  -15.594 0.0000000000
150339  -40.276  -72.224  -20.205 0.0000000000
150383  -52.986  -17.599  -13.654 0.0000000000
150439  -51.626  -52.499  -11.850 0.0000000000
