#!ascii label , from subject sub-08 vox2ras=TkReg lh ROI=PON coords=white drawn-with=delineation-helper-0.1.0
501
16959  -40.514  -77.425  -26.670 0.0000000000
16960  -41.157  -76.893  -26.517 0.0000000000
16976  -39.890  -77.110  -27.288 0.0000000000
17974  -41.737  -76.252  -26.374 0.0000000000
17982  -38.265  -76.372  -28.110 0.0000000000
17983  -39.745  -76.153  -27.766 0.0000000000
17984  -40.550  -76.568  -27.198 0.0000000000
17985  -41.199  -76.005  -27.079 0.0000000000
17990  -37.942  -75.747  -28.252 0.0000000000
17991  -38.794  -75.653  -28.230 0.0000000000
18895  -36.222  -75.324  -24.090 0.0000000000
18902  -35.187  -75.310  -25.087 0.0000000000
18903  -36.001  -75.613  -24.966 0.0000000000
18904  -36.895  -75.737  -25.117 0.0000000000
18905  -37.887  -75.556  -25.032 0.0000000000
18906  -38.734  -75.038  -25.178 0.0000000000
18921  -34.483  -74.964  -25.718 0.0000000000
18922  -35.476  -75.497  -26.004 0.0000000000
18923  -36.350  -75.687  -26.000 0.0000000000
18924  -37.334  -75.506  -26.352 0.0000000000
18925  -38.229  -75.122  -26.251 0.0000000000
18935  -34.839  -75.176  -26.841 0.0000000000
18936  -35.653  -75.448  -27.133 0.0000000000
18937  -36.520  -75.481  -27.097 0.0000000000
18938  -37.405  -75.258  -27.559 0.0000000000
18939  -37.894  -74.998  -27.224 0.0000000000
18940  -41.752  -75.441  -26.902 0.0000000000
18941  -42.260  -75.609  -26.282 0.0000000000
18946  -34.363  -75.148  -27.615 0.0000000000
18947  -35.689  -75.582  -27.808 0.0000000000
18948  -36.720  -75.529  -27.838 0.0000000000
18949  -37.567  -75.210  -27.998 0.0000000000
18950  -38.183  -74.814  -27.898 0.0000000000
18951  -39.591  -75.180  -28.197 0.0000000000
18952  -40.200  -74.617  -28.121 0.0000000000
18953  -41.069  -75.047  -27.576 0.0000000000
18955  -36.143  -75.742  -28.031 0.0000000000
18956  -37.206  -75.613  -28.095 0.0000000000
18957  -38.200  -75.074  -28.150 0.0000000000
18958  -38.940  -74.853  -28.296 0.0000000000
18959  -39.425  -74.435  -28.212 0.0000000000
19912  -34.993  -74.429  -23.897 0.0000000000
19913  -35.741  -74.670  -23.607 0.0000000000
19924  -33.947  -74.355  -24.894 0.0000000000
19925  -34.701  -74.778  -24.635 0.0000000000
19926  -35.443  -75.107  -24.330 0.0000000000
19927  -39.252  -74.678  -24.674 0.0000000000
19939  -33.580  -74.338  -25.942 0.0000000000
19940  -38.891  -74.527  -26.385 0.0000000000
19941  -39.375  -74.412  -25.529 0.0000000000
19942  -42.779  -74.882  -26.219 0.0000000000
19949  -33.276  -74.336  -27.128 0.0000000000
19950  -34.052  -74.748  -26.873 0.0000000000
19951  -38.491  -74.572  -27.307 0.0000000000
19952  -39.240  -74.050  -27.453 0.0000000000
19953  -41.717  -74.587  -27.355 0.0000000000
19954  -42.398  -74.297  -26.987 0.0000000000
19955  -43.061  -73.985  -26.530 0.0000000000
19960  -33.654  -74.798  -27.558 0.0000000000
19961  -38.815  -74.365  -27.886 0.0000000000
19962  -39.310  -74.083  -28.045 0.0000000000
19963  -39.954  -73.957  -28.166 0.0000000000
19964  -40.833  -73.968  -27.969 0.0000000000
19965  -41.705  -73.643  -27.575 0.0000000000
19966  -38.796  -74.492  -28.138 0.0000000000
20914  -34.613  -73.690  -23.748 0.0000000000
20915  -35.328  -73.914  -23.343 0.0000000000
20927  -33.301  -73.678  -25.111 0.0000000000
20928  -33.922  -73.633  -24.317 0.0000000000
20929  -39.851  -74.144  -24.721 0.0000000000
20940  -32.310  -73.146  -26.508 0.0000000000
20941  -32.845  -73.716  -26.246 0.0000000000
20942  -39.913  -73.728  -25.935 0.0000000000
20943  -40.486  -73.285  -25.307 0.0000000000
20947  -31.867  -73.014  -27.022 0.0000000000
20949  -39.935  -73.417  -27.103 0.0000000000
20950  -42.508  -73.416  -27.185 0.0000000000
20951  -43.215  -73.116  -26.735 0.0000000000
20955  -39.860  -73.672  -27.832 0.0000000000
20956  -40.476  -73.232  -27.589 0.0000000000
20957  -41.048  -73.100  -27.827 0.0000000000
20958  -41.858  -72.805  -27.554 0.0000000000
20959  -42.595  -72.562  -27.252 0.0000000000
21852  -34.253  -72.865  -23.825 0.0000000000
21853  -35.021  -73.079  -23.313 0.0000000000
21863  -32.697  -72.842  -25.432 0.0000000000
21864  -33.451  -72.829  -24.521 0.0000000000
21872  -32.183  -72.380  -26.249 0.0000000000
21873  -40.796  -72.582  -26.304 0.0000000000
21874  -41.350  -72.026  -26.059 0.0000000000
21880  -40.590  -72.793  -27.125 0.0000000000
21881  -41.187  -72.200  -27.038 0.0000000000
21882  -43.298  -72.227  -26.931 0.0000000000
21885  -40.930  -72.709  -27.484 0.0000000000
21886  -41.436  -72.429  -27.465 0.0000000000
22726  -31.021  -70.844  -16.517 0.0000000000
22727  -31.632  -70.689  -17.073 0.0000000000
22741  -31.706  -71.153  -17.849 0.0000000000
22749  -31.598  -71.370  -18.812 0.0000000000
22772  -31.082  -71.287  -21.101 0.0000000000
22789  -34.898  -72.168  -23.525 0.0000000000
22790  -35.608  -71.609  -23.285 0.0000000000
22800  -33.079  -71.934  -24.879 0.0000000000
22801  -34.087  -71.792  -24.239 0.0000000000
22802  -35.131  -71.211  -23.979 0.0000000000
22809  -32.206  -71.510  -26.069 0.0000000000
22810  -32.791  -71.154  -25.473 0.0000000000
22817  -31.606  -72.110  -26.647 0.0000000000
22818  -41.792  -71.573  -26.741 0.0000000000
22819  -42.357  -71.459  -27.087 0.0000000000
22823  -41.734  -71.912  -27.202 0.0000000000
22824  -42.084  -72.111  -27.417 0.0000000000
23717  -29.980  -70.354  -15.712 0.0000000000
23727  -30.703  -70.202  -16.048 0.0000000000
23728  -31.413  -70.071  -16.501 0.0000000000
23743  -32.129  -70.390  -17.672 0.0000000000
23744  -32.397  -69.699  -17.581 0.0000000000
23757  -32.100  -70.676  -18.523 0.0000000000
23758  -32.462  -69.941  -18.284 0.0000000000
23768  -31.909  -70.793  -19.475 0.0000000000
23769  -32.367  -70.109  -19.162 0.0000000000
23775  -31.621  -70.882  -20.443 0.0000000000
23776  -32.221  -70.133  -20.152 0.0000000000
23781  -30.931  -71.033  -21.927 0.0000000000
23782  -31.596  -70.516  -21.398 0.0000000000
23789  -31.314  -70.361  -22.365 0.0000000000
23797  -30.966  -70.236  -23.179 0.0000000000
23798  -35.926  -70.752  -23.798 0.0000000000
23804  -33.594  -70.932  -24.935 0.0000000000
23805  -34.582  -70.666  -24.621 0.0000000000
23806  -35.545  -70.356  -24.510 0.0000000000
23811  -31.135  -70.205  -25.966 0.0000000000
23812  -32.366  -70.592  -25.903 0.0000000000
23813  -33.243  -70.129  -25.604 0.0000000000
23814  -34.208  -70.038  -25.268 0.0000000000
23815  -35.116  -69.869  -25.130 0.0000000000
23822  -31.378  -70.743  -26.260 0.0000000000
23823  -31.938  -70.189  -26.089 0.0000000000
24708  -29.558  -69.810  -15.629 0.0000000000
24709  -30.270  -69.602  -15.808 0.0000000000
24722  -28.401  -69.257  -15.985 0.0000000000
24723  -31.010  -69.398  -16.077 0.0000000000
24724  -31.743  -69.223  -16.510 0.0000000000
24725  -32.427  -68.990  -17.129 0.0000000000
24737  -26.434  -69.299  -17.769 0.0000000000
24738  -27.199  -68.954  -17.229 0.0000000000
24739  -32.037  -69.886  -17.020 0.0000000000
24751  -26.179  -69.150  -18.840 0.0000000000
24752  -32.748  -69.172  -17.983 0.0000000000
24762  -25.038  -68.888  -19.790 0.0000000000
24763  -25.823  -68.774  -19.669 0.0000000000
24764  -32.705  -69.379  -18.886 0.0000000000
24771  -32.622  -69.284  -20.380 0.0000000000
24779  -32.230  -69.751  -21.131 0.0000000000
24786  -31.895  -69.783  -22.060 0.0000000000
24787  -32.170  -69.095  -22.669 0.0000000000
24793  -31.815  -68.966  -23.691 0.0000000000
24795  -37.517  -68.728  -24.159 0.0000000000
24800  -30.877  -69.610  -24.571 0.0000000000
24801  -31.393  -69.281  -25.053 0.0000000000
24802  -35.978  -69.643  -25.041 0.0000000000
24803  -36.313  -70.014  -24.333 0.0000000000
24804  -37.160  -68.912  -24.872 0.0000000000
24808  -30.861  -69.780  -25.340 0.0000000000
24809  -31.612  -69.617  -25.651 0.0000000000
24810  -32.379  -69.486  -25.731 0.0000000000
24811  -33.135  -69.388  -25.704 0.0000000000
24812  -33.947  -69.397  -25.574 0.0000000000
24813  -35.494  -69.150  -25.546 0.0000000000
24814  -36.522  -68.952  -25.370 0.0000000000
24815  -37.177  -68.475  -25.284 0.0000000000
25646  -21.021  -68.278  -14.398 0.0000000000
25660  -22.300  -67.688  -15.454 0.0000000000
25661  -29.731  -69.081  -15.826 0.0000000000
25679  -23.348  -67.846  -16.982 0.0000000000
25680  -28.067  -68.611  -16.728 0.0000000000
25681  -28.974  -68.726  -16.133 0.0000000000
25682  -30.478  -68.780  -15.957 0.0000000000
25683  -31.237  -68.533  -16.186 0.0000000000
25684  -31.989  -68.353  -16.550 0.0000000000
25700  -23.517  -68.150  -17.812 0.0000000000
25701  -26.912  -68.785  -18.293 0.0000000000
25702  -27.611  -68.393  -17.772 0.0000000000
25703  -28.232  -68.050  -17.375 0.0000000000
25704  -32.912  -68.221  -17.694 0.0000000000
25717  -23.953  -68.186  -18.637 0.0000000000
25718  -24.483  -68.434  -19.580 0.0000000000
25719  -26.613  -68.553  -19.297 0.0000000000
25720  -27.991  -67.807  -18.259 0.0000000000
25721  -33.016  -68.596  -18.633 0.0000000000
25722  -33.282  -67.765  -18.494 0.0000000000
25731  -24.429  -69.072  -19.570 0.0000000000
25732  -25.502  -68.184  -20.172 0.0000000000
25733  -26.252  -68.146  -20.130 0.0000000000
25734  -27.027  -67.919  -19.833 0.0000000000
25735  -32.939  -68.798  -19.620 0.0000000000
25736  -33.332  -67.965  -20.086 0.0000000000
25744  -25.896  -67.635  -20.542 0.0000000000
25745  -32.728  -68.811  -21.250 0.0000000000
25746  -33.209  -68.099  -21.008 0.0000000000
25752  -32.676  -68.582  -22.202 0.0000000000
25753  -33.057  -68.198  -21.717 0.0000000000
25759  -32.574  -68.286  -23.249 0.0000000000
25763  -31.807  -68.825  -24.649 0.0000000000
25764  -32.307  -68.368  -24.279 0.0000000000
25765  -38.013  -67.946  -24.185 0.0000000000
25769  -32.015  -69.023  -25.337 0.0000000000
25770  -32.295  -68.551  -25.008 0.0000000000
25771  -37.765  -68.201  -25.014 0.0000000000
25775  -32.794  -68.754  -25.487 0.0000000000
25776  -33.748  -68.722  -25.586 0.0000000000
25777  -35.208  -68.449  -25.598 0.0000000000
25778  -36.008  -68.548  -25.590 0.0000000000
26576  -20.485  -67.985  -13.842 0.0000000000
26577  -21.386  -67.634  -14.508 0.0000000000
26595  -23.063  -67.413  -16.243 0.0000000000
26596  -28.835  -68.061  -16.715 0.0000000000
26597  -29.764  -68.205  -16.205 0.0000000000
26598  -30.694  -67.927  -16.184 0.0000000000
26599  -31.462  -67.671  -16.374 0.0000000000
26600  -32.196  -67.543  -16.665 0.0000000000
26607  -23.739  -67.633  -17.637 0.0000000000
26608  -28.720  -67.438  -17.550 0.0000000000
26609  -29.503  -66.945  -17.151 0.0000000000
26610  -32.754  -67.477  -17.183 0.0000000000
26611  -33.208  -67.250  -17.800 0.0000000000
26618  -24.071  -67.405  -18.304 0.0000000000
26619  -24.387  -67.523  -19.143 0.0000000000
26620  -27.712  -67.549  -19.350 0.0000000000
26621  -28.352  -67.137  -18.789 0.0000000000
26622  -33.585  -66.900  -18.575 0.0000000000
26629  -24.792  -67.527  -19.996 0.0000000000
26630  -25.366  -67.422  -20.431 0.0000000000
26631  -26.595  -67.350  -20.636 0.0000000000
26632  -27.394  -67.193  -20.355 0.0000000000
26633  -28.034  -66.823  -19.977 0.0000000000
26634  -33.525  -67.437  -19.334 0.0000000000
26641  -25.953  -67.023  -20.876 0.0000000000
26642  -27.122  -66.745  -20.931 0.0000000000
26643  -33.565  -67.393  -20.833 0.0000000000
26647  -33.428  -67.584  -21.678 0.0000000000
26652  -33.220  -67.531  -23.302 0.0000000000
26660  -32.877  -67.785  -24.117 0.0000000000
26661  -33.405  -67.316  -23.995 0.0000000000
26666  -32.802  -68.167  -24.889 0.0000000000
26667  -33.484  -67.652  -24.736 0.0000000000
26668  -34.284  -67.327  -24.942 0.0000000000
26669  -37.986  -67.467  -25.324 0.0000000000
26670  -38.333  -67.434  -24.941 0.0000000000
26672  -33.339  -68.237  -25.293 0.0000000000
26673  -34.785  -67.818  -25.423 0.0000000000
26674  -35.839  -67.725  -25.502 0.0000000000
26675  -37.272  -67.418  -25.481 0.0000000000
27571  -20.479  -66.994  -13.855 0.0000000000
27572  -21.212  -66.706  -14.428 0.0000000000
27582  -21.999  -66.849  -14.948 0.0000000000
27583  -22.664  -66.796  -15.703 0.0000000000
27591  -23.138  -66.613  -16.515 0.0000000000
27592  -23.582  -67.157  -16.950 0.0000000000
27593  -30.144  -67.390  -16.509 0.0000000000
27594  -30.946  -67.072  -16.448 0.0000000000
27595  -31.771  -66.737  -16.570 0.0000000000
27596  -32.429  -66.177  -16.840 0.0000000000
27604  -23.340  -66.235  -17.453 0.0000000000
27605  -23.876  -66.853  -17.801 0.0000000000
27606  -28.966  -66.665  -18.187 0.0000000000
27607  -30.280  -66.559  -16.809 0.0000000000
27608  -32.956  -66.667  -17.250 0.0000000000
27614  -24.122  -66.570  -18.798 0.0000000000
27615  -24.536  -66.630  -19.589 0.0000000000
27616  -28.612  -66.417  -19.430 0.0000000000
27617  -29.151  -65.957  -18.836 0.0000000000
27618  -33.932  -65.976  -18.647 0.0000000000
27625  -24.985  -66.702  -20.242 0.0000000000
27626  -25.520  -66.710  -20.642 0.0000000000
27627  -27.678  -66.456  -20.875 0.0000000000
27628  -28.342  -66.032  -20.754 0.0000000000
27629  -28.847  -65.811  -19.978 0.0000000000
27630  -33.910  -66.605  -19.559 0.0000000000
27631  -34.217  -65.877  -19.460 0.0000000000
27637  -26.058  -66.362  -20.875 0.0000000000
27638  -26.613  -66.562  -21.028 0.0000000000
27639  -27.299  -66.160  -21.188 0.0000000000
27640  -27.901  -65.901  -21.238 0.0000000000
27641  -33.934  -66.693  -20.584 0.0000000000
27642  -34.271  -66.040  -20.223 0.0000000000
27646  -33.857  -66.855  -21.518 0.0000000000
27647  -34.295  -66.041  -21.239 0.0000000000
27654  -33.676  -67.086  -22.522 0.0000000000
27655  -34.195  -66.340  -22.223 0.0000000000
27661  -33.767  -66.939  -23.457 0.0000000000
27662  -34.378  -66.353  -23.663 0.0000000000
27666  -33.950  -66.990  -24.233 0.0000000000
27667  -34.634  -66.640  -24.472 0.0000000000
27668  -35.359  -66.358  -24.722 0.0000000000
27669  -38.673  -66.682  -24.744 0.0000000000
27670  -38.971  -66.081  -24.632 0.0000000000
27671  -35.074  -67.093  -25.096 0.0000000000
27672  -35.737  -66.876  -25.210 0.0000000000
27673  -37.959  -66.710  -25.506 0.0000000000
27674  -38.500  -66.668  -25.246 0.0000000000
27675  -38.931  -66.189  -25.054 0.0000000000
28699  -19.602  -65.182  -13.826 0.0000000000
28700  -20.369  -65.832  -14.276 0.0000000000
28701  -21.371  -65.977  -14.887 0.0000000000
28710  -20.666  -65.124  -15.071 0.0000000000
28711  -22.028  -65.996  -15.531 0.0000000000
28712  -22.480  -65.882  -16.372 0.0000000000
28721  -21.644  -65.115  -16.305 0.0000000000
28722  -22.276  -65.134  -17.058 0.0000000000
28723  -31.790  -65.751  -16.720 0.0000000000
28724  -32.421  -65.341  -16.931 0.0000000000
28731  -22.943  -65.225  -17.720 0.0000000000
28732  -30.319  -65.733  -17.253 0.0000000000
28733  -31.067  -65.183  -17.051 0.0000000000
28734  -33.370  -65.011  -17.469 0.0000000000
28740  -23.619  -65.799  -18.324 0.0000000000
28741  -24.210  -65.784  -19.086 0.0000000000
28742  -24.882  -65.666  -19.519 0.0000000000
28743  -26.212  -65.769  -20.644 0.0000000000
28744  -29.720  -65.443  -18.312 0.0000000000
28745  -30.283  -65.031  -17.778 0.0000000000
28746  -33.676  -65.496  -17.872 0.0000000000
28747  -34.051  -65.218  -18.394 0.0000000000
28754  -24.755  -66.115  -19.793 0.0000000000
28755  -25.370  -66.098  -20.311 0.0000000000
28756  -27.009  -65.530  -20.949 0.0000000000
28757  -28.374  -65.344  -21.273 0.0000000000
28758  -28.875  -65.312  -20.910 0.0000000000
28759  -34.311  -65.310  -19.045 0.0000000000
28765  -26.809  -65.995  -21.149 0.0000000000
28766  -27.688  -65.554  -21.233 0.0000000000
28767  -28.915  -64.658  -21.403 0.0000000000
28768  -34.497  -65.394  -19.859 0.0000000000
28774  -34.687  -65.249  -21.312 0.0000000000
28780  -34.570  -65.571  -22.117 0.0000000000
28783  -34.798  -65.679  -23.469 0.0000000000
28784  -35.254  -65.172  -23.738 0.0000000000
28786  -34.984  -65.906  -24.114 0.0000000000
28787  -35.760  -65.489  -24.517 0.0000000000
28788  -36.605  -65.586  -25.131 0.0000000000
28789  -39.321  -65.493  -24.990 0.0000000000
28790  -36.136  -66.263  -25.098 0.0000000000
28791  -37.871  -65.829  -25.525 0.0000000000
28792  -38.654  -65.482  -25.445 0.0000000000
28793  -38.903  -65.852  -25.267 0.0000000000
29833  -19.421  -64.416  -14.086 0.0000000000
29834  -19.906  -64.806  -14.542 0.0000000000
29843  -19.624  -64.069  -14.628 0.0000000000
29844  -20.261  -64.350  -15.235 0.0000000000
29845  -20.959  -64.668  -15.769 0.0000000000
29852  -20.775  -63.912  -15.841 0.0000000000
29853  -21.324  -64.394  -16.257 0.0000000000
29854  -21.867  -64.474  -16.729 0.0000000000
29863  -22.521  -64.506  -17.221 0.0000000000
29864  -23.215  -64.574  -17.595 0.0000000000
29865  -24.056  -64.623  -17.819 0.0000000000
29866  -25.143  -64.684  -17.959 0.0000000000
29867  -26.297  -64.628  -18.261 0.0000000000
29869  -30.665  -64.419  -17.879 0.0000000000
29870  -31.502  -64.419  -17.346 0.0000000000
29871  -32.361  -64.492  -17.205 0.0000000000
29872  -33.174  -64.284  -17.469 0.0000000000
29879  -23.663  -65.205  -18.237 0.0000000000
29880  -24.446  -65.236  -18.648 0.0000000000
29881  -25.472  -65.202  -19.013 0.0000000000
29882  -26.638  -65.082  -19.811 0.0000000000
29883  -27.618  -64.405  -19.896 0.0000000000
29884  -29.930  -64.610  -19.084 0.0000000000
29885  -33.834  -64.633  -17.910 0.0000000000
29886  -34.331  -64.631  -18.606 0.0000000000
29892  -27.595  -64.929  -21.026 0.0000000000
29893  -28.342  -64.284  -21.081 0.0000000000
29894  -29.414  -64.608  -20.793 0.0000000000
29895  -30.036  -63.770  -20.517 0.0000000000
29896  -34.639  -64.700  -19.399 0.0000000000
29897  -35.048  -64.047  -19.711 0.0000000000
29905  -28.431  -64.838  -21.346 0.0000000000
29906  -29.016  -64.143  -21.505 0.0000000000
29907  -29.450  -63.965  -21.365 0.0000000000
29908  -34.825  -64.838  -20.422 0.0000000000
29909  -35.196  -64.126  -20.703 0.0000000000
29917  -34.998  -64.669  -21.247 0.0000000000
29918  -35.264  -64.178  -21.619 0.0000000000
29923  -34.949  -64.849  -21.982 0.0000000000
29924  -35.315  -64.298  -22.483 0.0000000000
29926  -34.965  -65.126  -22.870 0.0000000000
29927  -35.461  -64.418  -23.304 0.0000000000
29930  -35.801  -64.564  -24.065 0.0000000000
29931  -36.426  -64.776  -24.738 0.0000000000
29935  -37.287  -65.071  -25.331 0.0000000000
29936  -37.927  -64.407  -25.417 0.0000000000
29937  -38.791  -64.706  -25.521 0.0000000000
30962  -19.630  -63.536  -14.646 0.0000000000
30963  -20.566  -63.154  -15.457 0.0000000000
30972  -21.536  -63.842  -16.325 0.0000000000
30973  -22.279  -63.810  -16.686 0.0000000000
30982  -23.006  -63.892  -16.993 0.0000000000
30983  -23.810  -63.988  -17.103 0.0000000000
30984  -24.777  -64.049  -17.104 0.0000000000
30987  -31.110  -63.726  -18.067 0.0000000000
30988  -31.904  -63.758  -17.596 0.0000000000
30989  -32.617  -63.703  -17.565 0.0000000000
30990  -33.290  -63.442  -17.750 0.0000000000
30996  -28.233  -63.672  -19.956 0.0000000000
30997  -30.721  -63.187  -19.371 0.0000000000
30998  -31.658  -63.029  -18.324 0.0000000000
31006  -28.849  -63.536  -21.145 0.0000000000
31007  -30.368  -62.929  -20.799 0.0000000000
31013  -29.881  -63.362  -21.238 0.0000000000
31029  -36.350  -63.927  -24.326 0.0000000000
32013  -19.836  -62.932  -14.802 0.0000000000
32014  -20.540  -62.273  -15.059 0.0000000000
32015  -21.258  -62.658  -15.593 0.0000000000
32016  -22.780  -62.238  -15.837 0.0000000000
32023  -21.991  -63.041  -16.056 0.0000000000
32039  -28.664  -62.884  -20.153 0.0000000000
32040  -31.135  -62.371  -19.703 0.0000000000
32041  -32.611  -62.887  -17.946 0.0000000000
32048  -29.268  -62.895  -20.981 0.0000000000
32049  -30.503  -62.264  -20.873 0.0000000000
32059  -29.882  -62.409  -21.156 0.0000000000
32060  -30.076  -62.785  -21.222 0.0000000000
33144  -29.155  -62.065  -20.189 0.0000000000
124726  -22.989  -63.099  -16.337 0.0000000000
125177  -39.321  -64.946  -25.301 0.0000000000
125823  -36.456  -67.063  -25.410 0.0000000000
126202  -30.461  -63.902  -18.886 0.0000000000
126300  -39.047  -76.744  -27.750 0.0000000000
126337  -24.973  -68.281  -19.999 0.0000000000
126702  -40.434  -75.606  -27.695 0.0000000000
126953  -30.236  -62.226  -21.128 0.0000000000
127087  -34.484  -65.916  -22.900 0.0000000000
127191  -36.963  -69.511  -24.059 0.0000000000
127464  -35.984  -75.571  -26.571 0.0000000000
127992  -32.530  -68.140  -16.995 0.0000000000
128032  -38.144  -65.125  -25.523 0.0000000000
128066  -31.558  -69.671  -22.948 0.0000000000
128380  -32.449  -66.918  -16.833 0.0000000000
128536  -29.322  -65.310  -19.725 0.0000000000
128875  -33.662  -67.219  -20.089 0.0000000000
129047  -34.399  -74.198  -24.239 0.0000000000
129685  -33.983  -67.987  -25.384 0.0000000000
130115  -38.410  -67.160  -24.118 0.0000000000
131670  -34.089  -66.509  -22.961 0.0000000000
132037  -31.065  -66.158  -16.674 0.0000000000
133100  -34.694  -69.455  -25.480 0.0000000000
133340  -35.053  -75.378  -27.527 0.0000000000
134259  -33.118  -67.882  -22.450 0.0000000000
134310  -27.348  -68.228  -18.825 0.0000000000
134417  -36.757  -68.171  -25.525 0.0000000000
134653  -36.619  -69.411  -24.785 0.0000000000
134768  -31.770  -71.072  -26.294 0.0000000000
134906  -32.361  -69.218  -21.865 0.0000000000
135022  -34.517  -65.517  -20.625 0.0000000000
135709  -36.576  -75.554  -24.534 0.0000000000
135978  -21.920  -62.131  -15.597 0.0000000000
136064  -20.059  -63.674  -15.154 0.0000000000
137017  -35.902  -63.755  -23.656 0.0000000000
137697  -31.172  -69.609  -23.781 0.0000000000
137698  -34.603  -68.921  -25.649 0.0000000000
137927  -37.459  -68.000  -25.369 0.0000000000
138646  -29.616  -66.187  -17.665 0.0000000000
139112  -32.539  -71.977  -25.531 0.0000000000
139595  -32.037  -62.226  -18.737 0.0000000000
139898  -33.096  -65.721  -17.251 0.0000000000
140084  -32.977  -68.594  -20.470 0.0000000000
140145  -33.700  -63.890  -17.824 0.0000000000
140260  -32.575  -69.552  -19.644 0.0000000000
140315  -24.378  -63.372  -16.598 0.0000000000
140775  -37.094  -66.380  -25.435 0.0000000000
140978  -34.939  -75.491  -27.837 0.0000000000
141493  -29.582  -63.390  -21.298 0.0000000000
141872  -34.458  -68.396  -25.546 0.0000000000
141957  -40.414  -73.556  -27.945 0.0000000000
142097  -38.426  -66.135  -25.405 0.0000000000
142830  -23.626  -63.426  -16.613 0.0000000000
142907  -31.848  -65.019  -16.924 0.0000000000
142945  -21.273  -61.962  -15.311 0.0000000000
143018  -42.227  -74.995  -26.756 0.0000000000
144561  -21.312  -65.337  -15.545 0.0000000000
144696  -33.242  -68.126  -19.225 0.0000000000
144948  -32.919  -64.956  -17.170 0.0000000000
145010  -22.815  -65.762  -17.114 0.0000000000
145574  -21.220  -63.353  -15.876 0.0000000000
145585  -29.120  -69.352  -15.759 0.0000000000
146436  -31.388  -69.226  -24.349 0.0000000000
146738  -33.476  -66.352  -17.843 0.0000000000
146814  -31.667  -61.863  -19.489 0.0000000000
147032  -36.616  -67.640  -25.517 0.0000000000
147272  -37.201  -65.708  -25.393 0.0000000000
147299  -36.146  -75.554  -27.613 0.0000000000
147601  -31.935  -70.338  -20.777 0.0000000000
148188  -29.381  -67.577  -16.736 0.0000000000
148755  -32.624  -69.919  -25.839 0.0000000000
148884  -38.370  -75.261  -24.525 0.0000000000
149310  -25.674  -65.568  -19.886 0.0000000000
149458  -40.362  -73.143  -26.401 0.0000000000
149761  -39.452  -74.001  -26.519 0.0000000000
150246  -42.692  -71.905  -27.217 0.0000000000
150331  -32.218  -63.341  -17.766 0.0000000000
