#!ascii label , from subject sub-11 vox2ras=TkReg rh ROI=IOG coords=white from=aparc.a2009s:G_and_S_occipital_inf
1051
7225  31.506  -75.590  -1.428 0.0000000000
7253  31.240  -75.519  -2.479 0.0000000000
7254  30.448  -75.817  -2.762 0.0000000000
7255  29.753  -75.404  -3.067 0.0000000000
7979  29.322  -74.150  1.820 0.0000000000
7990  31.100  -74.725  0.113 0.0000000000
7991  30.332  -75.065  0.665 0.0000000000
7997  32.385  -74.667  -1.372 0.0000000000
7998  31.903  -75.105  -1.117 0.0000000000
7999  31.445  -75.285  -0.601 0.0000000000
8009  32.462  -74.672  -2.379 0.0000000000
8010  31.941  -75.172  -1.972 0.0000000000
8011  29.092  -73.913  -2.094 0.0000000000
8012  28.412  -74.687  -2.039 0.0000000000
8021  32.284  -74.367  -3.255 0.0000000000
8022  31.717  -74.948  -3.000 0.0000000000
8023  29.919  -74.469  -3.037 0.0000000000
8024  29.076  -75.101  -2.856 0.0000000000
8034  31.498  -74.297  -3.492 0.0000000000
8604  36.061  -73.445  4.667 0.0000000000
8605  35.443  -73.626  5.330 0.0000000000
8621  35.924  -73.803  4.065 0.0000000000
8635  36.278  -73.215  3.658 0.0000000000
8638  29.037  -72.700  3.170 0.0000000000
8649  35.863  -73.203  3.181 0.0000000000
8650  35.177  -73.423  3.054 0.0000000000
8651  29.262  -73.264  2.356 0.0000000000
8662  30.326  -73.137  1.378 0.0000000000
8663  29.850  -73.594  1.602 0.0000000000
8671  31.358  -73.781  0.227 0.0000000000
8672  30.536  -73.958  0.882 0.0000000000
8676  33.314  -73.346  -1.244 0.0000000000
8677  32.602  -73.976  -0.889 0.0000000000
8678  32.004  -73.641  -0.305 0.0000000000
8684  33.038  -74.194  -1.729 0.0000000000
8685  29.662  -73.375  -2.242 0.0000000000
8686  28.296  -73.489  -1.520 0.0000000000
8693  33.688  -73.687  -2.154 0.0000000000
8694  33.045  -74.134  -2.713 0.0000000000
8695  31.656  -72.836  -3.435 0.0000000000
8696  31.155  -73.549  -3.387 0.0000000000
8697  30.411  -73.472  -2.805 0.0000000000
8703  33.546  -73.515  -3.066 0.0000000000
8704  32.759  -73.766  -3.443 0.0000000000
8705  32.317  -73.296  -3.719 0.0000000000
9264  33.716  -72.082  9.874 0.0000000000
9278  34.233  -71.757  7.146 0.0000000000
9279  33.685  -72.661  7.475 0.0000000000
9281  34.991  -71.951  6.448 0.0000000000
9282  34.329  -72.711  6.695 0.0000000000
9284  36.542  -72.609  4.926 0.0000000000
9285  36.064  -72.067  5.635 0.0000000000
9286  35.245  -72.715  5.958 0.0000000000
9293  37.508  -71.818  4.069 0.0000000000
9294  37.120  -72.223  4.479 0.0000000000
9298  29.736  -71.930  4.149 0.0000000000
9310  37.451  -71.667  3.441 0.0000000000
9311  36.997  -72.487  3.809 0.0000000000
9312  34.346  -73.424  3.187 0.0000000000
9313  33.762  -72.341  3.238 0.0000000000
9314  32.859  -72.141  3.692 0.0000000000
9315  29.549  -72.092  3.434 0.0000000000
9326  36.586  -72.491  3.066 0.0000000000
9327  35.656  -72.622  2.702 0.0000000000
9328  34.732  -72.552  2.809 0.0000000000
9329  30.213  -72.019  2.334 0.0000000000
9330  29.610  -72.410  2.690 0.0000000000
9341  31.144  -72.036  1.043 0.0000000000
9342  30.524  -72.376  1.570 0.0000000000
9343  29.912  -72.769  1.961 0.0000000000
9353  32.361  -72.090  -0.180 0.0000000000
9354  31.686  -72.738  0.229 0.0000000000
9355  30.889  -72.991  0.869 0.0000000000
9365  33.684  -72.410  -1.163 0.0000000000
9366  32.977  -72.501  -0.728 0.0000000000
9367  32.488  -73.056  -0.532 0.0000000000
9376  34.617  -72.603  -2.179 0.0000000000
9377  34.126  -73.014  -1.792 0.0000000000
9378  28.981  -72.809  -1.756 0.0000000000
9379  28.064  -72.721  -1.583 0.0000000000
9380  27.211  -72.705  -1.632 0.0000000000
9384  34.161  -73.109  -2.562 0.0000000000
9385  30.757  -72.397  -2.698 0.0000000000
9386  29.868  -72.573  -2.193 0.0000000000
9387  29.198  -72.005  -2.113 0.0000000000
9388  27.759  -72.270  -2.195 0.0000000000
9389  26.883  -72.523  -2.610 0.0000000000
9390  26.011  -73.010  -3.070 0.0000000000
9392  34.424  -72.588  -2.816 0.0000000000
9393  33.901  -72.740  -3.361 0.0000000000
9394  33.118  -73.059  -3.708 0.0000000000
9395  32.435  -72.250  -3.631 0.0000000000
9396  28.367  -71.792  -2.852 0.0000000000
9397  27.400  -72.208  -3.489 0.0000000000
9398  26.583  -72.744  -3.928 0.0000000000
9399  25.747  -73.116  -4.134 0.0000000000
9402  27.086  -72.282  -4.506 0.0000000000
9403  26.296  -72.672  -4.624 0.0000000000
9404  25.391  -73.005  -4.635 0.0000000000
9410  26.330  -72.241  -5.087 0.0000000000
9411  25.635  -72.431  -5.040 0.0000000000
9998  34.930  -71.582  10.644 0.0000000000
9999  34.057  -71.519  10.396 0.0000000000
10000  33.472  -71.305  10.007 0.0000000000
10011  33.309  -71.602  9.211 0.0000000000
10019  33.442  -71.326  8.380 0.0000000000
10026  33.897  -71.074  7.704 0.0000000000
10033  35.667  -71.434  6.132 0.0000000000
10034  35.054  -71.128  6.675 0.0000000000
10038  37.452  -71.328  4.578 0.0000000000
10039  36.899  -71.673  5.145 0.0000000000
10040  36.394  -71.097  5.679 0.0000000000
10045  31.860  -71.883  4.082 0.0000000000
10047  30.473  -71.710  4.078 0.0000000000
10053  37.856  -71.074  4.013 0.0000000000
10054  33.208  -71.573  3.251 0.0000000000
10055  32.460  -71.388  3.452 0.0000000000
10056  31.647  -71.292  3.504 0.0000000000
10057  30.883  -71.408  3.492 0.0000000000
10058  30.169  -71.677  3.530 0.0000000000
10067  37.932  -70.744  3.455 0.0000000000
10068  37.101  -71.625  2.613 0.0000000000
10069  36.172  -71.890  2.257 0.0000000000
10070  35.086  -71.749  2.269 0.0000000000
10071  33.969  -71.437  2.701 0.0000000000
10072  33.016  -70.987  2.919 0.0000000000
10073  31.418  -71.046  2.783 0.0000000000
10074  30.542  -71.489  2.848 0.0000000000
10075  29.962  -71.862  2.962 0.0000000000
10088  37.595  -70.873  2.437 0.0000000000
10089  36.749  -71.171  1.760 0.0000000000
10090  35.488  -71.205  1.582 0.0000000000
10091  32.190  -70.923  1.175 0.0000000000
10092  31.537  -71.358  1.346 0.0000000000
10093  30.936  -71.488  1.955 0.0000000000
10104  36.143  -70.910  1.089 0.0000000000
10105  33.435  -70.954  0.090 0.0000000000
10106  32.592  -71.258  0.334 0.0000000000
10107  31.820  -71.665  0.595 0.0000000000
10120  35.255  -71.177  -1.279 0.0000000000
10121  34.886  -71.433  -1.080 0.0000000000
10122  33.981  -71.510  -0.796 0.0000000000
10137  35.207  -71.482  -1.993 0.0000000000
10138  34.953  -71.941  -1.841 0.0000000000
10139  34.483  -72.230  -1.608 0.0000000000
10150  34.779  -72.014  -2.622 0.0000000000
10151  30.660  -71.762  -2.710 0.0000000000
10152  30.038  -71.743  -2.488 0.0000000000
10153  29.209  -71.536  -2.810 0.0000000000
10162  34.282  -72.172  -3.265 0.0000000000
10163  33.062  -71.598  -3.709 0.0000000000
10164  32.123  -71.095  -3.456 0.0000000000
10165  30.535  -71.309  -2.999 0.0000000000
10166  29.655  -71.188  -3.307 0.0000000000
10167  28.734  -71.377  -3.814 0.0000000000
10168  27.857  -71.813  -4.245 0.0000000000
10171  29.137  -70.933  -4.427 0.0000000000
10172  28.287  -71.334  -4.731 0.0000000000
10173  27.572  -71.755  -4.791 0.0000000000
10174  26.980  -72.189  -4.920 0.0000000000
10179  28.059  -71.254  -5.097 0.0000000000
10180  27.402  -71.578  -5.115 0.0000000000
10181  26.677  -71.614  -5.242 0.0000000000
10182  25.748  -71.426  -5.222 0.0000000000
10183  24.984  -71.728  -5.153 0.0000000000
10778  36.951  -70.102  11.185 0.0000000000
10779  35.968  -70.169  11.345 0.0000000000
10780  34.998  -70.153  11.366 0.0000000000
10781  34.130  -69.987  11.259 0.0000000000
10782  33.407  -69.674  11.035 0.0000000000
10793  37.538  -70.720  10.626 0.0000000000
10794  36.486  -70.823  10.904 0.0000000000
10795  35.433  -70.862  11.010 0.0000000000
10796  34.387  -70.787  10.869 0.0000000000
10797  33.286  -70.618  10.141 0.0000000000
10798  33.076  -69.933  10.316 0.0000000000
10808  33.203  -70.792  9.472 0.0000000000
10813  33.546  -70.519  8.231 0.0000000000
10821  34.511  -70.856  7.171 0.0000000000
10827  35.728  -70.644  6.174 0.0000000000
10828  35.015  -70.337  6.727 0.0000000000
10836  37.073  -70.800  5.091 0.0000000000
10837  36.321  -70.303  5.555 0.0000000000
10844  37.552  -70.565  4.382 0.0000000000
10853  37.910  -70.315  3.784 0.0000000000
10854  32.227  -70.888  3.010 0.0000000000
10859  38.157  -70.079  3.258 0.0000000000
10860  34.471  -70.982  2.042 0.0000000000
10861  33.522  -70.715  2.169 0.0000000000
10862  32.720  -70.752  2.522 0.0000000000
10863  32.164  -70.769  2.465 0.0000000000
10870  38.095  -70.026  2.542 0.0000000000
10871  37.496  -70.506  1.863 0.0000000000
10872  35.375  -70.808  0.782 0.0000000000
10873  34.361  -70.707  1.364 0.0000000000
10874  33.472  -70.576  1.458 0.0000000000
10875  32.694  -70.598  1.863 0.0000000000
10876  31.774  -70.874  1.954 0.0000000000
10885  37.784  -69.777  1.668 0.0000000000
10886  36.881  -70.454  1.080 0.0000000000
10887  34.634  -70.733  0.523 0.0000000000
10888  33.845  -70.609  0.749 0.0000000000
10889  33.020  -70.619  0.965 0.0000000000
10897  36.062  -70.163  -0.822 0.0000000000
10898  35.768  -70.663  -0.586 0.0000000000
10899  35.286  -70.849  -0.238 0.0000000000
10900  34.331  -70.880  -0.125 0.0000000000
10912  35.676  -70.038  -1.735 0.0000000000
10913  35.485  -70.804  -1.432 0.0000000000
10926  34.556  -70.404  -3.151 0.0000000000
10927  34.231  -71.274  -3.403 0.0000000000
10928  33.556  -70.486  -3.624 0.0000000000
10929  32.786  -70.515  -3.647 0.0000000000
10930  31.686  -70.135  -3.778 0.0000000000
10931  30.140  -70.696  -3.828 0.0000000000
10935  31.218  -69.490  -4.426 0.0000000000
10936  30.612  -70.012  -4.387 0.0000000000
10937  29.553  -70.396  -4.830 0.0000000000
10938  28.754  -70.836  -5.050 0.0000000000
10939  25.274  -70.285  -4.983 0.0000000000
10941  29.088  -70.045  -5.355 0.0000000000
10942  28.313  -70.422  -5.355 0.0000000000
10943  27.612  -70.818  -5.345 0.0000000000
10944  26.279  -70.523  -5.263 0.0000000000
10945  24.471  -70.794  -4.887 0.0000000000
11593  38.967  -69.282  10.801 0.0000000000
11594  37.258  -69.478  11.392 0.0000000000
11595  36.473  -69.480  11.562 0.0000000000
11596  35.574  -69.477  11.673 0.0000000000
11597  34.678  -69.416  11.666 0.0000000000
11598  33.889  -69.269  11.546 0.0000000000
11599  33.240  -68.950  11.325 0.0000000000
11609  39.001  -70.015  10.324 0.0000000000
11610  38.024  -69.894  10.885 0.0000000000
11611  32.878  -69.176  10.619 0.0000000000
11623  33.162  -70.114  8.948 0.0000000000
11627  33.587  -69.702  8.099 0.0000000000
11632  34.455  -68.961  6.735 0.0000000000
11633  34.256  -70.149  7.452 0.0000000000
11640  35.539  -69.964  6.223 0.0000000000
11641  34.778  -69.661  6.769 0.0000000000
11650  37.040  -70.232  4.775 0.0000000000
11651  36.323  -69.794  5.176 0.0000000000
11652  35.133  -69.382  6.180 0.0000000000
11668  37.609  -70.079  4.074 0.0000000000
11669  36.956  -69.857  4.405 0.0000000000
11689  37.959  -69.858  3.440 0.0000000000
11690  37.520  -69.733  3.673 0.0000000000
11691  36.715  -69.509  3.886 0.0000000000
11705  38.048  -69.559  2.842 0.0000000000
11706  37.878  -69.442  2.969 0.0000000000
11717  38.182  -69.224  2.240 0.0000000000
11728  38.058  -68.865  1.434 0.0000000000
11729  37.325  -69.634  0.763 0.0000000000
11743  37.604  -68.737  0.468 0.0000000000
11744  36.812  -69.500  -0.147 0.0000000000
11761  36.401  -68.476  -1.770 0.0000000000
11776  35.620  -69.247  -2.367 0.0000000000
11777  27.493  -69.151  -2.489 0.0000000000
11778  26.641  -68.999  -3.199 0.0000000000
11779  25.337  -69.246  -3.389 0.0000000000
11791  34.970  -69.526  -3.074 0.0000000000
11792  34.305  -69.612  -3.481 0.0000000000
11793  33.678  -69.666  -3.670 0.0000000000
11794  32.939  -69.617  -3.790 0.0000000000
11795  32.022  -69.457  -4.026 0.0000000000
11796  26.158  -68.866  -3.866 0.0000000000
11797  25.485  -69.126  -4.014 0.0000000000
11798  24.652  -69.431  -3.849 0.0000000000
11800  31.331  -68.781  -4.790 0.0000000000
11801  30.620  -69.160  -5.066 0.0000000000
11802  29.853  -69.612  -5.224 0.0000000000
11803  26.159  -69.081  -4.465 0.0000000000
11804  25.293  -69.459  -4.425 0.0000000000
11805  24.525  -69.869  -4.472 0.0000000000
11806  23.786  -70.247  -4.403 0.0000000000
11807  29.965  -68.584  -5.510 0.0000000000
11808  29.270  -69.020  -5.508 0.0000000000
11809  28.432  -69.222  -5.413 0.0000000000
11810  27.511  -69.673  -5.341 0.0000000000
11811  26.576  -69.549  -5.130 0.0000000000
11812  25.845  -69.624  -4.923 0.0000000000
12496  37.707  -68.264  11.956 0.0000000000
12497  36.726  -68.184  12.209 0.0000000000
12498  35.824  -68.057  12.338 0.0000000000
12499  34.867  -67.978  12.365 0.0000000000
12500  33.864  -67.922  12.233 0.0000000000
12501  33.075  -67.528  12.058 0.0000000000
12506  39.409  -68.496  11.110 0.0000000000
12507  38.527  -68.629  11.440 0.0000000000
12508  37.012  -68.872  11.742 0.0000000000
12509  36.140  -68.819  11.955 0.0000000000
12510  35.236  -68.774  12.057 0.0000000000
12511  34.360  -68.700  11.986 0.0000000000
12512  33.169  -68.259  11.708 0.0000000000
12513  32.692  -68.440  11.073 0.0000000000
12520  32.595  -68.453  10.205 0.0000000000
12527  32.718  -68.394  9.375 0.0000000000
12533  33.281  -68.262  7.969 0.0000000000
12534  33.039  -68.682  8.699 0.0000000000
12545  33.827  -68.615  7.328 0.0000000000
12555  33.934  -68.298  6.606 0.0000000000
12566  35.449  -69.291  5.505 0.0000000000
12567  34.581  -68.656  5.927 0.0000000000
12568  33.837  -67.930  5.849 0.0000000000
12578  35.874  -69.309  4.551 0.0000000000
12579  34.863  -68.657  5.015 0.0000000000
12594  37.075  -69.279  3.172 0.0000000000
12595  35.964  -68.982  3.540 0.0000000000
12596  35.021  -68.476  4.068 0.0000000000
12617  38.124  -69.036  2.387 0.0000000000
12618  37.626  -68.861  2.477 0.0000000000
12619  36.369  -68.629  2.690 0.0000000000
12632  37.943  -68.365  1.583 0.0000000000
12633  37.943  -68.469  1.806 0.0000000000
12646  38.076  -68.000  0.816 0.0000000000
12658  37.695  -68.032  -0.093 0.0000000000
12659  37.112  -68.175  -0.884 0.0000000000
12678  37.690  -67.213  -0.666 0.0000000000
12689  35.995  -68.332  -2.485 0.0000000000
12691  28.270  -68.766  -2.696 0.0000000000
12692  27.501  -68.608  -3.428 0.0000000000
12693  26.939  -68.598  -3.878 0.0000000000
12700  35.439  -68.611  -2.998 0.0000000000
12701  34.740  -68.748  -3.461 0.0000000000
12702  33.866  -68.670  -3.802 0.0000000000
12703  33.131  -68.895  -3.881 0.0000000000
12704  28.993  -68.320  -2.886 0.0000000000
12705  28.254  -68.145  -3.646 0.0000000000
12706  27.730  -68.232  -4.210 0.0000000000
12707  26.953  -68.650  -4.319 0.0000000000
12708  32.892  -67.810  -4.320 0.0000000000
12709  32.235  -68.547  -4.391 0.0000000000
12710  31.387  -67.754  -5.162 0.0000000000
12711  30.695  -68.156  -5.401 0.0000000000
12712  27.694  -68.382  -4.695 0.0000000000
12713  30.739  -67.077  -5.506 0.0000000000
12714  30.026  -67.407  -5.539 0.0000000000
12715  29.372  -68.014  -5.477 0.0000000000
12716  28.249  -68.248  -5.160 0.0000000000
12717  27.036  -68.838  -4.888 0.0000000000
13436  38.979  -67.143  12.205 0.0000000000
13437  37.992  -67.413  12.334 0.0000000000
13438  37.212  -67.611  12.366 0.0000000000
13439  36.464  -67.388  12.518 0.0000000000
13440  34.489  -67.164  12.590 0.0000000000
13441  32.910  -66.870  12.188 0.0000000000
13447  39.734  -67.685  11.475 0.0000000000
13448  38.719  -67.964  11.807 0.0000000000
13449  32.567  -67.164  11.644 0.0000000000
13455  32.381  -67.615  10.790 0.0000000000
13460  32.461  -67.642  9.649 0.0000000000
13470  32.895  -67.541  7.873 0.0000000000
13471  32.772  -67.867  8.720 0.0000000000
13483  33.416  -67.933  7.233 0.0000000000
13495  33.385  -67.616  6.472 0.0000000000
13496  32.906  -67.270  7.080 0.0000000000
13507  34.231  -68.142  5.299 0.0000000000
13508  33.736  -67.510  5.068 0.0000000000
13521  34.275  -67.925  4.557 0.0000000000
13533  35.247  -68.181  3.126 0.0000000000
13534  34.420  -67.596  3.680 0.0000000000
13545  36.923  -68.229  1.931 0.0000000000
13546  35.699  -67.826  2.286 0.0000000000
13547  34.737  -67.262  2.811 0.0000000000
13562  37.904  -67.865  1.168 0.0000000000
13563  37.504  -67.700  1.267 0.0000000000
13564  36.292  -67.412  1.541 0.0000000000
13578  37.786  -67.425  0.482 0.0000000000
13579  37.558  -67.157  0.613 0.0000000000
13597  37.911  -67.215  0.018 0.0000000000
13613  37.666  -66.510  -1.260 0.0000000000
13614  37.193  -67.420  -1.487 0.0000000000
13620  37.269  -66.685  -1.992 0.0000000000
13621  36.589  -67.578  -2.234 0.0000000000
13622  35.973  -67.716  -2.856 0.0000000000
13623  32.306  -66.491  -2.112 0.0000000000
13624  31.705  -67.007  -2.321 0.0000000000
13625  29.804  -67.739  -3.105 0.0000000000
13628  36.598  -66.835  -2.601 0.0000000000
13629  35.846  -66.977  -3.186 0.0000000000
13630  34.422  -67.861  -3.741 0.0000000000
13631  33.646  -67.646  -4.051 0.0000000000
13632  31.083  -66.376  -3.515 0.0000000000
13633  30.172  -66.696  -3.864 0.0000000000
13634  29.362  -66.981  -4.404 0.0000000000
13635  28.600  -67.627  -4.389 0.0000000000
13636  33.932  -66.883  -4.059 0.0000000000
13637  33.100  -66.759  -4.516 0.0000000000
13638  32.257  -66.538  -5.006 0.0000000000
13639  31.343  -66.512  -5.341 0.0000000000
13640  29.113  -67.066  -4.908 0.0000000000
13641  28.389  -67.825  -4.725 0.0000000000
13642  30.695  -66.345  -5.404 0.0000000000
13643  30.356  -66.634  -5.445 0.0000000000
13644  29.396  -67.236  -5.291 0.0000000000
13645  28.821  -67.672  -5.198 0.0000000000
14294  39.123  -66.252  12.390 0.0000000000
14295  38.160  -66.558  12.522 0.0000000000
14296  37.219  -66.807  12.590 0.0000000000
14297  36.317  -66.547  12.674 0.0000000000
14298  35.486  -67.138  12.651 0.0000000000
14299  34.912  -66.571  12.715 0.0000000000
14300  34.262  -66.411  12.702 0.0000000000
14301  33.107  -66.279  12.375 0.0000000000
14306  32.577  -66.383  11.874 0.0000000000
14309  32.243  -66.654  11.098 0.0000000000
14312  32.189  -66.850  10.173 0.0000000000
14324  32.298  -66.900  9.285 0.0000000000
14336  32.409  -66.716  7.735 0.0000000000
14344  32.866  -66.960  6.325 0.0000000000
14352  33.287  -67.220  5.684 0.0000000000
14353  32.807  -66.518  5.619 0.0000000000
14362  33.788  -67.125  4.245 0.0000000000
14363  33.245  -66.679  4.852 0.0000000000
14364  32.751  -66.068  5.037 0.0000000000
14370  33.985  -66.609  3.398 0.0000000000
14371  33.462  -66.406  4.067 0.0000000000
14381  35.225  -66.913  2.026 0.0000000000
14382  34.883  -66.056  1.780 0.0000000000
14394  36.854  -66.953  0.826 0.0000000000
14395  35.781  -66.542  1.271 0.0000000000
14411  37.723  -66.620  -0.145 0.0000000000
14412  37.343  -66.436  0.117 0.0000000000
14413  36.364  -66.111  0.535 0.0000000000
14428  32.477  -66.163  -1.553 0.0000000000
14432  37.631  -65.869  -1.707 0.0000000000
14433  37.234  -65.972  -2.337 0.0000000000
14434  32.611  -65.539  -2.663 0.0000000000
14435  31.896  -65.946  -3.189 0.0000000000
14437  36.431  -66.083  -2.854 0.0000000000
14438  35.409  -66.079  -3.402 0.0000000000
14439  34.212  -65.873  -3.983 0.0000000000
14440  32.113  -65.121  -3.975 0.0000000000
14441  31.330  -65.530  -4.512 0.0000000000
14442  30.508  -65.989  -4.661 0.0000000000
14443  29.885  -66.351  -4.727 0.0000000000
14444  33.306  -65.876  -4.526 0.0000000000
14445  31.781  -65.620  -5.126 0.0000000000
14446  30.913  -65.788  -5.184 0.0000000000
14447  30.163  -66.155  -5.090 0.0000000000
14448  29.639  -66.500  -4.943 0.0000000000
14449  30.397  -66.203  -5.312 0.0000000000
14450  29.827  -66.590  -5.247 0.0000000000
15128  39.284  -65.405  12.336 0.0000000000
15129  38.212  -65.608  12.513 0.0000000000
15130  37.219  -65.546  12.520 0.0000000000
15131  36.279  -65.686  12.604 0.0000000000
15132  35.536  -66.232  12.716 0.0000000000
15133  34.828  -65.933  12.736 0.0000000000
15134  33.420  -65.651  12.490 0.0000000000
15135  32.775  -65.650  12.138 0.0000000000
15143  32.269  -65.685  11.349 0.0000000000
15147  31.861  -65.411  10.469 0.0000000000
15151  31.898  -66.089  9.661 0.0000000000
15152  31.623  -65.171  9.658 0.0000000000
15163  31.829  -65.882  7.971 0.0000000000
15164  31.443  -65.069  8.206 0.0000000000
15181  32.047  -66.102  7.088 0.0000000000
15182  31.586  -65.311  7.272 0.0000000000
15192  32.399  -66.295  6.307 0.0000000000
15193  31.869  -65.582  6.389 0.0000000000
15205  32.338  -65.831  5.621 0.0000000000
15206  31.815  -65.088  5.642 0.0000000000
15214  33.016  -65.903  4.374 0.0000000000
15221  33.901  -65.884  2.908 0.0000000000
15222  33.423  -65.727  3.555 0.0000000000
15223  32.824  -65.172  3.994 0.0000000000
15230  34.247  -65.565  2.294 0.0000000000
15231  33.645  -65.125  2.793 0.0000000000
15241  35.418  -65.666  1.059 0.0000000000
15242  34.681  -65.212  1.579 0.0000000000
15252  37.575  -65.864  -0.601 0.0000000000
15253  36.886  -65.636  -0.225 0.0000000000
15254  35.957  -65.241  0.297 0.0000000000
15264  37.574  -65.284  -1.170 0.0000000000
15265  37.289  -65.106  -0.870 0.0000000000
15266  32.394  -65.549  -0.874 0.0000000000
15274  37.600  -65.341  -1.478 0.0000000000
15275  33.536  -64.182  -2.685 0.0000000000
15276  33.061  -65.099  -1.855 0.0000000000
15281  37.529  -65.226  -2.068 0.0000000000
15282  37.010  -65.266  -2.565 0.0000000000
15283  32.935  -64.742  -3.487 0.0000000000
15284  36.042  -65.283  -3.044 0.0000000000
15285  34.830  -65.024  -3.580 0.0000000000
15286  33.861  -64.960  -4.152 0.0000000000
15287  33.238  -64.829  -4.334 0.0000000000
15288  32.633  -65.048  -4.518 0.0000000000
15289  31.847  -65.351  -4.895 0.0000000000
15290  33.396  -65.219  -4.423 0.0000000000
15291  32.754  -65.179  -4.707 0.0000000000
15292  32.249  -65.259  -4.934 0.0000000000
16020  38.646  -64.790  12.265 0.0000000000
16021  37.681  -64.900  12.302 0.0000000000
16022  36.730  -64.983  12.337 0.0000000000
16023  35.791  -64.996  12.430 0.0000000000
16024  34.781  -65.120  12.532 0.0000000000
16025  33.816  -65.038  12.474 0.0000000000
16026  33.138  -65.110  12.306 0.0000000000
16034  39.052  -64.080  11.888 0.0000000000
16035  37.146  -64.386  11.835 0.0000000000
16036  36.242  -64.407  11.946 0.0000000000
16037  35.266  -64.380  12.128 0.0000000000
16038  34.259  -64.342  12.233 0.0000000000
16039  33.324  -64.459  12.122 0.0000000000
16040  32.639  -64.897  11.850 0.0000000000
16043  32.152  -64.744  11.108 0.0000000000
16044  31.768  -64.585  10.348 0.0000000000
16046  31.481  -64.374  9.588 0.0000000000
16051  31.173  -64.209  8.658 0.0000000000
16065  31.165  -64.422  7.502 0.0000000000
16087  32.402  -65.332  4.844 0.0000000000
16095  32.305  -64.498  4.373 0.0000000000
16096  31.879  -64.608  5.037 0.0000000000
16104  33.244  -64.415  2.992 0.0000000000
16105  32.772  -64.431  3.633 0.0000000000
16114  34.099  -64.769  2.055 0.0000000000
16115  33.657  -64.399  2.439 0.0000000000
16124  35.171  -64.800  0.860 0.0000000000
16125  34.556  -64.379  1.377 0.0000000000
16126  33.978  -63.869  1.818 0.0000000000
16136  36.513  -64.746  -0.457 0.0000000000
16137  35.674  -64.328  0.066 0.0000000000
16138  35.014  -63.932  0.669 0.0000000000
16146  37.387  -64.724  -1.402 0.0000000000
16147  36.885  -64.231  -1.098 0.0000000000
16148  36.325  -63.739  -0.682 0.0000000000
16149  31.724  -64.665  -0.626 0.0000000000
16161  37.466  -64.723  -1.667 0.0000000000
16162  37.218  -64.036  -1.765 0.0000000000
16163  33.735  -63.480  -2.296 0.0000000000
16164  33.207  -64.035  -1.620 0.0000000000
16165  32.192  -63.756  -1.040 0.0000000000
16166  30.941  -63.825  -0.885 0.0000000000
16173  37.544  -64.802  -1.999 0.0000000000
16174  37.230  -64.464  -2.299 0.0000000000
16175  36.510  -63.987  -2.778 0.0000000000
16176  34.039  -63.796  -3.063 0.0000000000
16177  36.610  -64.682  -2.768 0.0000000000
16178  35.750  -64.480  -3.121 0.0000000000
16179  34.813  -64.120  -3.360 0.0000000000
16180  34.246  -63.951  -3.369 0.0000000000
16914  39.534  -63.422  11.413 0.0000000000
16915  38.327  -63.516  11.232 0.0000000000
16916  37.403  -63.827  11.195 0.0000000000
16917  36.655  -63.947  11.250 0.0000000000
16918  35.790  -63.857  11.456 0.0000000000
16919  34.758  -63.754  11.712 0.0000000000
16920  33.710  -63.708  11.761 0.0000000000
16921  32.700  -63.981  11.485 0.0000000000
16923  39.028  -62.854  10.904 0.0000000000
16924  38.155  -63.143  10.488 0.0000000000
16925  37.465  -63.504  10.291 0.0000000000
16926  36.977  -63.613  9.912 0.0000000000
16927  36.307  -63.495  10.453 0.0000000000
16928  34.276  -63.115  11.216 0.0000000000
16929  33.187  -63.120  11.173 0.0000000000
16930  32.372  -63.430  10.761 0.0000000000
16931  31.789  -63.813  10.248 0.0000000000
16933  37.824  -63.219  9.660 0.0000000000
16934  37.318  -63.506  9.208 0.0000000000
16935  36.768  -63.474  9.455 0.0000000000
16936  36.161  -63.115  9.718 0.0000000000
16937  31.447  -63.555  9.513 0.0000000000
16944  37.760  -63.463  8.633 0.0000000000
16945  37.505  -63.555  8.412 0.0000000000
16946  36.973  -63.499  8.451 0.0000000000
16947  31.091  -63.250  8.750 0.0000000000
16958  37.858  -63.650  7.969 0.0000000000
16959  37.560  -63.572  7.982 0.0000000000
16960  30.750  -62.827  8.023 0.0000000000
16972  31.084  -63.899  6.347 0.0000000000
16973  30.742  -63.086  6.387 0.0000000000
16994  31.813  -62.925  4.232 0.0000000000
16995  31.681  -63.764  4.802 0.0000000000
17004  32.844  -63.708  3.212 0.0000000000
17005  32.429  -62.926  3.503 0.0000000000
17012  33.398  -63.736  2.537 0.0000000000
17013  33.053  -62.927  2.758 0.0000000000
17019  34.320  -62.993  1.339 0.0000000000
17020  33.683  -62.994  2.025 0.0000000000
17026  35.588  -63.316  -0.066 0.0000000000
17027  34.919  -63.036  0.627 0.0000000000
17037  36.796  -63.265  -1.510 0.0000000000
17038  36.315  -62.606  -0.859 0.0000000000
17044  37.336  -64.074  -2.004 0.0000000000
17045  36.989  -63.026  -2.005 0.0000000000
17046  33.590  -62.696  -1.989 0.0000000000
17047  32.886  -63.183  -1.520 0.0000000000
17048  32.103  -62.838  -1.355 0.0000000000
17049  31.168  -63.030  -1.339 0.0000000000
17050  30.098  -63.259  -1.369 0.0000000000
17054  36.927  -63.512  -2.307 0.0000000000
17055  34.770  -62.667  -2.876 0.0000000000
17056  34.204  -63.013  -2.664 0.0000000000
17057  36.122  -63.215  -2.837 0.0000000000
17058  35.045  -63.328  -3.135 0.0000000000
17059  34.481  -63.409  -3.018 0.0000000000
17810  40.045  -62.820  11.024 0.0000000000
17812  38.612  -62.589  10.201 0.0000000000
17813  35.190  -62.847  10.374 0.0000000000
17814  33.746  -62.429  10.576 0.0000000000
17815  32.659  -62.674  10.514 0.0000000000
17816  31.927  -63.060  10.125 0.0000000000
17819  39.195  -61.795  9.900 0.0000000000
17820  38.249  -62.715  9.315 0.0000000000
17821  36.562  -63.180  8.924 0.0000000000
17822  35.642  -62.576  9.442 0.0000000000
17823  34.583  -62.119  9.855 0.0000000000
17824  32.912  -61.989  10.096 0.0000000000
17825  32.177  -62.368  9.837 0.0000000000
17826  31.555  -62.758  9.426 0.0000000000
17832  38.051  -63.441  8.279 0.0000000000
17833  36.813  -63.231  8.171 0.0000000000
17834  36.043  -62.490  8.603 0.0000000000
17835  35.109  -61.847  9.075 0.0000000000
17836  31.150  -62.452  8.757 0.0000000000
17837  30.803  -62.124  8.240 0.0000000000
17846  38.071  -63.579  7.635 0.0000000000
17847  37.988  -63.611  7.367 0.0000000000
17848  37.185  -63.230  7.503 0.0000000000
17849  36.359  -62.454  7.806 0.0000000000
17850  30.575  -62.073  7.513 0.0000000000
17863  39.391  -63.473  5.928 0.0000000000
17864  38.835  -63.420  6.277 0.0000000000
17865  38.216  -63.401  6.591 0.0000000000
17866  37.470  -63.130  6.839 0.0000000000
17867  30.551  -62.362  6.659 0.0000000000
17877  40.126  -63.568  5.475 0.0000000000
17878  39.477  -63.502  5.411 0.0000000000
17879  38.278  -63.091  5.788 0.0000000000
17880  30.846  -62.655  5.718 0.0000000000
17889  41.527  -63.614  4.179 0.0000000000
17890  40.844  -63.768  4.886 0.0000000000
17891  40.537  -63.417  4.139 0.0000000000
17892  39.973  -63.605  4.842 0.0000000000
17893  31.504  -62.111  4.533 0.0000000000
17894  31.295  -62.828  5.004 0.0000000000
17900  32.078  -62.150  3.820 0.0000000000
17908  32.726  -62.125  3.092 0.0000000000
17913  34.788  -62.026  0.779 0.0000000000
17914  34.114  -62.292  1.578 0.0000000000
17927  36.589  -62.188  -1.633 0.0000000000
17928  36.120  -61.530  -0.892 0.0000000000
17934  33.696  -61.705  -2.011 0.0000000000
17935  32.673  -62.193  -1.614 0.0000000000
17936  31.491  -62.291  -1.430 0.0000000000
17937  30.520  -62.537  -1.381 0.0000000000
17938  29.528  -62.716  -1.407 0.0000000000
17941  36.530  -62.571  -2.360 0.0000000000
17942  36.068  -61.771  -2.395 0.0000000000
17943  35.140  -61.852  -2.665 0.0000000000
17944  34.318  -62.158  -2.490 0.0000000000
18752  40.476  -61.212  10.303 0.0000000000
18758  38.849  -61.472  9.256 0.0000000000
18759  34.075  -61.503  9.380 0.0000000000
18760  33.149  -61.465  9.533 0.0000000000
18761  32.378  -61.711  9.475 0.0000000000
18762  31.705  -62.035  9.243 0.0000000000
18775  38.264  -62.782  8.456 0.0000000000
18776  35.519  -61.713  8.235 0.0000000000
18777  34.563  -61.216  8.655 0.0000000000
18778  33.529  -60.912  8.940 0.0000000000
18779  32.585  -61.097  9.075 0.0000000000
18780  31.256  -61.712  8.668 0.0000000000
18781  30.786  -61.479  8.107 0.0000000000
18791  38.565  -62.959  7.467 0.0000000000
18792  36.654  -62.424  7.069 0.0000000000
18793  35.911  -61.573  7.473 0.0000000000
18794  35.064  -60.952  7.968 0.0000000000
18795  30.581  -61.172  7.461 0.0000000000
18803  39.630  -63.300  6.159 0.0000000000
18804  38.985  -63.357  6.588 0.0000000000
18805  37.539  -62.737  6.175 0.0000000000
18806  36.305  -61.436  6.702 0.0000000000
18807  30.487  -61.582  6.737 0.0000000000
18819  40.861  -63.592  5.300 0.0000000000
18820  40.227  -63.273  5.779 0.0000000000
18821  38.711  -63.014  5.194 0.0000000000
18822  38.088  -62.229  5.141 0.0000000000
18823  37.517  -61.992  5.536 0.0000000000
18824  30.781  -61.279  5.529 0.0000000000
18825  30.545  -61.215  6.144 0.0000000000
18839  42.074  -63.410  4.644 0.0000000000
18840  41.428  -63.743  4.875 0.0000000000
18841  39.499  -62.407  4.118 0.0000000000
18842  39.174  -63.018  4.761 0.0000000000
18843  38.562  -61.906  4.580 0.0000000000
18844  31.800  -61.366  4.145 0.0000000000
18845  31.232  -61.324  4.833 0.0000000000
18854  40.975  -62.806  3.356 0.0000000000
18855  40.163  -62.310  3.571 0.0000000000
18856  32.447  -61.366  3.473 0.0000000000
18864  33.790  -61.119  2.175 0.0000000000
18865  33.141  -61.277  2.774 0.0000000000
18873  35.014  -61.000  0.695 0.0000000000
18874  34.362  -61.317  1.491 0.0000000000
18880  35.668  -60.889  -0.601 0.0000000000
18881  35.481  -61.279  -0.009 0.0000000000
18882  30.114  -61.510  -0.248 0.0000000000
18883  29.102  -61.628  -0.053 0.0000000000
18893  36.271  -61.373  -1.631 0.0000000000
18894  35.938  -60.923  -1.157 0.0000000000
18895  31.503  -61.315  -1.076 0.0000000000
18896  30.586  -61.716  -0.971 0.0000000000
18897  29.559  -62.095  -0.880 0.0000000000
18904  36.586  -61.923  -2.014 0.0000000000
18905  35.702  -60.821  -1.709 0.0000000000
18906  34.926  -60.682  -2.016 0.0000000000
18907  34.016  -60.911  -1.881 0.0000000000
18908  33.007  -61.255  -1.628 0.0000000000
18909  31.974  -61.608  -1.387 0.0000000000
18910  30.983  -61.900  -1.347 0.0000000000
18911  30.219  -62.197  -1.221 0.0000000000
18912  35.499  -61.184  -2.286 0.0000000000
18913  34.599  -61.333  -2.316 0.0000000000
19757  38.524  -61.583  8.406 0.0000000000
19758  34.187  -60.568  8.406 0.0000000000
19759  33.452  -60.268  8.566 0.0000000000
19760  32.767  -60.400  8.740 0.0000000000
19761  31.571  -60.229  8.514 0.0000000000
19762  31.036  -60.271  8.201 0.0000000000
19767  38.710  -61.544  7.472 0.0000000000
19768  35.505  -60.618  7.267 0.0000000000
19769  34.708  -60.216  7.879 0.0000000000
19770  30.637  -60.357  7.585 0.0000000000
19780  39.697  -61.870  6.168 0.0000000000
19781  39.131  -62.337  6.754 0.0000000000
19782  36.499  -60.757  6.170 0.0000000000
19783  36.019  -60.493  6.671 0.0000000000
19784  30.487  -60.671  6.726 0.0000000000
19795  41.242  -61.640  5.279 0.0000000000
19796  40.639  -62.625  5.609 0.0000000000
19797  37.723  -61.031  4.934 0.0000000000
19798  37.048  -60.920  5.597 0.0000000000
19799  31.016  -60.555  5.170 0.0000000000
19800  30.632  -60.560  5.885 0.0000000000
19813  38.953  -60.995  3.987 0.0000000000
19814  32.239  -60.602  3.822 0.0000000000
19815  31.597  -60.547  4.482 0.0000000000
19824  40.402  -61.448  3.114 0.0000000000
19825  39.647  -61.230  3.532 0.0000000000
19826  33.417  -59.675  3.040 0.0000000000
19827  32.911  -60.558  3.185 0.0000000000
19837  34.470  -59.687  1.808 0.0000000000
19838  33.742  -60.327  2.479 0.0000000000
19845  34.825  -60.204  1.090 0.0000000000
19846  34.294  -60.534  1.824 0.0000000000
19847  30.083  -60.484  1.241 0.0000000000
19848  29.068  -60.471  1.185 0.0000000000
19853  35.229  -60.444  0.098 0.0000000000
19854  31.605  -60.408  0.032 0.0000000000
19855  30.620  -60.856  0.357 0.0000000000
19856  29.615  -61.113  0.608 0.0000000000
19864  35.401  -60.419  -0.869 0.0000000000
19865  34.687  -60.083  -0.908 0.0000000000
19866  33.862  -59.984  -0.986 0.0000000000
19867  32.933  -60.234  -0.900 0.0000000000
19868  32.018  -60.642  -0.724 0.0000000000
19869  31.092  -61.090  -0.522 0.0000000000
19870  35.068  -60.431  -1.460 0.0000000000
19871  34.360  -60.390  -1.498 0.0000000000
19872  33.426  -60.562  -1.398 0.0000000000
19873  32.436  -60.887  -1.251 0.0000000000
20710  33.931  -59.817  8.333 0.0000000000
20711  33.006  -59.483  8.622 0.0000000000
20712  32.122  -59.813  8.666 0.0000000000
20713  31.340  -59.503  8.376 0.0000000000
20714  30.809  -59.782  7.980 0.0000000000
20719  39.338  -58.790  6.816 0.0000000000
20720  38.977  -59.625  7.158 0.0000000000
20721  35.106  -59.825  7.461 0.0000000000
20722  34.564  -59.412  7.935 0.0000000000
20723  30.579  -59.665  7.360 0.0000000000
20732  39.014  -60.860  6.854 0.0000000000
20733  36.268  -59.884  6.378 0.0000000000
20734  35.667  -59.778  6.957 0.0000000000
20735  30.567  -59.695  6.402 0.0000000000
20747  41.852  -60.642  5.043 0.0000000000
20748  40.831  -59.981  5.325 0.0000000000
20749  40.151  -59.559  5.768 0.0000000000
20750  36.727  -59.332  5.959 0.0000000000
20751  31.438  -59.634  4.880 0.0000000000
20765  42.463  -62.478  4.957 0.0000000000
20766  38.704  -59.910  3.952 0.0000000000
20767  37.979  -59.651  4.617 0.0000000000
20768  32.209  -59.679  4.139 0.0000000000
20779  39.927  -60.290  3.177 0.0000000000
20781  33.887  -58.692  2.920 0.0000000000
20782  33.085  -59.098  3.551 0.0000000000
20792  34.505  -58.820  1.855 0.0000000000
20793  34.129  -59.274  2.426 0.0000000000
20794  29.815  -58.963  2.265 0.0000000000
20798  34.675  -59.185  1.202 0.0000000000
20799  32.702  -58.615  1.083 0.0000000000
20800  31.494  -59.254  1.487 0.0000000000
20801  30.467  -59.684  1.761 0.0000000000
20802  29.451  -59.781  1.717 0.0000000000
20805  34.941  -59.863  -0.150 0.0000000000
20806  34.541  -59.238  0.555 0.0000000000
20807  33.889  -59.138  0.293 0.0000000000
20808  33.057  -59.224  0.274 0.0000000000
20809  32.116  -59.611  0.572 0.0000000000
20810  31.105  -60.153  0.978 0.0000000000
20817  34.268  -59.622  -0.285 0.0000000000
20818  33.424  -59.658  -0.365 0.0000000000
20819  32.531  -59.944  -0.251 0.0000000000
21658  33.836  -58.822  8.390 0.0000000000
21659  32.966  -58.564  8.704 0.0000000000
21660  32.076  -58.784  8.716 0.0000000000
21661  31.242  -58.548  8.375 0.0000000000
21662  30.773  -59.129  7.934 0.0000000000
21671  35.257  -58.991  7.431 0.0000000000
21672  34.607  -58.667  7.993 0.0000000000
21673  30.544  -58.914  7.129 0.0000000000
21684  39.904  -58.765  6.169 0.0000000000
21685  36.081  -58.957  6.679 0.0000000000
21686  35.763  -58.106  7.135 0.0000000000
21687  30.720  -58.613  6.290 0.0000000000
21700  42.401  -59.747  5.111 0.0000000000
21701  40.583  -58.808  5.627 0.0000000000
21702  37.381  -58.736  5.365 0.0000000000
21703  36.669  -58.444  6.176 0.0000000000
21704  31.857  -58.370  4.877 0.0000000000
21705  31.173  -58.274  5.631 0.0000000000
21717  38.608  -59.061  4.076 0.0000000000
21718  38.165  -58.483  4.581 0.0000000000
21719  32.634  -58.602  4.129 0.0000000000
21730  34.202  -57.886  2.595 0.0000000000
21731  33.623  -57.882  3.408 0.0000000000
21739  34.440  -58.527  1.517 0.0000000000
21740  34.431  -58.127  1.986 0.0000000000
21741  30.519  -58.235  2.477 0.0000000000
21745  34.268  -58.057  1.571 0.0000000000
21746  33.685  -57.985  1.367 0.0000000000
21747  30.777  -58.946  2.149 0.0000000000
21751  34.451  -58.662  1.155 0.0000000000
21752  34.171  -58.552  0.944 0.0000000000
21753  33.574  -58.647  0.747 0.0000000000
22579  33.436  -57.933  8.676 0.0000000000
22580  32.517  -57.856  8.834 0.0000000000
22581  31.689  -57.801  8.692 0.0000000000
22582  31.053  -57.729  8.328 0.0000000000
22594  35.222  -57.482  7.727 0.0000000000
22595  34.377  -57.913  8.262 0.0000000000
22596  30.696  -57.518  7.695 0.0000000000
22609  36.453  -57.735  6.528 0.0000000000
22610  31.067  -56.688  6.225 0.0000000000
22611  30.696  -57.143  6.911 0.0000000000
22624  37.764  -57.766  5.132 0.0000000000
22625  37.116  -57.739  5.826 0.0000000000
22626  31.693  -56.631  5.407 0.0000000000
22627  30.991  -57.579  6.110 0.0000000000
22642  32.953  -57.441  4.139 0.0000000000
22643  32.348  -57.041  4.765 0.0000000000
22653  33.874  -57.219  2.788 0.0000000000
22654  33.477  -56.846  3.443 0.0000000000
22662  33.748  -57.167  2.401 0.0000000000
22663  33.200  -56.784  2.510 0.0000000000
22664  31.384  -57.335  2.567 0.0000000000
22670  33.989  -57.504  1.868 0.0000000000
22671  33.470  -57.344  1.951 0.0000000000
22672  32.596  -57.262  2.170 0.0000000000
23466  32.880  -56.294  9.213 0.0000000000
23467  32.172  -55.949  9.265 0.0000000000
23481  34.625  -56.959  8.298 0.0000000000
23482  31.563  -56.186  8.909 0.0000000000
23483  30.956  -56.262  8.300 0.0000000000
23495  36.019  -57.143  7.083 0.0000000000
23496  34.883  -56.058  8.316 0.0000000000
23497  30.732  -55.891  7.524 0.0000000000
23510  37.351  -56.097  6.104 0.0000000000
23511  36.909  -56.787  6.286 0.0000000000
23512  31.338  -55.832  5.862 0.0000000000
23513  30.792  -56.286  6.806 0.0000000000
23523  37.652  -56.544  5.627 0.0000000000
23524  31.970  -55.787  5.040 0.0000000000
23537  38.034  -57.046  5.082 0.0000000000
23538  32.756  -55.798  3.928 0.0000000000
23539  32.472  -56.092  4.560 0.0000000000
23555  33.460  -56.621  2.893 0.0000000000
23556  33.125  -56.177  3.450 0.0000000000
23557  31.976  -55.594  3.436 0.0000000000
23566  32.742  -56.135  3.002 0.0000000000
23567  31.282  -56.373  2.993 0.0000000000
24438  35.707  -55.734  7.711 0.0000000000
24451  36.865  -55.828  6.611 0.0000000000
24452  31.204  -54.992  5.844 0.0000000000
24453  30.837  -55.465  6.685 0.0000000000
24464  31.728  -55.231  5.084 0.0000000000
24475  32.225  -55.489  4.389 0.0000000000
24488  32.174  -55.339  3.917 0.0000000000
25422  31.721  -54.996  4.418 0.0000000000
114795  27.725  -68.745  -5.174 0.0000000000
115326  31.868  -74.508  -0.541 0.0000000000
115501  33.594  -71.916  7.881 0.0000000000
115676  32.027  -67.432  -4.905 0.0000000000
115767  32.522  -66.685  6.895 0.0000000000
115848  40.235  -60.834  5.656 0.0000000000
116078  30.877  -63.628  7.952 0.0000000000
116096  34.151  -57.577  2.199 0.0000000000
116166  25.871  -69.421  -2.530 0.0000000000
116272  36.477  -70.244  0.092 0.0000000000
116747  32.733  -59.951  3.549 0.0000000000
116823  39.533  -59.951  6.309 0.0000000000
116898  32.643  -55.845  3.562 0.0000000000
116927  33.957  -64.474  -3.822 0.0000000000
117030  33.873  -56.415  8.854 0.0000000000
117104  39.950  -62.151  10.508 0.0000000000
117134  34.542  -63.651  1.184 0.0000000000
117149  26.999  -70.321  -5.348 0.0000000000
117339  35.291  -63.391  11.068 0.0000000000
117395  34.116  -69.317  7.399 0.0000000000
117526  27.034  -71.051  -5.361 0.0000000000
117613  29.124  -75.915  -2.896 0.0000000000
117878  34.883  -66.980  -3.627 0.0000000000
118065  33.759  -71.930  -3.648 0.0000000000
118173  32.292  -63.705  3.954 0.0000000000
118243  31.337  -60.929  8.480 0.0000000000
118244  33.079  -57.138  8.952 0.0000000000
118451  35.275  -67.872  -3.358 0.0000000000
118526  36.923  -61.717  6.065 0.0000000000
118698  36.913  -66.115  12.644 0.0000000000
118811  33.624  -70.359  10.717 0.0000000000
118857  30.572  -58.024  6.981 0.0000000000
118871  32.534  -65.848  -4.935 0.0000000000
119029  28.502  -72.253  -1.943 0.0000000000
119507  36.923  -63.524  8.882 0.0000000000
119518  38.439  -63.412  6.877 0.0000000000
119584  32.515  -67.124  8.549 0.0000000000
119830  27.499  -73.289  -1.255 0.0000000000
120162  31.006  -62.031  5.256 0.0000000000
120198  30.712  -58.326  7.817 0.0000000000
120361  31.459  -64.262  5.641 0.0000000000
120554  36.952  -63.736  10.577 0.0000000000
120742  34.064  -70.339  -3.536 0.0000000000
120758  32.909  -57.757  1.588 0.0000000000
120878  37.721  -65.857  -0.854 0.0000000000
121002  35.633  -62.493  -2.791 0.0000000000
121011  35.036  -58.223  7.728 0.0000000000
121250  31.597  -57.596  5.364 0.0000000000
121297  31.120  -70.781  -3.461 0.0000000000
121532  36.728  -60.146  5.860 0.0000000000
121941  36.258  -56.237  7.102 0.0000000000
122344  33.180  -64.988  3.384 0.0000000000
122406  33.018  -56.443  4.063 0.0000000000
122476  30.800  -60.844  8.020 0.0000000000
122510  33.872  -57.287  8.655 0.0000000000
122537  30.839  -59.918  5.537 0.0000000000
122589  37.533  -66.105  12.615 0.0000000000
122890  35.563  -62.260  -0.072 0.0000000000
122922  32.034  -66.150  10.550 0.0000000000
123001  34.835  -59.771  0.551 0.0000000000
123082  38.040  -70.530  2.989 0.0000000000
123216  31.399  -64.699  6.511 0.0000000000
123445  30.848  -63.648  7.113 0.0000000000
123492  35.503  -73.938  3.567 0.0000000000
123513  35.152  -70.258  -2.556 0.0000000000
123570  31.332  -71.715  -3.072 0.0000000000
123645  32.107  -64.081  10.829 0.0000000000
123893  35.466  -56.591  7.713 0.0000000000
123992  37.726  -66.448  -0.625 0.0000000000
124276  33.544  -68.955  8.020 0.0000000000
124282  30.716  -56.706  7.619 0.0000000000
124388  33.097  -71.713  -0.473 0.0000000000
124514  30.587  -61.961  5.991 0.0000000000
124989  38.776  -60.305  7.521 0.0000000000
125042  31.875  -61.347  8.968 0.0000000000
125050  31.361  -57.003  8.623 0.0000000000
125175  32.700  -67.833  11.494 0.0000000000
125305  28.823  -68.400  -5.394 0.0000000000
125414  33.654  -61.838  9.961 0.0000000000
125649  37.247  -59.943  5.364 0.0000000000
125692  30.711  -74.986  -3.243 0.0000000000
125720  38.333  -60.648  4.383 0.0000000000
126206  37.893  -69.070  11.402 0.0000000000
126225  38.037  -64.235  11.837 0.0000000000
126289  31.323  -54.654  5.099 0.0000000000
126385  30.745  -74.247  -3.372 0.0000000000
126427  30.896  -57.065  8.203 0.0000000000
126707  38.158  -68.710  1.995 0.0000000000
127118  33.388  -73.187  3.573 0.0000000000
127145  33.514  -62.027  2.271 0.0000000000
127181  36.063  -70.706  0.337 0.0000000000
127975  30.990  -59.095  5.554 0.0000000000
128050  30.829  -67.423  -2.698 0.0000000000
128154  31.755  -58.214  1.988 0.0000000000
128398  36.562  -73.033  4.218 0.0000000000
128432  33.599  -66.922  12.477 0.0000000000
128538  32.040  -60.631  8.772 0.0000000000
128554  34.120  -65.713  12.691 0.0000000000
128610  33.698  -68.643  11.781 0.0000000000
128627  31.143  -63.428  5.627 0.0000000000
128671  33.380  -72.031  8.548 0.0000000000
128695  36.411  -69.226  -1.058 0.0000000000
128739  41.416  -59.163  5.230 0.0000000000
128999  32.876  -69.309  9.582 0.0000000000
129423  32.376  -56.636  2.618 0.0000000000
129621  34.323  -58.493  2.336 0.0000000000
130110  41.515  -63.202  5.176 0.0000000000
130507  33.265  -70.873  8.837 0.0000000000
130545  34.448  -66.366  2.549 0.0000000000
130663  36.171  -61.317  -2.024 0.0000000000
130700  33.531  -64.453  -3.746 0.0000000000
130738  35.437  -65.590  12.625 0.0000000000
130841  33.208  -69.322  8.667 0.0000000000
130986  30.626  -62.895  7.218 0.0000000000
131131  33.499  -71.215  -3.630 0.0000000000
131212  38.410  -57.636  4.540 0.0000000000
132071  32.622  -64.687  -1.110 0.0000000000
132119  32.081  -66.399  8.675 0.0000000000
132269  35.492  -72.027  6.049 0.0000000000
132593  35.781  -69.761  5.749 0.0000000000
132631  39.281  -60.248  3.576 0.0000000000
132638  32.133  -56.915  9.053 0.0000000000
132968  37.133  -68.734  -0.327 0.0000000000
133034  30.648  -62.524  6.167 0.0000000000
133338  32.110  -73.924  -3.656 0.0000000000
133596  31.681  -65.592  8.861 0.0000000000
133808  26.779  -69.398  -2.286 0.0000000000
133815  31.778  -73.669  -3.661 0.0000000000
134035  33.731  -70.937  10.455 0.0000000000
134275  33.688  -66.191  12.621 0.0000000000
134487  37.709  -71.135  2.978 0.0000000000
134522  28.903  -67.685  -3.774 0.0000000000
134606  35.325  -70.861  -2.102 0.0000000000
135079  25.977  -69.112  -3.337 0.0000000000
135103  33.354  -63.374  -1.786 0.0000000000
135175  31.437  -64.894  8.998 0.0000000000
135192  31.991  -59.105  4.510 0.0000000000
135551  35.979  -69.279  -1.743 0.0000000000
135868  36.950  -62.345  6.518 0.0000000000
135925  30.486  -60.097  7.011 0.0000000000
136163  25.098  -71.027  -5.109 0.0000000000
136166  34.880  -71.125  -2.661 0.0000000000
136384  30.746  -63.260  7.581 0.0000000000
136527  29.912  -74.349  1.270 0.0000000000
136559  38.864  -62.697  7.094 0.0000000000
136721  32.509  -67.379  9.037 0.0000000000
136871  23.959  -69.756  -4.035 0.0000000000
137013  31.135  -71.579  3.969 0.0000000000
137127  36.237  -58.294  6.642 0.0000000000
137374  35.639  -63.794  -3.090 0.0000000000
137573  31.103  -64.181  6.864 0.0000000000
137609  35.911  -72.912  5.314 0.0000000000
137835  38.994  -63.486  5.748 0.0000000000
137841  33.041  -70.178  9.688 0.0000000000
137912  37.498  -57.150  5.564 0.0000000000
138045  33.301  -72.330  -3.730 0.0000000000
138120  37.787  -65.916  -1.157 0.0000000000
