# sub-04 hemi-L RWvsPER_scaled Cluster_0
156
3758 -27.446000 -81.641000 4.283000 1
3770 -24.476000 -82.648000 2.150000 1
4225 -29.241000 -81.779000 8.450000 1
4237 -28.956000 -81.314000 7.728000 1
4274 -25.801000 -81.291000 3.356000 1
4275 -26.792000 -81.525000 3.841000 1
4290 -24.164000 -81.690000 2.162000 1
4291 -25.145000 -82.100000 2.867000 1
4302 -23.643000 -81.877000 0.689000 1
4303 -23.876000 -82.201000 1.461000 1
4776 -29.119000 -80.893000 6.320000 1
4789 -29.012000 -80.940000 5.740000 1
4799 -28.377000 -80.561000 5.380000 1
4800 -28.712000 -81.086000 5.188000 1
4814 -28.084000 -80.716000 4.799000 1
4827 -25.309000 -80.131000 3.381000 1
4828 -26.594000 -80.657000 3.813000 1
4829 -27.522000 -81.043000 4.212000 1
4840 -23.910000 -80.293000 2.005000 1
4841 -24.547000 -80.915000 2.709000 1
4850 -23.731000 -81.177000 1.438000 1
4859 -23.725000 -81.130000 0.539000 1
4860 -24.234000 -80.775000 -0.274000 1
5363 -26.232000 -79.549000 3.976000 1
5372 -24.435000 -79.943000 2.720000 1
5383 -24.247000 -79.318000 2.178000 1
5393 -24.662000 -79.930000 0.059000 1
5394 -25.754000 -79.723000 -0.510000 1
5395 -26.577000 -79.442000 -0.703000 1
5407 -25.250000 -80.305000 -0.858000 1
5893 -25.733000 -77.824000 4.158000 1
5903 -24.914000 -78.393000 3.160000 1
5904 -25.485000 -78.687000 3.697000 1
5905 -26.228000 -78.703000 4.348000 1
5914 -24.649000 -78.483000 2.585000 1
5928 -24.556000 -78.471000 1.767000 1
5929 -25.094000 -78.582000 0.846000 1
5939 -24.343000 -79.310000 1.111000 1
5940 -26.161000 -79.030000 0.034000 1
5941 -27.035000 -79.033000 -0.293000 1
5942 -27.639000 -78.644000 -0.204000 1
6422 -26.170000 -77.465000 6.543000 1
6439 -25.671000 -76.690000 3.981000 1
6453 -24.921000 -77.838000 2.898000 1
6454 -25.293000 -77.281000 3.355000 1
6465 -24.777000 -77.883000 2.277000 1
6466 -25.293000 -77.132000 2.320000 1
6478 -25.252000 -77.756000 1.468000 1
6479 -26.237000 -77.622000 0.998000 1
6481 -28.330000 -77.820000 0.597000 1
6491 -25.865000 -78.222000 0.681000 1
6492 -27.036000 -78.494000 0.341000 1
6493 -27.921000 -78.315000 0.302000 1
6510 -29.128000 -77.247000 0.364000 1
7002 -31.773000 -76.663000 10.073000 1
7014 -28.575000 -76.606000 9.770000 1
7015 -29.668000 -76.742000 9.904000 1
7016 -30.629000 -76.766000 9.872000 1
7017 -31.348000 -76.756000 9.834000 1
7018 -31.901000 -76.692000 9.552000 1
7030 -27.868000 -76.334000 9.240000 1
7031 -30.414000 -76.569000 9.390000 1
7032 -31.341000 -76.657000 9.209000 1
7033 -32.000000 -76.551000 8.669000 1
7039 -30.892000 -76.324000 8.436000 1
7040 -31.576000 -76.381000 8.027000 1
7046 -26.247000 -76.496000 6.821000 1
7047 -31.066000 -76.149000 7.321000 1
7048 -31.633000 -76.285000 6.898000 1
7057 -31.094000 -76.165000 6.260000 1
7058 -31.695000 -76.235000 5.913000 1
7059 -32.135000 -76.003000 5.507000 1
7069 -31.133000 -76.383000 3.962000 1
7070 -31.817000 -76.252000 4.243000 1
7084 -25.898000 -75.969000 3.531000 1
7085 -26.260000 -75.813000 2.802000 1
7086 -30.155000 -76.373000 2.839000 1
7087 -30.888000 -76.481000 3.141000 1
7088 -31.605000 -76.326000 3.421000 1
7089 -32.330000 -75.868000 3.719000 1
7100 -25.638000 -76.440000 2.947000 1
7101 -26.914000 -75.866000 2.134000 1
7102 -27.878000 -76.274000 1.811000 1
7104 -29.832000 -76.732000 2.068000 1
7105 -30.569000 -76.552000 2.305000 1
7106 -31.274000 -76.406000 2.629000 1
7107 -32.006000 -76.044000 2.805000 1
7117 -25.809000 -77.090000 1.602000 1
7118 -26.117000 -76.411000 1.989000 1
7119 -28.086000 -77.237000 1.244000 1
7120 -28.917000 -77.423000 1.107000 1
7121 -29.509000 -77.025000 1.399000 1
7122 -30.147000 -76.740000 1.462000 1
7133 -29.375000 -77.241000 0.928000 1
7134 -30.823000 -76.175000 1.108000 1
7150 -30.142000 -75.710000 -0.078000 1
7700 -26.597000 -76.332000 8.356000 1
7701 -27.313000 -75.773000 8.473000 1
7702 -28.589000 -76.041000 9.089000 1
7703 -29.435000 -76.246000 9.237000 1
7708 -26.533000 -75.849000 7.371000 1
7709 -26.922000 -75.472000 7.762000 1
7710 -29.587000 -75.320000 8.285000 1
7711 -30.368000 -75.589000 7.839000 1
7715 -26.495000 -75.474000 6.440000 1
7716 -29.647000 -74.936000 7.333000 1
7717 -30.410000 -75.604000 6.704000 1
7725 -29.581000 -74.840000 6.085000 1
7726 -30.477000 -75.749000 5.636000 1
7740 -29.769000 -75.256000 4.981000 1
7741 -30.606000 -76.002000 4.605000 1
7758 -30.450000 -76.139000 3.643000 1
7759 -32.968000 -75.162000 3.590000 1
7770 -26.886000 -75.403000 2.811000 1
7771 -27.593000 -75.518000 2.497000 1
7774 -32.684000 -75.433000 2.885000 1
7784 -32.322000 -75.504000 2.013000 1
7786 -33.009000 -74.965000 2.263000 1
7796 -30.759000 -75.641000 0.308000 1
7797 -31.499000 -75.371000 0.632000 1
7812 -31.433000 -74.895000 -0.198000 1
8422 -28.947000 -75.384000 8.577000 1
8426 -26.890000 -74.929000 7.002000 1
8427 -27.448000 -74.945000 7.716000 1
8428 -28.168000 -74.532000 7.497000 1
8429 -28.908000 -74.752000 7.926000 1
8433 -26.768000 -74.803000 6.159000 1
8434 -27.346000 -74.478000 6.367000 1
8435 -28.070000 -74.294000 6.646000 1
8436 -28.857000 -74.447000 6.938000 1
8447 -28.987000 -74.569000 5.149000 1
99724 -23.897000 -80.282000 0.978000 1
99955 -31.186000 -76.242000 5.341000 1
99974 -28.593000 -74.352000 5.978000 1
103530 -30.181000 -75.950000 8.660000 1
104920 -25.204000 -77.984000 3.469000 1
105070 -27.081000 -76.623000 1.518000 1
105292 -27.541000 -74.526000 7.046000 1
105517 -26.141000 -82.028000 3.479000 1
108465 -27.849000 -74.262000 5.923000 1
109444 -30.798000 -75.176000 -0.373000 1
109463 -31.821000 -76.230000 5.052000 1
109681 -29.337000 -81.305000 6.938000 1
110039 -28.179000 -75.218000 8.396000 1
110187 -24.796000 -79.165000 3.092000 1
110712 -25.172000 -79.311000 0.242000 1
110859 -26.466000 -77.005000 1.399000 1
111879 -28.725000 -77.623000 0.463000 1
112399 -31.011000 -76.407000 1.866000 1
112480 -31.568000 -75.803000 1.479000 1
113533 -29.961000 -76.581000 0.672000 1
114864 -31.622000 -76.095000 2.171000 1
114933 -25.428000 -79.360000 3.551000 1
115132 -23.933000 -80.986000 2.122000 1
115221 -24.031000 -79.798000 1.639000 1
115918 -31.354000 -76.321000 4.636000 1
