# sub-04 hemi-L FacesvsAllnoFace_scaled Cluster_9
20
9903 -31.940000 -72.337000 2.930000 1
9904 -33.214000 -72.209000 2.758000 1
9914 -31.441000 -72.433000 2.196000 1
9915 -32.768000 -72.586000 1.979000 1
9926 -30.925000 -72.309000 0.801000 1
9927 -31.991000 -72.745000 1.180000 1
10689 -30.057000 -71.241000 2.223000 1
10697 -30.548000 -71.588000 0.597000 1
11416 -30.172000 -70.960000 1.294000 1
12177 -30.627000 -69.411000 2.078000 1
12189 -30.302000 -70.109000 1.696000 1
12190 -31.013000 -69.432000 1.230000 1
12199 -30.584000 -70.239000 0.646000 1
12909 -31.402000 -68.748000 2.066000 1
12910 -32.618000 -68.265000 1.720000 1
12919 -32.162000 -68.852000 0.927000 1
98149 -33.499000 -71.701000 3.467000 1
100546 -30.433000 -71.708000 1.462000 1
106899 -30.936000 -72.340000 1.599000 1
111555 -30.525000 -71.965000 2.262000 1
