# sub-04 hemi-L LimbsvsAllnoLimbs_scaled Cluster_32
21
32461 -30.003000 -43.233000 8.307000 1
32470 -30.259000 -43.422000 7.346000 1
33262 -29.133000 -42.058000 9.201000 1
33263 -29.928000 -42.105000 9.219000 1
33271 -29.546000 -42.697000 8.867000 1
33272 -30.354000 -42.600000 8.710000 1
33290 -31.377000 -42.455000 7.572000 1
34094 -28.814000 -41.297000 9.247000 1
34095 -29.597000 -41.419000 9.410000 1
34096 -30.373000 -41.527000 9.463000 1
34114 -28.329000 -41.948000 8.973000 1
34115 -31.938000 -42.023000 8.096000 1
34861 -28.565000 -40.466000 9.101000 1
34862 -29.292000 -40.633000 9.442000 1
35611 -29.048000 -39.834000 9.322000 1
98277 -30.064000 -40.776000 9.655000 1
106245 -30.863000 -40.937000 9.814000 1
106476 -31.137000 -41.669000 9.363000 1
107547 -30.748000 -42.929000 7.977000 1
112435 -30.610000 -42.097000 9.140000 1
112964 -31.169000 -42.289000 8.633000 1
