# sub-04 hemi-L FacesvsAllnoFace_scaled Cluster_28
39
34105 -39.607000 -41.110000 9.402000 1
34871 -38.266000 -40.410000 9.708000 1
34872 -39.175000 -40.304000 9.584000 1
34873 -40.248000 -40.241000 9.493000 1
35614 -38.615000 -39.402000 9.821000 1
35615 -39.564000 -39.436000 9.579000 1
35616 -40.285000 -39.311000 9.491000 1
36429 -37.832000 -38.709000 10.218000 1
36430 -38.541000 -38.562000 9.875000 1
36442 -39.150000 -38.681000 9.636000 1
37264 -37.454000 -37.794000 10.222000 1
37265 -38.226000 -37.960000 9.977000 1
37274 -37.833000 -37.252000 9.737000 1
37275 -38.616000 -37.521000 9.493000 1
37276 -39.431000 -37.942000 9.395000 1
38153 -37.371000 -36.501000 9.320000 1
38154 -38.232000 -36.836000 9.174000 1
38168 -37.863000 -36.351000 8.787000 1
38169 -38.455000 -36.471000 8.527000 1
38189 -39.125000 -36.489000 7.994000 1
39077 -34.273000 -35.662000 9.341000 1
39080 -36.720000 -35.974000 9.052000 1
39090 -33.873000 -35.202000 8.729000 1
39091 -34.715000 -35.231000 8.763000 1
39092 -35.530000 -35.312000 8.705000 1
39093 -36.399000 -35.416000 8.453000 1
39998 -34.331000 -34.770000 8.195000 1
39999 -35.131000 -34.829000 8.206000 1
40011 -34.803000 -34.468000 7.547000 1
40012 -35.607000 -34.597000 7.535000 1
40035 -35.536000 -33.900000 5.906000 1
40966 -33.982000 -33.699000 5.878000 1
40967 -34.849000 -33.639000 5.662000 1
96863 -35.340000 -34.234000 6.891000 1
102168 -38.802000 -38.104000 9.673000 1
104614 -33.956000 -34.447000 7.499000 1
109671 -40.353000 -41.157000 9.318000 1
112486 -39.133000 -37.110000 8.882000 1
112627 -35.805000 -34.965000 8.143000 1
