# sub-04 hemi-R LimbsvsAllnoLimbs_scaled Cluster_22
37
21260 37.594000 -55.969000 18.292000 1
22025 38.043000 -55.015000 17.982000 1
22026 37.425000 -54.561000 17.944000 1
22027 36.127000 -56.044000 18.235000 1
22030 35.623000 -55.634000 17.336000 1
22045 36.046000 -55.464000 15.354000 1
22768 39.265000 -52.997000 17.956000 1
22770 36.893000 -54.186000 17.743000 1
22773 36.127000 -54.810000 17.499000 1
22774 35.793000 -54.936000 16.913000 1
22777 36.212000 -54.050000 16.972000 1
22784 36.168000 -54.658000 15.786000 1
22785 35.849000 -55.156000 16.127000 1
22795 37.535000 -54.812000 14.424000 1
22796 36.897000 -54.645000 14.853000 1
22797 36.462000 -55.086000 15.139000 1
22814 37.935000 -55.747000 13.956000 1
22815 37.186000 -55.484000 14.306000 1
23553 38.670000 -52.648000 18.022000 1
23561 36.711000 -53.129000 17.176000 1
23587 37.292000 -53.800000 14.676000 1
24357 38.121000 -52.075000 18.144000 1
24358 37.323000 -52.394000 17.476000 1
24366 37.426000 -51.743000 17.637000 1
24367 36.819000 -52.357000 17.079000 1
25208 37.368000 -51.073000 17.659000 1
25209 36.921000 -51.634000 17.023000 1
26066 37.230000 -50.462000 17.087000 1
26069 37.090000 -50.726000 16.464000 1
26072 37.292000 -50.473000 15.896000 1
26088 37.696000 -50.462000 15.299000 1
109374 36.461000 -55.158000 18.040000 1
111284 36.000000 -54.510000 16.441000 1
112685 37.044000 -51.023000 16.994000 1
115000 36.592000 -53.895000 17.366000 1
115680 35.890000 -55.614000 17.868000 1
117482 37.256000 -50.742000 17.372000 1
