# sub-04 hemi-R RWvsPER_scaled Cluster_23
26
30280 25.314000 -45.020000 1.830000 1
31119 28.158000 -44.076000 0.988000 1
31121 26.770000 -44.421000 1.328000 1
31123 25.341000 -44.154000 2.087000 1
31132 29.016000 -44.310000 0.769000 1
31976 28.813000 -43.506000 0.999000 1
31977 27.351000 -43.847000 1.302000 1
31978 26.517000 -43.662000 1.618000 1
31979 25.763000 -43.539000 1.960000 1
31980 25.355000 -43.485000 2.399000 1
31989 29.680000 -43.670000 0.771000 1
32803 26.534000 -42.429000 2.056000 1
32804 26.030000 -42.243000 2.266000 1
32815 28.691000 -42.744000 1.371000 1
32818 25.646000 -42.898000 2.308000 1
32819 25.301000 -42.892000 2.687000 1
33647 27.187000 -41.589000 2.255000 1
33648 26.342000 -41.698000 2.333000 1
34514 26.737000 -40.937000 2.452000 1
35430 26.843000 -39.598000 2.539000 1
99420 27.999000 -43.298000 1.304000 1
103246 25.475000 -42.378000 2.615000 1
104865 27.291000 -40.312000 2.545000 1
105657 26.262000 -40.089000 2.572000 1
112393 25.059000 -44.066000 2.535000 1
117919 25.037000 -44.657000 2.274000 1
