# sub-04 hemi-R LimbsvsAllnoLimbs_scaled Cluster_30
152
29469 37.900000 -46.063000 2.295000 1
29470 36.940000 -46.339000 2.460000 1
29471 36.241000 -46.420000 2.257000 1
29472 35.957000 -46.846000 1.850000 1
29478 38.686000 -46.102000 1.660000 1
29479 37.541000 -46.946000 2.140000 1
29487 38.382000 -46.948000 1.681000 1
30265 38.052000 -45.241000 2.464000 1
30266 37.265000 -45.520000 2.653000 1
30267 36.292000 -45.671000 2.565000 1
30268 35.822000 -46.102000 2.176000 1
30276 39.121000 -45.241000 1.495000 1
30277 35.447000 -46.112000 1.535000 1
30287 35.216000 -45.725000 0.401000 1
31095 36.967000 -44.225000 3.257000 1
31096 36.252000 -44.314000 3.145000 1
31108 39.029000 -44.109000 2.018000 1
31109 38.690000 -44.780000 2.103000 1
31110 37.588000 -44.719000 2.824000 1
31111 36.712000 -44.918000 2.898000 1
31112 35.519000 -45.259000 2.238000 1
31118 35.118000 -44.360000 2.024000 1
31139 35.245000 -44.304000 -0.615000 1
31953 37.938000 -42.851000 3.619000 1
31954 37.345000 -43.510000 3.462000 1
31955 36.546000 -43.575000 3.469000 1
31956 35.867000 -43.678000 3.266000 1
31963 38.984000 -43.519000 2.386000 1
31964 38.219000 -43.498000 3.065000 1
31965 37.668000 -44.042000 3.083000 1
31966 35.315000 -43.630000 2.662000 1
31974 35.045000 -43.501000 1.747000 1
31985 35.345000 -43.452000 -0.411000 1
32775 37.646000 -42.164000 4.148000 1
32776 37.041000 -42.038000 4.364000 1
32788 39.219000 -42.001000 3.120000 1
32789 38.499000 -42.153000 3.657000 1
32790 36.979000 -42.785000 3.941000 1
32791 36.195000 -42.925000 3.666000 1
32792 35.551000 -42.953000 3.267000 1
32801 35.183000 -42.781000 2.436000 1
32812 35.196000 -42.628000 1.334000 1
32827 35.613000 -42.484000 -0.180000 1
33617 38.251000 -41.530000 4.265000 1
33618 37.478000 -41.457000 4.559000 1
33619 36.772000 -41.388000 4.549000 1
33620 36.244000 -41.000000 4.451000 1
33632 35.861000 -42.296000 3.754000 1
33633 35.647000 -41.682000 3.670000 1
33644 35.393000 -41.204000 3.108000 1
33657 35.245000 -41.798000 2.149000 1
33670 36.284000 -41.524000 -0.547000 1
34486 37.354000 -40.726000 4.929000 1
34487 36.732000 -40.447000 4.882000 1
34488 35.984000 -40.270000 4.347000 1
34498 35.590000 -40.509000 3.569000 1
34509 35.489000 -40.367000 2.755000 1
34530 35.715000 -40.398000 1.608000 1
34544 36.058000 -40.993000 0.478000 1
35408 35.677000 -39.643000 3.432000 1
35423 35.737000 -39.645000 2.304000 1
35446 36.458000 -40.251000 0.377000 1
36255 36.132000 -39.251000 4.425000 1
36271 36.185000 -38.309000 4.200000 1
36272 35.888000 -38.798000 3.607000 1
36286 36.135000 -38.072000 3.163000 1
36287 35.866000 -38.884000 2.744000 1
36310 36.241000 -39.093000 1.663000 1
37067 37.592000 -37.551000 5.750000 1
37094 36.339000 -37.462000 3.924000 1
37991 37.547000 -36.712000 5.664000 1
37992 36.992000 -37.222000 5.282000 1
38005 37.090000 -36.380000 5.036000 1
38006 36.662000 -36.903000 4.541000 1
38018 36.590000 -36.668000 3.648000 1
38029 36.703000 -36.569000 2.725000 1
38854 37.332000 -35.586000 4.728000 1
38855 36.908000 -36.103000 4.222000 1
38862 37.236000 -35.344000 3.881000 1
38863 36.915000 -35.929000 3.328000 1
38874 37.260000 -35.207000 3.008000 1
38875 37.069000 -35.891000 2.380000 1
38886 37.346000 -35.152000 2.096000 1
39703 37.595000 -34.802000 4.420000 1
39709 37.533000 -34.593000 3.559000 1
39714 37.530000 -34.470000 2.693000 1
39720 37.622000 -34.368000 1.696000 1
39729 37.733000 -34.866000 0.664000 1
40570 38.218000 -33.219000 2.719000 1
40571 37.784000 -33.819000 2.429000 1
40583 38.590000 -32.626000 2.069000 1
40584 38.077000 -33.389000 1.699000 1
40592 38.311000 -33.149000 0.653000 1
40599 38.529000 -34.004000 -1.201000 1
41446 39.191000 -31.963000 2.082000 1
41459 39.531000 -31.513000 1.354000 1
41460 38.922000 -32.166000 1.350000 1
41471 38.748000 -32.795000 -1.120000 1
41474 39.558000 -32.176000 -2.844000 1
42299 39.477000 -31.165000 -0.101000 1
42300 39.129000 -31.808000 0.516000 1
42306 39.369000 -31.189000 -1.125000 1
42307 39.044000 -31.867000 -0.526000 1
42310 39.522000 -31.312000 -2.339000 1
42311 39.195000 -31.984000 -1.614000 1
43141 40.658000 -30.510000 1.560000 1
43142 40.094000 -30.874000 1.089000 1
43148 40.591000 -30.282000 0.796000 1
43149 39.986000 -30.633000 0.327000 1
43155 40.434000 -29.995000 0.036000 1
43156 39.788000 -30.411000 -0.650000 1
43163 39.610000 -30.531000 -1.840000 1
43952 41.843000 -29.348000 0.948000 1
43953 41.203000 -29.940000 1.263000 1
43961 41.557000 -29.048000 0.117000 1
43962 41.071000 -29.648000 0.518000 1
43968 40.727000 -28.855000 -1.128000 1
43969 40.286000 -29.628000 -0.811000 1
43970 39.862000 -29.925000 -1.495000 1
43976 40.215000 -29.269000 -1.891000 1
44775 42.307000 -28.761000 0.309000 1
44786 41.890000 -28.371000 -0.489000 1
98270 35.165000 -43.277000 0.681000 1
98659 35.027000 -44.168000 0.794000 1
98751 35.125000 -45.111000 1.319000 1
98810 35.352000 -42.120000 3.110000 1
99223 35.651000 -44.383000 2.759000 1
99276 40.888000 -29.325000 -0.240000 1
99363 35.138000 -44.929000 0.222000 1
99375 35.387000 -46.610000 0.528000 1
99776 35.397000 -40.966000 2.280000 1
101042 35.732000 -41.080000 3.998000 1
101288 39.652000 -31.191000 0.642000 1
102173 35.559000 -41.777000 0.784000 1
104541 36.498000 -42.202000 4.137000 1
104609 38.347000 -44.202000 2.592000 1
106172 38.682000 -32.449000 0.785000 1
106262 37.901000 -33.987000 0.822000 1
106396 36.346000 -38.329000 2.065000 1
112400 36.097000 -41.653000 4.189000 1
112442 39.180000 -32.713000 -2.147000 1
113024 36.043000 -44.929000 2.773000 1
113334 35.518000 -41.166000 1.506000 1
114277 36.131000 -39.733000 1.316000 1
114364 41.283000 -28.729000 -0.572000 1
114986 37.996000 -34.555000 0.090000 1
115273 36.627000 -37.163000 2.255000 1
115985 38.483000 -32.743000 1.333000 1
116624 35.610000 -46.908000 1.282000 1
117144 38.182000 -44.745000 2.533000 1
117245 38.146000 -46.544000 2.012000 1
118607 38.517000 -45.491000 2.029000 1
