# sub-04 hemi-R RWvsPER_scaled Cluster_12
141
12894 41.308000 -66.716000 -3.294000 1
13680 42.600000 -66.087000 -3.038000 1
13681 41.768000 -66.257000 -3.360000 1
13682 41.043000 -66.463000 -3.649000 1
13690 40.502000 -66.311000 -4.063000 1
13691 40.000000 -66.781000 -4.291000 1
14453 42.515000 -65.702000 -2.890000 1
14460 41.889000 -65.758000 -3.210000 1
14461 41.076000 -65.806000 -3.645000 1
14472 37.237000 -65.455000 -4.744000 1
15277 39.037000 -64.038000 0.189000 1
15278 38.157000 -64.095000 0.198000 1
15279 37.261000 -64.035000 0.119000 1
15292 42.249000 -64.336000 -1.108000 1
15293 41.317000 -64.253000 -1.071000 1
15294 39.840000 -64.064000 -0.049000 1
15295 38.630000 -64.396000 -0.309000 1
15296 37.689000 -64.397000 -0.288000 1
15310 41.845000 -64.546000 -1.837000 1
15311 40.949000 -64.457000 -1.883000 1
15312 40.012000 -64.491000 -1.993000 1
15313 38.308000 -64.643000 -1.078000 1
15314 37.346000 -64.663000 -1.101000 1
15315 36.560000 -64.637000 -1.334000 1
15323 41.999000 -65.285000 -2.810000 1
15324 40.700000 -64.673000 -2.720000 1
15325 38.970000 -64.633000 -2.158000 1
15326 38.356000 -64.674000 -2.829000 1
15327 37.563000 -64.737000 -2.868000 1
15339 41.304000 -65.218000 -3.158000 1
15340 40.512000 -65.075000 -3.471000 1
15341 39.683000 -64.964000 -3.716000 1
15342 38.203000 -64.789000 -3.698000 1
15350 38.508000 -65.139000 -4.261000 1
15351 37.640000 -65.081000 -4.288000 1
16021 40.989000 -63.322000 0.619000 1
16022 38.581000 -63.579000 0.497000 1
16023 36.993000 -63.444000 0.305000 1
16040 41.652000 -63.907000 -0.286000 1
16041 40.708000 -63.905000 -0.149000 1
16750 41.725000 -62.149000 1.860000 1
16751 40.975000 -62.016000 1.633000 1
16752 40.337000 -62.493000 1.266000 1
16762 41.356000 -62.785000 1.278000 1
16763 39.465000 -62.512000 1.078000 1
16764 37.737000 -62.920000 0.579000 1
17479 41.941000 -61.282000 2.190000 1
17489 41.161000 -61.250000 1.881000 1
17490 40.317000 -61.396000 1.534000 1
17491 39.506000 -61.676000 1.228000 1
17499 38.711000 -61.228000 0.626000 1
17500 38.094000 -61.925000 0.617000 1
17501 37.075000 -61.841000 0.172000 1
17506 36.659000 -60.940000 -0.560000 1
18201 42.337000 -60.584000 2.307000 1
18202 41.568000 -60.478000 1.985000 1
18215 40.646000 -60.359000 1.479000 1
18216 39.531000 -60.627000 0.854000 1
18222 39.449000 -60.000000 -0.575000 1
18223 38.649000 -60.533000 -0.224000 1
18224 37.650000 -60.935000 -0.294000 1
18228 38.086000 -60.214000 -1.217000 1
18229 37.255000 -60.310000 -1.095000 1
18232 37.875000 -59.770000 -1.470000 1
18989 42.969000 -59.668000 2.263000 1
18990 42.133000 -59.787000 2.034000 1
19007 43.687000 -59.048000 2.025000 1
19008 42.653000 -59.134000 1.731000 1
19009 41.761000 -59.278000 1.317000 1
19010 40.851000 -59.599000 1.043000 1
19022 41.231000 -59.261000 0.309000 1
19023 40.402000 -59.611000 -0.117000 1
19030 40.956000 -59.414000 -1.125000 1
19031 40.101000 -59.574000 -1.563000 1
19032 39.280000 -59.644000 -1.817000 1
19033 38.589000 -59.718000 -1.744000 1
19038 40.673000 -59.312000 -2.291000 1
19039 39.833000 -59.324000 -2.417000 1
19040 39.069000 -59.235000 -2.224000 1
19041 38.372000 -59.351000 -1.802000 1
19795 43.147000 -58.626000 1.220000 1
19796 42.372000 -58.813000 1.118000 1
19797 41.909000 -58.913000 0.597000 1
19812 43.646000 -58.383000 0.243000 1
19813 42.593000 -58.656000 0.133000 1
19814 41.755000 -59.066000 -0.568000 1
19826 41.513000 -59.192000 -1.959000 1
19836 40.324000 -58.800000 -2.726000 1
19837 39.294000 -58.711000 -2.308000 1
20651 40.238000 -57.429000 -0.438000 1
20652 39.383000 -57.771000 -0.014000 1
20662 40.260000 -57.742000 -1.900000 1
20663 39.592000 -58.030000 -1.529000 1
20673 40.303000 -58.148000 -2.734000 1
20674 39.817000 -58.208000 -2.354000 1
21473 40.617000 -56.542000 0.226000 1
21482 41.015000 -57.193000 -0.871000 1
22248 41.391000 -56.207000 -0.271000 1
22249 40.645000 -55.603000 0.442000 1
22982 41.210000 -55.050000 -0.058000 1
22983 40.437000 -54.657000 0.375000 1
23001 40.749000 -54.069000 -0.358000 1
23755 37.372000 -53.371000 1.304000 1
23763 39.924000 -53.787000 -0.132000 1
23764 38.927000 -53.564000 0.076000 1
23766 37.398000 -53.418000 0.145000 1
23767 36.681000 -53.192000 0.163000 1
23781 40.110000 -53.436000 -1.129000 1
23782 39.127000 -53.401000 -1.114000 1
23783 38.072000 -53.379000 -1.017000 1
23784 37.196000 -53.438000 -0.950000 1
23785 36.554000 -53.333000 -0.917000 1
23794 40.364000 -53.042000 -1.787000 1
23795 39.413000 -53.052000 -1.835000 1
23796 38.296000 -53.098000 -1.565000 1
23797 37.261000 -53.181000 -1.482000 1
23798 36.602000 -53.224000 -1.440000 1
24545 36.012000 -53.119000 -0.898000 1
98421 40.242000 -64.329000 -0.960000 1
99302 37.938000 -64.717000 -1.973000 1
99857 39.858000 -58.617000 -2.687000 1
100065 39.039000 -64.700000 -3.303000 1
100732 39.260000 -64.547000 -1.099000 1
101089 37.029000 -64.755000 -2.008000 1
101306 38.442000 -58.976000 -1.955000 1
101410 38.770000 -62.788000 0.849000 1
101932 41.499000 -64.795000 -2.518000 1
103318 39.668000 -59.014000 -2.595000 1
104306 41.371000 -59.838000 1.613000 1
106318 39.733000 -63.397000 0.621000 1
107100 37.945000 -53.460000 -0.252000 1
109128 38.985000 -64.887000 -3.922000 1
110251 39.840000 -64.606000 -2.967000 1
110361 39.393000 -64.315000 -0.385000 1
110711 40.114000 -59.970000 0.669000 1
111441 43.705000 -59.799000 2.451000 1
111530 42.159000 -64.912000 -2.341000 1
113963 38.778000 -60.066000 -1.292000 1
114214 42.635000 -60.114000 2.333000 1
116380 38.895000 -61.996000 0.996000 1
118676 37.787000 -63.720000 0.373000 1
