# sub-04 hemi-L FacesvsAllnoFace_scaled Cluster_6
64
8442 -21.409000 -74.504000 5.701000 1
8443 -22.244000 -74.382000 5.608000 1
8490 -18.861000 -74.483000 0.310000 1
8491 -19.110000 -73.992000 0.975000 1
8526 -17.557000 -74.514000 -2.961000 1
8542 -16.960000 -74.084000 -3.727000 1
9129 -20.708000 -72.978000 5.937000 1
9130 -21.389000 -73.118000 6.230000 1
9131 -22.196000 -73.136000 6.342000 1
9138 -20.125000 -73.081000 5.301000 1
9139 -20.880000 -73.718000 5.835000 1
9140 -21.801000 -73.835000 6.067000 1
9141 -22.627000 -73.677000 5.938000 1
9149 -19.684000 -73.501000 4.518000 1
9150 -20.234000 -73.778000 5.304000 1
9161 -19.039000 -73.402000 2.953000 1
9162 -19.393000 -73.634000 3.594000 1
9174 -18.794000 -73.420000 1.975000 1
9175 -19.303000 -73.861000 2.390000 1
9190 -18.787000 -73.575000 1.066000 1
9191 -19.137000 -73.804000 1.594000 1
9202 -18.645000 -73.635000 0.117000 1
9225 -18.194000 -73.750000 -1.455000 1
9240 -17.595000 -73.017000 -2.514000 1
9241 -17.843000 -73.663000 -2.284000 1
9858 -20.863000 -72.570000 6.404000 1
9859 -21.651000 -72.495000 6.621000 1
9860 -22.479000 -72.403000 6.644000 1
9886 -18.808000 -72.714000 4.318000 1
9887 -19.267000 -73.089000 3.964000 1
9897 -16.526000 -72.594000 3.220000 1
9898 -17.455000 -72.713000 3.141000 1
9908 -15.662000 -72.465000 2.812000 1
9909 -16.738000 -72.650000 2.402000 1
9910 -17.602000 -72.825000 2.419000 1
9920 -15.036000 -72.251000 2.007000 1
9921 -15.292000 -72.093000 1.107000 1
9922 -16.755000 -72.604000 1.449000 1
9924 -18.384000 -73.241000 1.294000 1
9938 -15.666000 -71.865000 0.367000 1
9939 -16.362000 -72.034000 -0.124000 1
9954 -16.964000 -71.869000 -0.985000 1
9965 -17.554000 -72.502000 -2.157000 1
9966 -17.819000 -72.739000 -1.397000 1
10702 -15.819000 -71.325000 -0.416000 1
10703 -16.420000 -71.407000 -0.935000 1
10712 -15.478000 -70.449000 -0.848000 1
10713 -16.099000 -70.768000 -1.415000 1
10714 -16.678000 -71.271000 -1.729000 1
10715 -17.287000 -71.982000 -1.806000 1
97660 -19.495000 -72.868000 4.676000 1
98100 -16.893000 -72.568000 3.945000 1
98419 -15.901000 -72.444000 1.797000 1
99117 -17.960000 -72.612000 3.963000 1
102156 -17.462000 -73.632000 -2.972000 1
102326 -16.088000 -72.336000 0.866000 1
104794 -17.368000 -72.795000 1.870000 1
108357 -16.924000 -72.532000 0.528000 1
109320 -17.576000 -72.453000 -0.866000 1
109471 -18.553000 -74.033000 -0.632000 1
110841 -19.110000 -74.522000 1.147000 1
112560 -17.937000 -73.087000 -1.815000 1
115355 -19.138000 -73.247000 3.494000 1
115489 -19.330000 -73.776000 3.020000 1
