# sub-04 hemi-L RWvsPER_scaled Cluster_21
117
19941 -25.163000 -59.086000 3.263000 1
20794 -22.553000 -58.327000 4.988000 1
20795 -23.402000 -58.332000 5.262000 1
20796 -24.067000 -58.332000 5.266000 1
20817 -24.421000 -58.667000 4.845000 1
20818 -25.024000 -58.343000 4.560000 1
20830 -24.841000 -58.943000 4.198000 1
20838 -25.956000 -58.646000 1.911000 1
20839 -26.576000 -58.240000 1.838000 1
21647 -23.054000 -57.536000 5.356000 1
21648 -23.955000 -57.569000 5.518000 1
21649 -25.222000 -57.128000 5.077000 1
21667 -22.331000 -57.361000 4.902000 1
21668 -24.710000 -57.896000 5.128000 1
21669 -25.380000 -57.722000 4.528000 1
21680 -26.159000 -57.371000 3.423000 1
21690 -26.135000 -58.111000 2.731000 1
21691 -26.730000 -57.467000 2.425000 1
22435 -22.688000 -56.680000 5.202000 1
22436 -23.430000 -56.717000 5.544000 1
22437 -24.238000 -56.603000 5.667000 1
22438 -24.973000 -56.463000 5.467000 1
22451 -22.101000 -56.524000 4.527000 1
22452 -25.552000 -56.344000 4.972000 1
22453 -26.030000 -56.166000 4.374000 1
22462 -25.802000 -56.962000 4.317000 1
22463 -26.402000 -56.370000 3.606000 1
22474 -26.627000 -56.815000 2.943000 1
23179 -23.875000 -55.103000 5.921000 1
23197 -22.980000 -55.932000 5.418000 1
23198 -24.536000 -55.642000 5.773000 1
23199 -25.315000 -55.661000 5.398000 1
23210 -21.930000 -55.759000 4.071000 1
23211 -22.419000 -55.914000 4.857000 1
23212 -25.889000 -55.588000 4.774000 1
23213 -26.382000 -55.573000 4.060000 1
23219 -21.942000 -55.008000 3.726000 1
23220 -26.791000 -55.485000 3.169000 1
23942 -24.020000 -54.093000 6.114000 1
23943 -25.268000 -53.559000 5.926000 1
23959 -22.822000 -54.384000 5.337000 1
23960 -23.534000 -54.523000 5.835000 1
23961 -25.067000 -54.914000 5.736000 1
23962 -25.484000 -54.234000 5.573000 1
23963 -26.158000 -54.239000 4.990000 1
23971 -22.326000 -54.631000 4.494000 1
23972 -25.711000 -54.919000 5.204000 1
23973 -26.273000 -54.897000 4.505000 1
23981 -26.640000 -54.936000 3.793000 1
23982 -27.001000 -54.590000 3.171000 1
23997 -27.449000 -54.186000 2.542000 1
24693 -23.780000 -53.227000 6.147000 1
24694 -24.549000 -53.447000 6.198000 1
24708 -22.533000 -53.003000 4.772000 1
24709 -23.047000 -52.892000 5.626000 1
24710 -25.920000 -53.615000 5.448000 1
24720 -22.307000 -53.199000 3.807000 1
24721 -26.490000 -53.543000 4.816000 1
24722 -26.973000 -53.283000 4.058000 1
24730 -22.158000 -53.375000 2.996000 1
24731 -26.704000 -54.175000 4.094000 1
24732 -27.186000 -53.760000 3.215000 1
24748 -27.571000 -53.358000 2.336000 1
25471 -23.624000 -52.380000 6.136000 1
25472 -24.329000 -52.683000 6.361000 1
25473 -25.103000 -52.850000 6.280000 1
25474 -25.707000 -52.146000 6.214000 1
25488 -22.638000 -52.210000 4.978000 1
25489 -23.115000 -52.060000 5.656000 1
25490 -25.751000 -52.965000 5.817000 1
25491 -26.327000 -52.491000 5.530000 1
25498 -26.717000 -52.830000 4.816000 1
25499 -27.214000 -52.477000 4.116000 1
25505 -22.280000 -52.584000 2.932000 1
25506 -27.359000 -52.920000 3.224000 1
26211 -23.514000 -51.378000 6.103000 1
26212 -24.451000 -51.397000 6.605000 1
26213 -25.297000 -51.428000 6.643000 1
26214 -26.065000 -51.289000 6.417000 1
26226 -22.818000 -51.422000 5.178000 1
26227 -26.483000 -51.735000 5.748000 1
26235 -22.545000 -51.559000 4.195000 1
26236 -26.898000 -52.092000 4.958000 1
26244 -27.579000 -52.015000 3.201000 1
26948 -24.070000 -50.636000 6.581000 1
26949 -24.881000 -50.767000 6.888000 1
26950 -25.651000 -50.726000 6.832000 1
26964 -23.031000 -50.751000 5.354000 1
26965 -23.419000 -50.338000 5.938000 1
26966 -26.755000 -50.970000 5.985000 1
26972 -22.733000 -50.657000 4.288000 1
26973 -23.017000 -49.997000 4.985000 1
27688 -23.877000 -49.800000 6.474000 1
27702 -23.415000 -49.480000 5.640000 1
27720 -22.988000 -49.725000 3.791000 1
96950 -27.411000 -51.664000 4.300000 1
98917 -22.412000 -52.372000 4.003000 1
99057 -24.855000 -52.108000 6.521000 1
100125 -23.309000 -53.782000 5.779000 1
100455 -22.778000 -53.572000 5.292000 1
102352 -25.660000 -58.641000 2.774000 1
102492 -26.267000 -53.100000 5.328000 1
104207 -24.573000 -50.074000 6.951000 1
104630 -22.638000 -55.223000 5.118000 1
106300 -24.643000 -57.163000 5.422000 1
107084 -23.246000 -55.167000 5.597000 1
108056 -24.129000 -51.999000 6.444000 1
108191 -23.700000 -55.872000 5.738000 1
108675 -22.441000 -53.810000 4.578000 1
108769 -22.124000 -54.085000 3.538000 1
111612 -24.791000 -54.174000 5.969000 1
112000 -25.564000 -58.253000 3.742000 1
113301 -22.245000 -55.309000 4.472000 1
113407 -24.362000 -54.760000 5.971000 1
115211 -25.750000 -57.587000 4.025000 1
115600 -27.602000 -52.596000 2.479000 1
117105 -23.940000 -54.624000 6.029000 1
