# sub-04 hemi-L LimbsvsAllnoLimbs_scaled Cluster_4
160
8493 -24.526000 -74.304000 0.629000 1
9177 -25.968000 -73.084000 2.410000 1
9178 -26.498000 -72.666000 1.702000 1
9192 -25.069000 -73.950000 1.348000 1
9193 -25.802000 -73.450000 1.530000 1
9203 -25.424000 -73.728000 0.662000 1
9204 -26.350000 -73.050000 0.708000 1
9213 -24.859000 -73.872000 -0.227000 1
9214 -25.941000 -73.051000 -0.672000 1
9215 -26.349000 -72.920000 -0.128000 1
9228 -25.543000 -72.707000 -1.463000 1
9913 -26.455000 -72.242000 2.528000 1
9925 -26.788000 -71.796000 1.828000 1
9942 -26.819000 -72.340000 0.151000 1
9956 -26.542000 -72.359000 -0.816000 1
10671 -26.459000 -71.367000 2.595000 1
10696 -26.964000 -71.310000 1.140000 1
10704 -27.079000 -71.547000 0.374000 1
10716 -27.142000 -71.012000 -0.298000 1
10731 -26.957000 -71.271000 -1.222000 1
11404 -25.628000 -70.274000 2.572000 1
11405 -26.272000 -70.717000 2.140000 1
11414 -25.762000 -70.187000 1.531000 1
11415 -26.547000 -70.658000 1.105000 1
11423 -25.953000 -70.024000 0.711000 1
11424 -26.608000 -70.197000 -0.127000 1
12117 -22.690000 -69.455000 7.678000 1
12163 -22.802000 -69.299000 2.769000 1
12173 -23.365000 -69.465000 2.319000 1
12174 -23.988000 -69.645000 1.906000 1
12175 -24.849000 -69.832000 1.718000 1
12185 -22.705000 -69.345000 2.093000 1
12186 -23.277000 -69.313000 1.523000 1
12187 -24.049000 -69.538000 1.081000 1
12188 -24.972000 -69.696000 0.869000 1
12196 -23.677000 -69.142000 0.726000 1
12197 -24.352000 -69.233000 0.414000 1
12198 -25.371000 -69.450000 0.154000 1
12843 -21.155000 -68.392000 7.690000 1
12844 -22.015000 -68.358000 7.632000 1
12845 -22.763000 -68.616000 7.375000 1
12859 -22.662000 -67.998000 6.837000 1
12880 -21.773000 -68.526000 3.666000 1
12881 -22.496000 -68.369000 4.203000 1
12890 -20.077000 -68.429000 2.367000 1
12891 -20.782000 -68.666000 2.672000 1
12892 -21.486000 -68.969000 2.904000 1
12893 -22.241000 -69.017000 3.252000 1
12904 -20.038000 -68.280000 1.766000 1
12905 -20.671000 -68.596000 2.056000 1
12906 -21.347000 -68.901000 2.245000 1
12907 -22.056000 -69.216000 2.342000 1
12915 -20.524000 -68.276000 1.791000 1
12916 -21.219000 -68.527000 1.923000 1
12917 -22.503000 -69.143000 1.776000 1
12918 -23.065000 -68.936000 1.181000 1
13536 -20.656000 -68.089000 7.160000 1
13537 -21.799000 -67.863000 7.168000 1
13554 -18.959000 -68.384000 6.069000 1
13555 -20.267000 -67.906000 6.448000 1
13556 -21.271000 -67.659000 6.656000 1
13568 -17.422000 -68.127000 5.359000 1
13569 -18.020000 -68.471000 5.655000 1
13570 -19.378000 -67.943000 5.218000 1
13571 -21.122000 -67.510000 5.953000 1
13572 -22.107000 -67.599000 6.237000 1
13577 -17.104000 -67.489000 4.176000 1
13578 -17.528000 -67.926000 4.462000 1
13579 -18.362000 -68.066000 4.663000 1
13580 -19.986000 -67.779000 4.232000 1
13581 -21.622000 -67.906000 4.504000 1
13588 -16.860000 -67.330000 3.336000 1
13589 -18.675000 -67.965000 3.019000 1
13590 -20.093000 -68.222000 3.197000 1
13591 -20.952000 -68.299000 3.603000 1
13600 -16.635000 -67.171000 2.652000 1
13601 -17.272000 -67.564000 2.480000 1
13602 -18.196000 -67.867000 2.368000 1
13603 -19.243000 -68.171000 2.051000 1
13604 -21.520000 -67.610000 1.853000 1
13614 -16.723000 -67.214000 1.964000 1
13615 -17.618000 -67.513000 1.450000 1
13616 -18.578000 -67.839000 1.419000 1
13617 -19.424000 -67.900000 1.269000 1
13618 -20.054000 -67.813000 1.353000 1
13619 -22.290000 -68.624000 1.685000 1
13620 -23.147000 -68.223000 1.218000 1
13629 -16.955000 -66.975000 1.103000 1
13630 -17.772000 -67.178000 0.510000 1
13632 -19.423000 -67.422000 0.698000 1
13633 -19.890000 -67.152000 0.896000 1
13634 -23.698000 -68.557000 0.579000 1
14333 -16.300000 -66.709000 2.278000 1
14334 -21.993000 -66.374000 2.288000 1
14335 -22.768000 -66.717000 2.147000 1
14336 -23.683000 -66.132000 2.340000 1
14344 -16.293000 -66.581000 1.598000 1
14345 -20.526000 -67.088000 1.493000 1
14346 -21.197000 -66.394000 1.982000 1
14347 -22.549000 -67.672000 1.708000 1
14349 -24.217000 -66.617000 1.595000 1
14363 -17.935000 -66.751000 -0.132000 1
14364 -19.532000 -66.671000 0.152000 1
14365 -20.086000 -66.336000 0.973000 1
15084 -23.621000 -64.619000 3.077000 1
15091 -21.987000 -65.291000 2.470000 1
15092 -23.465000 -65.340000 2.782000 1
15093 -24.312000 -65.256000 2.888000 1
15094 -25.223000 -65.331000 2.691000 1
15105 -20.434000 -65.458000 1.085000 1
15106 -21.115000 -65.409000 1.925000 1
15107 -24.688000 -65.921000 2.221000 1
15776 -23.791000 -63.807000 3.226000 1
15777 -24.408000 -64.391000 3.297000 1
15778 -25.173000 -64.146000 3.420000 1
15779 -25.999000 -63.874000 3.380000 1
15787 -21.538000 -64.537000 1.966000 1
15788 -22.278000 -64.353000 2.465000 1
15790 -24.958000 -64.784000 3.187000 1
15791 -25.666000 -64.684000 3.133000 1
15800 -20.880000 -64.632000 1.088000 1
16518 -24.588000 -63.599000 3.373000 1
16519 -25.394000 -63.306000 3.405000 1
16524 -22.545000 -63.544000 2.159000 1
16525 -23.330000 -63.256000 2.606000 1
16526 -24.099000 -63.017000 3.044000 1
17291 -24.798000 -62.874000 3.223000 1
17301 -23.823000 -62.564000 2.142000 1
17302 -24.618000 -62.393000 2.570000 1
18121 -25.215000 -61.746000 1.958000 1
97062 -25.154000 -73.387000 -0.935000 1
98019 -22.791000 -65.784000 2.557000 1
100632 -18.984000 -67.578000 0.600000 1
101095 -24.026000 -74.754000 1.116000 1
101232 -21.846000 -69.008000 1.954000 1
101276 -17.603000 -67.757000 3.428000 1
101283 -20.705000 -67.951000 1.672000 1
101320 -19.181000 -67.905000 3.624000 1
101936 -24.081000 -73.666000 -1.247000 1
103471 -25.747000 -73.421000 -0.088000 1
104071 -26.926000 -72.162000 1.017000 1
104190 -18.241000 -67.936000 3.845000 1
106041 -18.364000 -67.518000 0.734000 1
106305 -22.849000 -64.890000 2.781000 1
106932 -20.625000 -66.084000 1.584000 1
108561 -20.758000 -67.616000 5.076000 1
109649 -27.027000 -71.688000 -0.342000 1
110070 -21.677000 -67.583000 5.419000 1
113264 -21.928000 -63.885000 1.841000 1
113637 -27.013000 -70.887000 0.472000 1
113932 -19.122000 -67.127000 0.115000 1
114364 -20.860000 -67.840000 4.375000 1
115768 -22.207000 -67.122000 2.011000 1
115815 -17.898000 -67.757000 1.929000 1
116037 -21.588000 -65.840000 2.253000 1
116498 -20.199000 -67.755000 5.741000 1
116590 -26.672000 -71.109000 1.786000 1
116599 -22.250000 -68.917000 7.865000 1
117079 -19.480000 -68.165000 2.807000 1
117223 -22.348000 -68.122000 7.280000 1
