# sub-06 hemi-R FacesvsAllnoFacenoCS_scaled Cluster_19
63
14209 49.182000 -57.477000 17.968000 1
14210 48.212000 -57.259000 17.843000 1
14960 47.917000 -56.164000 19.075000 1
14966 47.566000 -56.605000 18.322000 1
15662 52.767000 -55.084000 22.666000 1
15674 48.405000 -54.896000 20.427000 1
15675 47.685000 -54.898000 20.070000 1
15679 48.401000 -55.708000 19.836000 1
15680 47.341000 -55.339000 19.548000 1
15681 46.590000 -55.000000 19.317000 1
15685 46.839000 -55.786000 18.796000 1
16368 53.185000 -54.124000 22.996000 1
16369 52.602000 -54.276000 22.438000 1
16373 52.274000 -55.235000 21.975000 1
16375 50.200000 -54.378000 21.375000 1
16376 49.257000 -54.099000 21.142000 1
16377 48.768000 -53.375000 20.892000 1
16380 48.474000 -54.122000 20.773000 1
16381 47.690000 -54.209000 20.368000 1
16385 46.939000 -54.417000 19.804000 1
16386 46.155000 -54.356000 19.198000 1
16387 45.838000 -53.685000 18.797000 1
17098 53.666000 -52.964000 23.218000 1
17099 53.106000 -53.228000 22.673000 1
17100 52.351000 -53.335000 22.287000 1
17112 51.509000 -53.358000 21.942000 1
17113 50.600000 -53.388000 21.612000 1
17114 49.643000 -53.355000 21.261000 1
17124 47.967000 -53.435000 20.491000 1
17134 47.190000 -53.526000 20.010000 1
17135 46.474000 -53.638000 19.426000 1
17152 46.328000 -53.163000 18.872000 1
17159 45.965000 -53.119000 18.211000 1
17907 52.824000 -52.526000 22.309000 1
17915 52.970000 -51.801000 21.960000 1
17916 51.991000 -52.428000 21.907000 1
17917 51.426000 -52.054000 21.259000 1
17918 50.320000 -52.619000 21.147000 1
17919 49.274000 -52.788000 20.779000 1
17929 48.456000 -52.845000 20.408000 1
17930 47.711000 -52.890000 19.959000 1
17938 49.800000 -52.074000 19.616000 1
17939 49.221000 -52.172000 19.195000 1
17940 48.373000 -52.512000 19.707000 1
17941 46.990000 -52.885000 19.323000 1
17963 46.708000 -52.748000 18.403000 1
17980 48.315000 -52.392000 17.694000 1
17981 47.295000 -52.538000 17.838000 1
17982 46.520000 -52.750000 17.431000 1
18837 52.272000 -51.498000 20.994000 1
18855 50.567000 -51.806000 19.647000 1
114147 51.225000 -54.342000 21.678000 1
115030 49.200000 -54.809000 20.809000 1
115124 48.463000 -52.302000 18.705000 1
115643 47.742000 -52.584000 19.325000 1
119432 51.103000 -52.702000 21.636000 1
122168 49.089000 -52.436000 20.137000 1
129697 52.014000 -54.311000 21.969000 1
130831 48.955000 -52.274000 17.955000 1
130969 51.369000 -51.582000 19.759000 1
131305 47.982000 -57.682000 17.394000 1
132544 52.315000 -51.778000 21.497000 1
134253 49.685000 -54.686000 21.107000 1
