# sub-06 hemi-R LimbsvsAllnoLimbs_scaled Cluster_14
110
14367 41.825000 -57.579000 7.560000 1
15115 39.808000 -56.093000 8.047000 1
15128 42.079000 -56.634000 7.562000 1
15771 39.443000 -55.262000 10.024000 1
15772 38.705000 -55.250000 10.010000 1
15788 39.103000 -55.448000 9.304000 1
15801 42.042000 -55.217000 7.997000 1
15802 41.223000 -55.533000 8.275000 1
15819 42.589000 -55.790000 7.630000 1
15820 41.584000 -55.959000 7.736000 1
15821 40.673000 -56.071000 7.897000 1
16441 40.034000 -54.050000 12.333000 1
16442 39.226000 -54.159000 12.411000 1
16443 38.345000 -54.197000 12.376000 1
16453 41.321000 -54.171000 11.151000 1
16454 40.672000 -54.358000 11.444000 1
16455 39.651000 -54.486000 11.777000 1
16456 38.772000 -54.569000 11.670000 1
16457 37.722000 -54.450000 11.521000 1
16474 41.983000 -54.181000 10.259000 1
16475 40.086000 -55.044000 10.420000 1
16476 39.305000 -54.924000 10.869000 1
16477 38.272000 -54.872000 10.729000 1
16497 42.196000 -54.363000 9.196000 1
16498 41.509000 -54.776000 9.619000 1
16499 40.793000 -55.037000 9.997000 1
16500 37.774000 -55.177000 9.691000 1
16513 42.454000 -54.519000 8.325000 1
17205 39.967000 -52.915000 13.167000 1
17206 39.188000 -53.065000 13.460000 1
17207 38.157000 -53.146000 13.594000 1
17221 40.955000 -53.286000 12.279000 1
17222 40.369000 -53.436000 12.600000 1
17223 39.621000 -53.582000 12.886000 1
17224 38.771000 -53.701000 13.011000 1
17225 37.590000 -54.084000 12.316000 1
17238 42.275000 -53.032000 11.138000 1
17239 41.501000 -53.384000 11.689000 1
17240 40.781000 -53.904000 11.988000 1
17255 42.524000 -53.426000 10.373000 1
17256 41.935000 -53.651000 10.961000 1
17271 43.211000 -53.026000 9.426000 1
17284 42.818000 -53.809000 8.724000 1
18046 40.139000 -52.163000 13.200000 1
18047 39.490000 -52.322000 13.578000 1
18066 41.271000 -52.869000 12.177000 1
18067 40.685000 -52.696000 12.664000 1
18085 42.430000 -52.067000 11.044000 1
18086 41.761000 -52.583000 11.685000 1
18102 43.314000 -52.271000 9.893000 1
18103 42.845000 -52.680000 10.429000 1
18937 38.376000 -51.275000 14.396000 1
18948 39.664000 -51.676000 13.523000 1
18957 41.242000 -52.212000 12.215000 1
18958 40.658000 -51.838000 12.675000 1
18959 40.098000 -51.394000 13.117000 1
18973 41.710000 -51.706000 11.642000 1
18974 41.100000 -51.396000 12.111000 1
18987 43.475000 -51.473000 9.825000 1
18988 42.180000 -51.053000 11.106000 1
19864 38.122000 -50.513000 14.573000 1
19871 39.458000 -50.896000 13.575000 1
19872 38.780000 -50.720000 14.153000 1
19883 40.509000 -51.072000 12.498000 1
19884 39.965000 -50.631000 12.849000 1
19896 41.455000 -50.868000 11.539000 1
19897 40.796000 -50.663000 11.885000 1
19898 40.268000 -50.464000 12.187000 1
19903 43.304000 -50.706000 10.136000 1
19904 42.667000 -50.273000 10.555000 1
19905 41.861000 -50.211000 11.040000 1
19906 41.014000 -50.156000 11.282000 1
20835 38.460000 -49.945000 14.242000 1
20842 39.395000 -50.082000 13.165000 1
20843 38.753000 -49.603000 13.553000 1
20844 38.096000 -49.148000 14.042000 1
20857 39.718000 -50.007000 12.229000 1
20858 39.039000 -49.458000 12.547000 1
20865 39.147000 -49.490000 11.107000 1
20871 42.252000 -49.461000 10.628000 1
20872 41.366000 -49.545000 10.777000 1
20873 40.352000 -49.604000 10.677000 1
20874 39.438000 -49.468000 10.275000 1
20875 38.640000 -49.349000 9.742000 1
20876 37.945000 -49.204000 9.238000 1
20881 39.751000 -49.249000 9.792000 1
20882 38.934000 -49.327000 9.344000 1
20883 38.363000 -49.270000 9.066000 1
21811 38.373000 -48.870000 13.082000 1
21826 38.449000 -48.847000 11.841000 1
21841 40.776000 -48.987000 10.253000 1
21852 38.559000 -49.096000 8.769000 1
21853 37.943000 -49.103000 8.726000 1
114848 42.856000 -51.233000 10.529000 1
116519 40.730000 -54.676000 10.809000 1
116853 41.292000 -54.596000 10.403000 1
120699 37.923000 -53.762000 12.911000 1
121394 43.668000 -52.096000 9.206000 1
122762 38.159000 -52.419000 14.100000 1
123040 39.000000 -50.229000 13.804000 1
123628 37.690000 -48.358000 11.346000 1
125796 43.036000 -51.957000 10.382000 1
125928 40.135000 -54.667000 11.226000 1
126743 38.787000 -52.445000 13.900000 1
129100 41.058000 -56.831000 7.563000 1
129718 40.133000 -49.956000 11.387000 1
130191 42.589000 -53.792000 9.629000 1
131983 37.801000 -51.117000 14.680000 1
134784 37.581000 -53.477000 13.191000 1
135629 40.282000 -54.313000 11.809000 1
