# sub-06 hemi-L CSvsAllNotext_scaled Cluster_13
37
34440 -39.115000 -38.934000 19.138000 1
34441 -39.940000 -38.703000 19.161000 1
34442 -40.782000 -38.639000 19.092000 1
34458 -39.331000 -38.307000 18.677000 1
34459 -40.213000 -38.116000 18.683000 1
34460 -41.593000 -38.618000 18.810000 1
34461 -42.241000 -38.547000 18.468000 1
34477 -42.610000 -38.144000 17.973000 1
35379 -39.589000 -37.639000 18.300000 1
35380 -40.450000 -37.399000 18.266000 1
35381 -41.377000 -37.272000 18.118000 1
35382 -41.880000 -37.952000 18.339000 1
35396 -39.740000 -36.957000 17.869000 1
35397 -41.733000 -36.618000 17.587000 1
35398 -42.349000 -37.338000 17.730000 1
35399 -43.133000 -37.147000 17.134000 1
35410 -43.639000 -37.055000 16.617000 1
35411 -44.090000 -37.269000 16.300000 1
35420 -45.161000 -37.274000 15.102000 1
36337 -39.791000 -36.266000 17.379000 1
36338 -42.036000 -36.096000 17.171000 1
36339 -42.540000 -36.574000 17.203000 1
36355 -42.610000 -35.871000 16.792000 1
36356 -43.272000 -36.405000 16.670000 1
36357 -43.959000 -36.556000 16.192000 1
36369 -44.445000 -36.303000 15.676000 1
36370 -44.958000 -36.505000 15.182000 1
37243 -41.313000 -35.985000 17.236000 1
37263 -41.044000 -35.279000 16.805000 1
37264 -41.875000 -35.491000 16.829000 1
37265 -43.304000 -35.534000 16.417000 1
37266 -44.029000 -35.707000 15.982000 1
111307 -41.065000 -37.986000 18.584000 1
115291 -40.699000 -36.593000 17.715000 1
115787 -42.527000 -35.088000 16.554000 1
123695 -44.555000 -37.070000 15.710000 1
131343 -43.646000 -36.058000 16.317000 1
