# sub-06 hemi-L LimbsvsAllnoLimbsnoCS_scaled Cluster_32
73
36490 -40.096000 -36.152000 3.905000 1
37405 -40.256000 -35.228000 3.719000 1
37406 -41.063000 -35.191000 3.480000 1
38331 -39.793000 -34.563000 3.896000 1
38332 -40.515000 -34.301000 3.527000 1
39211 -39.836000 -33.716000 3.792000 1
39212 -40.455000 -33.201000 3.482000 1
39213 -41.401000 -33.065000 3.174000 1
40052 -40.159000 -32.394000 3.583000 1
40053 -40.854000 -32.330000 3.344000 1
40059 -41.675000 -32.253000 3.033000 1
40940 -40.336000 -31.580000 3.562000 1
40941 -41.157000 -31.528000 3.213000 1
41841 -39.644000 -30.651000 6.428000 1
41848 -39.775000 -30.786000 5.428000 1
41849 -40.041000 -30.194000 4.912000 1
41856 -39.853000 -30.869000 4.635000 1
41857 -40.088000 -30.508000 4.159000 1
41863 -40.476000 -30.235000 3.692000 1
41864 -40.951000 -30.062000 3.176000 1
42745 -35.467000 -29.302000 7.438000 1
42746 -36.309000 -29.016000 7.856000 1
42748 -39.590000 -29.734000 7.019000 1
42760 -39.960000 -29.262000 6.251000 1
42768 -39.909000 -29.993000 5.878000 1
42769 -40.236000 -29.298000 5.296000 1
42783 -40.685000 -29.452000 3.648000 1
42784 -41.121000 -29.239000 2.996000 1
43640 -37.274000 -28.872000 8.117000 1
43642 -38.940000 -28.920000 7.720000 1
43649 -35.740000 -28.535000 7.144000 1
43650 -36.637000 -28.300000 7.547000 1
43651 -38.051000 -28.453000 7.896000 1
43652 -39.671000 -28.706000 6.903000 1
43665 -36.102000 -27.801000 6.798000 1
43666 -40.172000 -28.583000 6.080000 1
43677 -40.415000 -28.502000 5.328000 1
43689 -40.944000 -28.637000 3.550000 1
43690 -41.364000 -28.429000 2.922000 1
44558 -37.017000 -27.602000 7.239000 1
44559 -37.870000 -27.724000 7.540000 1
44560 -38.551000 -28.070000 7.588000 1
44561 -39.212000 -27.976000 7.286000 1
44572 -36.463000 -26.909000 6.310000 1
44573 -37.648000 -26.983000 7.020000 1
44574 -38.545000 -27.356000 7.283000 1
44575 -39.838000 -27.860000 6.612000 1
44576 -40.344000 -27.860000 5.856000 1
44586 -40.607000 -27.954000 5.017000 1
45466 -37.519000 -26.263000 6.347000 1
45467 -38.543000 -26.520000 6.729000 1
45468 -39.828000 -26.173000 6.025000 1
45469 -40.015000 -27.034000 6.231000 1
45482 -40.440000 -26.595000 5.509000 1
46405 -38.287000 -25.731000 6.142000 1
46406 -39.081000 -25.906000 6.265000 1
46418 -38.823000 -25.302000 5.884000 1
46419 -39.552000 -25.447000 5.736000 1
46420 -40.298000 -25.739000 5.381000 1
47297 -38.021000 -24.887000 5.528000 1
47298 -39.173000 -24.728000 5.479000 1
47299 -40.039000 -24.940000 5.209000 1
112951 -41.131000 -33.775000 3.304000 1
113587 -39.285000 -27.173000 6.880000 1
113657 -40.252000 -30.860000 3.737000 1
118208 -40.742000 -30.828000 3.377000 1
118667 -41.414000 -30.724000 2.976000 1
118983 -41.618000 -36.002000 3.481000 1
119833 -40.491000 -27.318000 5.527000 1
119972 -40.780000 -35.841000 3.648000 1
126218 -39.619000 -31.311000 5.911000 1
132233 -39.352000 -26.537000 6.502000 1
133181 -37.379000 -28.175000 7.704000 1
