# sub-06 hemi-L RWvsSC_scaled Cluster_3
36
5668 -32.183000 -73.222000 23.388000 1
6293 -32.510000 -72.121000 23.422000 1
6294 -33.604000 -72.404000 24.191000 1
7026 -33.278000 -71.401000 23.617000 1
7027 -34.198000 -71.659000 24.218000 1
7044 -31.711000 -71.380000 22.726000 1
7095 -33.529000 -71.551000 19.363000 1
7096 -34.299000 -71.866000 19.343000 1
7113 -33.773000 -72.382000 18.977000 1
7751 -33.971000 -70.754000 23.661000 1
7752 -34.950000 -70.551000 23.992000 1
7770 -31.931000 -70.371000 22.386000 1
7771 -32.740000 -70.096000 22.607000 1
7772 -33.554000 -70.024000 22.963000 1
7792 -31.499000 -69.988000 21.689000 1
7793 -32.392000 -69.689000 21.747000 1
7808 -33.231000 -70.044000 20.257000 1
7809 -34.338000 -70.495000 20.403000 1
7819 -33.953000 -71.023000 19.853000 1
8467 -34.297000 -70.131000 23.325000 1
8468 -35.071000 -69.985000 23.366000 1
8482 -33.277000 -69.653000 22.158000 1
8483 -34.263000 -69.734000 22.560000 1
8484 -35.305000 -69.642000 22.626000 1
8497 -33.908000 -69.638000 21.640000 1
8498 -34.879000 -69.669000 21.765000 1
8499 -35.763000 -69.559000 21.818000 1
8516 -32.547000 -69.558000 20.836000 1
8518 -34.626000 -69.994000 20.985000 1
113597 -35.554000 -69.965000 20.977000 1
114463 -32.471000 -70.935000 23.047000 1
122192 -32.916000 -72.228000 18.682000 1
125142 -33.102000 -69.563000 21.458000 1
127762 -33.140000 -70.595000 23.212000 1
133166 -34.799000 -71.205000 24.309000 1
133839 -33.256000 -71.919000 19.043000 1
