# sub-06 hemi-R RWvsPER_scaled Cluster_31
32
23444 51.150000 -46.825000 31.680000 1
23445 49.713000 -46.445000 31.407000 1
23446 48.872000 -46.613000 31.522000 1
23447 48.033000 -46.730000 31.549000 1
23460 52.506000 -46.300000 30.934000 1
23461 51.527000 -46.255000 31.069000 1
23462 50.570000 -46.291000 31.222000 1
23463 49.178000 -45.957000 30.993000 1
23464 48.400000 -46.072000 31.097000 1
24360 53.738000 -45.921000 30.206000 1
24361 52.863000 -45.816000 30.250000 1
24362 51.918000 -45.769000 30.405000 1
24363 50.889000 -45.700000 30.470000 1
24380 53.750000 -45.508000 29.563000 1
24381 52.886000 -45.421000 29.621000 1
24382 51.502000 -45.341000 29.810000 1
24383 50.747000 -45.241000 29.777000 1
24384 50.139000 -44.851000 29.397000 1
24400 53.092000 -45.059000 28.995000 1
25333 52.121000 -45.030000 29.217000 1
25334 51.125000 -44.892000 29.237000 1
25347 54.313000 -44.689000 28.229000 1
25348 53.398000 -44.659000 28.330000 1
25349 52.480000 -44.601000 28.465000 1
25350 51.569000 -44.511000 28.591000 1
25368 52.840000 -44.237000 27.790000 1
116482 52.250000 -45.460000 29.855000 1
123121 50.084000 -45.384000 30.117000 1
123128 49.971000 -45.844000 30.801000 1
130296 50.268000 -46.896000 31.781000 1
134611 49.448000 -45.559000 30.450000 1
135695 53.301000 -45.657000 29.911000 1
