# sub-06 hemi-R RWvsPER_scaled Cluster_42
14
34039 42.005000 -35.191000 16.366000 1
34055 43.177000 -35.030000 15.024000 1
34056 42.438000 -35.466000 15.542000 1
34075 44.084000 -35.203000 14.128000 1
34088 44.577000 -35.547000 13.482000 1
34985 43.044000 -33.992000 16.272000 1
34986 42.432000 -34.462000 16.701000 1
35003 43.382000 -34.228000 15.477000 1
35004 42.686000 -34.675000 15.868000 1
35019 43.877000 -34.490000 14.643000 1
35028 44.653000 -34.550000 13.746000 1
35953 43.627000 -33.492000 15.842000 1
35973 43.893000 -33.760000 15.155000 1
135662 43.661000 -35.058000 14.549000 1
