# sub-06 hemi-L FacesvsAllnoFace_scaled Cluster_20
93
22206 -39.341000 -52.198000 6.134000 1
23139 -36.000000 -51.210000 7.274000 1
23140 -37.074000 -51.276000 7.461000 1
23141 -39.395000 -51.310000 7.186000 1
23142 -40.364000 -51.275000 7.074000 1
23143 -41.350000 -51.276000 6.871000 1
23151 -35.751000 -51.438000 6.157000 1
23152 -36.671000 -51.544000 6.469000 1
23153 -37.544000 -51.561000 6.701000 1
23154 -38.927000 -51.734000 6.458000 1
23155 -39.782000 -51.751000 6.569000 1
23156 -40.646000 -51.804000 6.584000 1
23166 -36.338000 -51.827000 5.768000 1
23167 -37.257000 -51.848000 5.923000 1
23168 -38.097000 -51.784000 6.250000 1
24038 -37.017000 -50.140000 8.495000 1
24039 -37.856000 -50.376000 8.371000 1
24040 -38.837000 -50.745000 8.027000 1
24041 -39.979000 -50.656000 7.752000 1
24049 -33.872000 -50.230000 7.234000 1
24050 -35.197000 -50.722000 7.495000 1
24051 -36.540000 -50.772000 8.077000 1
24052 -37.864000 -51.075000 7.817000 1
24053 -40.990000 -50.606000 7.453000 1
24054 -42.146000 -50.466000 6.989000 1
24063 -35.120000 -51.117000 6.681000 1
24913 -33.584000 -49.486000 8.350000 1
24914 -34.876000 -49.262000 8.575000 1
24915 -35.692000 -49.249000 8.699000 1
24916 -37.622000 -49.458000 8.607000 1
24917 -38.561000 -49.735000 8.540000 1
24918 -39.611000 -49.905000 8.363000 1
24919 -40.634000 -49.946000 8.034000 1
24927 -34.194000 -49.700000 8.066000 1
24928 -35.199000 -50.047000 8.232000 1
24929 -36.154000 -50.048000 8.478000 1
24930 -41.315000 -49.287000 7.874000 1
24931 -42.272000 -49.516000 7.137000 1
25758 -34.676000 -48.269000 9.421000 1
25759 -35.511000 -47.780000 9.371000 1
25766 -34.273000 -48.965000 8.805000 1
25767 -35.169000 -48.591000 8.971000 1
25768 -36.335000 -47.669000 9.067000 1
25769 -37.410000 -48.509000 8.663000 1
25770 -38.248000 -48.765000 8.588000 1
25771 -39.218000 -48.884000 8.529000 1
25772 -40.319000 -49.053000 8.356000 1
25778 -41.122000 -48.597000 7.995000 1
25779 -42.028000 -48.690000 7.268000 1
26578 -36.004000 -47.121000 9.361000 1
26586 -36.509000 -46.853000 8.944000 1
26587 -37.125000 -47.540000 8.630000 1
26588 -38.732000 -47.379000 8.112000 1
26589 -39.418000 -48.036000 8.355000 1
26590 -40.377000 -48.102000 8.153000 1
26595 -39.763000 -47.382000 7.877000 1
26596 -40.673000 -47.454000 7.567000 1
27398 -36.601000 -45.901000 8.786000 1
27399 -37.056000 -46.599000 8.374000 1
27400 -37.794000 -47.035000 8.194000 1
27403 -37.530000 -46.246000 7.798000 1
27404 -38.283000 -46.535000 7.600000 1
27405 -39.222000 -46.690000 7.430000 1
27406 -40.295000 -46.786000 7.176000 1
27407 -38.699000 -46.030000 6.859000 1
27408 -39.688000 -46.177000 6.617000 1
27409 -40.885000 -46.306000 6.176000 1
28289 -37.027000 -45.886000 8.082000 1
28294 -36.801000 -45.111000 8.030000 1
28295 -37.256000 -45.504000 7.444000 1
28296 -37.881000 -45.803000 7.103000 1
28299 -38.213000 -45.312000 6.371000 1
28300 -40.093000 -45.735000 6.001000 1
29235 -36.981000 -44.768000 7.091000 1
111362 -38.010000 -47.885000 8.471000 1
112812 -41.531000 -47.181000 6.601000 1
113378 -35.808000 -50.629000 7.989000 1
116241 -37.265000 -50.790000 8.142000 1
116894 -39.173000 -45.506000 6.168000 1
118114 -38.716000 -48.168000 8.464000 1
118377 -36.036000 -48.451000 8.978000 1
121813 -36.676000 -49.167000 8.704000 1
122375 -34.503000 -50.692000 6.984000 1
123141 -41.424000 -47.972000 7.485000 1
123894 -38.363000 -51.439000 7.107000 1
124575 -34.585000 -50.299000 7.632000 1
126655 -40.110000 -52.213000 6.346000 1
129337 -36.728000 -48.269000 8.827000 1
129947 -34.466000 -50.917000 6.305000 1
131692 -39.793000 -48.505000 8.401000 1
131829 -37.721000 -51.363000 7.285000 1
132568 -40.469000 -52.612000 6.320000 1
133135 -41.455000 -49.958000 7.584000 1
