# sub-06 hemi-L LimbsvsAllnoLimbsnoCS_scaled Cluster_7
35
8301 -31.488000 -69.757000 37.030000 1
8302 -32.496000 -70.015000 36.547000 1
8303 -33.589000 -70.257000 36.355000 1
8317 -31.033000 -69.098000 36.851000 1
8318 -31.940000 -69.428000 36.210000 1
8319 -32.979000 -69.586000 35.881000 1
9098 -30.670000 -68.429000 36.528000 1
9099 -31.493000 -68.754000 35.870000 1
9100 -32.437000 -68.920000 35.466000 1
9101 -33.419000 -68.993000 35.273000 1
9102 -34.338000 -69.036000 35.185000 1
9117 -31.934000 -68.300000 34.979000 1
9118 -32.887000 -68.353000 34.770000 1
9119 -33.807000 -68.393000 34.701000 1
9120 -34.678000 -68.460000 34.715000 1
9889 -31.061000 -68.113000 35.407000 1
9900 -30.689000 -67.431000 34.930000 1
9901 -31.538000 -67.602000 34.528000 1
9902 -32.442000 -67.682000 34.301000 1
9903 -33.332000 -67.718000 34.212000 1
9904 -34.199000 -67.760000 34.222000 1
9922 -32.049000 -67.026000 33.843000 1
9923 -32.913000 -67.081000 33.757000 1
9924 -33.752000 -67.093000 33.757000 1
10656 -30.363000 -66.688000 34.483000 1
10657 -31.180000 -66.892000 34.089000 1
10671 -30.843000 -66.098000 33.731000 1
10673 -34.165000 -66.391000 33.501000 1
125409 -32.575000 -66.364000 33.518000 1
125552 -33.367000 -66.411000 33.496000 1
125679 -34.008000 -69.655000 35.699000 1
125816 -34.593000 -67.117000 33.797000 1
125817 -35.063000 -67.857000 34.290000 1
125818 -35.510000 -68.584000 34.782000 1
127273 -32.897000 -70.415000 36.732000 1
