# sub-06 hemi-R LimbsvsAllnoLimbsnoCS_scaled Cluster_9
33
10291 47.779000 -62.401000 30.079000 1
11063 48.866000 -61.230000 29.676000 1
11064 48.034000 -61.608000 29.639000 1
11065 47.045000 -61.981000 29.702000 1
11066 45.896000 -62.054000 29.489000 1
11078 47.552000 -61.063000 29.090000 1
11079 46.554000 -61.267000 28.952000 1
11808 50.745000 -59.778000 30.931000 1
11809 50.316000 -60.729000 30.600000 1
11813 49.086000 -60.343000 29.449000 1
11814 48.377000 -60.689000 29.201000 1
11818 48.408000 -59.732000 28.760000 1
11819 47.946000 -60.301000 28.599000 1
11820 47.222000 -60.498000 28.316000 1
11821 46.223000 -60.678000 28.013000 1
11822 45.046000 -60.960000 28.098000 1
11828 47.779000 -59.700000 28.058000 1
11829 47.061000 -59.982000 27.462000 1
12519 50.183000 -59.574000 30.368000 1
12524 49.808000 -60.114000 29.811000 1
12525 48.993000 -59.642000 29.446000 1
12539 47.689000 -59.148000 27.480000 1
12540 47.238000 -59.336000 26.994000 1
12541 46.432000 -59.866000 26.849000 1
13278 50.529000 -59.099000 31.133000 1
14051 50.871000 -58.298000 32.776000 1
115890 45.453000 -61.415000 28.862000 1
124178 50.306000 -60.189000 30.261000 1
128149 50.736000 -58.650000 31.941000 1
132187 44.531000 -61.546000 28.745000 1
132674 49.500000 -60.837000 29.787000 1
132967 51.047000 -58.641000 32.296000 1
135981 46.386000 -60.263000 27.316000 1
