# sub-06 hemi-R LimbsvsAllnoLimbsnoCS_scaled Cluster_27
90
28423 53.064000 -40.814000 24.775000 1
29363 53.770000 -40.528000 24.372000 1
29384 54.382000 -40.136000 23.910000 1
29385 53.719000 -39.907000 23.934000 1
29434 51.175000 -40.543000 19.820000 1
29435 50.384000 -40.530000 19.955000 1
29456 52.621000 -40.547000 19.664000 1
30260 50.073000 -39.662000 25.273000 1
30261 48.792000 -39.391000 25.672000 1
30273 53.031000 -40.024000 24.248000 1
30274 52.224000 -39.753000 24.355000 1
30275 51.451000 -39.361000 24.396000 1
30276 50.589000 -39.125000 24.615000 1
30277 49.896000 -38.889000 24.792000 1
30290 54.063000 -39.423000 23.418000 1
30291 53.300000 -39.344000 23.600000 1
30292 52.586000 -39.270000 23.829000 1
30293 52.013000 -39.144000 24.014000 1
30309 53.566000 -38.784000 22.931000 1
30311 44.524000 -39.519000 22.072000 1
30356 53.017000 -39.180000 20.340000 1
30357 52.209000 -39.167000 20.335000 1
30358 51.093000 -39.417000 20.296000 1
30359 49.925000 -39.842000 20.337000 1
30379 53.233000 -39.857000 19.856000 1
30380 52.599000 -39.740000 19.997000 1
30381 51.910000 -40.124000 19.938000 1
31170 49.357000 -39.092000 25.223000 1
31171 48.649000 -38.671000 25.215000 1
31172 47.451000 -37.864000 24.775000 1
31187 51.593000 -38.778000 23.840000 1
31188 50.964000 -38.579000 23.954000 1
31189 49.242000 -38.343000 24.522000 1
31190 48.304000 -38.042000 24.645000 1
31203 52.760000 -38.724000 23.176000 1
31204 52.076000 -38.722000 23.481000 1
31205 50.491000 -37.979000 23.288000 1
31206 49.579000 -37.844000 23.667000 1
31220 52.855000 -38.408000 22.348000 1
31221 51.207000 -38.011000 22.461000 1
31222 45.364000 -39.050000 22.101000 1
31223 44.524000 -38.516000 22.723000 1
31240 53.252000 -38.453000 21.506000 1
31241 52.368000 -38.327000 21.523000 1
31242 51.504000 -38.189000 21.592000 1
31243 50.921000 -38.397000 20.941000 1
31244 50.082000 -38.265000 21.094000 1
31245 48.482000 -38.815000 21.090000 1
31246 47.042000 -38.793000 21.611000 1
31247 46.173000 -39.512000 21.485000 1
31265 53.546000 -38.724000 20.816000 1
31266 52.716000 -38.609000 20.827000 1
31267 51.821000 -38.538000 20.828000 1
31268 50.290000 -38.864000 20.602000 1
31269 49.371000 -39.043000 20.681000 1
31270 48.505000 -39.777000 20.641000 1
32136 46.605000 -37.778000 24.893000 1
32146 48.714000 -37.678000 23.910000 1
32147 47.853000 -37.506000 24.091000 1
32148 46.999000 -37.422000 24.223000 1
32149 46.136000 -37.424000 24.301000 1
32161 49.772000 -37.589000 23.000000 1
32162 49.037000 -37.453000 23.156000 1
32163 48.186000 -37.404000 23.342000 1
32164 47.357000 -37.334000 23.473000 1
32165 46.480000 -37.321000 23.500000 1
32166 45.585000 -37.455000 23.540000 1
32167 44.661000 -37.740000 23.606000 1
32174 50.239000 -37.708000 22.438000 1
32175 49.380000 -37.535000 22.400000 1
32176 48.359000 -37.490000 22.407000 1
32177 47.376000 -37.780000 22.157000 1
32178 46.441000 -38.288000 22.105000 1
32179 45.945000 -37.719000 22.749000 1
32180 45.155000 -37.887000 22.893000 1
32195 50.650000 -37.936000 21.694000 1
32196 49.792000 -37.780000 21.726000 1
115096 52.059000 -38.353000 22.812000 1
115171 52.008000 -38.229000 22.148000 1
115678 47.566000 -39.272000 21.239000 1
117468 50.145000 -38.388000 24.158000 1
119080 51.407000 -38.339000 23.301000 1
121713 46.862000 -37.502000 22.745000 1
123491 47.942000 -38.146000 21.603000 1
124457 47.636000 -37.405000 22.807000 1
125425 48.894000 -37.818000 21.663000 1
128858 52.472000 -40.414000 24.682000 1
130808 49.349000 -38.231000 21.224000 1
131256 47.880000 -38.417000 25.310000 1
133566 49.384000 -39.747000 25.615000 1
