# sub-06 hemi-L CSvsAllNotext_scaled Cluster_11
220
30092 -42.352000 -43.510000 6.684000 1
30098 -43.188000 -42.461000 5.348000 1
30988 -40.887000 -42.054000 8.348000 1
30996 -41.354000 -42.160000 7.447000 1
30997 -42.032000 -42.645000 6.671000 1
31003 -42.673000 -42.157000 6.003000 1
31879 -40.909000 -41.350000 7.818000 1
31887 -41.287000 -41.242000 7.093000 1
31888 -41.745000 -40.847000 6.449000 1
31895 -42.624000 -41.235000 5.785000 1
32750 -40.681000 -40.546000 8.080000 1
32759 -40.990000 -40.010000 7.357000 1
32760 -41.542000 -40.030000 6.560000 1
32768 -42.284000 -40.286000 5.884000 1
33652 -40.644000 -39.245000 8.481000 1
33660 -40.986000 -39.203000 7.774000 1
33661 -41.406000 -39.218000 6.959000 1
33667 -42.155000 -39.304000 6.077000 1
34586 -40.578000 -38.613000 8.990000 1
34587 -40.938000 -38.504000 8.306000 1
34597 -41.368000 -38.419000 7.547000 1
34598 -41.878000 -38.392000 6.715000 1
35455 -47.035000 -37.369000 12.524000 1
35461 -39.569000 -37.321000 11.517000 1
35462 -40.048000 -36.988000 10.981000 1
35463 -47.359000 -37.817000 11.966000 1
35479 -39.931000 -37.847000 10.838000 1
35480 -40.377000 -37.169000 10.367000 1
35493 -40.703000 -37.309000 9.602000 1
35494 -41.234000 -36.932000 8.885000 1
35501 -40.852000 -37.843000 8.893000 1
35502 -41.315000 -37.679000 8.182000 1
35512 -41.790000 -37.570000 7.384000 1
36388 -46.272000 -36.413000 13.621000 1
36397 -46.622000 -36.209000 13.202000 1
36398 -47.018000 -36.441000 12.644000 1
36403 -39.770000 -36.300000 11.533000 1
36404 -40.432000 -36.249000 10.658000 1
36405 -47.481000 -36.822000 11.876000 1
36419 -41.004000 -35.927000 9.932000 1
36437 -40.996000 -36.590000 9.541000 1
36438 -41.347000 -36.111000 9.237000 1
36450 -41.652000 -36.164000 8.598000 1
36451 -42.085000 -36.004000 8.005000 1
36462 -41.700000 -36.804000 8.039000 1
37319 -46.363000 -35.585000 13.624000 1
37324 -46.948000 -35.559000 12.932000 1
37325 -47.541000 -35.647000 12.179000 1
37329 -39.779000 -35.352000 11.921000 1
37330 -40.298000 -35.422000 11.233000 1
37341 -40.786000 -35.314000 10.542000 1
37342 -41.216000 -35.132000 10.022000 1
37358 -41.458000 -35.368000 9.452000 1
37372 -41.906000 -34.946000 8.862000 1
37373 -42.283000 -35.233000 8.135000 1
38229 -45.564000 -34.422000 14.589000 1
38243 -46.221000 -34.644000 13.911000 1
38253 -46.617000 -33.963000 13.509000 1
38254 -47.500000 -33.918000 12.512000 1
38261 -47.839000 -34.609000 12.044000 1
38285 -42.114000 -33.989000 9.050000 1
39105 -45.554000 -33.493000 14.574000 1
39106 -45.961000 -33.119000 14.217000 1
39114 -46.430000 -33.178000 13.721000 1
39125 -47.024000 -33.297000 13.037000 1
39126 -47.611000 -33.051000 12.360000 1
39133 -48.034000 -33.694000 11.897000 1
39157 -41.365000 -33.209000 10.546000 1
39158 -42.216000 -33.210000 9.092000 1
39172 -42.524000 -33.465000 8.438000 1
39182 -42.861000 -33.244000 7.825000 1
39949 -44.876000 -32.006000 14.730000 1
39950 -45.439000 -32.680000 14.544000 1
39951 -46.101000 -32.470000 14.012000 1
39957 -46.663000 -32.461000 13.397000 1
39965 -47.211000 -32.411000 12.778000 1
39966 -47.663000 -32.289000 12.224000 1
39985 -41.322000 -32.490000 10.859000 1
40000 -41.650000 -32.502000 10.188000 1
40001 -42.116000 -32.429000 9.397000 1
40016 -42.436000 -32.753000 8.770000 1
40024 -42.715000 -32.683000 8.211000 1
40025 -43.027000 -32.660000 7.554000 1
40822 -43.512000 -31.757000 15.141000 1
40832 -43.670000 -30.974000 14.671000 1
40833 -44.289000 -31.456000 14.776000 1
40834 -45.578000 -31.729000 14.260000 1
40841 -45.864000 -31.122000 13.833000 1
40842 -46.270000 -31.736000 13.686000 1
40850 -46.836000 -31.700000 13.091000 1
40851 -47.359000 -31.664000 12.483000 1
40857 -47.911000 -31.597000 11.771000 1
40870 -41.501000 -31.767000 10.683000 1
40871 -48.987000 -32.104000 10.550000 1
40885 -41.842000 -31.694000 9.945000 1
40886 -42.199000 -31.465000 9.299000 1
40900 -42.509000 -31.976000 8.665000 1
40910 -42.826000 -32.009000 7.937000 1
40911 -43.095000 -31.952000 7.275000 1
41752 -41.993000 -30.783000 14.077000 1
41753 -42.898000 -30.597000 14.401000 1
41754 -43.711000 -30.243000 14.258000 1
41755 -44.489000 -30.688000 14.395000 1
41756 -45.292000 -30.882000 14.166000 1
41762 -42.419000 -30.153000 13.735000 1
41763 -45.003000 -30.248000 14.019000 1
41764 -45.700000 -30.326000 13.623000 1
41765 -46.385000 -30.982000 13.347000 1
41771 -46.959000 -30.960000 12.731000 1
41772 -47.170000 -30.278000 12.289000 1
41777 -41.546000 -30.166000 11.699000 1
41778 -47.795000 -30.496000 11.595000 1
41789 -41.646000 -30.238000 10.840000 1
41790 -48.697000 -30.546000 10.444000 1
41791 -49.149000 -30.788000 9.940000 1
41802 -41.852000 -30.270000 10.043000 1
41803 -42.189000 -30.526000 9.215000 1
41820 -42.459000 -30.560000 8.379000 1
41831 -42.716000 -30.790000 7.665000 1
42667 -43.104000 -29.953000 13.976000 1
42675 -42.847000 -29.411000 13.410000 1
42676 -43.666000 -29.557000 13.762000 1
42677 -44.387000 -29.894000 13.962000 1
42678 -45.041000 -29.601000 13.655000 1
42679 -46.450000 -30.110000 12.917000 1
42685 -41.872000 -29.614000 12.321000 1
42686 -42.416000 -29.162000 12.706000 1
42687 -46.251000 -29.200000 12.675000 1
42693 -41.943000 -29.035000 11.318000 1
42694 -42.161000 -28.979000 12.025000 1
42695 -47.367000 -29.506000 11.753000 1
42696 -47.982000 -29.695000 11.099000 1
42708 -41.841000 -29.397000 10.517000 1
42709 -42.033000 -28.591000 10.841000 1
42710 -48.169000 -29.060000 10.601000 1
42711 -48.633000 -29.196000 9.971000 1
42712 -49.007000 -29.974000 9.840000 1
42722 -42.007000 -29.532000 9.561000 1
42737 -42.258000 -29.725000 8.696000 1
42749 -42.491000 -29.842000 7.762000 1
43591 -42.951000 -28.787000 12.938000 1
43592 -43.562000 -28.855000 13.262000 1
43593 -44.336000 -29.129000 13.508000 1
43597 -42.683000 -28.488000 12.391000 1
43598 -43.363000 -28.261000 12.716000 1
43599 -44.261000 -28.267000 12.977000 1
43600 -45.048000 -28.805000 13.246000 1
43605 -42.378000 -28.255000 11.605000 1
43629 -42.003000 -28.500000 9.974000 1
44499 -43.009000 -27.775000 12.143000 1
44500 -43.775000 -27.624000 12.420000 1
44501 -44.492000 -27.605000 12.490000 1
44502 -45.195000 -28.041000 12.676000 1
44508 -42.727000 -27.383000 11.430000 1
44509 -43.420000 -27.118000 11.811000 1
44510 -44.209000 -27.035000 12.044000 1
44511 -45.013000 -27.220000 12.148000 1
44527 -42.512000 -27.052000 10.703000 1
44540 -42.247000 -26.998000 9.416000 1
45417 -43.042000 -26.577000 11.167000 1
45418 -43.825000 -26.453000 11.493000 1
45419 -44.741000 -26.435000 11.552000 1
45434 -42.684000 -26.374000 10.478000 1
45435 -43.062000 -26.009000 10.711000 1
45442 -42.448000 -26.188000 9.770000 1
46360 -43.484000 -26.015000 11.024000 1
46361 -44.187000 -25.698000 11.083000 1
46373 -44.777000 -25.033000 10.838000 1
111769 -42.391000 -26.809000 10.098000 1
112263 -40.315000 -37.957000 10.059000 1
112892 -42.095000 -28.814000 8.985000 1
113249 -42.260000 -27.853000 10.786000 1
113282 -42.405000 -34.403000 8.314000 1
113383 -40.542000 -38.075000 9.447000 1
113857 -48.477000 -29.792000 10.487000 1
114421 -41.578000 -34.471000 9.693000 1
114487 -41.397000 -33.909000 10.264000 1
115113 -41.441000 -31.005000 11.206000 1
115469 -42.225000 -29.084000 8.248000 1
115969 -42.636000 -31.325000 8.178000 1
116028 -42.210000 -27.502000 10.032000 1
116601 -41.769000 -33.389000 9.744000 1
116710 -41.728000 -29.659000 11.206000 1
116731 -46.101000 -33.800000 14.115000 1
117324 -42.800000 -43.022000 5.944000 1
117966 -41.698000 -30.992000 10.412000 1
118138 -42.122000 -27.874000 9.186000 1
118544 -47.305000 -34.763000 12.669000 1
118670 -42.789000 -33.956000 7.727000 1
119018 -48.908000 -31.363000 10.428000 1
119394 -42.411000 -31.169000 8.750000 1
120256 -41.245000 -42.844000 8.215000 1
121112 -47.458000 -31.003000 12.194000 1
122318 -48.378000 -31.041000 11.069000 1
122755 -47.124000 -38.089000 12.503000 1
122791 -46.528000 -37.058000 13.226000 1
122801 -44.930000 -31.331000 14.508000 1
124179 -41.887000 -41.726000 6.557000 1
124315 -41.665000 -43.142000 7.405000 1
126453 -48.185000 -32.692000 11.675000 1
126688 -41.647000 -35.625000 8.925000 1
126850 -48.277000 -30.314000 10.944000 1
127574 -41.819000 -29.475000 11.717000 1
127940 -46.771000 -34.767000 13.276000 1
128293 -41.909000 -35.584000 8.500000 1
128974 -41.962000 -30.991000 9.777000 1
128984 -45.714000 -29.444000 13.211000 1
129078 -43.105000 -41.802000 5.410000 1
129352 -42.998000 -43.917000 5.865000 1
129443 -40.703000 -36.650000 10.021000 1
129486 -43.033000 -31.237000 14.839000 1
129548 -44.129000 -24.956000 10.672000 1
130027 -40.708000 -39.799000 8.048000 1
130344 -41.255000 -40.570000 6.960000 1
130695 -40.984000 -40.745000 7.450000 1
131184 -45.656000 -28.763000 12.874000 1
131364 -46.800000 -29.602000 12.369000 1
132124 -47.060000 -34.134000 13.000000 1
132577 -42.852000 -31.454000 7.630000 1
133404 -45.183000 -33.180000 14.840000 1
