# sub-06 hemi-L RWvsAllNotext_scaled Cluster_3
25
4594 -24.171000 -75.539000 9.541000 1
4595 -28.266000 -75.447000 9.053000 1
4609 -24.306000 -75.676000 8.493000 1
4610 -27.891000 -75.334000 8.219000 1
4623 -27.489000 -75.199000 7.378000 1
4624 -28.489000 -75.538000 7.667000 1
4639 -26.425000 -74.956000 7.155000 1
4641 -28.784000 -75.289000 6.293000 1
4657 -28.483000 -74.982000 5.202000 1
4658 -29.513000 -75.141000 5.846000 1
4670 -27.680000 -74.852000 4.146000 1
5195 -25.121000 -74.073000 9.876000 1
5208 -24.633000 -74.597000 9.442000 1
5211 -27.772000 -74.915000 9.706000 1
5223 -24.630000 -75.180000 7.932000 1
5224 -25.018000 -74.631000 8.387000 1
5225 -26.098000 -74.482000 8.500000 1
5226 -27.290000 -74.869000 8.761000 1
5238 -26.849000 -74.906000 7.943000 1
5256 -29.504000 -74.903000 4.959000 1
5266 -28.764000 -74.793000 4.217000 1
113742 -27.714000 -75.076000 5.891000 1
119372 -28.117000 -75.322000 6.817000 1
131066 -27.807000 -74.789000 10.369000 1
131707 -24.457000 -74.992000 8.711000 1
