# sub-06 hemi-L LimbsvsAllnoLimbs_scaled Cluster_6
25
8651 -27.223000 -69.345000 10.519000 1
8652 -28.180000 -69.180000 10.308000 1
8667 -28.620000 -69.438000 9.497000 1
8668 -29.582000 -69.027000 9.173000 1
8675 -29.023000 -69.596000 8.713000 1
8676 -29.928000 -69.091000 8.408000 1
9384 -26.331000 -68.115000 11.807000 1
9411 -26.750000 -68.812000 11.251000 1
10153 -26.051000 -66.801000 12.013000 1
10169 -25.328000 -67.295000 11.633000 1
10170 -26.088000 -67.390000 12.023000 1
10891 -25.548000 -66.642000 11.477000 1
10892 -26.175000 -66.346000 11.710000 1
10904 -25.932000 -66.157000 11.091000 1
10917 -26.213000 -66.195000 9.261000 1
10927 -27.107000 -66.250000 7.855000 1
11588 -26.486000 -65.749000 10.624000 1
11605 -26.949000 -65.903000 8.960000 1
11626 -27.818000 -65.667000 8.332000 1
11648 -28.559000 -65.461000 7.807000 1
117786 -25.799000 -66.179000 10.117000 1
117968 -27.130000 -65.292000 10.959000 1
125057 -26.480000 -65.886000 9.782000 1
125128 -27.083000 -65.500000 9.996000 1
126216 -27.876000 -65.913000 7.377000 1
