# sub-06 hemi-L CSvsAllNotext_scaled Cluster_7
16
13115 -40.070000 -63.687000 8.134000 1
13845 -40.099000 -62.132000 10.405000 1
13846 -40.988000 -62.460000 10.697000 1
13861 -40.656000 -62.801000 9.936000 1
13873 -39.450000 -62.943000 8.429000 1
13874 -40.346000 -63.242000 9.066000 1
14553 -40.566000 -61.972000 11.028000 1
14565 -38.632000 -61.075000 10.958000 1
14580 -38.831000 -62.253000 9.313000 1
15300 -37.963000 -60.741000 11.475000 1
15301 -38.900000 -61.162000 11.509000 1
112703 -39.710000 -61.495000 11.045000 1
115061 -39.877000 -62.582000 9.531000 1
115516 -39.003000 -61.673000 10.304000 1
129821 -40.861000 -63.444000 9.566000 1
131276 -39.485000 -62.173000 9.933000 1
