#!ascii label , from subject sub-10 vox2ras=TkReg lh ROI=pOTS-words coords=white drawn-with=delineation-helper-0.1.0
131
15033  -36.703  -62.223  -1.421 0.0000000000
15049  -37.793  -62.319  -2.378 0.0000000000
15889  -37.194  -62.072  -2.123 0.0000000000
15908  -37.813  -62.181  -2.644 0.0000000000
15909  -38.239  -62.020  -3.048 0.0000000000
16737  -36.548  -60.630  -1.079 0.0000000000
16754  -36.519  -61.718  -1.454 0.0000000000
16755  -37.082  -61.299  -1.793 0.0000000000
16756  -37.746  -60.625  -1.922 0.0000000000
16773  -37.655  -61.700  -2.459 0.0000000000
16774  -38.383  -60.962  -2.716 0.0000000000
16775  -39.166  -60.751  -3.395 0.0000000000
16788  -38.790  -61.645  -3.356 0.0000000000
16821  -34.167  -60.023  -5.884 0.0000000000
17538  -35.933  -59.306  -0.082 0.0000000000
17553  -36.398  -59.732  -0.516 0.0000000000
17554  -37.133  -59.478  -0.767 0.0000000000
17567  -37.791  -59.639  -1.320 0.0000000000
17568  -38.392  -59.794  -1.899 0.0000000000
17582  -39.048  -59.786  -2.625 0.0000000000
17583  -39.585  -59.736  -3.479 0.0000000000
17626  -34.382  -58.996  -5.579 0.0000000000
17636  -34.711  -59.465  -6.245 0.0000000000
17637  -35.206  -59.457  -6.823 0.0000000000
18377  -36.583  -58.877  -0.233 0.0000000000
18386  -37.256  -58.421  -0.385 0.0000000000
18387  -37.835  -57.995  -0.557 0.0000000000
18402  -37.837  -58.757  -0.855 0.0000000000
18403  -38.448  -58.092  -1.145 0.0000000000
18413  -38.878  -58.857  -1.872 0.0000000000
18414  -39.432  -58.684  -2.868 0.0000000000
18425  -39.758  -58.203  -3.596 0.0000000000
18442  -34.176  -58.197  -4.956 0.0000000000
18455  -34.718  -58.068  -5.631 0.0000000000
18456  -35.115  -57.819  -6.214 0.0000000000
18466  -35.025  -58.653  -6.341 0.0000000000
18467  -35.452  -57.985  -6.875 0.0000000000
18472  -35.986  -58.204  -7.571 0.0000000000
19203  -35.397  -58.039  0.372 0.0000000000
19204  -36.050  -57.570  0.311 0.0000000000
19218  -34.053  -56.981  -0.114 0.0000000000
19219  -36.690  -57.975  0.074 0.0000000000
19220  -37.323  -57.527  -0.201 0.0000000000
19221  -38.024  -57.238  -0.621 0.0000000000
19233  -38.628  -57.034  -1.426 0.0000000000
19243  -33.340  -56.756  -2.948 0.0000000000
19244  -39.182  -56.710  -2.505 0.0000000000
19245  -39.500  -57.599  -3.068 0.0000000000
19266  -33.939  -57.480  -4.292 0.0000000000
19267  -34.458  -57.405  -5.065 0.0000000000
19275  -34.888  -57.244  -5.790 0.0000000000
19276  -35.390  -57.096  -6.592 0.0000000000
19288  -35.912  -57.430  -7.370 0.0000000000
19997  -34.685  -57.045  0.183 0.0000000000
19998  -35.289  -56.487  0.178 0.0000000000
19999  -35.987  -56.755  0.306 0.0000000000
20008  -33.629  -56.585  -0.679 0.0000000000
20009  -34.518  -56.280  -0.211 0.0000000000
20010  -35.172  -55.842  -0.042 0.0000000000
20011  -36.524  -56.375  0.150 0.0000000000
20012  -38.131  -56.316  -0.834 0.0000000000
20022  -33.582  -56.066  -1.501 0.0000000000
20023  -38.667  -56.083  -1.735 0.0000000000
20044  -33.856  -56.656  -3.787 0.0000000000
20045  -34.039  -55.952  -3.786 0.0000000000
20058  -34.386  -55.983  -4.543 0.0000000000
20064  -34.646  -56.589  -5.233 0.0000000000
20065  -35.055  -56.416  -6.002 0.0000000000
20071  -35.574  -56.174  -6.655 0.0000000000
20072  -36.129  -55.910  -7.177 0.0000000000
20075  -35.998  -56.618  -7.269 0.0000000000
20808  -35.882  -55.882  0.129 0.0000000000
20820  -34.090  -55.708  -0.785 0.0000000000
20821  -34.335  -55.048  -0.754 0.0000000000
20822  -35.346  -55.180  -0.156 0.0000000000
20823  -37.528  -55.607  -0.498 0.0000000000
20824  -38.181  -55.485  -1.179 0.0000000000
20833  -33.891  -55.037  -1.402 0.0000000000
20834  -34.310  -54.428  -0.911 0.0000000000
20835  -37.702  -54.808  -0.858 0.0000000000
20836  -38.308  -54.790  -1.586 0.0000000000
20846  -33.635  -55.525  -2.296 0.0000000000
20859  -33.793  -55.286  -3.165 0.0000000000
20860  -34.164  -55.238  -4.007 0.0000000000
20875  -34.471  -55.193  -4.744 0.0000000000
20884  -34.815  -55.648  -5.445 0.0000000000
20885  -35.271  -55.007  -6.004 0.0000000000
20893  -35.845  -55.310  -6.724 0.0000000000
21682  -34.773  -54.728  -0.484 0.0000000000
21683  -35.406  -54.267  -0.330 0.0000000000
21684  -36.350  -54.131  -0.324 0.0000000000
21685  -37.212  -54.059  -0.652 0.0000000000
21698  -33.980  -54.087  -1.514 0.0000000000
21699  -37.955  -54.088  -1.292 0.0000000000
21713  -33.728  -54.517  -2.377 0.0000000000
21725  -33.906  -54.379  -3.456 0.0000000000
21741  -34.301  -54.474  -4.395 0.0000000000
22621  -33.979  -52.827  -1.962 0.0000000000
22636  -33.794  -53.581  -2.142 0.0000000000
22637  -33.846  -53.038  -2.794 0.0000000000
22656  -33.773  -53.805  -2.816 0.0000000000
22657  -33.905  -53.578  -3.350 0.0000000000
22680  -34.511  -53.725  -4.774 0.0000000000
23560  -34.088  -52.351  -2.499 0.0000000000
23575  -34.152  -52.344  -3.213 0.0000000000
107416  -36.729  -55.691  -0.037 0.0000000000
107661  -36.115  -54.989  -0.087 0.0000000000
107898  -33.676  -56.067  -3.076 0.0000000000
108082  -36.960  -54.867  -0.311 0.0000000000
108946  -33.453  -56.193  -2.367 0.0000000000
111061  -39.089  -57.815  -2.077 0.0000000000
111371  -34.266  -56.759  -4.500 0.0000000000
114072  -35.538  -58.773  -7.136 0.0000000000
114908  -37.250  -60.321  -1.376 0.0000000000
116313  -33.534  -57.242  -3.616 0.0000000000
116334  -37.316  -56.536  -0.184 0.0000000000
116841  -35.275  -55.715  -6.178 0.0000000000
117203  -34.760  -54.571  -5.272 0.0000000000
117249  -39.840  -60.656  -4.150 0.0000000000
117376  -34.727  -54.101  -0.639 0.0000000000
117880  -36.675  -57.105  0.173 0.0000000000
119272  -38.303  -59.007  -1.349 0.0000000000
119705  -39.889  -58.972  -3.848 0.0000000000
120106  -38.612  -55.369  -1.915 0.0000000000
121526  -34.156  -56.351  -4.155 0.0000000000
122865  -33.826  -59.544  -5.311 0.0000000000
123513  -35.385  -57.247  0.335 0.0000000000
123910  -36.026  -58.405  0.196 0.0000000000
124218  -34.102  -53.388  -1.549 0.0000000000
125288  -34.698  -55.447  -0.371 0.0000000000
127045  -34.815  -57.703  0.374 0.0000000000
