#!ascii label  , from subject sub-05 vox2ras=TkReg aparc.a2009s=S_occipital_ant
1242
12581  33.652  -72.569  15.400 0.0000000000
12582  32.868  -72.331  15.035 0.0000000000
12589  33.389  -72.847  14.568 0.0000000000
12590  32.647  -72.428  14.134 0.0000000000
12600  33.159  -72.813  12.843 0.0000000000
12601  32.547  -72.365  13.196 0.0000000000
12608  33.126  -72.770  12.037 0.0000000000
12609  32.575  -72.275  12.326 0.0000000000
12611  33.172  -72.668  11.245 0.0000000000
12612  32.663  -72.169  11.512 0.0000000000
12615  32.861  -72.026  10.683 0.0000000000
13478  33.768  -71.352  16.493 0.0000000000
13479  32.935  -71.249  16.227 0.0000000000
13487  33.266  -71.931  15.826 0.0000000000
13488  32.498  -71.707  15.462 0.0000000000
13489  31.808  -71.465  15.103 0.0000000000
13497  32.146  -71.928  14.612 0.0000000000
13498  31.383  -71.361  14.231 0.0000000000
13504  31.959  -71.919  13.668 0.0000000000
13505  31.425  -71.386  13.242 0.0000000000
13510  31.917  -71.722  12.596 0.0000000000
13511  31.292  -70.816  12.346 0.0000000000
13515  32.361  -71.396  11.023 0.0000000000
13516  31.861  -71.148  11.698 0.0000000000
13534  33.544  -71.803  9.533 0.0000000000
14263  33.335  -69.708  17.163 0.0000000000
14275  33.532  -70.561  16.841 0.0000000000
14276  32.644  -70.487  16.561 0.0000000000
14277  31.676  -70.373  16.220 0.0000000000
14284  32.088  -71.096  15.851 0.0000000000
14285  31.193  -70.861  15.234 0.0000000000
14286  30.545  -70.345  14.919 0.0000000000
14289  30.731  -70.657  14.304 0.0000000000
14290  30.340  -70.122  14.370 0.0000000000
14296  30.897  -70.800  13.389 0.0000000000
14297  30.396  -70.046  13.597 0.0000000000
14304  30.717  -70.066  12.659 0.0000000000
14305  30.402  -69.534  12.964 0.0000000000
14315  32.035  -70.694  11.094 0.0000000000
14316  31.665  -70.441  11.500 0.0000000000
14327  36.612  -70.236  10.039 0.0000000000
14328  35.718  -69.938  9.847 0.0000000000
14329  33.212  -70.390  10.001 0.0000000000
14330  32.513  -70.563  10.556 0.0000000000
14341  34.363  -70.643  9.260 0.0000000000
14342  33.630  -70.978  9.526 0.0000000000
14357  34.858  -70.973  8.837 0.0000000000
15223  33.192  -68.725  17.392 0.0000000000
15224  32.147  -68.780  17.273 0.0000000000
15231  32.372  -69.678  16.923 0.0000000000
15232  31.364  -69.549  16.652 0.0000000000
15233  30.426  -69.236  16.331 0.0000000000
15237  30.678  -70.020  15.728 0.0000000000
15238  30.074  -69.725  14.876 0.0000000000
15239  29.667  -68.956  15.078 0.0000000000
15245  30.082  -69.659  14.105 0.0000000000
15246  29.793  -69.082  14.285 0.0000000000
15255  30.079  -69.203  13.483 0.0000000000
15265  36.968  -69.114  11.976 0.0000000000
15266  30.689  -69.261  12.368 0.0000000000
15267  30.322  -69.035  12.832 0.0000000000
15277  36.637  -69.428  11.290 0.0000000000
15278  35.934  -69.214  11.010 0.0000000000
15279  34.516  -69.198  10.434 0.0000000000
15280  32.026  -70.012  10.961 0.0000000000
15281  31.343  -69.621  11.660 0.0000000000
15289  37.117  -70.033  10.817 0.0000000000
15290  36.255  -69.674  10.552 0.0000000000
15291  35.403  -69.419  10.421 0.0000000000
15292  33.769  -69.688  10.068 0.0000000000
15293  32.843  -69.670  10.493 0.0000000000
15305  34.678  -69.863  9.749 0.0000000000
15306  33.878  -70.280  9.641 0.0000000000
16175  33.075  -67.702  17.579 0.0000000000
16176  32.024  -67.774  17.567 0.0000000000
16177  30.810  -67.808  17.496 0.0000000000
16178  29.797  -67.975  16.965 0.0000000000
16184  31.087  -68.707  17.104 0.0000000000
16185  30.126  -68.524  16.724 0.0000000000
16186  29.491  -68.117  16.183 0.0000000000
16191  29.726  -68.796  15.883 0.0000000000
16192  29.406  -68.217  15.355 0.0000000000
16201  29.556  -68.326  14.546 0.0000000000
16207  37.030  -68.074  12.857 0.0000000000
16208  30.152  -68.501  13.047 0.0000000000
16209  29.811  -68.448  13.755 0.0000000000
16217  36.571  -68.471  12.337 0.0000000000
16218  35.854  -68.198  12.185 0.0000000000
16219  35.048  -68.201  11.712 0.0000000000
16220  31.110  -68.654  11.922 0.0000000000
16221  30.597  -68.571  12.489 0.0000000000
16231  34.372  -68.578  11.013 0.0000000000
16232  33.534  -68.448  11.083 0.0000000000
16233  32.730  -68.434  11.231 0.0000000000
16234  31.874  -68.567  11.474 0.0000000000
16243  33.639  -69.026  10.558 0.0000000000
17024  30.694  -66.977  21.130 0.0000000000
17034  31.597  -66.916  19.954 0.0000000000
17035  31.480  -66.386  20.371 0.0000000000
17046  32.556  -66.354  19.168 0.0000000000
17055  30.973  -66.914  18.113 0.0000000000
17061  33.115  -66.848  17.897 0.0000000000
17062  32.093  -66.871  17.956 0.0000000000
17067  29.303  -67.500  16.593 0.0000000000
17075  29.180  -67.537  15.747 0.0000000000
17087  29.289  -67.492  14.853 0.0000000000
17101  36.749  -67.321  13.141 0.0000000000
17102  35.900  -67.061  12.822 0.0000000000
17103  30.011  -67.786  13.288 0.0000000000
17104  29.625  -67.707  14.019 0.0000000000
17113  36.249  -67.803  12.617 0.0000000000
17114  34.256  -67.359  12.146 0.0000000000
17115  33.026  -67.181  12.012 0.0000000000
17116  32.058  -67.209  12.088 0.0000000000
17117  31.172  -67.316  12.399 0.0000000000
17118  30.514  -67.883  12.687 0.0000000000
17128  34.128  -68.069  11.506 0.0000000000
17129  33.354  -67.844  11.570 0.0000000000
17130  32.429  -67.818  11.656 0.0000000000
17131  31.580  -67.902  11.892 0.0000000000
17959  30.626  -66.553  21.840 0.0000000000
17974  32.016  -65.001  20.333 0.0000000000
17975  31.406  -66.019  20.805 0.0000000000
17992  32.082  -65.710  19.485 0.0000000000
18006  32.757  -66.367  18.632 0.0000000000
18007  32.362  -65.754  18.940 0.0000000000
18014  32.811  -66.517  18.291 0.0000000000
18015  32.203  -66.173  18.561 0.0000000000
18016  29.899  -66.759  18.149 0.0000000000
18017  29.082  -66.184  18.120 0.0000000000
18018  28.695  -65.733  17.857 0.0000000000
18024  29.055  -66.819  17.167 0.0000000000
18025  28.676  -65.997  17.277 0.0000000000
18031  28.980  -67.021  16.235 0.0000000000
18032  28.748  -66.291  16.275 0.0000000000
18039  29.002  -66.857  15.511 0.0000000000
18052  37.910  -66.088  13.853 0.0000000000
18053  29.256  -66.616  14.699 0.0000000000
18065  41.039  -66.671  13.994 0.0000000000
18067  37.330  -66.725  13.571 0.0000000000
18068  36.423  -66.488  13.314 0.0000000000
18069  35.449  -66.235  13.060 0.0000000000
18070  34.729  -65.615  13.125 0.0000000000
18071  30.354  -66.385  13.322 0.0000000000
18072  29.712  -66.392  13.949 0.0000000000
18085  34.469  -66.389  12.698 0.0000000000
18086  33.505  -66.504  12.477 0.0000000000
18087  32.506  -66.542  12.407 0.0000000000
18088  31.061  -66.499  12.773 0.0000000000
18089  30.443  -67.135  12.939 0.0000000000
19035  34.982  -65.419  22.949 0.0000000000
19036  34.560  -65.198  22.797 0.0000000000
19037  33.679  -64.922  22.642 0.0000000000
19038  32.968  -64.836  22.453 0.0000000000
19052  36.775  -65.656  22.879 0.0000000000
19053  35.973  -65.480  22.821 0.0000000000
19054  35.303  -65.310  22.776 0.0000000000
19055  31.789  -65.340  21.806 0.0000000000
19056  31.479  -65.656  21.275 0.0000000000
19066  31.993  -64.783  20.788 0.0000000000
19080  31.808  -64.972  19.825 0.0000000000
19081  31.181  -64.763  19.877 0.0000000000
19095  31.868  -65.394  19.378 0.0000000000
19096  30.359  -65.171  19.525 0.0000000000
19097  29.157  -65.084  19.368 0.0000000000
19098  28.598  -64.679  18.940 0.0000000000
19108  32.006  -65.607  18.871 0.0000000000
19109  31.123  -65.495  19.116 0.0000000000
19110  29.622  -65.674  18.945 0.0000000000
19111  28.762  -65.395  18.458 0.0000000000
19117  28.501  -65.216  17.578 0.0000000000
19124  28.585  -65.434  16.630 0.0000000000
19132  28.953  -66.028  15.280 0.0000000000
19133  28.742  -65.527  15.831 0.0000000000
19143  39.212  -66.213  13.966 0.0000000000
19144  38.553  -65.946  13.912 0.0000000000
19145  29.835  -64.850  14.321 0.0000000000
19146  29.461  -65.727  14.464 0.0000000000
19158  42.760  -66.418  13.659 0.0000000000
19159  41.589  -66.078  13.509 0.0000000000
19160  40.509  -65.728  13.436 0.0000000000
19161  38.923  -65.424  13.629 0.0000000000
19162  38.102  -65.359  13.749 0.0000000000
19163  37.375  -65.291  13.726 0.0000000000
19164  36.651  -65.110  13.667 0.0000000000
19165  35.431  -65.480  13.350 0.0000000000
19166  34.204  -64.976  13.315 0.0000000000
19167  33.314  -65.062  13.181 0.0000000000
19168  32.400  -65.160  13.131 0.0000000000
19169  30.989  -65.740  13.163 0.0000000000
19170  30.205  -65.518  13.727 0.0000000000
19183  43.412  -65.754  13.184 0.0000000000
19184  42.106  -65.441  13.030 0.0000000000
19185  41.191  -65.313  13.008 0.0000000000
19186  33.849  -65.705  12.886 0.0000000000
19187  32.903  -65.781  12.732 0.0000000000
19188  31.867  -65.916  12.760 0.0000000000
20003  34.121  -65.273  22.993 0.0000000000
20004  33.325  -65.048  22.824 0.0000000000
20005  31.616  -65.161  22.901 0.0000000000
20018  38.123  -65.057  22.503 0.0000000000
20019  36.530  -65.138  22.562 0.0000000000
20020  35.761  -64.911  22.515 0.0000000000
20021  34.968  -64.657  22.513 0.0000000000
20022  34.263  -64.760  22.504 0.0000000000
20023  33.001  -64.465  22.047 0.0000000000
20024  32.496  -64.989  21.950 0.0000000000
20033  32.458  -64.280  21.560 0.0000000000
20034  32.129  -64.521  21.217 0.0000000000
20035  31.509  -64.168  20.848 0.0000000000
20048  31.647  -64.730  20.243 0.0000000000
20049  30.735  -64.327  20.426 0.0000000000
20050  29.577  -64.041  20.576 0.0000000000
20051  28.843  -64.285  19.825 0.0000000000
20065  29.863  -64.693  20.022 0.0000000000
20080  28.406  -64.279  18.463 0.0000000000
20087  28.409  -64.267  17.693 0.0000000000
20094  28.512  -64.590  16.825 0.0000000000
20104  29.158  -65.009  15.122 0.0000000000
20105  28.711  -64.778  15.985 0.0000000000
20113  31.053  -64.221  13.860 0.0000000000
20114  29.668  -64.138  14.835 0.0000000000
20123  39.698  -65.135  13.184 0.0000000000
20124  38.378  -64.748  13.397 0.0000000000
20125  37.589  -64.645  13.557 0.0000000000
20126  37.000  -64.722  13.676 0.0000000000
20127  35.469  -64.281  13.607 0.0000000000
20128  34.612  -64.262  13.555 0.0000000000
20129  33.717  -64.306  13.507 0.0000000000
20130  32.822  -64.439  13.443 0.0000000000
20131  31.863  -64.518  13.509 0.0000000000
20132  30.999  -64.981  13.510 0.0000000000
20144  43.546  -64.656  12.717 0.0000000000
20145  42.504  -64.584  12.678 0.0000000000
20146  41.380  -64.467  12.621 0.0000000000
20147  40.482  -64.828  12.807 0.0000000000
20148  39.664  -64.240  12.658 0.0000000000
20149  38.703  -64.145  12.827 0.0000000000
21117  39.102  -63.988  22.470 0.0000000000
21118  37.333  -64.327  22.607 0.0000000000
21119  36.388  -64.182  22.633 0.0000000000
21120  35.583  -63.980  22.604 0.0000000000
21121  34.377  -64.115  22.427 0.0000000000
21122  33.732  -64.353  22.308 0.0000000000
21123  33.166  -63.599  22.247 0.0000000000
21124  32.282  -63.222  22.198 0.0000000000
21139  32.043  -63.774  21.432 0.0000000000
21140  30.973  -63.421  21.535 0.0000000000
21141  30.071  -63.161  21.542 0.0000000000
21150  30.327  -63.743  21.063 0.0000000000
21151  29.489  -63.303  21.069 0.0000000000
21152  28.887  -63.460  20.411 0.0000000000
21164  28.511  -63.396  19.652 0.0000000000
21178  28.361  -63.547  18.268 0.0000000000
21198  28.537  -63.769  16.918 0.0000000000
21209  29.553  -63.403  15.251 0.0000000000
21210  29.083  -63.351  15.861 0.0000000000
21220  32.514  -63.283  13.934 0.0000000000
21221  31.788  -63.705  13.908 0.0000000000
21222  31.008  -63.360  14.314 0.0000000000
21223  30.143  -63.409  14.716 0.0000000000
21234  38.008  -64.190  13.151 0.0000000000
21235  37.396  -63.903  13.270 0.0000000000
21236  36.658  -63.674  13.416 0.0000000000
21237  35.758  -63.549  13.569 0.0000000000
21238  35.006  -63.242  13.655 0.0000000000
21239  33.169  -63.701  13.689 0.0000000000
21249  43.827  -63.759  12.558 0.0000000000
21250  41.941  -63.624  12.481 0.0000000000
21251  41.066  -63.457  12.436 0.0000000000
21252  40.143  -63.223  12.403 0.0000000000
21253  39.125  -63.377  12.485 0.0000000000
21254  38.091  -63.416  12.698 0.0000000000
21255  37.146  -63.146  12.881 0.0000000000
21256  36.268  -62.795  13.188 0.0000000000
22109  35.817  -62.120  23.291 0.0000000000
22110  34.913  -62.077  23.297 0.0000000000
22111  34.029  -62.022  23.257 0.0000000000
22120  39.361  -62.781  22.358 0.0000000000
22121  38.491  -62.575  22.650 0.0000000000
22122  37.625  -62.293  22.955 0.0000000000
22123  36.721  -62.183  23.185 0.0000000000
22124  35.302  -63.037  23.106 0.0000000000
22125  34.432  -63.083  22.943 0.0000000000
22126  33.564  -62.798  22.869 0.0000000000
22127  32.685  -62.547  22.747 0.0000000000
22128  31.794  -62.287  22.626 0.0000000000
22129  30.951  -62.030  22.401 0.0000000000
22143  39.755  -62.112  21.868 0.0000000000
22144  31.356  -62.926  22.139 0.0000000000
22145  30.461  -62.632  21.934 0.0000000000
22146  29.627  -62.398  21.426 0.0000000000
22159  28.993  -62.644  20.673 0.0000000000
22174  28.500  -62.543  19.316 0.0000000000
22187  28.427  -62.680  18.432 0.0000000000
22195  28.467  -62.858  17.689 0.0000000000
22204  29.197  -61.967  16.106 0.0000000000
22205  28.634  -62.951  16.971 0.0000000000
22216  29.950  -62.191  15.120 0.0000000000
22217  29.449  -62.615  15.595 0.0000000000
22218  28.972  -62.711  16.280 0.0000000000
22229  32.419  -62.476  14.036 0.0000000000
22230  30.477  -62.652  14.708 0.0000000000
22231  29.901  -62.849  15.058 0.0000000000
22242  35.371  -62.745  13.472 0.0000000000
22243  34.576  -62.692  13.621 0.0000000000
22244  33.883  -62.673  13.709 0.0000000000
22245  33.262  -62.960  13.860 0.0000000000
22259  44.084  -61.967  12.528 0.0000000000
22260  43.241  -62.672  12.512 0.0000000000
22261  41.606  -62.743  12.443 0.0000000000
22262  40.859  -62.670  12.411 0.0000000000
22263  39.527  -62.596  12.387 0.0000000000
22264  38.682  -62.449  12.402 0.0000000000
22265  37.681  -62.480  12.533 0.0000000000
22266  36.905  -62.414  12.688 0.0000000000
22267  35.655  -62.049  13.083 0.0000000000
23113  39.046  -61.839  22.264 0.0000000000
23114  38.210  -61.568  22.542 0.0000000000
23115  37.304  -61.348  22.841 0.0000000000
23116  36.373  -61.229  23.101 0.0000000000
23117  35.448  -61.183  23.208 0.0000000000
23118  34.470  -61.065  23.223 0.0000000000
23119  33.173  -61.831  23.161 0.0000000000
23120  32.319  -61.553  22.952 0.0000000000
23121  31.533  -61.342  22.616 0.0000000000
23136  39.352  -61.484  21.451 0.0000000000
23137  38.619  -61.121  21.829 0.0000000000
23138  30.251  -61.729  21.919 0.0000000000
23154  38.815  -60.955  20.822 0.0000000000
23155  29.764  -61.320  21.185 0.0000000000
23156  29.192  -61.749  20.611 0.0000000000
23157  28.737  -62.129  20.010 0.0000000000
23171  29.050  -61.359  19.743 0.0000000000
23172  28.719  -61.800  19.323 0.0000000000
23187  28.957  -61.232  18.852 0.0000000000
23188  28.608  -61.899  18.610 0.0000000000
23196  28.851  -61.298  17.986 0.0000000000
23197  28.594  -62.078  17.732 0.0000000000
23207  29.125  -61.320  16.593 0.0000000000
23208  28.796  -62.112  16.871 0.0000000000
23217  29.894  -61.392  15.194 0.0000000000
23218  29.459  -61.265  15.843 0.0000000000
23229  31.895  -61.761  14.081 0.0000000000
23230  31.152  -61.342  14.257 0.0000000000
23231  30.506  -61.776  14.694 0.0000000000
23245  34.898  -62.022  13.368 0.0000000000
23246  34.437  -61.266  13.252 0.0000000000
23247  33.471  -61.213  13.484 0.0000000000
23248  32.596  -61.558  13.804 0.0000000000
23249  31.831  -60.971  13.872 0.0000000000
23264  44.369  -61.246  12.540 0.0000000000
23265  43.174  -61.531  12.535 0.0000000000
23266  40.267  -62.039  12.417 0.0000000000
23267  39.411  -61.816  12.390 0.0000000000
23268  37.186  -61.629  12.476 0.0000000000
23269  36.473  -61.123  12.524 0.0000000000
23270  35.239  -61.322  12.972 0.0000000000
24086  37.822  -60.785  22.153 0.0000000000
24087  36.865  -60.471  22.380 0.0000000000
24088  35.946  -60.463  22.734 0.0000000000
24089  35.117  -60.389  22.823 0.0000000000
24090  33.693  -60.454  22.916 0.0000000000
24091  32.918  -59.961  22.469 0.0000000000
24092  31.455  -60.549  22.267 0.0000000000
24093  30.862  -61.161  22.216 0.0000000000
24105  38.089  -60.643  21.228 0.0000000000
24106  37.400  -60.332  21.475 0.0000000000
24107  36.667  -59.942  21.415 0.0000000000
24108  32.055  -59.958  22.121 0.0000000000
24109  31.425  -60.013  21.679 0.0000000000
24110  30.411  -60.880  21.605 0.0000000000
24124  38.096  -60.573  20.147 0.0000000000
24125  37.326  -60.237  20.063 0.0000000000
24126  36.710  -59.942  20.369 0.0000000000
24127  30.830  -60.199  21.209 0.0000000000
24128  30.186  -60.545  20.775 0.0000000000
24129  29.555  -60.914  20.277 0.0000000000
24143  37.626  -60.206  19.394 0.0000000000
24144  36.781  -59.935  19.429 0.0000000000
24145  30.103  -60.266  19.869 0.0000000000
24146  29.536  -60.606  19.224 0.0000000000
24165  29.307  -60.620  18.210 0.0000000000
24172  29.227  -60.706  17.231 0.0000000000
24182  29.446  -60.554  16.271 0.0000000000
24194  29.760  -60.600  15.448 0.0000000000
24206  31.060  -60.384  14.072 0.0000000000
24207  30.356  -60.708  14.697 0.0000000000
24217  34.017  -60.453  13.154 0.0000000000
24218  32.557  -60.626  13.541 0.0000000000
24219  31.734  -60.060  13.645 0.0000000000
24233  44.541  -59.986  12.574 0.0000000000
24234  43.498  -59.879  12.518 0.0000000000
24235  42.059  -60.154  12.547 0.0000000000
24236  41.200  -60.144  12.555 0.0000000000
24237  39.330  -60.238  12.494 0.0000000000
24238  38.378  -60.073  12.456 0.0000000000
24239  36.648  -60.296  12.444 0.0000000000
24240  35.772  -60.604  12.596 0.0000000000
24241  34.864  -60.534  12.878 0.0000000000
25127  35.963  -59.741  21.661 0.0000000000
25128  35.568  -59.882  22.239 0.0000000000
25129  34.775  -59.778  22.249 0.0000000000
25130  33.912  -59.788  22.350 0.0000000000
25131  32.620  -59.594  21.638 0.0000000000
25138  35.270  -59.589  21.362 0.0000000000
25139  34.307  -59.529  21.516 0.0000000000
25140  33.429  -59.531  21.664 0.0000000000
25141  31.981  -59.656  21.454 0.0000000000
25152  36.055  -59.701  20.846 0.0000000000
25153  35.496  -59.669  20.181 0.0000000000
25154  34.647  -59.530  20.473 0.0000000000
25155  33.783  -59.454  20.716 0.0000000000
25156  32.412  -59.472  20.783 0.0000000000
25157  30.742  -59.946  20.314 0.0000000000
25166  37.242  -59.867  18.950 0.0000000000
25167  34.959  -59.537  19.390 0.0000000000
25168  34.235  -59.383  19.025 0.0000000000
25169  33.151  -59.487  19.982 0.0000000000
25170  32.193  -59.465  19.836 0.0000000000
25171  31.330  -59.584  19.717 0.0000000000
25172  30.654  -59.798  19.436 0.0000000000
25173  30.143  -60.042  19.107 0.0000000000
25188  36.496  -59.511  18.810 0.0000000000
25189  35.547  -59.355  18.818 0.0000000000
25190  34.817  -59.231  18.765 0.0000000000
25191  33.676  -59.171  18.818 0.0000000000
25192  32.859  -59.308  19.069 0.0000000000
25193  31.320  -59.083  18.534 0.0000000000
25194  30.560  -59.547  18.574 0.0000000000
25195  29.863  -60.019  18.433 0.0000000000
25202  30.077  -59.112  17.077 0.0000000000
25203  29.676  -59.972  17.568 0.0000000000
25213  29.911  -59.105  16.128 0.0000000000
25214  29.637  -59.855  16.665 0.0000000000
25223  30.078  -59.283  15.251 0.0000000000
25224  29.728  -59.843  15.789 0.0000000000
25236  31.117  -59.631  13.924 0.0000000000
25248  34.460  -59.734  12.843 0.0000000000
25249  33.575  -59.639  13.068 0.0000000000
25250  32.546  -59.599  13.313 0.0000000000
25251  31.608  -59.175  13.610 0.0000000000
25264  45.030  -59.401  12.411 0.0000000000
25265  44.125  -59.447  12.366 0.0000000000
25266  42.562  -59.562  12.394 0.0000000000
25267  41.640  -59.452  12.381 0.0000000000
25268  40.732  -59.373  12.409 0.0000000000
25269  39.826  -59.325  12.443 0.0000000000
25270  38.939  -59.307  12.456 0.0000000000
25271  38.001  -59.192  12.441 0.0000000000
25272  37.019  -59.427  12.445 0.0000000000
25273  34.937  -59.018  12.689 0.0000000000
25274  34.099  -58.924  12.854 0.0000000000
26255  36.870  -58.717  18.490 0.0000000000
26256  35.973  -58.794  18.485 0.0000000000
26257  34.664  -58.607  18.520 0.0000000000
26258  33.905  -58.579  18.554 0.0000000000
26259  33.085  -58.698  18.581 0.0000000000
26260  31.492  -58.402  18.152 0.0000000000
26261  30.693  -58.843  17.832 0.0000000000
26269  31.023  -58.052  17.638 0.0000000000
26270  30.585  -58.207  17.155 0.0000000000
26281  30.303  -58.352  16.429 0.0000000000
26288  30.249  -58.498  15.546 0.0000000000
26300  31.464  -58.235  13.810 0.0000000000
26301  30.463  -58.770  14.714 0.0000000000
26312  33.173  -58.804  13.079 0.0000000000
26313  32.272  -58.601  13.353 0.0000000000
26323  45.554  -58.926  12.184 0.0000000000
26324  44.411  -59.001  12.151 0.0000000000
26325  43.325  -59.151  12.168 0.0000000000
26326  42.181  -58.997  12.084 0.0000000000
26327  41.157  -58.934  12.122 0.0000000000
26328  40.226  -58.787  12.124 0.0000000000
26329  39.312  -58.774  12.215 0.0000000000
26330  38.625  -58.774  12.290 0.0000000000
26331  37.329  -58.628  12.370 0.0000000000
26332  36.512  -58.819  12.484 0.0000000000
26333  35.393  -58.306  12.640 0.0000000000
26334  34.672  -58.335  12.794 0.0000000000
26345  47.564  -58.532  11.758 0.0000000000
26346  46.202  -58.580  11.789 0.0000000000
26347  44.919  -58.605  11.636 0.0000000000
26348  43.756  -58.740  11.741 0.0000000000
26349  42.288  -58.655  11.425 0.0000000000
26350  41.480  -58.698  11.692 0.0000000000
26351  40.203  -58.507  11.458 0.0000000000
26352  39.443  -58.496  11.743 0.0000000000
26353  38.684  -58.451  11.949 0.0000000000
26354  38.037  -58.507  12.199 0.0000000000
26366  48.206  -58.206  11.021 0.0000000000
26367  46.836  -58.251  11.079 0.0000000000
26368  45.037  -58.225  10.618 0.0000000000
26369  44.048  -58.403  10.880 0.0000000000
26370  42.447  -58.350  10.454 0.0000000000
26371  41.642  -58.468  10.802 0.0000000000
26372  40.268  -58.325  10.531 0.0000000000
26373  39.536  -58.303  10.882 0.0000000000
26374  38.648  -58.150  11.153 0.0000000000
26392  42.591  -57.829  9.415 0.0000000000
26393  41.756  -58.154  9.852 0.0000000000
26394  41.000  -58.292  10.176 0.0000000000
27329  37.328  -57.805  18.518 0.0000000000
27330  36.390  -57.881  18.505 0.0000000000
27331  35.369  -57.985  18.472 0.0000000000
27332  33.352  -57.859  18.481 0.0000000000
27333  32.377  -57.976  18.347 0.0000000000
27334  31.483  -57.573  18.002 0.0000000000
27343  30.948  -57.286  17.350 0.0000000000
27344  30.579  -57.651  16.709 0.0000000000
27352  30.507  -57.617  15.884 0.0000000000
27360  30.755  -57.321  15.182 0.0000000000
27371  31.098  -57.540  14.451 0.0000000000
27372  30.569  -57.992  14.978 0.0000000000
27385  34.032  -56.986  13.152 0.0000000000
27386  33.152  -57.295  13.312 0.0000000000
27387  31.737  -57.403  13.901 0.0000000000
27393  36.730  -58.059  12.360 0.0000000000
27394  35.880  -57.785  12.503 0.0000000000
27395  34.947  -57.510  12.741 0.0000000000
27396  33.887  -57.970  13.021 0.0000000000
27404  37.954  -58.112  11.772 0.0000000000
27405  37.471  -58.191  12.148 0.0000000000
27406  36.343  -57.405  11.996 0.0000000000
27407  35.628  -57.260  12.346 0.0000000000
27417  47.454  -57.800  10.366 0.0000000000
27418  45.339  -57.741  9.783 0.0000000000
27419  44.304  -57.985  9.964 0.0000000000
27420  43.342  -58.176  10.167 0.0000000000
27421  39.631  -58.084  9.965 0.0000000000
27422  36.826  -57.405  11.309 0.0000000000
27438  48.097  -57.521  9.574 0.0000000000
27439  45.730  -57.408  8.929 0.0000000000
27440  44.623  -57.547  9.116 0.0000000000
27441  43.631  -57.687  9.272 0.0000000000
27442  41.106  -57.858  9.315 0.0000000000
27443  40.351  -57.995  9.608 0.0000000000
27444  38.992  -57.664  9.556 0.0000000000
27445  38.168  -57.129  9.230 0.0000000000
27446  37.564  -57.335  9.999 0.0000000000
27456  47.156  -57.286  8.683 0.0000000000
27457  45.953  -57.133  8.151 0.0000000000
27458  44.973  -57.215  8.354 0.0000000000
27459  43.537  -56.911  7.814 0.0000000000
27460  42.188  -57.381  8.547 0.0000000000
27461  41.352  -57.400  8.576 0.0000000000
27462  40.445  -57.444  8.743 0.0000000000
27463  39.173  -57.130  8.705 0.0000000000
27466  47.328  -57.240  7.198 0.0000000000
27467  45.954  -56.995  7.354 0.0000000000
27468  44.860  -56.776  7.285 0.0000000000
27469  44.417  -56.938  7.822 0.0000000000
27478  46.599  -57.246  6.299 0.0000000000
27479  45.252  -56.841  6.629 0.0000000000
27496  46.603  -57.544  5.205 0.0000000000
27497  45.401  -57.077  5.770 0.0000000000
27511  45.443  -57.362  4.812 0.0000000000
27525  44.513  -57.270  3.395 0.0000000000
27550  44.674  -57.233  1.539 0.0000000000
28392  37.351  -56.158  19.199 0.0000000000
28393  36.430  -56.106  19.219 0.0000000000
28394  35.494  -56.105  19.187 0.0000000000
28395  34.616  -56.106  19.133 0.0000000000
28396  33.777  -56.129  19.027 0.0000000000
28413  36.871  -56.973  18.801 0.0000000000
28414  35.932  -56.989  18.799 0.0000000000
28415  35.009  -56.941  18.813 0.0000000000
28416  34.268  -56.770  18.844 0.0000000000
28417  32.753  -57.098  18.565 0.0000000000
28418  31.466  -56.669  17.955 0.0000000000
28428  31.092  -56.211  17.276 0.0000000000
28439  30.977  -56.104  16.307 0.0000000000
28440  30.750  -56.919  16.572 0.0000000000
28450  31.106  -56.749  14.946 0.0000000000
28451  30.820  -56.776  15.717 0.0000000000
28461  32.029  -56.114  14.252 0.0000000000
28462  31.606  -56.764  14.301 0.0000000000
28471  33.338  -56.586  13.381 0.0000000000
28472  32.447  -56.703  13.758 0.0000000000
28482  35.187  -56.904  12.452 0.0000000000
28483  34.538  -56.698  12.764 0.0000000000
28484  33.792  -56.184  13.176 0.0000000000
28496  36.289  -57.021  11.241 0.0000000000
28497  35.633  -56.797  11.771 0.0000000000
28498  34.890  -56.406  12.105 0.0000000000
28508  36.777  -57.052  10.436 0.0000000000
28509  35.852  -56.476  10.627 0.0000000000
28523  37.197  -56.732  9.474 0.0000000000
28524  36.378  -56.372  9.708 0.0000000000
28525  35.705  -55.905  9.805 0.0000000000
28536  42.637  -56.928  7.865 0.0000000000
28537  41.780  -56.966  7.931 0.0000000000
28538  40.907  -56.938  8.009 0.0000000000
28539  39.967  -56.824  8.187 0.0000000000
28540  38.528  -56.450  8.442 0.0000000000
28541  37.655  -56.297  8.721 0.0000000000
28547  44.012  -56.641  7.250 0.0000000000
28548  41.433  -56.406  7.431 0.0000000000
28549  40.548  -56.263  7.559 0.0000000000
28550  39.718  -56.054  7.710 0.0000000000
28555  44.462  -56.625  6.789 0.0000000000
28556  43.781  -56.461  6.575 0.0000000000
28557  41.999  -56.047  6.757 0.0000000000
28568  44.481  -56.685  6.149 0.0000000000
28569  43.681  -56.455  5.753 0.0000000000
28570  42.887  -56.094  5.427 0.0000000000
28583  44.450  -56.859  5.283 0.0000000000
28584  43.487  -56.516  4.740 0.0000000000
28585  42.901  -56.182  3.944 0.0000000000
28597  43.661  -56.731  3.772 0.0000000000
28598  43.198  -56.255  3.175 0.0000000000
28611  44.432  -57.190  2.466 0.0000000000
28612  43.608  -56.381  2.469 0.0000000000
28629  44.308  -56.297  1.063 0.0000000000
28630  44.048  -56.579  1.857 0.0000000000
28643  44.747  -56.570  0.134 0.0000000000
29415  35.952  -55.193  19.566 0.0000000000
29416  34.976  -55.340  19.473 0.0000000000
29417  34.108  -55.371  19.372 0.0000000000
29418  33.231  -55.368  19.201 0.0000000000
29433  32.857  -56.222  18.810 0.0000000000
29434  32.417  -55.339  18.831 0.0000000000
29435  31.741  -55.262  18.338 0.0000000000
29444  31.337  -55.304  17.628 0.0000000000
29453  31.141  -55.391  16.800 0.0000000000
29465  31.216  -55.354  15.955 0.0000000000
29473  31.973  -55.396  14.505 0.0000000000
29474  31.522  -55.330  15.186 0.0000000000
29484  33.252  -55.505  13.379 0.0000000000
29485  32.614  -55.606  13.938 0.0000000000
29497  33.702  -55.464  12.833 0.0000000000
29505  35.138  -56.166  11.228 0.0000000000
29506  34.543  -55.771  11.627 0.0000000000
29507  33.939  -55.298  11.973 0.0000000000
29513  35.230  -55.830  10.413 0.0000000000
29514  34.768  -55.283  10.271 0.0000000000
29530  36.796  -56.047  8.961 0.0000000000
29531  36.166  -55.781  9.261 0.0000000000
29532  35.628  -55.235  9.288 0.0000000000
29533  34.945  -54.919  9.665 0.0000000000
29545  38.144  -55.694  8.154 0.0000000000
29546  37.303  -55.495  8.415 0.0000000000
29547  36.418  -55.222  8.718 0.0000000000
29548  35.855  -54.680  8.833 0.0000000000
29551  41.057  -55.732  6.986 0.0000000000
29552  40.239  -55.537  7.204 0.0000000000
29553  39.463  -55.316  7.429 0.0000000000
29554  38.672  -55.113  7.670 0.0000000000
29555  37.864  -54.903  7.914 0.0000000000
29558  42.285  -55.724  5.982 0.0000000000
29559  41.355  -55.220  6.237 0.0000000000
29560  40.648  -55.143  6.701 0.0000000000
29561  39.989  -54.774  6.857 0.0000000000
29570  42.253  -55.599  5.029 0.0000000000
29571  41.670  -55.123  5.353 0.0000000000
29585  42.318  -55.476  4.134 0.0000000000
29596  42.682  -55.606  3.348 0.0000000000
29607  43.039  -55.535  2.593 0.0000000000
29624  43.614  -55.673  1.746 0.0000000000
29641  44.396  -55.672  0.422 0.0000000000
29655  44.718  -55.505  -0.362 0.0000000000
30370  36.910  -54.326  19.669 0.0000000000
30371  34.454  -54.727  19.567 0.0000000000
30372  33.616  -54.529  19.464 0.0000000000
30373  32.786  -54.600  19.195 0.0000000000
30386  32.092  -54.505  18.703 0.0000000000
30387  31.516  -54.424  17.994 0.0000000000
30406  31.305  -54.645  17.149 0.0000000000
30416  31.460  -54.531  15.635 0.0000000000
30419  32.329  -54.716  14.165 0.0000000000
30420  31.808  -54.650  14.817 0.0000000000
30429  33.287  -54.955  13.081 0.0000000000
30430  32.839  -54.813  13.542 0.0000000000
30431  31.962  -53.990  14.453 0.0000000000
30441  33.417  -54.773  12.395 0.0000000000
30442  32.867  -54.261  12.894 0.0000000000
30450  34.243  -55.072  10.978 0.0000000000
30451  33.606  -54.539  11.487 0.0000000000
30464  34.382  -54.640  10.132 0.0000000000
30465  33.831  -54.244  10.609 0.0000000000
30479  35.281  -54.473  9.159 0.0000000000
30480  34.630  -54.211  9.544 0.0000000000
30489  37.073  -54.657  8.198 0.0000000000
30490  36.374  -54.324  8.471 0.0000000000
30491  35.719  -53.987  8.716 0.0000000000
30494  38.446  -54.297  7.484 0.0000000000
30495  37.644  -54.064  7.745 0.0000000000
30498  40.567  -54.505  6.233 0.0000000000
30499  39.217  -54.557  7.219 0.0000000000
30500  38.989  -53.779  7.043 0.0000000000
30510  41.072  -54.512  5.526 0.0000000000
30511  40.566  -53.970  5.639 0.0000000000
30527  42.281  -54.841  3.371 0.0000000000
30528  41.860  -54.805  4.062 0.0000000000
30541  41.724  -54.018  3.658 0.0000000000
30552  43.169  -54.156  1.941 0.0000000000
30553  42.706  -54.644  2.586 0.0000000000
30564  43.566  -54.691  1.441 0.0000000000
30584  44.355  -54.877  0.295 0.0000000000
30585  43.974  -55.256  0.927 0.0000000000
30604  44.717  -54.434  -0.319 0.0000000000
31414  36.907  -53.526  19.536 0.0000000000
31415  36.152  -53.434  19.555 0.0000000000
31416  35.311  -53.617  19.614 0.0000000000
31417  34.363  -53.883  19.611 0.0000000000
31418  33.453  -53.630  19.412 0.0000000000
31419  32.602  -53.786  19.080 0.0000000000
31434  32.989  -53.104  19.147 0.0000000000
31435  31.926  -53.708  18.421 0.0000000000
31452  31.598  -53.658  17.817 0.0000000000
31465  31.523  -53.229  17.122 0.0000000000
31478  31.506  -53.615  15.641 0.0000000000
31481  31.621  -53.344  14.902 0.0000000000
31491  32.156  -53.036  13.205 0.0000000000
31492  31.848  -53.223  14.107 0.0000000000
31501  33.066  -54.006  11.990 0.0000000000
31502  32.599  -53.470  12.509 0.0000000000
31512  33.321  -53.707  11.122 0.0000000000
31513  32.821  -53.155  11.689 0.0000000000
31525  34.086  -54.004  9.958 0.0000000000
31531  35.025  -53.693  9.034 0.0000000000
31532  34.312  -53.373  9.561 0.0000000000
31533  33.677  -53.393  10.253 0.0000000000
31541  36.925  -53.825  8.053 0.0000000000
31542  36.303  -53.491  8.352 0.0000000000
31543  35.626  -53.150  8.632 0.0000000000
31546  38.229  -53.376  7.320 0.0000000000
31547  37.406  -53.263  7.687 0.0000000000
31548  36.796  -53.140  7.972 0.0000000000
31552  40.067  -53.749  6.115 0.0000000000
31553  39.404  -53.343  6.478 0.0000000000
31554  38.833  -53.104  6.826 0.0000000000
31561  40.851  -53.824  4.991 0.0000000000
31562  40.332  -53.258  5.306 0.0000000000
31563  39.720  -52.905  5.789 0.0000000000
31581  41.161  -53.541  4.284 0.0000000000
31582  40.714  -53.207  4.683 0.0000000000
31592  42.152  -53.220  2.997 0.0000000000
31606  43.284  -53.201  1.874 0.0000000000
31607  42.695  -53.707  2.449 0.0000000000
31620  43.669  -53.827  1.328 0.0000000000
31635  44.241  -53.489  0.696 0.0000000000
31636  44.004  -54.364  0.804 0.0000000000
31652  44.734  -53.567  -0.092 0.0000000000
32518  36.540  -52.724  19.240 0.0000000000
32519  35.518  -52.785  19.374 0.0000000000
32520  34.547  -52.971  19.456 0.0000000000
32521  33.707  -52.833  19.282 0.0000000000
32536  37.255  -52.440  18.868 0.0000000000
32537  35.779  -52.139  18.900 0.0000000000
32538  34.749  -52.179  19.039 0.0000000000
32539  33.841  -52.163  18.940 0.0000000000
32540  33.069  -52.461  18.811 0.0000000000
32541  32.427  -52.196  18.074 0.0000000000
32542  31.839  -52.983  17.970 0.0000000000
32556  31.863  -52.375  17.298 0.0000000000
32570  31.610  -52.541  16.479 0.0000000000
32594  31.643  -52.642  14.637 0.0000000000
32612  32.020  -51.973  13.011 0.0000000000
32613  31.789  -52.313  13.905 0.0000000000
32627  32.401  -52.588  12.329 0.0000000000
32640  33.174  -52.822  10.889 0.0000000000
32641  32.714  -52.264  11.520 0.0000000000
32649  33.599  -52.526  10.171 0.0000000000
32658  34.886  -52.831  8.965 0.0000000000
32671  36.322  -52.549  8.186 0.0000000000
32672  35.551  -52.328  8.565 0.0000000000
32673  34.884  -51.954  8.889 0.0000000000
32678  37.759  -52.624  7.374 0.0000000000
32679  37.074  -52.591  7.717 0.0000000000
32682  39.075  -52.469  6.316 0.0000000000
32683  38.399  -52.572  6.937 0.0000000000
32684  37.967  -52.043  7.088 0.0000000000
32688  40.029  -52.550  5.222 0.0000000000
32689  39.550  -52.008  5.475 0.0000000000
32708  40.648  -51.945  4.305 0.0000000000
32709  40.445  -52.613  4.747 0.0000000000
32723  41.900  -52.436  3.226 0.0000000000
32737  43.145  -52.198  2.126 0.0000000000
32738  42.437  -52.320  2.726 0.0000000000
32755  44.256  -52.626  0.937 0.0000000000
32756  43.739  -52.482  1.510 0.0000000000
32772  45.351  -52.001  -0.190 0.0000000000
32773  44.729  -52.730  0.236 0.0000000000
32789  45.240  -52.860  -0.495 0.0000000000
33634  36.030  -51.739  18.371 0.0000000000
33635  35.196  -51.564  18.361 0.0000000000
33636  34.178  -51.603  18.464 0.0000000000
33637  33.281  -51.776  18.367 0.0000000000
33650  36.613  -51.616  18.005 0.0000000000
33651  35.235  -51.151  17.671 0.0000000000
33652  34.483  -51.143  17.827 0.0000000000
33653  33.616  -51.241  17.824 0.0000000000
33654  32.832  -51.475  17.652 0.0000000000
33655  32.272  -51.783  17.327 0.0000000000
33674  35.760  -51.020  17.077 0.0000000000
33675  33.156  -50.960  17.169 0.0000000000
33676  32.511  -51.272  16.906 0.0000000000
33677  31.910  -51.802  16.582 0.0000000000
33696  32.245  -51.163  16.100 0.0000000000
33697  31.781  -51.741  15.703 0.0000000000
33712  32.088  -51.078  15.177 0.0000000000
33713  31.743  -51.812  14.754 0.0000000000
33742  32.264  -51.054  12.846 0.0000000000
33755  33.181  -51.821  10.777 0.0000000000
33763  33.456  -50.996  10.387 0.0000000000
33774  34.355  -51.488  9.374 0.0000000000
33775  33.926  -50.927  9.736 0.0000000000
33792  36.340  -51.712  8.023 0.0000000000
33793  35.644  -51.493  8.427 0.0000000000
33794  34.906  -51.091  8.844 0.0000000000
33805  36.953  -51.388  7.564 0.0000000000
33810  38.928  -51.582  5.976 0.0000000000
33811  38.430  -51.849  6.603 0.0000000000
33817  40.111  -51.963  4.858 0.0000000000
33818  39.351  -51.105  5.402 0.0000000000
33835  40.937  -51.114  3.981 0.0000000000
33836  40.310  -51.225  4.538 0.0000000000
33837  39.803  -51.380  4.987 0.0000000000
33857  42.059  -51.665  3.088 0.0000000000
33858  41.338  -51.985  3.661 0.0000000000
33871  43.365  -51.210  2.122 0.0000000000
33872  42.708  -51.485  2.567 0.0000000000
33891  44.417  -51.277  1.214 0.0000000000
33892  43.785  -51.671  1.629 0.0000000000
33904  45.644  -51.129  0.161 0.0000000000
33905  44.755  -51.780  0.583 0.0000000000
34659  34.792  -50.801  17.175 0.0000000000
34660  33.928  -50.801  17.257 0.0000000000
34675  36.064  -50.783  16.242 0.0000000000
34676  35.135  -50.550  16.461 0.0000000000
34677  34.200  -50.476  16.598 0.0000000000
34678  32.848  -50.741  16.455 0.0000000000
34701  35.440  -50.296  15.713 0.0000000000
34702  34.468  -50.162  15.873 0.0000000000
34703  33.432  -50.294  15.962 0.0000000000
34704  32.613  -50.612  15.650 0.0000000000
34723  35.754  -50.003  15.018 0.0000000000
34724  32.944  -50.153  15.026 0.0000000000
34725  32.362  -50.629  14.471 0.0000000000
34737  32.451  -50.455  13.548 0.0000000000
34748  32.604  -50.241  12.708 0.0000000000
34759  32.972  -50.236  11.452 0.0000000000
34760  32.841  -49.895  12.023 0.0000000000
34766  33.300  -50.252  10.791 0.0000000000
34773  34.170  -50.242  9.550 0.0000000000
34774  33.670  -50.293  10.074 0.0000000000
34787  36.292  -50.816  7.878 0.0000000000
34788  35.501  -50.535  8.421 0.0000000000
34789  34.782  -50.171  8.966 0.0000000000
34803  37.088  -50.570  7.333 0.0000000000
34804  35.978  -49.921  7.956 0.0000000000
34816  38.193  -50.512  6.387 0.0000000000
34824  39.245  -50.267  5.385 0.0000000000
34825  38.771  -50.783  5.846 0.0000000000
34837  41.308  -50.190  3.822 0.0000000000
34838  40.598  -50.360  4.326 0.0000000000
34839  39.846  -50.535  4.839 0.0000000000
34858  42.374  -50.772  2.931 0.0000000000
34859  41.644  -50.961  3.434 0.0000000000
34882  44.575  -49.929  1.914 0.0000000000
34883  43.656  -50.289  2.269 0.0000000000
34884  42.989  -50.713  2.515 0.0000000000
34903  46.059  -49.751  1.800 0.0000000000
34904  45.466  -50.091  1.370 0.0000000000
34905  44.045  -50.795  1.705 0.0000000000
34917  45.995  -50.456  0.637 0.0000000000
35719  34.781  -49.784  15.189 0.0000000000
35720  33.818  -49.847  15.215 0.0000000000
35726  36.076  -49.644  14.388 0.0000000000
35727  35.101  -49.412  14.545 0.0000000000
35728  34.150  -49.446  14.564 0.0000000000
35729  32.869  -49.930  14.138 0.0000000000
35742  36.412  -49.230  13.767 0.0000000000
35743  35.445  -49.009  13.947 0.0000000000
35744  34.465  -49.020  13.943 0.0000000000
35745  33.381  -49.198  12.958 0.0000000000
35746  32.903  -49.761  13.308 0.0000000000
35760  33.255  -49.220  12.169 0.0000000000
35761  32.957  -49.659  12.628 0.0000000000
35767  33.276  -49.485  11.331 0.0000000000
35770  33.577  -49.588  10.436 0.0000000000
35774  34.348  -49.509  9.438 0.0000000000
35775  33.872  -49.720  9.855 0.0000000000
35782  35.370  -49.645  8.485 0.0000000000
35783  34.826  -49.320  8.916 0.0000000000
35799  37.195  -49.613  7.098 0.0000000000
35800  36.448  -49.196  7.599 0.0000000000
35801  35.814  -49.197  8.096 0.0000000000
35814  37.977  -49.569  6.448 0.0000000000
35825  44.795  -49.102  5.166 0.0000000000
35826  39.865  -48.819  5.011 0.0000000000
35827  39.191  -49.404  5.409 0.0000000000
35828  38.636  -49.946  5.844 0.0000000000
35839  45.360  -49.562  4.722 0.0000000000
35840  44.659  -48.919  4.080 0.0000000000
35841  41.014  -49.449  4.228 0.0000000000
35842  40.261  -49.597  4.624 0.0000000000
35843  39.657  -49.726  5.009 0.0000000000
35854  46.125  -49.824  3.378 0.0000000000
35855  45.422  -49.417  3.750 0.0000000000
35856  44.810  -49.121  3.160 0.0000000000
35857  43.448  -48.980  3.316 0.0000000000
35858  42.595  -49.138  3.505 0.0000000000
35859  41.767  -49.287  3.817 0.0000000000
35880  46.134  -49.699  2.473 0.0000000000
35881  45.491  -49.418  2.864 0.0000000000
35882  44.041  -49.408  2.672 0.0000000000
35883  42.977  -49.848  2.854 0.0000000000
35901  45.434  -49.606  2.092 0.0000000000
36708  35.867  -48.488  13.414 0.0000000000
36709  34.869  -48.488  13.405 0.0000000000
36710  34.016  -48.738  13.257 0.0000000000
36720  36.346  -47.914  12.843 0.0000000000
36721  35.325  -47.921  12.892 0.0000000000
36722  34.453  -48.168  12.730 0.0000000000
36723  33.751  -48.594  12.480 0.0000000000
36725  34.130  -47.976  11.965 0.0000000000
36726  33.603  -48.630  11.626 0.0000000000
36730  34.111  -48.165  10.236 0.0000000000
36731  33.655  -48.773  10.759 0.0000000000
36733  33.901  -49.015  9.973 0.0000000000
36743  35.659  -47.785  8.294 0.0000000000
36744  35.288  -48.681  8.552 0.0000000000
36745  34.511  -48.555  9.359 0.0000000000
36761  37.033  -48.678  7.133 0.0000000000
36762  35.990  -48.504  7.942 0.0000000000
36779  38.079  -48.601  6.336 0.0000000000
36789  43.647  -48.249  5.494 0.0000000000
36790  41.315  -47.982  4.819 0.0000000000
36791  40.729  -48.713  4.620 0.0000000000
36792  39.169  -48.529  5.523 0.0000000000
36802  44.104  -48.564  4.784 0.0000000000
36803  43.367  -48.284  4.587 0.0000000000
36804  42.125  -48.037  4.645 0.0000000000
36805  41.530  -48.630  4.329 0.0000000000
36814  43.840  -48.537  3.931 0.0000000000
36815  43.072  -48.478  3.900 0.0000000000
36816  42.302  -48.555  4.064 0.0000000000
37736  35.825  -47.287  12.402 0.0000000000
37737  34.873  -47.486  12.263 0.0000000000
37740  35.389  -46.818  11.697 0.0000000000
37741  34.579  -47.343  11.448 0.0000000000
37742  33.988  -47.993  11.079 0.0000000000
37746  34.477  -47.319  10.518 0.0000000000
37750  35.004  -46.983  9.278 0.0000000000
37751  34.549  -47.575  9.675 0.0000000000
37760  36.060  -47.045  8.083 0.0000000000
37761  35.452  -47.019  8.658 0.0000000000
37762  34.976  -47.729  8.905 0.0000000000
37783  37.501  -47.113  6.896 0.0000000000
37784  36.718  -47.045  7.506 0.0000000000
37803  42.604  -47.459  6.169 0.0000000000
37804  41.697  -47.167  6.048 0.0000000000
37805  40.341  -47.389  5.603 0.0000000000
37806  39.655  -47.321  5.779 0.0000000000
37807  38.349  -46.848  6.547 0.0000000000
37817  43.284  -47.899  5.998 0.0000000000
37818  42.824  -47.900  5.210 0.0000000000
37819  40.492  -48.019  5.071 0.0000000000
37820  39.742  -47.950  5.403 0.0000000000
38715  34.934  -46.740  10.930 0.0000000000
38718  35.353  -46.324  10.438 0.0000000000
38719  34.897  -46.728  10.288 0.0000000000
38724  35.274  -46.426  9.713 0.0000000000
38725  34.748  -46.956  9.875 0.0000000000
38732  35.916  -46.388  8.555 0.0000000000
38733  35.452  -46.477  9.048 0.0000000000
38752  41.583  -46.328  7.113 0.0000000000
38753  40.674  -46.360  6.749 0.0000000000
38754  39.703  -46.275  6.731 0.0000000000
38755  38.824  -46.224  6.868 0.0000000000
38756  37.965  -46.247  7.124 0.0000000000
38757  36.486  -46.379  7.996 0.0000000000
38773  42.126  -46.839  6.678 0.0000000000
38774  40.899  -46.950  6.065 0.0000000000
38775  40.075  -46.799  6.146 0.0000000000
38776  39.160  -46.863  6.245 0.0000000000
39675  35.761  -45.807  9.929 0.0000000000
39682  36.254  -45.453  9.549 0.0000000000
39683  35.868  -45.873  9.156 0.0000000000
39693  39.991  -45.317  7.735 0.0000000000
39694  39.101  -45.032  7.876 0.0000000000
39695  38.215  -44.968  8.094 0.0000000000
39696  37.538  -45.038  8.391 0.0000000000
39697  36.406  -45.813  8.509 0.0000000000
39716  40.919  -45.693  7.547 0.0000000000
39717  40.143  -45.859  7.200 0.0000000000
39718  39.371  -45.707  7.302 0.0000000000
39719  38.511  -45.595  7.486 0.0000000000
39720  37.575  -45.570  7.805 0.0000000000
39721  36.876  -45.835  7.994 0.0000000000
40741  39.832  -44.624  8.462 0.0000000000
40742  38.782  -44.481  8.601 0.0000000000
40743  37.892  -44.576  8.785 0.0000000000
40744  37.159  -44.898  8.916 0.0000000000
130331  35.909  -59.689  19.336 0.0000000000
130352  46.397  -50.119  1.274 0.0000000000
131260  31.663  -54.023  15.085 0.0000000000
131509  43.116  -58.549  11.095 0.0000000000
131584  30.839  -65.834  22.359 0.0000000000
131670  31.347  -62.355  14.340 0.0000000000
131942  31.397  -53.999  16.499 0.0000000000
132079  34.099  -62.018  13.553 0.0000000000
132131  34.066  -59.504  19.729 0.0000000000
132169  33.551  -49.350  13.824 0.0000000000
132282  31.619  -65.265  13.213 0.0000000000
132462  28.455  -63.481  17.498 0.0000000000
132481  32.929  -60.853  23.053 0.0000000000
132652  29.583  -61.879  15.566 0.0000000000
132878  43.055  -56.168  6.266 0.0000000000
132993  40.898  -58.503  11.117 0.0000000000
132994  29.886  -67.071  13.574 0.0000000000
133503  34.771  -55.634  10.879 0.0000000000
133688  42.734  -52.928  2.429 0.0000000000
133689  41.961  -47.578  5.338 0.0000000000
133827  34.442  -50.793  9.297 0.0000000000
133870  43.793  -56.842  3.062 0.0000000000
134017  35.239  -68.869  11.039 0.0000000000
134315  36.140  -63.103  23.097 0.0000000000
134430  37.801  -60.878  12.395 0.0000000000
134970  42.865  -63.679  12.531 0.0000000000
135009  32.493  -64.954  23.036 0.0000000000
135099  29.514  -67.062  14.203 0.0000000000
135156  38.312  -57.729  10.177 0.0000000000
135328  45.556  -57.617  3.837 0.0000000000
135429  35.230  -55.456  9.850 0.0000000000
135434  32.025  -51.327  13.845 0.0000000000
135640  41.410  -54.427  4.638 0.0000000000
135806  39.017  -58.049  10.326 0.0000000000
135895  36.520  -53.880  19.640 0.0000000000
135912  33.075  -59.425  20.975 0.0000000000
135942  36.983  -45.378  8.413 0.0000000000
136109  32.406  -53.007  18.648 0.0000000000
136110  42.252  -54.102  2.970 0.0000000000
136279  34.167  -63.439  13.675 0.0000000000
136342  44.447  -57.109  4.326 0.0000000000
136376  35.304  -59.769  12.627 0.0000000000
136377  32.236  -71.748  11.818 0.0000000000
136641  43.174  -54.942  2.033 0.0000000000
136771  31.524  -59.661  20.748 0.0000000000
136859  32.157  -60.611  22.661 0.0000000000
136936  33.225  -72.878  13.688 0.0000000000
137017  31.436  -53.989  17.353 0.0000000000
137055  36.982  -65.873  13.650 0.0000000000
137208  32.011  -56.130  18.464 0.0000000000
137388  32.201  -58.855  18.616 0.0000000000
137523  32.237  -69.197  11.034 0.0000000000
137648  37.778  -53.890  19.575 0.0000000000
137721  39.642  -54.076  6.709 0.0000000000
137805  37.011  -63.193  22.970 0.0000000000
137868  31.191  -56.059  15.476 0.0000000000
137887  37.542  -48.908  6.717 0.0000000000
137924  31.852  -63.042  14.191 0.0000000000
137957  37.404  -51.973  7.428 0.0000000000
137968  35.890  -51.399  17.819 0.0000000000
137986  37.595  -54.726  19.625 0.0000000000
138017  36.036  -70.425  9.435 0.0000000000
138061  32.387  -51.667  12.174 0.0000000000
138090  42.099  -50.018  3.378 0.0000000000
138147  31.557  -56.064  14.774 0.0000000000
138190  35.195  -54.505  19.648 0.0000000000
138223  33.207  -72.037  10.082 0.0000000000
138242  44.855  -49.431  2.486 0.0000000000
138625  36.148  -59.654  12.480 0.0000000000
138698  37.099  -60.816  12.426 0.0000000000
138788  36.528  -45.336  8.990 0.0000000000
139176  34.318  -57.693  18.562 0.0000000000
139452  37.616  -50.314  6.822 0.0000000000
139588  33.126  -56.073  13.568 0.0000000000
139604  36.935  -47.829  7.218 0.0000000000
139891  40.534  -64.051  12.512 0.0000000000
139980  34.267  -59.094  18.702 0.0000000000
139986  32.588  -50.744  11.957 0.0000000000
140000  36.297  -47.761  7.734 0.0000000000
140099  41.787  -57.714  9.128 0.0000000000
140207  32.371  -53.978  13.641 0.0000000000
140231  40.934  -52.727  4.198 0.0000000000
140356  37.188  -57.778  11.864 0.0000000000
140491  31.871  -59.309  19.067 0.0000000000
140539  44.019  -57.281  8.465 0.0000000000
140909  30.511  -59.654  14.483 0.0000000000
141395  44.193  -51.994  1.194 0.0000000000
141464  35.722  -58.987  12.558 0.0000000000
141551  44.403  -54.138  0.283 0.0000000000
141671  46.849  -57.135  7.883 0.0000000000
141771  33.011  -50.911  11.139 0.0000000000
141935  31.104  -66.127  18.620 0.0000000000
141977  31.481  -55.911  18.007 0.0000000000
142074  32.970  -71.296  10.133 0.0000000000
142087  31.718  -66.681  12.458 0.0000000000
142321  33.653  -61.235  23.212 0.0000000000
142474  39.898  -61.047  12.455 0.0000000000
142475  40.769  -61.025  12.485 0.0000000000
142476  41.670  -60.993  12.498 0.0000000000
142477  43.283  -60.673  12.544 0.0000000000
142523  41.497  -53.000  3.643 0.0000000000
142541  46.586  -57.563  9.629 0.0000000000
142563  38.621  -60.933  12.401 0.0000000000
142902  36.082  -54.245  19.680 0.0000000000
143065  33.300  -62.178  13.768 0.0000000000
143262  40.304  -60.143  12.541 0.0000000000
143404  44.066  -60.598  12.560 0.0000000000
143456  40.057  -66.446  13.946 0.0000000000
143684  36.364  -64.352  13.608 0.0000000000
143777  36.369  -61.916  12.718 0.0000000000
143860  31.978  -65.266  19.914 0.0000000000
144130  38.131  -61.681  12.394 0.0000000000
144155  41.126  -47.464  5.450 0.0000000000
144207  30.924  -58.952  14.071 0.0000000000
144297  39.722  -57.614  9.173 0.0000000000
144380  45.764  -58.360  11.106 0.0000000000
144403  42.244  -61.939  12.488 0.0000000000
144617  33.728  -51.704  9.948 0.0000000000
144643  35.222  -70.433  9.276 0.0000000000
144789  30.139  -59.483  17.891 0.0000000000
144804  32.274  -57.717  13.510 0.0000000000
144837  35.031  -63.743  13.646 0.0000000000
144841  30.050  -66.160  18.677 0.0000000000
144874  36.140  -65.680  13.461 0.0000000000
144875  39.227  -61.124  12.417 0.0000000000
145006  32.914  -58.084  13.221 0.0000000000
145536  33.868  -63.630  22.476 0.0000000000
145711  37.529  -48.114  6.718 0.0000000000
145761  28.873  -61.471  17.286 0.0000000000
145856  36.592  -50.033  7.554 0.0000000000
146126  35.865  -64.949  13.564 0.0000000000
146340  45.208  -56.976  7.798 0.0000000000
146498  29.127  -64.104  15.522 0.0000000000
146704  37.226  -65.326  22.620 0.0000000000
146806  42.202  -56.528  7.394 0.0000000000
146966  46.110  -57.959  10.430 0.0000000000
146980  39.057  -64.738  13.136 0.0000000000
147246  43.082  -57.359  8.534 0.0000000000
147303  34.948  -63.799  22.599 0.0000000000
147357  30.966  -68.049  12.229 0.0000000000
147359  36.536  -48.397  7.516 0.0000000000
147362  42.918  -58.810  11.814 0.0000000000
147531  28.472  -64.807  18.249 0.0000000000
147991  35.266  -58.859  18.526 0.0000000000
148020  37.485  -53.020  19.288 0.0000000000
148138  35.044  -64.923  13.433 0.0000000000
148195  30.961  -67.309  20.709 0.0000000000
148245  28.395  -63.951  19.066 0.0000000000
148484  37.613  -57.665  10.984 0.0000000000
148495  37.481  -60.107  12.427 0.0000000000
148527  37.629  -60.367  20.707 0.0000000000
148548  32.441  -63.921  13.700 0.0000000000
148584  36.422  -51.369  17.391 0.0000000000
148585  31.286  -54.781  16.401 0.0000000000
148766  28.617  -62.824  20.075 0.0000000000
149052  32.046  -57.005  18.372 0.0000000000
149142  31.136  -59.469  19.008 0.0000000000
149155  33.554  -56.974  18.734 0.0000000000
149251  41.857  -55.114  4.632 0.0000000000
149278  35.566  -65.533  22.949 0.0000000000
149377  30.854  -58.303  14.359 0.0000000000
149433  36.221  -59.998  22.167 0.0000000000
149493  36.060  -58.360  12.526 0.0000000000
149685  44.697  -50.552  1.366 0.0000000000
149862  29.859  -67.421  17.509 0.0000000000
149902  34.201  -52.504  19.222 0.0000000000
149909  38.426  -51.197  6.341 0.0000000000
149928  38.300  -63.712  22.634 0.0000000000
150010  37.154  -46.349  7.518 0.0000000000
150036  38.820  -61.612  12.382 0.0000000000
150052  33.481  -50.627  16.703 0.0000000000
150136  37.785  -63.187  22.823 0.0000000000
150175  42.528  -60.890  12.522 0.0000000000
150235  36.622  -52.076  18.629 0.0000000000
150286  29.996  -59.989  15.075 0.0000000000
150555  33.426  -49.717  14.545 0.0000000000
150779  38.944  -55.852  7.909 0.0000000000
150920  34.403  -60.256  22.784 0.0000000000
150999  36.042  -68.777  11.667 0.0000000000
151083  31.487  -65.045  19.565 0.0000000000
151153  36.185  -59.827  19.961 0.0000000000
151330  39.016  -47.667  5.823 0.0000000000
151498  31.481  -53.195  16.248 0.0000000000
151521  38.231  -53.234  19.288 0.0000000000
151630  32.489  -53.697  13.060 0.0000000000
151736  38.580  -49.064  5.846 0.0000000000
151784  37.170  -60.124  20.801 0.0000000000
151787  30.360  -64.121  14.315 0.0000000000
151915  45.122  -50.797  0.815 0.0000000000
151984  44.919  -57.266  0.700 0.0000000000
152084  30.035  -69.382  15.583 0.0000000000
152156  32.721  -51.477  11.500 0.0000000000
152181  30.949  -60.525  21.872 0.0000000000
152251  28.720  -63.980  16.215 0.0000000000
152491  42.361  -62.916  12.475 0.0000000000
152527  41.233  -61.896  12.457 0.0000000000
152547  40.614  -45.062  8.148 0.0000000000
152561  36.944  -55.253  19.573 0.0000000000
152615  42.774  -60.184  12.546 0.0000000000
152695  41.414  -46.713  6.522 0.0000000000
152758  34.219  -52.409  9.517 0.0000000000
152825  45.319  -57.731  1.973 0.0000000000
152921  40.800  -58.675  11.823 0.0000000000
153077  32.663  -63.905  21.720 0.0000000000
153398  39.653  -65.795  13.651 0.0000000000
153466  43.012  -56.407  7.082 0.0000000000
153493  38.608  -48.301  5.916 0.0000000000
153525  38.249  -47.671  6.338 0.0000000000
153538  32.946  -68.920  10.785 0.0000000000
153596  33.880  -52.944  9.824 0.0000000000
153629  34.283  -55.978  12.531 0.0000000000
153635  42.603  -56.100  6.526 0.0000000000
153867  39.809  -57.270  8.665 0.0000000000
153970  33.066  -54.121  19.369 0.0000000000
154041  40.089  -54.267  6.484 0.0000000000
154058  31.650  -52.147  16.077 0.0000000000
154132  42.749  -48.210  4.459 0.0000000000
154193  32.014  -51.198  14.542 0.0000000000
154272  35.492  -46.380  11.057 0.0000000000
154658  38.689  -47.227  6.226 0.0000000000
154871  38.834  -63.202  22.567 0.0000000000
155109  28.364  -63.230  18.964 0.0000000000
155186  36.481  -54.756  19.652 0.0000000000
155378  28.778  -63.343  16.424 0.0000000000
155410  32.475  -50.592  15.069 0.0000000000
155469  31.055  -65.400  22.877 0.0000000000
155487  39.249  -56.460  8.175 0.0000000000
155543  42.631  -55.180  2.955 0.0000000000
155592  35.979  -52.015  8.311 0.0000000000
155691  32.407  -56.595  18.561 0.0000000000
155715  35.886  -61.409  12.735 0.0000000000
155876  31.568  -52.613  15.545 0.0000000000
156284  34.012  -53.305  19.486 0.0000000000
156426  35.089  -66.927  12.592 0.0000000000
156575  43.839  -53.132  1.277 0.0000000000
156721  35.403  -67.608  12.351 0.0000000000
156752  33.611  -59.404  19.244 0.0000000000
156792  28.611  -62.484  17.300 0.0000000000
156909  44.195  -48.892  3.384 0.0000000000
156953  30.462  -64.722  13.894 0.0000000000
156986  33.227  -60.312  13.296 0.0000000000
157153  42.717  -56.009  4.655 0.0000000000
157275  37.745  -51.236  6.936 0.0000000000
157411  43.768  -61.179  12.541 0.0000000000
157438  37.000  -64.260  13.573 0.0000000000
157446  36.808  -52.040  7.759 0.0000000000
