# sub-11 hemi-L RWvsSC_scaled Cluster_2
90
9716 -44.382000 -74.269000 11.581000 1
9717 -45.121000 -74.348000 11.439000 1
9729 -42.079000 -73.806000 10.564000 1
9744 -40.908000 -73.777000 9.433000 1
9745 -41.773000 -74.344000 9.914000 1
9746 -42.750000 -74.878000 10.440000 1
10559 -46.148000 -72.980000 12.059000 1
10568 -41.936000 -72.448000 11.519000 1
10569 -43.431000 -73.373000 11.763000 1
10570 -44.870000 -73.805000 11.985000 1
10571 -45.635000 -73.627000 11.721000 1
10585 -40.332000 -72.162000 10.432000 1
10586 -41.308000 -72.815000 10.626000 1
10587 -42.360000 -73.333000 11.156000 1
10601 -40.543000 -72.854000 9.833000 1
10602 -41.265000 -73.442000 10.050000 1
11499 -42.038000 -70.971000 12.441000 1
11500 -44.952000 -72.275000 12.565000 1
11502 -46.846000 -71.728000 11.976000 1
11512 -41.931000 -71.642000 12.056000 1
11513 -42.896000 -72.286000 12.135000 1
11514 -44.188000 -72.853000 12.302000 1
11530 -40.295000 -71.573000 11.078000 1
11531 -40.958000 -72.094000 11.031000 1
12378 -42.936000 -71.025000 12.642000 1
12379 -44.038000 -71.212000 12.739000 1
12380 -45.326000 -71.347000 12.682000 1
12381 -46.491000 -71.247000 12.349000 1
12382 -47.090000 -70.824000 11.978000 1
12396 -41.213000 -71.008000 12.119000 1
13234 -43.561000 -69.553000 13.254000 1
13235 -44.688000 -69.550000 13.163000 1
13236 -45.904000 -69.541000 12.974000 1
13237 -47.060000 -69.373000 12.534000 1
13249 -43.260000 -70.319000 12.887000 1
13250 -44.394000 -70.374000 12.890000 1
13251 -45.619000 -70.400000 12.764000 1
13252 -46.773000 -70.274000 12.382000 1
13253 -47.413000 -69.815000 11.984000 1
14059 -43.278000 -68.383000 17.209000 1
14060 -45.099000 -68.273000 17.422000 1
14078 -40.173000 -68.389000 15.630000 1
14080 -42.159000 -67.904000 15.354000 1
14088 -40.119000 -68.239000 15.026000 1
14089 -41.272000 -68.090000 14.954000 1
14090 -42.354000 -68.223000 14.574000 1
14091 -43.357000 -68.315000 14.314000 1
14092 -44.367000 -68.344000 14.109000 1
14093 -45.400000 -68.311000 13.940000 1
14094 -46.539000 -68.139000 13.727000 1
14106 -43.906000 -68.869000 13.657000 1
14107 -45.019000 -68.885000 13.517000 1
14108 -46.209000 -68.822000 13.285000 1
14109 -47.286000 -68.551000 12.891000 1
14119 -47.747000 -68.855000 12.138000 1
14120 -48.035000 -67.869000 12.615000 1
14928 -44.107000 -68.280000 17.285000 1
14929 -44.749000 -67.843000 17.099000 1
14946 -42.288000 -67.840000 16.046000 1
14947 -44.832000 -67.580000 16.486000 1
14960 -43.156000 -67.687000 15.898000 1
14961 -44.091000 -67.588000 16.048000 1
14962 -44.977000 -67.570000 15.417000 1
14964 -47.476000 -67.103000 15.427000 1
14965 -48.812000 -66.552000 15.344000 1
14973 -42.941000 -67.869000 15.073000 1
14974 -43.941000 -67.819000 14.983000 1
14975 -44.840000 -67.934000 14.555000 1
14976 -45.782000 -67.759000 14.558000 1
14977 -47.141000 -67.486000 14.371000 1
14978 -48.397000 -66.892000 14.452000 1
14983 -48.172000 -67.305000 13.483000 1
15792 -49.082000 -65.690000 13.736000 1
15801 -48.768000 -66.297000 12.822000 1
15811 -47.928000 -66.439000 11.958000 1
16684 -48.883000 -65.243000 14.072000 1
16689 -47.861000 -65.329000 12.976000 1
16690 -48.644000 -65.524000 13.239000 1
16701 -48.351000 -65.909000 12.494000 1
114914 -40.741000 -68.196000 15.518000 1
116180 -43.567000 -67.871000 16.746000 1
116801 -43.565000 -71.859000 12.494000 1
117233 -48.815000 -66.507000 13.584000 1
117811 -41.093000 -71.616000 11.578000 1
121673 -47.486000 -67.919000 13.397000 1
123126 -42.270000 -70.321000 12.822000 1
124443 -44.238000 -67.769000 16.793000 1
128415 -42.635000 -71.542000 12.367000 1
129713 -48.500000 -67.007000 12.886000 1
134288 -42.636000 -67.791000 15.600000 1
