# sub-11 hemi-R FacesvsAllnoFacenoCS_scaled Cluster_15
17
10778 36.951000 -70.102000 11.185000 1
10779 35.968000 -70.169000 11.345000 1
10780 34.998000 -70.153000 11.366000 1
10793 37.538000 -70.720000 10.626000 1
11593 38.967000 -69.282000 10.801000 1
11594 37.258000 -69.478000 11.392000 1
11595 36.473000 -69.480000 11.562000 1
11596 35.574000 -69.477000 11.673000 1
11610 38.024000 -69.894000 10.885000 1
12496 37.707000 -68.264000 11.956000 1
12497 36.726000 -68.184000 12.209000 1
12498 35.824000 -68.057000 12.338000 1
12507 38.527000 -68.629000 11.440000 1
12508 37.012000 -68.872000 11.742000 1
12509 36.140000 -68.819000 11.955000 1
12510 35.236000 -68.774000 12.057000 1
126206 37.893000 -69.070000 11.402000 1
