# sub-11 hemi-L FacesvsAllnoFacenoCS_scaled Cluster_10
45
17727 -27.653000 -62.972000 0.699000 1
17728 -28.252000 -63.689000 1.172000 1
17729 -28.913000 -63.314000 1.390000 1
18609 -28.481000 -62.804000 0.941000 1
18618 -26.040000 -62.634000 0.112000 1
18619 -27.009000 -62.390000 0.208000 1
18620 -27.979000 -62.159000 0.410000 1
19353 -19.348000 -62.135000 8.531000 1
19371 -19.624000 -61.941000 7.582000 1
19380 -19.857000 -61.852000 6.714000 1
19438 -26.489000 -61.733000 -0.307000 1
19439 -27.454000 -61.492000 -0.085000 1
19440 -28.111000 -61.380000 0.272000 1
20149 -19.940000 -61.461000 8.189000 1
20150 -20.346000 -61.261000 7.328000 1
20160 -20.413000 -61.287000 6.443000 1
20161 -21.212000 -60.786000 6.170000 1
20178 -20.403000 -61.352000 5.673000 1
20179 -21.069000 -60.883000 5.273000 1
20198 -20.279000 -61.518000 4.788000 1
20215 -20.170000 -61.709000 3.786000 1
20231 -20.727000 -60.740000 1.935000 1
20260 -26.075000 -59.983000 -0.216000 1
20261 -26.848000 -60.666000 -0.355000 1
21042 -21.267000 -60.144000 2.613000 1
21050 -21.355000 -59.979000 1.735000 1
21051 -22.018000 -59.513000 2.123000 1
21060 -22.084000 -59.586000 1.210000 1
21061 -23.211000 -59.043000 0.971000 1
21071 -23.987000 -59.291000 0.639000 1
21072 -25.117000 -59.478000 0.283000 1
21832 -22.889000 -59.074000 1.628000 1
21840 -23.778000 -58.841000 1.335000 1
21841 -24.580000 -58.821000 1.078000 1
21847 -24.032000 -58.868000 0.930000 1
21848 -24.628000 -58.966000 0.772000 1
120864 -19.815000 -62.515000 6.115000 1
122983 -22.944000 -59.885000 0.684000 1
126477 -21.005000 -60.941000 6.879000 1
126758 -19.989000 -61.776000 6.037000 1
129158 -25.151000 -60.457000 -0.225000 1
129333 -20.995000 -60.845000 4.252000 1
131289 -21.373000 -60.384000 3.508000 1
132201 -26.433000 -63.117000 0.820000 1
135750 -27.022000 -63.567000 1.148000 1
