# sub-11 hemi-R LimbsvsAllnoLimbsnoCS_scaled Cluster_57
19
65653 39.617000 -11.271000 8.684000 1
65654 38.890000 -11.299000 8.413000 1
65700 36.910000 -11.004000 6.471000 1
66484 40.857000 -10.682000 8.642000 1
66486 39.275000 -10.567000 8.409000 1
66513 38.503000 -10.663000 8.083000 1
66514 37.973000 -9.938000 7.722000 1
66540 37.314000 -10.459000 7.181000 1
67304 40.594000 -9.935000 8.370000 1
67305 39.762000 -9.819000 8.333000 1
67324 41.158000 -9.446000 8.019000 1
67327 38.522000 -9.111000 7.888000 1
67351 41.791000 -9.240000 7.350000 1
68204 40.673000 -8.215000 7.227000 1
68205 39.915000 -8.389000 7.693000 1
68206 38.981000 -8.413000 7.762000 1
68226 42.163000 -8.958000 6.401000 1
69153 39.377000 -7.762000 7.437000 1
132174 38.247000 -8.494000 7.674000 1
