# sub-11 hemi-L LimbsvsAllnoLimbsnoCS_scaled Cluster_2
22
10348 -47.723000 -71.984000 29.055000 1
10362 -46.824000 -72.369000 28.476000 1
10363 -47.661000 -71.736000 27.796000 1
10372 -45.121000 -73.092000 26.421000 1
10373 -45.737000 -72.294000 26.897000 1
10374 -46.540000 -72.110000 27.553000 1
11266 -48.446000 -71.582000 29.565000 1
11267 -49.246000 -71.131000 28.866000 1
11281 -48.994000 -71.230000 27.604000 1
11282 -49.758000 -70.574000 27.072000 1
11292 -46.141000 -71.762000 26.179000 1
11293 -46.998000 -71.663000 26.716000 1
11294 -49.024000 -71.129000 25.865000 1
11295 -49.707000 -70.480000 26.226000 1
11310 -47.065000 -71.553000 25.758000 1
12241 -50.036000 -70.116000 26.757000 1
114369 -48.420000 -71.559000 28.566000 1
116489 -48.386000 -71.408000 26.723000 1
116673 -49.902000 -69.930000 26.054000 1
119277 -47.992000 -71.477000 26.031000 1
121632 -49.730000 -70.716000 27.966000 1
127250 -49.273000 -71.010000 26.622000 1
