# sub-11 hemi-R FacesvsAllnoFace_scaled Cluster_29
50
39856 29.426000 -39.749000 6.653000 1
39857 28.815000 -39.306000 6.339000 1
39862 28.052000 -39.651000 5.802000 1
40820 29.859000 -38.422000 6.746000 1
40821 29.030000 -38.468000 6.394000 1
40827 28.348000 -38.670000 5.953000 1
40828 27.713000 -38.834000 5.362000 1
40835 28.072000 -38.042000 5.442000 1
40848 26.738000 -38.382000 3.711000 1
41865 30.162000 -37.519000 6.479000 1
41866 29.352000 -37.676000 6.308000 1
41876 31.641000 -36.905000 5.919000 1
41877 30.575000 -36.800000 6.011000 1
41878 29.638000 -36.913000 5.977000 1
41879 28.650000 -37.828000 5.988000 1
41886 27.956000 -37.558000 4.712000 1
41887 27.403000 -37.977000 4.138000 1
41905 27.935000 -37.195000 3.814000 1
41906 27.259000 -37.500000 3.451000 1
42947 32.229000 -36.598000 4.958000 1
42948 31.025000 -36.318000 5.269000 1
42949 29.998000 -36.374000 5.308000 1
42950 29.120000 -36.680000 5.287000 1
42967 32.297000 -36.248000 3.942000 1
42968 31.312000 -35.991000 4.368000 1
42969 30.411000 -36.037000 4.625000 1
42970 29.458000 -36.232000 4.317000 1
42971 28.555000 -36.830000 4.510000 1
42990 32.453000 -36.088000 3.023000 1
42991 31.508000 -35.830000 3.347000 1
42992 30.385000 -35.842000 3.646000 1
42993 29.500000 -36.172000 3.249000 1
42994 28.711000 -36.522000 3.404000 1
42995 27.940000 -36.820000 3.110000 1
43008 31.803000 -35.638000 2.469000 1
43009 30.868000 -35.629000 2.796000 1
43010 29.870000 -35.788000 2.827000 1
43011 28.554000 -36.230000 2.726000 1
43012 27.750000 -36.307000 2.779000 1
44019 31.521000 -35.220000 2.084000 1
44020 30.662000 -35.259000 2.503000 1
44021 29.623000 -35.309000 2.580000 1
44033 32.371000 -35.492000 1.698000 1
120399 28.517000 -37.303000 5.347000 1
120471 29.205000 -36.228000 2.874000 1
130122 29.214000 -35.905000 2.680000 1
133089 27.594000 -38.246000 4.879000 1
133588 28.988000 -37.181000 5.876000 1
134392 29.396000 -39.047000 6.670000 1
135701 31.201000 -35.416000 2.458000 1
