# sub-11 hemi-L CSvsAllNotext_scaled Cluster_18
12
31998 -47.527000 -47.544000 12.298000 1
32010 -48.099000 -47.501000 11.809000 1
32011 -48.745000 -47.401000 11.239000 1
32020 -49.357000 -47.565000 10.494000 1
32033 -49.933000 -47.981000 9.576000 1
32850 -48.478000 -46.586000 11.732000 1
32860 -49.785000 -46.875000 10.008000 1
32873 -50.211000 -47.308000 9.196000 1
32874 -50.553000 -47.199000 8.241000 1
121173 -48.986000 -48.151000 10.868000 1
126876 -49.637000 -48.550000 10.120000 1
136283 -48.436000 -48.009000 11.432000 1
