# sub-11 hemi-R CSvsAllNotext_scaled Cluster_20
13
29320 29.442000 -50.799000 2.809000 1
29327 29.955000 -50.754000 1.523000 1
29341 30.687000 -50.496000 0.368000 1
30213 29.653000 -49.990000 2.318000 1
30229 30.819000 -49.749000 0.322000 1
30230 30.151000 -49.200000 1.552000 1
31242 29.813000 -48.343000 2.472000 1
31257 30.986000 -48.931000 0.179000 1
31258 30.514000 -48.240000 1.164000 1
32151 29.839000 -47.622000 3.231000 1
32165 30.196000 -47.518000 2.065000 1
124168 29.502000 -49.178000 2.950000 1
125771 30.253000 -50.038000 1.256000 1
