# sub-11 hemi-L RWvsSC_scaled Cluster_4
36
13440 -30.839000 -69.245000 -2.175000 1
13459 -32.490000 -69.689000 -3.193000 1
14270 -30.519000 -69.069000 -1.527000 1
14271 -31.047000 -68.569000 -1.178000 1
14292 -31.334000 -68.898000 -2.471000 1
14293 -31.904000 -68.344000 -2.667000 1
14308 -31.738000 -69.240000 -2.929000 1
15125 -34.289000 -66.581000 1.842000 1
15139 -33.530000 -67.226000 1.629000 1
15148 -32.099000 -67.882000 0.376000 1
15149 -34.030000 -66.692000 0.851000 1
15159 -31.824000 -68.065000 -0.880000 1
15177 -31.598000 -68.191000 -2.009000 1
15178 -32.274000 -67.507000 -2.348000 1
15179 -32.527000 -66.551000 -2.105000 1
15188 -32.467000 -67.753000 -2.790000 1
15958 -34.545000 -66.088000 1.235000 1
15974 -33.420000 -66.654000 -0.401000 1
15975 -34.162000 -66.019000 0.271000 1
16012 -32.698000 -66.784000 -2.384000 1
16013 -32.878000 -65.715000 -2.100000 1
16820 -34.680000 -65.560000 2.606000 1
16832 -34.669000 -65.416000 1.694000 1
17709 -34.623000 -64.923000 3.193000 1
17720 -34.651000 -64.732000 2.274000 1
17730 -34.452000 -64.527000 1.217000 1
18594 -34.458000 -64.094000 2.913000 1
18605 -34.091000 -63.222000 2.642000 1
18606 -34.354000 -63.837000 1.894000 1
114319 -33.163000 -67.346000 0.522000 1
117044 -34.407000 -65.326000 0.725000 1
121032 -31.074000 -68.787000 -1.924000 1
127196 -32.221000 -67.443000 -1.665000 1
128429 -34.647000 -66.051000 2.048000 1
130686 -32.637000 -67.617000 1.241000 1
135103 -33.350000 -67.315000 2.307000 1
