# sub-11 hemi-R RWvsAllNotext_scaled Cluster_24
22
38041 40.990000 -41.815000 -1.440000 1
38961 42.564000 -40.307000 -1.725000 1
38962 41.731000 -40.886000 -1.719000 1
38963 41.130000 -41.146000 -1.275000 1
38966 42.404000 -41.196000 -2.095000 1
39901 42.497000 -38.936000 -0.967000 1
39908 42.480000 -39.522000 -1.342000 1
39909 41.889000 -40.038000 -1.328000 1
40872 42.969000 -38.307000 -0.821000 1
40877 44.739000 -38.491000 -1.413000 1
40878 43.884000 -38.515000 -1.399000 1
41936 44.968000 -36.961000 -0.960000 1
41937 44.152000 -37.225000 -0.793000 1
41942 44.420000 -37.765000 -1.215000 1
43031 46.024000 -36.256000 -0.608000 1
43032 44.614000 -36.501000 -0.430000 1
44048 45.015000 -35.741000 -0.116000 1
117356 43.121000 -38.922000 -1.346000 1
119048 43.034000 -39.624000 -1.579000 1
124590 45.276000 -36.216000 -0.561000 1
136131 45.487000 -36.618000 -0.740000 1
138118 43.409000 -38.394000 -1.196000 1
