# sub-11 hemi-L RWvsAllNotext_scaled Cluster_19
43
39902 -42.148000 -39.192000 6.207000 1
39911 -42.787000 -39.367000 5.661000 1
39925 -42.277000 -39.184000 5.734000 1
39930 -46.551000 -38.731000 4.727000 1
39956 -49.925000 -38.933000 2.462000 1
39966 -50.421000 -39.473000 1.610000 1
40792 -39.728000 -37.787000 8.143000 1
40793 -40.026000 -38.172000 8.208000 1
40794 -40.805000 -38.159000 8.439000 1
40805 -40.038000 -38.212000 7.679000 1
40806 -40.572000 -38.450000 7.729000 1
40807 -41.450000 -38.424000 7.945000 1
40809 -44.429000 -37.627000 7.592000 1
40817 -40.619000 -38.444000 7.310000 1
40818 -41.373000 -38.838000 7.016000 1
40819 -42.572000 -38.809000 6.983000 1
40820 -43.742000 -38.376000 7.086000 1
40821 -44.762000 -37.981000 6.944000 1
40822 -45.726000 -37.463000 6.927000 1
40828 -41.010000 -38.575000 6.775000 1
40829 -41.670000 -38.964000 6.282000 1
40831 -43.973000 -38.738000 6.529000 1
40833 -46.002000 -37.873000 6.271000 1
40834 -46.845000 -37.428000 6.081000 1
40847 -45.207000 -38.795000 5.678000 1
40848 -46.243000 -38.351000 5.528000 1
40849 -47.186000 -37.796000 5.368000 1
40850 -48.194000 -37.295000 5.181000 1
40860 -47.492000 -38.188000 4.638000 1
40861 -48.243000 -37.818000 4.468000 1
40872 -49.334000 -38.300000 3.327000 1
40873 -51.770000 -38.162000 2.953000 1
40883 -51.354000 -39.074000 2.143000 1
41737 -39.602000 -37.487000 9.148000 1
41738 -40.245000 -37.752000 8.973000 1
41769 -46.299000 -36.738000 7.381000 1
41780 -46.532000 -37.094000 6.735000 1
41800 -47.731000 -36.937000 5.918000 1
114535 -50.473000 -37.947000 3.260000 1
117321 -48.732000 -37.954000 3.964000 1
121760 -45.294000 -38.173000 6.455000 1
123882 -42.230000 -38.481000 7.626000 1
130571 -39.770000 -37.791000 8.531000 1
