# sub-11 hemi-L RWvsSC_scaled Cluster_21
59
39043 -44.295000 -39.440000 4.405000 1
39051 -44.699000 -39.496000 3.929000 1
39052 -44.902000 -39.616000 4.076000 1
39053 -45.396000 -39.481000 3.423000 1
39057 -46.180000 -39.674000 2.939000 1
39058 -47.127000 -39.649000 2.430000 1
39059 -47.862000 -39.321000 2.943000 1
39065 -45.820000 -39.556000 2.853000 1
39066 -46.490000 -39.571000 2.425000 1
39911 -42.787000 -39.367000 5.661000 1
39912 -43.601000 -39.332000 5.833000 1
39925 -42.277000 -39.184000 5.734000 1
39926 -42.834000 -39.295000 5.293000 1
39927 -43.564000 -39.469000 4.988000 1
39939 -43.270000 -39.301000 4.849000 1
39940 -44.025000 -39.355000 4.447000 1
39952 -44.517000 -39.242000 3.802000 1
39953 -45.249000 -39.383000 3.162000 1
39954 -46.910000 -39.481000 3.300000 1
39964 -45.948000 -39.300000 2.327000 1
40809 -44.429000 -37.627000 7.592000 1
40821 -44.762000 -37.981000 6.944000 1
40822 -45.726000 -37.463000 6.927000 1
40832 -44.546000 -38.764000 6.203000 1
40833 -46.002000 -37.873000 6.271000 1
40834 -46.845000 -37.428000 6.081000 1
40845 -42.589000 -39.093000 5.246000 1
40846 -43.245000 -38.618000 4.830000 1
40847 -45.207000 -38.795000 5.678000 1
40848 -46.243000 -38.351000 5.528000 1
40849 -47.186000 -37.796000 5.368000 1
40858 -43.830000 -38.985000 4.312000 1
40859 -44.553000 -38.267000 3.841000 1
40871 -45.059000 -38.613000 3.201000 1
40882 -45.490000 -38.822000 2.623000 1
41741 -44.788000 -36.301000 9.028000 1
41753 -44.579000 -37.006000 8.245000 1
41754 -45.481000 -36.369000 8.529000 1
41755 -46.235000 -36.291000 8.112000 1
41768 -45.373000 -37.056000 7.687000 1
41769 -46.299000 -36.738000 7.381000 1
41780 -46.532000 -37.094000 6.735000 1
41797 -42.733000 -38.094000 5.339000 1
41798 -43.774000 -37.339000 5.217000 1
41812 -44.125000 -37.832000 4.521000 1
41813 -44.992000 -37.070000 4.276000 1
41826 -45.313000 -37.417000 3.442000 1
41827 -46.047000 -36.446000 2.797000 1
41834 -45.625000 -37.810000 2.649000 1
42697 -47.148000 -35.474000 9.419000 1
42713 -46.294000 -35.798000 8.910000 1
42714 -47.042000 -35.754000 8.519000 1
113449 -47.117000 -35.401000 10.321000 1
113883 -43.749000 -36.950000 8.711000 1
121760 -45.294000 -38.173000 6.455000 1
125327 -46.284000 -35.482000 9.778000 1
129833 -45.614000 -35.862000 9.231000 1
131911 -46.972000 -36.531000 7.132000 1
134006 -47.476000 -35.549000 10.711000 1
