# sub-11 hemi-L LimbsvsAllnoLimbsnoCS_scaled Cluster_4
89
13293 -39.845000 -69.196000 7.780000 1
13294 -40.438000 -69.634000 8.051000 1
13295 -40.967000 -69.683000 8.578000 1
14137 -42.100000 -68.209000 10.230000 1
14143 -40.007000 -68.189000 9.045000 1
14144 -40.813000 -68.449000 9.399000 1
14145 -41.552000 -68.690000 9.676000 1
14156 -39.504000 -68.503000 8.257000 1
14157 -40.373000 -68.962000 8.627000 1
14158 -41.060000 -69.063000 9.149000 1
15002 -43.225000 -67.179000 11.056000 1
15003 -44.332000 -67.279000 11.095000 1
15004 -45.596000 -67.438000 11.048000 1
15005 -46.862000 -67.678000 11.069000 1
15014 -39.989000 -67.196000 10.108000 1
15015 -40.895000 -67.413000 10.331000 1
15016 -41.765000 -67.574000 10.508000 1
15017 -42.675000 -67.686000 10.630000 1
15018 -43.700000 -67.783000 10.707000 1
15019 -44.869000 -67.942000 10.711000 1
15024 -40.472000 -67.805000 9.722000 1
15025 -41.287000 -68.028000 9.995000 1
15809 -45.636000 -66.140000 11.945000 1
15810 -46.850000 -66.255000 11.852000 1
15813 -39.864000 -66.273000 11.165000 1
15814 -40.799000 -66.404000 11.320000 1
15815 -41.755000 -66.485000 11.422000 1
15816 -42.716000 -66.546000 11.499000 1
15817 -43.743000 -66.599000 11.535000 1
15818 -44.923000 -66.618000 11.558000 1
15819 -46.249000 -66.852000 11.419000 1
15831 -40.399000 -66.802000 10.712000 1
15832 -41.326000 -66.967000 10.870000 1
15833 -42.245000 -67.088000 10.988000 1
16683 -48.145000 -65.153000 13.671000 1
16687 -45.496000 -65.064000 12.982000 1
16688 -46.713000 -65.206000 12.955000 1
16689 -47.861000 -65.329000 12.976000 1
16692 -38.753000 -65.278000 12.135000 1
16693 -39.709000 -65.391000 12.315000 1
16694 -40.673000 -65.392000 12.410000 1
16695 -41.629000 -65.348000 12.493000 1
16696 -42.690000 -65.254000 12.627000 1
16697 -43.781000 -65.379000 12.546000 1
16698 -44.910000 -65.544000 12.429000 1
16699 -46.165000 -65.600000 12.420000 1
16700 -47.395000 -65.723000 12.386000 1
16703 -37.500000 -65.206000 11.053000 1
16704 -38.381000 -65.545000 11.392000 1
16705 -39.317000 -65.765000 11.637000 1
16706 -40.260000 -65.886000 11.805000 1
16707 -41.223000 -65.931000 11.914000 1
16708 -42.196000 -65.927000 11.998000 1
16709 -43.203000 -65.943000 12.033000 1
16710 -44.208000 -66.013000 12.020000 1
16722 -38.946000 -66.052000 10.932000 1
17551 -45.659000 -64.786000 14.850000 1
17560 -43.300000 -64.351000 14.219000 1
17561 -43.910000 -64.534000 14.733000 1
17562 -44.746000 -64.625000 14.440000 1
17563 -46.447000 -64.828000 14.126000 1
17564 -47.416000 -64.958000 14.087000 1
17572 -39.647000 -64.365000 13.510000 1
17573 -40.628000 -64.315000 13.526000 1
17575 -43.034000 -64.459000 13.627000 1
17576 -43.840000 -64.597000 13.604000 1
17577 -44.855000 -64.707000 13.649000 1
17578 -46.018000 -64.886000 13.539000 1
17579 -47.129000 -65.054000 13.544000 1
17583 -38.199000 -64.752000 12.602000 1
17584 -39.155000 -64.886000 12.851000 1
17585 -40.153000 -64.872000 12.933000 1
17586 -41.095000 -64.820000 12.983000 1
17587 -41.983000 -64.763000 13.054000 1
17588 -43.399000 -64.829000 13.089000 1
17589 -44.367000 -64.934000 13.023000 1
18456 -39.742000 -63.606000 14.780000 1
18459 -42.458000 -64.092000 14.690000 1
18468 -39.188000 -63.917000 14.137000 1
18469 -40.180000 -63.866000 14.109000 1
18471 -41.960000 -63.929000 14.091000 1
121910 -45.523000 -64.695000 14.095000 1
122785 -42.321000 -64.344000 13.600000 1
126694 -44.880000 -66.058000 11.984000 1
129813 -38.325000 -63.876000 14.108000 1
130515 -42.620000 -64.161000 14.031000 1
133254 -42.692000 -64.700000 13.195000 1
134517 -43.195000 -64.377000 14.944000 1
134570 -44.122000 -64.508000 14.101000 1
