# sub-11 hemi-L CSvsAllNotext_scaled Cluster_11
72
20168 -40.366000 -61.051000 6.364000 1
20169 -41.274000 -61.139000 6.277000 1
20170 -42.228000 -61.219000 6.186000 1
20171 -43.293000 -61.285000 6.050000 1
20172 -44.509000 -61.339000 5.769000 1
20186 -39.827000 -61.338000 5.562000 1
20187 -40.852000 -61.373000 5.466000 1
20188 -41.788000 -61.404000 5.293000 1
20189 -42.794000 -61.419000 5.096000 1
20190 -43.926000 -61.400000 4.847000 1
20206 -42.342000 -61.416000 4.207000 1
20207 -43.344000 -61.388000 4.023000 1
20990 -39.386000 -60.025000 7.112000 1
20991 -40.379000 -60.022000 7.263000 1
20992 -41.260000 -60.084000 7.339000 1
20993 -42.160000 -60.174000 7.406000 1
20994 -43.096000 -60.257000 7.489000 1
20995 -44.747000 -60.548000 7.334000 1
21007 -39.470000 -60.800000 6.507000 1
21008 -40.830000 -60.605000 6.917000 1
21009 -41.721000 -60.699000 6.921000 1
21010 -42.697000 -60.802000 6.926000 1
21011 -43.865000 -60.868000 6.913000 1
21012 -45.122000 -61.116000 6.506000 1
21778 -45.658000 -59.584000 8.071000 1
21789 -39.158000 -59.060000 7.204000 1
21790 -40.005000 -59.245000 7.314000 1
21791 -40.872000 -59.314000 7.399000 1
21792 -41.719000 -59.400000 7.504000 1
21793 -42.580000 -59.455000 7.640000 1
21794 -43.505000 -59.507000 7.797000 1
21795 -44.581000 -59.724000 7.901000 1
21805 -38.455000 -59.528000 6.916000 1
22593 -38.960000 -58.259000 7.246000 1
22594 -39.762000 -58.433000 7.310000 1
22595 -40.553000 -58.511000 7.358000 1
22596 -42.998000 -58.547000 7.576000 1
22597 -44.065000 -58.702000 7.885000 1
22598 -45.084000 -58.744000 8.118000 1
23466 -42.946000 -57.605000 7.078000 1
23467 -43.799000 -57.860000 7.377000 1
23468 -44.701000 -57.994000 7.684000 1
23485 -42.266000 -57.228000 6.972000 1
23486 -43.028000 -56.973000 6.657000 1
23487 -43.701000 -57.150000 6.700000 1
23488 -44.659000 -57.292000 6.942000 1
23489 -45.780000 -57.195000 7.039000 1
24318 -42.793000 -56.356000 6.541000 1
24319 -43.593000 -56.475000 6.258000 1
24320 -44.436000 -56.638000 6.191000 1
24321 -45.413000 -56.694000 6.198000 1
24341 -44.222000 -55.989000 5.637000 1
24342 -45.146000 -56.149000 5.516000 1
24343 -46.175000 -56.253000 5.464000 1
25206 -43.440000 -55.744000 5.879000 1
25214 -43.909000 -55.360000 5.139000 1
25215 -44.820000 -55.523000 4.893000 1
25216 -45.860000 -55.751000 4.867000 1
113023 -41.018000 -57.854000 7.298000 1
113596 -38.478000 -60.426000 6.500000 1
116049 -40.070000 -60.505000 6.896000 1
116927 -41.421000 -58.502000 7.398000 1
117965 -41.389000 -61.443000 4.395000 1
123099 -42.151000 -58.776000 7.533000 1
124142 -45.401000 -60.244000 7.668000 1
126371 -42.192000 -58.054000 7.277000 1
128734 -38.918000 -61.091000 5.986000 1
131206 -41.650000 -57.754000 7.242000 1
131597 -43.922000 -60.241000 7.566000 1
132395 -38.457000 -58.770000 7.039000 1
134314 -40.565000 -61.451000 4.659000 1
135108 -45.162000 -57.588000 7.410000 1
