# sub-11 hemi-L CSvsAllNotext_scaled Cluster_5
19
12546 -34.276000 -70.215000 -1.209000 1
12561 -33.620000 -70.628000 -2.055000 1
12574 -34.374000 -70.209000 -2.401000 1
13421 -35.252000 -69.678000 -0.802000 1
13422 -35.831000 -69.533000 -1.530000 1
13423 -36.345000 -69.220000 -1.592000 1
13441 -35.199000 -69.907000 -1.911000 1
13442 -35.770000 -69.459000 -2.154000 1
13443 -36.206000 -69.114000 -2.054000 1
13444 -36.797000 -68.894000 -1.445000 1
14294 -36.636000 -68.700000 -1.829000 1
14295 -37.433000 -68.468000 -1.211000 1
14296 -38.231000 -68.237000 -0.851000 1
15180 -36.472000 -68.181000 -2.219000 1
15181 -37.147000 -68.089000 -1.670000 1
15182 -38.034000 -67.797000 -1.159000 1
16015 -36.770000 -67.476000 -1.915000 1
120480 -36.953000 -69.016000 -0.920000 1
121823 -36.179000 -69.301000 -0.611000 1
