# sub-11 hemi-R LimbsvsAllnoLimbsnoCS_scaled Cluster_12
146
11668 37.609000 -70.079000 4.074000 1
11669 36.956000 -69.857000 4.405000 1
11689 37.959000 -69.858000 3.440000 1
11690 37.520000 -69.733000 3.673000 1
11691 36.715000 -69.509000 3.886000 1
11706 37.878000 -69.442000 2.969000 1
12578 35.874000 -69.309000 4.551000 1
12579 34.863000 -68.657000 5.015000 1
12594 37.075000 -69.279000 3.172000 1
12595 35.964000 -68.982000 3.540000 1
12596 35.021000 -68.476000 4.068000 1
12617 38.124000 -69.036000 2.387000 1
12618 37.626000 -68.861000 2.477000 1
12619 36.369000 -68.629000 2.690000 1
12633 37.943000 -68.469000 1.806000 1
13533 35.247000 -68.181000 3.126000 1
13545 36.923000 -68.229000 1.931000 1
13546 35.699000 -67.826000 2.286000 1
13547 34.737000 -67.262000 2.811000 1
13562 37.904000 -67.865000 1.168000 1
13563 37.504000 -67.700000 1.267000 1
13564 36.292000 -67.412000 1.541000 1
13578 37.786000 -67.425000 0.482000 1
13579 37.558000 -67.157000 0.613000 1
14381 35.225000 -66.913000 2.026000 1
14382 34.883000 -66.056000 1.780000 1
14394 36.854000 -66.953000 0.826000 1
14395 35.781000 -66.542000 1.271000 1
14411 37.723000 -66.620000 -0.145000 1
14412 37.343000 -66.436000 0.117000 1
14413 36.364000 -66.111000 0.535000 1
15230 34.247000 -65.565000 2.294000 1
15241 35.418000 -65.666000 1.059000 1
15242 34.681000 -65.212000 1.579000 1
15253 36.886000 -65.636000 -0.225000 1
15254 35.957000 -65.241000 0.297000 1
15265 37.289000 -65.106000 -0.870000 1
16114 34.099000 -64.769000 2.055000 1
16115 33.657000 -64.399000 2.439000 1
16124 35.171000 -64.800000 0.860000 1
16125 34.556000 -64.379000 1.377000 1
16126 33.978000 -63.869000 1.818000 1
16137 35.674000 -64.328000 0.066000 1
16138 35.014000 -63.932000 0.669000 1
17013 33.053000 -62.927000 2.758000 1
17019 34.320000 -62.993000 1.339000 1
17020 33.683000 -62.994000 2.025000 1
17026 35.588000 -63.316000 -0.066000 1
17027 34.919000 -63.036000 0.627000 1
17908 32.726000 -62.125000 3.092000 1
17913 34.788000 -62.026000 0.779000 1
17914 34.114000 -62.292000 1.578000 1
18824 30.781000 -61.279000 5.529000 1
18825 30.545000 -61.215000 6.144000 1
18844 31.800000 -61.366000 4.145000 1
18845 31.232000 -61.324000 4.833000 1
18856 32.447000 -61.366000 3.473000 1
18864 33.790000 -61.119000 2.175000 1
18865 33.141000 -61.277000 2.774000 1
18873 35.014000 -61.000000 0.695000 1
18874 34.362000 -61.317000 1.491000 1
18881 35.481000 -61.279000 -0.009000 1
19761 31.571000 -60.229000 8.514000 1
19762 31.036000 -60.271000 8.201000 1
19769 34.708000 -60.216000 7.879000 1
19770 30.637000 -60.357000 7.585000 1
19784 30.487000 -60.671000 6.726000 1
19799 31.016000 -60.555000 5.170000 1
19800 30.632000 -60.560000 5.885000 1
19814 32.239000 -60.602000 3.822000 1
19815 31.597000 -60.547000 4.482000 1
19826 33.417000 -59.675000 3.040000 1
19827 32.911000 -60.558000 3.185000 1
19837 34.470000 -59.687000 1.808000 1
19838 33.742000 -60.327000 2.479000 1
19845 34.825000 -60.204000 1.090000 1
19846 34.294000 -60.534000 1.824000 1
19853 35.229000 -60.444000 0.098000 1
19864 35.401000 -60.419000 -0.869000 1
20710 33.931000 -59.817000 8.333000 1
20711 33.006000 -59.483000 8.622000 1
20712 32.122000 -59.813000 8.666000 1
20713 31.340000 -59.503000 8.376000 1
20714 30.809000 -59.782000 7.980000 1
20721 35.106000 -59.825000 7.461000 1
20722 34.564000 -59.412000 7.935000 1
20723 30.579000 -59.665000 7.360000 1
20735 30.567000 -59.695000 6.402000 1
20751 31.438000 -59.634000 4.880000 1
20768 32.209000 -59.679000 4.139000 1
20798 34.675000 -59.185000 1.202000 1
20805 34.941000 -59.863000 -0.150000 1
20806 34.541000 -59.238000 0.555000 1
20807 33.889000 -59.138000 0.293000 1
21658 33.836000 -58.822000 8.390000 1
21659 32.966000 -58.564000 8.704000 1
21660 32.076000 -58.784000 8.716000 1
21661 31.242000 -58.548000 8.375000 1
21662 30.773000 -59.129000 7.934000 1
21671 35.257000 -58.991000 7.431000 1
21672 34.607000 -58.667000 7.993000 1
21673 30.544000 -58.914000 7.129000 1
21687 30.720000 -58.613000 6.290000 1
21705 31.173000 -58.274000 5.631000 1
22579 33.436000 -57.933000 8.676000 1
22580 32.517000 -57.856000 8.834000 1
22581 31.689000 -57.801000 8.692000 1
22582 31.053000 -57.729000 8.328000 1
22595 34.377000 -57.913000 8.262000 1
22596 30.696000 -57.518000 7.695000 1
22610 31.067000 -56.688000 6.225000 1
22611 30.696000 -57.143000 6.911000 1
22626 31.693000 -56.631000 5.407000 1
22627 30.991000 -57.579000 6.110000 1
23466 32.880000 -56.294000 9.213000 1
23467 32.172000 -55.949000 9.265000 1
23481 34.625000 -56.959000 8.298000 1
23483 30.956000 -56.262000 8.300000 1
23497 30.732000 -55.891000 7.524000 1
23513 30.792000 -56.286000 6.806000 1
24408 32.283000 -55.154000 9.371000 1
24409 31.706000 -55.390000 9.112000 1
24424 34.319000 -55.446000 8.786000 1
24425 33.449000 -55.599000 9.207000 1
24426 31.215000 -55.479000 8.623000 1
24427 30.799000 -55.371000 8.059000 1
116747 32.733000 -59.951000 3.549000 1
117030 33.873000 -56.415000 8.854000 1
117134 34.542000 -63.651000 1.184000 1
118244 33.079000 -57.138000 8.952000 1
118857 30.572000 -58.024000 6.981000 1
120198 30.712000 -58.326000 7.817000 1
121011 35.036000 -58.223000 7.728000 1
121250 31.597000 -57.596000 5.364000 1
122510 33.872000 -57.287000 8.655000 1
122537 30.839000 -59.918000 5.537000 1
123001 34.835000 -59.771000 0.551000 1
124282 30.716000 -56.706000 7.619000 1
125050 31.361000 -57.003000 8.623000 1
126427 30.896000 -57.065000 8.203000 1
127145 33.514000 -62.027000 2.271000 1
127975 30.990000 -59.095000 5.554000 1
130545 34.448000 -66.366000 2.549000 1
131726 32.754000 -55.608000 9.356000 1
132638 32.133000 -56.915000 9.053000 1
135925 30.486000 -60.097000 7.011000 1
