# sub-11 hemi-R FacesvsAllnoFacenoCS_scaled Cluster_18
42
13254 42.494000 -67.741000 26.217000 1
13255 41.424000 -67.291000 26.485000 1
14137 42.750000 -67.501000 25.682000 1
14138 42.014000 -66.948000 26.175000 1
14139 40.973000 -66.601000 26.435000 1
14140 40.012000 -66.383000 26.595000 1
14150 42.845000 -66.974000 24.935000 1
14151 42.373000 -66.654000 25.545000 1
14971 41.471000 -66.245000 25.990000 1
14972 40.502000 -65.964000 26.245000 1
14973 39.601000 -65.766000 26.420000 1
14984 42.485000 -66.171000 25.106000 1
14985 41.899000 -65.844000 25.324000 1
14986 40.944000 -65.516000 25.581000 1
14987 40.019000 -65.275000 25.764000 1
14991 42.995000 -65.992000 24.231000 1
14992 42.371000 -65.430000 24.606000 1
14994 43.504000 -65.536000 23.331000 1
15847 41.447000 -64.985000 24.871000 1
15848 40.523000 -64.638000 25.063000 1
15849 39.638000 -64.378000 25.259000 1
15856 42.924000 -64.921000 23.881000 1
15857 42.045000 -64.365000 24.248000 1
15858 41.140000 -63.914000 24.432000 1
15859 40.248000 -63.543000 24.601000 1
15863 43.999000 -65.124000 22.782000 1
15865 42.501000 -63.867000 23.521000 1
15889 42.683000 -63.832000 21.620000 1
15890 41.516000 -63.853000 21.531000 1
16747 39.343000 -63.290000 24.830000 1
16758 41.680000 -63.390000 23.819000 1
16759 40.906000 -62.841000 23.922000 1
16760 39.953000 -62.486000 24.217000 1
16772 42.784000 -63.588000 22.263000 1
16773 41.932000 -63.080000 22.785000 1
16774 41.149000 -62.721000 22.796000 1
16783 41.901000 -63.254000 22.287000 1
16784 40.900000 -63.203000 22.179000 1
17672 40.292000 -62.309000 23.643000 1
17673 39.527000 -61.980000 23.923000 1
17678 40.412000 -62.332000 23.199000 1
137037 41.411000 -62.963000 23.543000 1
