# sub-11 hemi-R RWvsPER_scaled Cluster_3
19
4111 33.798000 -80.684000 16.165000 1
4574 32.578000 -79.857000 17.790000 1
4575 31.731000 -80.419000 18.627000 1
4579 35.008000 -79.863000 16.187000 1
4580 34.325000 -80.170000 16.448000 1
4581 33.350000 -80.429000 16.926000 1
4591 34.504000 -80.294000 15.941000 1
4601 34.866000 -80.022000 15.917000 1
4602 34.236000 -80.258000 15.730000 1
5099 32.758000 -78.619000 17.935000 1
5100 31.803000 -79.147000 18.571000 1
5103 35.912000 -78.800000 16.675000 1
5104 35.433000 -79.238000 16.650000 1
5105 34.723000 -79.591000 16.833000 1
5106 33.668000 -79.669000 17.230000 1
5116 35.277000 -79.368000 16.163000 1
5705 33.724000 -77.984000 17.978000 1
5710 34.958000 -78.878000 17.319000 1
5711 33.930000 -78.900000 17.453000 1
