# sub-11 hemi-L LimbsvsAllnoLimbsnoCS_scaled Cluster_42
11
60673 -40.414000 -15.312000 11.870000 1
60687 -42.718000 -15.140000 11.015000 1
61591 -41.001000 -13.963000 12.165000 1
61612 -41.159000 -14.753000 11.957000 1
61613 -41.933000 -14.989000 11.630000 1
62542 -40.190000 -13.804000 12.068000 1
62543 -40.874000 -13.180000 12.015000 1
118682 -41.643000 -12.563000 11.793000 1
120754 -42.505000 -14.310000 11.652000 1
125880 -41.742000 -14.155000 11.991000 1
129622 -41.503000 -13.463000 12.032000 1
