#!ascii label  , from subject sub-07 vox2ras=TkReg
765
18775  -40.668  -66.031  -16.708 0.5000000000
19694  -39.081  -64.601  -17.217 0.8000000119
105289  -37.869  -62.624  -16.495 0.8000000119
20594  -38.349  -63.740  -16.990 0.8000000119
18770  -41.371  -66.200  -15.814 0.5000000000
19695  -39.916  -65.360  -17.141 0.5000000000
20596  -39.929  -64.099  -17.488 0.6000000238
21470  -36.608  -61.701  -15.425 0.6999999881
22434  -38.576  -61.573  -16.092 0.6999999881
20595  -39.051  -63.654  -17.294 0.8000000119
111085  -42.127  -66.024  -15.400 0.6000000238
18776  -41.484  -65.907  -16.477 0.5000000000
19696  -41.793  -65.017  -16.974 0.6000000238
22420  -36.834  -60.947  -13.946 0.6999999881
109812  -40.821  -65.168  -17.176 0.6000000238
20598  -42.341  -63.993  -17.275 0.6000000238
112472  -37.571  -60.737  -14.308 0.6999999881
22426  -37.090  -61.030  -14.924 0.6999999881
110291  -39.237  -62.037  -16.603 0.6999999881
20597  -41.182  -63.856  -17.473 0.6000000238
21483  -39.493  -62.845  -17.204 0.8000000119
21484  -40.375  -62.853  -17.304 0.8000000119
111871  -41.163  -62.711  -17.247 0.6999999881
18772  -43.348  -65.692  -15.064 0.4000000060
18777  -42.267  -65.719  -16.151 0.6000000238
121242  -36.533  -61.174  -13.327 0.6999999881
22415  -37.692  -60.678  -13.438 0.6999999881
22427  -38.129  -60.825  -15.026 0.6999999881
22433  -37.507  -61.582  -15.749 0.6999999881
22435  -39.542  -61.376  -16.057 0.6999999881
21477  -39.940  -62.001  -16.697 0.6000000238
22444  -41.579  -61.996  -16.907 0.6999999881
22438  -42.007  -61.218  -16.625 0.5000000000
22428  -39.189  -60.897  -15.259 0.6000000238
22437  -41.136  -61.291  -16.322 0.6000000238
23386  -41.528  -60.582  -16.063 0.6000000238
23385  -40.765  -60.764  -15.658 0.6000000238
112902  -41.855  -59.901  -15.961 0.5000000000
19691  -44.504  -65.036  -15.601 0.4000000060
19689  -43.076  -65.502  -15.862 0.5000000000
22409  -36.698  -61.073  -11.936 0.6999999881
19698  -43.647  -64.734  -16.454 0.6000000238
20599  -43.342  -63.957  -16.992 0.6000000238
22421  -38.306  -60.590  -14.002 0.6999999881
21486  -42.971  -63.047  -17.140 0.6000000238
22422  -39.013  -60.633  -14.376 0.6999999881
122698  -43.271  -61.617  -17.086 0.5000000000
111310  -42.950  -61.126  -16.935 0.6000000238
23376  -39.883  -60.561  -14.496 0.6999999881
22429  -40.047  -60.893  -15.405 0.6000000238
23387  -42.523  -60.302  -16.601 0.5000000000
23393  -43.447  -60.450  -17.057 0.5000000000
23378  -41.127  -60.047  -15.250 0.5000000000
23340  -35.598  -60.322  -10.540 0.6000000238
102523  -37.042  -59.886  -10.485 0.6000000238
18774  -44.985  -65.181  -15.095 0.5000000000
19692  -45.188  -64.621  -16.062 0.5000000000
111037  -37.048  -60.427  -10.816 0.6999999881
22408  -36.108  -61.280  -11.600 0.6999999881
19699  -44.454  -64.550  -16.300 0.5000000000
20600  -44.247  -63.858  -16.902 0.5000000000
20601  -45.195  -63.814  -16.958 0.4000000060
23362  -38.001  -60.654  -12.382 0.6999999881
115811  -44.700  -63.096  -17.289 0.5000000000
23363  -38.596  -60.571  -13.072 0.6999999881
111309  -39.523  -60.367  -12.969 0.6999999881
114624  -44.557  -62.101  -17.430 0.5000000000
23370  -39.536  -60.454  -13.803 0.6999999881
24350  -40.564  -59.985  -14.292 0.6000000238
22446  -43.886  -61.174  -17.341 0.5000000000
23377  -40.463  -60.440  -14.997 0.6000000238
23394  -44.237  -60.174  -17.095 0.5000000000
24351  -41.149  -59.304  -14.645 0.5000000000
24357  -41.708  -59.228  -15.515 0.5000000000
25346  -43.676  -58.915  -16.881 0.5000000000
24358  -42.623  -59.212  -16.451 0.5000000000
25347  -44.506  -58.342  -17.027 0.3000000119
21479  -46.744  -63.424  -16.789 0.3000000119
24309  -35.336  -59.634  -10.583 0.6000000238
24310  -36.296  -59.558  -10.517 0.6000000238
20590  -46.168  -64.287  -16.475 0.4000000060
20602  -45.957  -63.397  -17.198 0.4000000060
23341  -37.817  -60.206  -10.715 0.6000000238
116812  -45.356  -62.786  -17.432 0.5000000000
23358  -38.318  -60.467  -11.435 0.6999999881
104426  -39.013  -60.477  -12.026 0.6999999881
22447  -44.700  -61.069  -17.292 0.5000000000
23365  -40.103  -60.027  -12.853 0.5000000000
23395  -44.767  -60.393  -16.999 0.5000000000
24342  -40.787  -59.293  -13.954 0.5000000000
24366  -44.611  -59.597  -16.785 0.4000000060
24365  -44.311  -59.163  -16.972 0.3000000119
25348  -44.721  -58.569  -16.832 0.4000000060
25340  -42.295  -58.335  -15.924 0.5000000000
25341  -43.400  -58.287  -16.711 0.4000000060
120610  -35.847  -58.809  -10.743 0.6000000238
25296  -36.634  -58.312  -10.633 0.6000000238
108464  -37.048  -59.219  -10.392 0.6000000238
24311  -37.690  -59.511  -10.307 0.6000000238
24312  -38.430  -59.684  -10.301 0.6000000238
22439  -46.017  -61.576  -16.701 0.3000000119
22448  -45.350  -61.827  -17.371 0.4000000060
23342  -38.703  -60.134  -10.821 0.6000000238
23389  -45.693  -60.892  -15.813 0.3000000119
23343  -39.430  -60.014  -11.185 0.6000000238
23379  -45.369  -60.372  -15.152 0.3000000119
23396  -45.259  -60.976  -16.984 0.3000000119
23364  -39.856  -60.057  -12.111 0.6000000238
24352  -45.012  -59.821  -15.090 0.3000000119
23388  -45.103  -60.216  -16.314 0.3000000119
25318  -40.641  -58.454  -12.636 0.5000000000
24334  -40.373  -59.338  -12.480 0.5000000000
25328  -40.766  -58.727  -13.361 0.5000000000
25343  -45.005  -58.188  -16.557 0.3000000119
24359  -44.857  -59.249  -16.313 0.3000000119
25329  -41.130  -58.540  -14.199 0.5000000000
25335  -41.578  -58.435  -15.000 0.5000000000
26320  -45.134  -57.176  -16.718 0.3000000119
26302  -41.151  -57.711  -13.818 0.5000000000
120763  -44.135  -56.833  -16.728 0.4000000060
26319  -45.053  -56.931  -16.901 0.3000000119
25295  -35.887  -57.979  -11.251 0.5000000000
25297  -37.481  -58.721  -10.204 0.5000000000
24313  -39.143  -59.654  -10.377 0.6000000238
25298  -39.500  -59.139  -9.997 0.5000000000
24343  -44.960  -59.346  -14.002 0.3000000119
24314  -39.801  -59.323  -10.622 0.6000000238
25330  -44.663  -58.728  -14.073 0.3000000119
25336  -44.771  -58.994  -15.172 0.3000000119
24326  -40.108  -59.410  -11.468 0.6000000238
26301  -40.843  -57.924  -13.128 0.5000000000
119128  -41.347  -56.882  -13.872 0.5000000000
26318  -43.047  -56.482  -16.065 0.4000000060
27268  -42.607  -55.797  -15.440 0.4000000060
26274  -36.816  -57.404  -10.693 0.5000000000
26275  -37.362  -57.878  -10.252 0.5000000000
26263  -38.452  -57.890  -9.122 0.5000000000
24299  -38.227  -59.058  -9.967 0.5000000000
25278  -39.096  -58.070  -8.826 0.5000000000
25320  -45.075  -58.805  -12.651 0.3000000119
25319  -44.749  -58.723  -13.044 0.3000000119
25299  -40.102  -58.632  -10.072 0.6000000238
110100  -40.235  -58.843  -10.906 0.6000000238
25309  -40.483  -58.512  -11.750 0.5000000000
26291  -41.041  -57.178  -13.212 0.5000000000
27275  -44.616  -56.028  -16.530 0.4000000060
28233  -43.573  -54.885  -15.677 0.4000000060
27223  -37.541  -56.847  -9.408 0.5000000000
26253  -38.174  -57.238  -8.800 0.5000000000
121079  -39.398  -57.494  -8.351 0.5000000000
25321  -45.846  -58.715  -12.604 0.4000000060
25311  -45.353  -58.379  -11.902 0.4000000060
25288  -40.084  -58.086  -9.286 0.5000000000
26276  -40.409  -57.792  -9.968 0.5000000000
25310  -44.767  -58.320  -12.050 0.4000000060
26293  -44.382  -58.015  -12.392 0.3000000119
26255  -40.305  -57.370  -9.199 0.4000000060
26304  -44.451  -58.052  -13.621 0.3000000119
112225  -40.457  -58.135  -10.807 0.5000000000
106191  -40.648  -57.490  -11.613 0.4000000060
27255  -40.951  -56.674  -12.452 0.4000000060
27210  -37.866  -56.486  -8.439 0.5000000000
27211  -38.491  -56.995  -8.191 0.5000000000
26248  -38.942  -57.051  -7.922 0.5000000000
26287  -45.872  -57.868  -11.149 0.4000000060
119018  -39.962  -57.655  -8.713 0.5000000000
27212  -40.048  -56.936  -8.399 0.4000000060
25300  -44.927  -58.134  -11.162 0.4000000060
26286  -44.430  -57.865  -11.393 0.4000000060
104208  -40.444  -56.505  -9.222 0.4000000060
121834  -40.696  -56.543  -10.709 0.4000000060
26292  -44.043  -57.370  -11.790 0.4000000060
27248  -40.791  -56.626  -11.453 0.4000000060
27249  -41.093  -55.990  -11.978 0.4000000060
28220  -41.440  -55.517  -12.850 0.4000000060
27261  -41.340  -56.296  -13.488 0.4000000060
28227  -41.848  -55.318  -14.061 0.4000000060
28228  -42.895  -54.293  -14.846 0.4000000060
29267  -44.657  -54.176  -15.272 0.4000000060
29266  -44.215  -54.000  -15.412 0.4000000060
28178  -37.211  -55.706  -8.476 0.5000000000
28167  -37.985  -55.662  -7.785 0.4000000060
27241  -46.366  -56.887  -10.155 0.4000000060
25301  -45.242  -57.807  -10.410 0.4000000060
28169  -39.379  -55.786  -7.654 0.5000000000
27205  -39.744  -56.232  -7.931 0.4000000060
106182  -40.663  -56.085  -10.150 0.4000000060
26285  -44.014  -57.427  -10.801 0.4000000060
28214  -40.939  -55.765  -11.175 0.4000000060
28215  -41.299  -55.318  -11.971 0.4000000060
28229  -44.877  -54.857  -15.402 0.3000000119
29201  -37.959  -54.731  -7.558 0.4000000060
106210  -39.164  -55.133  -7.535 0.5000000000
28179  -39.832  -55.272  -7.945 0.4000000060
26265  -44.770  -57.588  -9.751 0.4000000060
28180  -40.326  -55.069  -8.728 0.4000000060
115161  -40.253  -55.956  -8.484 0.4000000060
123648  -40.570  -54.881  -9.537 0.4000000060
28196  -40.528  -55.611  -9.392 0.4000000060
28207  -40.838  -55.098  -10.390 0.4000000060
114452  -41.251  -54.688  -11.455 0.4000000060
29258  -42.146  -54.431  -13.625 0.4000000060
29260  -44.527  -53.572  -14.874 0.4000000060
29259  -43.911  -53.365  -14.843 0.4000000060
30213  -38.705  -53.699  -7.684 0.4000000060
29203  -39.361  -54.380  -7.747 0.4000000060
30229  -40.002  -53.730  -8.904 0.4000000060
30239  -40.270  -53.494  -9.850 0.4000000060
29237  -41.006  -54.305  -10.813 0.4000000060
29238  -41.235  -53.889  -11.341 0.4000000060
29261  -44.791  -53.955  -14.831 0.4000000060
29244  -41.627  -53.751  -12.150 0.4000000060
108348  -41.649  -54.531  -12.519 0.4000000060
29250  -42.409  -53.347  -13.329 0.4000000060
120304  -42.947  -53.529  -14.301 0.4000000060
31215  -38.991  -52.715  -8.810 0.4000000060
30238  -39.663  -53.069  -9.281 0.4000000060
31222  -39.897  -52.696  -10.203 0.4000000060
113675  -40.383  -52.944  -10.677 0.4000000060
29230  -40.660  -54.261  -10.108 0.4000000060
30252  -40.896  -52.517  -11.594 0.4000000060
30246  -40.794  -53.525  -10.843 0.4000000060
30253  -41.345  -53.156  -11.802 0.4000000060
30260  -42.140  -52.653  -12.785 0.4000000060
30268  -44.616  -53.195  -14.315 0.3000000119
30266  -43.641  -52.724  -14.203 0.4000000060
30267  -44.376  -52.880  -14.311 0.4000000060
31220  -38.522  -52.054  -9.433 0.4000000060
31221  -39.260  -52.360  -9.791 0.4000000060
32203  -38.916  -51.593  -10.416 0.4000000060
31228  -39.535  -52.028  -10.692 0.4000000060
31229  -40.162  -52.287  -11.084 0.4000000060
104868  -41.664  -52.225  -12.476 0.4000000060
29251  -44.795  -53.918  -13.881 0.4000000060
30262  -44.687  -53.052  -13.497 0.3000000119
31246  -44.193  -52.104  -13.757 0.5000000000
31247  -44.433  -52.431  -13.818 0.4000000060
30261  -43.332  -52.067  -13.586 0.5000000000
32207  -38.528  -50.885  -10.674 0.4000000060
32208  -39.246  -50.810  -11.294 0.4000000060
31240  -42.805  -51.298  -13.151 0.4000000060
31241  -43.875  -51.350  -13.221 0.5000000000
33192  -37.950  -49.821  -10.628 0.4000000060
33193  -38.652  -49.956  -11.170 0.4000000060
34159  -39.521  -48.543  -11.733 0.4000000060
32223  -43.434  -50.620  -12.772 0.4000000060
34153  -37.633  -49.227  -10.405 0.4000000060
34158  -38.441  -48.967  -11.051 0.4000000060
32217  -43.384  -50.401  -12.501 0.5000000000
36014  -38.844  -45.970  -10.924 0.4000000060
36013  -37.961  -47.341  -10.444 0.4000000060
35096  -38.223  -48.157  -10.718 0.4000000060
120201  -39.676  -45.872  -11.298 0.4000000060
36021  -40.095  -46.307  -11.616 0.5000000000
105466  -41.580  -57.092  -14.501 0.5000000000
26310  -42.074  -56.591  -15.142 0.5000000000
18769  -40.336  -66.223  -15.994 0.5000000000
20589  -37.485  -63.800  -16.377 0.8000000119
21475  -36.956  -62.538  -16.067 0.8000000119
18757  -41.857  -66.040  -15.016 0.5000000000
21468  -35.465  -61.927  -14.639 0.6999999881
18746  -42.467  -65.471  -14.231 0.5000000000
22419  -35.999  -61.452  -13.772 0.6999999881
18773  -44.078  -65.455  -14.947 0.4000000060
121121  -43.076  -65.711  -14.791 0.4000000060
22413  -36.256  -61.376  -12.660 0.6999999881
115338  -36.404  -60.326  -10.627 0.6999999881
18760  -44.431  -65.472  -14.363 0.4000000060
19678  -45.924  -65.233  -14.895 0.4000000060
23339  -34.790  -60.462  -10.441 0.6000000238
105598  -47.239  -64.353  -16.189 0.4000000060
25294  -35.103  -58.624  -11.362 0.6000000238
26273  -36.252  -57.207  -11.335 0.5000000000
26261  -37.209  -57.094  -10.226 0.5000000000
27222  -36.953  -56.432  -10.057 0.4000000060
29200  -37.243  -54.963  -7.890 0.4000000060
115116  -37.404  -54.279  -7.664 0.4000000060
30212  -37.982  -53.943  -7.540 0.4000000060
31200  -37.866  -53.109  -7.806 0.4000000060
31214  -38.197  -52.482  -8.510 0.4000000060
32202  -38.128  -51.311  -9.955 0.4000000060
33187  -37.933  -50.534  -10.391 0.4000000060
33186  -37.353  -50.074  -10.100 0.4000000060
107013  -37.677  -46.510  -10.121 0.4000000060
19686  -38.380  -64.709  -16.607 0.8000000119
21476  -38.708  -62.711  -16.878 0.8000000119
120323  -41.963  -66.056  -15.785 0.5000000000
19697  -42.752  -64.902  -16.687 0.6000000238
21485  -41.975  -62.983  -17.259 0.6999999881
22443  -40.733  -61.961  -16.790 0.6999999881
21487  -43.922  -63.023  -17.156 0.6000000238
22445  -42.602  -62.029  -16.986 0.6000000238
23357  -37.373  -60.692  -11.559 0.6999999881
113339  -43.555  -62.150  -17.196 0.5000000000
123415  -45.827  -64.904  -15.698 0.5000000000
21478  -46.069  -62.556  -17.312 0.3000000119
24300  -38.919  -59.197  -9.835 0.6000000238
26290  -40.735  -57.696  -12.474 0.5000000000
26317  -42.021  -57.438  -15.369 0.5000000000
28232  -42.397  -55.272  -14.921 0.4000000060
27276  -44.909  -55.483  -16.053 0.4000000060
30227  -38.682  -53.049  -8.069 0.4000000060
35097  -39.295  -47.615  -11.492 0.4000000060
10802  -34.473  -75.110  -17.888 0.4000000060
10803  -35.354  -74.790  -17.667 0.4000000060
11663  -35.481  -73.704  -17.974 0.4000000060
12528  -36.261  -72.288  -17.422 0.4000000060
107622  -34.318  -72.767  -18.822 0.4000000060
11675  -35.003  -72.699  -18.460 0.4000000060
13431  -35.536  -71.813  -17.923 0.4000000060
114699  -35.137  -71.312  -15.500 0.5000000000
13440  -34.489  -71.869  -18.882 0.4000000060
12533  -35.216  -72.002  -18.423 0.4000000060
113243  -34.551  -70.703  -18.390 0.5000000000
122034  -34.663  -70.719  -17.302 0.5000000000
14350  -34.432  -70.282  -16.870 0.6000000238
13438  -32.937  -71.679  -19.358 0.4000000060
13439  -33.749  -71.244  -19.245 0.4000000060
14361  -33.817  -70.307  -19.115 0.4000000060
14342  -34.564  -70.723  -15.670 0.5000000000
107044  -43.217  -65.476  -14.429 0.3000000119
18747  -43.880  -65.300  -13.975 0.4000000060
19679  -46.863  -65.217  -14.602 0.3000000119
14333  -34.186  -70.279  -14.842 0.5000000000
18743  -39.481  -65.321  -13.467 0.5000000000
18733  -41.777  -65.072  -13.394 0.4000000060
108502  -31.864  -70.677  -18.385 0.4000000060
14358  -34.200  -70.015  -18.724 0.5000000000
14359  -34.489  -70.231  -17.961 0.5000000000
13429  -32.336  -71.172  -19.103 0.4000000060
14360  -33.133  -70.700  -19.284 0.4000000060
119489  -34.223  -70.018  -15.964 0.6000000238
15219  -33.976  -69.331  -14.602 0.6000000238
16884  -35.247  -67.336  -14.206 0.6999999881
18744  -40.324  -65.464  -14.155 0.5000000000
16876  -34.443  -67.911  -13.707 0.6999999881
104755  -36.058  -66.581  -13.027 0.6999999881
18742  -38.813  -65.703  -13.870 0.6999999881
109477  -35.466  -67.011  -13.444 0.6999999881
17800  -36.828  -66.420  -13.702 0.6999999881
15235  -34.231  -69.474  -18.330 0.5000000000
15231  -34.384  -69.510  -17.771 0.6000000238
102648  -34.388  -69.175  -16.992 0.6000000238
16044  -34.763  -67.791  -16.009 0.6000000238
14357  -32.356  -69.763  -18.520 0.4000000060
15233  -32.958  -68.978  -18.502 0.5000000000
16050  -34.200  -68.823  -18.163 0.6000000238
15226  -34.181  -69.299  -15.691 0.6000000238
16883  -34.789  -67.741  -14.971 0.6000000238
19693  -46.672  -64.899  -15.600 0.3000000119
104349  -34.367  -68.467  -15.348 0.6000000238
17799  -36.131  -66.735  -13.951 0.6999999881
103993  -39.487  -65.683  -14.326 0.6000000238
18756  -40.876  -66.066  -15.122 0.5000000000
16047  -31.851  -68.669  -17.219 0.6000000238
16048  -32.633  -68.183  -17.897 0.6000000238
16893  -33.474  -67.728  -17.842 0.6999999881
16046  -34.159  -67.964  -17.697 0.6000000238
16892  -34.481  -67.241  -16.880 0.6000000238
16888  -35.315  -66.961  -15.405 0.6000000238
15232  -32.078  -69.098  -17.886 0.5000000000
15234  -33.784  -69.261  -18.628 0.6000000238
17806  -35.794  -66.623  -14.766 0.6000000238
17807  -36.533  -66.306  -14.543 0.6999999881
105617  -38.107  -65.790  -14.907 0.6999999881
104402  -38.138  -65.937  -14.198 0.6999999881
18755  -39.894  -65.960  -15.137 0.6000000238
18754  -38.922  -65.906  -14.934 0.6999999881
16886  -32.325  -66.670  -16.798 0.6000000238
17814  -33.139  -66.521  -17.115 0.6999999881
17810  -33.582  -65.856  -16.647 0.6999999881
16891  -33.725  -67.151  -17.447 0.6999999881
17811  -34.682  -66.379  -16.338 0.6000000238
19688  -39.894  -65.977  -16.662 0.5000000000
18752  -36.817  -65.795  -14.965 0.6999999881
18768  -39.450  -66.010  -15.961 0.6000000238
18763  -34.334  -64.812  -15.900 0.6999999881
19684  -36.073  -64.222  -15.703 0.6999999881
18764  -35.708  -64.890  -15.638 0.6000000238
111653  -34.383  -65.544  -16.226 0.6999999881
123229  -34.921  -65.876  -16.055 0.6000000238
17813  -36.041  -65.813  -15.266 0.6999999881
19687  -39.189  -65.481  -16.680 0.5000000000
118566  -35.352  -66.166  -15.658 0.6000000238
18766  -37.481  -65.455  -15.319 0.6999999881
18767  -38.500  -65.535  -15.775 0.6000000238
19683  -35.188  -64.010  -15.627 0.6999999881
20588  -36.493  -63.438  -15.902 0.6999999881
21474  -36.162  -62.435  -15.584 0.6999999881
103826  -37.771  -64.816  -15.970 0.6000000238
19685  -36.979  -64.532  -15.790 0.6999999881
18745  -41.409  -65.514  -14.304 0.5000000000
18765  -36.551  -65.177  -15.431 0.6000000238
11674  -34.562  -73.634  -18.372 0.4000000060
13419  -35.814  -71.743  -17.262 0.4000000060
14362  -34.310  -70.866  -18.869 0.4000000060
124422  -33.838  -69.777  -18.947 0.4000000060
118152  -32.560  -70.358  -18.981 0.4000000060
102907  -38.191  -65.740  -13.283 0.6999999881
108134  -34.521  -68.287  -16.554 0.6000000238
16887  -34.996  -67.215  -16.007 0.6000000238
105037  -34.966  -64.616  -15.732 0.6000000238
17809  -32.472  -66.034  -16.519 0.5000000000
15230  -31.432  -69.579  -16.603 0.4000000060
117682  -31.505  -68.805  -16.344 0.5000000000
104163  -32.738  -65.393  -16.182 0.6000000238
14341  -30.998  -70.019  -15.874 0.4000000060
15225  -31.143  -69.303  -15.608 0.5000000000
16043  -31.343  -68.327  -15.627 0.5000000000
17808  -31.797  -66.531  -16.038 0.5000000000
17805  -31.966  -65.680  -15.597 0.5000000000
16889  -31.804  -67.305  -16.432 0.5000000000
18762  -33.513  -65.080  -16.091 0.6000000238
19681  -33.580  -64.355  -15.547 0.5000000000
103256  -32.643  -64.794  -15.440 0.5000000000
19677  -33.823  -63.621  -15.133 0.6999999881
19676  -33.071  -64.023  -14.866 0.6000000238
20582  -34.198  -62.962  -14.766 0.6000000238
15224  -30.675  -69.468  -15.374 0.5000000000
16037  -31.062  -68.065  -14.777 0.5000000000
17804  -31.481  -66.526  -15.011 0.5000000000
18751  -31.907  -65.167  -14.669 0.5000000000
20586  -34.601  -63.317  -15.322 0.6000000238
19670  -32.395  -64.479  -14.381 0.6000000238
20581  -33.523  -63.425  -14.396 0.5000000000
21464  -34.692  -62.429  -14.312 0.6000000238
16036  -30.594  -68.290  -14.663 0.5000000000
16030  -30.741  -67.697  -14.476 0.5000000000
16874  -30.531  -66.967  -14.084 0.5000000000
18740  -31.434  -65.613  -13.855 0.5000000000
18741  -31.861  -64.937  -13.656 0.5000000000
20587  -34.912  -62.558  -15.062 0.6000000238
19671  -32.838  -63.873  -13.917 0.5000000000
21460  -34.592  -62.507  -13.310 0.6000000238
16035  -29.782  -68.196  -14.712 0.5000000000
16029  -30.179  -67.658  -14.344 0.5000000000
119134  -30.606  -66.385  -13.543 0.5000000000
17790  -30.368  -65.991  -12.985 0.5000000000
18716  -30.647  -65.197  -11.897 0.6000000238
18728  -31.357  -65.384  -12.940 0.4000000060
19642  -31.330  -64.668  -11.482 0.4000000060
18717  -31.196  -65.210  -12.165 0.5000000000
18729  -31.891  -64.744  -12.526 0.5000000000
19626  -31.069  -64.120  -10.828 0.4000000060
20562  -32.488  -63.596  -10.946 0.5000000000
19644  -32.816  -63.715  -11.716 0.5000000000
21443  -32.361  -62.499  -10.275 0.4000000060
20571  -33.352  -63.392  -12.266 0.6000000238
20572  -33.973  -62.963  -12.826 0.6000000238
22418  -35.676  -61.783  -13.010 0.6000000238
22412  -35.634  -61.733  -12.099 0.6000000238
19643  -32.213  -64.203  -11.609 0.5000000000
111061  -33.160  -62.200  -10.233 0.5000000000
21444  -33.533  -62.580  -10.677 0.5000000000
20563  -33.185  -63.246  -11.201 0.5000000000
22390  -32.690  -61.665  -10.310 0.4000000060
22391  -33.548  -61.456  -10.292 0.5000000000
21456  -34.291  -62.309  -11.074 0.6000000238
20564  -33.829  -62.857  -11.695 0.6000000238
21457  -34.989  -62.029  -11.594 0.6000000238
22392  -34.325  -61.185  -10.372 0.5000000000
24325  -33.868  -58.785  -12.279 0.3000000119
24324  -33.439  -59.892  -11.189 0.4000000060
23337  -33.023  -60.775  -10.616 0.4000000060
23338  -33.947  -60.619  -10.436 0.5000000000
22393  -35.093  -60.969  -10.504 0.5000000000
22407  -35.419  -61.447  -11.093 0.6000000238
28195  -36.563  -55.769  -9.433 0.3000000119
27221  -36.323  -56.074  -10.689 0.3000000119
27238  -36.543  -56.717  -10.863 0.4000000060
25308  -35.479  -57.234  -12.214 0.4000000060
29217  -36.674  -54.285  -7.970 0.3000000119
31213  -37.297  -52.341  -8.335 0.3000000119
31199  -36.963  -52.926  -7.937 0.3000000119
32194  -36.839  -51.555  -8.848 0.3000000119
32195  -37.705  -51.771  -9.106 0.3000000119
32201  -37.286  -50.924  -9.621 0.3000000119
34152  -36.935  -49.441  -9.812 0.3000000119
35090  -37.341  -48.511  -10.053 0.3000000119
24308  -34.402  -59.689  -10.802 0.5000000000
28177  -36.495  -55.079  -8.474 0.3000000119
19682  -34.385  -64.100  -15.545 0.5000000000
16882  -31.403  -67.363  -15.331 0.5000000000
121948  -32.345  -64.402  -13.445 0.5000000000
107273  -34.498  -62.518  -12.201 0.6000000238
18732  -40.947  -65.125  -13.541 0.3000000119
118012  -37.670  -65.748  -12.754 0.6000000238
18731  -38.779  -65.341  -12.938 0.6000000238
19651  -43.808  -64.728  -11.455 0.3000000119
123756  -43.632  -64.798  -11.925 0.3000000119
18721  -43.433  -64.885  -12.555 0.3000000119
18735  -44.083  -65.167  -13.198 0.3000000119
19665  -42.718  -64.672  -12.139 0.3000000119
18734  -42.669  -64.940  -13.100 0.3000000119
104170  -43.361  -65.149  -13.676 0.3000000119
18730  -38.166  -65.352  -12.455 0.6000000238
19672  -40.206  -65.014  -13.110 0.5000000000
19652  -44.531  -64.791  -11.578 0.3000000119
19666  -44.848  -65.122  -12.188 0.3000000119
18736  -44.755  -65.288  -12.871 0.3000000119
111014  -44.549  -65.282  -13.587 0.3000000119
19664  -41.870  -64.648  -12.295 0.3000000119
19663  -41.003  -64.767  -12.777 0.3000000119
115022  -40.251  -64.600  -12.399 0.4000000060
14356  -31.614  -70.146  -17.510 0.4000000060
20565  -44.954  -64.105  -11.131 0.3000000119
19653  -45.303  -64.764  -11.816 0.3000000119
19667  -45.429  -65.217  -12.563 0.3000000119
18749  -45.307  -65.426  -13.295 0.3000000119
13400  -37.526  -71.218  -15.284 0.5000000000
13391  -37.843  -70.841  -14.291 0.5000000000
11664  -36.342  -73.232  -17.489 0.4000000060
12529  -37.005  -72.826  -16.922 0.4000000060
12521  -37.721  -72.398  -16.423 0.4000000060
13401  -38.648  -71.362  -15.054 0.5000000000
14317  -34.843  -71.043  -12.887 0.5000000000
13379  -35.680  -71.069  -13.219 0.5000000000
13410  -37.250  -71.682  -16.147 0.5000000000
13390  -36.305  -71.102  -14.249 0.5000000000
13420  -36.810  -72.039  -16.840 0.4000000060
16869  -34.257  -67.359  -12.107 0.6000000238
116314  -33.907  -68.596  -12.357 0.6000000238
15211  -34.200  -70.421  -13.000 0.5000000000
13389  -35.099  -71.276  -13.791 0.5000000000
13409  -35.999  -71.594  -16.339 0.4000000060
120623  -35.367  -71.276  -14.660 0.5000000000
17792  -35.820  -66.172  -12.092 0.6000000238
111669  -34.079  -67.922  -12.689 0.6000000238
112149  -33.871  -69.403  -13.569 0.6000000238
13398  -34.749  -71.027  -14.622 0.4000000060
14326  -34.500  -70.832  -13.733 0.5000000000
18720  -37.454  -65.361  -11.939 0.6000000238
116334  -41.499  -64.422  -11.398 0.3000000119
19646  -38.892  -64.461  -11.555 0.4000000060
120848  -34.028  -70.121  -13.913 0.4000000060
19649  -42.272  -64.507  -11.401 0.3000000119
19650  -43.111  -64.646  -11.507 0.3000000119
19648  -40.866  -64.443  -11.907 0.3000000119
19661  -38.665  -64.880  -12.238 0.5000000000
16877  -34.681  -67.404  -13.038 0.6000000238
121508  -36.879  -66.036  -12.646 0.6000000238
16870  -34.958  -66.765  -12.407 0.6000000238
19647  -39.878  -64.360  -11.685 0.3000000119
17786  -34.902  -66.276  -11.543 0.5000000000
18712  -36.102  -65.141  -10.855 0.5000000000
18719  -36.485  -65.583  -11.646 0.5000000000
19629  -36.716  -64.694  -10.404 0.4000000060
19645  -37.014  -65.054  -11.124 0.5000000000
18711  -35.103  -65.305  -10.483 0.5000000000
17780  -34.428  -66.489  -10.855 0.5000000000
19628  -35.763  -64.707  -10.081 0.4000000060
123157  -37.275  -64.376  -10.070 0.4000000060
19630  -37.492  -64.606  -10.689 0.4000000060
114691  -38.162  -64.859  -11.752 0.5000000000
15204  -34.601  -70.367  -12.095 0.5000000000
17785  -34.455  -66.839  -11.617 0.5000000000
112966  -38.164  -64.533  -11.032 0.4000000060
9766  -36.290  -76.161  -10.661 0.3000000119
8817  -35.764  -76.641  -10.296 0.3000000119
9751  -36.643  -75.630  -10.418 0.3000000119
10692  -36.952  -75.084  -10.248 0.3000000119
10678  -36.706  -74.494  -9.773 0.4000000060
10710  -37.101  -75.081  -10.896 0.3000000119
10711  -37.740  -74.463  -11.362 0.3000000119
11548  -36.039  -73.659  -9.361 0.4000000060
11549  -37.091  -73.615  -9.748 0.4000000060
10693  -37.510  -74.400  -10.421 0.3000000119
10724  -37.680  -74.191  -12.247 0.3000000119
12460  -36.463  -72.783  -9.353 0.4000000060
107164  -36.985  -71.862  -9.435 0.4000000060
11562  -38.015  -73.380  -10.268 0.4000000060
11583  -38.376  -73.906  -10.974 0.4000000060
11603  -38.486  -73.896  -12.924 0.4000000060
10712  -38.458  -73.915  -11.921 0.4000000060
112087  -35.122  -69.654  -8.160 0.3000000119
13350  -35.835  -71.932  -8.938 0.4000000060
13351  -36.672  -71.026  -9.228 0.4000000060
118714  -37.803  -71.743  -9.841 0.4000000060
12477  -39.191  -72.222  -10.900 0.4000000060
12497  -39.680  -72.640  -12.040 0.4000000060
11604  -39.269  -73.360  -12.537 0.4000000060
15986  -34.784  -68.531  -8.138 0.3000000119
14273  -36.272  -70.341  -9.141 0.4000000060
14289  -37.898  -70.390  -10.304 0.4000000060
13352  -37.544  -70.992  -9.729 0.4000000060
14298  -38.655  -70.386  -10.758 0.4000000060
14310  -38.562  -70.101  -11.311 0.4000000060
13371  -39.701  -70.942  -11.761 0.4000000060
13381  -39.733  -70.947  -12.677 0.4000000060
12488  -39.895  -71.687  -12.372 0.4000000060
112387  -39.778  -72.484  -12.971 0.4000000060
15174  -35.541  -69.565  -9.209 0.4000000060
15176  -37.336  -70.166  -10.364 0.4000000060
14311  -39.221  -70.371  -12.013 0.4000000060
14320  -39.106  -70.551  -13.040 0.4000000060
12506  -39.655  -72.093  -13.843 0.4000000060
13393  -39.831  -71.610  -13.137 0.4000000060
11623  -39.204  -73.236  -13.705 0.4000000060
15186  -36.738  -69.995  -10.349 0.4000000060
15198  -37.659  -69.953  -11.148 0.4000000060
14319  -37.950  -70.128  -12.205 0.4000000060
117693  -38.236  -70.554  -13.397 0.4000000060
13402  -39.277  -71.614  -14.547 0.4000000060
118490  -38.966  -70.884  -14.083 0.4000000060
15185  -35.951  -69.730  -10.265 0.4000000060
14308  -35.512  -69.944  -11.256 0.4000000060
14318  -35.953  -70.528  -12.258 0.4000000060
17772  -34.377  -66.350  -9.935 0.4000000060
16015  -35.164  -69.431  -10.601 0.4000000060
16014  -34.330  -68.431  -10.879 0.4000000060
19622  -36.501  -64.253  -9.612 0.3000000119
19623  -37.468  -64.022  -9.478 0.3000000119
13380  -36.998  -70.683  -13.259 0.4000000060
122354  -34.383  -67.929  -10.322 0.4000000060
20548  -38.078  -64.235  -10.189 0.3000000119
15196  -34.263  -69.218  -11.554 0.4000000060
12461  -37.485  -72.626  -9.778 0.4000000060
12476  -38.465  -72.191  -10.324 0.4000000060
11563  -38.824  -73.060  -10.828 0.4000000060
15163  -35.188  -69.271  -8.557 0.4000000060
13335  -35.861  -71.011  -8.788 0.4000000060
15154  -34.833  -69.079  -7.782 0.3000000119
13362  -38.365  -71.028  -10.232 0.4000000060
120273  -34.613  -67.812  -8.170 0.3000000119
15175  -36.410  -70.043  -9.718 0.4000000060
15187  -37.984  -70.125  -10.782 0.4000000060
16001  -35.096  -68.965  -9.339 0.4000000060
14309  -36.898  -69.901  -11.433 0.4000000060
16855  -34.335  -67.186  -10.173 0.4000000060
13333  -34.152  -72.031  -7.913 0.3000000119
11533  -33.944  -73.739  -8.170 0.3000000119
10676  -34.590  -74.470  -8.845 0.3000000119
11534  -34.492  -73.096  -8.488 0.3000000119
12442  -34.690  -72.377  -8.467 0.3000000119
11547  -34.960  -73.699  -8.892 0.3000000119
12459  -35.377  -72.919  -8.928 0.3000000119
13334  -34.961  -71.483  -8.388 0.3000000119
14272  -35.336  -70.427  -8.404 0.3000000119
16833  -34.526  -67.415  -8.512 0.3000000119
16843  -34.438  -67.138  -9.214 0.3000000119
18704  -34.532  -65.536  -9.831 0.3000000119
18705  -34.917  -64.848  -9.675 0.3000000119
14256  -34.545  -70.284  -7.625 0.3000000119
16844  -34.595  -68.046  -9.579 0.3000000119
10804  -36.247  -74.315  -17.432 0.4000000060
11584  -39.068  -73.347  -11.569 0.4000000060
11662  -34.812  -74.536  -18.105 0.4000000060
12487  -39.647  -71.880  -11.507 0.4000000060
12534  -35.727  -72.547  -18.000 0.4000000060
13363  -39.219  -71.167  -10.887 0.4000000060
13392  -39.564  -71.176  -13.607 0.4000000060
13399  -36.213  -71.370  -15.366 0.5000000000
13408  -34.947  -71.166  -16.636 0.4000000060
13411  -38.311  -71.861  -15.923 0.5000000000
13418  -34.915  -71.149  -17.741 0.5000000000
13430  -34.836  -71.386  -18.405 0.5000000000
14271  -34.392  -71.170  -7.780 0.3000000119
14288  -37.093  -70.393  -9.785 0.4000000060
14299  -39.212  -70.469  -11.284 0.4000000060
15164  -35.724  -69.792  -8.902 0.4000000060
15197  -36.629  -69.817  -10.782 0.4000000060
15217  -30.292  -68.893  -14.956 0.5000000000
15218  -30.942  -68.845  -14.980 0.5000000000
15236  -33.253  -69.803  -18.973 0.4000000060
15985  -34.612  -68.488  -7.228 0.3000000119
15995  -35.047  -68.964  -8.809 0.4000000060
16023  -33.993  -68.098  -11.791 0.6000000238
16031  -33.915  -68.547  -13.197 0.6000000238
16038  -34.154  -68.484  -14.243 0.6999999881
16042  -29.296  -68.610  -15.317 0.5000000000
16045  -31.883  -68.017  -16.922 0.5000000000
16049  -33.632  -68.414  -18.235 0.6000000238
16834  -34.698  -68.168  -8.797 0.3000000119
16864  -34.194  -67.418  -11.129 0.4000000060
16875  -31.097  -67.231  -14.532 0.5000000000
16890  -32.676  -67.266  -17.374 0.6999999881
17765  -34.459  -66.772  -8.572 0.3000000119
17781  -34.796  -65.867  -10.955 0.5000000000
17791  -30.958  -65.945  -13.258 0.4000000060
17798  -31.117  -66.393  -14.089 0.5000000000
17801  -37.556  -66.087  -13.509 0.6999999881
17812  -35.160  -65.372  -15.823 0.6000000238
17815  -33.951  -66.564  -17.036 0.6999999881
18710  -34.560  -65.856  -10.444 0.5000000000
18718  -35.498  -65.696  -11.277 0.5000000000
18722  -44.168  -65.042  -12.253 0.3000000119
18727  -30.177  -65.594  -12.359 0.6000000238
18748  -44.244  -65.386  -14.070 0.4000000060
18750  -31.568  -65.859  -14.665 0.5000000000
18753  -37.367  -66.041  -14.467 0.6999999881
18758  -42.597  -65.815  -14.906 0.4000000060
18759  -43.691  -65.512  -14.465 0.4000000060
18761  -45.194  -65.406  -14.358 0.4000000060
18771  -42.602  -65.888  -15.321 0.5000000000
19627  -31.797  -63.971  -10.862 0.5000000000
19654  -46.107  -64.781  -12.246 0.3000000119
19660  -32.708  -63.980  -12.698 0.6000000238
19662  -39.410  -64.788  -12.486 0.5000000000
19690  -43.854  -65.273  -15.686 0.5000000000
20545  -31.483  -63.566  -10.587 0.4000000060
20546  -32.106  -63.314  -10.415 0.4000000060
20547  -32.812  -62.945  -10.457 0.5000000000
20576  -33.400  -63.418  -13.370 0.5000000000
20577  -34.002  -62.883  -13.905 0.5000000000
21445  -33.917  -61.896  -10.384 0.5000000000
21461  -35.143  -62.159  -12.669 0.6000000238
21465  -35.232  -62.007  -13.687 0.6000000238
21469  -36.278  -61.402  -14.695 0.6999999881
22394  -35.877  -60.879  -10.809 0.6000000238
22406  -34.681  -61.646  -10.714 0.5000000000
22414  -37.042  -60.906  -12.765 0.6999999881
22436  -40.344  -61.332  -16.147 0.6000000238
23356  -36.602  -60.832  -11.163 0.6999999881
23369  -39.013  -60.552  -13.634 0.6999999881
23371  -40.070  -60.215  -13.590 0.6999999881
24341  -40.427  -59.697  -13.391 0.5000000000
24364  -43.477  -59.661  -16.929 0.5000000000
25279  -39.618  -58.005  -8.860 0.5000000000
25285  -38.000  -58.298  -9.768 0.5000000000
25286  -38.704  -58.568  -9.444 0.5000000000
25287  -39.448  -58.566  -9.434 0.5000000000
25342  -44.524  -57.579  -17.009 0.3000000119
26249  -39.438  -56.879  -7.962 0.5000000000
26254  -38.781  -57.512  -8.402 0.5000000000
26262  -37.792  -57.547  -9.608 0.5000000000
26278  -45.952  -57.500  -10.434 0.4000000060
26284  -40.603  -57.271  -10.746 0.5000000000
26311  -44.796  -57.885  -15.273 0.3000000119
26325  -45.039  -57.690  -17.022 0.3000000119
27203  -38.534  -56.465  -7.854 0.5000000000
27204  -39.135  -56.440  -7.694 0.5000000000
27209  -37.243  -56.233  -9.164 0.4000000060
27239  -40.556  -56.949  -9.982 0.4000000060
27251  -46.607  -57.133  -10.882 0.4000000060
27267  -41.761  -56.172  -14.472 0.4000000060
27274  -43.672  -55.599  -16.116 0.4000000060
28168  -38.785  -55.822  -7.552 0.5000000000
28234  -44.607  -54.743  -15.666 0.4000000060
28238  -44.491  -55.276  -16.128 0.4000000060
29202  -38.658  -54.470  -7.513 0.4000000060
29218  -39.958  -54.361  -8.355 0.4000000060
29219  -40.350  -54.289  -9.185 0.4000000060
30211  -37.190  -53.617  -7.741 0.3000000119
30228  -39.413  -53.522  -8.269 0.4000000060
36020  -39.000  -46.822  -11.213 0.4000000060
36978  -40.170  -45.803  -11.292 0.5000000000
106080  -46.189  -65.357  -12.972 0.3000000119
106815  -34.398  -66.045  -9.072 0.3000000119
106929  -35.043  -68.882  -10.008 0.4000000060
108741  -38.521  -55.161  -7.504 0.4000000060
109238  -33.938  -69.474  -12.558 0.6000000238
109513  -39.336  -72.680  -11.332 0.4000000060
109871  -43.108  -57.464  -16.387 0.4000000060
110233  -30.778  -65.616  -12.514 0.5000000000
111358  -34.602  -67.771  -7.524 0.3000000119
112710  -35.838  -69.684  -9.823 0.4000000060
113040  -41.457  -57.822  -14.548 0.5000000000
117738  -35.512  -63.112  -15.553 0.6999999881
120622  -35.551  -62.295  -15.240 0.6999999881
121182  -37.372  -69.996  -10.720 0.4000000060
121427  -37.659  -64.837  -11.312 0.5000000000
121770  -38.912  -60.326  -11.328 0.6999999881
122695  -35.947  -61.844  -15.177 0.6999999881
123253  -39.382  -51.490  -10.971 0.4000000060
124148  -35.707  -66.979  -14.116 0.6999999881
