#!ascii label  , from subject sub-07 vox2ras=TkReg
985
27003  44.100  -54.029  -12.159 0.0000000000
27015  44.243  -54.151  -13.159 0.0000000000
27025  44.973  -53.879  -14.486 0.0000000000
27026  44.364  -54.188  -14.060 0.0000000000
27033  44.907  -53.736  -15.396 0.0000000000
27034  44.448  -54.031  -14.847 0.0000000000
28000  44.746  -53.184  -12.000 0.0000000000
28001  44.273  -53.540  -11.479 0.0000000000
28014  45.362  -52.709  -12.618 0.0000000000
28015  44.757  -53.524  -12.803 0.0000000000
28024  45.543  -53.324  -14.040 0.0000000000
28025  44.875  -53.766  -13.618 0.0000000000
28032  46.024  -53.117  -14.687 0.0000000000
28033  45.532  -53.569  -15.038 0.0000000000
28037  46.073  -53.142  -15.572 0.0000000000
28038  45.454  -53.319  -15.994 0.0000000000
28039  44.710  -53.128  -16.406 0.0000000000
28988  55.361  -52.349  -4.909 0.0000000000
29001  55.162  -52.570  -5.732 0.0000000000
29008  55.022  -52.699  -6.540 0.0000000000
29049  44.204  -52.463  -9.597 0.0000000000
29064  45.500  -51.564  -10.354 0.0000000000
29065  44.492  -52.693  -10.394 0.0000000000
29083  45.901  -52.005  -12.153 0.0000000000
29084  45.258  -52.443  -11.696 0.0000000000
29085  44.675  -52.899  -11.209 0.0000000000
29099  46.075  -52.217  -13.016 0.0000000000
29110  46.976  -52.058  -14.462 0.0000000000
29111  46.237  -52.569  -13.975 0.0000000000
29112  45.688  -52.769  -13.361 0.0000000000
29117  47.244  -52.218  -15.610 0.0000000000
29118  46.603  -52.732  -15.030 0.0000000000
29124  46.654  -52.612  -16.141 0.0000000000
30060  55.013  -51.258  -3.684 0.0000000000
30061  54.212  -50.738  -4.091 0.0000000000
30072  54.699  -51.765  -5.357 0.0000000000
30073  54.153  -51.044  -5.042 0.0000000000
30084  54.592  -51.947  -6.192 0.0000000000
30085  54.108  -51.255  -5.887 0.0000000000
30092  54.548  -52.112  -7.054 0.0000000000
30093  54.032  -51.418  -6.647 0.0000000000
30103  54.015  -51.517  -7.486 0.0000000000
30120  53.882  -51.207  -8.861 0.0000000000
30125  44.018  -51.292  -8.745 0.0000000000
30126  43.315  -51.585  -8.449 0.0000000000
30139  45.164  -51.284  -9.490 0.0000000000
30140  44.494  -51.694  -9.246 0.0000000000
30141  43.803  -52.103  -8.923 0.0000000000
30148  46.126  -51.118  -10.779 0.0000000000
30149  44.878  -52.002  -9.968 0.0000000000
30158  46.998  -50.802  -12.190 0.0000000000
30159  46.337  -51.315  -11.718 0.0000000000
30160  45.716  -51.779  -11.268 0.0000000000
30173  46.523  -51.542  -12.606 0.0000000000
30181  47.169  -51.149  -13.073 0.0000000000
30182  46.709  -51.801  -13.493 0.0000000000
30186  48.154  -51.048  -14.511 0.0000000000
30187  47.735  -51.673  -15.043 0.0000000000
31103  54.647  -50.099  -2.908 0.0000000000
31104  54.022  -49.618  -2.990 0.0000000000
31121  54.588  -50.640  -3.403 0.0000000000
31122  54.046  -50.118  -3.436 0.0000000000
31123  53.060  -49.580  -4.001 0.0000000000
31137  53.574  -50.395  -4.817 0.0000000000
31138  53.077  -49.795  -4.671 0.0000000000
31149  53.587  -50.636  -5.674 0.0000000000
31150  53.053  -50.051  -5.486 0.0000000000
31159  53.640  -50.875  -6.319 0.0000000000
31160  53.061  -50.328  -6.360 0.0000000000
31173  53.471  -50.890  -6.977 0.0000000000
31174  52.901  -50.339  -7.236 0.0000000000
31189  53.432  -50.918  -7.899 0.0000000000
31190  52.765  -50.160  -8.751 0.0000000000
31192  45.053  -49.805  -8.628 0.0000000000
31193  44.430  -50.276  -8.668 0.0000000000
31194  43.599  -50.711  -8.525 0.0000000000
31203  53.486  -50.625  -9.375 0.0000000000
31204  52.814  -50.008  -9.401 0.0000000000
31205  46.085  -50.146  -9.417 0.0000000000
31206  45.308  -50.453  -8.999 0.0000000000
31207  44.643  -50.980  -8.903 0.0000000000
31214  53.292  -50.172  -10.059 0.0000000000
31215  46.735  -50.619  -11.225 0.0000000000
31216  46.449  -50.425  -10.279 0.0000000000
31217  45.823  -50.866  -9.835 0.0000000000
31235  48.306  -50.205  -13.098 0.0000000000
31240  48.582  -50.436  -14.010 0.0000000000
31241  47.859  -50.805  -13.534 0.0000000000
31243  49.301  -49.972  -14.540 0.0000000000
31244  48.882  -50.598  -15.133 0.0000000000
32133  55.139  -49.584  -2.645 0.0000000000
32134  54.393  -49.277  -2.725 0.0000000000
32135  53.717  -49.041  -2.828 0.0000000000
32136  53.056  -48.823  -3.060 0.0000000000
32148  52.764  -49.126  -3.675 0.0000000000
32149  52.131  -48.862  -4.074 0.0000000000
32159  52.593  -49.341  -4.416 0.0000000000
32160  52.051  -49.046  -4.919 0.0000000000
32168  52.548  -49.520  -5.211 0.0000000000
32169  51.995  -49.183  -5.714 0.0000000000
32176  52.507  -49.701  -6.018 0.0000000000
32177  51.974  -49.301  -6.484 0.0000000000
32190  52.411  -49.794  -7.493 0.0000000000
32191  51.915  -49.290  -7.712 0.0000000000
32201  52.334  -49.691  -8.221 0.0000000000
32202  51.837  -49.124  -8.473 0.0000000000
32203  45.900  -48.871  -8.598 0.0000000000
32204  45.234  -49.252  -8.542 0.0000000000
32205  43.667  -49.921  -8.618 0.0000000000
32206  42.925  -50.289  -8.357 0.0000000000
32211  52.483  -49.423  -9.884 0.0000000000
32212  51.836  -48.903  -9.282 0.0000000000
32213  47.006  -49.250  -9.772 0.0000000000
32214  46.352  -49.454  -9.198 0.0000000000
32215  45.653  -49.653  -8.822 0.0000000000
32222  47.114  -49.840  -10.649 0.0000000000
32223  46.619  -49.829  -9.853 0.0000000000
32232  48.403  -49.163  -11.908 0.0000000000
32238  49.400  -48.933  -13.319 0.0000000000
32239  48.678  -49.484  -12.740 0.0000000000
32243  49.501  -49.387  -14.021 0.0000000000
32244  48.968  -49.777  -13.574 0.0000000000
33137  54.839  -48.803  -2.629 0.0000000000
33138  54.073  -48.574  -2.645 0.0000000000
33139  52.716  -48.225  -2.835 0.0000000000
33140  51.963  -48.025  -2.976 0.0000000000
33153  52.364  -48.579  -3.335 0.0000000000
33154  51.628  -48.341  -3.665 0.0000000000
33155  50.826  -47.987  -4.119 0.0000000000
33161  51.509  -48.559  -4.576 0.0000000000
33164  51.400  -48.676  -6.172 0.0000000000
33171  51.553  -48.866  -7.111 0.0000000000
33172  50.971  -48.243  -6.894 0.0000000000
33186  51.471  -48.684  -7.946 0.0000000000
33187  51.128  -48.322  -7.533 0.0000000000
33194  51.419  -48.417  -8.734 0.0000000000
33195  45.043  -48.595  -8.380 0.0000000000
33196  44.197  -49.101  -8.719 0.0000000000
33197  43.148  -49.442  -8.820 0.0000000000
33201  51.873  -48.569  -10.087 0.0000000000
33202  47.294  -48.400  -9.578 0.0000000000
33203  46.603  -48.217  -8.805 0.0000000000
33212  48.222  -48.251  -10.853 0.0000000000
33222  49.238  -47.876  -12.288 0.0000000000
33223  48.696  -48.256  -11.651 0.0000000000
33224  48.159  -48.848  -11.225 0.0000000000
33229  49.586  -48.021  -12.946 0.0000000000
33230  48.999  -48.674  -12.454 0.0000000000
34152  54.449  -48.042  -2.655 0.0000000000
34153  53.684  -47.915  -2.618 0.0000000000
34154  52.460  -47.619  -2.700 0.0000000000
34155  51.679  -47.361  -2.758 0.0000000000
34156  50.923  -47.140  -2.873 0.0000000000
34167  54.955  -47.420  -2.949 0.0000000000
34168  51.199  -47.765  -3.217 0.0000000000
34169  50.512  -47.390  -3.445 0.0000000000
34170  49.850  -47.004  -3.638 0.0000000000
34176  50.242  -47.614  -4.844 0.0000000000
34177  49.688  -47.125  -4.415 0.0000000000
34179  50.253  -47.608  -5.856 0.0000000000
34180  49.673  -47.087  -5.366 0.0000000000
34187  50.401  -47.578  -6.772 0.0000000000
34188  49.682  -46.722  -6.536 0.0000000000
34198  50.665  -47.716  -7.566 0.0000000000
34199  50.157  -46.878  -7.553 0.0000000000
34205  51.018  -47.605  -9.011 0.0000000000
34206  45.897  -47.130  -8.167 0.0000000000
34207  45.122  -47.565  -8.148 0.0000000000
34208  44.521  -48.040  -8.501 0.0000000000
34209  43.783  -48.701  -8.963 0.0000000000
34216  47.188  -47.578  -9.158 0.0000000000
34217  46.539  -47.428  -8.591 0.0000000000
34218  43.446  -48.232  -9.809 0.0000000000
34228  48.227  -47.482  -10.531 0.0000000000
34229  47.732  -47.564  -9.836 0.0000000000
34237  49.162  -47.052  -11.853 0.0000000000
34238  48.616  -47.548  -11.169 0.0000000000
34248  49.650  -47.048  -12.699 0.0000000000
35166  54.013  -47.191  -2.751 0.0000000000
35167  53.241  -46.547  -2.750 0.0000000000
35168  52.299  -46.844  -2.601 0.0000000000
35169  51.388  -46.712  -2.641 0.0000000000
35170  50.735  -46.593  -2.722 0.0000000000
35171  50.166  -46.207  -2.740 0.0000000000
35179  54.081  -46.290  -3.155 0.0000000000
35180  50.238  -46.823  -3.034 0.0000000000
35181  49.450  -46.371  -3.205 0.0000000000
35182  48.794  -46.154  -3.596 0.0000000000
35189  49.203  -46.652  -3.945 0.0000000000
35190  48.618  -46.173  -4.333 0.0000000000
35195  49.170  -46.614  -4.855 0.0000000000
35196  48.678  -45.919  -5.440 0.0000000000
35203  49.082  -45.917  -6.342 0.0000000000
35214  49.670  -45.965  -7.616 0.0000000000
35215  44.643  -46.028  -7.864 0.0000000000
35220  50.547  -47.058  -8.429 0.0000000000
35221  50.094  -46.082  -8.359 0.0000000000
35222  46.951  -45.784  -8.754 0.0000000000
35223  46.519  -46.697  -8.497 0.0000000000
35224  45.261  -46.630  -7.958 0.0000000000
35225  44.556  -46.961  -8.195 0.0000000000
35226  43.997  -47.391  -8.703 0.0000000000
35232  47.773  -45.761  -9.570 0.0000000000
35233  47.118  -46.732  -8.965 0.0000000000
35234  43.620  -47.134  -9.541 0.0000000000
35245  48.566  -45.517  -10.433 0.0000000000
35246  48.116  -46.619  -10.158 0.0000000000
35247  43.578  -46.743  -10.415 0.0000000000
35255  49.424  -45.749  -11.814 0.0000000000
35256  48.739  -46.442  -11.042 0.0000000000
36146  52.532  -46.013  -2.678 0.0000000000
36147  51.791  -45.628  -2.616 0.0000000000
36148  51.003  -46.049  -2.547 0.0000000000
36149  50.230  -45.539  -2.575 0.0000000000
36150  49.455  -45.742  -2.752 0.0000000000
36151  48.081  -45.182  -2.961 0.0000000000
36152  47.522  -44.910  -3.436 0.0000000000
36159  54.224  -45.620  -3.604 0.0000000000
36160  53.405  -45.612  -3.172 0.0000000000
36161  52.582  -45.210  -2.948 0.0000000000
36162  48.734  -45.763  -3.080 0.0000000000
36163  48.144  -45.619  -3.683 0.0000000000
36168  48.109  -45.520  -4.761 0.0000000000
36169  47.556  -45.025  -4.297 0.0000000000
36176  48.229  -45.143  -5.651 0.0000000000
36189  49.005  -45.270  -6.952 0.0000000000
36190  48.581  -45.073  -6.431 0.0000000000
36202  49.263  -45.115  -7.615 0.0000000000
36203  48.685  -44.510  -7.385 0.0000000000
36204  44.950  -45.030  -7.723 0.0000000000
36205  44.163  -45.360  -7.855 0.0000000000
36212  49.660  -45.075  -8.476 0.0000000000
36213  47.627  -44.708  -8.977 0.0000000000
36214  46.514  -44.999  -8.388 0.0000000000
36215  45.521  -45.594  -7.934 0.0000000000
36216  44.053  -46.226  -8.172 0.0000000000
36217  43.640  -46.229  -8.656 0.0000000000
36225  48.523  -44.755  -9.819 0.0000000000
36226  43.309  -45.855  -9.543 0.0000000000
36237  43.395  -45.717  -10.566 0.0000000000
36246  43.623  -45.617  -11.403 0.0000000000
36254  44.392  -45.887  -13.104 0.0000000000
36255  43.942  -45.669  -12.209 0.0000000000
37157  51.884  -44.860  -2.810 0.0000000000
37158  51.203  -44.451  -2.722 0.0000000000
37159  50.232  -44.716  -2.528 0.0000000000
37160  49.155  -44.495  -2.479 0.0000000000
37161  48.201  -44.522  -2.617 0.0000000000
37162  47.483  -43.942  -2.613 0.0000000000
37172  52.506  -44.556  -3.254 0.0000000000
37173  52.006  -44.123  -3.204 0.0000000000
37174  46.960  -44.331  -3.283 0.0000000000
37182  46.984  -44.529  -3.979 0.0000000000
37183  46.517  -44.003  -4.541 0.0000000000
37190  47.723  -44.754  -5.324 0.0000000000
37191  46.627  -43.792  -5.514 0.0000000000
37204  47.997  -44.373  -6.361 0.0000000000
37205  47.436  -43.742  -6.895 0.0000000000
37206  46.755  -43.616  -6.436 0.0000000000
37220  49.061  -44.403  -8.256 0.0000000000
37221  48.346  -44.004  -8.085 0.0000000000
37222  47.480  -43.839  -7.780 0.0000000000
37223  46.470  -43.912  -7.649 0.0000000000
37224  45.409  -44.134  -7.515 0.0000000000
37225  44.428  -44.469  -7.634 0.0000000000
37226  43.746  -44.669  -7.881 0.0000000000
37233  48.677  -44.238  -8.794 0.0000000000
37234  47.946  -44.094  -8.580 0.0000000000
37235  47.040  -44.197  -8.283 0.0000000000
37236  45.995  -44.544  -7.886 0.0000000000
37237  43.255  -44.668  -8.397 0.0000000000
37238  42.917  -43.851  -8.690 0.0000000000
37248  48.985  -44.394  -9.459 0.0000000000
37249  48.355  -44.364  -9.159 0.0000000000
37250  42.940  -44.701  -9.247 0.0000000000
37259  43.315  -44.852  -10.842 0.0000000000
37265  43.697  -44.800  -11.708 0.0000000000
37271  44.751  -45.101  -13.447 0.0000000000
37272  44.179  -44.937  -12.551 0.0000000000
37275  46.306  -45.205  -15.263 0.0000000000
37276  45.447  -45.352  -14.431 0.0000000000
38154  50.672  -44.026  -2.662 0.0000000000
38155  49.914  -43.880  -2.501 0.0000000000
38156  48.991  -43.562  -2.417 0.0000000000
38157  48.149  -43.730  -2.443 0.0000000000
38158  47.501  -43.171  -2.425 0.0000000000
38159  46.787  -43.423  -2.655 0.0000000000
38160  46.017  -42.873  -2.796 0.0000000000
38168  52.768  -43.923  -3.786 0.0000000000
38169  52.049  -43.406  -3.641 0.0000000000
38170  51.368  -43.685  -3.081 0.0000000000
38171  50.648  -43.328  -2.852 0.0000000000
38172  45.994  -43.630  -4.025 0.0000000000
38173  45.620  -43.064  -3.500 0.0000000000
38179  45.858  -43.495  -5.028 0.0000000000
38180  44.731  -42.531  -4.670 0.0000000000
38190  46.021  -43.446  -6.003 0.0000000000
38191  45.366  -43.210  -5.658 0.0000000000
38192  44.648  -42.746  -5.724 0.0000000000
38202  46.741  -43.645  -7.159 0.0000000000
38203  46.151  -43.541  -6.692 0.0000000000
38204  45.236  -43.338  -6.481 0.0000000000
38205  43.679  -42.513  -7.188 0.0000000000
38212  45.812  -43.649  -7.162 0.0000000000
38213  44.681  -43.645  -7.248 0.0000000000
38214  43.811  -43.341  -7.395 0.0000000000
38225  43.371  -43.833  -7.957 0.0000000000
38235  42.902  -43.719  -9.471 0.0000000000
38236  42.893  -43.059  -9.007 0.0000000000
38249  44.245  -43.374  -11.715 0.0000000000
38250  43.494  -43.917  -11.156 0.0000000000
38254  45.406  -43.494  -13.023 0.0000000000
38255  44.704  -43.741  -12.551 0.0000000000
38256  44.082  -44.141  -12.086 0.0000000000
38259  46.718  -44.343  -14.983 0.0000000000
38260  45.927  -44.055  -13.982 0.0000000000
38261  45.250  -44.381  -13.584 0.0000000000
38264  47.562  -44.785  -16.239 0.0000000000
39089  49.853  -43.013  -2.625 0.0000000000
39090  49.080  -42.590  -2.486 0.0000000000
39091  48.290  -42.957  -2.363 0.0000000000
39092  47.671  -42.376  -2.323 0.0000000000
39093  46.749  -42.483  -2.413 0.0000000000
39094  45.892  -41.984  -2.543 0.0000000000
39104  52.026  -42.804  -3.996 0.0000000000
39105  51.381  -42.888  -3.486 0.0000000000
39106  50.584  -42.551  -3.131 0.0000000000
39107  49.851  -42.144  -2.854 0.0000000000
39108  45.261  -42.228  -3.191 0.0000000000
39109  44.665  -42.064  -3.950 0.0000000000
39116  51.722  -42.384  -4.012 0.0000000000
39117  45.072  -42.624  -3.888 0.0000000000
39131  44.177  -42.123  -5.307 0.0000000000
39143  43.979  -42.281  -6.232 0.0000000000
39158  43.041  -43.091  -8.278 0.0000000000
39176  44.200  -42.295  -10.671 0.0000000000
39177  43.504  -42.651  -10.179 0.0000000000
39184  45.308  -42.352  -11.777 0.0000000000
39185  44.555  -42.632  -11.409 0.0000000000
39188  46.348  -42.516  -13.060 0.0000000000
39189  45.661  -42.758  -12.596 0.0000000000
39190  44.959  -43.019  -12.169 0.0000000000
39196  47.493  -43.049  -14.866 0.0000000000
39197  46.815  -43.244  -14.312 0.0000000000
39198  46.111  -43.330  -13.580 0.0000000000
39206  48.067  -44.321  -16.519 0.0000000000
40067  49.031  -41.610  -2.629 0.0000000000
40068  48.045  -41.596  -2.357 0.0000000000
40069  47.182  -41.685  -2.292 0.0000000000
40070  46.717  -40.984  -2.351 0.0000000000
40071  45.981  -41.150  -2.440 0.0000000000
40082  51.180  -42.156  -3.686 0.0000000000
40083  50.555  -41.805  -3.417 0.0000000000
40084  49.930  -41.318  -3.199 0.0000000000
40085  45.347  -41.333  -2.822 0.0000000000
40086  44.798  -41.398  -3.477 0.0000000000
40092  51.643  -41.819  -4.269 0.0000000000
40093  51.365  -41.041  -4.409 0.0000000000
40094  44.426  -41.387  -4.229 0.0000000000
40106  44.118  -41.452  -4.988 0.0000000000
40107  43.839  -41.560  -5.873 0.0000000000
40112  43.698  -41.898  -6.624 0.0000000000
40118  43.525  -41.789  -7.286 0.0000000000
40126  43.475  -41.556  -8.103 0.0000000000
40135  44.276  -41.428  -9.785 0.0000000000
40136  43.633  -41.601  -9.139 0.0000000000
40146  45.343  -41.331  -10.704 0.0000000000
40147  44.586  -41.648  -10.394 0.0000000000
40148  43.834  -41.962  -9.959 0.0000000000
40160  46.371  -41.401  -11.733 0.0000000000
40161  45.649  -41.667  -11.428 0.0000000000
40162  44.930  -41.958  -11.088 0.0000000000
40173  48.358  -41.168  -13.143 0.0000000000
40174  47.508  -41.365  -12.732 0.0000000000
40175  46.674  -41.747  -12.519 0.0000000000
40176  45.986  -42.053  -12.164 0.0000000000
40186  49.463  -41.238  -14.357 0.0000000000
40187  48.591  -41.589  -14.146 0.0000000000
40188  47.788  -41.903  -13.884 0.0000000000
40189  47.050  -42.225  -13.511 0.0000000000
40197  49.729  -41.577  -15.431 0.0000000000
40198  48.877  -42.103  -15.280 0.0000000000
40199  48.148  -42.637  -15.170 0.0000000000
40209  49.263  -42.561  -16.281 0.0000000000
41159  48.434  -40.777  -2.584 0.0000000000
41160  47.854  -40.042  -2.560 0.0000000000
41161  47.010  -40.181  -2.440 0.0000000000
41162  46.235  -40.345  -2.510 0.0000000000
41163  45.575  -40.525  -2.746 0.0000000000
41171  50.112  -40.564  -3.595 0.0000000000
41172  49.318  -40.678  -3.006 0.0000000000
41173  48.722  -39.932  -2.882 0.0000000000
41174  45.029  -40.629  -3.207 0.0000000000
41175  44.627  -40.654  -3.875 0.0000000000
41180  51.272  -40.235  -4.655 0.0000000000
41181  50.757  -40.466  -4.157 0.0000000000
41182  44.329  -40.707  -4.636 0.0000000000
41196  44.025  -40.765  -5.432 0.0000000000
41206  43.934  -40.577  -6.777 0.0000000000
41207  43.689  -41.293  -6.650 0.0000000000
41212  44.120  -40.411  -7.540 0.0000000000
41213  43.670  -41.067  -7.372 0.0000000000
41223  45.122  -40.063  -8.630 0.0000000000
41224  44.378  -40.417  -8.267 0.0000000000
41225  43.947  -40.942  -8.625 0.0000000000
41237  46.093  -40.124  -9.639 0.0000000000
41238  45.263  -40.406  -9.430 0.0000000000
41239  44.419  -40.958  -9.340 0.0000000000
41250  47.222  -40.211  -10.587 0.0000000000
41251  46.635  -40.165  -10.088 0.0000000000
41252  44.935  -41.020  -10.026 0.0000000000
41262  48.585  -40.311  -11.718 0.0000000000
41263  47.837  -40.253  -11.139 0.0000000000
41264  46.924  -40.737  -11.310 0.0000000000
41265  46.087  -41.045  -11.022 0.0000000000
41272  49.737  -40.306  -12.891 0.0000000000
41273  48.947  -40.583  -12.562 0.0000000000
41274  47.660  -40.763  -11.875 0.0000000000
41275  47.016  -41.205  -12.008 0.0000000000
41284  50.375  -40.014  -13.359 0.0000000000
41285  50.014  -40.577  -13.736 0.0000000000
41286  49.194  -40.898  -13.415 0.0000000000
41295  50.659  -40.184  -14.225 0.0000000000
41296  50.310  -40.816  -14.705 0.0000000000
41305  51.227  -40.336  -16.499 0.0000000000
41311  51.354  -39.781  -16.843 0.0000000000
42243  48.087  -39.205  -2.803 0.0000000000
42244  47.278  -39.401  -2.661 0.0000000000
42245  46.503  -39.567  -2.694 0.0000000000
42246  45.807  -39.773  -2.841 0.0000000000
42253  50.270  -39.912  -3.935 0.0000000000
42254  49.807  -39.371  -3.771 0.0000000000
42255  49.002  -39.074  -3.300 0.0000000000
42256  46.082  -39.057  -3.144 0.0000000000
42257  45.532  -39.452  -3.437 0.0000000000
42258  44.996  -39.975  -3.632 0.0000000000
42263  51.077  -39.500  -4.761 0.0000000000
42264  50.396  -39.236  -4.295 0.0000000000
42265  45.262  -39.384  -4.133 0.0000000000
42266  44.702  -40.004  -4.325 0.0000000000
42276  51.677  -39.821  -5.182 0.0000000000
42277  45.101  -39.455  -5.543 0.0000000000
42278  44.502  -40.049  -5.111 0.0000000000
42292  45.251  -39.449  -6.456 0.0000000000
42293  44.354  -40.090  -6.058 0.0000000000
42299  46.419  -39.229  -7.654 0.0000000000
42300  45.514  -39.498  -7.331 0.0000000000
42301  44.586  -39.912  -7.013 0.0000000000
42315  47.529  -39.222  -8.754 0.0000000000
42316  46.683  -39.437  -8.453 0.0000000000
42317  45.760  -39.620  -8.167 0.0000000000
42318  44.867  -39.908  -7.853 0.0000000000
42334  48.577  -39.166  -9.859 0.0000000000
42335  47.866  -39.461  -9.508 0.0000000000
42336  46.890  -39.723  -9.335 0.0000000000
42337  45.949  -39.836  -8.976 0.0000000000
42348  49.331  -39.142  -11.001 0.0000000000
42349  48.876  -39.405  -10.604 0.0000000000
42350  48.099  -39.749  -10.346 0.0000000000
42351  47.358  -39.849  -9.967 0.0000000000
42360  49.674  -39.216  -11.793 0.0000000000
42361  49.140  -39.685  -11.312 0.0000000000
42362  48.548  -39.877  -10.997 0.0000000000
42367  50.476  -39.352  -13.362 0.0000000000
42368  50.026  -39.658  -12.631 0.0000000000
42369  49.443  -40.018  -12.071 0.0000000000
42376  50.928  -39.086  -14.292 0.0000000000
42382  51.427  -39.551  -16.226 0.0000000000
42383  51.099  -39.649  -14.877 0.0000000000
42390  50.993  -40.255  -15.338 0.0000000000
42395  51.372  -39.157  -17.081 0.0000000000
43210  47.464  -38.743  -2.930 0.0000000000
43211  46.779  -38.843  -2.962 0.0000000000
43217  48.933  -38.260  -3.579 0.0000000000
43218  48.112  -38.329  -3.208 0.0000000000
43219  47.127  -38.129  -3.347 0.0000000000
43220  46.443  -38.488  -3.445 0.0000000000
43221  45.882  -38.653  -3.887 0.0000000000
43225  50.820  -38.830  -4.769 0.0000000000
43226  50.258  -38.352  -4.465 0.0000000000
43227  49.649  -38.673  -3.912 0.0000000000
43228  46.271  -37.997  -4.592 0.0000000000
43235  52.061  -38.447  -5.894 0.0000000000
43236  51.439  -38.879  -5.285 0.0000000000
43237  46.222  -38.154  -5.475 0.0000000000
43238  45.640  -38.846  -4.885 0.0000000000
43255  46.457  -38.417  -6.419 0.0000000000
43256  45.823  -38.896  -5.943 0.0000000000
43267  47.391  -38.287  -7.700 0.0000000000
43268  46.825  -38.705  -7.248 0.0000000000
43269  46.124  -39.065  -6.833 0.0000000000
43283  48.288  -38.220  -8.901 0.0000000000
43284  47.798  -38.607  -8.430 0.0000000000
43285  47.190  -38.970  -8.002 0.0000000000
43302  48.682  -38.482  -9.590 0.0000000000
43303  48.228  -38.924  -9.108 0.0000000000
43315  49.123  -38.709  -10.383 0.0000000000
43323  49.505  -38.541  -11.190 0.0000000000
43328  50.169  -38.876  -12.660 0.0000000000
43329  49.824  -38.314  -12.032 0.0000000000
43335  50.600  -38.506  -13.607 0.0000000000
43341  51.395  -38.892  -15.442 0.0000000000
43342  51.125  -38.159  -14.758 0.0000000000
43349  51.509  -38.664  -16.589 0.0000000000
43352  51.367  -38.430  -16.970 0.0000000000
44124  48.446  -37.614  -3.674 0.0000000000
44125  47.879  -37.033  -3.909 0.0000000000
44126  47.174  -37.391  -3.892 0.0000000000
44127  46.533  -37.918  -3.914 0.0000000000
44131  50.231  -37.461  -4.759 0.0000000000
44132  49.409  -37.748  -4.104 0.0000000000
44133  48.718  -36.955  -4.123 0.0000000000
44134  46.783  -37.281  -4.491 0.0000000000
44141  51.458  -37.958  -5.520 0.0000000000
44142  50.877  -38.164  -5.001 0.0000000000
44143  46.605  -37.312  -5.171 0.0000000000
44156  52.627  -38.008  -6.525 0.0000000000
44157  51.963  -37.610  -6.067 0.0000000000
44158  47.056  -36.997  -6.588 0.0000000000
44159  46.664  -37.563  -6.025 0.0000000000
44175  52.897  -37.249  -7.074 0.0000000000
44176  47.397  -37.372  -7.432 0.0000000000
44177  46.989  -37.947  -6.905 0.0000000000
44190  48.255  -37.518  -8.823 0.0000000000
44191  47.870  -37.710  -8.244 0.0000000000
44207  48.588  -37.644  -9.390 0.0000000000
44221  49.339  -38.010  -10.728 0.0000000000
44222  49.013  -37.841  -10.087 0.0000000000
44234  49.565  -37.573  -11.482 0.0000000000
44242  50.217  -37.956  -12.902 0.0000000000
44243  49.868  -37.518  -12.315 0.0000000000
44249  50.655  -37.382  -14.002 0.0000000000
44256  51.451  -37.985  -15.961 0.0000000000
44257  51.120  -37.051  -15.468 0.0000000000
44264  51.246  -37.387  -16.423 0.0000000000
44265  50.991  -36.710  -16.153 0.0000000000
44267  51.250  -37.810  -16.670 0.0000000000
45121  47.388  -36.748  -4.416 0.0000000000
45127  49.874  -36.680  -4.830 0.0000000000
45128  49.067  -36.273  -4.625 0.0000000000
45129  48.126  -36.389  -4.406 0.0000000000
45136  51.346  -37.152  -5.693 0.0000000000
45137  50.572  -36.743  -5.300 0.0000000000
45138  49.866  -35.983  -5.176 0.0000000000
45139  47.358  -35.984  -5.583 0.0000000000
45140  47.029  -36.602  -5.022 0.0000000000
45152  52.372  -36.615  -6.793 0.0000000000
45153  51.845  -36.833  -6.246 0.0000000000
45154  47.233  -36.099  -6.334 0.0000000000
45155  46.940  -36.696  -5.735 0.0000000000
45171  53.315  -36.826  -7.707 0.0000000000
45172  52.812  -36.487  -7.315 0.0000000000
45173  47.370  -36.384  -7.158 0.0000000000
45185  53.649  -36.514  -8.298 0.0000000000
45186  48.048  -36.973  -8.536 0.0000000000
45187  47.698  -36.708  -7.953 0.0000000000
45196  48.356  -36.812  -9.095 0.0000000000
45209  49.095  -36.182  -10.734 0.0000000000
45210  48.761  -36.736  -9.938 0.0000000000
45220  49.431  -36.570  -11.380 0.0000000000
45229  50.169  -36.900  -13.092 0.0000000000
45230  49.737  -36.745  -12.158 0.0000000000
45239  50.487  -35.919  -13.845 0.0000000000
45240  49.973  -35.956  -12.827 0.0000000000
45248  50.902  -35.903  -15.623 0.0000000000
45252  50.992  -37.139  -16.367 0.0000000000
45253  50.804  -36.311  -16.061 0.0000000000
46148  49.080  -35.638  -5.067 0.0000000000
46149  48.368  -35.755  -4.938 0.0000000000
46150  47.638  -36.076  -4.940 0.0000000000
46157  51.138  -36.237  -5.859 0.0000000000
46158  50.360  -35.441  -5.774 0.0000000000
46159  49.459  -35.254  -5.502 0.0000000000
46160  48.683  -35.220  -5.430 0.0000000000
46170  52.361  -35.773  -7.145 0.0000000000
46171  51.160  -35.409  -6.325 0.0000000000
46172  50.502  -34.634  -6.371 0.0000000000
46173  47.589  -35.386  -6.164 0.0000000000
46187  53.120  -35.917  -7.850 0.0000000000
46188  52.566  -34.995  -7.684 0.0000000000
46189  51.936  -34.872  -7.161 0.0000000000
46190  47.511  -35.506  -6.903 0.0000000000
46199  54.249  -35.543  -9.641 0.0000000000
46200  53.720  -35.036  -8.999 0.0000000000
46201  53.210  -35.010  -8.339 0.0000000000
46202  48.017  -36.051  -8.520 0.0000000000
46203  47.658  -35.760  -7.696 0.0000000000
46215  54.083  -34.703  -9.615 0.0000000000
46216  48.417  -35.852  -9.336 0.0000000000
46227  49.199  -35.220  -10.860 0.0000000000
46228  48.758  -35.549  -10.128 0.0000000000
46240  49.555  -35.074  -11.660 0.0000000000
46249  49.908  -35.104  -12.541 0.0000000000
46256  50.804  -34.882  -14.465 0.0000000000
46257  50.389  -35.076  -13.467 0.0000000000
46258  44.131  -34.771  -15.148 0.0000000000
46263  50.879  -34.840  -15.327 0.0000000000
46264  49.377  -34.440  -15.591 0.0000000000
46265  47.984  -35.214  -15.499 0.0000000000
46266  46.249  -34.980  -15.795 0.0000000000
46267  44.954  -34.895  -15.826 0.0000000000
46268  50.707  -35.418  -15.776 0.0000000000
46270  49.139  -35.269  -16.012 0.0000000000
46271  46.583  -35.500  -16.360 0.0000000000
46272  45.588  -35.376  -16.391 0.0000000000
46273  50.503  -35.966  -16.185 0.0000000000
47167  49.698  -34.674  -6.014 0.0000000000
47168  49.056  -34.777  -5.782 0.0000000000
47169  48.475  -34.793  -5.923 0.0000000000
47170  47.972  -34.898  -6.119 0.0000000000
47183  50.690  -33.826  -6.984 0.0000000000
47184  49.818  -33.980  -6.588 0.0000000000
47185  49.048  -34.254  -6.310 0.0000000000
47186  48.347  -34.458  -6.501 0.0000000000
47187  47.825  -34.858  -6.702 0.0000000000
47200  52.026  -34.173  -7.563 0.0000000000
47201  51.468  -34.201  -7.171 0.0000000000
47202  48.183  -34.323  -7.193 0.0000000000
47203  47.805  -34.948  -7.438 0.0000000000
47208  53.386  -34.123  -8.851 0.0000000000
47209  52.650  -34.159  -8.132 0.0000000000
47210  48.198  -34.408  -8.044 0.0000000000
47211  47.912  -35.207  -8.109 0.0000000000
47224  53.914  -33.879  -9.548 0.0000000000
47225  48.566  -34.826  -9.458 0.0000000000
47238  49.532  -34.161  -11.149 0.0000000000
47239  48.988  -34.526  -10.216 0.0000000000
47247  49.996  -34.219  -12.224 0.0000000000
47248  46.430  -33.739  -12.621 0.0000000000
47255  50.775  -33.418  -13.868 0.0000000000
47256  50.426  -34.243  -13.183 0.0000000000
47257  47.487  -34.160  -13.329 0.0000000000
47258  46.536  -34.129  -13.300 0.0000000000
47259  45.385  -33.539  -13.646 0.0000000000
47260  43.895  -32.941  -14.153 0.0000000000
47264  50.961  -34.053  -14.893 0.0000000000
47265  48.221  -34.058  -14.102 0.0000000000
47266  46.921  -34.510  -13.976 0.0000000000
47267  45.571  -34.186  -14.352 0.0000000000
47268  44.107  -33.913  -14.692 0.0000000000
47270  50.619  -34.086  -15.352 0.0000000000
47271  49.958  -33.588  -15.364 0.0000000000
47272  48.787  -34.186  -15.075 0.0000000000
47273  47.432  -34.806  -14.774 0.0000000000
47274  45.907  -34.634  -15.022 0.0000000000
47275  44.768  -34.471  -15.115 0.0000000000
47276  50.593  -34.742  -15.638 0.0000000000
47277  50.120  -34.412  -15.744 0.0000000000
48199  49.295  -33.695  -6.854 0.0000000000
48200  48.735  -33.869  -6.899 0.0000000000
48212  51.364  -33.529  -7.517 0.0000000000
48213  50.661  -33.024  -7.643 0.0000000000
48214  49.858  -33.270  -7.304 0.0000000000
48215  49.147  -33.384  -7.381 0.0000000000
48216  48.586  -33.736  -7.625 0.0000000000
48221  52.024  -33.372  -7.966 0.0000000000
48222  51.357  -32.786  -8.037 0.0000000000
48223  49.367  -32.946  -8.779 0.0000000000
48224  48.694  -33.671  -8.402 0.0000000000
48239  53.364  -32.924  -9.248 0.0000000000
48240  49.646  -32.941  -9.937 0.0000000000
48241  48.929  -33.788  -9.381 0.0000000000
48255  49.944  -33.064  -10.980 0.0000000000
48256  49.353  -33.710  -10.285 0.0000000000
48257  46.419  -33.118  -11.299 0.0000000000
48258  45.578  -32.632  -11.745 0.0000000000
48259  44.786  -31.487  -11.977 0.0000000000
48263  50.639  -32.269  -12.884 0.0000000000
48264  50.225  -33.231  -11.995 0.0000000000
48265  47.989  -33.051  -12.386 0.0000000000
48266  46.933  -33.634  -11.888 0.0000000000
48267  45.820  -33.239  -12.319 0.0000000000
48268  44.756  -32.168  -12.764 0.0000000000
48273  50.665  -32.527  -13.665 0.0000000000
48274  50.517  -33.315  -12.987 0.0000000000
48275  48.289  -33.270  -13.378 0.0000000000
48276  47.287  -33.898  -12.643 0.0000000000
48277  44.714  -32.748  -13.422 0.0000000000
48283  50.676  -32.818  -14.395 0.0000000000
48284  49.656  -32.430  -14.514 0.0000000000
48285  48.938  -32.857  -14.341 0.0000000000
48287  50.138  -32.826  -14.895 0.0000000000
48288  49.307  -33.143  -14.877 0.0000000000
49206  50.825  -32.477  -8.204 0.0000000000
49207  50.212  -32.612  -8.037 0.0000000000
49208  49.538  -32.882  -7.961 0.0000000000
49212  52.852  -31.941  -9.313 0.0000000000
49213  51.500  -31.999  -8.781 0.0000000000
49214  50.761  -32.073  -8.755 0.0000000000
49215  50.110  -32.317  -8.715 0.0000000000
49228  51.433  -30.691  -11.461 0.0000000000
49229  50.338  -32.110  -9.789 0.0000000000
49230  46.425  -32.168  -10.035 0.0000000000
49231  45.464  -31.605  -10.639 0.0000000000
49232  44.514  -30.566  -11.507 0.0000000000
49247  51.213  -30.749  -12.387 0.0000000000
49248  50.592  -32.012  -11.003 0.0000000000
49249  48.296  -31.828  -11.295 0.0000000000
49250  47.126  -32.638  -10.627 0.0000000000
49251  45.881  -32.469  -10.882 0.0000000000
49258  50.860  -31.049  -12.962 0.0000000000
49259  50.646  -32.100  -12.012 0.0000000000
49260  48.626  -31.837  -12.336 0.0000000000
49261  47.637  -32.835  -11.494 0.0000000000
49262  44.130  -31.425  -12.813 0.0000000000
49269  50.595  -31.542  -13.403 0.0000000000
49270  49.760  -31.330  -13.629 0.0000000000
49271  48.897  -31.950  -13.290 0.0000000000
49272  43.848  -32.128  -13.462 0.0000000000
49276  50.483  -31.972  -14.038 0.0000000000
49277  49.976  -31.799  -14.161 0.0000000000
49278  49.276  -32.133  -14.046 0.0000000000
49281  50.210  -32.329  -14.418 0.0000000000
50240  52.247  -31.823  -9.100 0.0000000000
50241  51.495  -31.431  -9.616 0.0000000000
50242  51.025  -31.527  -9.800 0.0000000000
50243  46.447  -31.193  -8.892 0.0000000000
50244  45.617  -30.813  -9.359 0.0000000000
50245  44.986  -30.097  -10.183 0.0000000000
50255  53.172  -31.375  -9.845 0.0000000000
50256  52.709  -31.195  -9.830 0.0000000000
50257  52.258  -30.961  -10.008 0.0000000000
50258  52.005  -30.188  -11.105 0.0000000000
50259  48.369  -31.018  -9.991 0.0000000000
50260  47.057  -31.682  -9.436 0.0000000000
50261  45.927  -31.532  -9.611 0.0000000000
50262  45.146  -30.736  -10.410 0.0000000000
50280  51.397  -29.416  -12.521 0.0000000000
50281  50.189  -29.648  -12.310 0.0000000000
50282  48.977  -30.742  -11.236 0.0000000000
50283  47.760  -31.800  -10.312 0.0000000000
50294  51.058  -29.848  -12.918 0.0000000000
50295  50.340  -29.925  -12.916 0.0000000000
50296  49.347  -30.689  -12.291 0.0000000000
50297  44.087  -30.814  -12.182 0.0000000000
50301  50.680  -30.535  -13.064 0.0000000000
50302  50.335  -30.495  -13.156 0.0000000000
50303  49.559  -30.888  -13.064 0.0000000000
50305  50.310  -31.254  -13.536 0.0000000000
51240  46.469  -29.985  -8.008 0.0000000000
51241  45.515  -29.697  -8.640 0.0000000000
51248  48.805  -29.935  -8.883 0.0000000000
51249  47.053  -30.640  -8.402 0.0000000000
51250  45.940  -30.530  -8.594 0.0000000000
51251  45.261  -30.001  -9.397 0.0000000000
51257  52.910  -30.054  -10.864 0.0000000000
51258  52.172  -28.967  -12.022 0.0000000000
51259  49.792  -29.558  -9.938 0.0000000000
51260  48.747  -30.370  -9.530 0.0000000000
51261  47.677  -30.996  -9.063 0.0000000000
51262  44.565  -29.399  -10.366 0.0000000000
51277  53.533  -30.700  -10.540 0.0000000000
51278  53.169  -29.901  -10.960 0.0000000000
51279  52.562  -29.083  -11.494 0.0000000000
51280  51.512  -28.889  -12.324 0.0000000000
51281  50.893  -28.938  -11.567 0.0000000000
51282  49.743  -29.820  -11.005 0.0000000000
51283  44.392  -29.875  -11.022 0.0000000000
51298  51.059  -29.217  -12.789 0.0000000000
51308  50.841  -29.789  -12.970 0.0000000000
52084  48.097  -29.127  -7.864 0.0000000000
52085  47.009  -29.233  -7.717 0.0000000000
52086  45.824  -29.184  -7.978 0.0000000000
52087  44.955  -28.840  -9.003 0.0000000000
52100  50.699  -28.734  -9.540 0.0000000000
52101  49.686  -29.269  -8.997 0.0000000000
52102  48.708  -29.512  -8.370 0.0000000000
52103  47.802  -29.934  -8.125 0.0000000000
52110  52.230  -28.677  -10.749 0.0000000000
52111  51.758  -28.817  -11.001 0.0000000000
52112  50.880  -28.968  -10.418 0.0000000000
52125  53.501  -29.588  -11.142 0.0000000000
52126  53.013  -28.962  -11.093 0.0000000000
52127  52.884  -29.051  -11.284 0.0000000000
52128  51.538  -28.798  -11.801 0.0000000000
52873  49.311  -28.275  -8.105 0.0000000000
52874  48.378  -28.362  -7.785 0.0000000000
52875  47.411  -28.461  -7.634 0.0000000000
52876  46.388  -28.519  -7.665 0.0000000000
52877  45.305  -28.329  -8.210 0.0000000000
52890  51.232  -28.226  -9.350 0.0000000000
52891  50.673  -28.384  -9.035 0.0000000000
52892  49.900  -28.678  -8.660 0.0000000000
52893  49.073  -28.993  -8.187 0.0000000000
52907  51.861  -28.359  -9.851 0.0000000000
52908  51.436  -28.540  -9.815 0.0000000000
52917  52.787  -28.303  -10.527 0.0000000000
52918  52.480  -28.495  -10.578 0.0000000000
53767  48.654  -27.566  -7.879 0.0000000000
53768  47.630  -27.570  -7.649 0.0000000000
53769  46.592  -27.260  -7.563 0.0000000000
53770  45.558  -27.056  -7.719 0.0000000000
53777  51.607  -27.856  -9.412 0.0000000000
53778  50.824  -27.904  -8.895 0.0000000000
53779  49.496  -27.475  -8.228 0.0000000000
53780  48.923  -26.914  -8.138 0.0000000000
53793  52.396  -27.652  -9.855 0.0000000000
53805  52.921  -27.103  -10.182 0.0000000000
54722  48.189  -26.810  -7.894 0.0000000000
54723  47.257  -26.566  -7.681 0.0000000000
54724  46.222  -26.508  -7.552 0.0000000000
54725  45.262  -26.326  -7.741 0.0000000000
54735  51.055  -27.176  -9.005 0.0000000000
54736  50.419  -26.431  -8.902 0.0000000000
54737  49.543  -26.544  -8.527 0.0000000000
54738  47.965  -26.111  -8.030 0.0000000000
54745  52.025  -26.269  -9.665 0.0000000000
54746  51.227  -26.313  -9.309 0.0000000000
54755  52.697  -26.338  -10.076 0.0000000000
55735  47.359  -25.702  -7.898 0.0000000000
55736  46.505  -25.221  -7.745 0.0000000000
55737  45.493  -25.163  -7.678 0.0000000000
55745  49.803  -25.850  -8.975 0.0000000000
55746  49.077  -25.713  -8.851 0.0000000000
55747  47.351  -25.018  -8.174 0.0000000000
55748  46.828  -24.433  -8.089 0.0000000000
55755  51.490  -25.499  -9.705 0.0000000000
55756  50.446  -25.501  -9.387 0.0000000000
55757  49.504  -25.241  -9.325 0.0000000000
55758  48.858  -25.128  -9.184 0.0000000000
55768  52.348  -25.586  -10.070 0.0000000000
55769  51.883  -24.728  -10.195 0.0000000000
56628  45.857  -24.393  -7.784 0.0000000000
56640  48.198  -25.357  -8.566 0.0000000000
56641  47.009  -23.721  -8.448 0.0000000000
56642  46.366  -23.870  -8.079 0.0000000000
56647  50.844  -24.732  -9.863 0.0000000000
56648  49.880  -24.713  -9.757 0.0000000000
56649  49.101  -24.686  -9.639 0.0000000000
56650  48.497  -24.614  -9.284 0.0000000000
56651  47.719  -24.357  -8.725 0.0000000000
56662  50.161  -24.145  -10.247 0.0000000000
56663  49.299  -24.195  -10.159 0.0000000000
56664  48.762  -24.213  -9.864 0.0000000000
57544  47.002  -23.113  -8.716 0.0000000000
57553  48.237  -23.938  -9.587 0.0000000000
57554  47.588  -23.514  -9.096 0.0000000000
57566  49.524  -23.631  -10.657 0.0000000000
57567  48.693  -23.627  -10.390 0.0000000000
57568  47.978  -23.187  -9.911 0.0000000000
58486  47.322  -22.759  -9.276 0.0000000000
103467  43.168  -42.344  -8.620 0.0000000000
103542  50.763  -36.377  -14.611 0.0000000000
103981  50.624  -41.054  -15.855 0.0000000000
104050  53.450  -49.480  -3.392 0.0000000000
104221  43.285  -42.398  -7.863 0.0000000000
104372  48.092  -43.975  -7.275 0.0000000000
104438  50.280  -27.309  -8.585 0.0000000000
105253  48.225  -35.090  -8.735 0.0000000000
105300  47.976  -49.956  -12.215 0.0000000000
105316  50.912  -37.507  -5.263 0.0000000000
105614  43.276  -42.427  -9.422 0.0000000000
105826  47.661  -48.922  -10.493 0.0000000000
105838  49.847  -49.318  -14.784 0.0000000000
105883  51.111  -24.085  -10.313 0.0000000000
106036  46.665  -48.860  -9.131 0.0000000000
106048  49.624  -35.886  -11.961 0.0000000000
106111  45.241  -53.188  -13.271 0.0000000000
106117  50.113  -28.094  -8.488 0.0000000000
106187  49.977  -48.115  -13.625 0.0000000000
106354  47.320  -44.028  -5.940 0.0000000000
106792  47.786  -49.502  -11.342 0.0000000000
106855  44.278  -42.936  -6.775 0.0000000000
107146  43.365  -43.041  -7.740 0.0000000000
107174  52.358  -37.262  -6.534 0.0000000000
107425  45.909  -27.810  -7.667 0.0000000000
107532  51.581  -48.745  -5.371 0.0000000000
107599  49.986  -48.671  -14.201 0.0000000000
107625  43.081  -43.045  -9.650 0.0000000000
107628  44.607  -40.520  -8.888 0.0000000000
107640  48.195  -40.809  -12.393 0.0000000000
107724  47.584  -46.888  -9.521 0.0000000000
107886  49.214  -37.174  -10.714 0.0000000000
107986  53.378  -32.047  -9.604 0.0000000000
108085  47.847  -48.160  -10.233 0.0000000000
108488  49.258  -46.482  -5.704 0.0000000000
108601  53.118  -47.345  -2.638 0.0000000000
108614  51.875  -29.254  -12.092 0.0000000000
108636  44.557  -44.394  -12.810 0.0000000000
108822  45.808  -40.619  -10.261 0.0000000000
108857  48.057  -30.456  -8.724 0.0000000000
109077  50.704  -33.367  -15.017 0.0000000000
109096  53.793  -35.834  -8.761 0.0000000000
109200  47.123  -44.360  -4.935 0.0000000000
109399  53.528  -50.051  -4.025 0.0000000000
109557  52.476  -49.811  -6.777 0.0000000000
109657  51.444  -48.086  -9.541 0.0000000000
109772  48.806  -45.211  -2.679 0.0000000000
110187  43.527  -47.713  -10.427 0.0000000000
110246  51.796  -36.056  -6.519 0.0000000000
110339  51.277  -34.696  -6.755 0.0000000000
110344  43.632  -46.539  -11.203 0.0000000000
110367  47.401  -51.407  -13.978 0.0000000000
110449  47.757  -35.640  -16.303 0.0000000000
110532  43.952  -44.017  -7.580 0.0000000000
110817  46.516  -40.547  -10.664 0.0000000000
110866  44.350  -41.948  -4.600 0.0000000000
110869  49.546  -39.924  -3.416 0.0000000000
110879  52.019  -32.559  -8.454 0.0000000000
110905  49.371  -35.798  -11.307 0.0000000000
110927  50.840  -28.994  -12.298 0.0000000000
110969  50.764  -39.891  -4.385 0.0000000000
111252  53.013  -27.757  -10.406 0.0000000000
111370  50.764  -48.114  -6.215 0.0000000000
111389  46.100  -46.176  -8.209 0.0000000000
111766  50.659  -41.114  -3.795 0.0000000000
111949  46.817  -27.944  -7.563 0.0000000000
112126  50.900  -48.248  -5.320 0.0000000000
112201  52.797  -50.269  -8.012 0.0000000000
112241  49.550  -45.171  -2.561 0.0000000000
112665  45.166  -43.042  -5.066 0.0000000000
112675  44.626  -49.473  -8.600 0.0000000000
112724  54.831  -51.523  -4.495 0.0000000000
112764  47.536  -40.875  -2.385 0.0000000000
112783  51.808  -27.057  -9.430 0.0000000000
112977  50.851  -35.497  -14.846 0.0000000000
113343  53.150  -44.734  -3.521 0.0000000000
113370  51.781  -46.267  -2.573 0.0000000000
113417  47.715  -37.652  -3.558 0.0000000000
113633  52.592  -32.470  -8.849 0.0000000000
113736  46.474  -41.668  -2.370 0.0000000000
114082  52.303  -49.571  -8.994 0.0000000000
114118  45.336  -40.033  -3.116 0.0000000000
114245  50.993  -48.010  -8.205 0.0000000000
114246  48.494  -34.315  -8.796 0.0000000000
114323  48.959  -33.211  -7.987 0.0000000000
114418  49.481  -37.006  -4.447 0.0000000000
114428  45.357  -43.116  -4.335 0.0000000000
114988  45.818  -47.988  -8.332 0.0000000000
115209  51.044  -45.234  -2.559 0.0000000000
115335  53.262  -28.798  -11.081 0.0000000000
115575  45.887  -25.822  -7.560 0.0000000000
115809  43.011  -44.266  -10.174 0.0000000000
115984  43.222  -43.399  -10.276 0.0000000000
116607  49.657  -46.155  -12.426 0.0000000000
116625  47.630  -50.557  -12.713 0.0000000000
116904  47.944  -35.359  -5.526 0.0000000000
116965  54.145  -51.576  -8.311 0.0000000000
117460  48.646  -26.230  -8.344 0.0000000000
117873  43.770  -42.986  -10.956 0.0000000000
117969  47.488  -44.548  -2.907 0.0000000000
118576  53.099  -30.733  -10.327 0.0000000000
118661  52.211  -28.167  -9.914 0.0000000000
119080  52.539  -29.659  -11.217 0.0000000000
119162  51.739  -35.371  -6.767 0.0000000000
119189  45.113  -52.223  -10.824 0.0000000000
119403  49.333  -44.432  -9.024 0.0000000000
119407  53.230  -50.625  -8.561 0.0000000000
119433  52.671  -33.251  -8.523 0.0000000000
119562  44.151  -30.273  -11.599 0.0000000000
119593  50.184  -47.477  -4.045 0.0000000000
119631  46.660  -25.972  -7.634 0.0000000000
119727  44.891  -29.253  -9.613 0.0000000000
120090  47.356  -50.194  -11.638 0.0000000000
120244  53.400  -48.399  -2.732 0.0000000000
120301  54.681  -46.743  -3.178 0.0000000000
120629  45.029  -39.539  -4.789 0.0000000000
120751  50.798  -34.167  -14.121 0.0000000000
120815  43.662  -45.435  -8.220 0.0000000000
121056  46.371  -43.680  -3.199 0.0000000000
121177  44.171  -50.788  -8.686 0.0000000000
121235  49.333  -45.807  -7.012 0.0000000000
121526  44.327  -35.430  -15.586 0.0000000000
121733  52.045  -49.433  -7.105 0.0000000000
121846  43.290  -45.389  -8.718 0.0000000000
122082  51.107  -41.565  -3.910 0.0000000000
122114  48.595  -44.110  -2.465 0.0000000000
122589  47.483  -50.379  -12.197 0.0000000000
122760  48.362  -44.404  -6.882 0.0000000000
122813  49.661  -49.725  -15.142 0.0000000000
122836  43.055  -45.062  -10.055 0.0000000000
122891  50.499  -36.661  -13.840 0.0000000000
122929  46.539  -44.073  -3.756 0.0000000000
123010  43.823  -40.839  -6.128 0.0000000000
123098  51.435  -37.994  -16.731 0.0000000000
123121  52.399  -26.899  -9.763 0.0000000000
123327  50.511  -36.095  -5.502 0.0000000000
123437  53.079  -47.899  -2.656 0.0000000000
123488  46.959  -44.057  -2.868 0.0000000000
123757  50.285  -35.155  -16.036 0.0000000000
124379  48.417  -42.234  -2.391 0.0000000000
124626  50.722  -39.704  -13.954 0.0000000000
124630  42.987  -49.868  -8.547 0.0000000000
124785  43.792  -40.848  -7.969 0.0000000000
124835  50.851  -33.537  -14.516 0.0000000000
