#!ascii label , from subject sub-10 vox2ras=TkReg lh ROI=mOTS-words coords=white drawn-with=delineation-helper-0.1.0
755
17539  -45.522  -59.955  -0.425 0.0000000000
17555  -44.886  -59.763  -1.381 0.0000000000
17556  -45.397  -60.097  -0.950 0.0000000000
17569  -43.408  -59.674  -2.720 0.0000000000
17570  -44.483  -60.086  -2.138 0.0000000000
17571  -45.062  -60.179  -1.442 0.0000000000
17584  -42.954  -59.865  -3.726 0.0000000000
18365  -45.528  -58.994  1.292 0.0000000000
18378  -43.191  -58.348  -0.034 0.0000000000
18379  -44.360  -58.770  0.192 0.0000000000
18380  -45.351  -59.423  0.439 0.0000000000
18388  -41.843  -58.200  -1.247 0.0000000000
18389  -42.798  -58.659  -0.942 0.0000000000
18390  -43.953  -59.120  -0.682 0.0000000000
18391  -45.082  -59.550  -0.552 0.0000000000
18404  -42.485  -58.894  -1.955 0.0000000000
18405  -43.697  -59.401  -1.663 0.0000000000
18415  -41.810  -58.261  -2.185 0.0000000000
18416  -42.402  -58.964  -2.993 0.0000000000
18426  -42.098  -58.222  -3.156 0.0000000000
18427  -42.594  -59.025  -4.269 0.0000000000
19192  -43.207  -57.123  1.325 0.0000000000
19193  -45.145  -58.106  2.015 0.0000000000
19194  -45.759  -58.902  1.908 0.0000000000
19205  -41.733  -57.253  0.193 0.0000000000
19206  -42.664  -57.572  0.507 0.0000000000
19207  -43.701  -57.914  0.802 0.0000000000
19208  -44.751  -58.414  1.086 0.0000000000
19222  -42.165  -57.972  -0.311 0.0000000000
19234  -41.394  -57.548  -1.539 0.0000000000
19246  -41.598  -57.560  -2.464 0.0000000000
19257  -42.025  -57.506  -3.445 0.0000000000
19258  -42.752  -57.563  -4.804 0.0000000000
19270  -42.966  -57.824  -5.987 0.0000000000
19983  -41.990  -56.089  1.492 0.0000000000
19984  -42.884  -56.352  1.777 0.0000000000
19985  -43.674  -56.641  2.157 0.0000000000
19986  -44.432  -57.107  2.530 0.0000000000
20000  -41.303  -56.448  0.619 0.0000000000
20001  -42.275  -56.816  0.982 0.0000000000
20013  -40.714  -56.304  -0.141 0.0000000000
20014  -40.870  -56.827  -0.945 0.0000000000
20024  -40.589  -56.096  -0.776 0.0000000000
20025  -40.861  -56.064  -1.604 0.0000000000
20036  -41.485  -56.274  -2.529 0.0000000000
20047  -42.142  -56.717  -3.605 0.0000000000
20048  -43.372  -56.962  -5.837 0.0000000000
20783  -41.564  -54.426  2.345 0.0000000000
20784  -42.490  -54.792  2.709 0.0000000000
20793  -40.905  -55.132  1.498 0.0000000000
20794  -41.840  -55.290  1.950 0.0000000000
20795  -42.691  -55.594  2.247 0.0000000000
20809  -40.603  -55.646  0.647 0.0000000000
20810  -41.248  -55.778  1.256 0.0000000000
20825  -40.385  -55.590  -0.244 0.0000000000
20826  -49.060  -55.636  -0.808 0.0000000000
20837  -40.532  -55.437  -1.073 0.0000000000
20838  -41.391  -55.451  -2.281 0.0000000000
20839  -48.409  -55.470  -2.655 0.0000000000
20840  -48.789  -55.661  -1.741 0.0000000000
20841  -49.106  -55.712  -1.632 0.0000000000
20849  -42.002  -55.773  -3.134 0.0000000000
20850  -42.660  -55.390  -3.609 0.0000000000
20851  -48.928  -55.686  -2.386 0.0000000000
20852  -49.099  -55.658  -2.267 0.0000000000
20863  -42.748  -56.292  -4.231 0.0000000000
20864  -43.456  -56.018  -4.842 0.0000000000
20865  -43.967  -55.694  -5.218 0.0000000000
20866  -48.835  -55.468  -3.039 0.0000000000
20867  -48.988  -55.434  -3.113 0.0000000000
21653  -40.999  -53.811  2.345 0.0000000000
21660  -40.517  -54.382  1.689 0.0000000000
21661  -49.872  -55.010  1.229 0.0000000000
21671  -39.822  -54.158  1.009 0.0000000000
21672  -40.068  -54.934  0.355 0.0000000000
21673  -49.433  -55.032  0.874 0.0000000000
21686  -39.778  -54.067  0.013 0.0000000000
21687  -40.272  -54.800  -0.580 0.0000000000
21688  -48.834  -55.323  -0.018 0.0000000000
21689  -49.354  -55.496  -0.799 0.0000000000
21701  -40.740  -54.664  -1.384 0.0000000000
21702  -41.357  -54.667  -2.009 0.0000000000
21703  -47.509  -54.731  -2.267 0.0000000000
21704  -48.165  -55.300  -1.796 0.0000000000
21705  -49.405  -55.413  -1.754 0.0000000000
21715  -42.013  -54.843  -2.719 0.0000000000
21716  -42.651  -54.662  -3.177 0.0000000000
21717  -47.607  -54.984  -3.323 0.0000000000
21718  -49.233  -55.416  -2.650 0.0000000000
21728  -43.370  -54.970  -3.998 0.0000000000
21729  -44.113  -55.035  -4.748 0.0000000000
21730  -44.702  -54.772  -4.947 0.0000000000
21731  -46.433  -54.471  -4.769 0.0000000000
21732  -47.443  -54.791  -4.346 0.0000000000
21733  -48.241  -55.167  -3.654 0.0000000000
21745  -44.565  -55.712  -6.023 0.0000000000
21747  -45.963  -54.671  -5.871 0.0000000000
21748  -46.926  -54.572  -5.314 0.0000000000
22572  -41.008  -53.120  2.711 0.0000000000
22583  -39.687  -53.214  1.337 0.0000000000
22584  -40.189  -53.605  1.876 0.0000000000
22585  -48.768  -54.236  1.409 0.0000000000
22586  -49.691  -54.681  1.589 0.0000000000
22587  -50.116  -54.705  1.597 0.0000000000
22588  -50.751  -53.959  2.031 0.0000000000
22595  -39.643  -53.511  0.673 0.0000000000
22596  -47.184  -53.356  0.084 0.0000000000
22597  -48.344  -54.400  0.547 0.0000000000
22598  -50.099  -54.836  0.736 0.0000000000
22599  -50.444  -54.215  1.358 0.0000000000
22609  -39.715  -53.231  0.117 0.0000000000
22610  -40.258  -53.258  -0.551 0.0000000000
22611  -41.062  -53.200  -1.238 0.0000000000
22612  -46.944  -53.653  -0.837 0.0000000000
22613  -47.877  -54.492  -0.377 0.0000000000
22614  -49.423  -53.404  -0.633 0.0000000000
22615  -49.867  -54.738  -0.441 0.0000000000
22624  -40.498  -53.979  -0.965 0.0000000000
22625  -41.242  -53.931  -1.649 0.0000000000
22626  -41.971  -53.199  -1.817 0.0000000000
22627  -46.616  -53.762  -1.817 0.0000000000
22628  -47.569  -54.540  -1.320 0.0000000000
22629  -49.670  -54.866  -1.498 0.0000000000
22640  -41.907  -54.044  -2.238 0.0000000000
22641  -42.574  -53.618  -2.455 0.0000000000
22642  -43.386  -53.432  -2.779 0.0000000000
22643  -44.288  -53.315  -3.040 0.0000000000
22644  -45.878  -53.532  -2.762 0.0000000000
22645  -46.822  -54.249  -2.756 0.0000000000
22646  -49.484  -54.178  -2.148 0.0000000000
22647  -49.490  -54.892  -2.459 0.0000000000
22660  -42.993  -54.097  -3.133 0.0000000000
22661  -43.904  -54.129  -3.763 0.0000000000
22662  -44.822  -53.866  -3.972 0.0000000000
22663  -45.706  -53.881  -3.891 0.0000000000
22664  -46.639  -54.308  -3.661 0.0000000000
22665  -49.301  -54.177  -3.100 0.0000000000
22666  -49.208  -54.985  -3.240 0.0000000000
22676  -45.495  -54.520  -5.031 0.0000000000
23482  -40.111  -51.975  2.572 0.0000000000
23485  -48.505  -52.735  2.318 0.0000000000
23500  -39.603  -52.320  1.612 0.0000000000
23501  -40.106  -52.766  2.197 0.0000000000
23502  -47.248  -52.405  1.335 0.0000000000
23503  -48.155  -53.130  1.718 0.0000000000
23514  -39.531  -52.654  0.752 0.0000000000
23515  -46.176  -52.306  0.075 0.0000000000
23516  -46.931  -52.621  0.681 0.0000000000
23517  -47.731  -53.351  0.989 0.0000000000
23529  -39.990  -52.533  -0.147 0.0000000000
23530  -40.814  -52.508  -0.788 0.0000000000
23531  -44.613  -51.790  -0.969 0.0000000000
23532  -45.235  -51.690  -0.284 0.0000000000
23533  -46.395  -52.914  -0.540 0.0000000000
23534  -49.578  -52.752  0.216 0.0000000000
23535  -50.161  -54.056  0.285 0.0000000000
23545  -41.643  -52.495  -1.288 0.0000000000
23546  -42.457  -52.390  -1.602 0.0000000000
23547  -43.304  -52.226  -1.742 0.0000000000
23548  -44.198  -52.214  -1.711 0.0000000000
23549  -45.650  -52.937  -1.750 0.0000000000
23550  -46.200  -53.088  -1.154 0.0000000000
23551  -49.083  -53.323  -1.625 0.0000000000
23564  -42.896  -52.872  -2.166 0.0000000000
23565  -43.814  -52.725  -2.342 0.0000000000
23566  -44.868  -52.785  -2.371 0.0000000000
23567  -48.982  -53.261  -2.645 0.0000000000
23580  -48.914  -53.076  -3.776 0.0000000000
24397  -47.160  -51.213  2.298 0.0000000000
24398  -47.964  -51.690  2.560 0.0000000000
24412  -39.566  -51.491  1.998 0.0000000000
24413  -46.023  -51.107  1.305 0.0000000000
24414  -46.791  -51.555  1.656 0.0000000000
24415  -47.605  -52.104  2.004 0.0000000000
24416  -50.848  -51.600  1.336 0.0000000000
24429  -39.428  -51.709  1.179 0.0000000000
24430  -39.775  -51.779  0.366 0.0000000000
24431  -44.766  -51.015  0.106 0.0000000000
24432  -45.642  -51.434  0.515 0.0000000000
24433  -46.460  -51.866  0.918 0.0000000000
24434  -47.888  -51.248  -0.341 0.0000000000
24435  -48.798  -51.644  0.297 0.0000000000
24436  -49.940  -51.909  0.830 0.0000000000
24448  -40.530  -51.789  -0.364 0.0000000000
24449  -41.412  -51.833  -0.873 0.0000000000
24450  -42.153  -51.211  -0.881 0.0000000000
24451  -43.116  -51.072  -0.845 0.0000000000
24452  -44.039  -51.110  -0.558 0.0000000000
24453  -48.620  -52.232  -0.447 0.0000000000
24466  -42.100  -51.905  -1.230 0.0000000000
24467  -42.799  -51.696  -1.314 0.0000000000
24468  -43.674  -51.634  -1.239 0.0000000000
24469  -47.400  -50.941  -1.269 0.0000000000
24470  -48.396  -52.415  -1.982 0.0000000000
24483  -48.497  -52.214  -3.058 0.0000000000
25355  -46.077  -50.047  2.381 0.0000000000
25356  -46.818  -50.412  2.632 0.0000000000
25357  -47.553  -50.824  2.823 0.0000000000
25371  -39.363  -50.093  2.146 0.0000000000
25372  -44.955  -50.007  1.389 0.0000000000
25373  -45.677  -50.381  1.705 0.0000000000
25374  -46.402  -50.778  2.013 0.0000000000
25375  -49.912  -50.799  1.149 0.0000000000
25388  -39.566  -50.914  0.799 0.0000000000
25389  -40.307  -50.976  0.059 0.0000000000
25390  -41.090  -50.287  -0.169 0.0000000000
25391  -42.911  -49.996  -0.159 0.0000000000
25392  -43.632  -49.943  0.320 0.0000000000
25393  -44.498  -50.299  0.641 0.0000000000
25394  -45.280  -50.680  0.931 0.0000000000
25395  -47.624  -50.465  0.128 0.0000000000
25396  -49.007  -50.878  0.787 0.0000000000
25406  -41.206  -51.111  -0.502 0.0000000000
25407  -41.847  -50.574  -0.480 0.0000000000
25408  -42.597  -50.514  -0.487 0.0000000000
25409  -43.396  -50.506  -0.313 0.0000000000
25410  -44.069  -50.546  -0.001 0.0000000000
25411  -46.920  -50.171  -1.124 0.0000000000
25412  -47.319  -50.557  -0.562 0.0000000000
26289  -46.498  -49.586  3.033 0.0000000000
26309  -45.073  -48.856  2.562 0.0000000000
26310  -45.782  -49.416  2.650 0.0000000000
26323  -39.373  -49.414  1.809 0.0000000000
26324  -43.316  -48.611  1.407 0.0000000000
26325  -44.647  -49.346  1.776 0.0000000000
26326  -45.371  -49.677  2.096 0.0000000000
26327  -48.236  -49.495  1.140 0.0000000000
26328  -49.078  -50.069  1.203 0.0000000000
26329  -50.017  -49.991  1.335 0.0000000000
26330  -51.178  -50.188  1.271 0.0000000000
26342  -39.496  -50.106  1.306 0.0000000000
26343  -42.819  -49.468  0.271 0.0000000000
26344  -43.463  -49.268  0.850 0.0000000000
26345  -44.218  -49.654  1.068 0.0000000000
26346  -46.778  -49.280  0.137 0.0000000000
26347  -47.482  -49.744  0.507 0.0000000000
26348  -48.238  -50.253  0.738 0.0000000000
26359  -42.077  -49.827  -0.183 0.0000000000
26360  -46.625  -49.423  -0.800 0.0000000000
26361  -47.035  -49.966  -0.261 0.0000000000
26372  -46.788  -49.529  -1.802 0.0000000000
27230  -43.691  -48.140  2.198 0.0000000000
27231  -44.807  -48.079  3.027 0.0000000000
27246  -39.519  -48.665  1.673 0.0000000000
27247  -40.047  -48.456  1.173 0.0000000000
27248  -41.257  -47.993  1.083 0.0000000000
27249  -42.202  -48.347  1.001 0.0000000000
27250  -44.209  -48.725  1.992 0.0000000000
27251  -46.658  -48.623  0.458 0.0000000000
27252  -47.372  -48.898  0.902 0.0000000000
27253  -48.285  -48.753  1.376 0.0000000000
27254  -49.478  -48.379  1.420 0.0000000000
27255  -51.559  -49.477  1.030 0.0000000000
27266  -39.743  -49.240  1.102 0.0000000000
27267  -40.444  -48.993  0.681 0.0000000000
27268  -41.269  -48.660  0.619 0.0000000000
27269  -42.771  -48.917  0.722 0.0000000000
27270  -51.860  -48.679  0.421 0.0000000000
27277  -46.343  -48.629  -0.388 0.0000000000
27289  -46.221  -48.141  -1.185 0.0000000000
27302  -46.596  -47.849  -2.252 0.0000000000
28142  -41.510  -47.056  1.986 0.0000000000
28143  -42.364  -47.243  2.197 0.0000000000
28144  -43.250  -47.479  2.487 0.0000000000
28145  -44.079  -47.758  2.811 0.0000000000
28161  -39.715  -47.901  1.717 0.0000000000
28162  -40.467  -47.748  1.408 0.0000000000
28163  -41.875  -47.655  1.562 0.0000000000
28164  -42.798  -47.890  1.784 0.0000000000
28165  -47.098  -47.458  1.445 0.0000000000
28166  -48.550  -48.150  1.521 0.0000000000
28167  -49.013  -47.532  1.574 0.0000000000
28168  -49.902  -47.607  1.283 0.0000000000
28178  -45.774  -47.318  0.169 0.0000000000
28179  -46.274  -48.005  0.366 0.0000000000
28180  -50.775  -47.717  0.735 0.0000000000
28190  -45.973  -47.833  -0.491 0.0000000000
28202  -45.724  -47.047  -0.809 0.0000000000
28203  -46.099  -46.726  -1.599 0.0000000000
28219  -46.600  -46.865  -2.344 0.0000000000
29056  -42.818  -46.795  2.827 0.0000000000
29072  -40.709  -47.040  1.891 0.0000000000
29073  -45.881  -46.381  1.283 0.0000000000
29074  -46.675  -46.647  1.601 0.0000000000
29075  -47.605  -46.752  1.763 0.0000000000
29076  -48.560  -46.807  1.720 0.0000000000
29077  -49.423  -46.860  1.477 0.0000000000
29078  -50.204  -46.888  1.099 0.0000000000
29087  -45.623  -46.680  0.633 0.0000000000
29088  -46.250  -47.283  1.019 0.0000000000
29098  -45.462  -46.573  -0.222 0.0000000000
29111  -45.743  -46.118  -1.251 0.0000000000
29112  -46.592  -46.038  -2.281 0.0000000000
29963  -45.850  -45.164  2.024 0.0000000000
29964  -46.650  -45.260  2.218 0.0000000000
29965  -47.396  -45.188  2.279 0.0000000000
29979  -45.520  -45.593  1.487 0.0000000000
29980  -46.290  -45.857  1.816 0.0000000000
29981  -47.256  -45.911  2.042 0.0000000000
29982  -48.051  -45.356  2.136 0.0000000000
29983  -48.839  -45.414  1.840 0.0000000000
29984  -49.739  -45.505  1.399 0.0000000000
29994  -44.853  -45.063  1.055 0.0000000000
29995  -45.248  -45.934  0.749 0.0000000000
29996  -50.555  -45.350  0.759 0.0000000000
29997  -51.153  -46.130  0.204 0.0000000000
30006  -44.903  -45.319  0.281 0.0000000000
30019  -45.584  -45.211  -1.171 0.0000000000
30020  -46.515  -45.242  -2.143 0.0000000000
30923  -44.899  -44.437  1.652 0.0000000000
30924  -45.405  -44.519  2.092 0.0000000000
30925  -46.150  -44.585  2.353 0.0000000000
30926  -47.083  -44.622  2.440 0.0000000000
30927  -47.940  -44.662  2.290 0.0000000000
30941  -45.276  -44.968  1.685 0.0000000000
30942  -48.567  -44.816  2.019 0.0000000000
30943  -49.255  -44.686  1.694 0.0000000000
30944  -50.087  -44.588  1.237 0.0000000000
30952  -44.544  -44.211  1.081 0.0000000000
30953  -50.771  -44.519  0.550 0.0000000000
30961  -44.714  -44.532  0.147 0.0000000000
30962  -45.331  -44.462  -0.898 0.0000000000
30963  -51.458  -44.459  -0.259 0.0000000000
30972  -46.339  -44.451  -1.902 0.0000000000
31852  -44.965  -43.999  2.104 0.0000000000
31853  -46.653  -43.895  2.584 0.0000000000
31854  -47.693  -43.920  2.438 0.0000000000
31855  -49.094  -43.089  1.904 0.0000000000
31868  -44.630  -43.772  1.706 0.0000000000
31869  -48.655  -44.020  2.059 0.0000000000
31870  -49.574  -43.833  1.566 0.0000000000
31871  -50.380  -43.640  0.988 0.0000000000
31880  -44.401  -43.533  1.195 0.0000000000
31882  -51.390  -43.425  -0.163 0.0000000000
31890  -44.513  -43.610  0.461 0.0000000000
31891  -44.989  -43.666  -0.523 0.0000000000
31902  -45.905  -43.710  -1.493 0.0000000000
31903  -46.923  -43.691  -2.606 0.0000000000
32734  -44.671  -41.759  2.817 0.0000000000
32735  -45.187  -42.120  3.054 0.0000000000
32736  -45.951  -42.387  3.096 0.0000000000
32752  -44.781  -43.218  2.261 0.0000000000
32753  -45.366  -42.885  2.760 0.0000000000
32754  -46.264  -43.139  2.813 0.0000000000
32755  -46.891  -42.430  2.929 0.0000000000
32756  -47.837  -42.364  2.628 0.0000000000
32757  -48.713  -42.308  2.261 0.0000000000
32770  -44.387  -43.011  1.672 0.0000000000
32771  -49.439  -42.227  1.796 0.0000000000
32772  -50.058  -42.148  1.325 0.0000000000
32783  -44.293  -42.837  0.889 0.0000000000
32784  -50.567  -42.128  0.799 0.0000000000
32796  -44.721  -42.623  -0.104 0.0000000000
32797  -45.415  -41.721  -0.835 0.0000000000
32804  -46.339  -41.970  -1.987 0.0000000000
32805  -47.165  -42.808  -3.037 0.0000000000
33705  -44.555  -41.059  3.019 0.0000000000
33706  -44.948  -41.362  3.282 0.0000000000
33707  -45.714  -41.622  3.354 0.0000000000
33708  -47.390  -41.569  3.044 0.0000000000
33709  -48.076  -40.870  2.948 0.0000000000
33727  -44.255  -40.310  1.984 0.0000000000
33728  -44.399  -41.107  2.520 0.0000000000
33729  -48.330  -41.589  2.600 0.0000000000
33730  -49.126  -41.431  2.181 0.0000000000
33746  -44.236  -41.394  1.953 0.0000000000
33747  -49.751  -41.466  1.629 0.0000000000
33748  -50.293  -41.419  1.123 0.0000000000
33760  -44.392  -40.709  1.236 0.0000000000
33761  -50.748  -41.387  0.550 0.0000000000
33771  -39.855  -41.280  -0.703 0.0000000000
33773  -44.812  -40.520  0.330 0.0000000000
33774  -45.329  -40.453  -0.473 0.0000000000
33779  -39.637  -40.938  -1.771 0.0000000000
33783  -45.928  -40.592  -1.393 0.0000000000
33784  -46.645  -40.661  -2.391 0.0000000000
33798  -47.275  -40.431  -3.466 0.0000000000
34625  -45.572  -39.880  4.065 0.0000000000
34631  -44.731  -40.578  3.383 0.0000000000
34632  -45.473  -40.732  3.659 0.0000000000
34633  -46.322  -40.301  3.848 0.0000000000
34634  -47.128  -39.925  3.735 0.0000000000
34635  -47.928  -40.073  3.281 0.0000000000
34647  -44.239  -38.931  2.135 0.0000000000
34648  -44.337  -40.199  2.948 0.0000000000
34649  -48.587  -40.248  2.777 0.0000000000
34650  -49.138  -40.548  2.302 0.0000000000
34661  -38.764  -40.135  1.061 0.0000000000
34662  -39.628  -40.162  1.392 0.0000000000
34663  -40.676  -40.221  1.365 0.0000000000
34664  -41.602  -39.947  1.206 0.0000000000
34665  -44.491  -39.160  1.304 0.0000000000
34666  -49.644  -40.145  1.871 0.0000000000
34667  -50.008  -40.741  1.439 0.0000000000
34677  -38.622  -40.353  0.312 0.0000000000
34678  -39.291  -40.647  0.641 0.0000000000
34679  -41.012  -40.734  0.758 0.0000000000
34680  -41.852  -40.329  0.555 0.0000000000
34681  -42.610  -39.778  0.293 0.0000000000
34682  -44.777  -39.229  0.642 0.0000000000
34683  -50.485  -40.702  0.872 0.0000000000
34684  -50.921  -40.698  0.275 0.0000000000
34690  -38.524  -40.328  -0.542 0.0000000000
34691  -39.051  -40.719  -1.116 0.0000000000
34693  -42.914  -39.882  -0.291 0.0000000000
34694  -43.917  -38.956  -0.543 0.0000000000
34695  -45.224  -39.194  -0.103 0.0000000000
34696  -45.714  -39.268  -0.950 0.0000000000
34697  -51.319  -40.708  -0.347 0.0000000000
34701  -38.464  -40.109  -1.422 0.0000000000
34702  -38.924  -40.295  -2.015 0.0000000000
34705  -46.344  -39.366  -1.809 0.0000000000
34706  -46.787  -39.631  -2.658 0.0000000000
34727  -47.016  -39.341  -3.249 0.0000000000
35578  -45.698  -39.137  4.372 0.0000000000
35579  -46.412  -38.928  4.381 0.0000000000
35587  -44.416  -38.764  3.540 0.0000000000
35588  -46.390  -39.565  4.178 0.0000000000
35589  -47.069  -39.097  4.144 0.0000000000
35590  -47.758  -39.242  3.611 0.0000000000
35604  -40.180  -38.936  2.165 0.0000000000
35605  -40.980  -38.826  2.172 0.0000000000
35606  -44.008  -38.212  2.325 0.0000000000
35607  -44.221  -39.082  2.958 0.0000000000
35608  -48.461  -39.408  3.110 0.0000000000
35609  -49.132  -39.587  2.475 0.0000000000
35622  -38.267  -39.503  1.234 0.0000000000
35623  -39.534  -39.323  1.854 0.0000000000
35624  -40.370  -39.542  1.824 0.0000000000
35625  -41.314  -39.416  1.735 0.0000000000
35626  -42.717  -39.162  0.954 0.0000000000
35627  -43.925  -38.247  1.657 0.0000000000
35628  -44.216  -38.465  1.032 0.0000000000
35629  -49.737  -39.243  1.891 0.0000000000
35630  -50.233  -39.861  1.227 0.0000000000
35639  -37.675  -39.328  0.640 0.0000000000
35640  -38.241  -39.883  0.694 0.0000000000
35641  -43.654  -38.789  0.313 0.0000000000
35642  -44.374  -38.503  0.477 0.0000000000
35643  -44.543  -38.632  0.590 0.0000000000
35644  -50.673  -39.352  0.549 0.0000000000
35645  -51.092  -39.018  -0.158 0.0000000000
35651  -37.461  -39.245  -0.272 0.0000000000
35652  -38.033  -39.879  0.018 0.0000000000
35654  -44.810  -38.553  0.078 0.0000000000
35655  -45.306  -38.592  -0.683 0.0000000000
35656  -51.402  -39.438  -0.784 0.0000000000
35664  -38.000  -39.723  -0.877 0.0000000000
35669  -51.590  -38.887  -1.650 0.0000000000
36449  -44.739  -38.508  4.130 0.0000000000
36450  -45.217  -38.545  4.389 0.0000000000
36451  -45.989  -38.429  4.483 0.0000000000
36452  -46.790  -38.355  4.332 0.0000000000
36464  -44.367  -37.967  3.745 0.0000000000
36465  -47.547  -38.425  3.945 0.0000000000
36466  -48.245  -38.553  3.423 0.0000000000
36480  -38.867  -37.923  2.112 0.0000000000
36481  -39.567  -38.505  2.153 0.0000000000
36482  -40.503  -38.179  2.318 0.0000000000
36483  -41.583  -38.059  2.352 0.0000000000
36484  -42.590  -37.756  2.380 0.0000000000
36485  -43.651  -37.855  2.544 0.0000000000
36486  -48.853  -38.711  2.874 0.0000000000
36487  -49.339  -38.796  2.395 0.0000000000
36496  -37.737  -38.746  1.326 0.0000000000
36497  -38.658  -38.842  1.760 0.0000000000
36498  -43.384  -38.100  2.114 0.0000000000
36499  -49.696  -38.370  2.029 0.0000000000
36500  -50.241  -38.686  1.258 0.0000000000
36507  -37.211  -38.616  0.738 0.0000000000
36508  -50.770  -38.438  0.385 0.0000000000
36512  -37.003  -38.625  0.026 0.0000000000
36513  -51.186  -38.199  -0.389 0.0000000000
36519  -51.444  -38.092  -1.209 0.0000000000
37245  -44.869  -37.788  4.314 0.0000000000
37246  -45.519  -37.261  4.425 0.0000000000
37247  -46.302  -37.610  4.422 0.0000000000
37248  -47.219  -37.625  4.158 0.0000000000
37264  -43.797  -37.346  3.234 0.0000000000
37265  -47.989  -37.713  3.696 0.0000000000
37266  -48.651  -37.866  3.142 0.0000000000
37279  -39.734  -37.667  2.215 0.0000000000
37280  -41.100  -37.478  2.379 0.0000000000
37281  -41.936  -37.234  2.529 0.0000000000
37282  -42.953  -37.144  2.700 0.0000000000
37283  -49.205  -38.093  2.589 0.0000000000
37284  -49.539  -37.673  2.237 0.0000000000
37292  -37.052  -36.944  1.294 0.0000000000
37293  -37.674  -37.277  1.587 0.0000000000
37294  -38.373  -37.311  1.847 0.0000000000
37295  -39.127  -37.100  2.028 0.0000000000
37296  -49.986  -37.741  1.669 0.0000000000
37299  -36.783  -37.978  0.484 0.0000000000
37300  -50.489  -37.731  0.912 0.0000000000
37301  -50.984  -37.585  0.109 0.0000000000
37304  -36.491  -37.198  -0.010 0.0000000000
37305  -51.322  -37.439  -0.690 0.0000000000
37311  -51.560  -37.341  -1.547 0.0000000000
37322  -51.829  -37.265  -2.442 0.0000000000
37323  -52.141  -37.187  -3.214 0.0000000000
38106  -44.892  -36.047  4.125 0.0000000000
38107  -45.558  -36.459  4.313 0.0000000000
38108  -46.299  -36.188  4.195 0.0000000000
38109  -46.799  -36.851  4.202 0.0000000000
38119  -43.110  -35.740  3.043 0.0000000000
38120  -43.827  -36.130  3.469 0.0000000000
38121  -47.135  -36.077  3.870 0.0000000000
38122  -47.636  -36.868  3.826 0.0000000000
38123  -48.410  -37.002  3.363 0.0000000000
38135  -39.948  -36.887  2.015 0.0000000000
38136  -40.809  -36.749  2.205 0.0000000000
38137  -41.652  -36.396  2.441 0.0000000000
38138  -42.547  -36.507  2.730 0.0000000000
38139  -43.346  -36.631  3.116 0.0000000000
38140  -49.086  -37.197  2.730 0.0000000000
38141  -49.254  -36.365  2.464 0.0000000000
38144  -37.024  -36.073  1.254 0.0000000000
38145  -37.723  -36.445  1.594 0.0000000000
38146  -38.525  -36.606  1.786 0.0000000000
38147  -39.315  -36.303  1.752 0.0000000000
38148  -40.210  -36.163  1.721 0.0000000000
38149  -49.669  -37.007  2.084 0.0000000000
38150  -50.214  -36.965  1.399 0.0000000000
38153  -36.630  -36.566  0.765 0.0000000000
38154  -50.721  -36.922  0.614 0.0000000000
38155  -51.181  -36.825  -0.146 0.0000000000
38158  -36.343  -36.196  -0.062 0.0000000000
38159  -51.444  -36.689  -0.947 0.0000000000
38169  -51.718  -36.602  -1.783 0.0000000000
38178  -52.066  -36.611  -2.648 0.0000000000
38997  -45.612  -35.654  4.065 0.0000000000
39004  -43.956  -35.338  3.450 0.0000000000
39005  -45.722  -34.847  3.620 0.0000000000
39006  -46.470  -35.416  3.784 0.0000000000
39007  -47.356  -35.299  3.355 0.0000000000
39008  -48.066  -36.065  3.342 0.0000000000
39015  -41.013  -35.930  1.959 0.0000000000
39016  -41.727  -35.489  2.266 0.0000000000
39017  -42.511  -35.072  2.606 0.0000000000
39018  -43.390  -34.767  3.006 0.0000000000
39019  -48.178  -35.192  2.809 0.0000000000
39020  -48.759  -35.783  2.702 0.0000000000
39021  -49.313  -35.696  2.266 0.0000000000
39024  -37.596  -35.652  1.442 0.0000000000
39025  -39.566  -35.442  1.366 0.0000000000
39026  -40.493  -35.571  1.486 0.0000000000
39027  -41.143  -35.261  1.634 0.0000000000
39028  -49.646  -35.308  1.828 0.0000000000
39029  -50.156  -35.596  1.427 0.0000000000
39033  -36.620  -35.643  0.689 0.0000000000
39034  -37.114  -35.224  1.173 0.0000000000
39035  -50.605  -35.529  0.837 0.0000000000
39036  -51.074  -35.516  0.168 0.0000000000
39041  -36.303  -35.247  -0.121 0.0000000000
39042  -51.610  -35.839  -1.100 0.0000000000
39054  -52.404  -35.073  -2.285 0.0000000000
39066  -51.997  -35.874  -2.020 0.0000000000
39890  -44.282  -34.582  3.287 0.0000000000
39891  -46.626  -34.620  3.231 0.0000000000
39896  -41.859  -34.765  2.017 0.0000000000
39897  -42.811  -34.228  2.328 0.0000000000
39898  -44.703  -33.950  2.981 0.0000000000
39899  -45.741  -34.019  3.000 0.0000000000
39900  -47.516  -34.565  2.750 0.0000000000
39901  -48.985  -35.023  2.274 0.0000000000
39905  -37.848  -34.937  1.377 0.0000000000
39906  -38.702  -34.751  1.302 0.0000000000
39907  -39.512  -34.579  0.966 0.0000000000
39908  -40.367  -35.021  1.045 0.0000000000
39909  -41.170  -34.766  1.210 0.0000000000
39910  -41.939  -34.251  1.474 0.0000000000
39911  -48.938  -34.299  1.802 0.0000000000
39912  -49.468  -34.690  1.713 0.0000000000
39917  -36.751  -34.661  0.631 0.0000000000
39918  -37.352  -34.550  1.097 0.0000000000
39919  -39.535  -33.671  0.644 0.0000000000
39920  -40.126  -34.462  0.597 0.0000000000
39921  -40.635  -34.625  0.630 0.0000000000
39922  -50.746  -34.812  0.555 0.0000000000
39923  -51.239  -34.840  -0.063 0.0000000000
39927  -36.379  -34.319  -0.229 0.0000000000
39928  -51.417  -34.129  -0.364 0.0000000000
39940  -51.857  -34.157  -0.999 0.0000000000
40829  -42.818  -33.629  1.618 0.0000000000
40830  -43.490  -33.652  2.215 0.0000000000
40831  -44.283  -33.506  2.380 0.0000000000
40832  -47.736  -34.027  2.241 0.0000000000
40833  -48.298  -34.476  2.302 0.0000000000
40837  -37.987  -33.997  1.137 0.0000000000
40838  -38.583  -33.469  0.897 0.0000000000
40839  -41.146  -34.447  0.439 0.0000000000
40840  -42.085  -33.822  0.894 0.0000000000
40841  -43.795  -33.139  1.596 0.0000000000
40842  -44.769  -33.043  1.858 0.0000000000
40843  -45.468  -33.078  1.915 0.0000000000
40844  -46.017  -33.378  2.236 0.0000000000
40847  -49.606  -34.049  1.280 0.0000000000
40850  -36.844  -33.798  0.368 0.0000000000
40851  -37.416  -33.560  0.690 0.0000000000
40852  -37.939  -33.107  0.736 0.0000000000
40853  -40.562  -34.187  0.145 0.0000000000
40854  -41.045  -34.164  -0.607 0.0000000000
40855  -41.752  -33.909  -0.036 0.0000000000
40856  -42.882  -33.262  0.755 0.0000000000
40858  -50.337  -34.088  0.751 0.0000000000
40859  -50.940  -34.088  0.208 0.0000000000
40861  -36.526  -33.424  -0.378 0.0000000000
40862  -37.155  -32.928  0.235 0.0000000000
40863  -40.834  -33.955  -0.635 0.0000000000
40864  -41.332  -33.936  -1.425 0.0000000000
40865  -41.559  -33.961  -1.095 0.0000000000
40878  -41.542  -34.026  -2.137 0.0000000000
40879  -41.641  -34.110  -1.949 0.0000000000
40893  -41.795  -34.158  -2.631 0.0000000000
40894  -42.065  -34.210  -2.921 0.0000000000
41726  -43.795  -32.773  0.761 0.0000000000
41727  -44.578  -32.712  1.155 0.0000000000
41728  -45.353  -32.744  1.343 0.0000000000
41729  -46.061  -32.901  1.537 0.0000000000
41735  -38.706  -32.750  0.679 0.0000000000
41736  -40.228  -33.186  0.164 0.0000000000
41737  -42.660  -33.282  -0.278 0.0000000000
41747  -36.736  -32.683  -0.538 0.0000000000
41750  -40.924  -33.368  -1.074 0.0000000000
41751  -42.331  -33.681  -1.356 0.0000000000
106857  -49.661  -55.228  0.018 0.0000000000
107078  -46.530  -41.067  3.505 0.0000000000
107289  -43.807  -34.045  2.786 0.0000000000
107776  -42.303  -35.816  2.626 0.0000000000
108125  -44.579  -39.737  3.494 0.0000000000
108410  -44.836  -35.214  3.733 0.0000000000
108433  -40.114  -40.794  0.815 0.0000000000
108710  -44.381  -35.821  3.735 0.0000000000
108718  -42.716  -58.455  -5.461 0.0000000000
108731  -38.014  -38.019  1.726 0.0000000000
108985  -49.430  -55.361  0.089 0.0000000000
109064  -39.452  -50.872  1.631 0.0000000000
109178  -37.229  -34.081  0.840 0.0000000000
109766  -50.444  -36.224  1.125 0.0000000000
109859  -49.172  -49.191  1.411 0.0000000000
110167  -45.102  -53.374  -3.179 0.0000000000
110204  -44.442  -42.217  2.230 0.0000000000
110205  -44.156  -57.502  1.677 0.0000000000
110213  -44.969  -52.368  -1.542 0.0000000000
110258  -39.124  -40.851  -0.194 0.0000000000
110396  -48.670  -40.945  2.550 0.0000000000
110452  -51.106  -39.928  -0.049 0.0000000000
110500  -51.353  -38.726  -0.804 0.0000000000
110629  -40.415  -37.399  2.266 0.0000000000
111286  -45.161  -33.459  2.451 0.0000000000
111442  -41.217  -56.875  -1.950 0.0000000000
111706  -50.284  -49.291  1.271 0.0000000000
111753  -46.499  -41.843  3.220 0.0000000000
112036  -48.436  -55.303  -0.977 0.0000000000
112462  -51.693  -38.078  -2.242 0.0000000000
112481  -40.250  -54.914  1.049 0.0000000000
112867  -50.388  -46.158  0.906 0.0000000000
113049  -50.755  -50.732  1.288 0.0000000000
113541  -44.243  -42.074  1.477 0.0000000000
113563  -44.869  -36.863  4.252 0.0000000000
113601  -45.208  -45.816  -0.263 0.0000000000
113925  -43.453  -37.545  2.732 0.0000000000
113983  -46.499  -48.743  -1.498 0.0000000000
114146  -49.832  -36.154  1.836 0.0000000000
114449  -38.925  -39.661  1.500 0.0000000000
114774  -51.599  -34.933  -0.712 0.0000000000
115001  -37.200  -37.868  1.250 0.0000000000
115279  -41.585  -56.960  -2.785 0.0000000000
115345  -43.899  -38.345  1.010 0.0000000000
115378  -45.052  -34.481  3.386 0.0000000000
115398  -47.766  -54.741  -4.615 0.0000000000
115600  -46.872  -33.853  2.476 0.0000000000
115601  -50.124  -34.832  1.271 0.0000000000
115818  -48.225  -46.074  1.924 0.0000000000
116515  -46.773  -33.213  1.713 0.0000000000
116524  -47.643  -48.170  1.367 0.0000000000
116549  -46.111  -36.859  4.383 0.0000000000
116643  -51.457  -40.146  -0.726 0.0000000000
117009  -42.433  -58.161  -4.184 0.0000000000
117044  -49.831  -42.957  1.432 0.0000000000
117145  -51.293  -36.108  -0.350 0.0000000000
117205  -51.993  -35.039  -1.435 0.0000000000
117217  -48.242  -43.136  2.332 0.0000000000
117546  -50.596  -48.546  1.048 0.0000000000
117563  -50.914  -36.198  0.367 0.0000000000
117739  -48.615  -52.598  -1.170 0.0000000000
117983  -42.415  -54.226  -2.697 0.0000000000
118056  -50.680  -40.114  0.583 0.0000000000
118147  -48.047  -47.496  1.627 0.0000000000
118163  -41.160  -49.435  0.224 0.0000000000
118255  -46.124  -47.449  -1.419 0.0000000000
118590  -51.221  -45.292  0.089 0.0000000000
118888  -42.052  -49.048  0.337 0.0000000000
118986  -45.536  -37.941  4.473 0.0000000000
119010  -47.293  -43.150  2.643 0.0000000000
119075  -49.104  -46.148  1.671 0.0000000000
119390  -47.154  -41.704  -3.203 0.0000000000
119395  -49.548  -40.871  1.892 0.0000000000
119402  -49.776  -46.294  1.339 0.0000000000
119473  -46.432  -43.035  -2.037 0.0000000000
119640  -44.439  -41.794  0.616 0.0000000000
119841  -46.827  -48.111  0.990 0.0000000000
119868  -43.181  -38.424  1.565 0.0000000000
119978  -44.844  -41.499  -0.097 0.0000000000
120020  -45.568  -42.836  -1.139 0.0000000000
120072  -41.153  -47.467  1.522 0.0000000000
120094  -47.985  -51.812  -1.243 0.0000000000
120138  -42.179  -39.107  1.545 0.0000000000
120270  -50.362  -42.771  1.029 0.0000000000
120445  -45.573  -43.794  2.457 0.0000000000
121035  -38.056  -36.910  1.742 0.0000000000
121051  -38.468  -35.699  1.582 0.0000000000
121816  -45.568  -52.423  -0.868 0.0000000000
122524  -44.011  -37.987  3.120 0.0000000000
122531  -51.382  -35.475  -0.406 0.0000000000
123596  -44.390  -48.315  2.542 0.0000000000
123678  -41.434  -57.482  -0.644 0.0000000000
123700  -48.723  -36.465  2.948 0.0000000000
123785  -44.355  -37.226  3.817 0.0000000000
123908  -44.079  -38.399  2.917 0.0000000000
123957  -45.405  -59.986  -1.054 0.0000000000
124111  -47.353  -40.678  3.371 0.0000000000
124401  -40.152  -49.973  0.494 0.0000000000
124431  -40.658  -48.353  0.925 0.0000000000
124696  -45.053  -45.086  -0.378 0.0000000000
124930  -44.943  -39.293  4.116 0.0000000000
125006  -44.976  -40.082  3.808 0.0000000000
125089  -44.374  -36.478  3.813 0.0000000000
125188  -44.812  -42.462  2.644 0.0000000000
125193  -50.378  -54.243  0.822 0.0000000000
125572  -42.149  -38.460  2.105 0.0000000000
125740  -42.792  -56.882  -4.622 0.0000000000
125918  -45.652  -59.623  0.948 0.0000000000
126150  -49.615  -54.141  -1.278 0.0000000000
126387  -41.363  -36.987  2.428 0.0000000000
126393  -48.261  -50.885  0.352 0.0000000000
126472  -48.861  -48.607  1.486 0.0000000000
126518  -46.857  -40.497  3.628 0.0000000000
126669  -43.929  -36.783  3.478 0.0000000000
126926  -38.840  -34.045  1.062 0.0000000000
127096  -42.057  -38.113  2.311 0.0000000000
127273  -43.315  -55.955  2.435 0.0000000000
127438  -49.003  -55.632  -2.733 0.0000000000
127471  -51.772  -38.708  -2.412 0.0000000000
127610  -43.992  -49.116  1.423 0.0000000000
127614  -45.319  -46.284  0.256 0.0000000000
127809  -41.126  -56.897  -0.178 0.0000000000
127906  -43.287  -32.928  0.361 0.0000000000
128036  -40.914  -55.249  -1.700 0.0000000000
128047  -44.294  -40.177  2.464 0.0000000000
128278  -44.646  -51.394  -0.432 0.0000000000
128350  -50.978  -43.802  0.345 0.0000000000
128352  -49.606  -55.251  -0.872 0.0000000000
128764  -36.733  -37.328  0.866 0.0000000000
128788  -37.304  -38.976  0.308 0.0000000000
