#!ascii label , from subject sub-01 lh ROI=mOTS-words contrast=RWvsAllNotext clusters=23,25,27 source=miguel_cluster_mapping.csv
120
33659  -56.441000  -39.128000  -0.880000 1
33682  -57.297000  -40.343000  -3.172000 1
34643  -56.031000  -38.332000  -0.342000 1
34644  -56.810000  -38.587000  -1.828000 1
34660  -57.648000  -39.175000  -4.194000 1
35659  -53.931000  -36.503000  0.384000 1
35660  -54.545000  -37.760000  0.870000 1
35672  -56.313000  -37.727000  -1.085000 1
35673  -57.180000  -38.139000  -3.106000 1
35682  -58.254000  -38.477000  -4.393000 1
36658  -51.371000  -35.768000  0.670000 1
36659  -52.289000  -36.083000  0.731000 1
36660  -53.186000  -36.343000  0.611000 1
36661  -54.604000  -37.001000  0.319000 1
36673  -53.593000  -35.858000  -0.112000 1
36674  -54.452000  -36.264000  -0.314000 1
36675  -55.530000  -36.883000  -0.760000 1
36676  -56.511000  -37.315000  -2.012000 1
36684  -55.053000  -35.994000  -1.250000 1
36685  -56.130000  -36.603000  -2.100000 1
36686  -57.280000  -37.534000  -3.941000 1
36694  -56.571000  -36.584000  -3.460000 1
36695  -57.583000  -37.240000  -4.836000 1
36705  -57.569000  -36.850000  -5.006000 1
37572  -51.864000  -35.330000  0.038000 1
37573  -52.728000  -35.588000  0.002000 1
37586  -52.148000  -34.821000  -0.643000 1
37587  -53.055000  -35.101000  -0.776000 1
37588  -54.043000  -35.460000  -0.896000 1
37596  -54.569000  -35.158000  -1.756000 1
37597  -55.586000  -35.802000  -2.335000 1
37603  -56.154000  -35.771000  -3.561000 1
37604  -56.776000  -35.992000  -4.779000 1
38533  -51.452000  -34.116000  -1.065000 1
38534  -52.416000  -34.307000  -1.338000 1
38541  -52.863000  -33.879000  -1.858000 1
38542  -53.463000  -34.575000  -1.544000 1
38543  -55.158000  -34.877000  -2.794000 1
38547  -54.512000  -33.909000  -2.850000 1
38548  -55.290000  -34.267000  -3.477000 1
38549  -55.964000  -35.010000  -4.107000 1
38558  -55.854000  -34.115000  -4.395000 1
38559  -56.755000  -35.030000  -5.072000 1
39420  -52.183000  -33.700000  -1.433000 1
39424  -52.879000  -33.257000  -1.874000 1
39425  -53.546000  -33.566000  -2.329000 1
39432  -53.534000  -32.851000  -2.368000 1
39433  -54.187000  -33.070000  -2.919000 1
39434  -55.053000  -33.489000  -3.529000 1
39439  -54.846000  -32.635000  -3.546000 1
39440  -55.624000  -33.105000  -4.327000 1
39441  -56.579000  -33.642000  -5.106000 1
40436  -54.201000  -32.385000  -2.854000 1
40445  -55.411000  -32.291000  -4.209000 1
110454  -57.136000  -39.548000  -2.646000 1
114822  -53.709000  -37.146000  1.043000 1
115310  -54.107000  -34.337000  -2.162000 1
122136  -56.901000  -36.569000  -4.517000 1
125823  -53.414000  -34.085000  -2.027000 1
36616  -43.003000  -36.080000  2.989000 1
36617  -43.855000  -36.351000  3.190000 1
36618  -44.827000  -36.344000  3.167000 1
36619  -45.765000  -36.179000  2.978000 1
36625  -44.389000  -36.818000  2.546000 1
36626  -45.317000  -36.763000  2.465000 1
37510  -42.812000  -34.875000  4.063000 1
37511  -43.287000  -35.129000  4.292000 1
37512  -43.991000  -35.367000  4.450000 1
37513  -44.864000  -35.393000  4.379000 1
37514  -45.795000  -35.258000  4.184000 1
37524  -42.905000  -35.388000  3.615000 1
37525  -43.530000  -35.725000  3.729000 1
37526  -44.359000  -35.851000  3.793000 1
37527  -45.302000  -35.782000  3.683000 1
37528  -46.215000  -35.594000  3.450000 1
37529  -47.039000  -35.327000  3.117000 1
37540  -42.605000  -35.771000  2.235000 1
37541  -46.644000  -35.948000  2.703000 1
37555  -42.443000  -35.218000  1.477000 1
37556  -48.495000  -35.298000  1.505000 1
38451  -43.110000  -33.978000  5.438000 1
38453  -44.312000  -34.355000  5.645000 1
38454  -45.092000  -34.429000  5.511000 1
38466  -42.903000  -34.413000  4.669000 1
38467  -43.671000  -34.659000  5.089000 1
38468  -44.516000  -34.891000  5.019000 1
38469  -45.407000  -34.845000  4.848000 1
38470  -46.290000  -34.656000  4.602000 1
38484  -42.571000  -34.737000  3.521000 1
38485  -46.664000  -35.008000  3.888000 1
38498  -42.421000  -34.338000  2.829000 1
38499  -47.719000  -34.960000  2.635000 1
38500  -48.388000  -34.634000  2.046000 1
38509  -42.418000  -34.156000  1.530000 1
38510  -48.845000  -34.758000  1.315000 1
39357  -42.372000  -33.753000  4.279000 1
39372  -42.346000  -33.735000  3.450000 1
39395  -42.486000  -33.183000  1.787000 1
108166  -42.564000  -35.298000  2.933000 1
109483  -42.545000  -34.331000  4.039000 1
113691  -42.391000  -34.836000  2.201000 1
114315  -42.946000  -36.383000  2.196000 1
117617  -43.533000  -36.670000  2.451000 1
122186  -42.388000  -33.947000  2.186000 1
39375  -49.832000  -32.811000  2.811000 1
40358  -49.447000  -32.303000  4.354000 1
40359  -50.183000  -32.038000  4.077000 1
40373  -50.401000  -32.319000  3.333000 1
40374  -51.176000  -32.152000  2.918000 1
41348  -49.643000  -31.301000  5.599000 1
41361  -49.929000  -31.692000  4.791000 1
41362  -50.575000  -31.534000  4.492000 1
41363  -51.778000  -31.108000  4.076000 1
41373  -51.007000  -31.717000  3.850000 1
42352  -51.695000  -29.819000  5.245000 1
42360  -51.338000  -30.564000  4.997000 1
42361  -52.029000  -30.371000  4.652000 1
108085  -51.154000  -31.156000  4.539000 1
112602  -50.450000  -32.574000  2.629000 1
127794  -51.570000  -30.808000  4.553000 1
