#!ascii label  , from subject sub-10 vox2ras=TkReg
1937
38198  -28.273  -36.651  -5.188 0.5000000000
113072  -29.136  -36.453  -5.322 0.5000000000
39087  -29.340  -35.644  -5.235 0.4000000060
38199  -29.967  -36.264  -5.433 0.5000000000
114813  -29.473  -34.950  -5.176 0.5000000000
39970  -29.907  -34.484  -5.308 0.5000000000
57543  -31.085  -15.287  -5.854 0.5000000000
57544  -32.062  -15.165  -5.591 0.4000000060
58507  -32.301  -14.579  -6.185 0.4000000060
57545  -32.966  -15.079  -5.339 0.4000000060
57546  -33.695  -14.992  -5.046 0.5000000000
58508  -33.400  -14.639  -5.887 0.5000000000
57532  -34.210  -15.187  -4.435 0.5000000000
58495  -34.329  -14.766  -5.123 0.4000000060
121886  -35.404  -14.884  -3.762 0.5000000000
58496  -34.967  -14.791  -4.404 0.5000000000
58509  -35.175  -14.603  -5.370 0.4000000060
116747  -28.737  -38.075  -5.494 0.5000000000
37341  -28.938  -37.270  -5.405 0.4000000060
114021  -29.832  -37.104  -5.509 0.5000000000
37342  -30.531  -36.865  -5.625 0.5000000000
38200  -30.793  -36.168  -5.617 0.5000000000
39089  -31.113  -35.394  -5.660 0.5000000000
39971  -30.670  -34.640  -5.519 0.5000000000
40921  -30.318  -33.889  -5.459 0.5000000000
57527  -30.075  -16.245  -5.564 0.5000000000
57541  -29.216  -15.914  -6.293 0.5000000000
57542  -30.049  -15.464  -6.098 0.5000000000
58505  -30.240  -14.747  -6.616 0.5000000000
58506  -31.280  -14.616  -6.394 0.5000000000
58512  -38.047  -14.272  -5.996 0.3000000119
122108  -34.395  -14.585  -6.009 0.4000000060
111702  -36.525  -14.451  -4.792 0.4000000060
58510  -36.256  -14.665  -5.798 0.3000000119
58511  -37.266  -14.456  -5.488 0.4000000060
39088  -30.182  -35.364  -5.389 0.5000000000
111086  -29.864  -33.214  -5.388 0.5000000000
60303  -38.827  -13.074  -5.118 0.3000000119
59429  -37.901  -14.024  -5.074 0.3000000119
26420  -38.125  -49.212  -5.855 0.3000000119
27340  -38.905  -48.865  -6.176 0.3000000119
27341  -39.843  -48.547  -6.468 0.4000000060
26432  -39.701  -49.398  -6.760 0.4000000060
26433  -40.707  -49.085  -7.195 0.4000000060
27343  -41.794  -48.122  -7.554 0.4000000060
26438  -40.575  -49.936  -7.451 0.4000000060
27348  -42.124  -48.392  -8.015 0.4000000060
28262  -42.288  -47.407  -8.173 0.4000000060
121721  -39.003  -47.954  -5.748 0.3000000119
28249  -39.607  -47.037  -5.670 0.3000000119
29160  -40.420  -46.432  -6.021 0.4000000060
27330  -39.944  -47.778  -6.270 0.4000000060
28256  -40.600  -47.261  -6.445 0.4000000060
27342  -40.933  -48.176  -6.908 0.4000000060
29167  -42.154  -46.878  -7.490 0.4000000060
28261  -42.265  -47.641  -7.875 0.4000000060
111839  -42.833  -46.172  -8.154 0.4000000060
31039  -42.405  -44.715  -9.104 0.4000000060
29172  -42.455  -46.529  -8.399 0.4000000060
31935  -42.421  -42.947  -4.776 0.3000000119
31943  -41.793  -43.689  -5.405 0.3000000119
31944  -42.748  -43.116  -6.065 0.3000000119
30070  -41.123  -45.884  -6.371 0.4000000060
31032  -42.542  -44.570  -7.129 0.4000000060
30071  -41.924  -45.360  -6.909 0.4000000060
30072  -42.928  -45.366  -7.670 0.4000000060
31036  -43.699  -44.583  -8.268 0.4000000060
30083  -42.906  -45.763  -8.383 0.4000000060
33850  -43.461  -41.856  -8.985 0.4000000060
31964  -42.902  -44.132  -9.124 0.4000000060
33837  -41.416  -41.043  -7.579 0.4000000060
33849  -42.493  -41.728  -8.750 0.4000000060
118455  -42.514  -43.344  -9.180 0.4000000060
112943  -42.282  -43.155  -3.922 0.3000000119
31010  -40.588  -44.402  -4.455 0.3000000119
32851  -43.499  -42.424  -5.412 0.3000000119
32862  -43.992  -42.676  -6.926 0.3000000119
31955  -44.437  -43.183  -7.955 0.3000000119
31959  -43.892  -44.102  -8.098 0.4000000060
32874  -44.641  -42.438  -8.540 0.4000000060
34785  -43.131  -40.917  -8.075 0.4000000060
33847  -43.937  -41.376  -8.629 0.4000000060
32873  -43.978  -42.572  -8.996 0.4000000060
34778  -42.160  -40.756  -7.398 0.4000000060
34768  -41.792  -40.480  -5.836 0.4000000060
32835  -43.171  -42.714  -4.144 0.3000000119
32836  -44.317  -42.136  -4.864 0.3000000119
33830  -46.352  -41.035  -7.059 0.3000000119
32864  -45.752  -41.522  -7.673 0.4000000060
32863  -45.153  -42.280  -7.756 0.4000000060
34787  -45.615  -41.129  -7.988 0.4000000060
32869  -44.957  -42.504  -8.169 0.4000000060
34755  -44.010  -40.310  -4.622 0.3000000119
108187  -43.742  -40.310  -5.619 0.4000000060
33848  -44.948  -41.512  -8.393 0.4000000060
34754  -42.679  -40.566  -4.997 0.3000000119
34769  -42.985  -40.460  -6.136 0.4000000060
34786  -44.534  -40.914  -8.190 0.4000000060
108612  -42.227  -40.559  -6.662 0.4000000060
31924  -46.536  -43.088  -4.153 0.3000000119
32824  -46.757  -42.042  -4.451 0.3000000119
32805  -47.165  -42.808  -3.037 0.3000000119
32822  -44.240  -42.529  -4.114 0.3000000119
32823  -45.490  -42.319  -4.336 0.3000000119
119055  -44.974  -42.042  -4.642 0.3000000119
32838  -46.969  -41.080  -4.941 0.3000000119
118914  -47.469  -40.013  -5.179 0.3000000119
33819  -46.749  -40.850  -5.887 0.3000000119
33832  -47.227  -39.871  -5.913 0.3000000119
34756  -45.893  -39.414  -5.076 0.3000000119
34772  -46.769  -39.958  -6.448 0.3000000119
34743  -45.042  -39.597  -3.957 0.3000000119
33839  -46.217  -40.800  -7.112 0.3000000119
110193  -45.008  -39.849  -5.779 0.3000000119
34771  -45.837  -40.101  -6.750 0.4000000060
109396  -43.028  -40.702  -3.996 0.3000000119
106476  -42.054  -40.803  -4.030 0.4000000060
33808  -41.604  -41.151  -3.145 0.4000000060
34740  -41.046  -40.604  -3.962 0.4000000060
32815  -47.366  -42.401  -3.860 0.3000000119
32825  -47.320  -41.588  -4.307 0.3000000119
119390  -47.154  -41.704  -3.203 0.3000000119
33809  -47.474  -40.625  -4.379 0.3000000119
35690  -46.520  -38.796  -3.668 0.3000000119
35698  -47.043  -39.068  -4.232 0.3000000119
34726  -44.836  -39.355  -2.867 0.3000000119
35689  -46.056  -38.985  -4.057 0.3000000119
35697  -46.759  -39.143  -4.640 0.3000000119
34725  -44.209  -39.619  -2.197 0.3000000119
34742  -43.844  -40.352  -3.282 0.3000000119
34724  -43.148  -40.667  -2.336 0.3000000119
33797  -42.093  -41.310  -2.328 0.3000000119
114234  -41.104  -41.386  -2.348 0.3000000119
34739  -40.196  -40.331  -3.845 0.4000000060
32804  -46.339  -41.970  -1.987 0.3000000119
119473  -46.432  -43.035  -2.037 0.3000000119
33798  -47.275  -40.431  -3.466 0.3000000119
33784  -46.645  -40.661  -2.391 0.3000000119
120020  -45.568  -42.836  -1.139 0.3000000119
32796  -44.721  -42.623  -0.104 0.3000000119
34706  -46.787  -39.631  -2.658 0.3000000119
34705  -46.344  -39.366  -1.809 0.3000000119
32783  -44.293  -42.837  0.889 0.3000000119
108780  -44.808  -38.506  -0.531 0.3000000119
111457  -45.866  -38.429  -2.146 0.3000000119
35668  -46.451  -38.767  -2.493 0.3000000119
35665  -44.591  -38.738  -1.259 0.3000000119
115619  -45.225  -38.600  -2.025 0.3000000119
34704  -43.590  -39.866  -1.466 0.3000000119
33781  -41.558  -41.401  -1.402 0.3000000119
33807  -40.697  -40.879  -3.149 0.4000000060
33796  -40.215  -41.016  -2.457 0.4000000060
34738  -39.475  -40.211  -3.643 0.5000000000
33783  -45.928  -40.592  -1.393 0.3000000119
32797  -45.415  -41.721  -0.835 0.3000000119
34696  -45.714  -39.268  -0.950 0.3000000119
113541  -44.243  -42.074  1.477 0.3000000119
32770  -44.387  -43.011  1.672 0.3000000119
35667  -45.846  -38.604  -1.529 0.3000000119
110204  -44.442  -42.217  2.230 0.3000000119
34694  -43.917  -38.956  -0.543 0.3000000119
125188  -44.812  -42.462  2.644 0.3000000119
34692  -42.077  -40.626  -0.114 0.3000000119
34693  -42.914  -39.882  -0.291 0.3000000119
126518  -46.857  -40.497  3.628 0.3000000119
33772  -42.295  -40.858  -0.795 0.3000000119
125496  -41.600  -41.209  -0.569 0.3000000119
114233  -40.852  -41.417  -0.658 0.3000000119
33780  -40.487  -41.387  -1.568 0.3000000119
33779  -39.637  -40.938  -1.771 0.4000000060
34702  -38.924  -40.295  -2.015 0.5000000000
33774  -45.329  -40.453  -0.473 0.3000000119
33773  -44.812  -40.520  0.330 0.3000000119
119640  -44.439  -41.794  0.616 0.3000000119
35655  -45.306  -38.592  -0.683 0.3000000119
34682  -44.777  -39.229  0.642 0.3000000119
33760  -44.392  -40.709  1.236 0.3000000119
33746  -44.236  -41.394  1.953 0.3000000119
35653  -44.432  -38.545  0.034 0.3000000119
35641  -43.654  -38.789  0.313 0.3000000119
33706  -44.948  -41.362  3.282 0.3000000119
34631  -44.731  -40.578  3.383 0.3000000119
34633  -46.322  -40.301  3.848 0.3000000119
37247  -46.302  -37.610  4.422 0.3000000119
36452  -46.790  -38.355  4.332 0.3000000119
34679  -41.012  -40.734  0.758 0.3000000119
33758  -40.455  -41.231  0.119 0.3000000119
33771  -39.855  -41.280  -0.703 0.3000000119
35643  -44.543  -38.632  0.590 0.3000000119
34665  -44.491  -39.160  1.304 0.3000000119
35642  -44.374  -38.503  0.477 0.3000000119
35654  -44.810  -38.553  0.078 0.3000000119
35628  -44.216  -38.465  1.032 0.3000000119
34647  -44.239  -38.931  2.135 0.3000000119
34648  -44.337  -40.199  2.948 0.3000000119
33727  -44.255  -40.310  1.984 0.3000000119
34681  -42.610  -39.778  0.293 0.3000000119
35626  -42.717  -39.162  0.954 0.3000000119
115345  -43.899  -38.345  1.010 0.3000000119
35627  -43.925  -38.247  1.657 0.3000000119
123908  -44.079  -38.399  2.917 0.3000000119
35607  -44.221  -39.082  2.958 0.3000000119
34664  -41.602  -39.947  1.206 0.3000000119
37245  -44.869  -37.788  4.314 0.3000000119
36449  -44.739  -38.508  4.130 0.3000000119
113563  -44.869  -36.863  4.252 0.3000000119
118986  -45.536  -37.941  4.473 0.3000000119
36451  -45.989  -38.429  4.483 0.3000000119
38997  -45.612  -35.654  4.065 0.3000000119
38107  -45.558  -36.459  4.313 0.3000000119
108433  -40.114  -40.794  0.815 0.4000000060
39006  -46.470  -35.416  3.784 0.3000000119
34678  -39.291  -40.647  0.641 0.4000000060
108271  -48.319  -33.854  1.789 0.3000000119
110258  -39.124  -40.851  -0.194 0.3000000119
34690  -38.524  -40.328  -0.542 0.4000000060
108131  -48.964  -32.805  0.426 0.3000000119
115946  -38.387  -39.885  -2.117 0.5000000000
120138  -42.179  -39.107  1.545 0.3000000119
119868  -43.181  -38.424  1.565 0.3000000119
113925  -43.453  -37.545  2.732 0.3000000119
37264  -43.797  -37.346  3.234 0.3000000119
125089  -44.374  -36.478  3.813 0.3000000119
34663  -40.676  -40.221  1.365 0.4000000060
38106  -44.892  -36.047  4.125 0.3000000119
39005  -45.722  -34.847  3.620 0.3000000119
34662  -39.628  -40.162  1.392 0.4000000060
34661  -38.764  -40.135  1.061 0.5000000000
39891  -46.626  -34.620  3.231 0.3000000119
40845  -47.587  -33.502  1.750 0.4000000060
116515  -46.773  -33.213  1.713 0.4000000060
35664  -38.000  -39.723  -0.877 0.6000000238
41730  -47.417  -32.934  1.118 0.3000000119
35680  -37.958  -39.608  -1.735 0.6000000238
35679  -37.313  -39.377  -2.017 0.6000000238
125572  -42.149  -38.460  2.105 0.3000000119
127096  -42.057  -38.113  2.311 0.3000000119
38138  -42.547  -36.507  2.730 0.3000000119
35625  -41.314  -39.416  1.735 0.3000000119
37282  -42.953  -37.144  2.700 0.3000000119
38139  -43.346  -36.631  3.116 0.3000000119
38120  -43.827  -36.130  3.469 0.3000000119
39004  -43.956  -35.338  3.450 0.4000000060
35624  -40.370  -39.542  1.824 0.4000000060
115378  -45.052  -34.481  3.386 0.4000000060
39898  -44.703  -33.950  2.981 0.4000000060
36497  -38.658  -38.842  1.760 0.5000000000
39899  -45.741  -34.019  3.000 0.4000000060
111286  -45.161  -33.459  2.451 0.4000000060
111133  -46.062  -32.502  0.714 0.4000000060
35622  -38.267  -39.503  1.234 0.5000000000
35639  -37.675  -39.328  0.640 0.6000000238
115600  -46.872  -33.853  2.476 0.4000000060
40844  -46.017  -33.378  2.236 0.4000000060
124556  -46.682  -32.768  1.139 0.4000000060
111132  -46.624  -32.167  -0.257 0.4000000060
35651  -37.461  -39.245  -0.272 0.6000000238
124003  -47.480  -32.313  -0.092 0.3000000119
35663  -37.453  -39.244  -1.246 0.6000000238
35662  -36.876  -38.857  -1.634 0.6000000238
35678  -36.560  -39.192  -2.266 0.6999999881
35605  -40.980  -38.826  2.172 0.3000000119
37281  -41.936  -37.234  2.529 0.3000000119
107776  -42.303  -35.816  2.626 0.3000000119
35604  -40.180  -38.936  2.165 0.3000000119
38119  -43.110  -35.740  3.043 0.3000000119
39017  -42.511  -35.072  2.606 0.4000000060
35623  -39.534  -39.323  1.854 0.5000000000
39018  -43.390  -34.767  3.006 0.4000000060
40831  -44.283  -33.506  2.380 0.4000000060
36480  -38.867  -37.923  2.112 0.5000000000
40842  -44.769  -33.043  1.858 0.4000000060
108731  -38.014  -38.019  1.726 0.5000000000
36496  -37.737  -38.746  1.326 0.6000000238
41740  -45.196  -32.479  0.725 0.4000000060
42680  -45.941  -31.901  -0.859 0.4000000060
36512  -37.003  -38.625  0.026 0.6000000238
42681  -46.727  -31.821  -1.222 0.4000000060
42701  -46.795  -31.599  -2.045 0.4000000060
36517  -36.560  -38.208  -1.295 0.6999999881
35677  -35.808  -38.916  -2.587 0.6999999881
110629  -40.415  -37.399  2.266 0.4000000060
126387  -41.363  -36.987  2.428 0.4000000060
39016  -41.727  -35.489  2.266 0.4000000060
39896  -41.859  -34.765  2.017 0.4000000060
37279  -39.734  -37.667  2.215 0.4000000060
38135  -39.948  -36.887  2.015 0.4000000060
39897  -42.811  -34.228  2.328 0.4000000060
37295  -39.127  -37.100  2.028 0.4000000060
40830  -43.490  -33.652  2.215 0.4000000060
40829  -42.818  -33.629  1.618 0.4000000060
40841  -43.795  -33.139  1.596 0.4000000060
41726  -43.795  -32.773  0.761 0.4000000060
41727  -44.578  -32.712  1.155 0.4000000060
41753  -44.326  -32.281  -0.444 0.4000000060
115001  -37.200  -37.868  1.250 0.6000000238
41754  -45.409  -32.155  -0.076 0.4000000060
42700  -45.813  -31.638  -1.760 0.4000000060
37299  -36.783  -37.978  0.484 0.6000000238
36511  -36.651  -38.055  -0.426 0.6999999881
37310  -36.397  -37.494  -1.002 0.6999999881
111038  -46.233  -31.529  -2.502 0.4000000060
37321  -36.136  -37.724  -1.760 0.6999999881
128632  -35.367  -39.334  -3.091 0.6999999881
39015  -41.013  -35.930  1.959 0.4000000060
37294  -38.373  -37.311  1.847 0.4000000060
38148  -40.210  -36.163  1.721 0.4000000060
37293  -37.674  -37.277  1.587 0.6000000238
38146  -38.525  -36.606  1.786 0.5000000000
40856  -42.882  -33.262  0.755 0.4000000060
37292  -37.052  -36.944  1.294 0.6999999881
127906  -43.287  -32.928  0.361 0.4000000060
38153  -36.630  -36.566  0.765 0.6999999881
41773  -43.972  -32.359  -1.344 0.4000000060
38158  -36.343  -36.196  -0.062 0.6999999881
42716  -45.401  -31.620  -2.687 0.4000000060
42699  -44.530  -31.960  -2.103 0.4000000060
128285  -36.102  -37.097  -1.499 0.6999999881
42734  -45.222  -31.763  -3.547 0.4000000060
36528  -35.627  -37.977  -2.526 0.6999999881
36534  -35.216  -38.625  -3.159 0.6999999881
41808  -45.861  -32.185  -5.031 0.4000000060
41819  -46.693  -32.604  -5.814 0.4000000060
39025  -39.566  -35.442  1.366 0.4000000060
39026  -40.493  -35.571  1.486 0.4000000060
39027  -41.143  -35.261  1.634 0.4000000060
38145  -37.723  -36.445  1.594 0.6999999881
121051  -38.468  -35.699  1.582 0.5000000000
40840  -42.085  -33.822  0.894 0.4000000060
39034  -37.114  -35.224  1.173 0.6999999881
41737  -42.660  -33.282  -0.278 0.4000000060
41752  -43.324  -32.806  -0.815 0.4000000060
41751  -42.331  -33.681  -1.356 0.4000000060
38168  -36.079  -35.833  -0.977 0.6999999881
123771  -43.628  -32.655  -2.060 0.4000000060
122593  -36.234  -36.705  -0.885 0.6999999881
41786  -43.682  -32.730  -2.751 0.4000000060
42715  -44.510  -32.069  -3.059 0.4000000060
41796  -43.772  -32.877  -3.502 0.4000000060
37320  -35.805  -37.116  -2.137 0.6999999881
42750  -44.932  -32.257  -4.396 0.4000000060
107450  -35.397  -37.101  -2.891 0.6999999881
41807  -44.996  -32.754  -5.309 0.4000000060
41832  -46.084  -33.461  -6.592 0.4000000060
39907  -39.512  -34.579  0.966 0.4000000060
39908  -40.367  -35.021  1.045 0.4000000060
39909  -41.170  -34.766  1.210 0.4000000060
39905  -37.848  -34.937  1.377 0.6000000238
39906  -38.702  -34.751  1.302 0.5000000000
39920  -40.126  -34.462  0.597 0.5000000000
40839  -41.146  -34.447  0.439 0.4000000060
123832  -30.709  -31.790  -5.741 0.4000000060
41814  -31.075  -32.442  -5.813 0.5000000000
39918  -37.352  -34.550  1.097 0.6000000238
40865  -41.559  -33.961  -1.095 0.4000000060
39041  -36.303  -35.247  -0.121 0.6000000238
40880  -42.194  -34.036  -2.226 0.4000000060
39053  -36.048  -34.916  -1.071 0.6999999881
113826  -42.855  -33.489  -2.496 0.4000000060
39052  -35.815  -35.520  -1.942 0.6999999881
41785  -42.739  -33.704  -3.297 0.4000000060
38182  -35.380  -36.297  -3.290 0.6999999881
41795  -43.049  -33.843  -4.135 0.4000000060
41806  -43.960  -33.351  -4.841 0.4000000060
40926  -44.120  -34.089  -6.522 0.4000000060
40936  -44.140  -34.826  -7.687 0.4000000060
40837  -37.987  -33.997  1.137 0.6000000238
126926  -38.840  -34.045  1.062 0.5000000000
40853  -40.562  -34.187  0.145 0.5000000000
107179  -30.092  -31.434  -5.592 0.3000000119
42770  -30.767  -31.103  -5.867 0.4000000060
42759  -31.318  -31.689  -6.073 0.5000000000
39927  -36.379  -34.319  -0.229 0.6000000238
109178  -37.229  -34.081  0.840 0.6000000238
40854  -41.045  -34.164  -0.607 0.4000000060
39949  -35.920  -33.760  -2.079 0.6999999881
39938  -35.851  -34.581  -1.932 0.6000000238
40879  -41.641  -34.110  -1.949 0.4000000060
39948  -35.720  -34.311  -2.705 0.8000000119
40893  -41.795  -34.158  -2.631 0.4000000060
40894  -42.065  -34.210  -2.921 0.4000000060
40914  -43.047  -34.043  -4.822 0.4000000060
40925  -43.396  -33.992  -5.559 0.4000000060
40935  -43.134  -34.454  -6.623 0.4000000060
39983  -43.542  -34.977  -7.911 0.4000000060
40852  -37.939  -33.107  0.736 0.6000000238
41735  -38.706  -32.750  0.679 0.6000000238
40838  -38.583  -33.469  0.897 0.5000000000
39919  -39.535  -33.671  0.644 0.5000000000
43740  -30.834  -30.299  -6.069 0.4000000060
39939  -36.117  -34.000  -1.177 0.6000000238
40862  -37.155  -32.928  0.235 0.6000000238
40863  -40.834  -33.955  -0.635 0.5000000000
42771  -31.403  -30.905  -6.309 0.5000000000
40892  -36.018  -33.081  -2.329 0.6999999881
112210  -32.065  -30.726  -6.768 0.5000000000
41782  -35.898  -32.801  -3.027 0.6999999881
40891  -35.793  -33.572  -2.896 0.6999999881
41750  -40.924  -33.368  -1.074 0.5000000000
44730  -33.062  -29.786  -7.604 0.6999999881
111136  -32.204  -29.996  -7.012 0.6000000238
40911  -35.520  -33.073  -4.597 0.6999999881
41792  -35.692  -32.540  -3.855 0.6999999881
40899  -35.657  -33.332  -3.693 0.6999999881
41772  -41.288  -33.547  -1.820 0.5000000000
45744  -34.376  -28.598  -8.519 0.6999999881
43750  -33.877  -30.419  -8.244 0.6999999881
110257  -35.518  -33.856  -4.388 0.6999999881
40878  -41.542  -34.026  -2.137 0.4000000060
107165  -35.464  -33.562  -5.230 0.6999999881
39973  -35.436  -34.309  -5.331 0.8000000119
40900  -41.818  -34.072  -3.091 0.4000000060
40901  -42.059  -34.107  -3.643 0.4000000060
40913  -42.514  -33.982  -4.541 0.4000000060
40924  -42.774  -34.095  -5.304 0.4000000060
40934  -42.809  -34.289  -6.920 0.4000000060
39987  -43.052  -34.769  -7.768 0.4000000060
41734  -37.959  -32.225  0.359 0.6000000238
42667  -38.729  -31.900  0.404 0.6000000238
42668  -39.456  -32.385  0.447 0.6000000238
41736  -40.228  -33.186  0.164 0.5000000000
44710  -30.199  -29.740  -5.820 0.4000000060
43741  -31.514  -30.131  -6.527 0.6999999881
41771  -36.730  -32.118  -1.182 0.6999999881
41747  -36.736  -32.683  -0.538 0.6000000238
42677  -40.149  -31.825  0.105 0.5000000000
41793  -36.017  -31.992  -3.190 0.6999999881
42714  -36.463  -31.274  -2.633 0.6999999881
41783  -36.319  -32.267  -2.231 0.6999999881
40877  -36.294  -33.032  -1.397 0.6999999881
41749  -40.566  -32.920  -0.343 0.5000000000
45729  -32.350  -29.228  -7.136 0.6999999881
42697  -41.215  -32.216  -1.265 0.5000000000
45743  -33.260  -28.944  -7.739 0.6999999881
42748  -35.485  -31.393  -4.916 0.6999999881
42730  -35.715  -31.742  -4.005 0.6999999881
42698  -41.537  -32.430  -2.206 0.4000000060
42760  -35.404  -31.872  -6.066 0.6999999881
41815  -35.471  -32.870  -5.924 0.6999999881
117959  -35.303  -30.089  -6.016 0.6000000238
43732  -35.327  -30.958  -5.995 0.6000000238
125067  -41.550  -33.778  -2.534 0.4000000060
41794  -41.970  -33.730  -3.775 0.4000000060
46783  -34.584  -27.784  -8.491 0.6999999881
43742  -35.658  -29.661  -7.442 0.6000000238
42749  -42.263  -32.922  -4.683 0.4000000060
41816  -42.482  -33.578  -5.178 0.4000000060
107579  -42.681  -33.967  -5.861 0.4000000060
41831  -42.556  -33.843  -6.823 0.4000000060
40945  -42.691  -34.373  -7.759 0.4000000060
125837  -30.161  -28.893  -5.889 0.6000000238
44719  -30.978  -29.380  -6.283 0.6000000238
42695  -36.762  -31.543  -1.793 0.6999999881
42696  -37.349  -31.304  -1.014 0.6999999881
42674  -37.911  -31.526  -0.140 0.6000000238
42731  -36.045  -31.302  -3.435 0.6000000238
44720  -31.719  -29.490  -6.713 0.6999999881
43721  -35.805  -30.084  -4.136 0.6000000238
42678  -40.762  -32.015  -0.540 0.5000000000
46766  -32.494  -28.408  -7.194 0.6999999881
44696  -35.502  -29.661  -5.042 0.6000000238
43720  -35.488  -30.527  -4.957 0.6000000238
46782  -33.451  -28.075  -7.797 0.6999999881
124122  -33.743  -27.202  -7.876 0.6999999881
120089  -41.901  -32.017  -2.942 0.4000000060
41784  -41.679  -33.270  -3.087 0.4000000060
44711  -35.341  -29.228  -6.078 0.6000000238
42732  -42.125  -32.403  -3.771 0.4000000060
46792  -35.389  -27.771  -8.594 0.6999999881
46793  -35.511  -27.819  -8.456 0.6999999881
45745  -35.708  -28.367  -8.612 0.6999999881
44721  -35.910  -29.093  -8.256 0.6000000238
42761  -42.419  -32.603  -5.570 0.4000000060
107354  -42.464  -33.317  -6.076 0.4000000060
42774  -42.426  -32.350  -6.349 0.4000000060
107020  -42.425  -32.845  -6.965 0.4000000060
42780  -42.339  -32.435  -7.923 0.3000000119
123618  -38.311  -31.714  0.217 0.6000000238
45718  -29.923  -27.929  -5.948 0.5000000000
45688  -36.782  -29.077  -3.145 0.6000000238
43693  -36.761  -30.505  -2.571 0.6000000238
43678  -37.063  -30.845  -1.941 0.6000000238
43665  -38.155  -30.827  -0.564 0.6000000238
43666  -38.972  -30.622  -0.269 0.6000000238
43667  -39.795  -30.625  -0.286 0.6000000238
45727  -30.805  -28.392  -6.274 0.6000000238
46765  -31.358  -27.991  -6.530 0.5000000000
44685  -36.317  -29.621  -3.544 0.6000000238
43707  -36.284  -30.521  -3.318 0.6000000238
42676  -39.301  -31.375  0.176 0.4000000060
114162  -40.484  -31.080  -0.374 0.5000000000
45728  -31.650  -28.705  -6.686 0.6999999881
43682  -41.075  -31.056  -0.843 0.4000000060
126299  -31.939  -27.995  -6.800 0.8000000119
44697  -35.856  -29.227  -4.272 0.6000000238
43683  -41.835  -30.186  -1.781 0.4000000060
119338  -41.577  -31.067  -1.552 0.4000000060
46744  -35.642  -27.903  -5.397 0.6000000238
43708  -42.349  -31.046  -3.260 0.4000000060
46784  -34.787  -27.051  -8.413 0.6999999881
45719  -35.447  -28.377  -6.227 0.6000000238
117322  -42.465  -31.224  -4.153 0.4000000060
126085  -42.355  -32.030  -4.428 0.4000000060
47858  -35.263  -27.125  -8.354 0.6999999881
45730  -35.626  -28.161  -7.599 0.6999999881
115124  -42.562  -30.374  -4.707 0.4000000060
106733  -42.488  -31.563  -5.048 0.4000000060
119976  -35.407  -27.118  -8.186 0.6999999881
43733  -42.516  -30.482  -5.674 0.4000000060
107016  -42.391  -30.463  -6.770 0.3000000119
43743  -42.454  -31.479  -6.098 0.4000000060
107015  -42.310  -30.117  -7.561 0.4000000060
107017  -42.361  -31.628  -7.116 0.3000000119
44676  -37.341  -29.268  -2.510 0.6000000238
44677  -37.989  -29.510  -1.741 0.6000000238
44664  -38.771  -29.414  -1.266 0.6000000238
44653  -39.287  -29.884  -0.750 0.5000000000
110146  -30.763  -27.415  -6.326 0.6000000238
45689  -37.259  -28.435  -2.883 0.6000000238
44654  -39.911  -29.786  -0.771 0.5000000000
117284  -31.650  -27.380  -6.645 0.6999999881
120478  -36.317  -28.916  -3.727 0.6000000238
44666  -40.443  -29.415  -1.110 0.5000000000
43681  -41.266  -30.032  -1.210 0.4000000060
118443  -32.584  -27.445  -7.174 0.6999999881
47840  -32.022  -26.605  -6.758 0.6999999881
45712  -36.006  -28.289  -4.371 0.6000000238
44667  -41.586  -29.397  -1.772 0.5000000000
47852  -33.068  -26.366  -7.363 0.8000000119
44679  -42.136  -29.716  -2.290 0.4000000060
43695  -42.083  -30.846  -2.352 0.4000000060
47853  -34.095  -26.506  -7.975 0.8000000119
46757  -35.755  -27.194  -5.584 0.6000000238
44686  -42.471  -30.008  -2.911 0.4000000060
46767  -35.555  -27.414  -6.520 0.6999999881
48789  -42.024  -25.750  -5.670 0.5000000000
47816  -42.078  -26.393  -5.252 0.5000000000
46747  -42.212  -27.206  -4.813 0.5000000000
45703  -42.396  -28.705  -3.616 0.4000000060
117068  -42.496  -29.445  -3.456 0.4000000060
47854  -34.869  -26.220  -8.229 0.6999999881
47859  -35.269  -26.390  -8.091 0.6999999881
47855  -35.470  -26.480  -7.776 0.6999999881
47841  -35.656  -26.523  -7.025 0.6999999881
125135  -42.064  -25.209  -6.037 0.5000000000
46758  -42.305  -27.049  -5.853 0.5000000000
108599  -42.406  -27.869  -5.655 0.4000000060
124086  -42.450  -28.519  -4.403 0.4000000060
107167  -42.538  -29.681  -5.244 0.4000000060
48809  -42.376  -25.542  -7.367 0.4000000060
47830  -42.221  -26.376  -6.045 0.5000000000
115626  -42.339  -26.874  -6.798 0.4000000060
125576  -42.388  -27.685  -6.552 0.4000000060
45720  -42.419  -28.607  -6.509 0.4000000060
44712  -42.468  -29.556  -6.125 0.4000000060
109792  -42.390  -26.317  -7.505 0.4000000060
127396  -42.389  -27.606  -7.234 0.4000000060
46768  -42.389  -28.153  -7.148 0.4000000060
44722  -42.366  -29.496  -7.087 0.4000000060
45690  -37.893  -28.637  -2.282 0.6000000238
47838  -30.483  -26.441  -6.358 0.5000000000
45701  -37.101  -27.604  -3.342 0.6000000238
46718  -37.866  -27.685  -2.668 0.6000000238
46709  -39.140  -28.140  -1.847 0.5000000000
46710  -39.813  -28.198  -1.726 0.5000000000
44665  -39.552  -28.990  -1.310 0.5000000000
47839  -31.242  -26.761  -6.507 0.6000000238
46731  -36.487  -27.534  -4.028 0.6000000238
46720  -39.712  -27.448  -2.194 0.5000000000
118733  -40.438  -28.605  -1.564 0.5000000000
48795  -31.252  -25.894  -6.552 0.6000000238
46745  -36.031  -27.371  -4.835 0.6000000238
45691  -40.785  -28.141  -1.933 0.5000000000
48796  -32.266  -25.702  -6.846 0.8000000119
47815  -41.793  -26.436  -4.382 0.5000000000
46722  -41.401  -27.490  -2.751 0.5000000000
45692  -41.352  -28.097  -2.290 0.5000000000
44678  -41.828  -28.827  -2.295 0.5000000000
48804  -33.093  -25.313  -7.292 0.8000000119
47828  -35.735  -26.697  -6.083 0.6000000238
49654  -41.956  -24.484  -5.812 0.5000000000
116413  -41.305  -24.849  -4.552 0.5000000000
46746  -41.856  -27.047  -3.873 0.5000000000
46732  -41.811  -27.492  -3.334 0.5000000000
45702  -42.019  -28.181  -2.960 0.4000000060
112754  -33.949  -25.765  -7.791 0.8000000119
48788  -41.740  -25.027  -5.292 0.5000000000
48779  -41.667  -25.660  -4.716 0.5000000000
46733  -42.241  -27.845  -3.930 0.5000000000
127982  -34.692  -25.382  -8.003 0.8000000119
48797  -35.763  -25.797  -7.193 0.6999999881
50468  -42.224  -23.936  -6.413 0.5000000000
49664  -42.268  -24.872  -6.773 0.4000000060
119376  -38.424  -28.154  -2.169 0.5000000000
48794  -29.619  -26.120  -6.208 0.5000000000
47800  -36.908  -26.941  -3.799 0.6000000238
47801  -37.602  -26.744  -3.299 0.6000000238
46719  -38.752  -27.516  -2.326 0.5000000000
108242  -30.139  -25.475  -6.409 0.5000000000
110793  -39.107  -26.900  -2.534 0.5000000000
108637  -40.263  -26.944  -2.556 0.5000000000
49658  -29.310  -24.634  -6.338 0.5000000000
49659  -30.255  -24.667  -6.481 0.5000000000
47813  -36.505  -26.735  -4.514 0.6000000238
47814  -37.089  -26.215  -4.095 0.6000000238
47803  -40.386  -26.290  -3.012 0.5000000000
121765  -41.008  -26.495  -3.186 0.5000000000
47787  -40.865  -26.919  -2.766 0.5000000000
47829  -36.089  -26.613  -5.356 0.6000000238
48776  -36.606  -25.824  -5.120 0.6000000238
49638  -40.733  -24.664  -4.014 0.5000000000
48769  -40.358  -25.350  -3.492 0.5000000000
119903  -40.952  -25.971  -3.524 0.5000000000
47788  -41.401  -26.962  -3.221 0.5000000000
118749  -32.440  -24.916  -6.909 0.6999999881
47842  -36.016  -25.933  -6.198 0.6000000238
106826  -41.429  -25.953  -4.019 0.5000000000
47804  -41.424  -26.461  -3.676 0.5000000000
49669  -33.062  -24.337  -7.202 0.6999999881
48798  -36.142  -25.329  -6.754 0.6999999881
49653  -41.484  -24.254  -5.018 0.5000000000
51255  -42.136  -22.984  -6.151 0.4000000060
109786  -35.431  -25.123  -7.801 0.6999999881
115470  -42.407  -23.450  -6.959 0.5000000000
48805  -33.957  -24.888  -7.658 0.6999999881
48806  -35.147  -25.552  -8.054 0.8000000119
50479  -42.417  -24.111  -7.360 0.4000000060
49674  -42.453  -24.874  -7.821 0.5000000000
113095  -42.313  -23.066  -10.768 0.4000000060
50492  -42.378  -23.700  -10.801 0.5000000000
51287  -42.512  -22.711  -11.101 0.5000000000
49684  -42.541  -24.922  -10.974 0.5000000000
50496  -42.541  -23.491  -11.117 0.5000000000
51288  -43.058  -22.400  -11.342 0.5000000000
47784  -38.408  -26.856  -2.763 0.6000000238
48766  -37.787  -25.836  -3.626 0.6000000238
47802  -38.254  -26.227  -3.143 0.6000000238
47785  -38.974  -26.168  -2.873 0.5000000000
47786  -39.683  -26.582  -2.681 0.5000000000
50472  -29.932  -23.795  -6.474 0.5000000000
121866  -30.872  -25.093  -6.535 0.5000000000
113141  -31.666  -25.042  -6.668 0.6999999881
48777  -37.372  -25.391  -4.445 0.6000000238
48778  -38.094  -25.066  -3.857 0.6000000238
49637  -40.062  -24.455  -3.724 0.5000000000
48768  -39.678  -25.804  -3.082 0.5000000000
49660  -31.047  -24.265  -6.567 0.6000000238
111903  -39.581  -25.034  -3.400 0.5000000000
49661  -32.080  -24.258  -6.774 0.6999999881
48787  -37.041  -24.943  -5.363 0.6000000238
49647  -41.028  -24.208  -4.463 0.5000000000
50475  -32.573  -23.545  -6.895 0.6999999881
48786  -36.492  -25.199  -6.048 0.6000000238
50467  -41.742  -23.632  -5.513 0.5000000000
51254  -41.440  -22.780  -5.289 0.4000000060
112750  -42.228  -22.244  -6.446 0.5000000000
48808  -35.907  -25.093  -7.360 0.6999999881
49662  -36.413  -24.721  -6.755 0.6999999881
51268  -42.442  -22.786  -7.109 0.5000000000
124290  -41.794  -21.197  -10.172 0.4000000060
52074  -42.057  -21.496  -10.618 0.4000000060
49672  -35.667  -24.613  -7.601 0.6999999881
51282  -42.184  -22.281  -10.739 0.4000000060
118974  -34.771  -23.582  -7.542 0.6999999881
49670  -34.023  -24.019  -7.499 0.6999999881
118383  -42.947  -24.097  -11.415 0.5000000000
128536  -43.346  -24.575  -11.596 0.5000000000
50497  -43.275  -23.238  -11.465 0.5000000000
48767  -38.530  -25.604  -3.323 0.5000000000
123576  -39.133  -25.482  -3.183 0.5000000000
49644  -38.494  -24.310  -4.066 0.6000000238
110955  -30.206  -22.881  -6.528 0.6000000238
50473  -30.822  -23.454  -6.558 0.6000000238
49643  -37.709  -24.565  -4.694 0.6000000238
49636  -39.337  -24.305  -3.717 0.5000000000
110954  -31.185  -22.809  -6.598 0.6000000238
49652  -37.342  -24.174  -5.651 0.5000000000
50458  -38.127  -23.666  -4.925 0.5000000000
49646  -40.479  -23.912  -4.215 0.5000000000
51246  -40.855  -22.679  -4.857 0.5000000000
50474  -31.653  -23.514  -6.659 0.6999999881
49651  -36.813  -24.574  -6.111 0.6000000238
50461  -41.067  -23.453  -4.733 0.5000000000
51253  -41.073  -22.043  -5.180 0.6000000238
52053  -41.748  -22.099  -5.739 0.5000000000
117301  -42.160  -20.098  -8.156 0.5000000000
52934  -41.935  -20.367  -9.013 0.4000000060
49673  -36.203  -24.334  -7.249 0.6999999881
50484  -35.652  -23.842  -7.530 0.6999999881
109488  -42.428  -22.001  -7.256 0.5000000000
52070  -42.386  -21.705  -8.266 0.5000000000
106823  -42.277  -20.816  -8.238 0.4000000060
52938  -41.635  -20.621  -9.873 0.4000000060
52943  -41.856  -20.672  -10.424 0.4000000060
124774  -33.345  -23.583  -7.191 0.6999999881
52944  -42.394  -20.221  -10.751 0.4000000060
52953  -42.428  -21.011  -10.881 0.4000000060
51271  -34.576  -22.897  -7.324 0.6999999881
52954  -43.342  -20.469  -11.113 0.4000000060
50483  -33.967  -23.233  -7.283 0.6999999881
52082  -42.510  -21.854  -11.084 0.4000000060
112580  -43.861  -21.135  -11.333 0.4000000060
127024  -44.648  -21.193  -11.466 0.4000000060
50498  -44.514  -23.415  -11.843 0.5000000000
51289  -44.157  -22.445  -11.592 0.5000000000
49645  -39.016  -23.607  -4.159 0.5000000000
50460  -39.566  -23.147  -4.379 0.5000000000
115693  -40.290  -23.061  -4.487 0.5000000000
51260  -30.578  -22.145  -6.567 0.6000000238
50466  -38.227  -22.859  -5.435 0.5000000000
50454  -39.825  -23.724  -4.045 0.5000000000
51261  -31.583  -22.127  -6.596 0.6999999881
50465  -37.529  -23.401  -5.947 0.5000000000
51245  -40.401  -22.241  -4.921 0.6000000238
52052  -41.348  -21.325  -5.603 0.5000000000
50478  -37.126  -23.188  -6.550 0.6999999881
52066  -42.055  -21.427  -6.347 0.5000000000
110080  -32.124  -22.823  -6.700 0.6999999881
50477  -36.669  -23.218  -6.961 0.8000000119
52930  -42.082  -20.719  -6.699 0.5000000000
52932  -42.206  -20.400  -7.398 0.5000000000
52942  -41.520  -20.065  -10.136 0.4000000060
118326  -41.821  -19.991  -10.431 0.4000000060
53890  -43.141  -19.604  -10.927 0.4000000060
50476  -33.113  -22.862  -6.954 0.6999999881
52063  -36.373  -21.823  -6.822 0.6000000238
51272  -35.302  -22.988  -7.404 0.6999999881
51265  -35.773  -22.369  -7.145 0.6000000238
121135  -36.328  -20.928  -6.604 0.6000000238
53897  -44.290  -19.589  -11.236 0.4000000060
52061  -33.854  -21.736  -6.765 0.6999999881
51263  -33.941  -22.524  -7.049 0.6000000238
51264  -34.811  -22.202  -7.096 0.6999999881
52062  -35.486  -21.456  -6.800 0.6000000238
52955  -44.446  -20.517  -11.354 0.4000000060
124583  -33.283  -22.189  -6.809 0.6999999881
121039  -35.472  -19.973  -6.476 0.6000000238
52927  -35.659  -20.617  -6.587 0.6000000238
52084  -44.290  -21.671  -11.490 0.5000000000
53865  -34.872  -19.353  -6.404 0.6000000238
53866  -35.828  -19.249  -6.406 0.6000000238
109053  -45.340  -22.875  -11.937 0.5000000000
52057  -29.884  -21.474  -6.536 0.5000000000
50459  -38.898  -22.971  -4.689 0.5000000000
51244  -39.641  -22.476  -4.763 0.6000000238
52045  -39.942  -21.840  -5.061 0.6000000238
52058  -30.938  -21.452  -6.558 0.6000000238
51243  -38.877  -22.431  -5.114 0.6000000238
52919  -40.923  -20.580  -5.646 0.5000000000
52929  -41.606  -20.639  -6.083 0.5000000000
52922  -31.196  -20.707  -6.543 0.6000000238
51251  -38.389  -22.122  -5.636 0.6000000238
52049  -37.841  -21.592  -6.149 0.6000000238
53858  -41.252  -19.923  -6.135 0.5000000000
53875  -41.674  -18.869  -7.616 0.5000000000
53880  -41.303  -19.469  -9.901 0.4000000060
52937  -41.570  -20.024  -9.681 0.4000000060
52060  -32.958  -21.612  -6.656 0.6999999881
52923  -32.074  -20.547  -6.546 0.6000000238
51267  -36.978  -22.757  -6.720 0.6999999881
120161  -41.862  -20.074  -6.680 0.5000000000
53873  -41.983  -19.658  -7.519 0.5000000000
53877  -41.732  -19.443  -8.780 0.5000000000
53888  -41.513  -19.470  -10.253 0.4000000060
53889  -42.200  -19.506  -10.624 0.4000000060
54823  -43.833  -18.086  -10.948 0.4000000060
51266  -36.485  -22.583  -6.973 0.6999999881
122166  -37.176  -20.157  -6.347 0.6999999881
53857  -40.512  -19.867  -5.877 0.5000000000
53872  -41.554  -19.339  -6.772 0.5000000000
54827  -43.774  -18.942  -11.064 0.4000000060
116589  -33.188  -20.344  -6.521 0.6000000238
53868  -37.621  -19.030  -6.355 0.6999999881
54828  -44.647  -18.581  -11.235 0.4000000060
126066  -33.338  -21.131  -6.605 0.6999999881
124667  -34.601  -21.408  -6.748 0.6000000238
121728  -36.204  -20.022  -6.461 0.6000000238
53867  -36.686  -19.239  -6.390 0.6000000238
54789  -37.397  -18.166  -6.477 0.6000000238
118137  -45.402  -19.071  -11.410 0.4000000060
52925  -33.977  -20.871  -6.610 0.6000000238
52926  -34.858  -20.545  -6.564 0.6000000238
117648  -36.263  -18.510  -6.435 0.6000000238
55708  -37.170  -17.590  -6.633 0.6000000238
53898  -45.250  -19.975  -11.421 0.4000000060
54788  -35.421  -18.465  -6.431 0.6000000238
119136  -36.637  -17.317  -6.783 0.6000000238
121648  -45.946  -21.093  -11.669 0.5000000000
52956  -45.263  -20.814  -11.505 0.4000000060
52086  -46.556  -21.789  -12.081 0.5000000000
51252  -39.243  -21.911  -5.255 0.6000000238
52050  -39.665  -21.275  -5.369 0.6000000238
52921  -30.181  -20.805  -6.541 0.6000000238
120400  -38.796  -21.377  -5.633 0.6000000238
52918  -40.106  -20.576  -5.549 0.5000000000
54802  -41.464  -18.569  -8.529 0.5000000000
54820  -41.109  -18.862  -10.141 0.4000000060
116635  -31.428  -19.889  -6.549 0.6000000238
116609  -32.395  -19.770  -6.523 0.6000000238
52916  -38.429  -20.831  -5.947 0.6000000238
52928  -38.473  -19.887  -6.122 0.6000000238
53856  -39.636  -19.847  -5.876 0.5000000000
54792  -39.902  -18.412  -6.429 0.5000000000
54798  -40.584  -17.889  -6.982 0.5000000000
54793  -41.189  -18.591  -6.890 0.5000000000
116980  -42.843  -18.138  -10.590 0.4000000060
54822  -42.932  -18.866  -10.773 0.4000000060
52065  -37.797  -20.744  -6.225 0.6999999881
122253  -40.564  -18.634  -6.524 0.5000000000
117535  -40.890  -19.230  -6.329 0.5000000000
117001  -44.819  -17.773  -11.200 0.4000000060
53863  -33.214  -19.353  -6.470 0.6000000238
56567  -38.133  -16.914  -7.071 0.6000000238
54786  -33.970  -18.871  -6.386 0.6000000238
56566  -37.323  -17.056  -6.919 0.6000000238
54829  -45.692  -18.049  -11.406 0.4000000060
51262  -32.528  -22.173  -6.686 0.6999999881
54787  -34.616  -18.423  -6.446 0.6000000238
53899  -46.099  -19.557  -11.535 0.4000000060
55707  -35.909  -17.710  -6.611 0.6000000238
52958  -46.679  -20.774  -11.778 0.5000000000
117314  -46.639  -20.026  -11.633 0.4000000060
116800  -47.493  -20.171  -11.860 0.5000000000
53904  -48.466  -19.969  -12.114 0.4000000060
111642  -40.454  -17.496  -8.953 0.5000000000
55727  -40.971  -17.972  -9.008 0.5000000000
55735  -40.626  -18.339  -9.967 0.5000000000
53862  -31.685  -19.164  -6.573 0.6000000238
54785  -32.406  -18.671  -6.565 0.6000000238
52917  -39.219  -20.624  -5.719 0.6000000238
55721  -40.051  -17.213  -7.463 0.5000000000
54799  -41.289  -18.082  -7.727 0.5000000000
54821  -41.858  -18.744  -10.460 0.4000000060
55744  -43.353  -17.283  -10.533 0.4000000060
55711  -39.608  -17.658  -6.749 0.5000000000
127018  -33.270  -18.487  -6.498 0.6000000238
55705  -33.879  -17.823  -6.623 0.6000000238
56580  -37.495  -16.656  -7.776 0.6000000238
55751  -46.310  -17.230  -11.378 0.4000000060
56578  -35.307  -16.782  -7.713 0.6000000238
108552  -36.827  -16.675  -8.601 0.6000000238
118142  -46.352  -18.724  -11.539 0.4000000060
55706  -34.973  -17.773  -6.639 0.6000000238
56564  -35.974  -16.976  -7.204 0.6000000238
118833  -47.071  -18.592  -11.624 0.4000000060
113042  -47.737  -19.033  -11.790 0.4000000060
54832  -48.082  -18.422  -11.655 0.3000000119
54833  -49.664  -19.004  -12.006 0.3000000119
55734  -40.232  -17.815  -10.060 0.5000000000
55743  -42.222  -17.655  -10.335 0.5000000000
56630  -42.776  -16.634  -10.211 0.5000000000
56583  -40.131  -17.096  -8.415 0.5000000000
56600  -39.895  -17.388  -9.496 0.6000000238
56631  -43.879  -16.242  -10.686 0.5000000000
55704  -32.832  -17.840  -6.687 0.6000000238
55718  -33.721  -17.040  -7.278 0.6000000238
56582  -39.077  -16.700  -8.266 0.6000000238
55745  -44.403  -17.102  -10.983 0.4000000060
56581  -38.362  -16.630  -8.073 0.6999999881
56641  -45.921  -16.249  -11.210 0.3000000119
111772  -34.702  -16.641  -8.160 0.6000000238
56597  -37.670  -16.825  -9.179 0.6000000238
56642  -46.739  -16.803  -11.150 0.3000000119
55719  -34.550  -17.080  -7.256 0.6000000238
56595  -35.296  -16.651  -8.780 0.6000000238
55752  -47.025  -17.552  -11.430 0.4000000060
56579  -36.035  -16.657  -8.165 0.6000000238
56611  -36.737  -17.032  -10.171 0.6000000238
54831  -47.393  -18.206  -11.575 0.3000000119
55753  -47.673  -17.844  -11.430 0.3000000119
55754  -48.458  -17.997  -11.411 0.3000000119
55747  -48.955  -17.529  -10.856 0.3000000119
55755  -49.564  -18.105  -11.409 0.3000000119
56615  -39.775  -17.564  -9.819 0.6000000238
56629  -42.173  -16.125  -10.358 0.5000000000
56599  -39.464  -16.972  -8.929 0.6000000238
57599  -43.899  -15.378  -10.884 0.4000000060
57608  -44.742  -15.468  -11.114 0.4000000060
120889  -33.140  -17.254  -7.015 0.6000000238
56576  -32.967  -16.643  -7.809 0.6000000238
57609  -45.414  -15.615  -11.133 0.3000000119
56577  -33.953  -16.645  -8.050 0.6000000238
56608  -33.860  -16.072  -9.642 0.6000000238
56594  -34.400  -16.462  -9.097 0.6000000238
56610  -35.215  -16.518  -9.856 0.6000000238
56612  -37.542  -17.219  -10.115 0.6000000238
56596  -36.161  -16.804  -9.478 0.6000000238
56643  -47.330  -17.350  -11.229 0.3000000119
56634  -48.380  -16.976  -10.415 0.3000000119
56635  -49.378  -16.777  -10.336 0.3000000119
55748  -50.027  -17.358  -10.798 0.3000000119
56627  -40.129  -16.918  -10.317 0.6000000238
56628  -41.155  -16.301  -10.376 0.6000000238
122579  -42.332  -15.313  -10.490 0.5000000000
123913  -43.084  -15.764  -10.409 0.4000000060
120014  -39.379  -17.228  -10.197 0.6000000238
57607  -44.574  -14.725  -11.151 0.4000000060
56626  -38.681  -17.050  -10.275 0.6000000238
58597  -45.297  -14.969  -11.113 0.4000000060
58587  -45.531  -14.707  -10.880 0.3000000119
56593  -33.305  -16.214  -8.949 0.6000000238
57600  -45.696  -15.419  -11.039 0.3000000119
56609  -34.416  -16.153  -9.909 0.6000000238
56625  -37.923  -16.758  -10.375 0.6000000238
57574  -45.834  -15.079  -9.471 0.3000000119
56624  -37.179  -16.533  -10.467 0.6000000238
56616  -46.950  -16.418  -10.238 0.3000000119
56622  -35.597  -15.727  -10.539 0.6000000238
56623  -36.427  -15.966  -10.583 0.6000000238
57587  -48.124  -15.737  -9.393 0.3000000119
113146  -48.986  -15.535  -9.501 0.3000000119
119878  -40.363  -15.639  -10.354 0.6000000238
118636  -41.352  -15.151  -10.368 0.5000000000
58585  -43.345  -14.793  -10.902 0.4000000060
58595  -44.403  -13.941  -11.246 0.4000000060
58596  -45.236  -14.159  -11.089 0.4000000060
116644  -39.332  -16.033  -10.380 0.6000000238
58570  -45.454  -14.666  -10.161 0.3000000119
57598  -38.358  -15.663  -10.541 0.6000000238
123292  -45.152  -14.109  -9.823 0.3000000119
57594  -34.281  -14.421  -10.611 0.6000000238
56621  -34.753  -15.533  -10.443 0.6000000238
58555  -45.882  -14.576  -8.700 0.3000000119
57597  -37.480  -15.196  -10.763 0.6000000238
57595  -36.002  -14.621  -10.929 0.6000000238
125143  -36.519  -14.786  -10.961 0.6000000238
123181  -40.516  -14.668  -10.366 0.6000000238
59480  -41.875  -13.432  -10.893 0.4000000060
58584  -42.175  -14.443  -10.636 0.4000000060
58594  -43.198  -13.823  -11.102 0.4000000060
59487  -44.351  -13.170  -11.461 0.4000000060
58582  -39.692  -14.690  -10.415 0.5000000000
59481  -45.212  -13.104  -10.962 0.4000000060
59472  -44.909  -13.525  -10.001 0.3000000119
119411  -38.803  -14.565  -10.515 0.5000000000
60326  -44.437  -13.003  -9.031 0.3000000119
108555  -34.817  -13.776  -10.530 0.6000000238
108768  -35.206  -14.442  -10.777 0.6000000238
57606  -36.827  -14.218  -11.031 0.6000000238
58578  -35.867  -13.703  -10.899 0.6000000238
57605  -36.383  -13.949  -11.103 0.6000000238
58567  -36.192  -13.679  -10.849 0.5000000000
58568  -36.957  -13.869  -10.907 0.5000000000
59479  -40.516  -13.181  -10.722 0.4000000060
60343  -41.128  -12.574  -11.023 0.3000000119
60349  -42.226  -12.652  -11.187 0.4000000060
123620  -44.289  -12.547  -11.748 0.4000000060
118483  -40.034  -13.821  -10.534 0.5000000000
60351  -44.938  -11.864  -12.212 0.3000000119
61275  -45.319  -11.752  -12.075 0.3000000119
59488  -45.150  -13.149  -11.241 0.3000000119
117379  -39.184  -13.675  -10.298 0.5000000000
62202  -45.163  -11.096  -11.957 0.3000000119
61266  -45.156  -11.865  -11.397 0.3000000119
58581  -37.934  -14.270  -10.619 0.5000000000
60335  -44.869  -12.745  -10.514 0.3000000119
60318  -44.929  -12.830  -7.727 0.3000000119
58580  -37.183  -13.902  -10.887 0.5000000000
116778  -41.892  -11.950  -11.299 0.3000000119
60350  -43.346  -12.108  -11.648 0.3000000119
60342  -40.106  -12.357  -10.757 0.3000000119
127670  -44.643  -10.656  -12.232 0.3000000119
60341  -39.751  -12.613  -10.411 0.3000000119
61274  -45.045  -11.145  -12.152 0.3000000119
58569  -38.540  -13.822  -10.234 0.4000000060
61258  -44.549  -11.230  -10.765 0.3000000119
61259  -44.365  -12.126  -9.877 0.3000000119
61238  -43.720  -11.221  -7.977 0.3000000119
122618  -37.843  -13.970  -10.561 0.5000000000
61239  -44.217  -11.681  -7.594 0.3000000119
111339  -37.722  -13.898  -10.090 0.4000000060
124050  -38.270  -13.785  -10.247 0.5000000000
61265  -40.777  -11.788  -11.108 0.3000000119
61271  -41.605  -11.060  -11.531 0.3000000119
60334  -40.283  -11.761  -10.904 0.3000000119
61272  -42.715  -11.429  -11.760 0.3000000119
61273  -44.138  -11.147  -12.238 0.3000000119
60333  -39.982  -12.071  -10.463 0.3000000119
62211  -44.594  -10.186  -12.138 0.3000000119
62201  -44.514  -10.323  -11.434 0.3000000119
109857  -39.656  -12.642  -10.054 0.3000000119
62194  -43.795  -10.548  -9.942 0.3000000119
59460  -39.355  -13.145  -9.450 0.3000000119
59459  -38.740  -13.609  -10.090 0.4000000060
115267  -43.281  -9.886  -9.072 0.3000000119
62186  -43.493  -10.563  -8.498 0.3000000119
62175  -44.046  -10.839  -7.227 0.3000000119
58553  -38.398  -13.931  -9.283 0.4000000060
120978  -44.463  -10.438  -6.785 0.3000000119
62166  -45.860  -10.380  -6.639 0.3000000119
119749  -40.650  -11.093  -11.060 0.3000000119
124165  -42.892  -10.651  -12.144 0.3000000119
124159  -43.074  -9.795  -12.444 0.3000000119
61257  -40.335  -11.205  -10.377 0.3000000119
62215  -43.912  -9.445  -12.428 0.3000000119
63072  -44.115  -9.096  -12.266 0.3000000119
117002  -39.863  -12.032  -9.461 0.3000000119
63062  -44.231  -9.414  -11.747 0.3000000119
63053  -43.008  -9.199  -9.548 0.3000000119
63046  -42.852  -9.290  -8.269 0.3000000119
121292  -43.080  -9.237  -7.490 0.3000000119
112801  -38.918  -13.594  -8.586 0.4000000060
63036  -43.502  -9.573  -7.156 0.3000000119
63858  -43.709  -8.448  -6.679 0.3000000119
63023  -45.585  -9.680  -6.565 0.3000000119
111006  -46.453  -8.343  -7.115 0.3000000119
62200  -40.518  -10.373  -10.553 0.3000000119
62208  -40.999  -10.295  -11.427 0.3000000119
63069  -41.315  -9.462  -12.003 0.3000000119
62209  -41.933  -10.132  -12.083 0.3000000119
63905  -41.751  -8.419  -12.618 0.3000000119
63070  -42.322  -9.235  -12.477 0.3000000119
61256  -40.032  -11.323  -9.491 0.3000000119
63076  -42.808  -8.368  -12.811 0.3000000119
63907  -43.600  -8.481  -12.389 0.3000000119
63061  -43.503  -8.919  -10.906 0.3000000119
61248  -39.496  -11.548  -8.454 0.3000000119
63906  -43.315  -7.981  -12.272 0.3000000119
63899  -43.181  -8.178  -11.298 0.3000000119
119469  -39.330  -13.021  -8.454 0.4000000060
63893  -42.675  -8.483  -9.953 0.3000000119
63885  -42.494  -8.626  -8.592 0.3000000119
63035  -42.747  -8.662  -7.558 0.3000000119
59450  -39.139  -13.124  -7.628 0.4000000060
64760  -44.929  -8.033  -6.613 0.3000000119
112805  -38.713  -13.726  -7.345 0.4000000060
64761  -45.777  -8.193  -6.812 0.3000000119
64773  -46.304  -7.663  -7.301 0.3000000119
63060  -40.602  -9.427  -10.930 0.3000000119
63052  -40.212  -9.736  -9.884 0.3000000119
62193  -40.182  -10.523  -9.667 0.3000000119
63914  -43.012  -7.865  -12.810 0.3000000119
112213  -42.383  -7.758  -10.389 0.3000000119
64784  -42.036  -7.878  -8.893 0.3000000119
114218  -42.305  -7.997  -7.748 0.3000000119
63857  -42.866  -8.000  -7.032 0.3000000119
64758  -43.433  -7.820  -6.749 0.3000000119
65642  -44.580  -7.215  -6.762 0.3000000119
59440  -39.002  -13.158  -6.693 0.3000000119
64772  -45.484  -7.390  -6.985 0.3000000119
65656  -46.037  -6.867  -7.528 0.3000000119
65662  -47.209  -6.811  -8.583 0.3000000119
116650  -39.628  -9.372  -9.380 0.3000000119
63898  -40.413  -8.440  -11.126 0.3000000119
122641  -40.898  -8.807  -11.852 0.3000000119
63912  -41.523  -7.486  -12.996 0.3000000119
63913  -42.267  -7.397  -13.134 0.3000000119
63045  -39.308  -9.929  -8.757 0.3000000119
64822  -41.907  -6.650  -13.212 0.3000000119
64814  -42.290  -6.739  -12.193 0.3000000119
65698  -41.698  -6.180  -12.697 0.3000000119
64807  -42.759  -7.458  -11.713 0.3000000119
64806  -41.993  -7.053  -10.851 0.3000000119
65673  -41.258  -6.659  -9.721 0.3000000119
64783  -41.555  -7.114  -8.625 0.3000000119
64757  -42.989  -7.182  -6.902 0.3000000119
65654  -44.124  -6.427  -6.910 0.3000000119
66535  -43.641  -5.684  -7.161 0.3000000119
65655  -45.114  -6.491  -7.236 0.3000000119
66537  -45.172  -5.786  -7.673 0.3000000119
66548  -46.225  -5.752  -8.615 0.3000000119
65674  -46.892  -6.102  -8.980 0.3000000119
63891  -39.363  -8.563  -9.645 0.3000000119
118698  -40.941  -7.985  -12.254 0.3000000119
63884  -38.820  -9.150  -8.846 0.3000000119
64797  -39.039  -7.754  -10.104 0.3000000119
64805  -40.225  -7.551  -11.745 0.3000000119
65697  -40.700  -6.135  -13.352 0.3000000119
63044  -38.514  -9.939  -8.266 0.3000000119
65688  -41.540  -6.334  -11.423 0.3000000119
62173  -38.359  -10.517  -7.227 0.3000000119
65659  -41.252  -6.477  -8.553 0.3000000119
64771  -42.363  -7.278  -7.371 0.3000000119
66534  -42.708  -5.579  -7.246 0.3000000119
125649  -43.827  -4.705  -7.744 0.3000000119
67375  -45.177  -4.775  -8.590 0.3000000119
63889  -37.678  -8.193  -9.038 0.3000000119
107706  -37.895  -9.402  -8.265 0.3000000119
111929  -38.038  -8.784  -8.730 0.3000000119
63033  -37.387  -9.386  -7.745 0.3000000119
63020  -37.982  -9.993  -6.841 0.3000000119
63034  -37.926  -9.916  -7.607 0.3000000119
54790  -38.174  -18.264  -6.444 0.6999999881
55709  -37.805  -17.563  -6.648 0.6000000238
126513  -32.612  -20.404  -6.525 0.6000000238
49671  -34.963  -24.606  -7.867 0.6999999881
25468  -36.296  -50.818  -5.476 0.3000000119
25469  -37.122  -50.364  -5.852 0.3000000119
26430  -37.924  -50.005  -6.156 0.3000000119
25485  -38.643  -50.535  -6.718 0.4000000060
25492  -39.558  -51.221  -7.419 0.4000000060
107061  -41.239  -50.384  -8.078 0.4000000060
106710  -41.867  -49.113  -8.077 0.4000000060
27349  -42.108  -48.021  -8.180 0.4000000060
28269  -42.041  -47.351  -8.511 0.4000000060
29178  -41.729  -46.457  -8.763 0.4000000060
31963  -41.726  -43.874  -9.140 0.4000000060
30081  -41.335  -45.537  -8.911 0.4000000060
32868  -41.697  -41.972  -8.588 0.4000000060
34752  -40.442  -40.350  -4.672 0.4000000060
31891  -44.989  -43.666  -0.523 0.3000000119
31880  -44.401  -43.533  1.195 0.3000000119
34751  -39.694  -40.305  -4.377 0.5000000000
32736  -45.951  -42.387  3.096 0.3000000119
111753  -46.499  -41.843  3.220 0.3000000119
34750  -38.977  -40.277  -4.057 0.5000000000
113215  -38.611  -40.028  -2.701 0.5000000000
42684  -49.290  -32.108  -0.694 0.3000000119
41756  -48.736  -32.396  -0.178 0.3000000119
42704  -49.072  -31.805  -1.284 0.3000000119
42702  -47.489  -31.761  -1.666 0.4000000060
34720  -36.950  -39.824  -2.559 0.6000000238
121151  -47.453  -31.635  -2.313 0.4000000060
42736  -47.576  -31.608  -3.544 0.4000000060
108922  -46.105  -31.528  -3.230 0.4000000060
42751  -46.872  -31.882  -4.749 0.4000000060
41820  -47.591  -32.946  -6.288 0.4000000060
41813  -30.161  -32.360  -5.534 0.4000000060
107595  -30.674  -33.192  -5.619 0.5000000000
112209  -31.497  -33.275  -5.956 0.5000000000
37327  -34.689  -37.779  -4.212 0.6999999881
40938  -46.553  -34.619  -7.859 0.4000000060
38191  -35.140  -36.205  -4.166 0.6999999881
40947  -45.955  -35.534  -8.962 0.4000000060
42772  -31.990  -31.508  -6.566 0.5000000000
42778  -33.451  -31.362  -7.755 0.6000000238
42777  -32.572  -31.250  -7.046 0.6000000238
39072  -35.409  -35.517  -3.706 0.8000000119
107133  -35.326  -35.005  -5.073 0.8000000119
39990  -45.208  -35.526  -9.511 0.4000000060
39965  -35.448  -34.729  -4.225 0.8000000119
44731  -34.209  -29.501  -8.488 0.8000000119
107504  -35.577  -33.705  -6.280 0.8000000119
39996  -42.904  -34.975  -8.689 0.4000000060
44740  -35.435  -29.128  -9.054 0.6999999881
40933  -35.821  -33.209  -7.240 0.8000000119
44741  -35.991  -28.901  -9.061 0.6999999881
44732  -36.118  -29.165  -9.033 0.6999999881
42773  -35.722  -31.293  -7.444 0.8000000119
109299  -36.254  -29.656  -8.744 0.6999999881
43751  -36.323  -30.446  -8.620 0.6000000238
42788  -42.377  -32.354  -9.077 0.3000000119
44733  -42.287  -29.573  -7.932 0.4000000060
126913  -42.307  -30.774  -7.606 0.4000000060
107166  -42.287  -31.455  -8.217 0.3000000119
108365  -42.472  -25.695  -8.175 0.4000000060
47856  -42.385  -27.198  -7.740 0.4000000060
46786  -42.345  -28.096  -7.882 0.4000000060
45731  -42.356  -28.800  -7.484 0.4000000060
47864  -42.473  -26.219  -10.006 0.4000000060
118513  -42.468  -24.908  -10.441 0.5000000000
50486  -42.490  -24.101  -8.383 0.5000000000
51279  -42.188  -22.723  -10.165 0.4000000060
49680  -42.425  -24.280  -10.636 0.5000000000
48816  -42.537  -25.598  -10.592 0.5000000000
48819  -42.810  -25.768  -11.168 0.4000000060
49685  -42.949  -24.940  -11.390 0.5000000000
51273  -42.465  -22.586  -8.138 0.5000000000
51276  -42.287  -22.256  -9.234 0.4000000060
116660  -44.005  -25.168  -11.878 0.5000000000
50499  -45.613  -23.811  -12.275 0.5000000000
51296  -47.107  -22.961  -12.476 0.5000000000
127486  -29.288  -20.885  -6.433 0.5000000000
52087  -47.506  -21.375  -12.214 0.5000000000
53905  -49.402  -19.980  -12.289 0.4000000060
53860  -29.379  -19.288  -6.533 0.6000000238
117327  -30.373  -20.008  -6.542 0.6000000238
53861  -30.655  -19.068  -6.625 0.6000000238
54784  -31.380  -18.436  -6.695 0.6000000238
55702  -30.869  -17.714  -7.019 0.6000000238
55703  -31.884  -17.818  -6.802 0.6000000238
54834  -50.398  -18.509  -11.697 0.3000000119
116479  -50.825  -17.790  -11.329 0.3000000119
55717  -32.220  -17.107  -7.248 0.6000000238
57573  -33.242  -15.553  -9.834 0.6000000238
57593  -33.423  -14.442  -10.455 0.6000000238
59471  -33.656  -13.644  -10.421 0.6000000238
58566  -35.289  -13.673  -10.490 0.6000000238
58565  -34.236  -13.548  -10.240 0.6000000238
107279  -36.733  -13.808  -10.228 0.5000000000
128302  -37.989  -14.294  -8.773 0.4000000060
58542  -38.348  -14.164  -8.070 0.4000000060
58525  -38.187  -14.298  -6.997 0.4000000060
66533  -41.992  -5.066  -7.555 0.3000000119
67351  -42.564  -4.822  -7.504 0.3000000119
67386  -44.771  -4.119  -8.973 0.3000000119
67387  -45.508  -4.432  -9.430 0.3000000119
66557  -46.563  -5.436  -9.402 0.3000000119
63019  -37.421  -9.471  -7.097 0.3000000119
120651  -38.435  -9.871  -6.258 0.3000000119
41833  -47.127  -33.607  -6.891 0.4000000060
27347  -41.648  -48.797  -7.649 0.4000000060
31023  -40.619  -44.914  -5.245 0.3000000119
30063  -40.388  -45.609  -5.508 0.3000000119
31031  -41.722  -44.487  -6.220 0.3000000119
30076  -42.643  -46.121  -7.741 0.4000000060
32852  -45.050  -41.881  -6.502 0.3000000119
31953  -42.334  -43.889  -6.450 0.3000000119
34753  -41.393  -40.475  -4.887 0.4000000060
31923  -44.804  -43.030  -3.713 0.3000000119
34780  -45.212  -40.557  -7.545 0.4000000060
34727  -47.016  -39.341  -3.249 0.3000000119
34723  -39.990  -40.467  -3.181 0.4000000060
33707  -45.714  -41.622  3.354 0.3000000119
33728  -44.399  -41.107  2.520 0.3000000119
124930  -44.943  -39.293  4.116 0.3000000119
38121  -47.135  -36.077  3.870 0.3000000119
39900  -47.516  -34.565  2.750 0.3000000119
36485  -43.651  -37.855  2.544 0.3000000119
35587  -44.416  -38.764  3.540 0.3000000119
36464  -44.367  -37.967  3.745 0.3000000119
41742  -49.795  -32.984  0.369 0.3000000119
36484  -42.590  -37.756  2.380 0.3000000119
126669  -43.929  -36.783  3.478 0.3000000119
36507  -37.211  -38.616  0.738 0.6000000238
41755  -48.066  -32.296  -0.302 0.4000000060
36518  -37.019  -38.691  -0.828 0.6000000238
36529  -36.284  -38.457  -2.043 0.6999999881
37280  -41.100  -37.478  2.379 0.3000000119
42717  -46.985  -31.541  -2.875 0.4000000060
38136  -40.809  -36.749  2.205 0.4000000060
38147  -39.315  -36.303  1.752 0.4000000060
42679  -45.008  -31.918  -1.064 0.4000000060
39024  -37.596  -35.652  1.442 0.6000000238
38167  -35.931  -36.430  -1.665 0.6999999881
37328  -35.075  -37.820  -3.346 0.6999999881
40855  -41.752  -33.909  -0.036 0.4000000060
39917  -36.751  -34.661  0.631 0.6000000238
38177  -35.651  -36.346  -2.464 0.6999999881
41818  -45.113  -33.379  -6.188 0.4000000060
40937  -45.272  -34.458  -7.503 0.4000000060
40850  -36.844  -33.798  0.368 0.6000000238
39065  -35.581  -35.579  -2.860 0.6999999881
37333  -35.003  -37.006  -3.748 0.6999999881
40861  -36.526  -33.424  -0.378 0.6000000238
40864  -41.332  -33.936  -1.425 0.5000000000
126643  -35.686  -34.968  -2.540 0.6999999881
39955  -35.616  -34.113  -3.514 0.6999999881
108865  -35.571  -34.864  -3.249 0.8000000119
41805  -35.497  -32.257  -4.826 0.6999999881
40912  -42.379  -33.802  -4.381 0.4000000060
43706  -35.758  -30.935  -4.072 0.6000000238
45711  -35.550  -28.781  -5.175 0.6000000238
121399  -35.524  -30.487  -7.061 0.6999999881
111605  -35.515  -28.861  -7.098 0.6000000238
40962  -42.881  -34.180  -9.709 0.4000000060
124879  -42.411  -33.140  -8.591 0.3000000119
43694  -37.291  -30.069  -2.185 0.6000000238
43679  -37.709  -30.416  -1.387 0.6000000238
43680  -38.482  -30.083  -0.965 0.6999999881
45754  -35.715  -28.485  -8.786 0.6999999881
46785  -35.589  -27.382  -7.942 0.6999999881
45681  -38.595  -28.784  -1.739 0.5000000000
45693  -42.327  -29.126  -2.871 0.4000000060
48799  -42.242  -25.859  -6.605 0.4000000060
45713  -42.407  -28.017  -4.815 0.4000000060
44698  -42.542  -29.357  -4.360 0.4000000060
108926  -42.485  -28.783  -5.314 0.4000000060
46711  -40.268  -27.954  -1.891 0.5000000000
48770  -41.117  -25.372  -3.983 0.5000000000
111464  -42.482  -23.389  -7.836 0.5000000000
52083  -43.423  -21.786  -11.354 0.4000000060
119665  -42.541  -24.203  -11.077 0.5000000000
111465  -29.083  -22.900  -6.401 0.5000000000
49635  -38.851  -24.916  -3.480 0.5000000000
49663  -36.831  -23.912  -6.624 0.6999999881
52072  -41.966  -21.885  -10.166 0.4000000060
113411  -42.037  -21.278  -9.343 0.4000000060
128256  -36.336  -23.693  -7.197 0.8000000119
52068  -42.345  -21.167  -7.336 0.5000000000
52085  -45.287  -21.791  -11.707 0.5000000000
52059  -32.012  -21.385  -6.574 0.6999999881
51250  -37.584  -22.589  -6.213 0.6000000238
52064  -37.092  -21.265  -6.524 0.6999999881
51290  -46.105  -22.526  -12.118 0.5000000000
119887  -29.250  -20.187  -6.418 0.5000000000
52051  -40.518  -21.396  -5.291 0.6000000238
108831  -37.055  -22.125  -6.638 0.6999999881
53869  -38.519  -18.908  -6.295 0.6999999881
53864  -34.008  -19.901  -6.467 0.6000000238
125929  -36.939  -18.574  -6.437 0.6000000238
56565  -36.703  -16.769  -7.473 0.6000000238
54810  -41.105  -18.790  -9.664 0.4000000060
53870  -39.296  -19.064  -6.177 0.5000000000
55722  -40.762  -17.436  -7.989 0.5000000000
55750  -45.406  -17.077  -11.273 0.4000000060
56568  -39.123  -16.927  -7.338 0.6999999881
53901  -48.644  -19.092  -11.941 0.4000000060
55726  -40.254  -17.777  -9.731 0.6000000238
55742  -40.987  -18.115  -10.257 0.4000000060
127308  -39.640  -16.820  -7.987 0.6000000238
55710  -38.661  -17.571  -6.664 0.6000000238
120432  -48.826  -18.518  -11.680 0.3000000119
55741  -40.726  -17.281  -10.350 0.5000000000
116017  -41.732  -17.036  -10.215 0.5000000000
56598  -38.560  -17.011  -9.416 0.6000000238
56632  -46.222  -15.980  -10.896 0.3000000119
57585  -46.383  -15.748  -9.829 0.3000000119
56613  -38.284  -17.330  -10.102 0.6000000238
127528  -38.011  -17.330  -9.950 0.6000000238
55746  -48.004  -17.500  -11.032 0.3000000119
56614  -39.129  -17.428  -9.935 0.6000000238
115581  -36.022  -16.686  -10.193 0.6000000238
56633  -47.475  -16.966  -10.762 0.3000000119
56617  -47.779  -16.484  -9.910 0.3000000119
127862  -41.766  -15.707  -10.401 0.6000000238
57575  -46.530  -15.240  -9.021 0.3000000119
57596  -36.908  -15.373  -10.797 0.6000000238
57586  -47.166  -15.899  -9.452 0.3000000119
60352  -45.173  -12.459  -11.943 0.4000000060
58583  -41.065  -14.114  -10.474 0.4000000060
59486  -43.179  -12.982  -11.279 0.4000000060
111256  -44.464  -12.561  -7.969 0.3000000119
61250  -44.056  -12.057  -8.490 0.3000000119
59478  -39.582  -12.868  -10.110 0.4000000060
62210  -44.036  -10.292  -12.357 0.3000000119
126211  -39.304  -13.319  -10.246 0.3000000119
61249  -43.831  -11.364  -9.163 0.3000000119
62174  -43.623  -10.364  -7.522 0.3000000119
63861  -46.117  -8.948  -6.742 0.3000000119
63054  -43.735  -9.712  -10.523 0.3000000119
60325  -39.608  -12.508  -8.917 0.3000000119
63022  -44.621  -9.649  -6.586 0.3000000119
63900  -43.847  -8.634  -11.930 0.3000000119
63871  -43.266  -8.770  -6.962 0.3000000119
64785  -46.791  -7.234  -7.901 0.3000000119
62192  -39.719  -10.650  -8.916 0.3000000119
63892  -40.054  -8.914  -10.145 0.3000000119
64821  -41.500  -6.698  -13.269 0.3000000119
62185  -39.058  -10.601  -8.253 0.3000000119
66547  -45.518  -5.454  -8.278 0.3000000119
63897  -39.766  -8.044  -10.555 0.3000000119
64812  -40.093  -6.556  -12.723 0.3000000119
65707  -41.228  -6.096  -13.333 0.3000000119
62184  -38.477  -10.415  -7.803 0.3000000119
107479  -41.909  -5.793  -7.502 0.3000000119
66536  -44.488  -5.776  -7.346 0.3000000119
67374  -44.340  -4.559  -8.152 0.3000000119
66556  -45.880  -5.098  -9.038 0.3000000119
66569  -46.879  -5.181  -10.163 0.3000000119
63890  -38.558  -8.332  -9.325 0.3000000119
64804  -39.383  -7.061  -11.346 0.3000000119
64803  -38.608  -7.106  -10.638 0.3000000119
62162  -38.579  -10.483  -6.562 0.3000000119
68143  -44.018  -3.819  -8.553 0.3000000119
28268  -41.318  -47.291  -8.690 0.4000000060
107989  -35.734  -13.742  -9.938 0.5000000000
125444  -42.460  -24.077  -9.321 0.4000000060
49677  -42.425  -24.513  -9.954 0.4000000060
47872  -47.534  -27.148  -12.271 0.3000000119
48825  -46.745  -26.115  -12.659 0.4000000060
49688  -48.197  -26.234  -11.984 0.3000000119
48820  -43.519  -26.012  -11.666 0.4000000060
48824  -45.328  -25.628  -12.371 0.4000000060
49691  -44.764  -24.736  -12.139 0.4000000060
49689  -48.362  -26.036  -12.554 0.3000000119
49693  -47.420  -25.587  -12.799 0.4000000060
49694  -48.248  -25.994  -12.763 0.3000000119
110949  -42.435  -23.254  -9.068 0.3000000119
49692  -45.903  -24.873  -12.490 0.4000000060
50502  -46.896  -24.518  -12.672 0.4000000060
51297  -48.353  -23.566  -12.752 0.3000000119
116350  -49.822  -23.112  -12.680 0.3000000119
51298  -49.320  -23.981  -12.894 0.3000000119
51295  -46.453  -23.451  -12.408 0.4000000060
114046  -51.124  -22.458  -12.511 0.3000000119
119970  -50.141  -22.224  -12.652 0.3000000119
52962  -49.277  -21.001  -12.446 0.3000000119
53906  -50.432  -20.106  -12.412 0.3000000119
52961  -48.389  -21.082  -12.319 0.3000000119
54796  -29.099  -17.764  -6.830 0.5000000000
56572  -28.650  -16.205  -7.047 0.5000000000
54797  -29.777  -17.611  -7.078 0.5000000000
55714  -28.963  -16.786  -7.179 0.5000000000
54840  -51.863  -19.329  -12.219 0.3000000119
55716  -31.180  -16.504  -7.723 0.5000000000
56592  -32.235  -15.983  -8.631 0.5000000000
58534  -30.204  -14.196  -7.822 0.5000000000
59448  -31.198  -13.552  -8.728 0.5000000000
57570  -30.409  -14.118  -8.420 0.5000000000
58548  -31.060  -13.675  -9.112 0.4000000060
58535  -30.779  -13.740  -7.934 0.5000000000
124861  -29.881  -14.519  -7.238 0.5000000000
58563  -32.170  -13.725  -10.105 0.5000000000
58536  -31.675  -13.682  -7.961 0.4000000060
59458  -32.679  -13.381  -9.630 0.5000000000
58521  -31.441  -14.076  -7.112 0.4000000060
58537  -32.767  -13.884  -8.087 0.4000000060
58564  -33.671  -13.376  -9.894 0.5000000000
127102  -32.649  -13.533  -8.924 0.4000000060
107425  -33.570  -14.365  -6.911 0.4000000060
58538  -34.057  -14.316  -8.088 0.5000000000
127904  -34.100  -13.845  -9.260 0.4000000060
125410  -34.521  -14.569  -6.945 0.5000000000
58539  -35.178  -14.658  -7.607 0.4000000060
58552  -36.556  -14.346  -9.110 0.4000000060
58551  -34.927  -14.309  -8.912 0.3000000119
58522  -35.324  -14.683  -6.425 0.3000000119
58523  -36.187  -14.815  -7.107 0.3000000119
58540  -36.892  -14.740  -7.967 0.3000000119
57564  -37.340  -14.375  -8.977 0.3000000119
58524  -37.301  -14.664  -6.701 0.3000000119
58541  -37.731  -14.520  -7.837 0.3000000119
56563  -28.564  -16.672  -6.799 0.5000000000
47866  -46.566  -27.882  -11.555 0.3000000119
48821  -44.730  -26.345  -12.220 0.4000000060
56557  -28.730  -16.544  -6.324 0.4000000060
57561  -29.151  -15.404  -7.164 0.5000000000
57556  -29.336  -15.108  -6.897 0.4000000060
112613  -32.488  -14.182  -6.969 0.5000000000
50489  -42.333  -23.641  -10.196 0.4000000060
48811  -42.495  -25.926  -9.098 0.4000000060
47869  -43.212  -26.802  -11.421 0.4000000060
49687  -44.898  -24.143  -12.135 0.4000000060
52089  -47.570  -22.387  -12.454 0.3000000119
54783  -29.623  -18.417  -6.728 0.5000000000
122679  -30.499  -18.258  -6.804 0.5000000000
125156  -31.304  -17.236  -7.267 0.5000000000
56575  -31.976  -16.433  -7.975 0.5000000000
57572  -32.414  -15.397  -9.455 0.5000000000
57592  -32.848  -13.764  -10.392 0.5000000000
59470  -33.219  -13.378  -10.166 0.5000000000
58550  -34.649  -13.493  -10.004 0.4000000060
47867  -47.157  -27.239  -11.679 0.3000000119
46803  -47.108  -27.903  -12.169 0.4000000060
47873  -47.845  -26.563  -12.527 0.3000000119
47875  -46.112  -26.781  -12.560 0.4000000060
126022  -46.682  -27.674  -12.439 0.4000000060
47876  -47.358  -27.069  -12.490 0.3000000119
122777  -48.652  -25.127  -13.062 0.3000000119
48823  -48.093  -26.286  -12.624 0.3000000119
50503  -47.935  -24.366  -12.876 0.4000000060
123531  -48.618  -22.478  -12.598 0.3000000119
52964  -51.295  -21.363  -12.538 0.3000000119
54795  -28.520  -17.731  -6.421 0.5000000000
55701  -28.543  -17.262  -6.555 0.5000000000
56573  -29.292  -15.842  -7.438 0.5000000000
55715  -30.130  -16.774  -7.497 0.5000000000
56574  -30.217  -15.671  -7.898 0.5000000000
57563  -30.393  -14.828  -8.315 0.5000000000
56591  -31.148  -15.607  -8.421 0.5000000000
57581  -31.640  -14.241  -9.650 0.5000000000
57562  -29.824  -14.827  -7.756 0.5000000000
114096  -29.713  -14.755  -7.340 0.5000000000
59449  -32.029  -13.397  -8.878 0.4000000060
57571  -30.899  -14.431  -8.920 0.4000000060
58549  -33.303  -13.690  -9.012 0.5000000000
106843  -35.931  -14.583  -8.412 0.3000000119
47870  -44.263  -27.140  -11.986 0.4000000060
126631  -35.270  -32.230  -8.966 0.6999999881
109118  -36.398  -33.153  -8.404 0.6999999881
42779  -36.576  -31.533  -8.903 0.6999999881
41848  -36.499  -31.818  -9.093 0.6999999881
41847  -36.110  -32.096  -9.371 0.6999999881
121595  -35.462  -31.696  -9.152 0.6999999881
41846  -34.435  -31.867  -8.444 0.6999999881
42787  -36.425  -30.809  -9.128 0.6999999881
42786  -36.160  -31.131  -9.335 0.6999999881
43757  -35.435  -30.139  -9.162 0.6999999881
42785  -34.791  -31.097  -8.759 0.6999999881
112316  -42.368  -28.388  -8.674 0.3000000119
45755  -42.362  -29.070  -9.262 0.3000000119
121210  -42.445  -27.574  -9.597 0.3000000119
113096  -42.413  -28.296  -9.478 0.3000000119
120699  -36.373  -29.979  -9.107 0.6999999881
43758  -36.271  -30.305  -9.243 0.6999999881
47860  -42.411  -27.569  -8.691 0.3000000119
46795  -42.599  -28.080  -10.358 0.3000000119
119327  -43.130  -28.704  -11.083 0.3000000119
45761  -44.110  -29.322  -11.614 0.3000000119
43759  -36.141  -29.590  -9.196 0.6000000238
117876  -42.449  -26.602  -8.402 0.3000000119
47862  -42.462  -26.831  -9.313 0.3000000119
46797  -42.964  -27.635  -11.078 0.3000000119
124752  -43.656  -28.461  -11.526 0.3000000119
46800  -44.607  -28.806  -11.939 0.3000000119
47868  -42.668  -26.515  -10.828 0.3000000119
46804  -46.351  -28.303  -12.234 0.3000000119
49675  -42.509  -24.924  -8.937 0.3000000119
46801  -45.173  -28.367  -12.235 0.3000000119
121996  -35.674  -34.375  -6.552 0.6999999881
39090  -35.489  -34.979  -6.038 0.6999999881
39982  -36.327  -33.955  -7.856 0.6999999881
40942  -34.480  -33.431  -8.235 0.6999999881
126389  -36.488  -34.071  -8.674 0.6999999881
41840  -36.561  -32.595  -8.993 0.6999999881
124132  -34.429  -32.589  -8.321 0.6999999881
41838  -33.604  -32.157  -7.717 0.6999999881
107014  -42.280  -30.490  -8.401 0.3000000119
44742  -42.304  -29.760  -8.873 0.3000000119
45758  -42.686  -29.165  -10.439 0.3000000119
45760  -43.433  -29.574  -11.215 0.3000000119
44752  -44.661  -29.691  -11.512 0.3000000119
45763  -45.191  -29.212  -11.809 0.3000000119
45762  -45.754  -28.914  -11.826 0.3000000119
46802  -46.553  -28.402  -12.039 0.3000000119
32849  -38.857  -42.425  -5.533 0.4000000060
32834  -38.187  -42.273  -4.629 0.4000000060
33816  -38.458  -41.043  -4.253 0.4000000060
33828  -39.647  -40.837  -5.406 0.4000000060
31933  -37.653  -43.098  -4.537 0.4000000060
34721  -37.885  -39.780  -2.494 0.5000000000
33806  -38.347  -40.431  -3.549 0.4000000060
33805  -37.647  -41.117  -3.622 0.4000000060
33827  -39.005  -41.401  -5.102 0.4000000060
33815  -37.734  -41.829  -4.034 0.4000000060
32833  -37.404  -42.646  -4.082 0.4000000060
114493  -38.277  -40.070  -3.063 0.4000000060
34736  -37.494  -40.344  -3.063 0.5000000000
33804  -36.818  -41.206  -3.316 0.5000000000
32832  -36.560  -42.876  -3.861 0.5000000000
34735  -36.461  -40.486  -2.984 0.5000000000
32820  -36.262  -41.953  -3.589 0.5000000000
32831  -35.641  -42.546  -3.946 0.5000000000
32830  -35.113  -42.897  -4.405 0.5000000000
33803  -35.946  -41.147  -3.335 0.5000000000
115014  -35.736  -40.471  -3.187 0.6000000238
34734  -35.251  -40.775  -3.698 0.5000000000
33814  -35.403  -41.659  -3.848 0.5000000000
33813  -34.800  -42.115  -4.622 0.6000000238
34765  -34.595  -40.707  -6.492 0.5000000000
34719  -35.964  -39.796  -2.767 0.6000000238
34718  -35.233  -39.991  -3.399 0.6000000238
34749  -34.815  -41.112  -4.469 0.5000000000
109603  -34.463  -41.328  -5.584 0.6000000238
117514  -34.745  -39.887  -8.422 0.5000000000
35713  -34.918  -40.209  -8.149 0.5000000000
35714  -35.533  -39.465  -8.209 0.5000000000
35716  -35.470  -39.280  -8.563 0.5000000000
39095  -32.518  -35.590  -6.545 0.4000000060
39980  -32.620  -34.896  -6.561 0.5000000000
35688  -34.809  -39.245  -3.810 0.6000000238
34733  -34.779  -40.178  -4.183 0.5000000000
38206  -32.782  -36.214  -6.867 0.5000000000
35696  -34.578  -39.521  -4.828 0.6000000238
38209  -33.612  -36.298  -7.684 0.5000000000
34748  -34.585  -40.470  -5.208 0.6000000238
35711  -35.297  -39.187  -7.077 0.6000000238
35706  -34.708  -39.843  -6.055 0.5000000000
36554  -34.235  -38.984  -8.350 0.5000000000
35710  -35.016  -40.157  -7.440 0.5000000000
36552  -35.931  -38.902  -8.158 0.5000000000
116004  -31.930  -35.290  -6.066 0.4000000060
38205  -31.582  -36.116  -5.969 0.4000000060
40931  -32.779  -34.060  -6.677 0.5000000000
39981  -33.372  -34.696  -7.252 0.5000000000
36539  -34.586  -38.616  -4.527 0.6000000238
39098  -34.031  -35.463  -7.896 0.5000000000
36546  -34.682  -38.865  -5.594 0.6000000238
37351  -35.099  -38.205  -6.345 0.6000000238
35715  -35.342  -39.040  -8.757 0.5000000000
36557  -35.973  -38.828  -8.949 0.5000000000
36555  -36.033  -38.813  -8.778 0.5000000000
36556  -35.858  -38.487  -9.039 0.5000000000
39979  -31.942  -34.231  -6.129 0.4000000060
127398  -32.911  -33.388  -6.828 0.5000000000
40932  -33.509  -33.821  -7.369 0.5000000000
39984  -34.489  -34.485  -8.211 0.5000000000
38190  -34.805  -36.946  -4.851 0.6000000238
37344  -34.978  -37.381  -5.870 0.6000000238
37352  -35.701  -37.493  -7.125 0.6000000238
37358  -34.833  -38.244  -8.707 0.5000000000
114865  -35.749  -38.443  -7.490 0.5000000000
38210  -34.721  -36.381  -8.549 0.5000000000
37359  -35.667  -37.501  -8.980 0.5000000000
37360  -36.329  -38.144  -8.954 0.5000000000
41828  -32.647  -32.825  -6.728 0.5000000000
41839  -35.657  -32.941  -9.129 0.6000000238
40943  -35.576  -33.879  -8.882 0.5000000000
123059  -35.013  -36.096  -4.978 0.6000000238
39985  -35.643  -34.684  -8.878 0.5000000000
38201  -35.253  -36.496  -6.024 0.6000000238
38213  -35.924  -36.325  -9.010 0.5000000000
109072  -36.505  -37.267  -8.240 0.5000000000
115487  -36.556  -37.071  -8.949 0.5000000000
121841  -36.599  -36.608  -8.895 0.5000000000
39972  -31.374  -34.717  -5.760 0.4000000060
40952  -36.216  -33.538  -9.183 0.6000000238
108044  -35.712  -35.717  -6.649 0.6000000238
39102  -36.159  -35.337  -9.046 0.5000000000
39100  -36.546  -35.507  -8.435 0.6000000238
38214  -36.529  -36.095  -8.907 0.5000000000
124764  -32.274  -33.368  -6.415 0.5000000000
122870  -32.776  -32.056  -6.994 0.4000000060
41827  -31.924  -32.445  -6.350 0.4000000060
40953  -36.400  -32.888  -9.140 0.6000000238
108392  -36.400  -33.670  -9.044 0.6000000238
39103  -36.497  -35.211  -8.844 0.5000000000
39101  -36.526  -35.154  -8.812 0.5000000000
37355  -34.211  -37.239  -8.328 0.5000000000
40922  -31.105  -33.992  -5.685 0.4000000060
33817  -39.291  -40.618  -4.729 0.4000000060
36533  -34.791  -38.420  -3.778 0.6000000238
39081  -35.252  -35.500  -4.564 0.6000000238
106739  -35.259  -35.599  -5.500 0.6000000238
39097  -36.194  -34.998  -7.423 0.6000000238
39986  -36.511  -34.663  -8.511 0.6000000238
40944  -36.494  -33.503  -8.861 0.6000000238
41829  -33.407  -32.896  -7.390 0.5000000000
32821  -37.087  -41.999  -3.671 0.5000000000
37356  -36.331  -38.154  -8.508 0.5000000000
37343  -34.628  -37.941  -5.183 0.6000000238
37357  -36.575  -37.333  -8.868 0.5000000000
38207  -36.081  -36.539  -7.399 0.6000000238
111596  -36.369  -35.843  -7.695 0.6000000238
38211  -36.578  -36.460  -8.522 0.6000000238
42719  -48.083  -31.716  -2.163 0.3000000119
42703  -48.259  -31.849  -1.447 0.3000000119
118267  -48.612  -31.570  -2.718 0.3000000119
42737  -48.401  -31.590  -3.580 0.3000000119
43696  -49.892  -31.036  -3.008 0.3000000119
42754  -49.108  -31.469  -4.145 0.3000000119
43722  -49.651  -31.223  -4.614 0.3000000119
123544  -47.400  -31.670  -4.190 0.3000000119
109006  -47.936  -31.689  -4.117 0.3000000119
42753  -48.496  -31.748  -4.549 0.3000000119
42764  -49.257  -31.783  -5.296 0.3000000119
42762  -47.635  -32.367  -5.510 0.3000000119
42763  -48.508  -32.223  -5.460 0.3000000119
40958  -46.824  -35.327  -9.909 0.3000000119
39991  -46.440  -35.534  -9.702 0.3000000119
41852  -45.990  -34.925  -9.902 0.3000000119
39989  -44.183  -35.413  -9.514 0.3000000119
41851  -44.635  -34.813  -9.792 0.3000000119
40957  -45.729  -35.374  -9.744 0.3000000119
40000  -43.420  -34.842  -9.784 0.3000000119
42720  -49.381  -31.378  -2.517 0.3000000119
43710  -50.450  -30.575  -3.516 0.3000000119
31930  -35.736  -43.402  -4.226 0.4000000060
43723  -50.339  -30.594  -4.592 0.3000000119
41821  -48.416  -32.908  -6.356 0.3000000119
41834  -48.171  -33.763  -7.176 0.3000000119
40948  -47.107  -35.459  -9.136 0.3000000119
40949  -48.150  -35.248  -9.190 0.3000000119
40960  -48.771  -34.579  -9.435 0.3000000119
41854  -48.190  -34.502  -9.658 0.3000000119
41853  -47.090  -34.738  -9.801 0.3000000119
123314  -45.147  -33.570  -8.840 0.3000000119
43709  -49.753  -31.044  -3.807 0.3000000119
43734  -50.008  -31.274  -5.555 0.3000000119
28241  -27.345  -47.486  -5.807 0.4000000060
119890  -27.889  -46.322  -5.920 0.3000000119
126405  -28.118  -45.755  -6.042 0.3000000119
30054  -28.307  -45.178  -6.134 0.3000000119
113700  -33.240  -41.196  -7.698 0.4000000060
33843  -34.032  -41.270  -7.840 0.4000000060
33842  -33.430  -41.794  -7.545 0.4000000060
32857  -33.584  -42.519  -6.614 0.4000000060
35712  -33.646  -39.675  -7.953 0.4000000060
107633  -34.036  -40.410  -8.157 0.4000000060
124918  -33.843  -40.889  -8.027 0.4000000060
34782  -34.402  -40.660  -8.058 0.4000000060
34783  -34.403  -40.974  -7.807 0.4000000060
127071  -34.377  -41.193  -7.456 0.4000000060
33826  -34.380  -41.332  -6.823 0.4000000060
32858  -34.144  -42.101  -5.934 0.4000000060
37348  -30.692  -37.808  -5.832 0.3000000119
34776  -34.604  -40.824  -7.520 0.4000000060
37349  -31.272  -36.929  -5.895 0.3000000119
38208  -33.164  -37.048  -7.344 0.4000000060
32856  -32.955  -42.812  -6.984 0.4000000060
32866  -33.397  -42.239  -7.217 0.4000000060
33836  -34.036  -41.687  -7.284 0.4000000060
26446  -41.523  -49.705  -8.690 0.3000000119
27354  -41.594  -48.172  -8.571 0.3000000119
112925  -40.616  -45.915  -8.742 0.3000000119
121864  -40.806  -44.136  -8.817 0.3000000119
31961  -40.130  -43.945  -8.352 0.3000000119
31033  -38.953  -44.690  -7.714 0.3000000119
30069  -38.255  -45.214  -7.462 0.3000000119
30068  -37.616  -45.669  -7.340 0.3000000119
125219  -38.443  -44.659  -7.068 0.3000000119
115158  -37.828  -45.074  -6.609 0.3000000119
30067  -37.108  -45.705  -6.539 0.3000000119
31951  -38.755  -43.412  -6.129 0.3000000119
31022  -37.966  -43.992  -5.531 0.3000000119
116109  -37.716  -44.626  -5.827 0.3000000119
31942  -38.175  -43.206  -5.138 0.3000000119
31021  -37.248  -44.440  -5.184 0.3000000119
31962  -40.806  -43.346  -8.580 0.3000000119
31932  -37.075  -43.401  -4.258 0.3000000119
31008  -37.475  -43.735  -4.820 0.3000000119
31037  -40.326  -44.916  -8.662 0.3000000119
24523  -38.534  -51.286  -6.963 0.4000000060
25486  -39.577  -50.242  -7.096 0.4000000060
26419  -37.340  -49.507  -5.509 0.3000000119
26431  -38.761  -49.692  -6.447 0.4000000060
26439  -41.523  -49.675  -7.909 0.4000000060
26451  -41.426  -49.154  -8.732 0.3000000119
27355  -41.772  -48.943  -8.296 0.4000000060
28257  -41.576  -47.479  -7.153 0.4000000060
28273  -40.858  -47.808  -8.802 0.4000000060
29166  -41.303  -46.688  -6.722 0.4000000060
29171  -42.571  -46.836  -8.032 0.4000000060
29177  -40.787  -46.651  -8.733 0.3000000119
30064  -41.095  -45.102  -5.962 0.3000000119
30077  -43.235  -45.453  -8.109 0.4000000060
30078  -43.222  -45.016  -8.705 0.4000000060
30080  -39.791  -45.611  -8.548 0.3000000119
30082  -42.395  -45.595  -8.864 0.4000000060
31011  -41.188  -43.889  -4.640 0.3000000119
31024  -41.117  -44.407  -5.351 0.3000000119
31030  -38.300  -44.320  -6.363 0.3000000119
31035  -43.498  -44.808  -7.881 0.4000000060
31038  -41.478  -44.790  -9.028 0.4000000060
31890  -44.513  -43.610  0.461 0.3000000119
31925  -47.203  -42.743  -4.072 0.3000000119
31934  -41.686  -43.437  -4.287 0.3000000119
31954  -43.346  -43.753  -7.354 0.4000000060
31960  -44.135  -43.382  -8.348 0.4000000060
31965  -43.589  -44.186  -8.710 0.4000000060
32734  -44.671  -41.759  2.817 0.3000000119
32735  -45.187  -42.120  3.054 0.3000000119
32753  -45.366  -42.885  2.760 0.3000000119
32837  -46.009  -41.631  -4.895 0.3000000119
32839  -47.303  -40.646  -4.874 0.3000000119
32867  -40.853  -42.405  -8.275 0.3000000119
32870  -45.518  -41.745  -8.077 0.4000000060
32871  -41.684  -42.868  -8.859 0.4000000060
32872  -42.804  -42.487  -9.110 0.4000000060
32875  -45.034  -42.030  -8.441 0.4000000060
33705  -44.555  -41.059  3.019 0.3000000119
33759  -41.308  -41.081  0.059 0.3000000119
33782  -42.603  -40.889  -1.538 0.3000000119
33818  -45.596  -41.506  -5.529 0.3000000119
33820  -47.230  -40.326  -5.688 0.3000000119
33831  -46.842  -40.315  -6.402 0.3000000119
33838  -45.916  -41.279  -7.704 0.4000000060
33845  -41.839  -41.339  -8.255 0.4000000060
33846  -42.793  -41.320  -8.502 0.4000000060
33851  -44.429  -41.943  -8.793 0.4000000060
34625  -45.572  -39.880  4.065 0.3000000119
34632  -45.473  -40.732  3.659 0.3000000119
34677  -38.622  -40.353  0.312 0.5000000000
34680  -41.852  -40.329  0.555 0.3000000119
34691  -39.051  -40.719  -1.116 0.3000000119
34695  -45.224  -39.194  -0.103 0.3000000119
34701  -38.464  -40.109  -1.422 0.5000000000
34703  -43.048  -40.203  -0.920 0.3000000119
34722  -39.392  -40.339  -2.765 0.5000000000
34737  -38.833  -40.085  -3.375 0.5000000000
34741  -42.629  -40.977  -3.174 0.3000000119
34744  -47.348  -39.568  -4.215 0.3000000119
34757  -46.863  -39.538  -5.679 0.3000000119
34758  -47.194  -39.503  -5.077 0.3000000119
34770  -44.394  -40.275  -6.598 0.4000000060
34779  -43.466  -40.543  -7.277 0.4000000060
34784  -42.167  -41.000  -8.004 0.4000000060
35579  -46.412  -38.928  4.381 0.3000000119
35606  -44.008  -38.212  2.325 0.3000000119
35640  -38.241  -39.883  0.694 0.5000000000
35652  -38.033  -39.879  0.018 0.5000000000
35666  -45.352  -38.535  -1.293 0.3000000119
35681  -45.767  -38.630  -3.005 0.3000000119
35682  -46.320  -38.554  -2.879 0.3000000119
35691  -46.828  -38.936  -3.439 0.3000000119
36450  -45.217  -38.545  4.389 0.3000000119
36481  -39.567  -38.505  2.153 0.5000000000
36482  -40.503  -38.179  2.318 0.3000000119
36483  -41.583  -38.059  2.352 0.3000000119
36498  -43.384  -38.100  2.114 0.3000000119
37246  -45.519  -37.261  4.425 0.3000000119
37304  -36.491  -37.198  -0.010 0.6999999881
38108  -46.299  -36.188  4.195 0.3000000119
38109  -46.799  -36.851  4.202 0.3000000119
38137  -41.652  -36.396  2.441 0.4000000060
38144  -37.024  -36.073  1.254 0.6000000238
38212  -36.553  -35.876  -8.843 0.5000000000
39033  -36.620  -35.643  0.689 0.6999999881
39096  -33.133  -35.522  -7.089 0.5000000000
39099  -35.161  -35.445  -8.676 0.5000000000
39890  -44.282  -34.582  3.287 0.4000000060
39910  -41.939  -34.251  1.474 0.4000000060
39921  -40.635  -34.625  0.630 0.4000000060
39988  -43.488  -35.282  -8.727 0.4000000060
39992  -47.487  -35.343  -9.772 0.3000000119
39993  -48.228  -35.098  -9.570 0.3000000119
39994  -36.293  -34.348  -9.053 0.6000000238
39995  -36.457  -34.344  -8.844 0.5000000000
39997  -43.450  -35.216  -9.438 0.4000000060
39998  -43.922  -35.214  -9.796 0.3000000119
39999  -42.937  -34.859  -9.405 0.4000000060
40832  -47.736  -34.027  2.241 0.3000000119
40843  -45.468  -33.078  1.915 0.4000000060
40851  -37.416  -33.560  0.690 0.6000000238
40923  -42.578  -33.832  -4.927 0.4000000060
40946  -44.967  -35.357  -8.652 0.4000000060
40950  -48.895  -34.778  -9.203 0.3000000119
40954  -42.571  -34.205  -8.827 0.4000000060
40956  -43.818  -34.920  -9.881 0.3000000119
40959  -48.010  -35.082  -9.786 0.3000000119
41728  -45.353  -32.744  1.343 0.4000000060
41729  -46.061  -32.901  1.537 0.4000000060
41731  -48.353  -33.232  1.111 0.3000000119
41738  -43.661  -32.650  0.038 0.4000000060
41739  -44.515  -32.450  0.393 0.4000000060
41741  -47.058  -32.520  0.517 0.4000000060
41748  -37.262  -32.088  -0.320 0.6000000238
41757  -49.552  -32.489  -0.143 0.3000000119
41817  -44.314  -33.476  -5.645 0.4000000060
41830  -36.010  -32.369  -7.778 0.6999999881
41841  -42.455  -33.499  -7.768 0.4000000060
42675  -38.586  -31.288  0.053 0.6000000238
42682  -47.593  -32.054  -0.831 0.4000000060
42683  -48.497  -32.086  -0.789 0.3000000119
42718  -47.861  -31.647  -2.856 0.3000000119
42733  -44.532  -32.285  -3.715 0.4000000060
42735  -46.819  -31.581  -3.766 0.3000000119
42738  -49.185  -31.375  -3.267 0.3000000119
42752  -47.800  -31.897  -4.746 0.3000000119
43668  -40.500  -30.268  -0.705 0.5000000000
43749  -32.809  -30.595  -7.367 0.6000000238
44675  -36.780  -29.842  -2.850 0.6000000238
45682  -41.202  -28.660  -1.824 0.5000000000
45700  -36.640  -28.318  -3.536 0.6000000238
45753  -35.414  -28.285  -8.846 0.6999999881
45764  -45.847  -28.838  -12.033 0.3000000119
46721  -40.661  -27.535  -2.284 0.5000000000
47871  -47.181  -27.906  -12.066 0.3000000119
47874  -45.568  -27.494  -12.418 0.3000000119
48807  -35.473  -25.722  -7.740 0.6999999881
48813  -42.468  -25.340  -9.858 0.5000000000
48818  -47.738  -26.608  -11.839 0.3000000119
48822  -48.051  -26.454  -12.431 0.3000000119
48826  -47.852  -26.374  -12.673 0.3000000119
49686  -43.924  -24.168  -11.769 0.5000000000
50485  -36.077  -23.112  -7.301 0.6999999881
52924  -32.704  -20.932  -6.563 0.6000000238
52957  -45.974  -20.366  -11.565 0.5000000000
52963  -50.275  -21.186  -12.560 0.3000000119
53871  -40.143  -19.152  -6.150 0.5000000000
53900  -46.939  -19.296  -11.651 0.4000000060
54791  -39.050  -18.284  -6.396 0.6000000238
54830  -46.686  -18.005  -11.533 0.4000000060
55713  -28.562  -16.984  -6.865 0.5000000000
55720  -35.336  -17.230  -6.984 0.6000000238
56546  -29.320  -16.668  -5.664 0.5000000000
56640  -45.009  -16.238  -11.157 0.3000000119
56644  -50.922  -17.057  -10.888 0.3000000119
57555  -28.722  -15.908  -6.901 0.5000000000
57582  -32.668  -14.615  -10.159 0.5000000000
57583  -33.884  -15.392  -10.277 0.6000000238
57584  -45.822  -15.293  -10.521 0.3000000119
58520  -30.514  -14.207  -7.232 0.5000000000
58562  -31.775  -13.587  -9.663 0.5000000000
58576  -32.135  -13.434  -9.929 0.5000000000
58577  -32.489  -13.467  -10.155 0.5000000000
58579  -36.552  -13.725  -10.984 0.6000000238
58586  -45.280  -13.895  -10.726 0.4000000060
59430  -38.471  -13.631  -5.493 0.3000000119
59457  -31.855  -13.456  -9.512 0.4000000060
59461  -44.825  -13.806  -9.043 0.3000000119
59469  -32.496  -13.346  -10.038 0.5000000000
59477  -32.913  -13.431  -10.248 0.5000000000
60344  -45.241  -12.380  -11.535 0.3000000119
61227  -44.676  -11.143  -6.922 0.3000000119
62164  -43.974  -10.035  -6.895 0.3000000119
62165  -45.110  -10.442  -6.615 0.3000000119
63021  -43.865  -9.214  -6.703 0.3000000119
63047  -43.221  -9.850  -7.905 0.3000000119
63071  -43.219  -9.067  -12.647 0.3000000119
63077  -43.502  -8.684  -12.523 0.3000000119
63859  -44.390  -8.692  -6.557 0.3000000119
63860  -45.242  -8.864  -6.550 0.3000000119
64759  -44.117  -7.890  -6.608 0.3000000119
64770  -41.716  -6.658  -7.773 0.3000000119
64798  -41.743  -7.346  -9.609 0.3000000119
64813  -40.882  -7.057  -12.964 0.3000000119
64815  -42.699  -7.318  -12.693 0.3000000119
64823  -42.451  -7.142  -13.093 0.3000000119
65641  -43.729  -7.145  -6.731 0.3000000119
65652  -42.485  -6.461  -7.202 0.3000000119
65653  -43.259  -6.401  -6.928 0.3000000119
65660  -45.787  -6.118  -7.886 0.3000000119
65661  -46.504  -6.475  -8.242 0.3000000119
65699  -42.189  -6.672  -13.041 0.3000000119
65708  -41.626  -6.273  -13.186 0.3000000119
66546  -44.818  -5.219  -7.894 0.3000000119
67352  -43.313  -4.893  -7.479 0.3000000119
67353  -44.079  -5.112  -7.560 0.3000000119
67373  -43.587  -4.294  -7.964 0.3000000119
67388  -46.248  -4.753  -9.834 0.3000000119
107078  -46.530  -41.067  3.505 0.3000000119
107289  -43.807  -34.045  2.786 0.4000000060
107607  -42.562  -30.194  -3.762 0.3000000119
107721  -45.944  -31.705  -4.135 0.4000000060
107786  -36.961  -17.099  -9.792 0.6000000238
107873  -42.319  -28.935  -8.310 0.3000000119
108125  -44.579  -39.737  3.494 0.3000000119
108246  -48.844  -31.606  -1.972 0.3000000119
108410  -44.836  -35.214  3.733 0.4000000060
108710  -44.381  -35.821  3.735 0.3000000119
112004  -41.832  -46.183  -7.053 0.4000000060
112533  -32.194  -36.014  -6.343 0.4000000060
112914  -48.017  -32.620  0.384 0.3000000119
113529  -48.714  -25.537  -12.484 0.3000000119
113741  -44.518  -35.286  -9.704 0.3000000119
114449  -38.925  -39.661  1.500 0.5000000000
114796  -44.250  -35.430  -8.788 0.4000000060
115521  -36.719  -17.963  -6.498 0.6000000238
115552  -44.073  -32.882  -4.107 0.4000000060
115841  -43.040  -21.245  -11.184 0.4000000060
116079  -42.503  -27.136  -10.229 0.3000000119
116397  -41.025  -29.171  -1.448 0.5000000000
116549  -46.111  -36.859  4.383 0.3000000119
117383  -43.890  -27.869  -11.746 0.3000000119
117574  -48.211  -25.311  -13.017 0.3000000119
117815  -28.764  -17.117  -5.787 0.4000000060
118275  -43.447  -43.412  -9.041 0.4000000060
118692  -41.873  -7.427  -7.955 0.3000000119
119978  -44.844  -41.499  -0.097 0.3000000119
120492  -43.030  -33.182  -1.708 0.4000000060
120664  -46.227  -39.673  -6.104 0.3000000119
120753  -49.228  -21.940  -12.592 0.3000000119
120981  -47.552  -35.166  -9.861 0.3000000119
121035  -38.056  -36.910  1.742 0.5000000000
121485  -38.311  -48.518  -5.605 0.3000000119
122524  -44.011  -37.987  3.120 0.3000000119
123021  -30.640  -13.776  -8.452 0.5000000000
123053  -31.575  -15.157  -9.117 0.5000000000
123119  -49.872  -31.960  -6.349 0.3000000119
123200  -38.011  -45.699  -7.896 0.3000000119
123785  -44.355  -37.226  3.817 0.3000000119
124551  -45.758  -32.747  -5.758 0.4000000060
124806  -39.721  -41.091  0.166 0.4000000060
125006  -44.976  -40.082  3.808 0.3000000119
125451  -47.471  -41.433  -3.921 0.3000000119
125646  -45.310  -28.949  -12.100 0.3000000119
127148  -41.903  -34.221  -3.047 0.4000000060
127268  -42.255  -47.910  -8.045 0.4000000060
127325  -33.306  -15.054  -10.242 0.6000000238
127441  -43.304  -8.260  -6.820 0.3000000119
127968  -44.927  -39.793  -4.875 0.3000000119
128047  -44.294  -40.177  2.464 0.3000000119
128329  -39.848  -10.026  -9.267 0.3000000119
128764  -36.733  -37.328  0.866 0.6000000238
128788  -37.304  -38.976  0.308 0.6000000238
