#!ascii label  , from subject sub-10 vox2ras=TkReg
743
115659  -36.844  -57.815  -10.704 0.5000000000
19304  -35.445  -57.488  -10.748 0.8000000119
20906  -34.560  -55.572  -9.038 0.8000000119
20085  -34.654  -56.316  -9.791 0.8000000119
20086  -35.722  -56.323  -10.311 0.8000000119
108641  -37.704  -58.210  -10.547 0.5000000000
20091  -36.638  -56.601  -10.573 0.5000000000
20918  -36.620  -55.796  -10.306 0.6000000238
20897  -33.586  -54.857  -7.874 0.6999999881
21780  -34.434  -54.791  -8.353 0.6999999881
20914  -35.575  -55.520  -9.712 0.8000000119
113748  -36.492  -55.134  -9.883 0.6999999881
19305  -38.651  -57.826  -10.199 0.6000000238
108422  -37.561  -57.248  -10.636 0.5000000000
107052  -37.846  -56.193  -10.572 0.6000000238
21770  -31.872  -53.841  -7.676 0.6999999881
20915  -37.614  -55.206  -10.258 0.6000000238
22705  -32.511  -53.701  -7.463 0.6999999881
20896  -32.832  -55.072  -7.885 0.6999999881
21781  -35.314  -54.158  -8.687 0.6999999881
21788  -37.860  -54.483  -9.914 0.6000000238
23629  -37.857  -53.196  -9.432 0.6000000238
21786  -35.918  -54.691  -9.376 0.8000000119
22721  -36.205  -53.963  -9.130 0.8000000119
22722  -37.220  -53.754  -9.450 0.6999999881
20093  -39.629  -56.608  -10.075 0.4000000060
20919  -38.846  -55.611  -10.413 0.6000000238
112752  -31.774  -53.061  -7.693 0.6999999881
22723  -38.745  -54.001  -9.815 0.6000000238
114890  -32.723  -52.812  -7.511 0.6999999881
22706  -33.344  -53.524  -7.494 0.6999999881
118397  -34.611  -53.973  -8.128 0.6999999881
22715  -34.965  -53.340  -8.206 0.6999999881
22716  -35.705  -53.362  -8.598 0.6000000238
23625  -36.944  -52.903  -8.911 0.6999999881
118608  -36.910  -51.136  -8.662 0.5000000000
23623  -35.231  -52.593  -8.261 0.6000000238
23624  -36.034  -52.677  -8.552 0.6000000238
24539  -36.477  -52.000  -8.568 0.6000000238
116996  -35.820  -51.108  -8.434 0.6000000238
25499  -36.046  -50.266  -8.559 0.5000000000
20909  -40.018  -55.127  -9.897 0.4000000060
21790  -39.793  -55.345  -10.141 0.5000000000
111395  -30.841  -51.962  -7.406 0.6999999881
21789  -39.850  -54.601  -9.960 0.6000000238
23631  -39.845  -52.787  -9.564 0.6000000238
23617  -33.607  -52.650  -7.653 0.6999999881
110645  -38.790  -52.282  -9.361 0.6000000238
24533  -33.859  -51.833  -7.870 0.6999999881
125338  -38.126  -51.377  -8.987 0.5000000000
25503  -37.914  -50.328  -8.970 0.6000000238
24537  -34.670  -51.817  -8.134 0.6999999881
113121  -34.911  -51.090  -8.303 0.6000000238
25500  -36.930  -50.196  -8.709 0.5000000000
26445  -37.170  -49.380  -8.914 0.5000000000
25498  -35.149  -50.330  -8.437 0.5000000000
24529  -28.897  -52.276  -7.348 0.6000000238
24518  -29.518  -51.543  -6.551 0.6000000238
21784  -40.101  -54.578  -9.487 0.5000000000
22719  -40.395  -53.354  -9.261 0.5000000000
24519  -30.435  -51.483  -6.719 0.6999999881
22725  -40.279  -53.276  -9.455 0.5000000000
23632  -40.408  -52.787  -9.384 0.5000000000
111423  -41.203  -51.069  -9.299 0.4000000060
24531  -31.631  -51.732  -7.488 0.6999999881
24542  -40.086  -51.865  -9.559 0.5000000000
24532  -32.452  -51.297  -7.617 0.6999999881
112003  -33.010  -51.935  -7.686 0.6999999881
117028  -40.045  -51.237  -9.448 0.5000000000
119687  -33.294  -51.143  -7.904 0.6999999881
24536  -34.090  -51.094  -8.131 0.6000000238
25504  -38.996  -50.252  -9.287 0.5000000000
26447  -38.107  -49.428  -9.186 0.5000000000
26442  -34.538  -49.655  -8.377 0.5000000000
26443  -35.348  -49.500  -8.536 0.5000000000
27351  -35.554  -48.631  -8.581 0.5000000000
128543  -37.160  -47.985  -9.071 0.5000000000
26444  -36.242  -49.390  -8.690 0.5000000000
111730  -37.429  -47.400  -8.870 0.3000000119
26440  -41.595  -49.670  -8.486 0.3000000119
25479  -28.114  -50.632  -6.230 0.6000000238
25480  -29.135  -50.875  -5.956 0.6000000238
23628  -40.781  -52.447  -9.100 0.4000000060
25506  -41.564  -50.528  -9.079 0.4000000060
25482  -31.075  -50.854  -6.334 0.6000000238
106834  -41.082  -50.109  -9.308 0.5000000000
24520  -31.745  -51.042  -7.188 0.6999999881
25490  -32.331  -50.680  -7.312 0.6999999881
26448  -39.100  -49.361  -9.352 0.5000000000
25496  -33.597  -50.427  -8.089 0.5000000000
27357  -38.974  -48.523  -9.303 0.5000000000
26441  -33.900  -49.831  -8.201 0.5000000000
28270  -38.020  -48.021  -9.213 0.4000000060
27353  -37.494  -48.636  -9.131 0.3000000119
29174  -37.803  -46.710  -8.575 0.4000000060
28263  -35.803  -47.860  -8.545 0.5000000000
28264  -36.620  -47.597  -8.748 0.4000000060
25463  -28.683  -50.015  -5.733 0.6000000238
25464  -29.685  -50.229  -5.559 0.6000000238
25465  -30.632  -50.268  -5.606 0.6000000238
27359  -40.872  -48.505  -8.945 0.3000000119
26449  -40.116  -49.435  -9.356 0.4000000060
25483  -31.932  -50.447  -6.603 0.6000000238
28267  -40.339  -47.196  -8.773 0.3000000119
25491  -32.919  -50.540  -7.698 0.6999999881
29176  -39.774  -46.403  -8.641 0.3000000119
117023  -39.421  -48.203  -9.212 0.3000000119
26435  -32.626  -50.093  -7.101 0.6000000238
30080  -39.791  -45.611  -8.548 0.3000000119
28266  -39.319  -47.189  -8.806 0.3000000119
26429  -33.016  -49.392  -6.747 0.5000000000
26436  -33.351  -49.737  -7.712 0.5000000000
26437  -34.013  -49.195  -8.104 0.5000000000
30073  -38.217  -46.038  -8.323 0.3000000119
29175  -38.714  -46.575  -8.590 0.3000000119
27350  -34.735  -48.870  -8.364 0.5000000000
123200  -38.011  -45.699  -7.896 0.3000000119
27345  -34.346  -48.515  -7.852 0.5000000000
28260  -36.171  -47.207  -8.220 0.4000000060
29173  -36.949  -46.890  -8.474 0.3000000119
26413  -28.363  -49.208  -5.751 0.5000000000
26414  -29.187  -49.331  -5.506 0.5000000000
25466  -31.495  -50.079  -5.786 0.6000000238
26417  -31.774  -49.197  -5.396 0.5000000000
31034  -39.608  -44.491  -8.180 0.3000000119
26428  -32.304  -49.777  -6.126 0.6000000238
31957  -39.532  -43.895  -7.713 0.3000000119
30079  -39.036  -45.837  -8.435 0.3000000119
27344  -33.682  -48.945  -7.355 0.5000000000
28258  -34.735  -47.866  -7.473 0.5000000000
29168  -35.871  -46.959  -7.343 0.4000000060
27323  -28.642  -48.402  -5.662 0.5000000000
121557  -29.247  -47.875  -5.534 0.5000000000
27324  -29.659  -48.601  -5.336 0.5000000000
26415  -30.182  -49.494  -5.322 0.5000000000
27325  -30.775  -48.709  -5.120 0.5000000000
32861  -40.397  -42.170  -7.564 0.3000000119
31958  -40.131  -43.064  -7.849 0.3000000119
27337  -32.681  -49.030  -5.749 0.6000000238
27338  -33.420  -48.681  -6.248 0.5000000000
27339  -34.109  -48.263  -6.848 0.5000000000
29165  -37.048  -46.130  -7.257 0.4000000060
29164  -36.372  -46.328  -6.635 0.4000000060
28243  -29.388  -47.180  -5.627 0.5000000000
28244  -30.046  -47.819  -5.231 0.5000000000
33844  -41.023  -41.562  -7.963 0.4000000060
123369  -40.548  -41.343  -6.966 0.4000000060
27326  -31.604  -48.366  -5.049 0.5000000000
120521  -32.242  -48.512  -5.229 0.5000000000
32860  -39.919  -42.240  -6.876 0.4000000060
31952  -39.511  -43.130  -7.050 0.3000000119
28246  -32.121  -47.697  -4.862 0.4000000060
31956  -38.911  -44.019  -7.033 0.3000000119
27327  -32.929  -48.237  -5.371 0.4000000060
28253  -33.745  -47.908  -5.786 0.4000000060
29163  -35.467  -46.726  -6.313 0.4000000060
29151  -29.479  -46.402  -5.852 0.5000000000
114762  -30.338  -46.870  -5.303 0.5000000000
34777  -41.212  -40.658  -6.616 0.4000000060
28245  -31.060  -47.728  -4.927 0.5000000000
30056  -30.930  -46.192  -5.244 0.4000000060
32850  -39.661  -41.563  -6.039 0.4000000060
29152  -31.427  -46.853  -4.841 0.4000000060
32859  -39.350  -42.567  -6.327 0.4000000060
27328  -33.108  -47.383  -5.071 0.4000000060
28247  -33.979  -47.087  -5.435 0.4000000060
28254  -34.537  -47.525  -6.341 0.4000000060
29162  -34.748  -46.832  -5.809 0.4000000060
29157  -35.844  -46.134  -5.842 0.4000000060
119959  -36.451  -45.670  -5.767 0.4000000060
125265  -29.517  -45.743  -6.078 0.5000000000
111055  -30.028  -45.245  -6.114 0.4000000060
34767  -40.756  -40.450  -5.566 0.4000000060
33829  -40.282  -40.745  -5.967 0.4000000060
30055  -30.200  -45.959  -5.729 0.5000000000
29153  -32.405  -46.708  -4.772 0.4000000060
33827  -39.005  -41.401  -5.102 0.4000000060
29154  -33.325  -46.526  -4.981 0.4000000060
30061  -37.170  -45.140  -5.718 0.3000000119
29156  -35.139  -46.167  -5.556 0.4000000060
31027  -30.538  -44.621  -6.210 0.5000000000
30066  -31.004  -45.359  -5.650 0.4000000060
34766  -39.983  -40.439  -5.149 0.4000000060
31028  -31.306  -44.584  -6.004 0.4000000060
110502  -31.759  -45.961  -4.963 0.4000000060
31016  -32.194  -44.940  -5.475 0.4000000060
114015  -32.711  -45.859  -4.894 0.4000000060
30057  -33.484  -45.843  -5.026 0.4000000060
29155  -34.222  -46.200  -5.282 0.4000000060
31020  -36.401  -44.868  -5.029 0.4000000060
30060  -35.674  -45.523  -5.314 0.4000000060
116473  -30.229  -43.947  -6.495 0.4000000060
113704  -31.033  -43.999  -6.482 0.4000000060
31029  -31.865  -44.048  -6.258 0.4000000060
114772  -33.110  -45.270  -5.134 0.4000000060
31007  -36.775  -44.057  -4.609 0.4000000060
125530  -33.207  -44.562  -5.389 0.4000000060
30058  -33.940  -45.248  -5.150 0.4000000060
31017  -34.031  -44.370  -5.222 0.4000000060
113889  -34.599  -44.820  -5.067 0.4000000060
31019  -35.390  -44.731  -4.878 0.4000000060
31948  -31.591  -43.386  -6.736 0.4000000060
31949  -32.411  -43.396  -6.596 0.4000000060
31940  -32.688  -43.967  -5.901 0.4000000060
121045  -33.518  -43.786  -5.596 0.4000000060
31006  -36.038  -44.148  -4.514 0.3000000119
31018  -34.756  -44.175  -4.874 0.4000000060
113621  -31.307  -42.635  -6.949 0.4000000060
121490  -31.820  -41.457  -7.177 0.4000000060
106799  -32.194  -42.831  -7.088 0.4000000060
32865  -32.788  -42.302  -7.353 0.4000000060
31950  -33.173  -43.272  -6.273 0.4000000060
32847  -33.842  -43.006  -5.712 0.4000000060
31931  -36.462  -43.601  -4.256 0.3000000119
31941  -34.258  -43.602  -5.161 0.4000000060
31005  -35.377  -43.997  -4.588 0.5000000000
31930  -35.736  -43.402  -4.226 0.4000000060
32848  -34.484  -42.861  -4.994 0.5000000000
33840  -32.287  -40.924  -7.334 0.4000000060
32855  -31.982  -42.157  -7.244 0.4000000060
33841  -32.595  -41.679  -7.467 0.4000000060
31929  -34.937  -43.490  -4.642 0.5000000000
34775  -31.966  -40.029  -6.956 0.4000000060
35709  -32.555  -39.397  -7.260 0.4000000060
34781  -33.083  -40.381  -7.658 0.4000000060
119425  -31.666  -39.122  -6.605 0.4000000060
109603  -34.463  -41.328  -5.584 0.5000000000
37350  -32.188  -36.830  -6.492 0.4000000060
36551  -32.176  -38.508  -6.773 0.4000000060
37353  -32.643  -37.787  -7.030 0.4000000060
38208  -33.164  -37.048  -7.344 0.4000000060
37354  -33.654  -37.994  -7.919 0.5000000000
117520  -31.721  -37.701  -6.346 0.4000000060
28255  -35.189  -47.319  -6.942 0.5000000000
29169  -36.624  -46.606  -7.737 0.4000000060
20090  -34.079  -57.039  -10.279 0.8000000119
110191  -33.928  -56.125  -9.117 0.8000000119
20905  -33.587  -55.554  -8.450 0.6999999881
18495  -38.479  -58.820  -10.171 0.5000000000
21779  -31.893  -55.048  -8.209 0.6999999881
19300  -39.052  -57.716  -9.940 0.5000000000
22704  -31.302  -53.637  -8.011 0.6999999881
20917  -40.045  -55.866  -10.001 0.4000000060
112771  -39.487  -57.030  -9.944 0.4000000060
23615  -31.299  -52.456  -7.700 0.6999999881
20908  -39.789  -55.323  -9.380 0.4000000060
22711  -40.424  -53.253  -8.833 0.4000000060
24517  -28.498  -51.475  -6.575 0.6000000238
25494  -41.329  -51.027  -8.623 0.4000000060
26412  -27.675  -49.623  -6.128 0.6000000238
27322  -27.749  -48.676  -5.921 0.5000000000
28242  -28.625  -47.499  -5.740 0.5000000000
111248  -28.686  -46.738  -5.901 0.4000000060
30065  -29.185  -45.194  -6.278 0.4000000060
31946  -29.432  -43.740  -6.346 0.4000000060
31026  -29.704  -44.540  -6.349 0.4000000060
125978  -30.028  -43.480  -6.486 0.4000000060
111685  -30.341  -42.246  -6.566 0.4000000060
107087  -31.158  -41.749  -6.883 0.4000000060
33835  -31.196  -40.707  -6.716 0.4000000060
35708  -31.091  -39.680  -6.461 0.4000000060
36550  -31.408  -38.380  -6.317 0.4000000060
112533  -32.194  -36.014  -6.343 0.4000000060
110248  -35.036  -56.930  -10.459 0.8000000119
21785  -35.168  -54.939  -9.045 0.8000000119
20092  -38.745  -56.915  -10.379 0.5000000000
22707  -34.184  -53.366  -7.787 0.6999999881
20916  -38.905  -54.870  -10.263 0.6000000238
23626  -37.703  -52.295  -9.011 0.6999999881
22717  -36.408  -53.344  -8.890 0.6999999881
24541  -39.356  -51.816  -9.387 0.6000000238
126587  -31.168  -51.426  -7.075 0.6999999881
119778  -38.861  -50.991  -9.237 0.5000000000
25481  -30.110  -50.983  -5.917 0.6000000238
23627  -40.783  -53.245  -8.961 0.5000000000
24543  -40.690  -52.427  -9.234 0.5000000000
25507  -41.544  -49.928  -9.006 0.3000000119
26416  -31.012  -49.594  -5.365 0.6000000238
28259  -35.420  -47.532  -7.900 0.5000000000
30067  -37.108  -45.705  -6.539 0.4000000060
30059  -34.834  -45.461  -5.198 0.4000000060
31947  -30.618  -43.253  -6.658 0.4000000060
36553  -33.095  -38.722  -7.568 0.4000000060
14327  -24.521  -63.815  -13.665 0.4000000060
119774  -25.695  -64.357  -14.285 0.4000000060
13616  -26.957  -64.266  -14.039 0.4000000060
109510  -27.545  -64.857  -14.151 0.4000000060
14315  -26.598  -63.077  -13.170 0.4000000060
112722  -26.987  -63.646  -13.520 0.4000000060
14330  -27.708  -64.071  -13.467 0.4000000060
126321  -28.358  -64.218  -13.155 0.4000000060
13606  -30.145  -64.809  -13.002 0.5000000000
14316  -27.385  -63.342  -12.940 0.4000000060
14317  -28.257  -63.757  -12.657 0.4000000060
107381  -29.022  -63.919  -12.205 0.5000000000
14318  -29.826  -64.158  -12.260 0.5000000000
14319  -30.822  -64.201  -12.430 0.6000000238
15138  -27.329  -62.422  -11.721 0.4000000060
15151  -27.758  -63.080  -12.154 0.4000000060
14304  -28.580  -63.433  -11.785 0.4000000060
19295  -39.199  -57.055  -9.669 0.3000000119
20080  -39.541  -56.221  -9.521 0.4000000060
23620  -39.780  -52.737  -8.062 0.3000000119
115375  -31.272  -64.780  -13.117 0.5000000000
16020  -37.722  -61.970  -10.282 0.5000000000
17665  -38.626  -60.101  -9.958 0.4000000060
110386  -28.809  -62.671  -10.019 0.4000000060
14305  -29.469  -63.652  -11.606 0.5000000000
14306  -30.445  -63.737  -11.710 0.5000000000
15129  -28.272  -62.683  -10.619 0.4000000060
15139  -28.072  -62.869  -11.332 0.4000000060
112153  -31.874  -64.062  -12.655 0.6000000238
13607  -32.840  -64.298  -12.947 0.6000000238
14321  -33.472  -63.592  -12.638 0.6999999881
17671  -37.684  -60.057  -10.505 0.5000000000
15155  -35.105  -63.810  -12.241 0.6999999881
111054  -37.119  -61.438  -10.738 0.6999999881
124294  -34.249  -63.384  -12.460 0.6999999881
15142  -34.934  -62.153  -11.859 0.6999999881
14299  -30.062  -63.334  -10.952 0.5000000000
14300  -31.028  -63.285  -11.166 0.6000000238
14307  -31.331  -63.619  -11.957 0.6000000238
15141  -32.421  -62.828  -12.056 0.6000000238
15130  -29.751  -62.884  -10.171 0.5000000000
14308  -32.009  -63.390  -12.181 0.6000000238
15152  -33.012  -62.707  -12.338 0.6000000238
24535  -40.668  -51.604  -8.294 0.3000000119
14320  -32.591  -63.449  -12.498 0.6000000238
16037  -34.038  -61.995  -12.109 0.6999999881
16884  -36.591  -60.460  -10.920 0.6000000238
115186  -37.650  -59.099  -10.526 0.5000000000
15111  -30.955  -61.781  -8.994 0.6000000238
16002  -31.634  -61.234  -9.187 0.6000000238
16011  -31.523  -62.012  -9.809 0.6999999881
16018  -32.155  -61.871  -10.622 0.6000000238
15132  -32.242  -62.373  -11.370 0.6000000238
123065  -32.997  -61.345  -11.780 0.6000000238
15119  -29.488  -62.456  -9.381 0.5000000000
15131  -30.705  -62.888  -10.405 0.6000000238
16029  -33.603  -61.171  -11.854 0.6000000238
16030  -34.361  -61.448  -11.858 0.6999999881
109609  -35.332  -60.495  -11.431 0.6999999881
108070  -35.148  -61.361  -11.621 0.6999999881
17677  -36.621  -59.379  -10.844 0.6000000238
16865  -32.038  -60.480  -9.558 0.6999999881
124798  -32.303  -60.496  -10.331 0.6999999881
118223  -32.118  -61.247  -9.979 0.6999999881
16880  -32.780  -60.714  -11.432 0.6000000238
18493  -35.974  -57.973  -10.863 0.5000000000
16881  -33.508  -60.255  -11.710 0.6999999881
17675  -34.387  -59.721  -11.554 0.6999999881
17676  -35.555  -59.597  -11.231 0.6000000238
19301  -32.167  -57.795  -10.446 0.6999999881
112303  -32.988  -57.995  -10.795 0.6999999881
17669  -32.121  -59.717  -10.193 0.6999999881
118932  -32.562  -59.291  -11.214 0.6000000238
18496  -33.107  -58.689  -11.250 0.5000000000
17670  -32.415  -59.980  -11.013 0.6999999881
18497  -34.038  -58.843  -11.356 0.6999999881
18492  -34.903  -58.227  -11.067 0.5000000000
128290  -33.095  -60.654  -11.680 0.6000000238
126397  -34.888  -58.989  -11.296 0.6000000238
20083  -32.697  -56.762  -9.654 0.6999999881
20084  -33.589  -56.637  -9.684 0.6999999881
20913  -33.067  -56.261  -9.051 0.6999999881
19302  -33.685  -57.603  -10.617 0.6999999881
16875  -38.664  -60.603  -10.112 0.5000000000
18491  -33.858  -58.153  -11.019 0.6000000238
14329  -26.255  -63.780  -13.792 0.4000000060
13605  -29.036  -64.402  -12.856 0.4000000060
15128  -27.611  -62.317  -10.886 0.4000000060
14298  -28.979  -63.160  -10.877 0.4000000060
15143  -35.709  -63.226  -11.747 0.6999999881
16883  -36.181  -61.344  -11.227 0.6999999881
15140  -31.780  -63.047  -11.565 0.6000000238
16019  -32.616  -61.583  -11.389 0.6000000238
15120  -30.556  -62.429  -9.604 0.6999999881
127121  -31.130  -62.520  -10.076 0.6000000238
16873  -32.459  -60.996  -10.838 0.6000000238
118173  -32.043  -59.086  -10.704 0.6999999881
17673  -32.864  -60.021  -11.506 0.6000000238
18490  -32.338  -58.555  -10.844 0.6000000238
17664  -31.819  -59.588  -9.324 0.5000000000
16001  -30.509  -61.474  -8.325 0.4000000060
128168  -31.172  -61.194  -8.566 0.5000000000
18486  -31.265  -58.069  -9.769 0.6000000238
16000  -29.677  -61.686  -8.139 0.4000000060
15989  -30.145  -61.135  -7.661 0.5000000000
16856  -30.951  -60.815  -8.015 0.5000000000
17655  -31.544  -59.535  -8.397 0.5000000000
18481  -31.384  -58.647  -9.122 0.5000000000
18480  -30.941  -57.813  -9.251 0.5000000000
16857  -31.578  -60.464  -8.638 0.5000000000
18489  -31.732  -58.333  -10.347 0.6000000238
19298  -31.466  -57.603  -9.982 0.5000000000
20082  -31.184  -56.931  -9.621 0.6999999881
20911  -30.838  -56.348  -9.227 0.6000000238
20903  -31.316  -55.711  -8.834 0.6000000238
106888  -29.627  -60.748  -7.032 0.5000000000
16843  -30.609  -60.311  -7.322 0.5000000000
17644  -31.244  -59.466  -7.591 0.5000000000
110048  -30.985  -58.047  -8.500 0.5000000000
121901  -31.369  -58.837  -8.136 0.5000000000
20912  -31.881  -56.416  -9.324 0.6000000238
20081  -30.558  -56.790  -9.216 0.6000000238
120197  -31.484  -54.321  -8.065 0.6000000238
16832  -29.971  -60.066  -6.588 0.5000000000
17643  -30.709  -59.463  -6.825 0.5000000000
18465  -30.680  -57.888  -6.690 0.5000000000
118053  -31.073  -58.522  -7.348 0.5000000000
20078  -30.124  -56.395  -8.732 0.5000000000
20904  -32.430  -55.710  -8.580 0.6000000238
20902  -30.328  -55.797  -8.851 0.5000000000
107845  -30.855  -54.989  -8.466 0.6000000238
109549  -29.142  -60.390  -6.396 0.5000000000
114512  -30.565  -58.725  -6.389 0.5000000000
20070  -30.057  -56.731  -6.580 0.5000000000
20069  -29.499  -56.143  -7.156 0.6000000238
20074  -30.054  -56.712  -7.555 0.4000000060
117086  -28.612  -55.081  -7.588 0.4000000060
20073  -29.619  -56.209  -8.128 0.5000000000
110046  -30.129  -56.709  -8.373 0.4000000060
20891  -28.108  -54.728  -7.115 0.4000000060
21769  -28.412  -54.534  -7.799 0.5000000000
20900  -29.261  -54.721  -8.338 0.5000000000
22700  -27.463  -53.391  -7.647 0.4000000060
20901  -29.586  -55.529  -8.403 0.6000000238
21778  -29.948  -54.887  -8.540 0.6000000238
22714  -30.577  -54.041  -8.273 0.6000000238
23614  -30.459  -52.614  -7.817 0.6000000238
20895  -29.123  -55.576  -7.743 0.5000000000
23612  -28.076  -52.839  -7.813 0.5000000000
123709  -28.823  -52.982  -7.997 0.5000000000
21777  -28.780  -54.445  -8.141 0.5000000000
23611  -27.173  -52.629  -7.624 0.4000000060
24528  -27.828  -52.067  -7.315 0.5000000000
22702  -29.242  -53.484  -8.199 0.6000000238
22713  -29.642  -54.097  -8.344 0.6000000238
22703  -30.078  -53.323  -8.181 0.6000000238
26427  -26.626  -49.591  -6.469 0.3000000119
24515  -26.481  -51.108  -7.028 0.4000000060
24527  -26.877  -51.850  -7.390 0.4000000060
24530  -29.956  -52.112  -7.281 0.6000000238
29161  -28.743  -45.914  -6.135 0.3000000119
119413  -27.962  -47.119  -5.818 0.3000000119
118473  -27.878  -47.866  -5.820 0.4000000060
31025  -28.889  -44.484  -6.268 0.3000000119
115907  -29.777  -42.989  -6.389 0.3000000119
33834  -30.395  -41.269  -6.476 0.3000000119
110927  -30.566  -40.064  -6.349 0.3000000119
36549  -30.869  -38.833  -6.172 0.3000000119
24516  -27.500  -51.280  -6.771 0.5000000000
19299  -32.003  -57.131  -9.936 0.5000000000
16844  -31.296  -60.149  -7.915 0.5000000000
16021  -38.227  -61.352  -9.973 0.3000000119
14309  -35.791  -64.222  -11.808 0.6000000238
15144  -36.710  -63.131  -11.127 0.6000000238
111059  -36.652  -57.059  -7.873 0.3000000119
19293  -37.474  -57.697  -8.546 0.3000000119
18482  -37.981  -58.745  -9.213 0.3000000119
113170  -38.382  -57.247  -8.897 0.3000000119
17656  -36.957  -59.305  -8.662 0.3000000119
118190  -38.591  -59.405  -9.845 0.3000000119
18487  -38.727  -58.634  -9.886 0.3000000119
14310  -36.424  -64.010  -11.291 0.6000000238
15133  -37.306  -62.894  -10.362 0.5000000000
20072  -36.129  -55.910  -7.177 0.3000000119
20899  -37.696  -55.539  -8.030 0.3000000119
20077  -37.881  -56.181  -8.297 0.3000000119
20907  -38.799  -55.847  -8.658 0.3000000119
17657  -38.050  -59.783  -9.482 0.3000000119
16012  -38.083  -61.539  -9.952 0.3000000119
15124  -37.780  -62.221  -10.041 0.4000000060
15110  -30.083  -62.060  -8.786 0.4000000060
20893  -35.845  -55.310  -6.724 0.3000000119
20898  -36.710  -55.365  -7.413 0.3000000119
22709  -38.051  -53.403  -7.484 0.3000000119
21776  -38.465  -54.223  -7.981 0.3000000119
12935  -27.679  -66.563  -14.862 0.5000000000
12205  -28.137  -67.214  -14.683 0.5000000000
13615  -26.301  -64.674  -14.481 0.4000000060
121604  -26.889  -64.971  -14.541 0.4000000060
13627  -27.231  -65.684  -14.782 0.4000000060
12204  -27.233  -67.261  -14.923 0.5000000000
12191  -31.910  -66.891  -14.070 0.5000000000
12207  -30.371  -67.119  -14.356 0.5000000000
12925  -29.004  -65.646  -13.996 0.5000000000
12937  -29.644  -66.497  -14.325 0.5000000000
13628  -28.091  -65.638  -14.374 0.4000000060
12193  -33.410  -66.531  -13.180 0.6000000238
12928  -33.405  -66.266  -13.349 0.6000000238
112365  -32.459  -66.110  -13.713 0.5000000000
12926  -30.616  -66.352  -14.129 0.5000000000
13617  -28.434  -64.796  -13.608 0.3000000119
13618  -29.924  -65.589  -13.727 0.5000000000
12921  -34.508  -65.853  -12.579 0.6000000238
13622  -34.046  -65.774  -13.122 0.6000000238
13621  -33.177  -65.355  -13.330 0.6000000238
13619  -30.851  -65.483  -13.615 0.4000000060
13620  -31.677  -65.465  -13.605 0.5000000000
12918  -35.513  -65.239  -11.724 0.6000000238
16004  -37.186  -61.796  -9.352 0.3000000119
13594  -36.563  -63.984  -10.480 0.4000000060
13609  -34.614  -65.389  -12.628 0.6000000238
115785  -32.230  -64.935  -13.332 0.4000000060
16858  -36.567  -61.111  -8.717 0.3000000119
18473  -36.748  -58.416  -8.325 0.3000000119
15123  -37.550  -62.402  -9.845 0.3000000119
13598  -36.564  -64.186  -10.901 0.5000000000
13608  -33.796  -64.760  -12.953 0.6000000238
13610  -35.231  -65.431  -12.100 0.6000000238
125269  -34.363  -65.894  -12.870 0.6000000238
121982  -37.160  -62.906  -9.759 0.3000000119
12174  -33.881  -66.325  -12.550 0.5000000000
12916  -34.495  -65.883  -11.841 0.5000000000
12913  -35.283  -65.334  -11.583 0.5000000000
12912  -33.630  -65.549  -10.854 0.4000000060
117108  -34.588  -65.384  -11.087 0.5000000000
12164  -32.486  -66.414  -11.385 0.5000000000
12173  -32.989  -66.698  -12.377 0.5000000000
122739  -32.836  -65.893  -10.898 0.4000000060
128510  -33.280  -65.023  -10.046 0.4000000060
109386  -34.528  -64.402  -9.885 0.4000000060
13597  -35.988  -64.753  -11.148 0.5000000000
11411  -31.909  -67.194  -13.918 0.5000000000
11397  -32.435  -67.076  -13.515 0.5000000000
13593  -35.652  -64.307  -10.237 0.4000000060
9818  -21.057  -68.744  -12.197 0.3000000119
116114  -20.635  -69.352  -11.302 0.3000000119
9805  -21.550  -68.953  -11.285 0.3000000119
9806  -22.232  -68.567  -11.189 0.3000000119
10552  -22.758  -68.128  -10.989 0.4000000060
10562  -21.813  -68.454  -12.046 0.3000000119
10571  -22.054  -67.989  -12.898 0.3000000119
10553  -23.033  -67.904  -10.131 0.4000000060
11358  -23.209  -67.059  -10.967 0.4000000060
11368  -22.858  -67.501  -11.882 0.3000000119
11377  -22.577  -67.650  -12.809 0.3000000119
11350  -23.402  -66.861  -9.850 0.4000000060
112534  -23.849  -66.399  -10.527 0.4000000060
11369  -23.257  -66.954  -11.931 0.4000000060
11378  -23.075  -67.272  -12.774 0.4000000060
11389  -22.966  -67.555  -13.924 0.4000000060
12167  -23.626  -66.852  -12.662 0.4000000060
108260  -25.375  -66.152  -8.806 0.3000000119
108294  -24.636  -66.042  -10.195 0.4000000060
12158  -24.538  -66.186  -11.287 0.4000000060
124844  -25.364  -66.351  -12.200 0.4000000060
12168  -24.397  -66.495  -12.508 0.4000000060
12178  -24.223  -67.013  -13.877 0.4000000060
12149  -27.560  -66.885  -9.471 0.3000000119
12160  -26.525  -66.517  -10.577 0.4000000060
12170  -27.239  -66.956  -11.329 0.4000000060
12169  -26.326  -66.561  -11.800 0.4000000060
11370  -27.090  -67.201  -12.583 0.4000000060
12180  -26.196  -66.960  -13.291 0.4000000060
11379  -27.023  -67.503  -13.779 0.4000000060
12179  -25.175  -66.791  -13.502 0.4000000060
117308  -25.072  -66.982  -14.500 0.4000000060
11351  -28.072  -67.217  -10.116 0.4000000060
11371  -27.934  -67.305  -10.985 0.4000000060
11380  -27.738  -67.583  -13.179 0.4000000060
11392  -27.675  -67.603  -14.111 0.4000000060
11390  -26.346  -67.353  -14.780 0.4000000060
12190  -26.469  -67.403  -14.355 0.4000000060
12188  -24.471  -67.022  -14.674 0.4000000060
106518  -28.459  -67.515  -11.771 0.4000000060
127686  -28.295  -67.609  -12.685 0.4000000060
11393  -28.488  -67.658  -13.589 0.4000000060
124829  -28.269  -67.565  -14.207 0.4000000060
11405  -26.809  -67.445  -14.869 0.4000000060
11406  -27.612  -67.451  -14.584 0.4000000060
126724  -29.840  -67.564  -11.935 0.4000000060
11382  -30.264  -67.661  -13.356 0.4000000060
11409  -30.613  -67.448  -14.056 0.4000000060
12163  -31.554  -66.602  -11.001 0.4000000060
11373  -30.502  -67.558  -12.383 0.4000000060
11384  -31.896  -67.412  -13.332 0.4000000060
12906  -32.675  -65.430  -10.159 0.3000000119
14293  -33.891  -63.954  -9.131 0.3000000119
11408  -29.654  -67.443  -14.190 0.4000000060
12172  -32.015  -66.964  -12.013 0.4000000060
14294  -34.918  -63.754  -9.390 0.3000000119
11396  -31.609  -67.383  -13.728 0.4000000060
12157  -23.741  -66.559  -11.593 0.4000000060
12148  -26.796  -66.632  -9.620 0.4000000060
12147  -25.690  -66.172  -9.745 0.4000000060
107389  -27.044  -66.717  -8.959 0.3000000119
12150  -28.255  -66.938  -9.418 0.3000000119
12161  -27.402  -66.945  -10.291 0.4000000060
110931  -27.808  -67.390  -12.047 0.4000000060
11359  -28.589  -67.387  -10.808 0.4000000060
108483  -29.393  -67.668  -13.472 0.4000000060
11391  -26.953  -67.465  -14.555 0.4000000060
11394  -29.992  -67.606  -13.893 0.4000000060
12171  -31.034  -67.203  -11.610 0.4000000060
112500  -23.633  -66.636  -8.071 0.3000000119
10528  -22.873  -68.567  -8.630 0.3000000119
9770  -22.573  -69.368  -8.951 0.3000000119
10543  -23.144  -67.718  -9.198 0.3000000119
11339  -23.510  -66.737  -8.881 0.3000000119
10542  -22.832  -68.649  -9.491 0.3000000119
12128  -24.325  -66.236  -8.584 0.3000000119
12145  -24.009  -66.278  -9.544 0.3000000119
12146  -24.725  -66.046  -9.357 0.3000000119
128568  -29.141  -67.173  -10.054 0.3000000119
12162  -29.713  -66.981  -10.136 0.3000000119
109553  -30.628  -66.811  -10.604 0.3000000119
12910  -32.065  -65.966  -10.474 0.3000000119
11361  -30.016  -67.376  -11.217 0.3000000119
10563  -22.401  -68.069  -11.913 0.3000000119
11352  -28.700  -67.218  -10.058 0.3000000119
11360  -29.215  -67.333  -10.601 0.4000000060
11372  -29.236  -67.556  -11.627 0.4000000060
11374  -31.544  -67.436  -12.629 0.4000000060
11381  -28.920  -67.685  -12.687 0.4000000060
11383  -31.147  -67.595  -13.299 0.4000000060
11385  -32.463  -67.223  -12.965 0.5000000000
11395  -30.843  -67.543  -13.787 0.4000000060
11407  -28.616  -67.454  -14.369 0.4000000060
11410  -31.281  -67.418  -13.949 0.4000000060
12131  -26.728  -66.570  -8.361 0.3000000119
12159  -25.515  -66.157  -10.939 0.4000000060
12177  -23.478  -67.245  -13.603 0.4000000060
12181  -33.239  -66.695  -13.121 0.5000000000
12182  -34.004  -66.271  -12.916 0.6000000238
12189  -25.837  -67.207  -14.424 0.4000000060
12192  -32.656  -66.768  -13.566 0.5000000000
12194  -34.067  -66.197  -13.032 0.6000000238
12206  -29.192  -67.180  -14.488 0.5000000000
12208  -31.265  -67.203  -14.154 0.4000000060
12911  -33.453  -66.208  -11.664 0.5000000000
12917  -35.016  -65.598  -12.136 0.5000000000
12927  -31.507  -66.264  -13.984 0.5000000000
12936  -28.634  -66.542  -14.567 0.5000000000
12938  -31.202  -66.875  -14.271 0.5000000000
13592  -33.557  -64.538  -9.603 0.3000000119
13596  -35.133  -64.935  -10.733 0.5000000000
13601  -35.825  -64.777  -11.478 0.6000000238
14296  -37.394  -62.928  -10.046 0.4000000060
14301  -36.993  -63.524  -10.386 0.5000000000
14322  -34.476  -64.278  -12.594 0.6999999881
14323  -35.350  -64.794  -12.213 0.6000000238
14328  -25.378  -63.729  -13.740 0.4000000060
15121  -31.542  -62.614  -10.673 0.6000000238
15122  -36.968  -63.397  -9.953 0.4000000060
15153  -33.714  -62.690  -12.341 0.6999999881
15154  -34.594  -62.838  -12.178 0.6999999881
15988  -29.247  -61.337  -7.519 0.5000000000
16005  -37.531  -61.133  -9.383 0.3000000119
16028  -32.790  -62.127  -11.896 0.6000000238
16031  -35.968  -62.228  -11.459 0.6999999881
16032  -36.962  -62.231  -10.879 0.6000000238
16036  -33.322  -61.980  -12.058 0.6000000238
16859  -37.044  -60.309  -8.923 0.3000000119
16860  -38.229  -60.664  -9.743 0.3000000119
16866  -38.504  -60.714  -10.066 0.3000000119
16867  -38.658  -60.150  -9.953 0.4000000060
16874  -37.856  -61.056  -10.398 0.5000000000
16882  -34.343  -60.705  -11.719 0.6999999881
17635  -30.150  -59.413  -6.257 0.5000000000
17666  -38.685  -59.406  -9.944 0.5000000000
17672  -38.490  -59.717  -10.132 0.5000000000
17674  -33.323  -59.440  -11.528 0.6000000238
18488  -38.744  -58.497  -9.917 0.5000000000
18494  -36.724  -58.504  -10.768 0.5000000000
18498  -35.736  -58.741  -11.025 0.5000000000
19274  -30.329  -57.379  -6.210 0.5000000000
19282  -30.440  -57.212  -6.919 0.4000000060
19287  -30.578  -57.435  -7.832 0.4000000060
19292  -30.476  -57.214  -8.899 0.6000000238
19294  -38.577  -57.861  -9.455 0.3000000119
19297  -30.908  -57.396  -9.496 0.6000000238
19303  -34.504  -57.570  -10.724 0.8000000119
20076  -36.875  -56.183  -7.784 0.3000000119
20079  -37.598  -56.816  -8.345 0.3000000119
20087  -39.782  -56.476  -10.001 0.4000000060
20088  -40.020  -56.122  -10.039 0.4000000060
20089  -33.001  -57.283  -10.235 0.6999999881
20892  -28.778  -55.449  -6.602 0.4000000060
20894  -28.904  -55.008  -8.106 0.5000000000
20910  -30.413  -56.373  -9.026 0.6000000238
20920  -39.721  -55.963  -10.214 0.5000000000
21768  -27.728  -54.126  -7.505 0.4000000060
21771  -32.295  -54.423  -7.701 0.6999999881
21772  -33.087  -54.361  -7.527 0.6999999881
21773  -33.913  -54.185  -7.739 0.6999999881
21775  -37.533  -54.782  -7.676 0.3000000119
21782  -38.709  -55.050  -8.372 0.3000000119
21787  -36.848  -54.529  -9.676 0.6999999881
21791  -40.107  -55.753  -10.004 0.4000000060
22701  -28.406  -53.747  -8.036 0.5000000000
22712  -29.016  -54.113  -8.280 0.5000000000
22718  -40.305  -53.964  -9.141 0.5000000000
22720  -40.538  -52.898  -9.262 0.5000000000
22724  -39.868  -53.722  -9.713 0.6000000238
23613  -29.574  -52.765  -7.887 0.6000000238
23616  -32.128  -52.160  -7.642 0.6999999881
23618  -34.445  -52.569  -7.938 0.6999999881
23621  -40.633  -52.477  -8.741 0.3000000119
23622  -41.184  -51.789  -8.998 0.4000000060
23630  -38.860  -53.071  -9.560 0.6000000238
24538  -35.514  -51.871  -8.334 0.6000000238
24540  -41.088  -51.852  -9.098 0.5000000000
25478  -27.099  -50.420  -6.584 0.4000000060
25495  -41.529  -50.347  -8.626 0.4000000060
25497  -34.333  -50.389  -8.300 0.5000000000
25501  -41.512  -51.000  -9.048 0.4000000060
25502  -41.590  -50.266  -8.949 0.3000000119
25505  -40.130  -50.251  -9.416 0.5000000000
26450  -40.972  -49.308  -9.169 0.3000000119
27346  -35.023  -48.145  -8.253 0.5000000000
27352  -36.528  -48.454  -8.866 0.5000000000
27356  -38.277  -48.767  -9.285 0.5000000000
27358  -39.962  -48.670  -9.248 0.4000000060
28265  -38.333  -47.273  -8.888 0.4000000060
28271  -38.957  -47.823  -9.134 0.3000000119
28272  -39.963  -47.887  -9.038 0.3000000119
29170  -37.438  -46.223  -8.017 0.3000000119
30074  -38.620  -45.426  -8.059 0.3000000119
30075  -39.358  -45.140  -8.287 0.3000000119
106439  -38.645  -56.598  -8.825 0.3000000119
108089  -31.660  -58.842  -10.049 0.6000000238
108349  -26.309  -66.445  -8.946 0.3000000119
109117  -40.124  -54.060  -9.533 0.4000000060
109266  -29.303  -65.018  -13.400 0.5000000000
109620  -39.275  -57.248  -10.028 0.4000000060
111037  -39.025  -56.264  -10.403 0.5000000000
111099  -39.487  -48.978  -9.354 0.3000000119
111273  -29.668  -67.666  -12.628 0.4000000060
114596  -29.067  -67.612  -14.023 0.4000000060
115916  -30.930  -53.140  -8.073 0.6999999881
119933  -36.368  -57.313  -10.701 0.5000000000
121483  -34.091  -64.949  -10.354 0.4000000060
122100  -35.838  -56.913  -10.596 0.8000000119
123027  -34.988  -47.108  -6.336 0.4000000060
125259  -36.830  -63.634  -10.733 0.5000000000
126613  -37.444  -50.756  -8.788 0.5000000000
127171  -34.459  -65.955  -12.510 0.5000000000
127402  -32.953  -66.724  -13.359 0.6000000238
128274  -39.993  -42.656  -7.335 0.4000000060
128606  -40.793  -51.854  -9.307 0.4000000060
128809  -26.755  -67.309  -15.043 0.5000000000
