# sub-05 hemi-L RWvsAllNotext_scaled Cluster_39
12
67921 -54.601000 -14.539000 -1.003000 1
68823 -55.048000 -14.408000 -0.548000 1
68824 -55.789000 -14.606000 -0.356000 1
69844 -54.700000 -13.802000 -0.602000 1
69845 -55.470000 -13.944000 -0.173000 1
69877 -54.163000 -13.427000 -1.903000 1
69884 -54.311000 -13.984000 -2.549000 1
70795 -54.794000 -12.298000 -2.762000 1
70804 -54.551000 -13.124000 -2.829000 1
145479 -54.195000 -14.155000 -1.858000 1
145910 -54.347000 -13.779000 -1.264000 1
153736 -55.031000 -12.677000 -3.232000 1
