# sub-05 hemi-L LimbsvsAllnoLimbsnoCS_scaled Cluster_39
171
49888 -32.417000 -34.267000 -7.536000 1
49893 -32.338000 -34.091000 -8.036000 1
50668 -41.180000 -33.001000 -1.928000 1
50669 -42.013000 -32.982000 -1.956000 1
50679 -40.714000 -33.602000 -2.161000 1
50680 -41.578000 -33.549000 -2.257000 1
50721 -32.465000 -33.515000 -7.822000 1
51469 -40.781000 -32.318000 -1.830000 1
51470 -41.605000 -32.353000 -1.808000 1
51505 -32.763000 -32.668000 -6.099000 1
51506 -33.172000 -32.290000 -5.371000 1
51512 -32.855000 -32.223000 -7.093000 1
51517 -32.620000 -32.636000 -7.887000 1
52353 -40.263000 -31.509000 -1.957000 1
52354 -41.190000 -31.600000 -1.876000 1
52355 -41.988000 -31.638000 -1.698000 1
52394 -33.588000 -31.474000 -5.615000 1
52395 -34.167000 -30.829000 -5.460000 1
52400 -33.312000 -31.420000 -6.960000 1
53234 -40.908000 -30.875000 -2.143000 1
53235 -41.615000 -30.916000 -1.844000 1
53251 -40.673000 -30.224000 -2.505000 1
53252 -41.348000 -30.213000 -2.183000 1
53276 -33.872000 -30.718000 -6.486000 1
53277 -34.530000 -30.239000 -5.984000 1
53278 -35.237000 -29.879000 -5.515000 1
53284 -33.671000 -30.598000 -7.933000 1
53285 -34.354000 -30.034000 -7.295000 1
53291 -34.275000 -29.701000 -8.515000 1
54166 -40.382000 -29.657000 -2.990000 1
54167 -41.063000 -29.569000 -2.627000 1
54199 -35.027000 -29.627000 -6.702000 1
54200 -35.781000 -29.299000 -6.271000 1
54201 -36.616000 -29.027000 -5.957000 1
54214 -35.609000 -29.079000 -7.631000 1
54215 -36.381000 -28.729000 -7.239000 1
54227 -34.914000 -29.420000 -8.069000 1
54228 -35.324000 -28.733000 -8.745000 1
55072 -41.490000 -28.410000 -1.858000 1
55088 -41.185000 -28.853000 -2.625000 1
55098 -40.535000 -28.509000 -4.137000 1
55111 -39.465000 -28.770000 -5.365000 1
55113 -40.334000 -28.327000 -4.973000 1
55133 -37.287000 -28.516000 -6.956000 1
55134 -38.284000 -28.404000 -6.671000 1
55135 -39.219000 -28.336000 -6.334000 1
55136 -40.003000 -28.228000 -5.810000 1
55151 -36.077000 -28.400000 -8.510000 1
55152 -36.937000 -28.175000 -8.198000 1
55153 -37.823000 -27.950000 -7.773000 1
55154 -38.708000 -27.807000 -7.289000 1
55155 -39.523000 -27.628000 -6.739000 1
55170 -36.428000 -27.909000 -8.758000 1
55171 -37.192000 -27.621000 -8.415000 1
56157 -41.972000 -26.966000 -0.799000 1
56158 -42.459000 -27.530000 -0.705000 1
56169 -40.788000 -27.070000 -2.242000 1
56170 -41.773000 -27.720000 -1.228000 1
56181 -40.696000 -27.404000 -3.001000 1
56182 -41.099000 -27.908000 -2.376000 1
56198 -40.542000 -27.945000 -4.681000 1
56214 -35.727000 -26.871000 -5.993000 1
56215 -40.097000 -27.555000 -6.100000 1
56216 -40.375000 -27.729000 -5.390000 1
56223 -38.850000 -27.269000 -7.439000 1
56232 -37.375000 -27.196000 -8.344000 1
56233 -38.039000 -27.290000 -8.029000 1
57298 -41.898000 -26.170000 -0.773000 1
57299 -42.549000 -26.744000 -0.628000 1
57300 -43.383000 -26.413000 -0.626000 1
57301 -44.261000 -26.433000 -0.859000 1
57312 -40.776000 -26.367000 -1.776000 1
57313 -41.443000 -26.707000 -1.224000 1
57325 -40.544000 -26.423000 -2.651000 1
57330 -40.530000 -26.837000 -3.670000 1
57341 -40.476000 -27.139000 -4.698000 1
57361 -37.299000 -26.088000 -6.153000 1
57362 -39.844000 -26.286000 -6.358000 1
57363 -40.272000 -26.850000 -5.733000 1
57377 -37.032000 -26.624000 -7.178000 1
57381 -39.873000 -27.035000 -6.461000 1
57395 -37.311000 -26.941000 -8.224000 1
57396 -37.819000 -26.901000 -8.119000 1
58332 -41.655000 -25.316000 -0.945000 1
58333 -42.294000 -25.564000 -0.713000 1
58334 -43.080000 -25.444000 -0.732000 1
58335 -43.836000 -25.792000 -0.851000 1
58343 -40.628000 -25.389000 -1.791000 1
58344 -41.193000 -25.826000 -1.262000 1
58345 -43.860000 -25.068000 -1.130000 1
58346 -44.462000 -25.694000 -1.302000 1
58359 -40.418000 -25.497000 -2.606000 1
58368 -40.399000 -25.907000 -3.542000 1
58383 -34.421000 -25.635000 -4.700000 1
58384 -35.327000 -25.645000 -4.757000 1
58385 -40.345000 -25.525000 -4.667000 1
58405 -35.906000 -26.232000 -5.214000 1
58406 -36.618000 -25.808000 -5.325000 1
58409 -39.645000 -25.377000 -6.021000 1
58410 -40.199000 -25.856000 -5.625000 1
59305 -42.304000 -24.860000 -0.839000 1
59306 -43.114000 -24.508000 -1.009000 1
59315 -40.762000 -24.487000 -1.652000 1
59316 -41.477000 -24.442000 -1.185000 1
59317 -42.308000 -24.018000 -1.045000 1
59318 -43.925000 -24.216000 -1.460000 1
59332 -40.422000 -24.603000 -2.365000 1
59345 -40.319000 -24.832000 -3.566000 1
59362 -34.757000 -24.774000 -4.749000 1
59363 -40.275000 -24.644000 -4.709000 1
59378 -35.693000 -24.903000 -4.741000 1
59379 -36.635000 -24.974000 -4.943000 1
59380 -37.560000 -24.544000 -5.341000 1
59382 -39.739000 -24.610000 -5.556000 1
59383 -40.111000 -24.992000 -5.373000 1
60175 -40.985000 -23.837000 -1.536000 1
60176 -41.596000 -23.576000 -1.299000 1
60177 -42.286000 -23.316000 -1.230000 1
60178 -43.150000 -23.535000 -1.313000 1
60179 -44.100000 -23.368000 -1.753000 1
60199 -40.547000 -23.645000 -2.079000 1
60217 -40.367000 -23.057000 -2.830000 1
60229 -40.019000 -23.377000 -5.079000 1
60230 -40.180000 -22.965000 -4.407000 1
60245 -36.893000 -24.067000 -5.092000 1
60248 -39.414000 -22.977000 -5.317000 1
61228 -40.646000 -22.668000 -2.173000 1
61229 -41.761000 -22.793000 -1.384000 1
61230 -42.640000 -22.716000 -1.378000 1
61231 -43.518000 -22.652000 -1.623000 1
61248 -40.403000 -22.355000 -2.804000 1
61266 -40.269000 -22.583000 -3.568000 1
61276 -39.864000 -22.593000 -4.952000 1
61288 -34.423000 -22.875000 -5.615000 1
61289 -35.409000 -23.356000 -5.251000 1
61290 -37.094000 -22.308000 -5.587000 1
61293 -39.339000 -22.217000 -5.235000 1
61306 -35.269000 -22.242000 -5.895000 1
61307 -36.312000 -21.840000 -5.919000 1
62204 -41.199000 -22.093000 -1.724000 1
62265 -35.651000 -21.427000 -6.588000 1
62266 -36.499000 -21.087000 -6.535000 1
62273 -35.937000 -20.802000 -7.256000 1
63284 -36.270000 -20.255000 -7.844000 1
132242 -41.169000 -27.262000 -1.719000 1
133542 -36.491000 -26.467000 -5.969000 1
133659 -40.277000 -23.863000 -4.281000 1
134448 -40.432000 -26.349000 -4.313000 1
134960 -37.014000 -23.199000 -5.322000 1
135693 -40.323000 -32.991000 -1.841000 1
135856 -35.229000 -24.193000 -4.853000 1
137262 -40.798000 -28.321000 -3.274000 1
138084 -33.088000 -31.993000 -6.197000 1
138212 -41.072000 -25.079000 -1.324000 1
138913 -36.323000 -23.520000 -5.168000 1
139229 -41.005000 -23.089000 -1.630000 1
139711 -40.295000 -23.870000 -3.023000 1
142797 -36.223000 -22.722000 -5.467000 1
144320 -42.960000 -21.976000 -1.523000 1
144686 -42.102000 -22.038000 -1.426000 1
144993 -37.435000 -25.354000 -5.514000 1
147568 -42.630000 -26.067000 -0.630000 1
149240 -34.345000 -23.824000 -5.152000 1
150318 -40.076000 -24.187000 -5.177000 1
150507 -36.296000 -26.851000 -6.924000 1
150597 -33.041000 -31.611000 -8.028000 1
151194 -36.053000 -25.548000 -4.894000 1
151766 -40.298000 -23.271000 -3.630000 1
152118 -36.055000 -24.191000 -4.876000 1
156014 -40.512000 -25.909000 -2.118000 1
158312 -41.372000 -27.828000 -1.763000 1
