# sub-05 hemi-R RWvsSC_scaled Cluster_43
16
44020 55.126000 -41.841000 3.124000 1
44067 53.574000 -41.163000 -1.383000 1
44083 54.063000 -41.330000 -2.049000 1
45064 55.374000 -40.771000 2.465000 1
45106 54.430000 -40.312000 -0.668000 1
45107 53.841000 -40.229000 -0.060000 1
45123 53.452000 -40.692000 -0.661000 1
45138 54.385000 -40.681000 -1.528000 1
46052 55.597000 -39.833000 1.251000 1
46053 54.496000 -39.725000 1.748000 1
46079 54.735000 -39.689000 0.879000 1
46100 55.276000 -39.674000 0.144000 1
46101 53.806000 -39.781000 0.640000 1
136689 54.568000 -39.906000 0.075000 1
149168 55.269000 -40.107000 1.877000 1
150912 55.610000 -39.604000 0.548000 1
