# sub-05 hemi-L CSvsAllNotext_scaled Cluster_4
45
8725 -20.156000 -76.278000 -9.792000 1
9472 -19.072000 -75.017000 -7.716000 1
9473 -19.782000 -74.600000 -7.702000 1
9484 -19.285000 -75.654000 -8.215000 1
9485 -20.007000 -75.246000 -8.242000 1
9486 -20.926000 -74.956000 -8.761000 1
9494 -20.540000 -75.644000 -9.266000 1
9495 -21.285000 -75.277000 -9.710000 1
9505 -20.903000 -75.906000 -10.225000 1
9507 -22.299000 -74.778000 -10.615000 1
9517 -21.744000 -75.692000 -11.562000 1
9529 -22.323000 -75.301000 -12.117000 1
10283 -19.325000 -74.268000 -7.595000 1
10284 -20.045000 -73.944000 -7.475000 1
10285 -20.869000 -73.669000 -7.632000 1
10299 -20.502000 -74.468000 -7.913000 1
10300 -21.370000 -74.220000 -8.357000 1
10301 -22.261000 -73.868000 -8.954000 1
10314 -21.679000 -74.616000 -9.291000 1
10326 -22.335000 -74.343000 -9.891000 1
10339 -22.719000 -74.594000 -11.183000 1
10340 -23.278000 -74.166000 -11.522000 1
10355 -22.828000 -74.704000 -11.873000 1
10356 -23.423000 -74.167000 -12.357000 1
11082 -19.575000 -73.584000 -7.538000 1
11083 -20.321000 -73.061000 -7.425000 1
11084 -21.244000 -72.813000 -7.507000 1
11102 -22.566000 -73.123000 -8.453000 1
11103 -23.208000 -72.910000 -8.801000 1
11118 -23.572000 -73.004000 -9.535000 1
11119 -24.140000 -72.949000 -10.243000 1
11138 -24.967000 -72.803000 -10.638000 1
12011 -20.147000 -72.350000 -7.585000 1
12012 -20.913000 -72.214000 -7.451000 1
12033 -23.799000 -71.887000 -8.296000 1
12034 -24.622000 -72.000000 -8.710000 1
12050 -23.831000 -72.485000 -8.792000 1
12088 -26.126000 -72.619000 -10.796000 1
12089 -26.914000 -72.616000 -11.435000 1
12090 -27.596000 -72.307000 -10.962000 1
12904 -20.629000 -71.598000 -7.729000 1
136509 -22.970000 -74.112000 -10.641000 1
140187 -19.702000 -72.960000 -7.536000 1
142277 -26.946000 -72.401000 -10.646000 1
152786 -22.910000 -73.332000 -9.114000 1
