# sub-05 hemi-L FacesvsAllnoFacenoCS_scaled Cluster_3
48
7127 -36.777000 -78.277000 6.236000 1
7128 -37.297000 -78.650000 6.815000 1
7136 -36.370000 -77.960000 5.414000 1
7143 -36.266000 -78.547000 4.562000 1
7151 -36.294000 -78.710000 3.364000 1
7162 -37.612000 -78.468000 1.887000 1
7163 -38.684000 -79.080000 1.690000 1
7170 -37.961000 -79.595000 1.682000 1
7823 -36.772000 -77.046000 6.965000 1
7824 -37.381000 -77.572000 7.482000 1
7834 -36.455000 -77.357000 6.112000 1
7835 -37.035000 -77.870000 6.838000 1
7841 -36.137000 -77.543000 4.542000 1
7849 -36.199000 -77.776000 3.595000 1
7859 -36.106000 -77.071000 3.841000 1
7860 -40.353000 -77.903000 3.097000 1
7873 -36.996000 -77.445000 2.343000 1
7874 -37.946000 -77.502000 2.130000 1
7875 -38.840000 -78.347000 1.976000 1
8535 -36.538000 -76.194000 7.143000 1
8536 -37.163000 -76.727000 7.682000 1
8547 -35.843000 -75.927000 5.799000 1
8553 -36.006000 -76.596000 5.522000 1
8563 -35.962000 -76.678000 4.576000 1
8574 -36.081000 -76.442000 3.706000 1
8575 -36.406000 -76.215000 3.148000 1
8576 -37.307000 -76.030000 2.764000 1
8577 -38.297000 -75.988000 3.084000 1
8578 -39.521000 -76.838000 3.324000 1
8579 -40.839000 -77.391000 3.869000 1
8592 -36.825000 -76.469000 2.735000 1
8593 -38.331000 -76.774000 2.593000 1
8594 -39.161000 -77.606000 2.531000 1
9291 -35.985000 -75.646000 6.500000 1
9317 -39.255000 -75.831000 3.854000 1
9327 -36.101000 -75.764000 3.664000 1
9328 -36.698000 -75.639000 3.181000 1
9330 -38.389000 -75.195000 3.694000 1
133744 -37.062000 -79.218000 2.043000 1
139289 -37.505000 -78.258000 7.290000 1
142994 -36.520000 -77.958000 2.683000 1
143468 -36.257000 -76.466000 6.357000 1
145661 -36.604000 -78.925000 2.560000 1
147192 -37.414000 -76.726000 2.487000 1
151919 -37.794000 -76.330000 2.666000 1
152518 -36.142000 -77.236000 5.249000 1
154120 -36.369000 -76.980000 2.961000 1
156632 -36.896000 -78.338000 2.210000 1
