# sub-05 hemi-R FacesvsAllnoFacenoCS_scaled Cluster_31
120
25187 37.395000 -59.407000 18.643000 1
25190 34.817000 -59.231000 18.765000 1
25191 33.676000 -59.171000 18.818000 1
25192 32.859000 -59.308000 19.069000 1
26254 37.746000 -58.588000 18.470000 1
26255 36.870000 -58.717000 18.490000 1
26256 35.973000 -58.794000 18.485000 1
26257 34.664000 -58.607000 18.520000 1
26258 33.905000 -58.579000 18.554000 1
27329 37.328000 -57.805000 18.518000 1
27330 36.390000 -57.881000 18.505000 1
27331 35.369000 -57.985000 18.472000 1
27332 33.352000 -57.859000 18.481000 1
27333 32.377000 -57.976000 18.347000 1
27334 31.483000 -57.573000 18.002000 1
28393 36.430000 -56.106000 19.219000 1
28394 35.494000 -56.105000 19.187000 1
28395 34.616000 -56.106000 19.133000 1
28396 33.777000 -56.129000 19.027000 1
28412 37.788000 -56.952000 18.772000 1
28413 36.871000 -56.973000 18.801000 1
28414 35.932000 -56.989000 18.799000 1
28415 35.009000 -56.941000 18.813000 1
28416 34.268000 -56.770000 18.844000 1
28417 32.753000 -57.098000 18.565000 1
28418 31.466000 -56.669000 17.955000 1
28428 31.092000 -56.211000 17.276000 1
28439 30.977000 -56.104000 16.307000 1
28440 30.750000 -56.919000 16.572000 1
29415 35.952000 -55.193000 19.566000 1
29416 34.976000 -55.340000 19.473000 1
29417 34.108000 -55.371000 19.372000 1
29418 33.231000 -55.368000 19.201000 1
29433 32.857000 -56.222000 18.810000 1
29434 32.417000 -55.339000 18.831000 1
29435 31.741000 -55.262000 18.338000 1
29444 31.337000 -55.304000 17.628000 1
29453 31.141000 -55.391000 16.800000 1
29465 31.216000 -55.354000 15.955000 1
29473 31.973000 -55.396000 14.505000 1
29474 31.522000 -55.330000 15.186000 1
29485 32.614000 -55.606000 13.938000 1
30371 34.454000 -54.727000 19.567000 1
30372 33.616000 -54.529000 19.464000 1
30373 32.786000 -54.600000 19.195000 1
30386 32.092000 -54.505000 18.703000 1
30387 31.516000 -54.424000 17.994000 1
30406 31.305000 -54.645000 17.149000 1
30416 31.460000 -54.531000 15.635000 1
30419 32.329000 -54.716000 14.165000 1
30420 31.808000 -54.650000 14.817000 1
30430 32.839000 -54.813000 13.542000 1
30431 31.962000 -53.990000 14.453000 1
31416 35.311000 -53.617000 19.614000 1
31417 34.363000 -53.883000 19.611000 1
31418 33.453000 -53.630000 19.412000 1
31419 32.602000 -53.786000 19.080000 1
31434 32.989000 -53.104000 19.147000 1
31435 31.926000 -53.708000 18.421000 1
31452 31.598000 -53.658000 17.817000 1
31465 31.523000 -53.229000 17.122000 1
31478 31.506000 -53.615000 15.641000 1
31481 31.621000 -53.344000 14.902000 1
31491 32.156000 -53.036000 13.205000 1
31492 31.848000 -53.223000 14.107000 1
32519 35.518000 -52.785000 19.374000 1
32520 34.547000 -52.971000 19.456000 1
32521 33.707000 -52.833000 19.282000 1
32538 34.749000 -52.179000 19.039000 1
32539 33.841000 -52.163000 18.940000 1
32540 33.069000 -52.461000 18.811000 1
32541 32.427000 -52.196000 18.074000 1
32542 31.839000 -52.983000 17.970000 1
32556 31.863000 -52.375000 17.298000 1
32570 31.610000 -52.541000 16.479000 1
32594 31.643000 -52.642000 14.637000 1
32613 31.789000 -52.313000 13.905000 1
33635 35.196000 -51.564000 18.361000 1
33636 34.178000 -51.603000 18.464000 1
33637 33.281000 -51.776000 18.367000 1
33652 34.483000 -51.143000 17.827000 1
33653 33.616000 -51.241000 17.824000 1
33654 32.832000 -51.475000 17.652000 1
33655 32.272000 -51.783000 17.327000 1
33675 33.156000 -50.960000 17.169000 1
33676 32.511000 -51.272000 16.906000 1
33677 31.910000 -51.802000 16.582000 1
33696 32.245000 -51.163000 16.100000 1
33697 31.781000 -51.741000 15.703000 1
33712 32.088000 -51.078000 15.177000 1
33713 31.743000 -51.812000 14.754000 1
34660 33.928000 -50.801000 17.257000 1
34678 32.848000 -50.741000 16.455000 1
34704 32.613000 -50.612000 15.650000 1
131260 31.663000 -54.023000 15.085000 1
131942 31.397000 -53.999000 16.499000 1
136109 32.406000 -53.007000 18.648000 1
137017 31.436000 -53.989000 17.353000 1
137208 32.011000 -56.130000 18.464000 1
137388 32.201000 -58.855000 18.616000 1
137868 31.191000 -56.059000 15.476000 1
138190 35.195000 -54.505000 19.648000 1
139176 34.318000 -57.693000 18.562000 1
139980 34.267000 -59.094000 18.702000 1
140207 32.371000 -53.978000 13.641000 1
141977 31.481000 -55.911000 18.007000 1
147991 35.266000 -58.859000 18.526000 1
148585 31.286000 -54.781000 16.401000 1
149052 32.046000 -57.005000 18.372000 1
149155 33.554000 -56.974000 18.734000 1
149902 34.201000 -52.504000 19.222000 1
150052 33.481000 -50.627000 16.703000 1
151498 31.481000 -53.195000 16.248000 1
153970 33.066000 -54.121000 19.369000 1
154058 31.650000 -52.147000 16.077000 1
154193 32.014000 -51.198000 14.542000 1
155410 32.475000 -50.592000 15.069000 1
155691 32.407000 -56.595000 18.561000 1
155876 31.568000 -52.613000 15.545000 1
156284 34.012000 -53.305000 19.486000 1
