# sub-05 hemi-R LimbsvsAllnoLimbsnoCS_scaled Cluster_20
181
17190 42.831000 -67.196000 1.454000 1
18108 46.570000 -66.105000 11.247000 1
18109 46.029000 -66.423000 10.865000 1
18110 45.280000 -66.587000 10.642000 1
18118 46.469000 -65.960000 10.099000 1
18119 46.293000 -65.876000 8.939000 1
18147 44.110000 -66.634000 7.165000 1
18148 42.904000 -66.525000 7.199000 1
18157 45.251000 -66.033000 5.991000 1
18158 44.681000 -66.310000 5.280000 1
18159 44.109000 -66.636000 5.637000 1
18160 43.255000 -66.647000 5.672000 1
18173 44.435000 -66.296000 4.458000 1
18174 43.996000 -66.682000 4.849000 1
18175 42.897000 -66.670000 4.997000 1
18193 44.245000 -66.284000 3.734000 1
18194 44.065000 -66.614000 4.072000 1
18195 43.106000 -66.886000 3.704000 1
18196 42.093000 -66.845000 3.642000 1
18207 43.767000 -66.725000 3.438000 1
18208 43.130000 -67.022000 3.088000 1
18219 43.992000 -66.314000 3.006000 1
18220 43.409000 -66.754000 1.996000 1
18221 42.018000 -67.240000 2.291000 1
18231 43.505000 -66.235000 1.842000 1
18337 38.116000 -65.614000 -6.682000 1
19180 46.554000 -65.868000 12.470000 1
19181 46.009000 -66.112000 12.898000 1
19196 47.036000 -65.575000 11.751000 1
19199 46.997000 -65.458000 10.628000 1
19201 46.797000 -65.295000 9.468000 1
19202 46.459000 -65.263000 8.269000 1
19210 46.305000 -64.953000 7.527000 1
19215 45.507000 -65.279000 6.079000 1
19221 45.064000 -65.640000 5.366000 1
19232 44.556000 -65.793000 4.236000 1
19233 44.210000 -65.703000 3.499000 1
19240 43.813000 -65.821000 2.627000 1
19246 43.154000 -65.578000 1.866000 1
19256 43.184000 -66.126000 1.038000 1
19257 42.554000 -65.602000 0.896000 1
19258 41.801000 -65.409000 0.362000 1
19271 42.424000 -65.834000 -0.056000 1
19272 41.673000 -65.488000 -0.459000 1
19273 40.575000 -65.154000 -0.569000 1
19280 41.415000 -65.398000 -1.350000 1
19290 41.816000 -65.706000 -2.029000 1
19329 38.047000 -64.881000 -4.958000 1
19346 37.584000 -65.406000 -5.555000 1
20140 47.918000 -63.730000 11.995000 1
20141 47.274000 -64.390000 12.269000 1
20142 46.506000 -65.074000 12.540000 1
20173 46.741000 -64.647000 9.170000 1
20174 46.270000 -64.399000 8.678000 1
20182 46.039000 -64.620000 7.848000 1
20183 45.113000 -64.392000 7.664000 1
20196 45.931000 -64.773000 7.054000 1
20211 45.290000 -64.769000 6.078000 1
20228 45.098000 -64.928000 5.467000 1
20229 44.251000 -64.669000 5.119000 1
20241 44.789000 -65.343000 4.832000 1
20242 44.368000 -65.219000 4.258000 1
20243 43.665000 -64.700000 4.415000 1
20244 42.083000 -64.462000 4.357000 1
20259 43.966000 -65.039000 3.771000 1
20260 43.126000 -64.693000 3.796000 1
20261 42.166000 -64.604000 3.488000 1
20262 41.204000 -64.581000 3.226000 1
20263 40.291000 -64.585000 2.940000 1
20274 43.153000 -65.052000 2.876000 1
20275 42.185000 -64.866000 2.562000 1
20276 41.178000 -64.785000 2.306000 1
20277 39.465000 -64.579000 2.703000 1
20278 38.746000 -64.589000 2.464000 1
20293 42.088000 -65.154000 1.766000 1
20296 38.723000 -64.670000 1.679000 1
20310 40.729000 -65.181000 0.326000 1
20326 40.404000 -64.934000 -1.447000 1
20342 41.170000 -65.071000 -2.255000 1
20343 40.158000 -64.591000 -2.385000 1
20360 40.463000 -64.522000 -3.383000 1
20362 38.784000 -64.341000 -3.370000 1
20379 40.644000 -64.604000 -4.309000 1
20380 39.648000 -64.409000 -4.227000 1
20381 37.996000 -64.457000 -3.644000 1
20401 39.319000 -64.461000 -4.766000 1
21247 47.496000 -63.483000 12.318000 1
21274 47.748000 -63.398000 10.795000 1
21275 46.992000 -63.279000 10.257000 1
21276 45.692000 -63.190000 10.180000 1
21288 47.310000 -63.985000 10.130000 1
21289 46.662000 -63.939000 9.553000 1
21290 45.294000 -63.817000 9.452000 1
22254 48.446000 -62.066000 12.155000 1
22255 48.167000 -62.816000 12.160000 1
22285 47.481000 -62.672000 10.705000 1
22286 46.248000 -62.516000 10.536000 1
23280 48.102000 -61.182000 11.235000 1
23292 47.072000 -61.852000 10.821000 1
23293 45.666000 -61.502000 10.674000 1
24261 49.229000 -59.862000 11.318000 1
24262 44.892000 -60.780000 10.323000 1
24280 45.390000 -60.142000 9.941000 1
24281 44.405000 -60.302000 9.720000 1
25290 49.367000 -59.059000 11.246000 1
25291 49.242000 -59.301000 10.792000 1
25292 48.051000 -59.705000 10.379000 1
25293 46.570000 -59.907000 10.163000 1
25307 49.408000 -58.642000 10.202000 1
25308 49.091000 -59.140000 9.735000 1
25309 47.443000 -59.521000 9.666000 1
25310 46.063000 -59.689000 9.400000 1
25311 44.940000 -59.789000 9.218000 1
25319 49.578000 -58.576000 9.311000 1
25320 49.346000 -58.909000 8.481000 1
25321 47.124000 -59.344000 8.568000 1
25322 45.604000 -59.489000 8.483000 1
25323 44.600000 -59.590000 8.496000 1
25337 49.170000 -59.174000 7.346000 1
25338 48.068000 -59.369000 7.395000 1
25339 46.499000 -59.346000 7.536000 1
25340 44.976000 -59.356000 7.591000 1
25341 44.029000 -59.273000 7.250000 1
25357 48.947000 -59.398000 6.474000 1
25358 47.706000 -59.534000 6.492000 1
25359 44.752000 -59.284000 6.609000 1
25379 48.771000 -59.570000 5.481000 1
25380 48.220000 -60.027000 4.616000 1
25381 45.291000 -59.475000 5.058000 1
26343 49.304000 -58.813000 11.374000 1
26344 48.812000 -58.618000 11.606000 1
26364 49.336000 -58.456000 10.535000 1
26365 49.167000 -58.349000 10.825000 1
26366 48.206000 -58.206000 11.021000 1
26391 49.588000 -58.199000 9.584000 1
26401 49.713000 -58.389000 8.580000 1
27415 49.431000 -58.076000 10.178000 1
130806 43.626000 -66.632000 6.364000 1
130831 44.434000 -59.253000 5.818000 1
130983 46.088000 -59.384000 6.608000 1
131644 47.338000 -59.716000 5.607000 1
131856 45.710000 -59.457000 5.779000 1
131868 42.477000 -66.731000 4.369000 1
132132 42.895000 -66.054000 0.388000 1
132860 44.776000 -65.896000 4.791000 1
133044 47.239000 -64.679000 10.210000 1
133091 45.655000 -64.874000 6.476000 1
133543 44.593000 -66.522000 6.156000 1
133897 39.817000 -64.400000 -3.666000 1
133960 43.506000 -66.759000 4.181000 1
134913 37.621000 -64.349000 -2.816000 1
135622 40.157000 -64.736000 2.084000 1
137495 45.698000 -66.761000 11.741000 1
137642 43.591000 -66.790000 2.696000 1
138132 46.761000 -59.834000 4.899000 1
139121 45.952000 -65.120000 6.761000 1
139353 47.065000 -65.177000 12.250000 1
139440 48.395000 -59.273000 8.960000 1
139525 40.302000 -64.479000 3.897000 1
139526 42.770000 -64.495000 4.600000 1
139791 43.041000 -67.116000 2.383000 1
141097 45.982000 -60.549000 10.454000 1
144679 46.399000 -64.828000 8.188000 1
146131 47.287000 -60.353000 10.647000 1
146174 47.384000 -64.933000 11.121000 1
147650 46.165000 -66.543000 11.767000 1
148075 48.727000 -60.133000 11.089000 1
148144 49.665000 -58.210000 7.785000 1
148422 48.566000 -59.270000 8.108000 1
148693 44.607000 -64.564000 5.996000 1
149357 43.770000 -65.229000 3.262000 1
149387 48.008000 -62.147000 11.147000 1
149581 41.054000 -64.774000 -3.011000 1
149871 39.337000 -64.679000 2.038000 1
150645 42.390000 -67.089000 2.879000 1
152573 43.726000 -66.387000 2.413000 1
152732 38.405000 -64.555000 -4.433000 1
152754 42.187000 -66.556000 5.790000 1
154890 46.728000 -60.997000 10.832000 1
155963 46.204000 -65.015000 7.115000 1
157088 38.830000 -64.395000 -4.076000 1
