# sub-05 hemi-R FacesvsAllnoFacenoCS_scaled Cluster_19
94
12752 36.638000 -72.382000 -3.137000 1
13635 36.626000 -71.711000 -2.920000 1
13641 36.997000 -71.846000 -3.660000 1
14471 35.980000 -70.766000 -2.678000 1
14472 35.231000 -70.330000 -2.139000 1
14476 36.865000 -70.948000 -3.666000 1
14480 37.390000 -70.755000 -5.099000 1
14481 37.184000 -71.314000 -4.341000 1
15384 33.563000 -69.541000 -0.659000 1
15396 34.163000 -69.582000 -1.381000 1
15406 35.273000 -69.669000 -2.717000 1
15407 34.682000 -69.608000 -2.051000 1
15421 36.682000 -69.759000 -4.340000 1
15422 35.935000 -69.796000 -3.519000 1
15440 37.418000 -69.667000 -5.225000 1
15459 37.768000 -69.783000 -5.958000 1
16317 33.383000 -68.444000 -0.525000 1
16329 34.280000 -68.734000 -1.854000 1
16330 33.792000 -68.635000 -1.199000 1
16346 35.363000 -68.819000 -3.242000 1
16347 34.781000 -68.770000 -2.534000 1
16365 36.754000 -68.642000 -4.690000 1
16366 35.989000 -68.802000 -4.004000 1
16381 37.889000 -68.928000 -5.884000 1
16382 37.499000 -68.291000 -5.351000 1
16394 38.631000 -68.000000 -6.798000 1
16395 38.191000 -68.775000 -6.481000 1
16405 38.884000 -67.649000 -7.211000 1
16406 38.458000 -68.462000 -7.205000 1
17232 41.696000 -66.970000 -1.402000 1
17236 35.013000 -66.940000 -1.032000 1
17237 34.342000 -67.276000 -0.523000 1
17251 40.676000 -67.245000 -1.229000 1
17252 35.010000 -67.379000 -1.903000 1
17253 34.297000 -67.769000 -1.416000 1
17254 33.798000 -67.879000 -0.809000 1
17267 35.960000 -67.392000 -3.169000 1
17268 35.170000 -67.904000 -2.772000 1
17269 34.601000 -68.080000 -2.158000 1
17284 37.332000 -67.169000 -4.230000 1
17285 36.401000 -67.777000 -4.052000 1
17286 35.688000 -68.110000 -3.502000 1
17298 39.223000 -66.879000 -5.909000 1
17299 38.020000 -67.314000 -5.101000 1
17300 37.116000 -67.797000 -4.692000 1
17312 39.229000 -67.132000 -6.777000 1
17313 38.361000 -67.877000 -6.077000 1
17328 39.530000 -66.358000 -7.015000 1
17329 39.218000 -66.995000 -7.434000 1
17342 39.245000 -66.349000 -7.472000 1
18243 36.222000 -66.612000 0.019000 1
18255 39.730000 -67.048000 -1.371000 1
18256 38.022000 -66.862000 -0.525000 1
18257 36.949000 -66.643000 -0.407000 1
18258 35.927000 -66.603000 -0.686000 1
18271 39.405000 -66.623000 -2.215000 1
18272 38.100000 -66.509000 -2.076000 1
18273 36.564000 -66.567000 -1.253000 1
18274 35.700000 -66.771000 -1.525000 1
18289 38.890000 -66.410000 -3.126000 1
18290 37.530000 -66.492000 -2.745000 1
18291 36.501000 -66.727000 -2.601000 1
18292 35.691000 -67.080000 -2.345000 1
18303 40.643000 -65.633000 -4.911000 1
18304 40.003000 -66.185000 -4.817000 1
18305 37.885000 -66.544000 -3.674000 1
18306 36.849000 -66.924000 -3.445000 1
18320 40.219000 -65.933000 -5.648000 1
18321 39.083000 -66.602000 -5.039000 1
18336 39.820000 -66.086000 -6.480000 1
18350 39.510000 -65.885000 -7.043000 1
19310 41.349000 -65.390000 -3.679000 1
19311 41.073000 -65.413000 -4.366000 1
19328 41.154000 -64.953000 -4.490000 1
19343 40.186000 -65.330000 -5.942000 1
19359 39.701000 -65.614000 -6.519000 1
133012 37.203000 -70.614000 -4.560000 1
134011 38.578000 -66.783000 -1.340000 1
136103 38.154000 -66.747000 -4.433000 1
136340 41.130000 -65.935000 -3.523000 1
139046 38.010000 -69.263000 -6.687000 1
139071 37.523000 -66.615000 -1.228000 1
140021 35.277000 -66.700000 -0.022000 1
140961 37.076000 -66.502000 -1.926000 1
144098 36.302000 -72.196000 -2.556000 1
146263 40.962000 -66.714000 -2.191000 1
148632 39.700000 -65.943000 -6.788000 1
148723 40.808000 -65.119000 -5.184000 1
149137 40.376000 -66.370000 -3.039000 1
152259 38.612000 -67.232000 0.010000 1
152429 39.022000 -66.416000 -4.162000 1
153039 40.304000 -66.091000 -4.032000 1
153412 36.276000 -66.638000 -1.913000 1
155411 41.151000 -66.274000 -2.933000 1
