# sub-05 hemi-L CSvsAllNotext_scaled Cluster_17
23
29946 -48.082000 -55.204000 -6.212000 1
29958 -48.126000 -54.681000 -6.680000 1
30902 -47.800000 -53.762000 -6.339000 1
30903 -48.276000 -54.185000 -7.147000 1
30916 -48.685000 -54.794000 -8.016000 1
30930 -49.057000 -54.491000 -8.746000 1
31879 -48.047000 -53.195000 -6.784000 1
31894 -48.523000 -53.570000 -7.731000 1
31909 -49.001000 -53.277000 -8.585000 1
32875 -48.205000 -52.602000 -7.136000 1
32890 -48.519000 -52.409000 -7.793000 1
32896 -48.905000 -52.019000 -8.536000 1
32897 -49.458000 -52.808000 -9.323000 1
32908 -49.165000 -51.595000 -9.360000 1
33865 -48.393000 -51.301000 -7.885000 1
33874 -47.962000 -50.203000 -9.182000 1
33875 -48.583000 -50.912000 -8.759000 1
33883 -47.704000 -50.421000 -10.178000 1
33884 -48.541000 -50.788000 -9.711000 1
33897 -47.400000 -50.900000 -11.302000 1
33898 -48.345000 -50.975000 -10.708000 1
132109 -48.475000 -55.039000 -7.417000 1
142370 -47.637000 -54.313000 -5.849000 1
