# sub-05 hemi-L FacesvsAllnoFacenoCS_scaled Cluster_38
13
66089 -36.252000 -17.253000 -5.031000 1
66101 -36.550000 -17.122000 -5.864000 1
67017 -37.364000 -16.420000 -4.550000 1
67026 -37.038000 -16.775000 -5.220000 1
67961 -37.940000 -15.948000 -4.219000 1
67962 -38.551000 -15.432000 -4.399000 1
67971 -37.792000 -16.072000 -5.383000 1
67972 -38.276000 -15.283000 -5.718000 1
68863 -38.894000 -14.983000 -5.060000 1
68876 -38.545000 -14.513000 -5.927000 1
137720 -36.643000 -16.669000 -4.319000 1
145120 -38.390000 -15.625000 -4.992000 1
155850 -36.119000 -17.445000 -5.699000 1
