# sub-05 hemi-L RWvsSC_scaled Cluster_3
57
9486 -20.926000 -74.956000 -8.761000 1
10284 -20.045000 -73.944000 -7.475000 1
10285 -20.869000 -73.669000 -7.632000 1
10300 -21.370000 -74.220000 -8.357000 1
10301 -22.261000 -73.868000 -8.954000 1
11082 -19.575000 -73.584000 -7.538000 1
11083 -20.321000 -73.061000 -7.425000 1
11084 -21.244000 -72.813000 -7.507000 1
12011 -20.147000 -72.350000 -7.585000 1
12012 -20.913000 -72.214000 -7.451000 1
12013 -21.749000 -72.090000 -7.506000 1
12014 -22.483000 -72.080000 -7.696000 1
12031 -19.404000 -72.497000 -8.037000 1
12117 -19.259000 -72.325000 -12.957000 1
12130 -19.030000 -71.817000 -13.544000 1
12904 -20.629000 -71.598000 -7.729000 1
12905 -21.507000 -71.352000 -7.608000 1
12906 -22.348000 -71.478000 -7.609000 1
12918 -19.960000 -71.821000 -8.015000 1
12919 -20.339000 -71.183000 -8.603000 1
12931 -19.646000 -71.843000 -8.797000 1
12932 -19.995000 -71.413000 -9.564000 1
12941 -19.693000 -72.189000 -11.004000 1
12942 -20.092000 -71.506000 -10.556000 1
12950 -19.682000 -72.285000 -11.790000 1
12951 -20.151000 -71.649000 -11.635000 1
12963 -19.774000 -72.025000 -12.402000 1
12964 -20.296000 -71.410000 -12.522000 1
12980 -19.800000 -71.683000 -13.082000 1
12981 -20.358000 -71.126000 -13.237000 1
13821 -21.774000 -70.487000 -7.976000 1
13822 -22.249000 -70.870000 -7.671000 1
13826 -21.441000 -70.179000 -8.674000 1
13827 -22.657000 -70.251000 -8.118000 1
13828 -24.163000 -70.769000 -8.287000 1
13834 -20.525000 -70.799000 -9.852000 1
13835 -21.159000 -70.074000 -9.561000 1
13844 -20.547000 -70.953000 -11.028000 1
13845 -20.954000 -70.223000 -10.550000 1
13857 -20.640000 -70.952000 -11.927000 1
13858 -20.879000 -70.420000 -11.383000 1
13866 -20.757000 -70.774000 -12.735000 1
13867 -21.052000 -70.226000 -12.092000 1
14774 -22.634000 -69.612000 -8.831000 1
14775 -23.425000 -69.850000 -8.633000 1
14776 -24.192000 -70.194000 -8.619000 1
14792 -21.890000 -69.566000 -9.282000 1
14793 -22.586000 -69.293000 -9.526000 1
14794 -23.314000 -69.409000 -9.316000 1
14795 -24.123000 -69.699000 -9.106000 1
14811 -21.498000 -69.539000 -10.209000 1
14812 -22.139000 -69.117000 -10.103000 1
133645 -23.533000 -70.500000 -8.175000 1
140187 -19.702000 -72.960000 -7.536000 1
145414 -20.852000 -70.523000 -8.885000 1
149651 -21.029000 -70.794000 -8.079000 1
151013 -22.029000 -69.899000 -8.497000 1
