# sub-05 hemi-R FacesvsAllnoFace_scaled Cluster_27
19
18118 46.469000 -65.960000 10.099000 1
18119 46.293000 -65.876000 8.939000 1
18130 45.703000 -66.121000 7.469000 1
18146 45.173000 -66.387000 6.811000 1
18157 45.251000 -66.033000 5.991000 1
19199 46.997000 -65.458000 10.628000 1
19201 46.797000 -65.295000 9.468000 1
19202 46.459000 -65.263000 8.269000 1
19210 46.305000 -64.953000 7.527000 1
19211 46.127000 -65.401000 7.345000 1
19215 45.507000 -65.279000 6.079000 1
20173 46.741000 -64.647000 9.170000 1
21288 47.310000 -63.985000 10.130000 1
133044 47.239000 -64.679000 10.210000 1
133543 44.593000 -66.522000 6.156000 1
135360 46.138000 -65.856000 8.040000 1
139121 45.952000 -65.120000 6.761000 1
144679 46.399000 -64.828000 8.188000 1
155963 46.204000 -65.015000 7.115000 1
