# sub-05 hemi-L FacesvsAllnoFacenoCS_scaled Cluster_18
29
21920 -22.530000 -61.932000 -10.134000 1
21936 -23.519000 -62.428000 -11.419000 1
21953 -23.821000 -62.199000 -12.293000 1
21954 -24.586000 -62.613000 -12.606000 1
21975 -24.953000 -62.209000 -13.450000 1
22893 -20.687000 -61.530000 -9.853000 1
22894 -21.176000 -61.362000 -9.780000 1
22895 -21.848000 -61.466000 -9.839000 1
22915 -22.174000 -61.110000 -10.444000 1
22926 -22.456000 -60.772000 -11.200000 1
22927 -23.149000 -61.504000 -11.760000 1
22938 -23.499000 -61.189000 -12.696000 1
22939 -24.214000 -61.816000 -13.170000 1
22956 -23.915000 -60.574000 -13.669000 1
22957 -24.662000 -61.192000 -14.073000 1
22976 -25.042000 -60.360000 -15.029000 1
22995 -25.879000 -60.747000 -15.377000 1
23949 -22.795000 -60.485000 -12.160000 1
23962 -23.179000 -60.045000 -13.165000 1
23972 -24.314000 -59.764000 -14.677000 1
23991 -24.358000 -59.485000 -15.423000 1
23992 -25.073000 -59.935000 -15.692000 1
24008 -25.610000 -60.154000 -15.961000 1
24020 -25.483000 -60.217000 -16.286000 1
24021 -26.813000 -60.493000 -16.882000 1
24022 -27.581000 -60.572000 -16.851000 1
24031 -27.330000 -60.740000 -17.296000 1
24032 -28.092000 -60.796000 -17.314000 1
137446 -26.227000 -60.389000 -16.382000 1
