# sub-05 hemi-L LimbsvsAllnoLimbsnoCS_scaled Cluster_19
26
26783 -47.528000 -57.735000 0.519000 1
26784 -48.525000 -58.149000 0.338000 1
26797 -49.278000 -57.905000 -0.441000 1
26813 -49.629000 -57.335000 -1.226000 1
26814 -50.668000 -57.851000 -2.057000 1
27890 -47.143000 -56.839000 0.127000 1
27903 -46.968000 -55.874000 -0.173000 1
27917 -48.946000 -56.446000 -1.224000 1
27918 -49.769000 -56.734000 -1.839000 1
27935 -50.589000 -57.225000 -2.678000 1
27956 -50.657000 -56.871000 -3.413000 1
28904 -48.356000 -55.661000 -1.124000 1
28918 -49.760000 -56.071000 -2.490000 1
28934 -49.080000 -55.077000 -2.024000 1
29873 -48.506000 -54.957000 -1.477000 1
29886 -48.076000 -54.213000 -1.275000 1
29887 -48.652000 -54.282000 -1.797000 1
29900 -49.076000 -54.435000 -2.415000 1
30832 -48.320000 -53.535000 -1.595000 1
30833 -48.754000 -53.659000 -2.210000 1
31813 -47.996000 -52.837000 -1.359000 1
137951 -48.776000 -57.054000 -0.774000 1
141954 -46.246000 -55.099000 0.083000 1
144810 -48.147000 -52.095000 -1.642000 1
145166 -49.451000 -55.195000 -2.673000 1
147386 -49.068000 -55.779000 -1.653000 1
