#!ascii label  , from subject sub-08 vox2ras=TkReg
795
29184  21.456  -63.353  -12.892 0.6000000238
23996  19.710  -68.062  -8.693 0.6999999881
138885  18.831  -68.158  -10.064 0.6999999881
25078  20.033  -66.860  -13.097 0.8999999762
26051  20.032  -65.869  -13.341 0.8000000119
28059  20.551  -64.505  -13.337 0.8000000119
30326  20.917  -63.021  -12.030 0.6000000238
30325  21.864  -62.619  -12.479 0.6999999881
31428  22.335  -61.768  -12.108 0.6999999881
25003  20.033  -67.216  -8.643 0.6999999881
23980  20.083  -68.161  -7.764 0.6999999881
136021  18.722  -67.299  -10.086 0.6999999881
25998  18.336  -66.235  -10.320 0.6000000238
26008  18.261  -66.685  -10.763 0.6999999881
25046  18.465  -67.369  -11.086 0.6999999881
26032  18.713  -66.277  -12.100 0.8000000119
27038  18.425  -65.357  -12.187 0.8000000119
27037  19.241  -65.596  -12.657 0.8000000119
28044  19.861  -64.443  -12.743 0.8000000119
29185  20.461  -63.800  -12.625 0.6000000238
30306  21.291  -62.248  -11.637 0.6000000238
31412  21.447  -61.418  -11.339 0.6999999881
31427  22.981  -61.033  -12.235 0.6999999881
25002  20.510  -67.280  -7.876 0.5000000000
24987  20.438  -67.722  -7.101 0.6000000238
26982  19.972  -65.719  -8.813 0.4000000060
25013  19.413  -67.296  -9.327 0.6000000238
26995  18.680  -65.664  -9.753 0.5000000000
27007  17.444  -65.346  -10.854 0.6000000238
26019  17.732  -65.942  -11.040 0.8000000119
27039  17.735  -65.027  -11.795 0.6999999881
29187  18.378  -64.133  -12.037 0.6999999881
29168  18.771  -63.376  -11.738 0.6999999881
31413  19.831  -61.833  -10.978 0.5000000000
32568  20.482  -61.041  -10.857 0.6000000238
134529  21.460  -60.525  -11.187 0.6000000238
31411  22.344  -60.854  -11.706 0.6000000238
32566  23.743  -59.913  -11.962 0.5000000000
25959  21.305  -66.281  -6.871 0.5000000000
141749  20.570  -67.321  -6.575 0.6000000238
146266  19.614  -67.205  -5.718 0.6000000238
136415  20.887  -66.397  -7.662 0.5000000000
26996  17.826  -65.323  -10.331 0.5000000000
28012  16.722  -64.202  -10.844 0.6000000238
29171  16.483  -63.598  -11.070 0.6000000238
30308  18.171  -62.600  -11.435 0.6000000238
31414  18.762  -61.794  -11.079 0.5000000000
32569  19.338  -61.019  -10.785 0.5000000000
32551  20.696  -60.169  -10.855 0.6000000238
127558  22.350  -59.986  -11.612 0.5000000000
33724  23.728  -58.800  -11.893 0.5000000000
128824  24.334  -58.098  -10.956 0.5000000000
139576  20.976  -66.757  -6.361 0.5000000000
126270  19.947  -66.733  -5.286 0.5000000000
26981  20.613  -65.627  -8.176 0.5000000000
128641  19.414  -64.165  -8.745 0.4000000060
150642  18.773  -64.314  -9.207 0.4000000060
149102  17.702  -63.409  -9.333 0.3000000119
29142  17.752  -62.784  -9.032 0.3000000119
27986  17.191  -63.736  -9.774 0.5000000000
30296  16.091  -62.658  -10.444 0.5000000000
30311  15.979  -61.856  -10.868 0.5000000000
31415  17.657  -61.743  -11.216 0.5000000000
32570  18.236  -60.966  -10.906 0.5000000000
32552  19.837  -60.200  -10.699 0.6000000238
33706  20.353  -59.452  -10.757 0.6000000238
33727  21.404  -59.538  -11.181 0.5000000000
34817  22.871  -58.661  -11.840 0.5000000000
34816  23.892  -57.945  -11.717 0.5000000000
25943  21.484  -66.029  -6.005 0.5000000000
26964  21.580  -65.476  -6.673 0.5000000000
27976  21.375  -64.744  -7.188 0.5000000000
29139  20.148  -63.994  -8.190 0.4000000060
29140  19.401  -63.271  -8.416 0.4000000060
30277  18.569  -62.587  -8.587 0.3000000119
30279  16.975  -62.238  -9.204 0.3000000119
31387  15.827  -61.378  -10.114 0.4000000060
31416  16.690  -61.622  -11.193 0.5000000000
32554  17.717  -60.186  -10.785 0.4000000060
34819  20.884  -58.723  -10.916 0.5000000000
35844  21.408  -57.953  -11.069 0.5000000000
34818  21.847  -58.670  -11.416 0.5000000000
35826  24.359  -57.334  -11.114 0.5000000000
35841  24.069  -57.154  -11.548 0.4000000060
35842  23.587  -57.335  -11.738 0.5000000000
26931  21.456  -65.488  -4.742 0.5000000000
26952  21.794  -65.294  -6.031 0.5000000000
29131  21.438  -64.090  -6.867 0.5000000000
132116  20.597  -63.026  -7.307 0.4000000060
29133  20.099  -63.132  -7.832 0.4000000060
150230  19.184  -61.687  -7.993 0.3000000119
30278  17.753  -62.010  -8.738 0.3000000119
30280  16.276  -61.690  -9.531 0.4000000060
32540  15.839  -60.755  -10.059 0.4000000060
33710  16.332  -59.635  -10.194 0.4000000060
32573  16.099  -61.030  -10.714 0.4000000060
32555  16.755  -60.261  -10.705 0.4000000060
33708  18.188  -59.429  -10.599 0.5000000000
131856  18.390  -58.600  -10.402 0.5000000000
33707  19.297  -59.269  -10.613 0.6000000238
36945  22.072  -57.157  -11.211 0.4000000060
145473  22.883  -57.436  -11.706 0.5000000000
27953  21.926  -64.627  -5.562 0.4000000060
29126  21.160  -63.323  -6.841 0.4000000060
29125  21.710  -63.836  -6.232 0.4000000060
30272  20.170  -62.383  -7.493 0.4000000060
135597  19.693  -61.640  -7.635 0.4000000060
32526  18.238  -60.861  -8.278 0.4000000060
32527  17.379  -60.716  -8.589 0.4000000060
128407  16.658  -60.609  -8.917 0.4000000060
32528  16.214  -60.041  -9.276 0.4000000060
33692  16.153  -59.433  -9.703 0.4000000060
34800  16.858  -58.865  -10.179 0.5000000000
136156  17.507  -58.461  -10.213 0.5000000000
133550  18.757  -57.932  -10.235 0.6000000238
130028  20.362  -57.979  -10.602 0.5000000000
36931  20.548  -56.639  -10.141 0.4000000060
36930  21.473  -56.469  -10.508 0.4000000060
129171  21.958  -64.301  -4.463 0.4000000060
30262  21.373  -62.761  -6.117 0.4000000060
29112  21.897  -63.505  -5.344 0.4000000060
139127  20.861  -61.874  -6.414 0.4000000060
31368  19.087  -61.101  -7.890 0.4000000060
32520  16.848  -59.977  -8.678 0.4000000060
33679  16.132  -59.246  -9.346 0.4000000060
34801  16.382  -58.775  -9.737 0.4000000060
35831  17.003  -58.084  -9.851 0.5000000000
35812  18.558  -57.212  -9.859 0.4000000060
35829  19.496  -57.612  -10.241 0.6000000238
30249  21.703  -62.477  -5.209 0.4000000060
30250  21.287  -61.953  -5.773 0.4000000060
31357  21.133  -61.162  -6.019 0.4000000060
139548  20.053  -61.105  -7.329 0.4000000060
32517  19.591  -60.488  -7.567 0.4000000060
32518  18.703  -60.216  -7.947 0.4000000060
33668  18.215  -59.327  -8.039 0.5000000000
33669  17.195  -59.235  -8.404 0.4000000060
34757  16.638  -58.410  -8.567 0.3000000119
35798  16.389  -57.661  -8.739 0.3000000119
34782  16.232  -58.592  -9.313 0.4000000060
36913  17.758  -56.449  -9.518 0.4000000060
36912  18.911  -56.287  -9.598 0.4000000060
36932  19.632  -56.875  -9.928 0.5000000000
27933  22.032  -63.877  -3.571 0.4000000060
31358  20.584  -61.141  -6.769 0.4000000060
143990  20.026  -59.882  -7.393 0.4000000060
143886  19.272  -59.454  -7.641 0.3000000119
34755  18.602  -58.546  -7.741 0.3000000119
34756  17.593  -58.485  -8.110 0.3000000119
129406  16.693  -56.901  -8.303 0.3000000119
36915  16.392  -56.902  -9.006 0.3000000119
38087  18.133  -55.603  -9.345 0.4000000060
39235  18.476  -54.808  -9.118 0.4000000060
133083  21.573  -61.561  -5.202 0.3000000119
32500  21.251  -60.418  -6.032 0.3000000119
33653  21.127  -59.785  -6.428 0.3000000119
141171  20.594  -59.789  -7.034 0.3000000119
34753  20.280  -58.474  -7.285 0.3000000119
35784  18.970  -57.740  -7.538 0.3000000119
35785  17.971  -57.747  -7.782 0.4000000060
146211  17.793  -56.406  -7.546 0.4000000060
35769  17.380  -56.995  -7.792 0.3000000119
36884  16.659  -56.245  -8.222 0.3000000119
38089  16.705  -56.071  -8.781 0.3000000119
137678  17.544  -55.013  -8.963 0.4000000060
39213  18.736  -54.032  -8.859 0.4000000060
35768  18.355  -56.999  -7.539 0.4000000060
38040  18.420  -55.182  -7.207 0.4000000060
36870  17.726  -55.685  -7.443 0.4000000060
39197  16.618  -54.673  -7.958 0.3000000119
39237  16.790  -54.635  -8.331 0.4000000060
41345  16.605  -53.279  -8.149 0.4000000060
138202  17.179  -52.924  -8.352 0.4000000060
39236  17.129  -54.477  -8.551 0.4000000060
40298  18.000  -53.470  -8.618 0.4000000060
38041  17.661  -54.883  -7.315 0.4000000060
39183  16.824  -54.127  -7.616 0.5000000000
41322  16.386  -53.029  -7.996 0.4000000060
151183  17.297  -51.965  -8.136 0.4000000060
40297  18.912  -53.238  -8.693 0.3000000119
42367  18.045  -51.266  -8.181 0.3000000119
29201  21.132  -63.902  -13.304 0.6999999881
26031  19.476  -66.348  -12.709 0.8000000119
141535  20.332  -62.500  -11.415 0.6000000238
28045  19.015  -64.752  -12.486 0.6999999881
30327  19.893  -63.274  -11.806 0.6999999881
32567  23.193  -60.314  -12.050 0.6000000238
27984  19.295  -65.056  -9.174 0.4000000060
27997  18.333  -64.835  -9.654 0.4000000060
28028  16.912  -64.251  -11.267 0.6999999881
29170  16.896  -63.554  -11.418 0.6999999881
30307  19.292  -62.580  -11.364 0.6999999881
27977  20.761  -64.770  -7.877 0.5000000000
30309  16.993  -62.593  -11.419 0.5000000000
30284  16.339  -62.494  -9.773 0.4000000060
32553  18.773  -60.170  -10.725 0.6000000238
34798  20.057  -58.752  -10.633 0.5000000000
34799  19.399  -58.346  -10.460 0.6000000238
32519  17.782  -60.060  -8.317 0.3000000119
35814  16.524  -57.437  -9.307 0.4000000060
30235  21.911  -62.072  -4.412 0.4000000060
36896  16.510  -56.516  -8.639 0.3000000119
130625  16.646  -55.962  -8.428 0.3000000119
39215  16.608  -54.270  -8.059 0.3000000119
145370  18.989  -52.546  -8.567 0.3000000119
22056  22.360  -69.938  -17.584 0.6000000238
145708  22.650  -70.484  -18.347 0.6000000238
129953  23.749  -70.906  -16.266 0.6000000238
127839  23.633  -70.312  -14.573 0.6000000238
21024  20.939  -71.450  -16.453 0.5000000000
21007  21.442  -70.855  -16.198 0.6000000238
23048  21.518  -69.555  -15.124 0.6999999881
23064  21.804  -69.727  -16.263 0.6999999881
21023  21.792  -71.080  -17.535 0.6000000238
23080  22.952  -69.003  -17.921 0.6000000238
23086  23.462  -69.323  -18.036 0.6000000238
23079  23.944  -69.008  -17.319 0.6000000238
146000  23.866  -69.231  -16.291 0.6000000238
126375  23.732  -70.137  -15.644 0.6000000238
23047  23.718  -69.409  -14.935 0.6000000238
23026  23.841  -69.180  -12.997 0.6999999881
20994  20.165  -71.304  -14.669 0.6000000238
22008  20.233  -70.712  -13.391 0.6999999881
21008  20.425  -71.400  -15.521 0.5000000000
138383  20.555  -70.864  -14.161 0.6999999881
22039  20.957  -71.054  -15.075 0.6999999881
134716  21.862  -68.648  -16.091 0.6999999881
23081  22.485  -68.703  -17.235 0.6999999881
24122  23.404  -68.563  -17.701 0.5000000000
127424  23.744  -68.609  -14.829 0.6000000238
24066  23.793  -68.303  -13.296 0.6000000238
25056  24.013  -67.549  -12.606 0.6999999881
127217  24.658  -68.021  -11.246 0.6999999881
25026  24.828  -67.349  -10.736 0.6999999881
26947  30.748  -65.592  -7.212 0.4000000060
136144  27.817  -65.086  -6.158 0.5000000000
26962  26.701  -65.439  -6.978 0.6000000238
146347  25.917  -66.355  -8.328 0.6000000238
26006  24.986  -66.659  -10.180 0.6999999881
20973  17.134  -71.445  -12.196 0.5000000000
20972  18.002  -71.500  -12.371 0.5000000000
22010  19.252  -71.060  -12.211 0.6000000238
20984  18.157  -71.389  -13.248 0.5000000000
22009  19.968  -70.418  -12.595 0.6999999881
20970  19.502  -71.146  -13.072 0.5000000000
20982  19.810  -71.226  -13.888 0.6000000238
23027  20.411  -69.494  -12.787 0.6999999881
23049  21.222  -69.517  -14.208 0.6999999881
24092  21.477  -68.575  -14.854 0.6999999881
24119  22.921  -68.022  -17.482 0.6999999881
126374  23.829  -68.558  -15.797 0.6000000238
24079  23.717  -68.110  -14.288 0.6000000238
25057  23.715  -67.451  -13.714 0.6999999881
25044  24.409  -67.168  -11.637 0.6999999881
27006  24.758  -65.873  -10.355 0.6999999881
137923  25.534  -66.166  -8.890 0.6000000238
26992  25.306  -65.275  -8.978 0.6000000238
21972  16.766  -71.068  -9.152 0.5000000000
20942  15.745  -71.112  -10.404 0.4000000060
20940  17.460  -71.444  -10.677 0.5000000000
20928  16.270  -71.213  -9.777 0.5000000000
20957  17.739  -71.506  -11.536 0.5000000000
21983  18.550  -70.674  -10.416 0.6000000238
21995  18.958  -70.792  -11.316 0.6000000238
24068  19.666  -68.279  -12.057 0.6999999881
21994  19.510  -70.400  -11.882 0.6000000238
24067  20.200  -68.721  -12.541 0.6999999881
24093  21.125  -68.001  -14.143 0.6999999881
24120  22.437  -67.636  -16.832 0.6999999881
25109  23.512  -67.437  -17.050 0.6999999881
24110  23.788  -67.737  -16.502 0.6999999881
25096  23.689  -67.244  -15.758 0.6999999881
26049  23.586  -66.555  -14.319 0.6999999881
151036  23.826  -66.290  -12.875 0.8000000119
27018  24.461  -65.596  -11.075 0.6999999881
27974  26.397  -64.528  -6.971 0.5000000000
133430  25.603  -64.947  -8.191 0.6000000238
26993  24.864  -65.247  -9.843 0.6000000238
21961  15.417  -70.337  -8.571 0.4000000060
150851  17.949  -70.581  -8.782 0.6000000238
21984  17.938  -71.147  -10.085 0.6000000238
21970  18.318  -70.490  -9.476 0.6000000238
23014  19.019  -69.239  -10.785 0.6000000238
24049  18.767  -68.268  -10.948 0.6000000238
25059  19.383  -67.200  -12.274 0.6999999881
25058  20.142  -67.836  -12.765 0.6999999881
134408  21.015  -67.014  -14.439 0.6999999881
25097  21.445  -67.455  -15.139 0.6999999881
26071  21.491  -66.460  -15.296 0.8000000119
26086  22.250  -66.252  -16.020 0.8000000119
27072  23.121  -65.832  -15.813 0.6000000238
138955  23.465  -65.771  -14.545 0.6000000238
132396  24.043  -65.071  -11.932 0.8000000119
26017  24.246  -66.141  -11.736 0.6999999881
29123  27.433  -63.491  -5.913 0.5000000000
29129  26.168  -63.637  -6.999 0.6000000238
29145  24.928  -63.822  -9.023 0.6999999881
128870  26.489  -63.286  -6.608 0.6000000238
21946  16.956  -70.374  -7.843 0.5000000000
140331  16.604  -69.735  -7.292 0.4000000060
23983  15.438  -68.599  -7.142 0.4000000060
21945  17.914  -70.307  -8.056 0.5000000000
21959  17.283  -70.720  -8.573 0.5000000000
22988  18.803  -69.652  -9.186 0.6000000238
24031  18.862  -68.664  -10.358 0.6000000238
25027  18.654  -67.728  -10.569 0.6000000238
25060  18.702  -67.040  -11.639 0.6999999881
25077  20.611  -67.455  -13.569 0.8000000119
27064  20.817  -65.698  -14.183 0.8000000119
27074  21.896  -65.699  -15.405 0.6000000238
28072  23.123  -64.658  -14.725 0.6000000238
27036  23.610  -64.847  -13.181 0.6999999881
28042  23.764  -64.104  -12.554 0.6999999881
29154  24.369  -63.057  -10.552 0.6999999881
29130  25.621  -63.185  -7.593 0.6000000238
29138  24.728  -62.995  -9.004 0.6000000238
30275  24.730  -62.234  -8.675 0.6000000238
30269  26.129  -62.735  -6.873 0.6000000238
30274  25.111  -62.686  -8.199 0.6000000238
23982  18.841  -69.074  -6.934 0.5000000000
22948  17.150  -69.186  -6.731 0.5000000000
23964  16.814  -68.278  -6.463 0.5000000000
23965  15.949  -67.947  -6.645 0.5000000000
23997  19.537  -68.847  -8.117 0.5000000000
22970  18.443  -69.684  -7.539 0.5000000000
25014  19.160  -68.135  -9.527 0.6000000238
28075  21.036  -64.876  -14.081 0.6999999881
29200  21.925  -63.704  -13.787 0.6000000238
29210  22.991  -63.980  -14.307 0.6000000238
29198  23.155  -63.435  -13.666 0.6000000238
29182  23.833  -63.342  -12.238 0.6999999881
137709  23.569  -62.810  -12.640 0.6000000238
29167  24.145  -63.223  -11.421 0.6000000238
131891  24.512  -62.823  -9.811 0.6999999881
30260  26.567  -62.003  -6.374 0.5000000000
31356  25.343  -61.437  -7.479 0.4000000060
23961  19.316  -68.421  -6.636 0.5000000000
24968  18.226  -67.673  -5.981 0.5000000000
24954  17.720  -66.597  -5.521 0.5000000000
26934  16.288  -65.750  -5.256 0.5000000000
25935  16.133  -66.020  -4.641 0.5000000000
25925  15.819  -66.700  -4.342 0.5000000000
30324  22.716  -62.370  -12.833 0.6000000238
30323  23.423  -62.213  -12.580 0.6000000238
31425  23.755  -61.881  -12.181 0.4000000060
150261  24.329  -61.598  -10.252 0.5000000000
31386  24.371  -61.164  -9.641 0.4000000060
31366  24.779  -60.907  -8.054 0.4000000060
31376  24.575  -61.497  -8.767 0.5000000000
24966  19.937  -67.773  -6.379 0.6000000238
24953  18.761  -66.842  -5.428 0.5000000000
26935  16.536  -65.830  -4.904 0.5000000000
149846  16.474  -66.544  -4.139 0.5000000000
24945  15.595  -67.731  -4.230 0.5000000000
22918  15.664  -69.668  -3.917 0.4000000060
21907  15.387  -70.163  -4.132 0.5000000000
20859  14.969  -71.281  -3.584 0.4000000060
20851  14.607  -71.538  -2.794 0.4000000060
19809  13.386  -72.594  -4.046 0.4000000060
142437  23.400  -61.565  -12.327 0.6000000238
32565  24.051  -60.182  -11.752 0.4000000060
32539  24.288  -60.289  -9.847 0.4000000060
32525  24.569  -60.161  -8.393 0.4000000060
149483  19.357  -66.769  -5.306 0.5000000000
25946  17.972  -66.133  -4.913 0.4000000060
138952  16.860  -66.151  -4.338 0.4000000060
25924  17.107  -66.838  -3.652 0.5000000000
23918  16.837  -68.822  -2.243 0.4000000060
22917  16.130  -69.531  -3.274 0.5000000000
22887  15.931  -69.823  -1.696 0.4000000060
21879  15.313  -70.426  -1.809 0.5000000000
22904  15.895  -70.210  -2.680 0.5000000000
22888  14.396  -70.195  -1.284 0.3000000119
21880  14.135  -71.432  -2.185 0.3000000119
21881  12.970  -70.883  -1.615 0.3000000119
33723  24.085  -59.291  -11.709 0.4000000060
25945  19.095  -66.405  -4.760 0.5000000000
25933  18.285  -66.191  -4.272 0.5000000000
24937  17.726  -67.147  -3.062 0.4000000060
25932  20.185  -66.267  -4.537 0.4000000060
126613  19.248  -66.153  -4.031 0.4000000060
25922  18.762  -66.386  -3.368 0.4000000060
24914  18.311  -67.286  -1.891 0.4000000060
26932  20.934  -65.803  -4.258 0.4000000060
25921  19.630  -66.144  -3.333 0.4000000060
134011  19.280  -66.348  -2.651 0.4000000060
26922  20.815  -65.585  -3.444 0.4000000060
25910  19.249  -66.395  -1.803 0.4000000060
24904  18.080  -67.215  -1.097 0.4000000060
24905  17.371  -67.569  -0.826 0.4000000060
26910  19.893  -65.981  -2.333 0.4000000060
26921  21.489  -65.205  -4.017 0.3000000119
26900  19.633  -65.867  -1.181 0.4000000060
25892  18.421  -66.569  -0.788 0.4000000060
25893  17.568  -66.723  -0.515 0.4000000060
143624  21.768  -64.596  -3.562 0.4000000060
25895  15.814  -66.524  -0.380 0.4000000060
26892  16.161  -65.565  -0.412 0.4000000060
136895  21.798  -64.318  -2.839 0.3000000119
27923  21.390  -64.605  -2.073 0.4000000060
26889  20.178  -65.170  -0.832 0.4000000060
131885  19.385  -65.265  -0.426 0.4000000060
140294  18.070  -65.997  -0.378 0.4000000060
143584  16.933  -65.663  -0.325 0.4000000060
138894  17.541  -65.278  -0.239 0.3000000119
29199  22.715  -63.488  -13.825 0.6000000238
126241  18.931  -69.542  -8.310 0.5000000000
31426  23.056  -61.726  -12.558 0.6000000238
33705  24.285  -59.790  -10.978 0.4000000060
130581  23.847  -70.693  -17.677 0.6000000238
130679  24.362  -67.975  -11.900 0.6999999881
27964  28.680  -64.903  -5.933 0.5000000000
27965  27.752  -64.284  -5.911 0.5000000000
26951  27.444  -65.632  -6.541 0.5000000000
27966  27.107  -64.817  -6.438 0.4000000060
26963  26.076  -65.155  -7.596 0.6000000238
20958  16.705  -71.448  -11.371 0.5000000000
26089  22.687  -66.811  -16.626 0.6999999881
27982  25.281  -64.382  -8.608 0.6000000238
23013  19.346  -69.858  -11.321 0.6000000238
136632  23.570  -66.653  -15.412 0.6999999881
131848  23.623  -65.873  -13.542 0.8000000119
27996  24.615  -64.561  -10.211 0.6999999881
21947  16.046  -70.179  -7.859 0.4000000060
27073  22.680  -65.708  -15.700 0.6000000238
27062  23.245  -65.483  -15.175 0.6000000238
28027  24.098  -64.085  -11.635 0.6999999881
28010  24.401  -64.751  -11.017 0.6999999881
30247  27.723  -62.828  -5.682 0.5000000000
29111  28.197  -63.519  -5.619 0.5000000000
29146  24.615  -63.675  -9.800 0.6999999881
29137  25.227  -63.543  -8.350 0.6000000238
28073  22.761  -64.508  -14.731 0.6999999881
28057  23.276  -64.217  -14.030 0.6999999881
28043  23.491  -63.925  -13.357 0.6999999881
30295  24.358  -62.272  -10.379 0.6000000238
142991  25.718  -61.113  -6.972 0.6000000238
23963  17.694  -68.480  -6.390 0.5000000000
24969  17.333  -67.464  -6.075 0.5000000000
25961  16.098  -66.182  -6.024 0.4000000060
30336  22.922  -62.868  -13.317 0.6000000238
30305  24.188  -62.399  -11.247 0.6000000238
20860  14.191  -72.022  -3.640 0.3000000119
32550  24.247  -60.798  -10.814 0.5000000000
33678  24.316  -59.841  -9.039 0.4000000060
23931  16.609  -68.774  -3.076 0.5000000000
145546  14.644  -70.978  -2.004 0.4000000060
20852  13.935  -71.988  -2.695 0.4000000060
26908  21.316  -65.053  -2.936 0.4000000060
26899  20.401  -65.447  -1.677 0.4000000060
133185  32.203  -76.105  -14.334 0.3000000119
137820  31.693  -74.943  -14.762 0.3000000119
20916  29.124  -71.239  -8.194 0.4000000060
22998  30.680  -69.665  -10.426 0.4000000060
20935  30.193  -71.158  -10.347 0.4000000060
20952  30.191  -70.962  -11.120 0.4000000060
22964  29.314  -69.262  -7.512 0.4000000060
21941  28.320  -70.349  -7.517 0.4000000060
128559  27.725  -69.865  -7.449 0.4000000060
126803  26.845  -70.020  -7.559 0.5000000000
21956  25.391  -70.662  -8.180 0.5000000000
21969  25.015  -70.424  -9.034 0.5000000000
24009  31.096  -68.482  -9.180 0.4000000060
21953  30.287  -69.868  -8.491 0.5000000000
21955  28.842  -70.792  -7.753 0.5000000000
138669  24.116  -71.396  -9.969 0.5000000000
127047  30.949  -69.099  -9.744 0.5000000000
143852  30.601  -70.003  -9.434 0.5000000000
24028  30.769  -68.796  -10.646 0.5000000000
21992  30.421  -70.153  -11.117 0.4000000060
23011  30.163  -69.860  -11.820 0.4000000060
20953  29.908  -70.913  -11.828 0.4000000060
20967  29.561  -71.082  -12.512 0.4000000060
19906  28.736  -72.963  -13.394 0.3000000119
18861  28.711  -73.627  -13.829 0.4000000060
24982  30.571  -67.361  -7.622 0.4000000060
24984  29.032  -67.825  -7.068 0.4000000060
24985  28.075  -67.837  -7.149 0.4000000060
24999  30.883  -67.769  -8.175 0.4000000060
23976  30.352  -68.295  -7.747 0.4000000060
23977  29.577  -68.474  -7.400 0.4000000060
131137  27.935  -69.176  -7.393 0.4000000060
23978  27.622  -68.511  -7.428 0.5000000000
22967  26.324  -69.266  -8.047 0.5000000000
25011  31.220  -67.718  -9.407 0.4000000060
23994  30.791  -68.490  -8.429 0.4000000060
22980  29.827  -69.656  -7.873 0.4000000060
23979  26.838  -68.458  -7.791 0.5000000000
133451  25.357  -69.585  -9.268 0.5000000000
22987  24.973  -69.837  -9.945 0.5000000000
23000  24.543  -70.154  -10.849 0.6000000238
22006  24.257  -70.067  -11.812 0.6000000238
20954  24.122  -70.811  -11.515 0.6000000238
25025  25.268  -67.465  -9.970 0.6000000238
24029  25.092  -68.296  -10.476 0.6000000238
20968  23.891  -70.700  -12.338 0.5000000000
21993  29.838  -70.383  -12.223 0.4000000060
128406  23.689  -69.933  -13.694 0.5000000000
20979  29.100  -71.232  -13.533 0.4000000060
131015  28.713  -72.163  -13.985 0.4000000060
24965  28.457  -67.107  -6.838 0.4000000060
25972  27.555  -67.062  -7.089 0.5000000000
25000  26.561  -67.651  -7.981 0.5000000000
25001  26.033  -67.558  -8.590 0.5000000000
133676  25.316  -69.014  -9.851 0.5000000000
25987  25.769  -66.881  -8.769 0.5000000000
22999  24.897  -69.236  -10.610 0.6000000238
25996  25.394  -66.778  -9.457 0.6000000238
25012  25.618  -67.498  -9.228 0.6000000238
144745  32.433  -77.919  -14.265 0.3000000119
16910  32.338  -74.703  -15.100 0.3000000119
18897  29.390  -72.552  -16.462 0.3000000119
130514  31.035  -67.085  -8.058 0.4000000060
25970  30.838  -66.454  -7.584 0.4000000060
25955  30.371  -66.169  -6.970 0.4000000060
24964  29.386  -67.041  -6.843 0.4000000060
25957  28.822  -66.388  -6.517 0.4000000060
25973  26.811  -66.965  -7.534 0.5000000000
139266  27.900  -66.388  -6.638 0.4000000060
26979  26.365  -66.119  -7.660 0.5000000000
23025  24.225  -69.306  -12.134 0.6000000238
142261  23.739  -70.582  -13.074 0.5000000000
25956  29.723  -66.301  -6.650 0.4000000060
22965  28.522  -69.574  -7.439 0.4000000060
20937  24.240  -71.037  -10.721 0.5000000000
18886  28.787  -72.578  -16.138 0.3000000119
25971  30.201  -66.853  -7.080 0.4000000060
24986  27.215  -67.738  -7.498 0.5000000000
23995  26.240  -68.328  -8.407 0.5000000000
150565  25.807  -68.098  -8.956 0.6000000238
36914  16.792  -56.627  -9.239 0.3000000119
15964  32.554  -76.956  -14.287 0.3000000119
19802  13.451  -72.562  -3.168 0.4000000060
19896  29.865  -71.692  -10.748 0.4000000060
19938  28.979  -72.022  -16.676 0.3000000119
19939  28.644  -71.815  -16.450 0.3000000119
20841  13.535  -71.581  -1.997 0.3000000119
20853  13.245  -72.286  -2.347 0.4000000060
20927  17.155  -71.327  -9.868 0.5000000000
20936  29.867  -71.632  -9.871 0.4000000060
20939  18.243  -71.290  -10.946 0.5000000000
20941  16.550  -71.388  -10.494 0.5000000000
20956  18.517  -71.355  -11.831 0.6000000238
20959  16.004  -71.291  -10.987 0.5000000000
20971  18.756  -71.363  -12.711 0.5000000000
20983  18.959  -71.407  -13.704 0.5000000000
21020  29.280  -71.656  -16.816 0.3000000119
21895  15.272  -70.947  -2.697 0.5000000000
21900  15.529  -70.482  -3.561 0.5000000000
21940  29.117  -70.052  -7.627 0.4000000060
21942  27.449  -70.742  -7.476 0.4000000060
21954  29.610  -70.517  -8.185 0.4000000060
21958  18.421  -70.130  -8.637 0.5000000000
21960  16.379  -70.656  -8.489 0.5000000000
21971  17.611  -70.962  -9.297 0.6000000238
21981  30.461  -70.496  -10.344 0.4000000060
21982  24.543  -70.676  -9.925 0.5000000000
22007  23.939  -69.981  -12.662 0.5000000000
22032  23.602  -71.016  -14.970 0.6000000238
22033  21.405  -70.348  -15.342 0.6999999881
22034  21.171  -70.290  -14.524 0.6999999881
22054  23.901  -69.888  -17.010 0.6000000238
22055  23.136  -69.817  -18.354 0.6000000238
22886  16.385  -69.482  -2.466 0.4000000060
22947  18.031  -69.233  -6.766 0.5000000000
22949  16.267  -68.947  -6.864 0.4000000060
22963  29.943  -68.985  -7.696 0.4000000060
22966  27.194  -69.223  -7.569 0.5000000000
22968  26.021  -70.239  -7.847 0.5000000000
22969  19.116  -69.255  -7.605 0.5000000000
22971  17.522  -69.840  -7.300 0.5000000000
22972  15.761  -69.469  -7.441 0.4000000060
22979  30.363  -69.104  -8.123 0.4000000060
22981  25.633  -69.834  -8.517 0.5000000000
22986  30.758  -69.204  -8.842 0.4000000060
23001  18.798  -69.702  -10.083 0.6000000238
23012  24.545  -69.364  -11.357 0.6000000238
23024  29.767  -69.681  -12.529 0.4000000060
23028  19.837  -69.455  -12.030 0.6000000238
23039  23.674  -68.944  -13.965 0.6000000238
23040  20.830  -69.478  -13.472 0.6999999881
23063  23.937  -68.486  -16.800 0.6000000238
23085  23.693  -68.917  -17.774 0.6000000238
23932  16.005  -68.732  -3.748 0.4000000060
23960  19.952  -68.266  -6.985 0.6000000238
23962  18.532  -68.516  -6.447 0.5000000000
23981  19.514  -68.727  -7.305 0.6999999881
23993  31.114  -67.973  -8.751 0.4000000060
23998  19.278  -68.911  -8.959 0.5000000000
24010  25.505  -68.214  -9.599 0.6000000238
24011  18.968  -68.907  -9.723 0.6000000238
24030  24.735  -68.710  -11.075 0.6000000238
24047  24.463  -68.645  -11.678 0.6999999881
24048  19.298  -68.802  -11.393 0.6999999881
24065  24.131  -68.498  -12.405 0.6999999881
24080  20.679  -68.553  -13.270 0.6999999881
24091  23.767  -67.919  -15.335 0.6000000238
24118  23.733  -68.246  -17.363 0.5000000000
24938  16.474  -67.593  -3.715 0.5000000000
24952  20.355  -67.112  -5.975 0.6000000238
24967  19.077  -67.803  -6.056 0.6000000238
24970  16.475  -67.152  -6.274 0.4000000060
24971  15.652  -66.768  -6.474 0.5000000000
24983  29.916  -67.665  -7.238 0.4000000060
25045  19.026  -67.803  -11.523 0.6999999881
25107  23.508  -66.865  -16.308 0.6999999881
25108  21.902  -66.976  -16.131 0.8000000119
25110  23.121  -67.377  -17.152 0.6999999881
25111  23.369  -67.929  -17.383 0.5000000000
25891  19.003  -66.365  -1.120 0.4000000060
25901  18.654  -66.791  -1.465 0.4000000060
25911  18.798  -66.725  -2.319 0.4000000060
25923  17.746  -66.375  -3.776 0.4000000060
25934  17.318  -66.043  -4.621 0.5000000000
25944  20.770  -66.516  -5.545 0.5000000000
25947  16.968  -65.891  -5.161 0.5000000000
25958  27.071  -66.290  -7.003 0.5000000000
25960  16.833  -66.427  -5.755 0.4000000060
25974  20.913  -67.030  -7.083 0.6000000238
25984  31.186  -67.318  -8.703 0.4000000060
25986  26.254  -66.919  -8.154 0.5000000000
25988  20.365  -66.456  -8.417 0.5000000000
25989  19.738  -66.503  -9.057 0.4000000060
25997  19.029  -66.497  -9.676 0.6000000238
25999  17.848  -65.889  -10.742 0.6000000238
26007  24.610  -66.470  -10.942 0.6999999881
26018  18.221  -66.537  -11.320 0.6999999881
26029  24.034  -66.636  -12.397 0.6999999881
26030  23.772  -66.745  -13.193 0.6999999881
26033  17.969  -65.752  -11.607 0.8000000119
26050  20.579  -66.511  -13.860 0.8000000119
26070  23.473  -66.074  -15.117 0.6999999881
26072  21.032  -66.295  -14.543 0.8000000119
26085  23.360  -66.188  -15.739 0.6999999881
26087  23.245  -66.359  -16.215 0.6000000238
26088  22.948  -66.247  -16.265 0.6999999881
26890  18.879  -65.946  -0.591 0.4000000060
26891  17.390  -66.011  -0.327 0.4000000060
26909  20.619  -65.517  -2.590 0.4000000060
26923  20.229  -65.844  -3.094 0.4000000060
26933  20.255  -65.945  -3.774 0.4000000060
26941  21.688  -65.412  -5.411 0.5000000000
26942  21.186  -65.991  -5.066 0.5000000000
26950  28.292  -65.694  -6.286 0.5000000000
26965  21.192  -65.570  -7.451 0.5000000000
26980  25.770  -65.677  -8.241 0.6000000238
26994  19.395  -65.875  -9.324 0.4000000060
27005  25.153  -65.999  -9.632 0.6000000238
27019  17.469  -65.279  -11.256 0.8000000119
27035  23.881  -65.829  -12.567 0.8000000119
27052  23.375  -65.062  -14.299 0.6000000238
27063  21.539  -65.257  -14.725 0.6999999881
27902  18.509  -65.266  -0.225 0.4000000060
27915  20.871  -64.838  -1.297 0.4000000060
27924  20.973  -65.140  -2.092 0.4000000060
27941  21.815  -65.043  -4.853 0.4000000060
27967  21.727  -64.699  -6.441 0.5000000000
27975  25.716  -64.207  -7.709 0.6000000238
27983  20.099  -64.875  -8.543 0.5000000000
27985  18.016  -64.056  -9.479 0.4000000060
27995  24.917  -64.499  -9.408 0.6999999881
27998  17.188  -64.694  -10.606 0.6000000238
27999  16.862  -63.998  -10.336 0.5000000000
28011  17.040  -64.825  -11.025 0.6999999881
28046  18.179  -64.727  -12.087 0.8000000119
28047  17.544  -64.289  -11.695 0.6999999881
28058  21.311  -64.275  -13.801 0.6999999881
28060  19.826  -65.070  -13.054 0.8000000119
28074  21.931  -64.438  -14.466 0.6000000238
28083  22.966  -65.167  -15.265 0.6000000238
28084  22.361  -65.083  -15.108 0.6000000238
29098  22.032  -63.124  -4.303 0.4000000060
29124  26.828  -63.864  -6.371 0.5000000000
29132  20.834  -63.852  -7.475 0.4000000060
29141  18.548  -63.505  -8.963 0.4000000060
29143  17.024  -63.008  -9.499 0.3000000119
29147  16.536  -63.288  -10.045 0.5000000000
29155  16.414  -63.492  -10.652 0.5000000000
29169  17.718  -63.459  -11.650 0.6999999881
29183  23.506  -63.358  -12.983 0.6999999881
29186  19.359  -63.985  -12.289 0.6999999881
29211  22.528  -63.982  -14.282 0.6999999881
30259  26.894  -62.906  -6.211 0.6000000238
30261  25.876  -61.803  -6.927 0.6000000238
30270  25.493  -62.288  -7.522 0.6000000238
30271  20.752  -62.504  -6.884 0.4000000060
30276  19.402  -62.329  -8.067 0.3000000119
30283  24.490  -62.092  -9.468 0.6000000238
30285  15.866  -61.908  -9.996 0.4000000060
30297  15.910  -61.821  -10.496 0.4000000060
30310  16.036  -62.430  -10.894 0.5000000000
30322  23.883  -62.489  -12.097 0.6000000238
30335  23.217  -62.768  -13.086 0.6000000238
30337  22.348  -63.035  -13.261 0.6000000238
31367  20.373  -61.766  -7.115 0.4000000060
31375  24.941  -61.854  -8.084 0.6000000238
31377  18.577  -61.700  -8.313 0.4000000060
31378  16.966  -61.373  -8.930 0.4000000060
31379  16.244  -60.902  -9.378 0.4000000060
31380  15.874  -61.191  -9.850 0.4000000060
31399  24.223  -61.624  -11.081 0.5000000000
31400  15.876  -61.227  -10.311 0.4000000060
31410  24.016  -61.717  -11.867 0.4000000060
31417  16.128  -61.486  -10.951 0.5000000000
31418  15.980  -61.375  -10.651 0.4000000060
32501  20.832  -60.467  -6.583 0.3000000119
32514  25.343  -60.631  -7.333 0.4000000060
32516  20.327  -60.482  -7.172 0.4000000060
32529  15.964  -60.559  -9.732 0.4000000060
32556  15.955  -60.859  -10.364 0.4000000060
32571  17.193  -60.913  -11.049 0.4000000060
32572  16.402  -60.953  -10.908 0.5000000000
32582  23.763  -61.208  -12.092 0.6000000238
32583  23.523  -60.862  -12.119 0.6000000238
33667  20.137  -59.176  -7.351 0.4000000060
33670  16.350  -59.182  -8.863 0.4000000060
33693  15.994  -60.016  -9.766 0.4000000060
33709  17.187  -59.508  -10.526 0.5000000000
33711  15.973  -60.215  -10.070 0.4000000060
33725  23.198  -59.439  -11.953 0.6000000238
33726  22.337  -59.244  -11.635 0.5000000000
33728  16.175  -60.521  -10.463 0.4000000060
34754  19.556  -58.519  -7.492 0.3000000119
34769  16.162  -58.469  -8.956 0.3000000119
34815  24.116  -58.467  -11.595 0.5000000000
35813  17.329  -57.274  -9.660 0.4000000060
35815  16.256  -57.717  -9.081 0.3000000119
35827  21.021  -57.257  -10.609 0.4000000060
35828  20.229  -57.279  -10.304 0.5000000000
35830  17.894  -57.914  -10.068 0.5000000000
35843  22.384  -57.964  -11.589 0.5000000000
36871  17.002  -56.166  -7.836 0.3000000119
36944  23.048  -56.812  -11.605 0.5000000000
38042  17.000  -55.276  -7.713 0.3000000119
38055  16.667  -55.608  -8.078 0.3000000119
38067  16.739  -55.220  -8.293 0.3000000119
38088  17.174  -55.801  -9.122 0.3000000119
39214  17.840  -54.258  -8.767 0.4000000060
40267  16.795  -53.530  -7.512 0.5000000000
40280  16.474  -53.730  -7.946 0.3000000119
40299  17.203  -53.730  -8.457 0.4000000060
40300  16.475  -53.588  -8.017 0.3000000119
40318  16.752  -53.990  -8.252 0.4000000060
41343  18.115  -52.650  -8.499 0.4000000060
41344  16.595  -52.666  -8.060 0.4000000060
125634  29.685  -71.644  -11.709 0.4000000060
125715  18.989  -70.094  -10.749 0.6000000238
126015  25.707  -68.887  -8.939 0.5000000000
126470  16.314  -62.939  -11.179 0.6000000238
128367  23.218  -66.836  -16.668 0.6999999881
129883  16.950  -55.210  -8.629 0.4000000060
129910  17.016  -57.680  -8.193 0.3000000119
130580  23.686  -67.315  -14.803 0.6999999881
130689  24.390  -63.905  -10.762 0.6999999881
130941  21.121  -68.841  -13.936 0.6999999881
130957  16.168  -63.041  -10.937 0.6000000238
131508  17.084  -54.605  -7.547 0.4000000060
131819  19.798  -66.112  -3.924 0.4000000060
132035  17.621  -58.949  -10.414 0.5000000000
132612  20.422  -65.214  -13.623 0.8000000119
135072  16.224  -62.164  -11.130 0.5000000000
135639  20.827  -70.190  -13.750 0.6999999881
135645  21.325  -65.876  -14.863 0.8000000119
135904  24.422  -60.654  -8.918 0.4000000060
136480  13.847  -70.899  -1.682 0.3000000119
136712  24.051  -60.976  -11.795 0.4000000060
136831  23.329  -58.008  -11.839 0.5000000000
136946  17.784  -61.343  -8.552 0.3000000119
136966  24.616  -65.216  -10.498 0.6999999881
137807  16.762  -66.278  -0.324 0.4000000060
138983  23.819  -60.629  -12.007 0.4000000060
139628  18.458  -51.898  -8.391 0.3000000119
139666  17.455  -64.488  -10.018 0.5000000000
139747  24.150  -57.805  -11.482 0.5000000000
139978  16.391  -65.920  -5.545 0.5000000000
141297  15.001  -66.802  -4.634 0.5000000000
141509  16.358  -57.105  -8.827 0.3000000119
141693  17.292  -64.750  -11.422 0.6999999881
142368  21.781  -67.822  -15.873 0.6999999881
144181  15.359  -69.842  -7.953 0.4000000060
144696  16.360  -58.105  -9.373 0.4000000060
145529  30.135  -70.466  -11.621 0.4000000060
145589  20.681  -61.842  -11.150 0.6000000238
146242  23.081  -62.282  -12.845 0.6000000238
147064  28.604  -68.681  -7.292 0.4000000060
147949  15.866  -70.011  -3.399 0.5000000000
148274  20.146  -67.696  -8.272 0.6999999881
148596  19.601  -61.094  -7.586 0.4000000060
148864  18.468  -69.958  -8.129 0.5000000000
148874  23.252  -61.308  -12.304 0.6000000238
149028  20.957  -71.268  -15.712 0.5000000000
149035  16.414  -53.244  -7.883 0.4000000060
149834  23.204  -61.931  -12.586 0.6000000238
149906  20.514  -70.093  -13.143 0.6999999881
150947  28.183  -70.992  -7.564 0.5000000000
