#!ascii label  , from subject sub-08 vox2ras=TkReg
1724
36790  25.105  -56.411  -0.911 0.8999999762
36791  24.794  -56.992  -1.540 0.8000000119
36804  25.260  -56.305  -1.799 0.8000000119
35718  24.387  -57.158  -2.945 0.6999999881
36818  24.043  -56.739  -3.699 0.8000000119
37948  24.849  -56.088  -0.280 0.8999999762
39095  26.092  -55.063  -1.683 1.0000000000
39111  25.888  -54.824  -2.523 1.0000000000
37992  25.337  -55.304  -2.967 0.8999999762
37993  24.764  -55.704  -3.399 0.8000000119
38004  24.295  -55.301  -4.155 0.8000000119
140051  24.888  -55.035  -3.591 0.8999999762
36830  23.691  -56.121  -4.467 0.8000000119
36846  23.077  -55.815  -5.274 0.6999999881
36847  22.491  -56.277  -5.681 0.6999999881
126408  23.928  -55.452  0.441 0.8000000119
37935  24.765  -55.557  0.140 0.8999999762
39065  24.693  -54.787  0.409 0.8999999762
39068  22.226  -54.891  0.367 0.8999999762
39094  26.407  -54.465  -1.219 0.8999999762
39110  26.438  -54.356  -2.081 1.0000000000
39124  25.403  -54.433  -3.400 0.8999999762
40206  25.611  -53.494  -3.588 1.0000000000
40207  25.072  -53.825  -4.020 0.8999999762
40222  24.476  -53.733  -4.502 0.8999999762
38005  23.591  -55.197  -4.902 0.8000000119
136071  22.467  -55.487  -5.820 0.6999999881
39078  26.153  -53.955  0.095 0.8999999762
40145  25.557  -53.645  0.465 0.8999999762
39066  23.889  -54.467  0.595 0.8999999762
40147  22.870  -54.074  0.496 0.8999999762
40148  21.963  -54.071  0.207 0.8999999762
146921  25.860  -54.584  -0.085 0.8999999762
40194  26.121  -54.007  -2.879 1.0000000000
39138  24.051  -54.470  -4.666 0.8000000119
39158  23.396  -54.393  -5.250 0.8000000119
39159  22.739  -54.307  -5.716 0.8000000119
40262  22.399  -53.638  -5.987 0.8000000119
40263  21.677  -53.706  -6.334 0.8000000119
40264  20.871  -53.795  -6.567 0.8000000119
40146  23.737  -53.562  0.658 0.8999999762
40158  22.143  -53.278  0.160 0.8999999762
40159  21.418  -53.639  -0.217 0.8999999762
40144  26.106  -53.142  0.420 0.8999999762
41195  22.640  -52.552  0.308 0.8999999762
41202  21.861  -52.417  -0.152 0.8000000119
40160  20.843  -53.162  -0.702 0.8000000119
139618  26.604  -53.881  -0.703 0.8999999762
42267  21.493  -51.625  -0.508 0.6999999881
41203  21.170  -52.418  -0.621 0.6999999881
41217  19.961  -52.488  -1.301 0.6999999881
40156  27.176  -53.249  -1.090 0.8999999762
42281  20.314  -51.843  -1.063 0.6999999881
42282  19.583  -51.799  -1.141 0.6999999881
41230  27.482  -52.595  -1.987 1.0000000000
42270  19.177  -50.999  -0.807 0.6000000238
40193  26.663  -53.560  -2.389 1.0000000000
41231  26.915  -52.687  -2.652 1.0000000000
40205  26.287  -53.156  -3.135 1.0000000000
40221  25.003  -52.960  -4.320 1.0000000000
41247  25.757  -52.618  -3.752 1.0000000000
41264  25.259  -51.871  -4.353 0.8999999762
138279  24.196  -52.971  -4.864 0.8000000119
40223  23.797  -53.674  -5.041 0.8000000119
137747  22.714  -52.902  -5.839 0.8000000119
41285  22.221  -52.267  -6.036 0.8000000119
149566  21.554  -52.471  -6.258 0.8000000119
41287  20.738  -52.284  -6.325 0.8000000119
41286  21.568  -51.796  -6.112 0.8000000119
149208  20.803  -51.392  -6.056 0.8000000119
41192  25.279  -52.904  0.663 0.8999999762
148134  25.375  -52.265  0.776 0.8999999762
134154  24.800  -52.209  0.840 0.8999999762
41194  23.464  -52.727  0.614 0.8999999762
149118  22.906  -51.454  0.331 0.8999999762
40157  26.725  -53.279  -0.163 0.8999999762
139596  20.869  -51.924  -0.857 0.6999999881
41200  27.285  -52.643  -0.430 0.8999999762
130202  21.325  -50.751  -0.595 0.6000000238
42269  20.049  -51.099  -0.895 0.6000000238
42280  27.815  -51.939  -1.753 1.0000000000
43259  18.719  -50.216  -0.562 0.5000000000
137773  27.414  -51.935  -2.507 1.0000000000
44244  18.341  -49.458  -0.434 0.5000000000
42292  26.782  -51.799  -3.233 1.0000000000
41246  26.381  -52.431  -3.337 1.0000000000
42299  26.358  -51.274  -3.714 1.0000000000
42314  24.647  -51.452  -4.753 0.8999999762
41266  23.513  -52.826  -5.372 0.8000000119
42327  24.064  -51.368  -5.141 0.8999999762
42328  23.297  -51.331  -5.489 0.8000000119
130018  22.986  -52.116  -5.673 0.8000000119
43311  23.729  -50.508  -5.275 0.8999999762
43312  22.837  -50.612  -5.561 0.8000000119
125232  23.096  -49.793  -5.404 0.8999999762
151090  22.151  -50.671  -5.696 0.8000000119
149762  20.924  -50.643  -5.788 0.8000000119
45242  20.885  -48.785  -5.436 0.8000000119
44299  19.752  -49.543  -5.603 0.8000000119
140365  23.125  -51.959  0.468 0.8999999762
41191  26.001  -52.308  0.672 0.8999999762
141637  26.319  -51.521  0.815 0.8999999762
137441  22.714  -50.950  0.178 0.6999999881
135993  22.031  -50.881  -0.291 0.8000000119
42265  27.862  -51.885  -0.744 0.8999999762
42256  27.132  -51.448  0.557 0.8999999762
43257  21.147  -50.066  -0.567 0.6999999881
44242  20.565  -49.539  -0.533 0.6000000238
43258  19.711  -50.152  -0.609 0.6000000238
44241  21.423  -49.424  -0.455 0.6999999881
44243  19.735  -49.176  -0.471 0.5000000000
42290  27.894  -51.233  -2.293 1.0000000000
45188  19.772  -48.354  -0.417 0.5000000000
149621  18.476  -48.156  -0.353 0.5000000000
43274  27.715  -50.508  -2.818 1.0000000000
42298  26.782  -51.097  -3.430 1.0000000000
134343  26.592  -49.916  -3.745 1.0000000000
42300  25.762  -51.014  -4.216 1.0000000000
43297  25.079  -50.297  -4.590 0.8999999762
44271  27.326  -49.815  -3.308 1.0000000000
131875  26.099  -49.292  -4.089 0.8999999762
44282  25.356  -49.440  -4.433 0.8999999762
43298  24.358  -50.132  -4.961 0.8999999762
45227  24.852  -48.768  -4.551 0.8999999762
126977  24.095  -48.816  -4.868 0.8999999762
45228  22.567  -48.181  -5.217 0.8999999762
45240  22.430  -49.156  -5.413 0.8999999762
140379  24.418  -48.014  -4.569 0.8999999762
130653  23.548  -48.121  -4.885 0.8999999762
45241  21.712  -48.586  -5.399 0.8999999762
46191  23.036  -47.380  -4.854 0.8999999762
42257  25.406  -51.634  0.932 0.8999999762
42258  24.441  -51.414  0.856 0.8999999762
43246  24.063  -50.532  0.700 0.8999999762
43245  24.960  -50.739  1.047 0.8999999762
44231  23.747  -49.662  0.514 1.0000000000
43255  22.468  -50.187  -0.088 0.8000000119
43243  26.749  -50.818  0.948 0.8999999762
43256  21.782  -50.126  -0.416 0.6999999881
42279  28.242  -51.213  -1.515 0.8999999762
42255  27.838  -51.349  0.050 0.8999999762
44240  22.191  -49.418  -0.267 0.6999999881
45186  21.001  -48.724  -0.459 0.6999999881
128801  20.516  -48.105  -0.412 0.5000000000
46151  19.146  -47.838  -0.327 0.5000000000
46152  18.454  -47.435  -0.317 0.5000000000
43273  28.411  -50.389  -2.097 1.0000000000
44260  28.048  -49.712  -2.779 1.0000000000
132971  28.224  -48.992  -2.760 1.0000000000
45214  27.593  -49.038  -3.206 1.0000000000
45215  26.801  -49.130  -3.615 1.0000000000
46178  27.011  -48.224  -3.441 1.0000000000
45203  27.895  -48.313  -2.971 1.0000000000
45216  26.244  -48.516  -3.885 0.8999999762
148651  25.119  -48.165  -4.369 0.8999999762
150446  24.430  -47.404  -4.454 0.8999999762
48152  21.522  -45.748  -6.752 0.6999999881
49129  21.290  -44.383  -6.548 0.8000000119
49130  20.499  -44.742  -6.496 0.8000000119
49148  19.815  -44.491  -6.225 0.8000000119
129726  27.591  -50.735  0.604 0.8999999762
43235  26.312  -50.143  1.230 1.0000000000
44229  25.460  -50.071  1.183 1.0000000000
44212  25.149  -49.258  1.155 1.0000000000
44230  24.291  -49.006  0.726 0.6999999881
44232  22.937  -49.498  0.128 0.6999999881
42264  28.340  -51.040  -0.634 0.8999999762
45185  21.794  -48.684  -0.324 0.6999999881
147994  20.685  -47.412  -0.300 0.6000000238
43266  28.581  -50.566  -1.275 0.8999999762
140077  28.687  -49.975  0.084 0.8999999762
47040  18.248  -46.585  -0.249 0.4000000060
44259  28.633  -49.385  -2.225 1.0000000000
46177  27.513  -47.484  -3.072 1.0000000000
46179  26.298  -47.835  -3.725 1.0000000000
47071  27.183  -46.599  -3.123 1.0000000000
48095  20.162  -45.312  -5.265 0.8999999762
133363  24.017  -44.696  -6.289 0.6000000238
48130  22.771  -44.722  -6.564 0.6000000238
49128  22.155  -44.183  -6.512 0.8000000119
50058  20.352  -43.907  -6.258 0.8000000119
48133  19.274  -45.273  -6.069 0.8999999762
48096  19.524  -45.274  -5.689 0.8999999762
43233  28.110  -49.909  0.711 0.8999999762
43234  27.194  -50.090  1.105 0.8999999762
136700  23.929  -48.103  0.599 0.8000000119
149072  23.174  -48.177  0.282 0.6999999881
46148  22.013  -47.392  -0.046 0.6999999881
47037  21.277  -46.858  -0.085 0.6000000238
139530  19.782  -45.949  0.129 0.4000000060
44253  28.926  -49.766  -1.390 1.0000000000
43254  28.709  -50.289  -0.572 0.8999999762
45196  29.117  -48.851  -1.701 1.0000000000
45202  28.629  -48.420  -2.380 1.0000000000
46165  28.200  -47.704  -2.693 1.0000000000
47057  28.077  -46.812  -2.669 1.0000000000
137509  27.621  -45.985  -2.826 1.0000000000
48072  26.863  -45.643  -3.157 1.0000000000
48077  21.643  -45.053  -4.685 0.8999999762
138249  21.734  -43.686  -4.437 0.8999999762
48078  20.775  -44.879  -4.894 0.8999999762
50044  20.080  -43.138  -5.320 0.8999999762
50029  19.969  -43.837  -5.404 0.8999999762
49106  26.077  -44.359  -5.524 0.6000000238
49126  24.631  -44.534  -5.996 0.6000000238
148611  23.684  -44.168  -6.187 0.6000000238
50055  23.297  -43.694  -6.178 0.8000000119
50057  21.415  -43.426  -6.354 0.8000000119
50059  19.634  -44.163  -6.024 0.8999999762
44210  26.666  -49.420  1.410 0.8999999762
45167  24.852  -48.386  1.087 0.6999999881
45166  25.914  -48.698  1.469 0.8999999762
46141  23.268  -47.531  0.397 0.6000000238
44227  28.849  -49.267  0.410 1.0000000000
45175  28.773  -48.605  0.969 1.0000000000
44228  28.296  -49.143  1.019 1.0000000000
138831  22.652  -47.080  0.255 0.6000000238
142069  22.056  -46.720  0.150 0.6000000238
47028  20.740  -45.975  0.157 0.5000000000
44252  29.323  -49.089  -1.024 1.0000000000
44238  29.357  -48.836  -0.296 1.0000000000
45184  29.559  -48.096  -0.054 1.0000000000
45201  29.176  -48.075  -1.834 1.0000000000
46164  28.783  -47.486  -2.255 1.0000000000
134398  28.329  -45.875  -2.470 1.0000000000
146774  27.667  -45.055  -2.675 1.0000000000
48056  26.886  -44.823  -3.034 1.0000000000
48073  25.953  -45.616  -3.569 1.0000000000
49086  25.677  -44.767  -3.566 1.0000000000
131316  25.124  -45.416  -3.943 1.0000000000
49087  24.568  -43.824  -3.780 1.0000000000
142321  23.906  -44.418  -4.210 0.8999999762
48074  24.304  -45.276  -4.253 0.8999999762
49089  22.308  -44.291  -4.451 0.8999999762
139990  20.234  -43.825  -4.969 0.8999999762
132529  20.263  -42.800  -5.509 0.8999999762
50038  28.575  -43.280  -5.282 0.6000000238
50039  27.526  -43.313  -5.209 0.6000000238
50041  25.650  -43.231  -5.380 0.6000000238
144662  24.106  -43.898  -5.895 0.6000000238
50928  22.897  -42.883  -6.035 0.8000000119
50930  21.203  -42.603  -6.050 0.8000000119
45165  27.068  -48.636  1.600 0.8999999762
46126  25.446  -47.733  1.412 0.6999999881
46140  23.864  -47.317  0.660 0.6000000238
47012  24.188  -46.721  0.909 0.6000000238
46123  28.701  -47.984  1.342 0.8999999762
47027  22.613  -46.312  0.387 0.6000000238
126898  21.737  -45.960  0.285 0.5000000000
44226  29.203  -48.576  0.408 1.0000000000
45195  29.533  -48.259  -1.071 1.0000000000
46147  29.665  -47.344  0.332 0.8999999762
46163  29.424  -47.255  -1.566 1.0000000000
138143  29.433  -46.381  -1.651 1.0000000000
48054  29.098  -45.775  -2.007 1.0000000000
48055  28.590  -45.075  -2.314 1.0000000000
147511  28.215  -44.614  -2.464 1.0000000000
49073  27.843  -44.092  -2.571 1.0000000000
49074  27.149  -44.347  -2.841 1.0000000000
140336  26.378  -44.157  -3.180 1.0000000000
49075  25.446  -43.892  -3.488 1.0000000000
50020  23.901  -43.583  -3.950 1.0000000000
50902  23.180  -42.690  -3.873 0.8999999762
50022  22.553  -43.312  -4.227 0.8999999762
140117  20.800  -43.546  -4.585 0.8999999762
51806  20.098  -41.680  -4.974 0.8999999762
50915  28.004  -42.419  -5.209 0.6000000238
50917  26.513  -42.759  -5.235 0.6000000238
50042  24.590  -43.116  -5.577 0.6000000238
50919  24.110  -42.211  -5.551 0.6999999881
51820  23.390  -41.710  -5.594 0.6999999881
135898  22.019  -42.709  -6.176 0.6999999881
50931  20.628  -42.038  -5.573 0.8000000119
51830  20.616  -41.203  -5.353 0.8999999762
146166  29.606  -42.694  -5.414 0.6000000238
139104  22.831  -41.348  -5.613 0.6999999881
51828  21.585  -41.971  -5.854 0.8000000119
51829  21.201  -41.129  -5.578 0.8999999762
150614  23.739  -46.329  0.761 0.6000000238
129744  28.365  -47.443  1.725 0.8999999762
46124  27.553  -47.814  1.756 0.8000000119
127408  26.002  -47.000  1.785 0.6999999881
46139  29.256  -48.006  0.785 0.8999999762
133373  29.753  -47.367  -0.641 1.0000000000
47025  29.878  -46.602  0.689 0.8000000119
47035  30.171  -46.109  -0.587 0.8999999762
47024  30.263  -46.041  0.131 0.8000000119
48042  29.758  -45.761  -1.449 1.0000000000
138063  29.473  -44.953  -1.834 1.0000000000
49072  28.795  -44.238  -2.300 1.0000000000
50008  28.394  -43.397  -2.422 1.0000000000
50009  27.645  -43.310  -2.563 1.0000000000
50011  26.367  -43.278  -2.971 1.0000000000
148474  25.984  -43.605  -3.220 1.0000000000
50012  24.966  -43.243  -3.478 1.0000000000
145324  23.708  -42.303  -3.611 0.8999999762
50903  22.327  -42.438  -4.072 0.8999999762
50023  21.550  -42.977  -4.309 0.8999999762
51800  20.560  -41.488  -4.562 0.8999999762
145866  25.791  -42.304  -5.280 0.6000000238
51819  24.091  -41.292  -5.497 0.6999999881
51822  20.281  -41.470  -5.136 0.8999999762
51814  29.676  -41.980  -5.397 0.6000000238
142417  23.434  -40.922  -5.540 0.6999999881
52738  21.921  -40.519  -5.583 0.6999999881
136997  25.027  -46.913  1.332 0.6999999881
131706  24.670  -46.275  1.277 0.6000000238
47010  27.647  -46.904  2.115 0.8000000119
134263  26.883  -47.285  1.956 0.8000000119
46992  26.212  -46.182  2.067 0.6999999881
142833  25.377  -46.227  1.645 0.6999999881
47008  29.539  -46.305  1.480 0.6999999881
47009  28.693  -46.666  1.932 0.8000000119
48018  30.236  -45.870  0.996 0.6999999881
48017  30.533  -45.324  0.356 0.6999999881
130499  30.487  -44.225  -1.265 0.8000000119
140135  29.697  -44.141  -1.827 0.8000000119
49996  30.131  -43.437  -1.722 0.8000000119
50007  29.270  -43.424  -2.190 0.8999999762
50890  27.895  -42.604  -2.468 1.0000000000
50891  27.001  -42.777  -2.658 1.0000000000
50893  25.133  -42.486  -3.271 1.0000000000
133758  24.742  -41.844  -3.280 1.0000000000
134771  26.806  -41.961  -2.591 1.0000000000
50892  26.066  -42.389  -2.862 1.0000000000
50894  24.353  -42.329  -3.463 1.0000000000
51786  23.949  -41.631  -3.439 1.0000000000
50895  23.071  -41.974  -3.682 0.8999999762
51788  22.108  -40.988  -3.784 0.8999999762
51799  21.354  -41.234  -4.103 0.8999999762
51815  28.326  -41.576  -5.362 0.6000000238
50916  27.156  -42.345  -5.211 0.6000000238
51818  25.434  -41.575  -5.388 0.6000000238
134782  24.695  -41.625  -5.442 0.6999999881
127226  20.355  -41.027  -4.865 0.8999999762
52754  20.773  -40.575  -5.343 0.8999999762
53741  23.507  -40.004  -5.668 0.6999999881
52737  22.714  -40.666  -5.570 0.6999999881
52753  21.270  -40.335  -5.495 0.8999999762
53766  20.976  -39.666  -5.376 0.8999999762
48000  28.081  -46.061  2.366 0.6999999881
46991  27.095  -46.138  2.344 0.6000000238
48001  25.650  -45.520  2.003 0.6000000238
47013  24.079  -45.997  1.009 0.6000000238
47999  29.052  -45.849  2.156 0.6999999881
47980  27.425  -45.370  2.584 0.6000000238
47998  29.825  -45.485  1.671 0.6999999881
49040  30.848  -44.533  0.541 0.6999999881
50880  30.576  -42.738  -1.599 0.8000000119
50881  29.740  -42.681  -2.091 0.8000000119
51781  29.310  -41.830  -2.308 0.8000000119
50889  28.853  -42.670  -2.346 0.8000000119
51783  27.639  -41.750  -2.490 1.0000000000
137443  28.432  -42.040  -2.402 0.8000000119
141339  26.124  -41.435  -2.753 1.0000000000
51784  25.392  -41.693  -3.023 1.0000000000
51785  24.719  -41.203  -3.180 1.0000000000
52715  25.421  -40.137  -3.198 1.0000000000
52706  24.744  -40.496  -3.223 1.0000000000
52707  23.914  -40.697  -3.346 1.0000000000
53718  23.308  -39.219  -3.565 1.0000000000
52709  22.378  -40.417  -3.625 1.0000000000
52717  21.525  -40.514  -3.932 0.8999999762
51817  26.402  -41.711  -5.304 0.6000000238
52718  20.777  -40.732  -4.434 0.8999999762
52732  28.699  -40.823  -5.600 0.6000000238
52734  26.811  -40.795  -5.629 0.6000000238
52735  25.861  -40.777  -5.592 0.6999999881
128608  20.493  -39.526  -4.973 0.8999999762
52751  25.407  -39.969  -5.955 0.6999999881
53764  23.107  -39.218  -5.823 0.6999999881
54794  21.675  -38.888  -5.579 0.8999999762
49023  25.208  -44.797  2.074 0.5000000000
47979  28.422  -45.253  2.525 0.6000000238
49000  27.778  -44.590  2.793 0.5000000000
49021  30.092  -44.707  1.870 0.6999999881
49022  29.335  -45.041  2.285 0.6999999881
49972  31.165  -43.813  0.684 0.6999999881
49020  30.746  -44.144  1.418 0.6999999881
49994  31.242  -43.129  -0.635 0.6999999881
50879  31.197  -42.673  -1.136 0.6999999881
51768  30.302  -42.001  -1.924 0.8000000119
51780  30.124  -41.172  -2.186 0.8000000119
138740  29.220  -40.878  -2.435 0.8000000119
52702  28.408  -40.565  -2.597 0.8000000119
140296  27.131  -40.433  -2.773 0.8999999762
52704  26.915  -41.160  -2.615 1.0000000000
53700  28.269  -39.884  -2.858 0.8000000119
53702  26.791  -39.829  -3.120 0.8999999762
52714  26.247  -40.514  -2.897 1.0000000000
53716  25.315  -39.317  -3.494 1.0000000000
53703  24.203  -40.097  -3.336 1.0000000000
53719  22.661  -38.986  -3.627 1.0000000000
54746  21.989  -39.048  -3.714 0.8999999762
137181  20.970  -39.936  -4.297 0.8999999762
53721  20.659  -39.324  -4.700 0.8999999762
54764  21.531  -38.263  -4.091 0.8999999762
54774  20.631  -38.074  -4.973 0.8999999762
52733  27.770  -40.791  -5.621 0.6000000238
52752  24.498  -39.907  -5.841 0.6999999881
54793  22.596  -38.655  -5.845 0.8000000119
144216  21.361  -38.228  -5.519 0.8999999762
52747  29.118  -40.172  -6.017 0.6000000238
53762  25.034  -39.235  -6.352 0.6999999881
53763  24.074  -39.099  -6.157 0.6999999881
135455  22.068  -38.039  -5.824 0.8000000119
55884  20.560  -37.411  -4.968 0.8999999762
54792  23.407  -38.501  -6.158 0.6999999881
55900  21.377  -37.581  -5.571 0.8999999762
49934  27.340  -43.855  3.021 0.5000000000
49955  29.580  -44.270  2.397 0.6999999881
132063  28.118  -43.958  2.880 0.5000000000
136199  30.255  -44.065  2.104 0.6999999881
49953  31.183  -43.138  1.262 0.6999999881
49984  31.347  -43.122  0.230 0.6999999881
50872  31.495  -42.474  -0.410 0.6999999881
138186  31.499  -41.963  -1.084 0.6999999881
139320  30.966  -42.167  -1.487 0.6999999881
52701  29.961  -40.325  -2.426 0.8000000119
131882  29.092  -40.058  -2.657 0.8000000119
53713  28.015  -39.270  -3.267 0.8000000119
135439  26.614  -39.195  -3.443 0.8999999762
53715  26.057  -39.641  -3.305 1.0000000000
137027  24.567  -39.021  -3.608 1.0000000000
53717  24.039  -39.479  -3.480 1.0000000000
53712  28.955  -39.220  -3.131 0.8000000119
53714  27.264  -39.239  -3.363 0.8000000119
54760  25.117  -38.519  -3.835 0.8999999762
133732  24.349  -38.266  -3.985 1.0000000000
54762  23.025  -38.449  -3.795 1.0000000000
140515  24.915  -37.706  -4.251 0.8999999762
55847  22.318  -37.870  -4.024 1.0000000000
54763  22.291  -38.531  -3.788 1.0000000000
134750  21.103  -36.930  -4.552 1.0000000000
130531  20.315  -36.857  -4.948 0.8999999762
52750  26.320  -40.021  -6.051 0.6999999881
133431  20.573  -36.848  -4.825 0.8999999762
52749  27.230  -40.084  -6.106 0.6000000238
53761  26.782  -39.464  -6.680 0.6000000238
56908  20.274  -36.503  -4.969 0.8999999762
131441  25.907  -39.340  -6.535 0.6999999881
147870  24.765  -38.611  -6.527 0.6999999881
54791  24.176  -38.245  -6.471 0.6999999881
55899  22.658  -37.473  -6.122 0.6999999881
143027  21.972  -37.353  -5.869 0.8000000119
55898  23.526  -37.670  -6.388 0.6999999881
146281  20.703  -36.200  -5.250 0.8000000119
57910  20.378  -35.555  -4.994 0.8999999762
56912  23.151  -36.861  -6.358 0.6999999881
48999  28.698  -44.464  2.610 0.6000000238
49933  28.876  -43.594  2.641 0.5000000000
132313  30.549  -43.444  1.968 0.6999999881
49954  29.874  -43.555  2.430 0.5000000000
50864  31.616  -42.203  0.637 0.6999999881
51758  31.813  -41.657  -0.299 0.6999999881
51751  32.012  -41.039  0.513 0.6999999881
51766  31.840  -41.194  -1.013 0.6999999881
51767  31.056  -41.383  -1.631 0.6999999881
52690  31.606  -40.538  -1.492 0.6999999881
52700  30.814  -40.539  -2.051 0.6999999881
53698  30.665  -39.764  -2.357 0.8000000119
53699  29.841  -39.516  -2.719 0.8000000119
134639  30.588  -38.973  -2.669 0.8000000119
54745  29.829  -38.728  -3.101 0.8000000119
54757  28.367  -38.560  -3.470 0.8000000119
146689  29.838  -38.053  -3.312 0.8000000119
55843  28.572  -37.737  -3.671 0.8000000119
54758  26.929  -38.480  -3.698 0.8000000119
127702  25.573  -38.037  -4.066 0.8999999762
128388  24.018  -37.379  -4.311 0.8999999762
55846  23.124  -37.616  -4.144 1.0000000000
56877  27.882  -37.012  -4.078 0.8000000119
55844  27.032  -37.567  -4.104 0.8000000119
56881  22.465  -36.942  -4.303 1.0000000000
129942  23.126  -36.199  -4.435 1.0000000000
53760  27.680  -39.546  -6.743 0.6000000238
56882  21.560  -36.539  -4.438 1.0000000000
54790  25.561  -38.542  -6.845 0.6999999881
138949  24.888  -37.963  -6.772 0.6999999881
56901  20.332  -36.230  -4.975 0.8999999762
57888  20.887  -35.183  -4.647 1.0000000000
55897  24.312  -37.578  -6.620 0.6999999881
57920  23.604  -36.070  -6.476 0.8000000119
132949  21.734  -35.964  -5.845 0.8000000119
52660  32.213  -39.992  0.735 0.6999999881
52679  32.111  -40.932  -0.373 0.6999999881
52689  32.177  -40.398  -0.868 0.6999999881
53682  32.028  -39.646  -1.481 0.6999999881
53697  31.386  -39.238  -2.193 0.6999999881
54728  32.069  -38.588  -1.853 0.6999999881
54743  31.242  -38.371  -2.508 0.8000000119
55842  29.398  -37.533  -3.520 0.8000000119
55841  30.185  -37.459  -3.275 0.8000000119
131732  28.817  -36.943  -3.790 0.8000000119
56900  25.744  -36.433  -4.487 0.8999999762
56878  24.830  -36.658  -4.473 0.8999999762
56899  26.523  -36.267  -4.454 0.8000000119
57883  25.212  -35.746  -4.523 0.8999999762
56879  23.917  -36.385  -4.478 0.8999999762
150781  24.850  -35.139  -4.515 0.8999999762
57885  23.697  -35.561  -4.498 0.8999999762
130579  22.292  -36.043  -4.409 1.0000000000
53778  27.274  -38.991  -7.290 0.6000000238
57887  21.712  -34.907  -4.473 0.8999999762
55896  24.889  -37.058  -6.809 0.6999999881
58855  21.059  -34.334  -4.608 0.8999999762
57921  22.709  -35.463  -6.242 0.8000000119
57923  20.846  -35.261  -5.384 0.8999999762
59900  20.629  -33.874  -5.176 0.8000000119
52678  32.361  -40.258  -0.099 0.6999999881
53681  32.468  -39.001  -1.168 0.6999999881
55831  31.758  -37.672  -2.303 0.6999999881
55820  32.339  -37.768  -1.742 0.6999999881
55832  30.956  -37.542  -2.835 0.6999999881
56898  27.324  -36.189  -4.360 0.8000000119
57899  25.987  -35.630  -4.508 0.8000000119
57898  26.775  -35.511  -4.460 0.8000000119
58871  26.261  -34.909  -4.479 0.8000000119
57886  22.932  -35.446  -4.457 0.8999999762
54789  26.443  -38.836  -7.087 0.6000000238
58872  25.497  -35.000  -4.503 0.8000000119
126614  24.911  -34.359  -4.508 0.8999999762
133510  23.432  -34.798  -4.486 0.8999999762
134153  22.591  -34.778  -4.461 0.8999999762
142002  26.960  -38.450  -7.472 0.6000000238
55910  25.611  -37.650  -7.138 0.6999999881
58854  21.974  -34.118  -4.484 0.8999999762
147718  24.437  -36.345  -6.651 0.6999999881
59870  20.690  -33.209  -4.970 0.8000000119
58895  22.755  -34.427  -6.312 0.6999999881
59899  21.159  -33.488  -5.651 0.8000000119
54712  32.706  -38.785  -0.509 0.6999999881
54727  32.651  -38.246  -1.195 0.6999999881
55819  32.788  -37.375  -1.257 0.6999999881
56897  28.098  -36.117  -4.203 0.8000000119
57897  27.621  -35.363  -4.352 0.8000000119
58870  27.006  -34.786  -4.426 0.8000000119
58852  25.826  -34.274  -4.482 0.8000000119
137570  24.225  -34.927  -4.504 0.8999999762
58853  23.973  -34.048  -4.510 0.8999999762
54805  26.305  -38.143  -7.359 0.6000000238
134094  22.980  -34.064  -4.490 0.8999999762
56920  25.745  -36.740  -7.191 0.6999999881
56910  25.145  -36.122  -6.819 0.6999999881
59850  22.309  -33.322  -4.522 0.8999999762
58894  23.992  -34.338  -6.527 0.6999999881
146753  22.111  -33.513  -6.225 0.8000000119
60882  21.035  -32.640  -4.896 0.8000000119
59897  23.286  -33.397  -6.488 0.6999999881
148812  21.569  -32.884  -6.044 0.8000000119
59884  20.694  -33.211  -5.058 0.8000000119
59898  22.288  -32.682  -6.319 0.8000000119
55803  32.983  -37.773  -0.361 0.6999999881
55818  33.119  -37.017  -0.759 0.6000000238
55908  27.036  -37.837  -7.694 0.6000000238
59847  25.393  -33.558  -4.488 0.8000000119
131472  24.128  -33.262  -4.517 0.8999999762
59849  23.343  -33.302  -4.512 0.8999999762
56919  26.579  -36.425  -7.494 0.6000000238
60871  22.679  -32.562  -4.564 0.8999999762
57919  24.461  -35.512  -6.608 0.8000000119
60872  21.674  -32.563  -4.691 0.8999999762
141742  21.318  -32.087  -5.468 0.8000000119
59896  24.396  -33.581  -6.576 0.6999999881
60908  22.146  -31.912  -6.249 0.8000000119
61828  21.958  -30.943  -5.591 0.8000000119
57934  25.937  -35.825  -7.145 0.6999999881
136354  24.794  -32.827  -4.516 0.8000000119
58907  26.128  -34.930  -7.049 0.5000000000
57918  25.323  -35.237  -6.789 0.6000000238
58892  25.465  -34.313  -6.719 0.6000000238
58893  24.726  -34.745  -6.614 0.6999999881
61798  22.171  -31.304  -4.867 0.8000000119
59895  25.099  -33.685  -6.622 0.6000000238
135726  24.979  -32.992  -6.620 0.6000000238
60907  23.189  -32.229  -6.496 0.6999999881
61844  22.473  -31.034  -6.248 0.8000000119
61813  21.483  -31.918  -4.943 0.8000000119
60906  24.391  -32.249  -6.578 0.6000000238
136347  24.485  -32.059  -4.532 0.8000000119
61796  23.789  -31.547  -4.573 0.8000000119
62818  22.935  -30.917  -4.727 0.8999999762
59905  26.362  -34.071  -6.879 0.6000000238
139109  22.351  -30.121  -5.865 0.8000000119
61812  21.988  -31.148  -5.141 0.8000000119
62838  22.466  -30.550  -4.969 0.8000000119
61843  23.743  -31.431  -6.530 0.6000000238
61795  24.684  -31.334  -4.537 0.8000000119
62817  23.864  -30.641  -4.619 0.8000000119
59894  25.767  -33.414  -6.673 0.6000000238
147615  25.588  -32.828  -6.618 0.6000000238
63806  22.702  -29.497  -5.519 0.8000000119
60905  25.358  -32.235  -6.582 0.6000000238
62895  22.673  -29.432  -6.017 0.6999999881
63788  23.114  -29.184  -4.974 0.8000000119
61842  25.318  -30.912  -6.506 0.6000000238
63821  24.100  -29.204  -6.349 0.6000000238
64734  23.315  -28.627  -5.876 0.6999999881
61841  26.023  -31.640  -6.497 0.6000000238
147535  25.397  -31.617  -6.545 0.6000000238
62814  26.921  -30.278  -4.209 0.8000000119
62816  24.935  -30.376  -4.534 0.8000000119
59893  26.571  -33.355  -6.707 0.6000000238
62815  25.985  -30.472  -4.430 0.8000000119
59904  27.287  -33.807  -6.933 0.5000000000
63787  23.953  -28.611  -4.832 0.8000000119
63777  23.881  -29.645  -4.678 0.8000000119
60903  27.216  -32.847  -6.491 0.6000000238
60904  26.199  -32.621  -6.585 0.6000000238
64716  24.015  -28.090  -5.729 0.6000000238
144429  28.012  -32.680  -6.154 0.5000000000
136146  26.843  -31.985  -6.332 0.6000000238
133494  26.702  -31.271  -6.314 0.6000000238
62878  24.661  -29.961  -6.478 0.6000000238
61827  27.342  -31.334  -6.121 0.6000000238
62876  26.234  -30.711  -6.382 0.6000000238
62877  25.614  -29.903  -6.437 0.6000000238
63819  25.836  -28.909  -6.439 0.6000000238
133611  26.211  -29.831  -4.390 0.8000000119
63776  24.811  -29.315  -4.561 0.8000000119
63774  26.713  -29.372  -4.303 0.8000000119
64683  26.360  -28.537  -4.441 0.6999999881
63775  25.752  -29.105  -4.463 0.6999999881
61840  27.623  -32.082  -6.089 0.6000000238
65677  24.419  -27.568  -6.013 0.6000000238
65659  24.540  -27.478  -5.704 0.6000000238
145553  24.445  -27.964  -4.925 0.6999999881
61826  28.069  -31.394  -5.846 0.5000000000
64732  24.996  -27.788  -6.299 0.6000000238
62860  27.775  -30.628  -5.962 0.5000000000
137636  26.558  -29.821  -6.319 0.6000000238
126799  26.868  -28.891  -6.383 0.6000000238
62859  28.536  -30.679  -5.749 0.5000000000
64682  27.344  -28.776  -4.266 0.6999999881
65622  26.767  -27.863  -4.526 0.6000000238
65643  25.333  -27.163  -5.129 0.6000000238
65624  25.053  -27.742  -4.821 0.6000000238
66630  25.651  -26.530  -6.015 0.6000000238
65642  26.174  -27.082  -4.928 0.6000000238
63803  28.893  -29.903  -5.824 0.5000000000
149902  27.546  -29.040  -6.292 0.6000000238
64730  27.498  -28.223  -6.570 0.6000000238
64731  26.096  -28.017  -6.558 0.6000000238
65676  25.071  -26.970  -6.064 0.6000000238
66613  25.755  -26.666  -5.566 0.6000000238
63818  28.214  -29.194  -6.181 0.6000000238
64729  28.567  -28.262  -6.593 0.6000000238
62858  29.452  -30.738  -5.625 0.5000000000
63802  29.765  -29.798  -5.842 0.5000000000
63801  30.593  -29.670  -5.961 0.4000000060
63816  30.083  -29.013  -6.218 0.5000000000
65621  27.680  -28.003  -4.423 0.6000000238
65641  27.157  -27.214  -4.803 0.6000000238
150974  27.248  -27.333  -6.857 0.6000000238
66645  25.913  -26.544  -6.303 0.6000000238
66612  26.641  -26.559  -5.437 0.6000000238
65674  27.872  -27.195  -7.068 0.6000000238
63817  29.190  -29.078  -6.178 0.5000000000
64727  30.438  -28.300  -6.650 0.5000000000
146668  31.266  -29.566  -6.079 0.4000000060
63815  30.916  -28.989  -6.323 0.4000000060
140799  27.189  -25.751  -7.094 0.6000000238
66628  27.092  -25.897  -6.028 0.5000000000
66611  27.781  -26.621  -5.268 0.5000000000
144996  27.981  -27.416  -4.654 0.5000000000
65688  26.973  -26.520  -7.023 0.6000000238
67610  27.684  -25.330  -7.071 0.5000000000
65673  28.968  -27.452  -7.099 0.6000000238
65672  29.939  -27.582  -7.089 0.5000000000
65671  30.811  -27.598  -7.121 0.4000000060
66610  28.914  -26.496  -5.269 0.4000000060
141688  27.583  -26.130  -7.349 0.6000000238
67624  28.028  -25.456  -7.458 0.5000000000
65685  30.331  -26.920  -7.520 0.4000000060
65687  28.427  -26.443  -7.495 0.6000000238
66660  28.986  -25.828  -7.752 0.6000000238
67600  28.192  -24.943  -7.010 0.4000000060
142462  30.571  -26.439  -7.736 0.4000000060
68571  29.088  -24.769  -6.902 0.4000000060
66659  29.950  -26.071  -7.833 0.4000000060
68598  28.880  -24.932  -7.585 0.4000000060
65670  31.647  -27.552  -7.072 0.4000000060
67621  30.093  -25.228  -7.910 0.4000000060
138334  30.683  -26.135  -5.173 0.4000000060
67584  29.211  -25.759  -5.759 0.4000000060
68583  28.857  -24.816  -7.291 0.4000000060
66658  31.648  -26.044  -7.879 0.4000000060
135620  30.753  -25.915  -7.928 0.4000000060
67620  31.058  -24.993  -8.033 0.4000000060
68596  30.118  -24.722  -7.589 0.4000000060
68554  30.941  -25.401  -5.608 0.4000000060
67598  30.369  -25.123  -6.146 0.4000000060
67599  29.596  -25.195  -6.300 0.4000000060
67619  32.135  -25.276  -8.007 0.3000000119
68581  30.558  -24.413  -7.209 0.4000000060
68570  30.107  -24.605  -6.803 0.4000000060
128975  30.946  -24.245  -6.873 0.4000000060
47109  19.327  -46.140  -6.274 0.8000000119
47094  19.121  -46.024  -5.934 0.8999999762
47086  19.777  -46.110  -5.465 0.8999999762
47087  19.074  -46.776  -5.824 0.8999999762
45231  19.626  -48.201  -5.501 0.8999999762
46188  25.698  -47.963  -4.084 0.8999999762
138096  25.890  -47.217  -3.813 1.0000000000
47072  26.318  -46.454  -3.502 1.0000000000
46190  23.884  -47.411  -4.611 0.8999999762
47083  24.397  -46.775  -4.380 0.8999999762
47073  25.347  -46.402  -3.983 1.0000000000
45229  21.728  -47.872  -5.298 0.8999999762
47084  23.508  -46.726  -4.594 0.8999999762
48092  23.230  -46.108  -4.571 0.8999999762
47074  24.627  -45.982  -4.244 1.0000000000
137081  21.556  -46.570  -5.014 0.8999999762
48075  23.379  -45.342  -4.442 0.8999999762
67585  28.120  -25.667  -5.969 0.4000000060
143900  28.073  -25.244  -6.600 0.4000000060
65639  29.753  -27.117  -4.667 0.4000000060
37947  25.329  -55.682  -0.475 0.8999999762
38022  22.972  -55.022  -5.495 0.8000000119
148799  23.180  -54.923  0.521 0.8999999762
40176  26.787  -53.815  -1.577 1.0000000000
40242  23.107  -53.624  -5.557 0.8000000119
41190  27.333  -52.041  0.108 0.8999999762
42313  25.058  -51.091  -4.578 0.8999999762
41284  23.718  -52.038  -5.305 0.8000000119
42329  22.390  -51.397  -5.801 0.8000000119
42330  21.585  -51.034  -5.867 0.8000000119
44296  22.283  -50.000  -5.560 0.8999999762
44297  21.523  -49.479  -5.518 0.8000000119
135049  21.027  -48.063  -5.357 0.8999999762
147618  20.362  -48.290  -5.406 0.8000000119
45226  25.571  -48.686  -4.272 0.8999999762
47085  22.583  -46.529  -4.768 0.8999999762
43244  25.873  -50.844  1.112 0.8999999762
128891  24.600  -49.868  0.891 1.0000000000
46149  21.350  -47.882  -0.302 0.6000000238
47039  19.243  -46.822  -0.146 0.4000000060
47038  20.286  -46.738  -0.129 0.4000000060
144110  20.114  -45.980  -6.578 0.6999999881
126148  20.587  -43.017  -5.922 0.8000000119
44209  27.590  -49.313  1.277 0.8999999762
47075  20.909  -45.786  -5.001 0.8999999762
150968  22.747  -45.377  -6.735 0.6000000238
49099  19.542  -44.551  -5.803 0.8999999762
46127  24.543  -47.526  0.987 0.6999999881
48094  21.983  -45.826  -4.736 0.8999999762
50028  20.116  -43.065  -4.890 0.8999999762
50921  20.092  -42.243  -5.166 0.8999999762
50043  23.706  -43.032  -5.795 0.6999999881
50920  23.333  -42.382  -5.741 0.6999999881
46125  26.475  -47.871  1.700 0.8000000119
45164  28.074  -48.525  1.441 0.8999999762
50010  27.055  -43.656  -2.786 1.0000000000
48091  23.917  -46.046  -4.444 0.8999999762
141657  23.198  -43.903  -4.224 0.8999999762
49088  23.064  -44.619  -4.373 0.8999999762
48093  22.731  -45.798  -4.605 0.8999999762
50904  20.251  -42.237  -4.730 0.8999999762
146555  29.249  -47.236  1.275 0.8000000119
48003  23.792  -45.294  1.161 0.5000000000
47047  29.884  -46.491  -1.077 1.0000000000
147268  21.197  -42.102  -4.241 0.8999999762
49052  30.661  -44.789  -0.421 0.8000000119
48041  30.166  -45.820  -1.020 0.8999999762
49061  30.245  -45.127  -1.205 0.8999999762
53740  24.083  -40.559  -5.589 0.6999999881
52739  20.535  -40.166  -5.088 0.8999999762
53765  22.353  -39.275  -5.673 0.8000000119
48002  24.717  -45.522  1.534 0.6000000238
47981  26.492  -45.467  2.377 0.6000000238
47997  30.480  -45.054  1.192 0.6999999881
49985  31.024  -43.885  -0.294 0.6999999881
49995  30.884  -43.387  -1.182 0.6999999881
52708  23.125  -40.372  -3.478 1.0000000000
53744  20.634  -39.220  -5.102 0.8999999762
49001  26.719  -44.605  2.732 0.6000000238
140061  27.712  -40.925  -2.565 0.8999999762
49002  25.775  -44.240  2.570 0.5000000000
55849  20.964  -37.536  -4.571 0.8999999762
142133  28.541  -42.839  2.764 0.5000000000
54759  25.976  -38.728  -3.686 0.8999999762
54756  29.181  -38.324  -3.416 0.8000000119
132310  27.748  -38.018  -3.749 0.8000000119
58873  20.415  -34.712  -4.945 0.8999999762
50828  29.388  -42.801  2.567 0.5000000000
50848  30.721  -42.649  1.993 0.6999999881
54744  30.462  -38.188  -2.992 0.8000000119
55845  26.245  -37.876  -4.077 0.8999999762
57884  24.451  -35.718  -4.518 0.8999999762
133509  23.643  -35.126  -6.460 0.8000000119
57922  21.742  -34.938  -5.911 0.8000000119
53671  32.463  -39.605  -0.669 0.6999999881
56876  28.866  -36.124  -3.899 0.8000000119
59851  21.197  -33.385  -4.682 0.8999999762
59848  24.645  -33.609  -4.510 0.8999999762
54702  32.702  -38.526  0.310 0.6000000238
131471  24.082  -32.904  -6.579 0.6999999881
60870  23.761  -32.488  -4.536 0.8999999762
62879  22.797  -30.033  -6.189 0.6999999881
142481  24.784  -31.567  -6.568 0.6000000238
136436  24.278  -30.761  -6.530 0.6000000238
63805  23.102  -28.829  -5.465 0.8000000119
63820  24.843  -28.982  -6.405 0.6000000238
64685  24.890  -28.448  -4.656 0.6999999881
62875  27.032  -30.599  -6.201 0.6000000238
130432  25.738  -27.054  -6.460 0.6000000238
63804  28.188  -30.021  -5.910 0.6000000238
66644  26.285  -26.296  -6.306 0.6000000238
66609  29.864  -26.358  -5.209 0.4000000060
138538  28.675  -25.213  -6.456 0.4000000060
67582  31.476  -25.841  -5.040 0.4000000060
68595  31.137  -24.327  -7.567 0.4000000060
46193  20.559  -46.714  -5.252 0.8999999762
29076  21.828  -63.819  -2.041 0.4000000060
29053  21.154  -63.761  -0.727 0.4000000060
29054  20.444  -63.943  -0.393 0.4000000060
30226  22.394  -62.413  -2.995 0.4000000060
30186  21.498  -63.023  -0.713 0.4000000060
133152  20.176  -63.147  -0.263 0.4000000060
31325  22.409  -60.921  -3.461 0.3000000119
30185  22.091  -62.419  -0.984 0.4000000060
32472  22.288  -60.360  -4.118 0.4000000060
32473  21.925  -60.158  -4.887 0.4000000060
33641  21.984  -59.240  -5.335 0.4000000060
34722  21.801  -58.385  -5.900 0.4000000060
135435  21.577  -62.300  -0.587 0.5000000000
132471  19.937  -62.278  -0.265 0.4000000060
31300  22.603  -61.383  -1.786 0.4000000060
142415  22.358  -61.827  -1.170 0.4000000060
33614  22.752  -59.983  -3.349 0.5000000000
33626  22.392  -59.610  -4.405 0.4000000060
149684  22.183  -58.613  -5.341 0.4000000060
35749  21.908  -57.475  -6.030 0.5000000000
142234  21.597  -56.367  -6.445 0.5000000000
36866  21.173  -56.046  -6.740 0.6000000238
36867  20.581  -56.441  -7.056 0.5000000000
36868  19.741  -56.189  -7.255 0.6000000238
38039  19.305  -55.352  -7.145 0.4000000060
31287  21.305  -61.721  -0.377 0.5000000000
31288  19.931  -61.474  -0.292 0.5000000000
144025  19.476  -61.808  -0.406 0.5000000000
31290  18.151  -61.810  -0.882 0.5000000000
32452  22.786  -60.583  -1.535 0.6000000238
136490  22.445  -61.170  -0.929 0.6000000238
33600  23.097  -59.943  -2.199 0.5000000000
33599  23.441  -59.196  -1.810 0.6000000238
34693  22.886  -59.045  -3.893 0.5000000000
34704  22.920  -58.262  -4.403 0.4000000060
35748  22.471  -57.100  -5.499 0.6000000238
140455  21.978  -56.667  -6.130 0.6000000238
36848  21.868  -55.881  -6.293 0.6000000238
38037  21.231  -55.248  -6.647 0.6000000238
39179  20.600  -54.582  -6.736 0.6000000238
40265  20.054  -53.878  -6.706 0.6000000238
38038  20.346  -55.487  -6.993 0.6000000238
39180  19.734  -54.631  -6.904 0.6000000238
40245  18.748  -53.245  -6.590 0.6000000238
32430  20.742  -60.963  -0.151 0.5000000000
32431  19.692  -60.645  -0.363 0.5000000000
31301  18.290  -60.977  -1.030 0.5000000000
33589  23.032  -59.788  -1.236 0.6000000238
32441  22.529  -60.346  -0.728 0.6000000238
33613  23.346  -59.156  -2.867 0.6000000238
34667  23.798  -58.514  -1.513 0.6000000238
34692  23.411  -58.389  -3.510 0.5000000000
34679  23.721  -58.653  -2.338 0.6000000238
149244  23.341  -57.770  -4.102 0.6000000238
36831  23.049  -56.655  -5.025 0.6000000238
38023  21.946  -55.038  -6.265 0.6000000238
40244  19.553  -53.227  -6.569 0.6000000238
145983  19.110  -52.667  -6.459 0.6999999881
135176  20.328  -59.983  -0.121 0.6000000238
33575  19.360  -59.744  -0.494 0.5000000000
32442  18.010  -60.311  -1.341 0.5000000000
33570  23.297  -58.962  -0.905 0.6000000238
125094  22.082  -59.940  -0.257 0.6000000238
130864  21.296  -60.090  -0.046 0.6000000238
33590  18.435  -59.473  -1.009 0.5000000000
33591  17.635  -59.585  -1.596 0.5000000000
147545  23.260  -58.500  -0.548 0.6000000238
136755  23.485  -57.061  -4.269 0.6000000238
136147  19.808  -52.493  -6.413 0.6999999881
33572  21.702  -59.347  0.022 0.6000000238
33573  20.862  -59.286  0.108 0.6000000238
33574  19.954  -59.106  -0.204 0.6000000238
34649  22.797  -58.750  -0.304 0.6000000238
34650  20.494  -58.446  0.055 0.6000000238
34651  19.611  -58.269  -0.346 0.6000000238
34652  18.821  -58.106  -0.754 0.6000000238
34668  18.162  -58.048  -1.205 0.6000000238
34637  22.519  -58.144  0.127 0.6000000238
34669  17.466  -58.114  -1.511 0.5000000000
35694  17.055  -57.380  -1.598 0.6000000238
42331  19.280  -51.091  -6.094 0.6999999881
134646  21.842  -58.155  0.293 0.6000000238
35676  20.123  -57.603  -0.115 0.6000000238
142043  22.825  -57.587  0.221 0.6000000238
126254  22.072  -57.459  0.375 0.6000000238
35677  19.280  -57.466  -0.550 0.6000000238
35693  17.830  -57.320  -1.378 0.6000000238
35663  23.216  -58.016  -0.219 0.6000000238
36792  18.295  -56.560  -1.262 0.6000000238
126759  23.667  -58.244  -0.791 0.6000000238
36805  24.826  -56.767  -2.368 0.6000000238
43315  19.486  -50.289  -5.820 0.6999999881
43300  18.978  -49.584  -5.827 0.6999999881
35662  23.377  -57.235  0.085 0.6000000238
36774  20.594  -56.880  0.044 0.6999999881
133745  19.758  -56.810  -0.382 0.6999999881
35674  24.505  -57.050  -0.765 0.6000000238
45232  18.875  -48.151  -5.795 0.6999999881
36764  22.014  -56.596  0.444 0.6999999881
36761  24.287  -56.154  0.135 0.6999999881
36763  22.768  -56.955  0.382 0.6999999881
37936  21.149  -56.103  0.201 0.6999999881
127056  20.194  -56.092  -0.294 0.6999999881
36775  19.010  -56.683  -0.802 0.6000000238
37951  19.716  -55.453  -0.770 0.6999999881
39082  19.969  -54.618  -0.927 0.6000000238
37952  18.902  -55.797  -1.132 0.5000000000
47099  19.033  -45.865  -6.053 0.8000000119
39067  22.937  -55.642  0.494 0.6999999881
125603  22.056  -55.797  0.413 0.6999999881
37950  20.605  -55.197  -0.329 0.6999999881
134425  17.878  -54.973  -1.540 0.5000000000
39081  20.573  -54.381  -0.586 0.6999999881
39096  20.259  -53.766  -1.033 0.6000000238
144715  18.520  -54.255  -1.512 0.6000000238
59869  26.527  -34.312  -4.436 0.6999999881
56874  30.594  -36.748  -3.161 0.6999999881
56875  29.681  -36.665  -3.539 0.6999999881
57896  28.363  -35.412  -4.159 0.6999999881
131994  31.392  -36.812  -2.651 0.6000000238
58851  28.447  -34.657  -4.089 0.6999999881
59867  27.942  -33.950  -4.170 0.6999999881
59846  26.402  -33.557  -4.408 0.6999999881
134638  25.799  -32.760  -4.452 0.6999999881
55830  32.249  -36.861  -1.993 0.6000000238
56861  30.978  -36.009  -2.996 0.6000000238
57881  29.778  -35.255  -3.530 0.6999999881
58850  29.245  -34.572  -3.708 0.6999999881
56852  32.978  -36.423  -1.314 0.6000000238
59845  27.356  -33.328  -4.232 0.6999999881
60869  26.755  -32.662  -4.319 0.6999999881
136592  25.615  -31.234  -4.473 0.6999999881
56860  31.725  -35.996  -2.472 0.6000000238
58840  30.811  -34.503  -3.019 0.6000000238
59843  29.504  -33.857  -3.543 0.6999999881
129054  28.710  -33.894  -3.848 0.6999999881
60868  27.641  -32.560  -4.055 0.6999999881
133022  27.104  -31.867  -4.195 0.6999999881
139247  26.555  -31.153  -4.313 0.6999999881
56859  32.443  -35.854  -1.929 0.6000000238
57869  31.985  -35.172  -2.332 0.6000000238
58839  31.545  -34.481  -2.591 0.5000000000
59842  30.309  -33.827  -3.252 0.6000000238
59826  29.780  -33.172  -3.393 0.5000000000
60867  28.462  -32.506  -3.742 0.6999999881
61779  28.290  -31.096  -3.730 0.6999999881
65667  34.216  -26.987  -6.463 0.3000000119
65668  33.542  -27.241  -6.704 0.3000000119
65683  32.081  -26.912  -7.457 0.3000000119
27914  21.354  -64.204  -1.306 0.4000000060
141823  20.482  -64.596  -0.673 0.3000000119
27901  19.866  -64.565  -0.333 0.4000000060
138106  22.184  -63.126  -3.332 0.3000000119
29055  19.594  -63.818  -0.163 0.4000000060
31334  21.932  -61.074  -4.426 0.4000000060
30188  19.324  -62.977  -0.257 0.4000000060
32488  21.541  -60.715  -5.368 0.4000000060
128444  21.478  -59.131  -6.169 0.4000000060
150848  21.278  -58.459  -6.514 0.4000000060
34737  21.331  -57.757  -6.543 0.5000000000
35767  19.319  -56.930  -7.399 0.4000000060
30190  17.565  -62.643  -0.810 0.4000000060
39181  18.879  -54.588  -6.974 0.5000000000
30206  17.356  -61.871  -1.336 0.5000000000
40246  17.905  -53.241  -6.755 0.6000000238
31302  17.554  -61.095  -1.519 0.5000000000
32443  17.306  -60.336  -1.866 0.5000000000
32453  16.687  -60.393  -2.329 0.5000000000
41289  18.299  -52.376  -6.555 0.6000000238
33592  17.171  -58.910  -1.754 0.5000000000
125572  15.697  -58.742  -2.538 0.4000000060
43316  18.741  -50.412  -6.162 0.6999999881
36793  17.424  -56.469  -1.507 0.5000000000
45243  18.596  -48.202  -6.068 0.6999999881
37969  18.076  -55.750  -1.442 0.5000000000
46208  18.715  -47.556  -6.052 0.8000000119
47100  18.857  -46.874  -6.088 0.6999999881
137224  17.186  -54.851  -1.574 0.5000000000
39098  17.550  -54.249  -1.552 0.6000000238
51734  31.494  -41.485  1.400 0.6000000238
57868  32.629  -35.044  -1.821 0.5000000000
58838  32.261  -34.426  -2.161 0.5000000000
60850  31.718  -32.317  -2.574 0.5000000000
60852  30.181  -32.522  -3.281 0.5000000000
61777  29.729  -31.697  -3.427 0.5000000000
62797  29.566  -30.511  -3.510 0.5000000000
63772  28.660  -29.210  -3.873 0.5000000000
66627  34.900  -26.651  -6.135 0.3000000119
66640  34.439  -26.199  -6.773 0.3000000119
66642  32.615  -26.211  -7.594 0.3000000119
34666  24.141  -58.115  -2.139 0.6000000238
35719  23.811  -57.583  -3.450 0.6000000238
39080  21.282  -54.477  -0.110 0.8000000119
40243  20.356  -53.122  -6.525 0.6999999881
134031  20.113  -50.898  -5.891 0.6999999881
44285  19.240  -48.861  -5.632 0.6999999881
136837  30.217  -35.974  -3.395 0.6999999881
137690  25.270  -32.034  -4.501 0.6999999881
144629  28.013  -29.214  -4.012 0.6000000238
65669  32.890  -27.056  -7.119 0.3000000119
46201  18.722  -47.446  -5.976 0.8000000119
46218  19.628  -47.663  -6.965 0.6999999881
30205  22.023  -63.073  -1.544 0.4000000060
30204  22.417  -62.281  -1.943 0.4000000060
31326  22.241  -61.768  -3.629 0.3000000119
32462  22.722  -60.744  -2.506 0.5000000000
131928  19.038  -62.147  -0.458 0.5000000000
34738  20.768  -58.079  -6.989 0.3000000119
36869  18.682  -56.111  -7.344 0.4000000060
138517  18.537  -55.139  -1.425 0.6000000238
59844  28.179  -33.227  -3.934 0.6999999881
61794  26.189  -31.951  -4.409 0.6999999881
57880  30.537  -35.256  -3.213 0.6999999881
57870  31.266  -35.235  -2.790 0.6000000238
58849  30.050  -34.545  -3.396 0.6999999881
131025  31.106  -33.689  -2.801 0.5000000000
133036  30.470  -33.189  -3.147 0.6000000238
59827  28.974  -33.184  -3.642 0.6999999881
61792  27.950  -31.814  -3.856 0.6999999881
61793  27.455  -31.092  -4.018 0.6999999881
58828  32.832  -34.379  -1.693 0.5000000000
59825  31.828  -33.164  -2.460 0.5000000000
60851  30.991  -32.789  -2.894 0.5000000000
60853  29.307  -32.477  -3.508 0.5000000000
61778  28.791  -31.781  -3.621 0.5000000000
63754  29.055  -29.802  -3.659 0.5000000000
62799  27.856  -30.373  -3.868 0.6999999881
140602  33.235  -34.856  -1.245 0.5000000000
61776  30.796  -31.860  -3.118 0.5000000000
63753  29.785  -29.817  -3.547 0.5000000000
44308  18.217  -49.732  -6.706 0.6000000238
46219  18.929  -47.846  -6.492 0.6000000238
47107  21.759  -46.560  -7.117 0.5000000000
45257  19.209  -48.465  -7.170 0.6000000238
47108  20.070  -46.797  -6.791 0.6000000238
47105  23.615  -46.636  -7.408 0.5000000000
147780  22.160  -47.022  -7.407 0.5000000000
140023  21.002  -46.916  -7.125 0.6000000238
42283  18.688  -51.726  -1.045 0.5000000000
48153  20.679  -45.507  -6.629 0.6000000238
48148  24.921  -46.003  -6.925 0.5000000000
48150  23.122  -45.958  -7.007 0.5000000000
48127  25.662  -45.599  -6.463 0.5000000000
42271  18.255  -50.958  -0.706 0.4000000060
42272  17.534  -50.900  -0.663 0.4000000060
43260  17.753  -50.189  -0.515 0.4000000060
141242  24.210  -45.448  -6.601 0.5000000000
144125  27.812  -44.887  -5.706 0.5000000000
49125  25.371  -44.867  -5.908 0.5000000000
44245  17.512  -49.338  -0.441 0.4000000060
50054  27.362  -44.270  -5.387 0.5000000000
150473  26.751  -44.316  -5.434 0.5000000000
46153  17.741  -48.002  -0.397 0.4000000060
127550  22.516  -45.507  0.546 0.4000000060
144783  21.854  -45.133  0.483 0.4000000060
48020  21.121  -45.189  0.353 0.4000000060
48029  20.246  -45.210  0.297 0.3000000119
131704  27.103  -43.010  3.158 0.4000000060
49936  25.525  -43.384  2.810 0.4000000060
49024  24.254  -44.558  1.721 0.4000000060
49025  23.340  -44.567  1.226 0.4000000060
137837  26.202  -42.751  3.124 0.4000000060
144030  23.632  -43.991  1.668 0.4000000060
49042  22.439  -44.604  0.769 0.4000000060
49957  23.528  -43.339  1.967 0.4000000060
49026  22.847  -43.745  1.354 0.4000000060
49043  21.506  -44.463  0.552 0.4000000060
49044  20.651  -44.457  0.428 0.4000000060
49003  24.911  -44.001  2.360 0.4000000060
49937  24.685  -43.184  2.594 0.4000000060
136648  26.871  -42.147  3.124 0.4000000060
50830  25.240  -42.415  2.990 0.4000000060
50831  24.314  -42.448  2.698 0.4000000060
49956  24.167  -43.706  2.137 0.4000000060
50832  23.570  -42.598  2.348 0.4000000060
50849  22.899  -42.878  1.854 0.4000000060
49973  21.910  -43.755  0.839 0.4000000060
50833  22.920  -42.092  2.278 0.4000000060
135907  21.685  -42.364  1.397 0.4000000060
51736  30.036  -42.220  2.477 0.4000000060
142566  26.655  -41.422  2.988 0.4000000060
51717  26.048  -41.862  3.139 0.4000000060
141731  25.372  -41.540  3.086 0.4000000060
142227  30.168  -42.957  2.374 0.5000000000
149195  29.369  -42.203  2.588 0.4000000060
135954  28.772  -42.204  2.699 0.4000000060
51716  27.405  -41.477  2.881 0.4000000060
52642  26.005  -40.925  2.954 0.4000000060
52643  24.964  -40.830  3.023 0.4000000060
51718  24.642  -41.680  2.966 0.4000000060
51719  23.753  -41.709  2.689 0.4000000060
136162  23.673  -40.787  2.770 0.4000000060
51737  22.124  -41.652  2.009 0.4000000060
52661  31.144  -41.019  1.911 0.5000000000
51735  30.817  -41.744  2.082 0.5000000000
140324  29.678  -40.833  2.553 0.5000000000
51714  29.283  -41.598  2.612 0.4000000060
52640  27.837  -40.749  2.686 0.4000000060
52641  26.960  -40.767  2.769 0.4000000060
136647  24.263  -41.113  2.925 0.4000000060
52638  30.526  -40.946  2.329 0.5000000000
52639  28.754  -40.777  2.639 0.4000000060
129960  26.492  -40.052  2.654 0.4000000060
127116  30.160  -40.184  2.446 0.4000000060
53631  29.227  -40.032  2.571 0.4000000060
129849  28.284  -39.984  2.574 0.4000000060
129961  27.387  -40.010  2.591 0.4000000060
53634  26.076  -39.280  2.483 0.4000000060
54670  29.500  -38.536  2.260 0.4000000060
55755  29.321  -37.842  2.052 0.4000000060
54671  28.687  -38.206  2.127 0.4000000060
150790  28.102  -38.604  2.212 0.4000000060
55757  27.079  -37.855  1.802 0.4000000060
133586  31.644  -40.486  1.459 0.5000000000
54668  31.249  -39.131  1.958 0.5000000000
54669  30.409  -38.810  2.213 0.4000000060
55756  28.656  -37.326  1.797 0.4000000060
147341  27.919  -37.954  1.902 0.4000000060
55776  26.716  -37.024  1.490 0.3000000119
53662  32.576  -39.407  0.123 0.5000000000
134680  29.784  -39.366  2.413 0.5000000000
129585  28.756  -39.123  2.407 0.4000000060
53632  27.809  -39.253  2.411 0.4000000060
54673  26.575  -38.543  2.187 0.4000000060
54672  27.406  -38.566  2.167 0.4000000060
54687  31.811  -38.682  1.518 0.5000000000
54688  31.049  -38.293  1.959 0.5000000000
55754  30.130  -38.005  2.099 0.4000000060
55775  27.657  -37.176  1.605 0.3000000119
129514  32.758  -37.795  0.536 0.5000000000
55772  31.702  -37.766  1.576 0.5000000000
55774  29.719  -37.242  1.856 0.4000000060
56804  29.212  -36.423  1.633 0.4000000060
56805  28.210  -36.497  1.518 0.3000000119
56806  27.408  -36.416  1.354 0.3000000119
56807  26.715  -36.200  1.170 0.3000000119
55794  32.461  -37.251  1.141 0.5000000000
55793  33.026  -37.155  0.411 0.4000000060
55802  33.235  -36.997  -0.207 0.5000000000
127734  31.096  -35.966  1.621 0.3000000119
56803  30.328  -36.483  1.693 0.4000000060
57805  28.556  -35.772  1.443 0.3000000119
146230  27.873  -35.907  1.331 0.3000000119
57807  26.700  -35.583  0.950 0.3000000119
129309  25.984  -35.876  0.959 0.3000000119
56822  32.349  -36.446  1.315 0.3000000119
56821  32.890  -36.507  0.878 0.4000000060
57821  33.197  -35.839  0.661 0.4000000060
57842  33.477  -35.810  -0.077 0.4000000060
57856  33.349  -35.695  -0.902 0.4000000060
57857  32.975  -35.581  -1.468 0.4000000060
57803  30.280  -35.564  1.595 0.3000000119
148701  29.781  -36.031  1.596 0.3000000119
137793  28.841  -35.021  1.419 0.3000000119
132768  27.962  -35.148  1.227 0.3000000119
57806  27.298  -35.716  1.135 0.3000000119
57824  25.456  -35.156  0.687 0.3000000119
58778  27.124  -34.995  0.940 0.3000000119
57823  26.316  -35.032  0.735 0.3000000119
58791  24.940  -34.445  0.559 0.3000000119
57822  32.707  -35.820  1.182 0.3000000119
58786  33.436  -34.774  0.401 0.3000000119
140119  33.491  -34.333  -0.772 0.4000000060
59815  33.270  -33.970  -1.282 0.4000000060
135110  32.613  -33.627  -1.905 0.4000000060
60836  32.556  -32.673  -2.027 0.4000000060
137698  24.250  -34.594  0.589 0.3000000119
139264  31.360  -35.129  1.595 0.3000000119
57802  31.950  -35.881  1.519 0.3000000119
58788  32.412  -35.135  1.392 0.3000000119
59776  33.276  -34.263  0.743 0.3000000119
60823  33.628  -32.513  -0.401 0.3000000119
60835  33.344  -32.934  -1.209 0.4000000060
141041  33.052  -32.120  -1.611 0.4000000060
61775  31.679  -31.523  -2.713 0.4000000060
145879  31.715  -30.889  -2.840 0.4000000060
138130  31.063  -31.021  -3.181 0.4000000060
62796  30.506  -30.284  -3.395 0.4000000060
58772  32.812  -34.501  1.226 0.3000000119
61761  33.552  -31.764  -1.006 0.3000000119
135755  32.375  -31.109  -2.394 0.4000000060
62794  32.180  -30.398  -2.688 0.4000000060
62795  31.395  -30.374  -3.152 0.4000000060
63769  31.332  -29.135  -3.444 0.4000000060
63770  30.394  -29.328  -3.572 0.4000000060
64679  29.870  -28.588  -3.938 0.4000000060
62758  33.702  -30.890  -0.535 0.3000000119
62780  33.495  -30.780  -1.283 0.3000000119
62781  32.998  -30.549  -2.071 0.3000000119
63750  32.759  -29.650  -2.551 0.4000000060
63768  32.143  -29.042  -3.187 0.4000000060
63751  31.812  -29.753  -3.111 0.4000000060
148149  32.325  -28.556  -3.281 0.3000000119
64678  30.786  -28.496  -3.768 0.4000000060
65618  30.279  -27.869  -4.229 0.3000000119
65619  29.366  -27.945  -4.351 0.3000000119
65620  28.514  -28.018  -4.393 0.4000000060
65640  28.724  -27.264  -4.702 0.3000000119
63737  33.930  -29.540  -0.770 0.3000000119
63738  33.585  -29.882  -1.576 0.3000000119
63749  33.539  -29.084  -2.125 0.3000000119
64662  32.868  -28.695  -2.888 0.3000000119
145607  33.170  -28.038  -3.061 0.3000000119
64676  32.538  -28.102  -3.363 0.3000000119
65616  32.125  -27.467  -3.810 0.3000000119
65617  31.191  -27.748  -4.022 0.3000000119
65638  30.725  -27.193  -4.482 0.3000000119
65637  31.542  -27.039  -4.326 0.3000000119
63717  33.760  -29.048  -0.187 0.3000000119
142904  33.915  -29.189  -1.389 0.3000000119
64661  33.632  -28.315  -2.479 0.3000000119
65604  33.745  -27.523  -2.814 0.3000000119
65636  32.174  -26.788  -4.181 0.3000000119
66607  31.871  -26.356  -4.560 0.3000000119
66606  32.567  -26.213  -4.277 0.3000000119
66608  31.128  -26.550  -4.715 0.3000000119
67581  32.246  -25.631  -4.752 0.3000000119
52637  30.985  -40.353  2.133 0.5000000000
43317  18.266  -50.305  -6.540 0.6000000238
44323  18.027  -50.023  -7.073 0.5000000000
45258  18.637  -48.786  -6.952 0.5000000000
45255  21.242  -48.248  -7.630 0.5000000000
44320  19.848  -49.116  -7.634 0.5000000000
135143  25.376  -46.640  -7.660 0.5000000000
138997  23.299  -47.319  -7.746 0.5000000000
40177  20.291  -53.018  -1.192 0.6000000238
40179  18.969  -53.473  -1.486 0.6000000238
141514  19.106  -52.585  -1.367 0.6000000238
41218  18.273  -52.343  -1.215 0.5000000000
41219  17.517  -52.681  -1.289 0.5000000000
42284  17.700  -51.672  -0.917 0.5000000000
42285  16.946  -51.145  -0.745 0.5000000000
43267  16.482  -50.517  -0.760 0.4000000060
133836  16.902  -49.903  -0.537 0.4000000060
131203  16.695  -49.029  -0.605 0.4000000060
45191  17.029  -48.286  -0.537 0.4000000060
48031  18.803  -45.795  0.043 0.3000000119
48030  19.397  -45.203  0.236 0.3000000119
50852  20.934  -42.312  0.980 0.4000000060
49974  21.058  -43.721  0.598 0.4000000060
51739  21.271  -41.627  1.460 0.4000000060
129959  25.557  -40.059  2.755 0.4000000060
51720  22.929  -41.193  2.506 0.4000000060
148878  21.584  -40.467  2.133 0.4000000060
145650  24.286  -40.545  2.889 0.4000000060
127929  23.305  -39.319  2.688 0.4000000060
54674  25.697  -38.526  2.281 0.4000000060
55758  26.201  -37.827  1.854 0.4000000060
135135  26.137  -36.549  1.308 0.3000000119
57808  25.028  -35.877  0.999 0.3000000119
48126  26.578  -45.737  -6.678 0.5000000000
51738  21.598  -41.066  1.912 0.4000000060
129944  24.663  -39.980  2.818 0.4000000060
53636  24.200  -39.149  2.672 0.4000000060
135561  17.787  -47.201  -0.426 0.4000000060
48151  22.330  -45.908  -6.877 0.5000000000
132948  27.955  -43.275  2.998 0.4000000060
56851  33.316  -36.423  -0.530 0.5000000000
50829  27.837  -42.347  2.968 0.4000000060
54686  32.319  -39.076  0.891 0.5000000000
63771  29.446  -29.215  -3.733 0.4000000060
63752  31.090  -29.790  -3.365 0.4000000060
46217  20.633  -47.566  -7.285 0.6000000238
46215  22.496  -47.439  -7.623 0.5000000000
137163  24.498  -46.620  -7.476 0.5000000000
50850  22.364  -42.407  1.779 0.4000000060
49958  22.166  -43.044  1.322 0.4000000060
50851  21.399  -43.032  0.904 0.4000000060
51713  30.105  -41.478  2.472 0.5000000000
51715  28.301  -41.513  2.742 0.4000000060
52645  22.919  -40.170  2.633 0.4000000060
51721  22.187  -40.739  2.344 0.4000000060
53630  30.680  -39.607  2.241 0.5000000000
53633  26.959  -39.277  2.423 0.4000000060
53648  31.818  -39.549  1.424 0.5000000000
53629  31.331  -39.833  1.887 0.5000000000
54703  32.358  -38.195  1.044 0.5000000000
55773  30.751  -37.415  1.843 0.4000000060
56802  31.539  -36.748  1.598 0.4000000060
58815  33.517  -35.003  -0.358 0.4000000060
138540  33.607  -34.222  -0.044 0.3000000119
61774  32.444  -31.862  -2.200 0.4000000060
61762  33.062  -31.368  -1.743 0.3000000119
64677  31.772  -28.358  -3.547 0.3000000119
148612  33.773  -30.235  -0.847 0.3000000119
64645  34.018  -28.560  -1.706 0.3000000119
64660  34.207  -27.842  -2.041 0.3000000119
35706  16.296  -57.449  -1.828 0.4000000060
36794  16.559  -56.690  -1.673 0.4000000060
36807  15.226  -56.538  -2.266 0.4000000060
36795  15.948  -56.006  -1.810 0.3000000119
137113  16.736  -55.981  -1.622 0.4000000060
37972  15.568  -55.113  -1.930 0.3000000119
39182  17.511  -54.029  -7.123 0.5000000000
39099  16.720  -54.283  -1.582 0.5000000000
39100  15.890  -54.341  -1.713 0.3000000119
41290  17.393  -52.541  -6.930 0.5000000000
42340  17.479  -51.185  -7.124 0.5000000000
138850  16.703  -52.800  -7.615 0.5000000000
40180  17.910  -53.555  -1.483 0.5000000000
40181  17.066  -53.508  -1.476 0.4000000060
139608  17.945  -50.909  -6.710 0.5000000000
41321  16.660  -52.296  -7.905 0.5000000000
43359  17.682  -51.064  -7.833 0.3000000119
43325  17.844  -50.444  -6.940 0.5000000000
43337  17.659  -50.770  -7.324 0.4000000060
44350  18.079  -50.379  -7.460 0.4000000060
42366  19.034  -51.164  -8.283 0.3000000119
43358  18.344  -50.674  -7.963 0.3000000119
43356  20.015  -50.635  -8.199 0.3000000119
44348  19.471  -49.868  -7.829 0.3000000119
44346  21.471  -49.648  -8.193 0.3000000119
44347  20.483  -49.799  -7.983 0.4000000060
44321  18.902  -49.270  -7.403 0.4000000060
43268  15.766  -50.492  -1.169 0.3000000119
46235  23.833  -47.872  -8.271 0.4000000060
45277  22.677  -48.718  -8.276 0.4000000060
45278  21.802  -48.881  -8.032 0.4000000060
44254  16.131  -49.774  -0.824 0.3000000119
46154  17.014  -47.458  -0.639 0.3000000119
49975  20.155  -43.686  0.451 0.3000000119
50865  20.629  -42.998  0.639 0.3000000119
50866  19.909  -42.959  0.481 0.3000000119
138009  20.199  -42.299  0.671 0.3000000119
51752  20.440  -41.515  1.021 0.3000000119
53649  21.165  -39.912  2.095 0.3000000119
52646  21.987  -39.916  2.431 0.3000000119
53651  19.796  -39.416  1.333 0.3000000119
53635  25.166  -39.250  2.590 0.3000000119
143485  22.882  -38.738  2.623 0.3000000119
133182  21.538  -39.034  2.455 0.3000000119
55759  25.323  -37.820  2.042 0.3000000119
54675  24.827  -38.492  2.407 0.3000000119
55760  23.684  -37.844  2.397 0.3000000119
55761  22.916  -38.035  2.561 0.3000000119
54677  22.245  -38.459  2.605 0.3000000119
56793  23.075  -37.105  2.301 0.3000000119
55762  22.123  -37.528  2.520 0.3000000119
55777  25.791  -37.152  1.613 0.3000000119
55778  24.925  -37.169  1.770 0.3000000119
140770  24.487  -37.802  2.225 0.3000000119
56810  23.635  -36.425  1.724 0.3000000119
125838  18.188  -54.525  -7.046 0.5000000000
45254  22.152  -48.139  -7.803 0.4000000060
131423  15.851  -48.984  -1.036 0.3000000119
53650  20.583  -39.215  1.972 0.3000000119
143194  24.129  -38.388  2.474 0.3000000119
40182  16.202  -53.539  -1.572 0.3000000119
134751  16.795  -51.925  -1.061 0.3000000119
42293  15.445  -51.249  -1.518 0.3000000119
30191  16.809  -63.250  -0.820 0.4000000060
29068  16.000  -63.036  -1.282 0.4000000060
151012  16.651  -62.329  -1.419 0.4000000060
30219  14.536  -62.296  -2.239 0.4000000060
31318  14.888  -61.625  -2.745 0.3000000119
31303  16.833  -61.484  -1.838 0.4000000060
31317  15.630  -61.404  -2.604 0.4000000060
141105  15.745  -60.913  -2.859 0.4000000060
35783  19.978  -57.683  -7.357 0.3000000119
31315  16.952  -60.882  -2.064 0.4000000060
32455  15.421  -60.398  -3.150 0.3000000119
33615  14.979  -59.720  -3.404 0.3000000119
32454  16.058  -60.402  -2.698 0.4000000060
34682  14.721  -58.000  -2.912 0.3000000119
126435  14.458  -59.153  -3.559 0.3000000119
35708  14.905  -57.351  -2.599 0.3000000119
33602  16.397  -59.033  -2.241 0.4000000060
34681  15.318  -58.084  -2.530 0.3000000119
35707  15.607  -57.400  -2.177 0.3000000119
30207  15.129  -62.864  -1.644 0.4000000060
30218  15.371  -62.051  -2.179 0.4000000060
36808  14.405  -56.649  -2.849 0.3000000119
147902  18.052  -63.109  -0.451 0.3000000119
35721  13.626  -57.480  -3.738 0.3000000119
27900  20.912  -64.312  -0.805 0.3000000119
29057  17.676  -63.544  -0.440 0.3000000119
29067  21.630  -63.612  -1.211 0.4000000060
29089  22.079  -63.667  -2.866 0.4000000060
30187  20.861  -62.516  -0.353 0.5000000000
30189  18.433  -62.703  -0.481 0.3000000119
30216  22.224  -63.078  -2.476 0.4000000060
30217  16.123  -61.768  -2.045 0.4000000060
30227  22.158  -62.511  -3.732 0.3000000119
31286  22.001  -61.753  -0.674 0.6000000238
31289  19.037  -61.317  -0.611 0.5000000000
31314  22.531  -61.596  -2.735 0.4000000060
31316  16.332  -61.064  -2.435 0.4000000060
32429  21.810  -60.881  -0.390 0.6000000238
32432  18.771  -60.399  -0.776 0.5000000000
33571  22.668  -59.517  -0.578 0.6000000238
33601  16.959  -59.694  -2.093 0.5000000000
33603  15.718  -59.583  -2.794 0.4000000060
33642  21.537  -59.913  -5.695 0.4000000060
33654  20.855  -58.971  -6.869 0.4000000060
34638  22.121  -58.741  0.083 0.6000000238
34639  21.358  -58.633  0.222 0.6000000238
34670  16.717  -58.191  -1.800 0.6000000238
34680  16.005  -58.159  -2.160 0.4000000060
34694  15.008  -58.812  -3.005 0.3000000119
34695  14.162  -58.301  -3.481 0.3000000119
34721  22.405  -58.021  -5.270 0.4000000060
35664  21.102  -57.739  0.281 0.6000000238
35675  23.879  -57.544  -0.481 0.6000000238
35691  24.270  -57.757  -1.321 0.6000000238
35692  18.541  -57.357  -1.008 0.6000000238
35704  24.502  -57.468  -2.163 0.6000000238
35705  23.840  -58.206  -2.854 0.6000000238
35720  14.241  -57.423  -3.141 0.3000000119
35732  22.941  -57.480  -4.765 0.4000000060
35765  21.342  -56.864  -6.610 0.6000000238
35766  20.701  -57.269  -7.029 0.5000000000
36762  24.031  -56.828  -0.114 0.6000000238
36765  21.368  -56.953  0.328 0.6999999881
36773  24.581  -56.523  -0.372 0.8999999762
36806  15.913  -56.817  -1.878 0.4000000060
36817  24.598  -56.430  -3.159 0.8000000119
36829  24.277  -56.060  -3.796 0.8000000119
37934  25.387  -55.045  0.038 0.8999999762
37949  21.453  -55.293  0.157 0.6999999881
37967  25.610  -55.717  -1.289 0.8999999762
37968  19.213  -54.895  -1.270 0.6000000238
37970  17.300  -55.541  -1.555 0.5000000000
37971  16.468  -55.166  -1.653 0.5000000000
37981  25.614  -55.582  -2.146 0.8000000119
37982  25.120  -56.050  -2.639 0.8999999762
39079  25.930  -55.054  -0.708 0.8999999762
39097  19.471  -54.049  -1.359 0.6000000238
39137  24.699  -54.464  -4.070 0.8999999762
39160  19.227  -53.927  -6.733 0.6000000238
39161  18.398  -53.948  -6.790 0.5000000000
39177  22.125  -54.326  -6.146 0.6000000238
39178  21.422  -54.449  -6.475 0.8000000119
40178  19.715  -53.237  -1.401 0.6000000238
40192  27.202  -53.210  -1.920 1.0000000000
40266  17.231  -53.231  -7.097 0.5000000000
41193  24.343  -52.900  0.750 0.8999999762
41201  26.726  -52.598  0.270 0.8999999762
41204  20.568  -52.464  -1.002 0.6999999881
41216  27.548  -52.562  -1.259 1.0000000000
41220  16.533  -52.738  -1.388 0.3000000119
41265  24.406  -52.155  -4.832 0.8000000119
41288  19.135  -51.941  -6.333 0.6999999881
41305  21.983  -52.997  -6.212 0.8000000119
41306  21.188  -53.057  -6.428 0.8000000119
41307  17.106  -51.973  -7.391 0.5000000000
42254  28.295  -50.605  0.092 0.8999999762
42259  23.478  -51.240  0.536 0.8999999762
42266  22.369  -51.684  0.075 0.8999999762
42268  20.790  -51.287  -0.819 0.6000000238
42286  16.215  -51.236  -1.026 0.3000000119
42291  27.310  -51.207  -2.959 1.0000000000
42332  18.458  -51.297  -6.420 0.6000000238
42350  17.193  -51.519  -7.635 0.5000000000
43247  23.212  -50.330  0.337 0.6999999881
43261  17.099  -50.532  -0.595 0.4000000060
43282  27.035  -50.538  -3.371 1.0000000000
43283  26.403  -50.648  -3.802 1.0000000000
43284  25.907  -50.099  -4.205 1.0000000000
43299  23.872  -49.601  -5.137 0.8999999762
43310  24.486  -50.799  -4.892 0.8999999762
43313  21.597  -50.313  -5.662 0.8000000119
43314  20.337  -50.160  -5.675 0.8000000119
43357  19.065  -50.443  -8.033 0.3000000119
44211  25.889  -49.524  1.342 0.8999999762
44239  29.063  -49.570  -0.463 1.0000000000
44283  24.594  -49.502  -4.756 0.8999999762
44284  20.064  -48.860  -5.462 0.8000000119
44286  18.699  -48.868  -5.937 0.6999999881
44295  23.290  -48.932  -5.223 0.8999999762
44298  20.618  -49.482  -5.531 0.8000000119
44300  18.549  -49.625  -6.228 0.6000000238
44307  18.371  -49.243  -6.824 0.5000000000
44322  18.358  -49.611  -7.179 0.5000000000
44349  18.651  -50.031  -7.634 0.4000000060
45176  23.447  -48.834  0.352 0.8000000119
45177  22.618  -48.633  -0.024 0.6999999881
45187  20.318  -48.772  -0.461 0.5000000000
45189  18.061  -48.736  -0.363 0.4000000060
45190  17.399  -48.688  -0.454 0.4000000060
45230  20.233  -47.573  -5.374 0.8999999762
45248  18.662  -48.443  -6.397 0.8000000119
45256  20.230  -48.343  -7.450 0.6000000238
45279  20.865  -49.020  -7.810 0.4000000060
46142  22.628  -47.810  0.119 0.6000000238
46150  19.950  -47.533  -0.324 0.5000000000
46189  25.047  -47.413  -4.262 0.8999999762
46192  22.110  -47.288  -5.099 0.8999999762
46194  19.275  -47.504  -5.633 0.8999999762
46214  24.150  -47.224  -7.900 0.4000000060
46216  21.647  -47.418  -7.451 0.5000000000
46236  22.987  -48.003  -8.051 0.5000000000
47011  26.753  -46.717  2.109 0.8000000119
47026  23.380  -46.732  0.547 0.6000000238
47036  29.992  -46.672  -0.216 1.0000000000
47056  28.902  -46.600  -2.149 1.0000000000
47095  18.850  -46.771  -6.025 0.8000000119
47106  22.689  -46.675  -7.347 0.5000000000
47982  25.955  -44.932  2.359 0.5000000000
48019  23.328  -45.892  0.687 0.5000000000
48028  30.392  -45.541  -0.500 0.8999999762
48076  22.514  -45.161  -4.534 0.8999999762
48111  19.228  -45.264  -5.997 0.8999999762
48128  24.781  -45.216  -6.342 0.5000000000
48129  23.444  -45.237  -6.627 0.6000000238
48131  22.034  -45.062  -6.668 0.6999999881
48132  21.240  -45.092  -6.643 0.8000000119
48149  23.951  -46.013  -6.951 0.5000000000
48154  19.746  -45.208  -6.337 0.8000000119
49041  23.093  -45.164  0.815 0.4000000060
49085  26.367  -45.005  -3.321 1.0000000000
49090  21.321  -44.291  -4.612 0.8999999762
49091  20.599  -44.211  -4.827 0.8999999762
49098  20.077  -44.544  -5.279 0.8999999762
49107  25.032  -44.013  -5.636 0.6000000238
49108  19.398  -44.628  -5.975 0.8999999762
49124  26.296  -45.219  -5.941 0.5000000000
49127  23.347  -44.422  -6.385 0.6000000238
49131  19.447  -44.697  -6.083 0.8000000119
49935  26.436  -43.647  2.974 0.4000000060
49938  24.043  -43.068  2.381 0.4000000060
50013  23.927  -42.897  -3.705 0.8999999762
50021  23.369  -43.264  -4.001 0.8999999762
50040  26.640  -43.727  -5.304 0.6000000238
50045  19.733  -43.976  -5.806 0.8999999762
50053  28.266  -44.195  -5.415 0.5000000000
50056  22.456  -43.476  -6.331 0.8000000119
50847  31.232  -42.269  1.509 0.6000000238
50909  19.975  -42.425  -4.998 0.8999999762
50914  28.950  -42.382  -5.312 0.6000000238
50918  25.037  -42.336  -5.386 0.6000000238
50929  22.584  -42.057  -5.789 0.6999999881
51782  28.453  -41.332  -2.459 0.8000000119
51787  22.984  -41.108  -3.563 1.0000000000
51798  22.204  -41.633  -3.915 0.8999999762
51816  27.394  -41.589  -5.334 0.6000000238
51821  22.109  -41.299  -5.686 0.6999999881
52644  23.840  -39.993  2.814 0.4000000060
52703  27.779  -40.327  -2.731 0.8999999762
52705  25.435  -40.916  -2.955 1.0000000000
52716  24.725  -39.776  -3.382 1.0000000000
52724  20.477  -40.234  -4.853 0.8999999762
52736  24.862  -40.787  -5.575 0.6999999881
53637  22.479  -39.267  2.593 0.3000000119
53683  31.339  -39.959  -1.939 0.6999999881
53701  27.519  -39.844  -2.997 0.8000000119
53704  23.557  -39.932  -3.419 1.0000000000
53705  22.688  -39.682  -3.550 1.0000000000
53706  21.757  -39.780  -3.770 0.8999999762
53720  21.213  -39.113  -4.140 0.8999999762
53729  20.567  -38.829  -4.928 0.8999999762
53742  22.573  -39.893  -5.607 0.8000000119
53743  21.778  -39.765  -5.553 0.8999999762
54676  23.509  -38.591  2.578 0.3000000119
54761  23.828  -38.760  -3.702 1.0000000000
54765  20.807  -38.368  -4.642 0.8999999762
54781  20.656  -38.361  -5.045 0.8999999762
54795  20.959  -38.713  -5.326 0.8999999762
55792  33.287  -36.478  0.245 0.5000000000
55848  21.617  -37.361  -4.294 1.0000000000
55864  27.024  -36.830  -4.321 0.8000000119
55865  26.367  -37.058  -4.373 0.8999999762
55866  25.611  -37.304  -4.356 0.8999999762
55867  20.587  -37.464  -4.916 0.8999999762
55901  20.873  -37.899  -5.209 0.8999999762
55909  26.406  -37.318  -7.482 0.6000000238
56880  23.339  -36.895  -4.367 1.0000000000
56883  20.754  -36.137  -4.701 0.8999999762
56911  23.997  -36.934  -6.586 0.6999999881
56913  22.291  -36.787  -6.061 0.8000000119
56914  21.434  -36.834  -5.640 0.8999999762
56915  20.741  -37.072  -5.177 0.8999999762
57882  29.039  -35.301  -3.854 0.6999999881
57900  20.403  -35.395  -4.937 0.8999999762
58787  33.102  -35.093  0.942 0.3000000119
58856  20.522  -34.619  -4.843 0.8999999762
58869  27.712  -34.622  -4.309 0.8000000119
58885  20.478  -34.595  -5.070 0.8000000119
58896  21.700  -34.147  -6.017 0.8000000119
58897  20.998  -34.360  -5.515 0.8000000119
59781  24.286  -33.800  0.491 0.3000000119
59814  33.550  -33.645  -0.647 0.3000000119
59852  20.592  -33.940  -4.861 0.8000000119
59868  27.160  -34.080  -4.342 0.6999999881
59885  20.489  -33.950  -4.959 0.8000000119
59892  28.081  -33.312  -6.473 0.5000000000
60896  21.023  -32.469  -5.017 0.8000000119
60909  21.570  -32.230  -6.013 0.8000000119
61797  22.878  -31.775  -4.612 0.8999999762
61829  21.546  -31.719  -5.266 0.8000000119
61845  21.650  -31.568  -5.839 0.8000000119
62798  28.677  -30.433  -3.662 0.6999999881
62837  23.009  -30.045  -4.806 0.8000000119
62861  22.374  -30.336  -5.361 0.8000000119
62893  23.640  -29.864  -6.389 0.6000000238
62894  23.005  -29.428  -6.178 0.6999999881
63755  28.288  -29.760  -3.810 0.6000000238
63773  27.538  -29.630  -4.065 0.6000000238
63789  22.700  -29.883  -5.069 0.8000000119
63822  22.875  -29.021  -5.856 0.6999999881
63831  23.420  -29.027  -6.166 0.6000000238
63832  22.947  -29.042  -6.050 0.6999999881
64680  29.013  -28.640  -4.096 0.3000000119
64681  28.212  -28.670  -4.176 0.4000000060
64684  25.586  -28.298  -4.566 0.6999999881
64701  24.057  -28.051  -5.275 0.6000000238
64702  23.464  -28.561  -5.145 0.8000000119
64717  23.543  -28.407  -5.485 0.6000000238
64728  29.545  -28.292  -6.610 0.5000000000
64733  24.059  -28.353  -6.121 0.6999999881
65615  32.991  -27.458  -3.409 0.3000000119
65623  25.851  -27.712  -4.661 0.6000000238
65644  24.696  -27.490  -5.248 0.6999999881
65658  25.102  -26.975  -5.662 0.6000000238
65675  26.644  -27.397  -6.713 0.6000000238
65684  31.143  -26.809  -7.598 0.4000000060
65686  29.444  -26.753  -7.518 0.4000000060
65689  26.372  -26.722  -6.692 0.6000000238
66626  35.546  -26.194  -5.775 0.3000000119
66629  26.308  -26.210  -5.950 0.6000000238
66643  26.911  -25.844  -6.633 0.5000000000
66661  26.580  -26.194  -6.661 0.6000000238
67583  30.124  -25.690  -5.661 0.4000000060
67586  27.605  -25.411  -6.652 0.4000000060
67609  28.374  -25.034  -7.361 0.4000000060
67622  29.409  -25.349  -7.842 0.4000000060
67623  28.771  -25.104  -7.684 0.4000000060
67628  29.364  -24.939  -7.732 0.4000000060
68582  29.609  -24.639  -7.239 0.4000000060
68597  29.317  -24.820  -7.537 0.4000000060
124941  25.428  -54.331  0.326 0.8999999762
125402  18.945  -48.747  -0.400 0.5000000000
125409  23.463  -56.392  0.323 0.6999999881
125875  20.848  -53.879  -0.516 0.6999999881
126255  22.665  -56.290  0.458 0.6999999881
126862  24.758  -34.132  -6.597 0.6999999881
127434  20.326  -40.942  -5.013 0.8999999762
127572  19.965  -51.692  -6.181 0.6999999881
128036  19.090  -49.541  -0.484 0.5000000000
129137  15.856  -62.395  -1.709 0.4000000060
129256  18.464  -48.981  -6.355 0.6000000238
129815  24.723  -53.818  0.614 0.8999999762
130021  19.079  -58.887  -0.602 0.5000000000
130137  22.974  -53.248  0.488 0.8999999762
130251  22.458  -58.799  -4.780 0.4000000060
130401  33.414  -35.308  0.383 0.3000000119
131251  16.395  -59.845  -2.479 0.4000000060
131599  19.495  -56.163  -0.673 0.6999999881
131867  19.251  -47.060  -6.460 0.6999999881
132189  20.046  -43.535  -5.779 0.8999999762
132409  25.559  -29.842  -4.476 0.8000000119
132637  22.716  -36.230  -6.239 0.6999999881
132839  22.286  -59.268  -0.203 0.6000000238
133657  24.831  -44.581  -3.889 1.0000000000
133897  21.473  -52.976  -0.324 0.8000000119
134456  17.673  -51.682  -6.795 0.5000000000
134894  21.134  -32.679  -5.481 0.8000000119
134973  22.871  -38.070  -6.071 0.6999999881
135141  22.828  -44.088  -6.407 0.8000000119
135204  19.026  -64.512  -0.122 0.4000000060
135329  20.821  -63.279  -0.440 0.4000000060
135593  23.940  -52.086  0.771 0.8999999762
135998  23.654  -38.112  -4.018 1.0000000000
136377  29.531  -35.868  -3.650 0.8000000119
136739  19.889  -47.124  -5.416 0.8999999762
137204  21.024  -50.023  -5.616 0.8000000119
137996  26.050  -51.829  -3.788 1.0000000000
138191  17.894  -58.791  -1.381 0.5000000000
138302  25.678  -43.138  -3.216 1.0000000000
138628  31.881  -33.876  -2.406 0.5000000000
138725  30.226  -31.081  -3.371 0.4000000060
139346  27.475  -29.754  -6.139 0.6000000238
139489  18.373  -53.042  -1.415 0.5000000000
139607  29.101  -31.100  -3.560 0.5000000000
140082  30.429  -26.685  -4.809 0.4000000060
140592  20.600  -50.482  -0.683 0.6000000238
140748  18.458  -58.651  -0.988 0.6000000238
140902  21.203  -47.332  -5.248 0.8999999762
140993  20.877  -46.263  -6.803 0.6000000238
141197  27.670  -38.720  -3.508 0.8000000119
141260  26.693  -47.292  -3.437 1.0000000000
141501  20.456  -40.877  -5.152 0.8999999762
142632  24.381  -43.278  -3.662 1.0000000000
143292  26.714  -51.999  0.522 0.8999999762
143331  22.092  -48.071  -0.156 0.6999999881
143415  24.558  -42.849  -3.501 1.0000000000
144252  24.178  -57.738  -2.715 0.6999999881
144957  20.575  -61.794  -0.278 0.5000000000
146423  22.083  -31.968  -4.733 0.8999999762
146559  21.522  -35.708  -4.481 0.8999999762
146896  29.656  -31.092  -3.461 0.5000000000
147332  28.048  -34.996  -4.276 0.6999999881
147646  24.223  -34.930  -6.541 0.6999999881
147884  30.005  -44.611  -1.529 0.8000000119
148331  26.220  -54.410  -0.471 0.8999999762
148361  20.668  -42.775  -4.504 0.8999999762
148520  29.079  -41.539  -5.416 0.6000000238
148525  18.450  -53.591  -1.495 0.5000000000
148526  20.082  -56.887  -7.265 0.3000000119
148876  27.301  -42.271  -2.534 1.0000000000
149481  26.803  -28.173  -6.561 0.6000000238
149582  28.203  -47.954  1.589 0.8999999762
149588  18.362  -50.739  -6.438 0.5000000000
149749  23.322  -30.622  -6.418 0.6999999881
149754  22.450  -54.838  -5.891 0.6999999881
150143  26.930  -44.808  -5.625 0.5000000000
150194  20.445  -34.291  -4.925 0.8999999762
150196  28.427  -36.556  -3.999 0.8000000119
150242  22.243  -35.367  -4.434 1.0000000000
150295  23.968  -52.489  -5.114 0.8000000119
150675  23.600  -58.613  -2.902 0.6000000238
150885  27.376  -52.917  -1.578 0.8999999762
