# sub-07 hemi-L FacesvsAllnoFace_scaled Cluster_4
18
4937 -18.647000 -81.231000 -14.592000 1
5603 -18.125000 -80.996000 -14.192000 1
5619 -18.726000 -80.640000 -14.793000 1
5620 -19.605000 -80.482000 -15.714000 1
5621 -19.881000 -80.940000 -15.551000 1
5631 -19.926000 -80.276000 -16.176000 1
5643 -20.369000 -80.004000 -16.517000 1
6322 -19.179000 -80.200000 -15.412000 1
6337 -19.654000 -79.998000 -16.122000 1
6349 -19.768000 -79.413000 -16.388000 1
6350 -20.072000 -79.593000 -16.643000 1
6351 -20.632000 -79.544000 -16.977000 1
6361 -20.479000 -78.991000 -17.278000 1
7108 -19.492000 -79.474000 -15.727000 1
7109 -19.771000 -78.821000 -16.091000 1
7988 -20.473000 -78.366000 -17.382000 1
110480 -19.192000 -80.879000 -15.219000 1
116310 -19.986000 -78.986000 -16.903000 1
