# sub-07 hemi-R RWvsFF_scaled Cluster_52
15
54756 38.300000 -26.333000 -11.319000 1
54757 37.800000 -26.786000 -10.606000 1
55770 38.265000 -25.333000 -10.909000 1
56665 38.521000 -24.372000 -10.877000 1
57569 39.497000 -23.289000 -11.546000 1
57584 39.382000 -24.190000 -11.684000 1
58499 38.760000 -22.577000 -10.708000 1
58514 40.397000 -23.130000 -12.345000 1
59466 39.660000 -21.449000 -11.645000 1
60424 39.170000 -20.646000 -11.313000 1
60438 39.952000 -20.823000 -12.108000 1
110966 39.566000 -22.329000 -11.508000 1
112964 38.797000 -21.486000 -10.740000 1
113368 37.693000 -26.063000 -10.220000 1
122960 40.218000 -21.414000 -12.179000 1
