# sub-07 hemi-R LimbsvsAllnoLimbs_scaled Cluster_28
100
28896 46.602000 -53.035000 1.250000 1
28897 45.854000 -52.801000 1.177000 1
28904 48.700000 -53.612000 0.882000 1
28905 47.872000 -53.539000 1.023000 1
28906 46.907000 -53.308000 1.034000 1
28908 45.743000 -52.805000 0.868000 1
28929 49.114000 -53.158000 0.104000 1
28930 48.182000 -53.245000 0.325000 1
28931 47.241000 -53.177000 0.501000 1
28932 46.373000 -53.026000 0.660000 1
29982 50.593000 -52.102000 1.955000 1
29983 49.702000 -51.922000 1.688000 1
29984 49.039000 -52.720000 1.594000 1
29985 47.223000 -52.602000 1.549000 1
29986 46.328000 -52.388000 1.480000 1
29987 45.541000 -52.139000 1.354000 1
29996 45.242000 -52.290000 1.034000 1
29997 44.674000 -51.605000 0.539000 1
30018 46.686000 -52.578000 -0.222000 1
30020 40.243000 -51.358000 -0.687000 1
30021 39.714000 -51.374000 0.014000 1
31038 49.528000 -50.717000 1.513000 1
31039 47.933000 -51.711000 1.612000 1
31040 47.036000 -51.570000 1.614000 1
31041 46.131000 -51.423000 1.582000 1
31042 45.168000 -51.338000 1.435000 1
31052 44.159000 -50.962000 0.808000 1
31053 43.382000 -50.329000 0.383000 1
31054 40.409000 -50.141000 0.031000 1
31055 39.828000 -50.593000 0.359000 1
31071 41.375000 -50.402000 -0.903000 1
31072 40.668000 -50.560000 -0.584000 1
31073 40.144000 -50.767000 -0.226000 1
32079 49.363000 -49.637000 1.400000 1
32084 44.341000 -49.747000 1.408000 1
32085 43.548000 -49.374000 1.205000 1
32086 40.520000 -49.067000 1.085000 1
32087 40.013000 -49.340000 1.409000 1
32095 43.721000 -50.308000 1.026000 1
32097 42.230000 -49.429000 0.394000 1
32098 41.408000 -49.381000 0.327000 1
32099 40.747000 -49.481000 0.421000 1
32100 40.059000 -49.775000 0.757000 1
32112 42.567000 -49.960000 -0.020000 1
32113 41.751000 -49.834000 -0.252000 1
32114 41.026000 -49.922000 -0.219000 1
33043 40.441000 -48.050000 4.668000 1
33044 39.898000 -48.909000 4.391000 1
33063 40.394000 -48.288000 3.756000 1
33064 39.878000 -48.894000 3.469000 1
33076 40.312000 -48.428000 2.826000 1
33084 49.176000 -48.632000 1.416000 1
33085 48.183000 -48.662000 1.356000 1
33089 44.292000 -48.623000 1.448000 1
33090 43.392000 -48.403000 1.392000 1
33091 42.487000 -48.228000 1.377000 1
33092 41.628000 -48.331000 1.347000 1
33093 40.921000 -48.425000 1.482000 1
33094 40.253000 -48.757000 1.916000 1
33103 42.758000 -49.028000 1.002000 1
33104 41.911000 -48.843000 0.864000 1
33105 41.145000 -48.872000 0.875000 1
34058 40.875000 -47.184000 4.583000 1
34075 41.301000 -47.221000 3.273000 1
34089 42.080000 -47.317000 2.129000 1
34090 41.361000 -47.506000 2.539000 1
34091 40.806000 -48.067000 2.224000 1
34100 49.427000 -47.751000 1.629000 1
34106 44.168000 -47.567000 1.573000 1
34107 43.196000 -47.597000 1.641000 1
34108 42.539000 -47.591000 1.744000 1
34109 41.442000 -47.881000 1.865000 1
35088 42.209000 -46.246000 3.154000 1
35089 41.684000 -46.662000 3.406000 1
35090 41.300000 -46.862000 3.943000 1
35103 43.271000 -46.314000 2.271000 1
35104 42.538000 -46.614000 2.520000 1
35105 41.846000 -46.922000 2.819000 1
35121 44.631000 -46.600000 1.682000 1
35122 43.695000 -46.838000 1.822000 1
35123 42.879000 -47.013000 1.962000 1
36061 42.514000 -45.432000 3.515000 1
36062 41.783000 -45.994000 3.912000 1
36077 43.585000 -45.536000 2.573000 1
36078 42.893000 -45.868000 2.859000 1
36091 45.358000 -45.222000 1.964000 1
36092 44.739000 -45.679000 1.933000 1
36093 44.020000 -46.025000 2.047000 1
104272 39.634000 -49.335000 5.005000 1
104350 45.405000 -46.009000 1.670000 1
104908 44.267000 -45.247000 2.363000 1
106694 48.625000 -49.371000 1.356000 1
107774 48.838000 -51.776000 1.609000 1
109481 45.806000 -52.501000 0.156000 1
111211 40.814000 -47.809000 3.066000 1
111623 39.586000 -49.418000 3.896000 1
114503 42.027000 -47.845000 1.670000 1
115095 48.181000 -52.838000 1.555000 1
115285 40.856000 -47.579000 3.895000 1
120809 45.102000 -51.953000 1.227000 1
