# sub-07 hemi-L FacesvsAllnoFace_scaled Cluster_9
73
8638 -46.150000 -76.833000 3.065000 1
9564 -47.125000 -76.515000 3.645000 1
9580 -45.858000 -76.204000 1.997000 1
9581 -46.730000 -75.669000 2.582000 1
9582 -47.474000 -75.687000 3.324000 1
9597 -45.785000 -76.094000 0.903000 1
9598 -46.440000 -75.477000 1.459000 1
9611 -46.463000 -75.540000 0.394000 1
10503 -48.171000 -75.357000 3.580000 1
10504 -48.963000 -74.851000 3.805000 1
10518 -47.067000 -75.000000 1.819000 1
10519 -47.656000 -74.892000 2.512000 1
10520 -48.570000 -74.454000 2.758000 1
10532 -47.115000 -74.949000 0.908000 1
10533 -47.796000 -74.566000 1.436000 1
10534 -48.510000 -74.234000 1.832000 1
10542 -48.124000 -74.608000 0.387000 1
10543 -48.811000 -74.199000 0.922000 1
11399 -49.370000 -74.011000 2.883000 1
11400 -49.899000 -74.092000 3.735000 1
11401 -50.743000 -73.447000 4.012000 1
11414 -51.102000 -72.526000 2.522000 1
11424 -49.387000 -73.788000 1.975000 1
12305 -51.806000 -72.208000 4.576000 1
12316 -51.514000 -72.220000 3.406000 1
12317 -51.862000 -71.477000 3.592000 1
12331 -51.226000 -71.538000 1.983000 1
12349 -50.310000 -71.787000 -0.084000 1
13160 -51.972000 -70.916000 3.541000 1
13161 -52.178000 -71.331000 4.388000 1
13176 -50.742000 -70.980000 1.883000 1
13177 -51.607000 -71.290000 2.777000 1
13195 -50.908000 -71.404000 1.299000 1
13207 -50.247000 -71.488000 0.511000 1
14101 -51.196000 -69.857000 4.726000 1
14102 -52.205000 -69.977000 4.743000 1
14103 -52.735000 -70.268000 5.475000 1
14112 -51.777000 -70.425000 3.936000 1
14113 -52.268000 -70.655000 4.450000 1
14128 -51.474000 -70.726000 3.094000 1
15008 -52.982000 -68.990000 6.188000 1
15017 -49.355000 -68.888000 4.944000 1
15018 -49.929000 -69.613000 4.902000 1
15019 -51.542000 -69.318000 5.428000 1
15020 -52.590000 -69.520000 5.597000 1
15021 -53.057000 -69.581000 6.203000 1
15868 -52.955000 -67.067000 6.324000 1
15869 -52.972000 -68.095000 6.546000 1
15876 -50.121000 -68.778000 5.352000 1
15877 -51.937000 -67.971000 5.966000 1
15878 -52.178000 -68.727000 5.862000 1
15884 -48.784000 -68.428000 4.502000 1
15885 -49.677000 -67.942000 5.002000 1
16685 -50.767000 -67.927000 5.590000 1
16686 -52.024000 -67.062000 5.658000 1
16693 -48.988000 -67.627000 4.303000 1
16698 -49.505000 -67.004000 3.910000 1
17605 -52.319000 -66.273000 5.155000 1
17612 -50.589000 -66.635000 4.246000 1
17613 -51.944000 -66.094000 4.480000 1
105984 -51.038000 -68.690000 5.663000 1
109078 -50.765000 -71.625000 0.852000 1
112980 -49.442000 -73.856000 1.215000 1
114739 -45.493000 -77.050000 2.327000 1
114970 -51.264000 -70.941000 2.366000 1
115085 -45.203000 -77.012000 1.370000 1
115489 -50.633000 -69.247000 5.340000 1
118134 -50.371000 -73.268000 2.230000 1
122335 -49.801000 -67.213000 4.535000 1
122705 -51.465000 -71.833000 2.532000 1
123404 -50.545000 -73.283000 3.056000 1
123550 -50.860000 -66.989000 5.059000 1
124395 -49.871000 -71.651000 -0.454000 1
