# sub-07 hemi-L LimbsvsAllnoLimbs_scaled Cluster_7
13
16657 -53.122000 -67.719000 7.575000 1
17575 -52.513000 -66.286000 7.712000 1
17576 -53.151000 -66.583000 7.354000 1
17584 -53.070000 -65.772000 6.431000 1
17585 -53.250000 -66.296000 6.913000 1
18501 -52.193000 -65.441000 7.255000 1
18502 -53.103000 -65.790000 7.006000 1
18526 -51.649000 -64.743000 6.728000 1
18527 -52.766000 -64.990000 6.344000 1
19421 -51.113000 -64.229000 6.163000 1
19422 -52.185000 -64.370000 6.024000 1
19430 -52.635000 -64.483000 5.505000 1
119363 -53.121000 -67.165000 7.655000 1
