# sub-07 hemi-R RWvsFF_scaled Cluster_33
22
34261 43.581000 -47.399000 -14.615000 1
34262 42.496000 -47.057000 -15.049000 1
34266 43.385000 -47.167000 -15.193000 1
35281 44.140000 -47.091000 -15.325000 1
35282 41.542000 -46.759000 -14.785000 1
35286 43.927000 -46.841000 -16.050000 1
35287 42.988000 -46.699000 -15.809000 1
35288 41.951000 -46.415000 -15.589000 1
35290 44.565000 -46.518000 -16.984000 1
35291 43.634000 -46.334000 -16.692000 1
36264 40.930000 -46.116000 -15.314000 1
36266 42.576000 -45.996000 -16.349000 1
36267 41.556000 -45.629000 -16.078000 1
36268 44.373000 -46.014000 -17.659000 1
36269 43.303000 -45.483000 -17.223000 1
36270 42.317000 -45.177000 -16.750000 1
37281 39.616000 -45.030000 -15.103000 1
106782 40.559000 -45.145000 -15.698000 1
115531 44.624000 -46.750000 -16.319000 1
116302 43.032000 -47.530000 -14.474000 1
117998 42.261000 -47.303000 -14.224000 1
120958 43.893000 -47.367000 -14.421000 1
