# sub-07 hemi-R LimbsvsAllnoLimbs_scaled Cluster_20
76
15772 32.327000 -65.026000 -3.280000 1
16781 32.365000 -64.084000 -2.941000 1
16800 32.597000 -64.283000 -3.801000 1
16818 32.818000 -64.453000 -4.657000 1
17867 32.528000 -63.419000 -3.504000 1
17881 32.718000 -63.622000 -4.346000 1
18873 32.260000 -62.350000 -2.271000 1
18887 32.495000 -62.446000 -3.276000 1
18912 32.620000 -62.192000 -4.153000 1
18927 32.939000 -62.412000 -6.246000 1
19876 32.592000 -61.537000 -3.607000 1
19892 32.678000 -61.416000 -4.454000 1
19902 32.771000 -61.414000 -5.300000 1
19912 32.929000 -61.580000 -6.174000 1
20807 32.027000 -60.736000 -1.483000 1
20819 32.397000 -60.792000 -2.219000 1
20837 32.660000 -60.715000 -3.111000 1
20857 32.891000 -60.472000 -4.928000 1
20873 32.916000 -60.855000 -5.771000 1
21831 29.628000 -59.154000 -1.033000 1
21841 31.862000 -59.411000 -1.311000 1
21843 29.398000 -58.849000 -1.635000 1
21844 29.052000 -59.483000 -1.542000 1
21854 32.934000 -58.979000 -2.652000 1
21855 32.299000 -59.975000 -1.799000 1
21856 28.988000 -59.069000 -2.272000 1
21866 33.175000 -59.255000 -3.606000 1
21879 32.884000 -60.104000 -3.868000 1
22832 30.349000 -58.999000 -0.829000 1
22846 31.849000 -58.586000 -1.470000 1
22847 31.200000 -59.013000 -0.970000 1
22848 30.714000 -58.477000 -1.194000 1
22849 30.007000 -58.412000 -1.401000 1
22862 33.042000 -58.124000 -2.514000 1
22863 32.446000 -58.090000 -1.965000 1
22864 29.477000 -58.367000 -2.134000 1
22875 33.401000 -58.410000 -3.293000 1
23920 31.722000 -57.843000 -1.666000 1
23921 30.770000 -57.818000 -1.644000 1
23933 32.866000 -57.303000 -2.457000 1
23934 32.224000 -57.408000 -2.061000 1
23935 31.433000 -57.081000 -2.150000 1
23936 30.454000 -57.301000 -2.382000 1
23937 30.012000 -57.846000 -1.988000 1
23947 33.527000 -57.471000 -3.038000 1
23948 30.157000 -57.003000 -3.206000 1
23958 33.823000 -57.903000 -3.860000 1
25012 33.012000 -56.435000 -2.754000 1
25013 32.299000 -56.716000 -2.413000 1
25014 31.670000 -56.286000 -2.720000 1
25028 33.621000 -56.624000 -3.155000 1
25029 31.199000 -56.001000 -3.309000 1
25030 30.585000 -56.435000 -3.465000 1
25042 30.074000 -56.749000 -4.175000 1
25944 32.431000 -56.036000 -2.801000 1
25956 32.682000 -55.524000 -3.222000 1
25957 31.934000 -55.622000 -3.204000 1
25968 31.419000 -55.292000 -3.935000 1
25969 30.674000 -55.960000 -4.034000 1
103573 32.574000 -60.194000 -2.483000 1
104918 32.716000 -60.856000 -3.985000 1
105187 29.662000 -57.772000 -2.852000 1
108352 32.447000 -59.005000 -1.869000 1
109971 32.930000 -63.018000 -5.798000 1
109972 32.754000 -62.834000 -4.843000 1
111783 32.801000 -62.215000 -5.541000 1
112092 32.690000 -62.019000 -4.838000 1
112333 31.276000 -58.320000 -1.333000 1
112800 29.647000 -57.496000 -3.832000 1
113738 33.388000 -55.805000 -3.263000 1
115669 32.624000 -62.899000 -4.011000 1
118466 32.912000 -55.915000 -2.931000 1
118523 32.626000 -59.601000 -2.337000 1
121353 31.835000 -60.119000 -1.250000 1
123325 32.715000 -58.541000 -2.219000 1
123804 33.301000 -56.921000 -2.779000 1
