# sub-07 hemi-L LimbsvsAllnoLimbs_scaled Cluster_22
27
42376 -51.263000 -40.407000 -13.735000 1
43195 -50.666000 -38.858000 -9.259000 1
43196 -51.738000 -39.113000 -9.681000 1
43200 -50.741000 -39.342000 -9.992000 1
43201 -51.803000 -39.882000 -10.377000 1
43202 -52.782000 -40.256000 -10.664000 1
43206 -50.802000 -39.535000 -10.652000 1
43210 -50.862000 -39.524000 -11.546000 1
43216 -51.446000 -39.919000 -13.085000 1
43222 -50.818000 -39.610000 -13.648000 1
44173 -50.791000 -38.350000 -8.428000 1
44174 -51.816000 -38.286000 -8.910000 1
44182 -49.612000 -38.480000 -9.031000 1
44189 -49.420000 -38.153000 -9.742000 1
44193 -50.349000 -38.219000 -11.929000 1
44196 -50.573000 -38.825000 -13.237000 1
45250 -49.773000 -37.707000 -10.903000 1
45255 -50.101000 -36.896000 -12.298000 1
45260 -49.845000 -37.154000 -12.750000 1
45263 -49.408000 -37.629000 -13.073000 1
46282 -49.686000 -36.092000 -12.359000 1
104810 -50.277000 -37.818000 -12.883000 1
106388 -50.070000 -38.690000 -10.697000 1
106957 -49.976000 -38.839000 -9.925000 1
107034 -50.055000 -38.068000 -13.280000 1
118375 -50.724000 -39.005000 -12.405000 1
120061 -52.868000 -39.200000 -10.307000 1
