# sub-07 hemi-L RWvsPER_scaled Cluster_8
91
12329 -47.765000 -71.587000 1.717000 1
12338 -44.918000 -71.757000 1.501000 1
12339 -46.836000 -71.960000 1.226000 1
12345 -44.970000 -72.124000 0.615000 1
12346 -46.404000 -72.130000 0.399000 1
12352 -45.018000 -72.106000 -0.374000 1
13173 -47.061000 -70.827000 3.081000 1
13174 -48.096000 -71.006000 3.086000 1
13190 -44.324000 -71.239000 1.737000 1
13191 -45.119000 -71.257000 2.124000 1
13192 -46.652000 -71.608000 2.191000 1
13204 -44.022000 -71.731000 1.083000 1
13205 -45.779000 -71.746000 1.870000 1
14101 -51.196000 -69.857000 4.726000 1
14102 -52.205000 -69.977000 4.743000 1
14109 -48.456000 -70.049000 4.033000 1
14110 -49.428000 -70.175000 4.151000 1
14124 -46.707000 -70.174000 3.214000 1
14125 -47.678000 -70.289000 3.589000 1
14126 -48.845000 -70.582000 3.549000 1
14142 -44.699000 -70.635000 2.157000 1
14143 -45.473000 -70.668000 2.492000 1
14144 -46.254000 -70.712000 2.809000 1
14153 -43.944000 -70.572000 1.786000 1
15008 -52.982000 -68.990000 6.188000 1
15017 -49.355000 -68.888000 4.944000 1
15018 -49.929000 -69.613000 4.902000 1
15019 -51.542000 -69.318000 5.428000 1
15020 -52.590000 -69.520000 5.597000 1
15027 -47.926000 -69.496000 3.959000 1
15028 -48.779000 -69.428000 4.481000 1
15036 -46.424000 -69.385000 3.030000 1
15037 -47.149000 -69.483000 3.501000 1
15048 -45.143000 -69.969000 2.413000 1
15049 -45.908000 -70.033000 2.803000 1
15061 -43.751000 -69.772000 1.730000 1
15062 -44.435000 -69.896000 2.049000 1
15063 -44.932000 -69.334000 2.109000 1
15868 -52.955000 -67.067000 6.324000 1
15869 -52.972000 -68.095000 6.546000 1
15876 -50.121000 -68.778000 5.352000 1
15877 -51.937000 -67.971000 5.966000 1
15878 -52.178000 -68.727000 5.862000 1
15883 -48.171000 -68.790000 4.164000 1
15884 -48.784000 -68.428000 4.502000 1
15885 -49.677000 -67.942000 5.002000 1
15890 -46.873000 -68.811000 3.220000 1
15891 -47.548000 -68.629000 3.631000 1
15892 -48.211000 -68.051000 3.994000 1
15897 -46.437000 -68.630000 2.679000 1
15898 -47.062000 -68.172000 3.025000 1
15912 -43.648000 -68.992000 1.473000 1
15913 -44.372000 -69.106000 1.737000 1
15914 -45.188000 -68.621000 1.667000 1
15915 -46.041000 -68.367000 1.926000 1
15928 -45.208000 -68.132000 0.932000 1
16685 -50.767000 -67.927000 5.590000 1
16686 -52.024000 -67.062000 5.658000 1
16693 -48.988000 -67.627000 4.303000 1
16696 -47.805000 -67.801000 3.322000 1
16697 -48.612000 -67.417000 3.614000 1
16698 -49.505000 -67.004000 3.910000 1
16704 -46.788000 -68.002000 2.201000 1
16705 -47.549000 -67.624000 2.496000 1
16706 -48.377000 -67.244000 2.787000 1
16717 -45.858000 -68.073000 1.078000 1
16718 -46.599000 -67.831000 1.268000 1
17605 -52.319000 -66.273000 5.155000 1
17606 -53.020000 -66.033000 5.840000 1
17612 -50.589000 -66.635000 4.246000 1
17613 -51.944000 -66.094000 4.480000 1
17614 -52.719000 -65.293000 4.962000 1
17618 -49.311000 -66.911000 3.082000 1
17620 -51.693000 -65.977000 3.656000 1
17621 -52.425000 -65.290000 4.095000 1
17631 -49.225000 -66.849000 2.125000 1
17632 -50.250000 -66.558000 2.450000 1
17642 -49.278000 -66.817000 1.040000 1
102553 -43.545000 -71.171000 1.396000 1
104782 -47.396000 -71.328000 2.590000 1
105984 -51.038000 -68.690000 5.663000 1
106912 -45.918000 -71.230000 2.438000 1
114685 -45.684000 -69.174000 2.439000 1
115489 -50.633000 -69.247000 5.340000 1
115743 -46.602000 -71.169000 2.681000 1
116890 -43.331000 -71.437000 0.981000 1
117036 -45.700000 -72.124000 1.094000 1
122012 -45.670000 -72.195000 0.536000 1
122262 -43.496000 -71.679000 0.562000 1
122335 -49.801000 -67.213000 4.535000 1
123550 -50.860000 -66.989000 5.059000 1
