# sub-07 hemi-R FacesvsAllnoFace_scaled Cluster_1
12
1430 25.925000 -85.306000 9.038000 1
1431 25.410000 -85.815000 8.812000 1
1437 25.790000 -85.673000 8.026000 1
1446 25.629000 -85.719000 7.147000 1
1734 26.003000 -85.024000 8.552000 1
1742 25.734000 -85.006000 7.840000 1
2115 25.585000 -84.082000 8.681000 1
2579 24.509000 -82.279000 9.936000 1
2581 25.094000 -83.077000 9.362000 1
106018 25.419000 -86.149000 8.031000 1
117007 26.017000 -84.617000 9.354000 1
123683 25.749000 -83.806000 9.605000 1
