# sub-07 hemi-L LimbsvsAllnoLimbs_scaled Cluster_39
28
59117 -52.583000 -22.432000 1.646000 1
59974 -52.422000 -20.927000 1.645000 1
59993 -52.780000 -21.167000 0.680000 1
60805 -52.354000 -20.391000 2.343000 1
60822 -52.433000 -19.989000 1.608000 1
60840 -52.633000 -20.370000 1.017000 1
60841 -53.069000 -20.293000 0.358000 1
61613 -53.696000 -19.886000 4.000000 1
61630 -52.479000 -19.864000 2.911000 1
61631 -52.955000 -19.338000 3.390000 1
61632 -53.809000 -18.920000 3.729000 1
61640 -52.523000 -18.964000 2.562000 1
61648 -52.439000 -19.133000 1.668000 1
61660 -52.728000 -19.495000 0.877000 1
61661 -53.399000 -19.545000 0.103000 1
62585 -54.716000 -18.496000 3.860000 1
62593 -52.699000 -18.171000 2.526000 1
62594 -53.040000 -18.489000 3.156000 1
62602 -52.495000 -18.287000 1.886000 1
62616 -52.657000 -18.488000 1.146000 1
62617 -53.182000 -18.737000 0.451000 1
63584 -52.728000 -17.627000 1.384000 1
105574 -52.848000 -20.120000 3.516000 1
109584 -52.376000 -21.745000 2.110000 1
110660 -53.239000 -20.896000 -0.054000 1
113156 -52.545000 -21.715000 1.354000 1
113694 -52.368000 -19.659000 2.211000 1
123282 -52.356000 -21.127000 2.458000 1
