# sub-07 hemi-L RWvsPER_scaled Cluster_22
47
39463 -45.319000 -43.971000 -11.581000 1
39466 -45.312000 -43.603000 -12.149000 1
40481 -45.502000 -42.760000 -7.044000 1
40488 -44.538000 -44.132000 -10.286000 1
40491 -44.724000 -43.874000 -11.183000 1
40493 -44.820000 -43.467000 -11.915000 1
40494 -45.766000 -43.492000 -12.325000 1
40495 -44.924000 -43.150000 -12.325000 1
40497 -46.430000 -42.223000 -12.877000 1
41419 -46.148000 -41.886000 -3.879000 1
41420 -46.762000 -42.058000 -3.515000 1
41441 -46.121000 -41.440000 -4.693000 1
41462 -45.540000 -41.812000 -5.346000 1
41463 -46.041000 -41.277000 -5.743000 1
41475 -46.104000 -41.317000 -6.812000 1
41482 -45.817000 -42.027000 -7.458000 1
41483 -46.353000 -41.506000 -7.841000 1
41486 -46.193000 -42.402000 -8.657000 1
41489 -50.945000 -42.222000 -9.881000 1
41492 -47.341000 -41.953000 -10.888000 1
41494 -50.646000 -42.473000 -11.255000 1
41495 -51.800000 -42.268000 -11.207000 1
41496 -44.369000 -42.674000 -11.304000 1
41497 -46.882000 -42.475000 -12.137000 1
41498 -48.092000 -42.111000 -12.422000 1
41499 -49.500000 -42.417000 -12.079000 1
41502 -44.573000 -42.506000 -12.049000 1
41503 -47.216000 -41.999000 -12.785000 1
41504 -48.501000 -41.970000 -13.243000 1
41505 -49.729000 -42.293000 -13.298000 1
42297 -46.751000 -40.968000 -5.038000 1
42321 -47.527000 -40.713000 -5.464000 1
42333 -46.917000 -40.985000 -7.206000 1
42334 -47.983000 -40.878000 -6.982000 1
42335 -48.727000 -40.848000 -6.741000 1
42344 -46.884000 -41.242000 -8.336000 1
42345 -47.798000 -41.112000 -7.885000 1
42352 -47.617000 -41.297000 -8.888000 1
42353 -48.696000 -41.380000 -8.588000 1
42354 -49.843000 -41.644000 -8.643000 1
42368 -49.181000 -41.905000 -13.559000 1
104299 -48.171000 -41.879000 -11.088000 1
106470 -46.298000 -42.946000 -12.544000 1
107211 -45.813000 -43.180000 -8.126000 1
112155 -51.552000 -42.436000 -12.283000 1
115610 -46.608000 -41.648000 -8.725000 1
116132 -47.439000 -40.796000 -6.380000 1
