# sub-07 hemi-R LimbsvsAllnoLimbs_scaled Cluster_9
23
5794 35.885000 -77.742000 3.661000 1
5795 35.323000 -78.016000 3.502000 1
5806 35.136000 -77.184000 3.480000 1
6551 37.272000 -76.806000 3.897000 1
6552 35.891000 -77.030000 3.702000 1
6563 36.358000 -76.489000 3.881000 1
6564 35.503000 -76.336000 3.670000 1
6565 34.660000 -76.308000 3.415000 1
6566 33.814000 -76.332000 3.262000 1
7316 36.897000 -75.773000 4.091000 1
7317 35.954000 -75.594000 3.961000 1
7318 35.086000 -75.506000 3.665000 1
8090 37.850000 -74.170000 4.354000 1
8091 36.930000 -74.147000 4.349000 1
8092 35.998000 -74.046000 4.239000 1
8106 38.324000 -74.998000 4.214000 1
8107 37.395000 -74.977000 4.228000 1
8108 36.438000 -74.860000 4.175000 1
8852 38.283000 -73.360000 4.513000 1
8853 37.436000 -73.439000 4.506000 1
8867 38.832000 -74.130000 4.332000 1
9610 38.589000 -72.482000 4.693000 1
104375 34.260000 -77.056000 3.290000 1
