# sub-07 hemi-R FacesvsAllnoFace_scaled Cluster_39
111
39191 42.572000 -42.022000 -13.569000 1
39192 41.739000 -42.063000 -13.319000 1
39193 41.033000 -42.118000 -13.014000 1
39199 43.858000 -42.170000 -14.796000 1
39200 43.115000 -42.278000 -14.552000 1
39201 42.355000 -42.253000 -14.543000 1
39202 41.486000 -42.061000 -14.068000 1
39209 43.865000 -42.461000 -15.717000 1
39210 43.144000 -42.330000 -15.715000 1
40149 42.087000 -40.552000 -11.235000 1
40150 41.359000 -40.894000 -10.781000 1
40151 40.612000 -41.185000 -10.666000 1
40152 40.016000 -41.202000 -10.623000 1
40163 42.810000 -40.652000 -12.250000 1
40164 41.706000 -41.229000 -11.665000 1
40165 40.956000 -41.554000 -11.483000 1
40166 40.210000 -41.447000 -11.282000 1
40167 39.473000 -40.970000 -11.228000 1
40177 43.762000 -40.857000 -13.312000 1
40178 43.027000 -41.179000 -12.968000 1
40179 42.200000 -41.521000 -12.512000 1
40180 41.331000 -41.822000 -12.356000 1
40181 40.468000 -41.699000 -12.714000 1
40182 39.834000 -41.253000 -12.212000 1
40190 44.840000 -41.080000 -14.452000 1
40191 44.123000 -41.433000 -14.114000 1
40192 43.379000 -41.766000 -13.805000 1
40193 40.790000 -41.602000 -13.769000 1
40194 40.103000 -41.039000 -13.384000 1
40201 45.361000 -41.683000 -15.554000 1
40202 44.623000 -41.921000 -15.174000 1
40204 41.236000 -40.960000 -15.267000 1
41240 42.339000 -39.615000 -10.368000 1
41253 43.022000 -39.648000 -11.422000 1
41254 42.474000 -39.895000 -11.025000 1
41255 41.925000 -40.188000 -10.582000 1
41266 43.708000 -39.795000 -12.306000 1
41267 43.183000 -39.991000 -12.018000 1
41268 42.646000 -40.230000 -11.637000 1
41276 45.029000 -39.572000 -13.316000 1
41277 44.238000 -39.925000 -12.932000 1
41278 43.455000 -40.381000 -12.611000 1
41279 39.012000 -39.987000 -12.608000 1
41287 45.740000 -39.944000 -14.425000 1
41288 45.124000 -40.183000 -13.948000 1
41289 44.447000 -40.575000 -13.654000 1
41290 40.561000 -40.495000 -14.648000 1
41291 39.942000 -39.985000 -14.141000 1
41298 45.517000 -40.717000 -14.804000 1
42319 41.863000 -39.196000 -8.872000 1
42338 42.715000 -39.056000 -10.063000 1
42339 42.141000 -39.410000 -9.666000 1
42353 42.885000 -39.342000 -10.770000 1
42371 44.170000 -39.293000 -12.174000 1
42372 39.453000 -39.480000 -13.620000 1
42377 45.628000 -39.373000 -13.892000 1
42378 39.853000 -38.823000 -14.744000 1
42379 39.450000 -38.527000 -14.100000 1
42384 46.211000 -39.223000 -14.700000 1
43257 40.774000 -37.967000 -6.883000 1
43258 40.011000 -38.083000 -7.021000 1
43270 41.967000 -38.240000 -7.589000 1
43271 41.180000 -38.473000 -7.373000 1
43286 42.984000 -38.211000 -8.833000 1
43287 42.297000 -38.575000 -8.402000 1
43288 41.547000 -38.887000 -8.055000 1
43306 42.536000 -38.830000 -9.262000 1
43331 39.097000 -37.824000 -13.911000 1
43336 45.881000 -38.532000 -14.027000 1
43337 45.566000 -37.987000 -13.419000 1
43343 46.146000 -38.222000 -14.945000 1
44160 41.868000 -37.078000 -6.544000 1
44161 41.102000 -37.306000 -6.396000 1
44162 40.354000 -37.412000 -6.567000 1
44163 39.594000 -37.495000 -6.961000 1
44178 43.073000 -37.126000 -7.604000 1
44179 42.333000 -37.509000 -7.199000 1
44180 41.542000 -37.790000 -6.935000 1
44192 43.368000 -37.457000 -8.474000 1
44193 42.717000 -37.896000 -7.970000 1
44250 45.692000 -37.703000 -14.343000 1
44258 45.552000 -37.376000 -15.439000 1
45141 41.689000 -35.979000 -5.844000 1
45142 41.010000 -36.017000 -5.668000 1
45143 40.258000 -35.900000 -5.877000 1
45156 42.810000 -35.915000 -6.599000 1
45157 42.138000 -36.338000 -6.252000 1
45158 41.393000 -36.595000 -6.047000 1
45159 40.667000 -36.680000 -6.084000 1
45174 43.278000 -36.271000 -7.345000 1
45175 42.636000 -36.739000 -6.863000 1
45176 39.228000 -36.022000 -6.864000 1
45188 43.611000 -36.613000 -8.190000 1
46161 42.271000 -35.579000 -5.976000 1
46174 43.358000 -35.372000 -7.114000 1
46175 42.878000 -35.072000 -6.339000 1
46176 39.630000 -35.539000 -6.166000 1
46177 39.183000 -35.276000 -6.831000 1
106638 39.837000 -36.696000 -6.440000 1
107674 39.511000 -40.495000 -12.987000 1
108434 40.433000 -41.691000 -11.911000 1
109796 44.980000 -36.868000 -15.051000 1
113758 45.438000 -38.809000 -13.269000 1
121041 41.851000 -39.867000 -10.023000 1
121556 40.857000 -41.903000 -12.228000 1
121646 41.888000 -41.722000 -15.250000 1
122890 39.297000 -40.658000 -12.097000 1
123985 42.938000 -42.011000 -17.066000 1
124075 39.746000 -36.080000 -6.278000 1
124682 42.302000 -40.823000 -11.840000 1
124831 44.691000 -40.053000 -13.439000 1
