#!ascii label , from subject sub-11 lh ROI=mOTS-words contrast=RWvsSC clusters=16,21,23 source=tiger_delineation.csv
141
34637  -49.496000  -44.391000  10.908000 1
34647  -49.898000  -44.272000  10.103000 1
35545  -49.266000  -42.842000  11.201000 1
35560  -49.698000  -42.615000  10.191000 1
35574  -49.994000  -43.472000  9.766000 1
35575  -50.299000  -43.438000  8.974000 1
35588  -50.544000  -43.318000  8.227000 1
36355  -48.810000  -42.190000  11.794000 1
36380  -50.043000  -42.233000  9.439000 1
36381  -50.320000  -42.735000  8.841000 1
36393  -50.613000  -42.601000  8.159000 1
37236  -48.374000  -41.521000  12.376000 1
37251  -48.851000  -41.267000  11.592000 1
37263  -49.684000  -41.541000  10.042000 1
37272  -50.087000  -41.636000  9.357000 1
37273  -50.340000  -41.319000  8.928000 1
37284  -50.761000  -41.739000  8.147000 1
38063  -45.830000  -40.231000  14.480000 1
38078  -47.371000  -40.878000  13.477000 1
38093  -47.948000  -40.814000  12.818000 1
38094  -48.461000  -40.669000  12.154000 1
38104  -48.865000  -40.394000  11.458000 1
38105  -49.251000  -40.036000  10.856000 1
38115  -49.616000  -40.547000  10.205000 1
38127  -49.973000  -40.984000  9.553000 1
38128  -50.330000  -40.539000  9.170000 1
38141  -50.742000  -39.992000  8.829000 1
38947  -43.775000  -39.083000  14.353000 1
38948  -44.489000  -39.541000  14.512000 1
38949  -45.186000  -39.400000  14.536000 1
38950  -45.983000  -39.145000  14.344000 1
38962  -46.588000  -39.784000  14.031000 1
38963  -47.182000  -39.473000  13.513000 1
38973  -47.716000  -39.323000  12.899000 1
38974  -48.269000  -39.300000  12.220000 1
38984  -48.801000  -39.500000  11.477000 1
39007  -50.373000  -39.697000  9.394000 1
39825  -44.532000  -38.733000  14.483000 1
39826  -45.339000  -38.510000  14.432000 1
39840  -46.650000  -38.833000  13.854000 1
39841  -47.274000  -38.605000  13.280000 1
40735  -45.437000  -37.767000  14.299000 1
40736  -46.052000  -38.210000  14.182000 1
112893  -50.339000  -42.046000  8.807000 1
116332  -48.087000  -40.035000  12.555000 1
117773  -49.971000  -40.168000  9.741000 1
117774  -49.290000  -40.937000  10.838000 1
117775  -49.294000  -41.885000  10.932000 1
118556  -44.890000  -40.227000  14.625000 1
121401  -50.715000  -40.814000  8.542000 1
124560  -47.582000  -40.121000  13.179000 1
124911  -49.593000  -43.548000  10.614000 1
126775  -47.087000  -40.212000  13.673000 1
128522  -48.503000  -39.980000  11.979000 1
132720  -50.090000  -42.877000  9.438000 1
39043  -44.295000  -39.440000  4.405000 1
39051  -44.699000  -39.496000  3.929000 1
39052  -44.902000  -39.616000  4.076000 1
39053  -45.396000  -39.481000  3.423000 1
39057  -46.180000  -39.674000  2.939000 1
39058  -47.127000  -39.649000  2.430000 1
39059  -47.862000  -39.321000  2.943000 1
39065  -45.820000  -39.556000  2.853000 1
39066  -46.490000  -39.571000  2.425000 1
39911  -42.787000  -39.367000  5.661000 1
39912  -43.601000  -39.332000  5.833000 1
39925  -42.277000  -39.184000  5.734000 1
39926  -42.834000  -39.295000  5.293000 1
39927  -43.564000  -39.469000  4.988000 1
39939  -43.270000  -39.301000  4.849000 1
39940  -44.025000  -39.355000  4.447000 1
39952  -44.517000  -39.242000  3.802000 1
39953  -45.249000  -39.383000  3.162000 1
39954  -46.910000  -39.481000  3.300000 1
39964  -45.948000  -39.300000  2.327000 1
40809  -44.429000  -37.627000  7.592000 1
40821  -44.762000  -37.981000  6.944000 1
40822  -45.726000  -37.463000  6.927000 1
40832  -44.546000  -38.764000  6.203000 1
40833  -46.002000  -37.873000  6.271000 1
40834  -46.845000  -37.428000  6.081000 1
40845  -42.589000  -39.093000  5.246000 1
40846  -43.245000  -38.618000  4.830000 1
40847  -45.207000  -38.795000  5.678000 1
40848  -46.243000  -38.351000  5.528000 1
40849  -47.186000  -37.796000  5.368000 1
40858  -43.830000  -38.985000  4.312000 1
40859  -44.553000  -38.267000  3.841000 1
40871  -45.059000  -38.613000  3.201000 1
40882  -45.490000  -38.822000  2.623000 1
41741  -44.788000  -36.301000  9.028000 1
41753  -44.579000  -37.006000  8.245000 1
41754  -45.481000  -36.369000  8.529000 1
41755  -46.235000  -36.291000  8.112000 1
41768  -45.373000  -37.056000  7.687000 1
41769  -46.299000  -36.738000  7.381000 1
41780  -46.532000  -37.094000  6.735000 1
41797  -42.733000  -38.094000  5.339000 1
41798  -43.774000  -37.339000  5.217000 1
41812  -44.125000  -37.832000  4.521000 1
41813  -44.992000  -37.070000  4.276000 1
41826  -45.313000  -37.417000  3.442000 1
41827  -46.047000  -36.446000  2.797000 1
41834  -45.625000  -37.810000  2.649000 1
42697  -47.148000  -35.474000  9.419000 1
42713  -46.294000  -35.798000  8.910000 1
42714  -47.042000  -35.754000  8.519000 1
113449  -47.117000  -35.401000  10.321000 1
113883  -43.749000  -36.950000  8.711000 1
121760  -45.294000  -38.173000  6.455000 1
125327  -46.284000  -35.482000  9.778000 1
129833  -45.614000  -35.862000  9.231000 1
131911  -46.972000  -36.531000  7.132000 1
134006  -47.476000  -35.549000  10.711000 1
39902  -42.148000  -39.192000  6.207000 1
39903  -43.043000  -39.170000  6.353000 1
40792  -39.728000  -37.787000  8.143000 1
40793  -40.026000  -38.172000  8.208000 1
40794  -40.805000  -38.159000  8.439000 1
40805  -40.038000  -38.212000  7.679000 1
40806  -40.572000  -38.450000  7.729000 1
40807  -41.450000  -38.424000  7.945000 1
40808  -43.458000  -37.837000  7.830000 1
40817  -40.619000  -38.444000  7.310000 1
40818  -41.373000  -38.838000  7.016000 1
40819  -42.572000  -38.809000  6.983000 1
40820  -43.742000  -38.376000  7.086000 1
40828  -41.010000  -38.575000  6.775000 1
40829  -41.670000  -38.964000  6.282000 1
40830  -42.016000  -38.744000  5.720000 1
40831  -43.973000  -38.738000  6.529000 1
41718  -39.011000  -36.905000  9.607000 1
41736  -39.471000  -37.371000  8.685000 1
41737  -39.602000  -37.487000  9.148000 1
41738  -40.245000  -37.752000  8.973000 1
41751  -39.902000  -37.519000  7.698000 1
41765  -40.359000  -38.056000  7.139000 1
42709  -39.462000  -37.080000  8.303000 1
123882  -42.230000  -38.481000  7.626000 1
129278  -41.517000  -38.291000  6.237000 1
130571  -39.770000  -37.791000  8.531000 1
