#!ascii label  , from subject sub-10 vox2ras=TkReg
1685
30887  45.118  -42.631  3.879 0.6000000238
30869  45.819  -42.603  4.948 0.5000000000
32829  44.963  -39.618  3.681 0.6999999881
116607  44.077  -39.106  4.387 0.6000000238
32822  43.289  -39.212  4.928 0.6000000238
33802  42.981  -38.242  5.155 0.6000000238
30886  45.846  -42.062  3.692 0.6999999881
31833  45.385  -41.214  3.607 0.6000000238
32830  44.262  -40.171  4.269 0.5000000000
31825  43.468  -40.673  4.823 0.5000000000
32823  42.539  -39.779  5.461 0.5000000000
33803  42.430  -38.621  5.577 0.6000000238
34728  42.091  -37.917  5.905 0.6000000238
31824  46.240  -41.763  4.278 0.5000000000
29906  45.130  -43.908  4.749 0.5000000000
109748  44.022  -42.087  4.381 0.6000000238
34719  41.587  -37.683  6.429 0.6000000238
30852  43.617  -43.293  6.740 0.5000000000
31806  43.434  -41.618  7.151 0.5000000000
36638  43.392  -35.618  6.131 0.6000000238
35647  43.074  -36.375  5.773 0.6999999881
33824  45.932  -38.812  3.410 0.6000000238
34740  45.019  -37.750  3.844 0.6999999881
35660  43.672  -36.891  5.011 0.6000000238
34726  43.222  -37.607  5.083 0.6000000238
35661  42.799  -37.055  5.559 0.6000000238
31846  46.148  -40.431  3.532 0.6000000238
32844  45.818  -40.327  3.433 0.6999999881
35649  41.806  -36.837  6.491 0.6000000238
123211  46.128  -41.689  4.931 0.5000000000
31823  46.483  -40.533  4.117 0.5000000000
31816  45.152  -42.199  5.860 0.5000000000
34703  41.240  -37.061  6.963 0.6000000238
31805  44.229  -40.963  6.656 0.5000000000
34688  40.317  -37.252  7.936 0.6000000238
35618  39.726  -36.563  9.058 0.6999999881
114687  39.694  -37.297  8.621 0.6000000238
34678  38.936  -37.413  9.476 0.6000000238
33759  37.572  -38.366  9.329 0.6000000238
33758  38.336  -38.174  9.334 0.6000000238
117022  35.363  -34.876  8.205 0.5000000000
37640  35.199  -34.137  8.319 0.6999999881
38586  34.612  -33.312  8.251 0.8000000119
126471  34.518  -34.869  7.666 0.6999999881
36622  42.901  -35.201  6.877 0.6999999881
35677  45.450  -36.989  3.830 0.6999999881
35678  44.521  -37.134  4.363 0.6999999881
35659  43.986  -36.053  5.350 0.6000000238
36639  42.581  -35.937  6.449 0.6999999881
36623  42.020  -35.576  7.267 0.6999999881
33822  46.469  -38.628  3.713 0.6000000238
35676  46.474  -36.876  3.648 0.6000000238
37656  41.916  -34.921  7.899 0.8000000119
33800  46.331  -38.574  5.059 0.5000000000
33799  46.716  -38.465  4.174 0.5000000000
36602  41.429  -35.338  8.033 0.8000000119
36624  41.341  -35.915  7.615 0.6000000238
32812  45.337  -39.767  5.876 0.5000000000
124973  46.209  -40.657  4.975 0.5000000000
36586  40.870  -35.150  8.788 0.8000000119
35636  40.894  -36.572  7.609 0.6000000238
36604  40.297  -35.874  8.838 0.8000000119
116323  39.795  -35.969  9.398 0.8000000119
35617  40.319  -36.535  8.354 0.6999999881
35589  38.735  -36.162  10.475 0.6999999881
120369  39.509  -35.714  9.986 0.6999999881
36568  37.298  -35.887  11.031 0.6999999881
35590  37.876  -36.516  10.699 0.6999999881
114128  36.645  -36.199  10.586 0.6000000238
34665  37.550  -37.220  10.265 0.6000000238
34664  38.389  -37.003  10.209 0.6000000238
36588  36.103  -36.007  10.234 0.6999999881
35592  36.346  -36.753  10.095 0.6999999881
34666  36.907  -37.265  10.151 0.6000000238
37623  35.549  -34.634  8.851 0.6999999881
35606  35.781  -36.146  9.531 0.6000000238
117317  35.552  -33.903  9.015 0.8000000119
36605  35.560  -35.408  8.718 0.6000000238
39528  34.977  -32.505  8.572 0.8999999762
38600  33.710  -33.702  7.929 0.6999999881
39529  34.258  -32.386  8.251 0.8000000119
37659  33.811  -34.553  7.686 0.6999999881
37654  43.317  -34.475  7.264 0.6000000238
37655  42.519  -34.754  7.579 0.6999999881
38583  42.587  -33.734  8.603 0.6999999881
36637  44.359  -35.252  5.675 0.6000000238
38563  42.272  -33.435  9.281 0.6000000238
36651  46.425  -35.205  3.959 0.4000000060
36665  45.952  -36.191  3.846 0.6000000238
37638  42.230  -34.375  8.241 0.6999999881
36664  47.104  -35.716  3.654 0.6000000238
37639  41.577  -34.688  8.485 0.8000000119
34725  46.813  -37.583  4.528 0.4000000060
34724  46.952  -37.613  3.998 0.5000000000
34738  46.665  -37.846  3.744 0.6000000238
37620  41.225  -34.392  9.174 0.8000000119
33793  45.360  -38.621  5.971 0.5000000000
37621  40.526  -34.686  9.562 0.8000000119
114553  44.711  -39.041  6.447 0.4000000060
37622  39.835  -34.998  10.090 0.8000000119
32800  43.671  -39.574  7.174 0.5000000000
37602  38.590  -34.961  11.301 0.8000000119
38529  37.471  -33.751  11.794 0.8000000119
36545  37.739  -35.124  11.402 0.6999999881
36566  39.099  -35.394  10.694 0.8000000119
36547  36.493  -34.730  11.029 0.8000000119
37583  37.425  -34.548  11.545 0.6999999881
38547  36.069  -33.369  10.539 0.8999999762
111894  36.000  -34.632  10.371 0.8999999762
36546  37.000  -35.051  11.326 0.6999999881
124512  35.796  -33.803  9.946 0.8999999762
36569  36.406  -35.434  10.719 0.6999999881
36589  35.767  -35.266  9.781 0.6000000238
38585  35.280  -33.290  8.701 0.8999999762
39545  33.316  -32.303  7.993 0.8000000119
39546  32.479  -32.834  7.867 0.8000000119
110739  33.213  -33.077  7.974 0.8000000119
38601  32.757  -33.616  7.850 0.8000000119
38587  33.832  -32.953  8.092 0.6999999881
38582  43.341  -33.436  8.332 0.6999999881
39511  42.664  -32.806  9.719 0.6000000238
36621  43.761  -34.855  6.491 0.6000000238
38599  43.707  -33.751  7.605 0.5000000000
37668  46.042  -33.967  5.126 0.4000000060
37669  44.775  -34.463  5.956 0.5000000000
38564  41.551  -33.724  9.540 0.6999999881
37686  47.508  -34.438  3.612 0.5000000000
36650  47.686  -35.374  3.958 0.5000000000
35675  46.980  -36.908  3.766 0.6000000238
35632  46.271  -36.112  6.250 0.4000000060
35644  47.283  -36.335  4.747 0.4000000060
38527  39.286  -33.523  11.836 0.8000000119
37600  40.194  -34.347  10.324 0.8000000119
35646  45.454  -37.018  6.415 0.4000000060
37582  38.957  -34.250  11.551 0.8000000119
38546  39.794  -33.995  11.126 0.8000000119
33795  44.093  -38.864  6.960 0.3000000119
39473  37.216  -32.822  11.809 0.8000000119
38507  37.946  -32.984  12.200 0.8000000119
39474  36.634  -32.398  11.299 0.8000000119
121570  38.090  -34.422  11.698 0.8000000119
40416  36.263  -31.800  10.614 0.8999999762
37603  36.260  -34.047  10.833 0.8999999762
40417  35.871  -31.506  9.970 0.8999999762
38548  35.750  -32.975  9.928 0.8999999762
40429  35.509  -31.655  9.393 0.8999999762
38566  35.575  -33.295  9.267 0.8999999762
39512  35.455  -32.545  9.143 0.8999999762
112888  32.346  -31.955  7.759 0.8000000119
40444  35.175  -31.862  8.858 0.8999999762
40445  34.636  -31.550  8.462 0.8999999762
40446  33.898  -31.690  8.104 0.8000000119
39527  43.736  -32.771  8.719 0.6000000238
38562  43.001  -33.130  9.022 0.6000000238
39489  43.087  -32.201  10.225 0.6000000238
38581  44.140  -33.098  7.989 0.6000000238
38610  46.505  -33.073  5.256 0.4000000060
38611  45.234  -33.692  6.243 0.4000000060
38598  44.602  -33.395  7.172 0.4000000060
37653  44.193  -34.128  6.855 0.5000000000
38543  41.948  -33.115  9.997 0.6999999881
37677  46.818  -34.166  3.944 0.4000000060
38544  41.237  -33.413  10.301 0.6999999881
37684  48.045  -33.882  3.368 0.5000000000
37676  47.833  -33.493  3.381 0.4000000060
38525  40.873  -33.045  11.154 0.6999999881
36649  48.191  -34.446  4.135 0.5000000000
39472  39.581  -32.756  12.197 0.8000000119
38526  40.102  -33.297  11.504 0.8000000119
39455  37.692  -32.286  12.167 0.8000000119
40401  36.801  -31.652  11.330 0.8000000119
41404  36.215  -31.036  10.262 0.8999999762
41415  36.295  -30.300  9.915 0.8999999762
41429  35.219  -30.925  8.943 1.0000000000
108033  32.612  -30.535  7.359 0.8000000119
41430  34.673  -30.550  8.341 1.0000000000
40461  33.130  -31.291  7.780 0.8000000119
41431  33.991  -30.935  8.046 0.8000000119
41446  33.422  -30.432  7.597 0.8000000119
39510  43.394  -32.497  9.455 0.6000000238
40415  42.773  -31.819  11.064 0.6000000238
39509  44.164  -32.132  9.195 0.6000000238
40398  42.435  -31.432  11.962 0.6999999881
38597  45.646  -32.937  6.511 0.4000000060
39544  45.003  -32.701  7.500 0.4000000060
38619  47.378  -33.216  3.908 0.4000000060
39470  41.230  -32.343  11.736 0.6999999881
38617  48.196  -32.644  3.602 0.5000000000
39558  46.881  -32.334  5.541 0.4000000060
39471  40.410  -32.558  12.019 0.8000000119
39453  39.105  -32.189  12.527 0.8000000119
40378  40.250  -31.203  12.797 0.8000000119
41369  38.153  -31.146  12.354 0.8000000119
39454  38.352  -32.311  12.401 0.8000000119
41402  37.269  -30.268  11.039 0.8000000119
40400  37.471  -31.515  11.923 0.8000000119
125181  36.571  -31.197  10.828 0.8999999762
41416  35.766  -30.879  9.631 0.8999999762
42383  36.554  -29.481  9.532 0.8999999762
42384  35.758  -29.959  9.170 1.0000000000
42397  35.490  -29.334  8.392 1.0000000000
42398  34.815  -29.670  8.064 1.0000000000
40462  32.252  -31.217  7.551 0.8000000119
42412  33.523  -29.667  7.199 0.8000000119
41445  34.145  -30.088  7.792 0.8000000119
40427  44.460  -31.444  9.718 0.6000000238
40428  43.767  -31.860  9.925 0.6000000238
40414  43.494  -31.537  10.695 0.6000000238
40399  41.604  -31.629  12.268 0.6999999881
40376  41.986  -30.931  12.721 0.6999999881
39525  45.416  -32.041  7.875 0.4000000060
39526  44.559  -32.411  8.381 0.5000000000
41365  41.436  -30.256  13.116 0.8000000119
39451  40.751  -31.800  12.461 0.8000000119
40459  47.349  -31.205  6.401 0.4000000060
39542  47.118  -31.779  5.956 0.4000000060
41368  38.902  -30.886  12.610 0.8000000119
40379  39.430  -31.426  12.681 0.8000000119
41387  37.658  -30.691  11.794 0.8000000119
42372  36.912  -29.880  10.285 0.8999999762
42382  37.289  -29.180  9.864 0.8000000119
42396  36.209  -29.022  8.766 1.0000000000
43414  36.713  -28.431  8.246 1.0000000000
43415  35.907  -28.578  7.942 1.0000000000
43440  35.119  -28.406  6.038 1.0000000000
42413  32.768  -29.890  6.909 0.8999999762
42422  33.904  -28.994  6.592 1.0000000000
43442  33.493  -29.152  5.571 1.0000000000
42423  33.113  -29.418  6.347 1.0000000000
43448  35.770  -29.272  4.798 1.0000000000
43461  36.304  -30.048  4.237 1.0000000000
43449  34.996  -29.216  4.841 1.0000000000
43463  34.702  -30.083  3.998 1.0000000000
114830  36.668  -30.534  3.539 1.0000000000
42451  35.889  -30.404  3.341 1.0000000000
41384  43.592  -30.451  11.899 0.6999999881
41385  42.809  -30.724  12.351 0.6999999881
41363  43.134  -29.984  12.641 0.6999999881
125974  44.607  -30.422  10.807 0.6000000238
41401  44.011  -30.871  11.036 0.6000000238
107232  45.805  -30.881  8.821 0.5000000000
40441  46.599  -30.926  7.790 0.4000000060
41366  40.567  -30.374  13.005 0.8000000119
41367  39.720  -30.624  12.798 0.8000000119
42336  39.147  -30.105  12.555 0.8000000119
42356  37.918  -29.955  11.515 0.8000000119
42355  38.599  -29.634  11.991 0.8000000119
42371  37.577  -29.559  10.679 0.6999999881
42370  38.226  -29.254  11.122 0.8000000119
43404  37.752  -28.674  9.382 0.8999999762
110602  38.273  -28.500  8.871 0.8000000119
43405  36.973  -28.756  9.093 0.8999999762
43426  38.139  -28.416  8.045 1.0000000000
43427  37.333  -28.248  7.630 1.0000000000
43437  38.129  -28.454  7.000 1.0000000000
43428  36.451  -28.213  7.308 1.0000000000
42421  38.759  -29.235  6.075 1.0000000000
43438  37.045  -28.227  6.613 1.0000000000
43447  37.188  -29.275  4.982 1.0000000000
119279  36.555  -28.673  5.493 1.0000000000
42435  32.807  -29.436  5.099 1.0000000000
42450  37.282  -30.239  4.231 1.0000000000
43450  34.151  -29.404  4.707 1.0000000000
42453  34.206  -29.875  3.738 1.0000000000
42452  34.961  -30.135  3.490 1.0000000000
42466  36.347  -30.332  2.944 1.0000000000
42353  43.933  -29.716  12.209 0.6999999881
42332  42.528  -29.380  13.135 0.6999999881
42369  45.009  -29.878  10.944 0.5000000000
42333  41.765  -29.572  13.211 0.6999999881
41400  44.568  -30.874  10.301 0.6000000238
42381  45.878  -30.124  9.606 0.5000000000
41414  45.140  -30.880  9.610 0.5000000000
42334  40.930  -29.438  13.117 0.8000000119
43375  40.125  -28.916  12.663 0.8000000119
42354  39.351  -29.313  12.354 0.8000000119
43395  38.639  -28.671  10.595 0.8000000119
43389  38.882  -28.952  11.548 0.8000000119
43403  38.485  -28.542  9.694 0.6999999881
125190  38.779  -28.525  8.440 0.8999999762
110453  40.165  -28.532  7.957 0.8000000119
43435  40.542  -28.753  7.330 0.8000000119
43434  41.771  -28.956  6.498 0.8000000119
110983  38.896  -28.635  7.739 0.8999999762
43436  39.750  -28.829  7.400 0.8000000119
115113  40.998  -29.268  6.591 0.8000000119
110582  39.054  -28.846  6.996 1.0000000000
128729  40.282  -29.170  6.818 0.8999999762
42419  40.422  -29.684  6.147 0.8999999762
42418  41.680  -29.670  5.891 0.8000000119
42420  39.681  -29.323  6.542 0.8999999762
42432  39.732  -30.042  5.507 1.0000000000
42433  38.029  -29.498  5.071 1.0000000000
42449  38.306  -30.559  4.217 1.0000000000
41477  37.422  -30.714  3.435 1.0000000000
42467  34.458  -29.908  3.320 1.0000000000
41476  38.325  -31.017  3.264 1.0000000000
41485  37.212  -30.499  2.852 1.0000000000
113247  35.279  -30.102  3.093 1.0000000000
41488  37.988  -30.600  2.735 1.0000000000
42474  37.722  -30.026  2.555 1.0000000000
43475  37.031  -28.769  2.764 1.0000000000
42352  44.736  -29.402  11.686 0.6999999881
42330  44.264  -28.913  12.490 0.6999999881
42331  43.385  -29.182  12.868 0.6999999881
43373  42.715  -28.569  13.236 0.6999999881
43371  45.219  -28.516  11.984 0.6000000238
43374  41.771  -28.696  13.208 0.6999999881
42368  45.586  -29.741  10.386 0.5000000000
44451  41.485  -27.783  12.897 0.6999999881
118119  40.886  -28.418  12.845 0.8000000119
43387  40.175  -28.060  12.219 0.6999999881
44461  39.800  -27.911  11.313 0.6999999881
44468  39.642  -27.968  10.493 0.6999999881
43402  39.191  -28.264  9.946 0.6999999881
43412  39.011  -28.433  9.075 0.6999999881
43411  39.644  -28.211  9.128 0.6999999881
43424  40.806  -28.186  8.023 0.8000000119
44496  41.595  -27.889  7.649 0.8000000119
44495  42.429  -27.688  7.148 0.8000000119
43423  41.915  -28.327  6.974 0.8000000119
43433  42.581  -28.616  6.314 0.8000000119
42417  42.322  -29.391  5.841 0.8000000119
42431  40.754  -30.412  5.289 1.0000000000
42430  41.595  -30.420  5.215 0.8999999762
42429  42.474  -30.254  5.033 0.8000000119
41461  41.463  -31.253  4.300 1.0000000000
41460  42.195  -30.940  4.478 0.8000000119
123476  38.853  -29.904  5.095 1.0000000000
109701  39.199  -31.153  3.770 1.0000000000
41487  39.569  -31.171  2.725 1.0000000000
120496  35.464  -29.298  3.045 1.0000000000
43477  34.547  -29.623  3.205 1.0000000000
42473  38.552  -29.836  2.421 1.0000000000
43485  38.796  -28.562  2.307 1.0000000000
120861  38.002  -29.259  2.461 1.0000000000
43476  36.217  -29.683  2.805 1.0000000000
43486  37.900  -28.306  2.512 1.0000000000
115426  44.498  -28.004  12.714 0.6999999881
44448  43.823  -27.422  13.094 0.6999999881
113632  42.626  -26.957  13.040 0.6000000238
109024  41.873  -27.056  12.781 0.6000000238
45428  41.268  -27.122  12.482 0.6000000238
45439  40.893  -26.858  11.969 0.6999999881
45446  40.751  -26.816  11.120 0.6999999881
44460  40.373  -27.400  11.615 0.6999999881
44467  40.225  -27.474  10.562 0.6999999881
44475  40.446  -27.522  9.632 0.6999999881
44483  41.992  -27.161  8.050 0.8000000119
44486  40.151  -27.954  9.194 0.6999999881
44485  40.641  -27.756  8.863 0.8000000119
43432  43.445  -28.566  5.727 0.8000000119
43446  43.190  -29.584  5.176 0.8000000119
110065  43.390  -30.626  4.105 0.8000000119
41472  42.418  -31.392  3.583 0.8000000119
42447  43.153  -31.048  3.250 0.8000000119
40485  40.848  -31.769  3.040 1.0000000000
41473  41.766  -31.668  3.285 1.0000000000
42463  42.976  -31.013  2.927 0.6999999881
41486  41.302  -31.280  2.623 1.0000000000
42464  42.082  -31.266  2.748 0.8999999762
42471  40.448  -30.811  2.467 1.0000000000
43483  40.223  -29.545  2.388 1.0000000000
44547  40.228  -28.305  2.505 1.0000000000
44543  34.006  -28.811  3.344 1.0000000000
119434  39.343  -29.294  2.327 1.0000000000
44549  38.676  -27.578  2.351 1.0000000000
44541  36.494  -28.407  3.116 1.0000000000
44542  34.894  -28.478  3.462 1.0000000000
44540  37.403  -27.675  2.837 1.0000000000
44449  43.057  -27.574  13.249 0.6999999881
45438  41.313  -26.310  11.561 0.6000000238
45445  41.271  -26.304  10.672 0.6999999881
44474  41.053  -27.172  9.302 0.6999999881
45454  40.820  -26.923  10.169 0.6999999881
44484  41.291  -27.498  8.472 0.6999999881
45461  41.661  -26.776  8.895 0.8000000119
44502  43.053  -27.934  6.477 0.6999999881
43445  44.057  -29.349  4.680 0.6999999881
42428  43.929  -30.168  4.120 0.6999999881
42446  43.891  -30.458  3.322 0.6999999881
43458  42.594  -29.426  3.194 0.8000000119
43472  43.465  -30.411  2.886 0.6999999881
42465  41.282  -30.553  2.540 0.8999999762
43474  41.104  -29.304  2.650 1.0000000000
43460  40.789  -28.135  3.148 1.0000000000
44522  35.146  -27.392  4.166 1.0000000000
44548  39.398  -27.617  2.407 1.0000000000
45521  36.907  -27.178  3.387 1.0000000000
44550  38.190  -26.967  2.478 1.0000000000
45425  43.150  -26.158  12.868 0.6000000238
46376  42.636  -25.440  12.349 0.6000000238
45426  42.211  -26.272  12.574 0.6000000238
46389  42.301  -25.206  11.594 0.6000000238
46390  41.833  -25.800  11.977 0.6000000238
46399  42.238  -25.171  10.722 0.6000000238
46410  41.772  -25.779  10.246 0.6000000238
45452  41.998  -26.038  9.339 0.6000000238
45453  41.408  -26.478  9.756 0.6000000238
45460  42.340  -26.404  8.489 0.6999999881
44494  43.199  -27.229  6.890 0.6999999881
44506  44.240  -28.414  5.249 0.6999999881
43444  44.861  -29.221  4.084 0.6999999881
43456  45.024  -29.496  3.070 0.6999999881
42461  44.380  -29.885  2.915 0.6999999881
50354  47.239  -22.011  4.727 0.3000000119
43457  43.721  -29.640  2.923 0.6999999881
51220  47.579  -20.357  5.700 0.3000000119
45507  31.067  -27.103  4.491 0.8999999762
43459  41.742  -28.896  3.312 1.0000000000
45505  32.877  -27.118  4.564 1.0000000000
44523  34.389  -27.665  4.038 1.0000000000
45504  33.856  -26.921  4.745 1.0000000000
45500  39.608  -26.724  3.484 1.0000000000
45527  38.060  -26.080  2.471 1.0000000000
45525  38.876  -26.952  2.382 1.0000000000
44521  35.875  -27.670  3.722 1.0000000000
126682  37.689  -26.530  2.741 1.0000000000
46375  43.388  -25.329  12.587 0.6000000238
47373  42.857  -24.756  11.959 0.6000000238
47372  43.360  -24.218  11.618 0.6000000238
47399  42.779  -24.660  10.292 0.6000000238
47398  43.431  -24.246  9.813 0.6000000238
46408  43.016  -24.928  9.343 0.6999999881
46414  43.391  -25.309  8.457 0.6999999881
46409  42.371  -25.337  9.802 0.6000000238
45459  43.075  -26.057  8.074 0.6999999881
48426  47.321  -22.956  7.088 0.3000000119
48447  46.780  -23.616  6.656 0.3000000119
45467  43.469  -26.459  7.296 0.6999999881
44500  44.379  -27.470  5.739 0.6999999881
44505  44.968  -28.193  4.736 0.6999999881
49522  47.163  -23.283  3.472 0.3000000119
49500  46.718  -22.671  4.451 0.4000000060
50344  46.661  -21.915  5.370 0.4000000060
51221  46.891  -21.076  5.971 0.4000000060
110711  30.195  -27.137  4.451 0.6999999881
121858  46.135  -16.921  8.389 0.3000000119
44518  42.714  -28.490  3.855 0.6999999881
45491  31.460  -26.451  5.067 0.8999999762
126853  46.462  -17.377  8.016 0.3000000119
51204  46.930  -20.250  6.493 0.3000000119
44519  41.844  -28.256  4.124 0.8000000119
45490  32.326  -26.358  5.208 0.8999999762
53882  46.398  -18.035  7.878 0.3000000119
51194  46.307  -20.282  7.078 0.3000000119
44520  41.237  -27.997  4.073 0.8000000119
45486  39.760  -26.475  4.677 1.0000000000
45503  34.776  -26.750  4.776 1.0000000000
46469  39.089  -26.232  2.954 1.0000000000
45501  36.487  -26.507  4.171 1.0000000000
45502  35.648  -26.635  4.615 1.0000000000
45526  38.609  -26.248  2.573 1.0000000000
45522  37.308  -26.089  3.233 1.0000000000
46471  37.856  -25.585  2.571 1.0000000000
117574  37.962  -24.735  2.449 1.0000000000
47409  44.459  -24.262  8.420 0.6999999881
46413  44.084  -24.958  8.011 0.6999999881
49447  47.128  -22.601  7.984 0.3000000119
48427  46.591  -23.226  7.456 0.4000000060
46422  43.754  -25.692  7.647 0.6999999881
45466  44.134  -26.111  6.911 0.6999999881
45475  43.877  -26.893  6.539 0.6999999881
47425  47.046  -24.078  5.829 0.4000000060
47434  47.480  -24.536  4.912 0.3000000119
47435  46.723  -24.806  5.345 0.5000000000
44504  45.637  -27.871  4.212 0.6999999881
44516  45.396  -28.785  3.559 0.6999999881
47456  47.205  -25.299  4.350 0.5000000000
43470  45.002  -29.266  2.798 0.6999999881
47477  47.484  -25.239  2.619 0.4000000060
46473  46.727  -26.190  2.618 0.6000000238
48504  46.251  -24.317  3.292 0.5000000000
44538  44.974  -28.706  2.667 0.6999999881
48512  47.284  -24.697  2.610 0.3000000119
44517  43.930  -28.463  3.263 0.6999999881
53852  43.982  -17.335  9.329 0.4000000060
49501  45.995  -23.131  4.653 0.4000000060
45492  29.945  -26.139  5.099 0.6999999881
54744  44.475  -16.713  9.296 0.4000000060
49483  46.202  -22.537  5.135 0.4000000060
50345  46.025  -22.230  5.691 0.4000000060
45508  29.311  -26.854  4.660 0.6000000238
54756  45.590  -16.470  8.779 0.3000000119
53866  45.525  -17.210  8.726 0.3000000119
53850  45.109  -16.802  9.074 0.4000000060
121120  46.443  -20.861  6.545 0.4000000060
49471  45.444  -22.290  6.198 0.4000000060
44507  41.958  -27.508  4.752 0.6999999881
45483  42.258  -26.726  5.315 0.6999999881
121330  30.714  -26.519  4.924 0.6999999881
52970  45.135  -18.591  8.547 0.4000000060
51205  45.906  -21.048  6.905 0.4000000060
122846  45.544  -21.643  6.691 0.4000000060
45484  41.345  -26.805  5.373 0.8000000119
53865  45.983  -17.644  8.343 0.3000000119
52079  45.966  -19.651  7.643 0.3000000119
121177  45.597  -20.474  7.514 0.4000000060
45485  40.555  -26.745  5.187 0.8000000119
45477  39.942  -25.990  5.653 0.8999999762
47479  38.165  -24.141  2.535 1.0000000000
124214  38.165  -25.488  2.505 1.0000000000
46470  38.687  -25.632  2.912 1.0000000000
46456  37.543  -25.104  2.847 1.0000000000
47460  37.117  -24.493  3.741 1.0000000000
121750  37.948  -23.978  2.404 1.0000000000
47474  37.535  -23.793  2.776 1.0000000000
47397  44.134  -23.887  9.306 0.6000000238
47408  45.175  -23.933  8.034 0.6000000238
47417  44.795  -24.644  7.610 0.6000000238
46421  44.451  -25.378  7.273 0.6999999881
48428  45.877  -23.552  7.725 0.5000000000
47416  45.576  -24.332  7.159 0.6000000238
46429  44.783  -25.787  6.519 0.6999999881
122402  46.197  -23.822  7.052 0.5000000000
47415  46.272  -24.377  6.334 0.4000000060
45474  44.561  -26.597  6.164 0.6999999881
45481  45.080  -27.203  5.302 0.6999999881
47436  46.040  -25.148  5.750 0.6000000238
45473  45.218  -26.293  5.760 0.6999999881
46433  46.511  -25.612  4.827 0.6000000238
46450  46.890  -26.068  3.756 0.6000000238
46466  47.013  -26.361  2.949 0.6000000238
44515  45.882  -28.222  3.163 0.6999999881
44537  45.459  -28.442  2.774 0.6999999881
45515  46.789  -26.332  2.751 0.5000000000
46474  46.271  -25.828  2.611 0.6000000238
46467  45.868  -26.766  2.540 0.6000000238
45518  45.367  -27.591  2.716 0.6000000238
52958  42.839  -17.997  9.081 0.4000000060
48484  46.423  -23.528  3.803 0.4000000060
48485  45.744  -23.836  4.110 0.4000000060
47457  45.589  -24.633  3.579 0.5000000000
46451  45.549  -25.668  3.044 0.6000000238
45519  44.575  -27.739  3.099 0.6999999881
53853  43.161  -17.242  9.232 0.4000000060
45498  43.860  -27.118  3.966 0.6999999881
124548  44.788  -18.146  8.850 0.4000000060
52972  43.469  -18.605  9.038 0.5000000000
49484  45.647  -22.772  5.403 0.4000000060
49485  45.006  -23.025  5.770 0.4000000060
45482  43.208  -26.444  4.934 0.6999999881
46445  31.792  -25.801  5.484 0.8999999762
46446  30.928  -25.756  5.432 0.6999999881
52065  45.554  -19.110  8.169 0.4000000060
50328  44.977  -21.969  6.924 0.4000000060
46431  41.186  -25.596  6.324 0.6999999881
46437  41.656  -26.100  5.879 0.6999999881
51183  45.207  -19.899  8.100 0.4000000060
45489  33.277  -26.217  5.349 0.8999999762
45488  34.260  -26.119  5.404 0.8999999762
46457  36.896  -25.571  4.128 1.0000000000
45487  35.241  -26.030  5.346 1.0000000000
46455  38.707  -25.178  3.890 1.0000000000
46458  36.134  -25.902  5.013 1.0000000000
47472  38.515  -24.506  3.134 1.0000000000
46440  36.322  -25.014  4.915 1.0000000000
46441  35.516  -25.246  5.475 1.0000000000
48505  38.374  -23.468  2.834 1.0000000000
50373  38.186  -22.008  2.752 0.8999999762
49523  38.181  -22.816  2.628 1.0000000000
48513  38.042  -23.469  2.455 1.0000000000
48507  37.332  -23.034  3.078 1.0000000000
48488  36.875  -23.529  3.947 1.0000000000
49534  37.978  -22.455  2.538 1.0000000000
49524  37.759  -22.705  2.620 1.0000000000
49525  37.066  -22.229  3.312 0.8999999762
50388  37.962  -21.553  2.642 1.0000000000
50374  37.613  -21.907  2.798 0.8999999762
47426  45.650  -24.858  6.452 0.6000000238
46428  45.427  -25.502  6.146 0.6999999881
46434  45.847  -25.955  5.302 0.6999999881
45480  45.700  -26.852  4.788 0.6999999881
45479  46.369  -26.515  4.296 0.6000000238
45495  46.606  -26.895  3.271 0.6000000238
44514  46.269  -27.591  2.912 0.6999999881
44535  46.198  -27.349  2.683 0.6000000238
45517  45.916  -27.591  2.609 0.6000000238
46468  45.259  -26.507  2.974 0.6000000238
54757  42.061  -16.681  8.442 0.3000000119
45516  46.473  -27.107  2.941 0.6000000238
45524  46.291  -26.849  2.587 0.6000000238
45497  44.585  -26.742  3.415 0.6000000238
52973  42.163  -18.157  8.638 0.4000000060
53869  41.815  -17.538  8.316 0.4000000060
47458  44.935  -24.955  4.103 0.6000000238
46452  44.722  -25.798  3.728 0.6000000238
46453  44.020  -26.090  4.378 0.6000000238
48464  44.694  -23.716  5.375 0.4000000060
46435  43.461  -25.536  5.237 0.6000000238
52068  43.000  -19.404  8.829 0.5000000000
49448  44.269  -22.244  7.216 0.4000000060
49472  44.648  -22.620  6.516 0.4000000060
115864  43.371  -20.154  8.632 0.5000000000
50309  44.531  -21.536  7.568 0.4000000060
46430  42.000  -25.385  6.324 0.6000000238
50295  43.849  -21.033  8.263 0.4000000060
50310  43.858  -21.807  7.765 0.4000000060
46444  32.600  -25.389  5.744 0.8999999762
121799  40.393  -25.388  6.366 0.8000000119
120580  34.126  -24.779  5.956 0.8999999762
47443  34.079  -24.186  5.935 0.8999999762
46442  34.626  -25.349  5.726 0.8999999762
47459  38.615  -24.327  4.376 1.0000000000
48467  36.291  -24.107  4.817 1.0000000000
119179  37.838  -20.623  2.599 1.0000000000
51244  37.286  -20.990  2.848 1.0000000000
50375  36.685  -21.407  3.311 0.8999999762
109478  37.611  -19.787  2.374 1.0000000000
51262  36.985  -20.153  2.575 0.8999999762
55701  42.505  -14.805  8.447 0.3000000119
54758  41.744  -16.242  8.004 0.3000000119
53883  41.575  -16.941  7.827 0.3000000119
47437  44.228  -25.217  4.679 0.6000000238
109660  41.890  -18.961  8.486 0.5000000000
52974  41.566  -18.397  8.161 0.4000000060
111795  44.450  -24.439  5.003 0.5000000000
48448  44.323  -23.322  6.183 0.5000000000
48465  44.030  -24.028  5.836 0.5000000000
123067  42.333  -19.397  8.645 0.5000000000
49473  43.894  -22.887  6.893 0.5000000000
48449  43.553  -23.584  6.579 0.5000000000
116865  42.475  -20.066  8.616 0.5000000000
49449  43.457  -22.402  7.574 0.5000000000
46436  42.587  -25.853  5.662 0.6000000238
51185  42.782  -20.911  8.504 0.5000000000
49431  43.090  -21.733  8.173 0.5000000000
47429  41.213  -24.814  6.834 0.6999999881
50297  41.393  -21.465  8.264 0.5000000000
50296  42.153  -21.599  8.338 0.5000000000
47430  40.143  -24.509  6.846 0.6000000238
121997  39.356  -25.036  6.037 0.8999999762
46439  38.818  -24.934  5.119 0.8999999762
46438  39.183  -25.642  4.990 0.8999999762
48466  38.699  -23.582  5.297 0.8999999762
50355  38.855  -21.675  3.356 0.8999999762
127427  38.555  -22.283  3.168 0.8999999762
49503  38.582  -22.844  3.517 0.8999999762
48487  38.591  -23.521  3.976 1.0000000000
48489  36.009  -23.243  4.782 0.8999999762
48468  35.435  -23.824  5.388 0.8999999762
49504  36.533  -22.683  4.040 0.8999999762
116762  38.590  -21.076  2.840 0.8000000119
51261  38.468  -20.252  2.561 0.6999999881
49505  35.560  -22.477  4.582 0.8999999762
50356  36.077  -21.897  3.947 0.8999999762
55716  42.020  -15.045  8.009 0.3000000119
55717  41.732  -15.624  7.690 0.3000000119
55728  41.543  -15.613  6.731 0.4000000060
118573  41.690  -15.325  5.951 0.3000000119
54769  41.497  -16.330  7.294 0.3000000119
54781  41.423  -16.504  6.396 0.4000000060
115527  41.340  -17.772  7.598 0.4000000060
47438  43.738  -24.743  5.508 0.6000000238
52070  41.068  -20.269  8.179 0.5000000000
52080  41.215  -19.327  8.059 0.4000000060
48450  42.690  -23.843  6.966 0.5000000000
47439  42.935  -25.089  6.008 0.5000000000
50298  40.905  -21.094  8.163 0.5000000000
49432  42.413  -22.463  7.906 0.5000000000
47428  42.338  -24.595  6.651 0.5000000000
49450  41.509  -22.810  7.766 0.5000000000
47418  41.752  -24.028  7.237 0.5000000000
49451  40.957  -22.428  7.858 0.5000000000
47419  40.828  -23.947  7.312 0.5000000000
49452  40.372  -22.336  7.637 0.5000000000
48433  39.964  -22.889  7.371 0.6000000238
47420  39.996  -23.615  7.211 0.6000000238
49474  39.262  -22.267  6.523 0.6999999881
48452  38.921  -23.569  6.172 0.6999999881
47440  38.841  -24.275  5.715 0.6999999881
49475  38.849  -22.919  5.984 0.6999999881
49486  39.042  -22.236  5.519 0.8000000119
49488  35.081  -23.020  5.194 0.8999999762
49502  38.938  -22.161  4.189 0.8999999762
49487  38.731  -22.875  4.834 0.8999999762
50357  34.907  -21.731  4.269 0.8999999762
50376  35.557  -21.136  3.561 0.8999999762
113622  37.416  -19.019  1.968 1.0000000000
55741  41.928  -15.645  5.204 0.3000000119
113027  41.594  -16.002  5.827 0.4000000060
56719  42.365  -15.279  4.523 0.3000000119
53894  41.299  -17.133  6.936 0.4000000060
55755  41.808  -16.323  5.114 0.3000000119
52990  40.770  -19.273  7.429 0.4000000060
53901  41.303  -17.309  5.975 0.4000000060
54791  41.564  -16.738  5.550 0.4000000060
51196  40.490  -20.719  7.760 0.4000000060
53000  40.682  -18.927  6.708 0.4000000060
53008  40.770  -18.848  5.770 0.4000000060
52081  40.661  -19.934  7.660 0.4000000060
52088  40.422  -19.636  6.884 0.4000000060
51197  39.970  -21.003  7.293 0.5000000000
50312  40.248  -21.551  7.640 0.5000000000
51223  39.708  -20.882  5.538 0.6000000238
50346  39.376  -21.569  4.976 0.8000000119
51260  39.331  -20.496  2.829 0.6999999881
51245  36.217  -20.548  2.996 0.8999999762
51246  35.104  -20.465  3.060 0.8999999762
125347  36.957  -18.864  1.919 0.8999999762
53040  36.548  -19.057  2.373 0.8000000119
51263  35.580  -19.958  2.684 0.8000000119
53031  37.064  -18.219  3.496 0.6999999881
53923  37.053  -17.666  4.233 0.8000000119
56731  42.725  -14.795  3.846 0.3000000119
55754  42.344  -16.373  4.296 0.3000000119
54801  41.894  -17.016  4.723 0.3000000119
55762  42.903  -15.891  3.580 0.4000000060
53007  41.260  -18.180  5.236 0.4000000060
53912  41.839  -17.901  4.389 0.4000000060
120280  40.486  -19.408  6.144 0.5000000000
52100  40.539  -19.628  5.298 0.5000000000
53021  41.641  -18.747  4.053 0.5000000000
51222  40.132  -20.130  6.069 0.5000000000
52113  40.728  -19.921  4.244 0.5000000000
51235  39.775  -21.016  4.438 0.6000000238
51242  40.271  -20.530  3.842 0.6999999881
127054  39.829  -20.094  2.668 0.6999999881
52128  39.040  -19.865  2.416 0.6999999881
53039  40.469  -19.186  2.192 0.6999999881
109749  38.259  -17.995  1.859 0.6999999881
121910  42.574  -14.160  4.189 0.3000000119
56735  43.926  -14.554  2.524 0.3000000119
113896  44.079  -15.538  2.477 0.4000000060
113159  43.339  -15.439  3.157 0.3000000119
55761  43.736  -16.362  2.696 0.4000000060
54808  43.257  -17.134  3.093 0.4000000060
54800  42.454  -17.490  3.783 0.4000000060
53921  43.085  -18.072  2.860 0.3000000119
53028  42.379  -18.433  3.426 0.5000000000
52112  41.313  -19.478  3.679 0.6000000238
53036  42.685  -18.631  2.543 0.3000000119
53029  42.066  -19.143  3.137 0.5000000000
53037  42.055  -19.113  2.362 0.4000000060
52119  40.809  -20.022  3.347 0.6999999881
52118  41.494  -19.606  2.945 0.6000000238
51259  40.152  -20.420  3.090 0.6999999881
51243  39.533  -21.001  3.462 0.6999999881
52127  40.597  -19.821  2.698 0.6999999881
53038  41.207  -18.911  2.020 0.6000000238
122374  44.612  -16.554  1.951 0.3000000119
53920  44.087  -17.233  2.196 0.3000000119
127218  43.591  -17.786  2.355 0.3000000119
127329  45.089  -16.528  1.291 0.3000000119
54816  44.516  -16.890  1.484 0.3000000119
54829  44.543  -16.881  1.046 0.3000000119
53929  43.350  -18.266  2.108 0.3000000119
107292  43.993  -17.424  1.476 0.4000000060
53049  42.853  -18.635  1.973 0.5000000000
54830  43.167  -17.508  1.410 0.5000000000
53050  41.944  -18.589  1.822 0.6000000238
53930  40.847  -18.119  1.736 0.6000000238
113929  45.520  -14.398  1.162 0.4000000060
123913  46.109  -14.775  0.426 0.3000000119
54815  45.039  -15.903  1.653 0.3000000119
56745  45.653  -15.662  0.564 0.3000000119
55775  45.511  -16.253  1.028 0.3000000119
114273  45.539  -15.588  0.238 0.3000000119
54828  45.200  -16.631  1.021 0.3000000119
109868  44.919  -15.955  0.235 0.3000000119
117986  44.311  -15.791  0.390 0.3000000119
55776  43.519  -16.730  1.064 0.4000000060
56747  43.374  -15.691  0.815 0.4000000060
53946  41.440  -17.612  1.609 0.6000000238
121861  42.537  -16.589  1.331 0.4000000060
55777  42.364  -15.571  1.392 0.4000000060
54818  41.017  -16.504  1.825 0.5000000000
111227  40.414  -17.109  1.821 0.6000000238
54809  37.367  -17.109  3.912 0.6999999881
53924  36.691  -17.688  4.119 0.8000000119
57696  46.051  -13.976  0.476 0.4000000060
57703  46.272  -14.334  -0.285 0.3000000119
56754  45.945  -14.962  -0.141 0.3000000119
56755  45.441  -15.133  -0.191 0.3000000119
56756  44.576  -15.113  -0.046 0.3000000119
56757  43.508  -14.803  0.521 0.4000000060
56748  42.584  -14.623  1.221 0.4000000060
55767  41.433  -15.141  1.897 0.4000000060
55768  40.693  -15.430  2.198 0.4000000060
113149  40.103  -16.152  2.174 0.5000000000
53932  38.960  -17.377  1.991 0.6000000238
54820  38.656  -16.454  2.455 0.6999999881
119393  39.268  -15.886  2.526 0.4000000060
56737  39.117  -14.925  2.937 0.4000000060
54821  37.843  -16.316  2.876 0.6000000238
109175  37.627  -15.446  3.168 0.5000000000
55763  37.221  -16.252  3.316 0.6000000238
54810  37.045  -17.057  4.189 0.6999999881
58635  46.499  -13.439  -0.208 0.3000000119
57708  46.240  -14.049  -0.766 0.3000000119
112085  45.841  -14.242  -0.713 0.3000000119
57704  44.915  -14.382  -0.525 0.3000000119
112452  43.840  -14.019  0.092 0.3000000119
57697  42.771  -13.634  0.892 0.4000000060
115240  41.955  -13.736  1.620 0.3000000119
114200  42.055  -12.996  1.497 0.3000000119
119057  40.878  -14.380  2.321 0.3000000119
57687  40.739  -13.428  2.418 0.3000000119
55769  39.826  -15.392  2.511 0.4000000060
56736  39.993  -14.641  2.634 0.3000000119
118410  40.099  -13.774  2.674 0.3000000119
124898  38.615  -14.111  3.073 0.3000000119
56738  38.138  -14.721  3.174 0.3000000119
57690  37.662  -13.598  2.857 0.4000000060
55764  36.433  -16.079  3.080 0.5000000000
129243  46.506  -13.429  -1.300 0.3000000119
57712  45.735  -13.180  -1.468 0.3000000119
57709  45.200  -13.558  -0.948 0.3000000119
58636  44.208  -13.337  -0.434 0.3000000119
58637  43.298  -12.925  0.299 0.3000000119
58616  41.363  -12.961  2.059 0.3000000119
58617  40.516  -12.640  2.392 0.3000000119
57688  39.473  -13.183  2.768 0.3000000119
57689  38.662  -13.318  2.863 0.3000000119
56739  37.145  -14.502  3.038 0.4000000060
55770  36.776  -15.291  3.070 0.5000000000
56740  36.184  -14.432  2.708 0.5000000000
114507  35.832  -15.142  2.730 0.5000000000
59552  45.959  -12.444  -1.622 0.3000000119
58642  45.330  -12.620  -1.420 0.3000000119
58643  44.555  -12.737  -0.888 0.3000000119
59540  43.724  -12.347  -0.370 0.3000000119
58626  42.452  -12.517  1.018 0.3000000119
58628  40.953  -12.070  2.111 0.3000000119
59518  40.119  -11.915  2.286 0.3000000119
57691  36.468  -13.570  2.518 0.4000000060
57692  35.494  -13.683  2.169 0.4000000060
58621  35.682  -12.920  1.671 0.4000000060
122721  35.377  -14.398  2.407 0.5000000000
57693  34.535  -13.893  1.750 0.4000000060
59549  46.745  -11.649  -1.318 0.3000000119
59550  46.552  -12.166  -1.565 0.3000000119
59547  44.298  -11.914  -1.057 0.3000000119
59548  43.311  -11.393  -0.445 0.3000000119
59541  42.855  -11.904  0.374 0.3000000119
59529  42.029  -11.609  1.107 0.3000000119
59531  40.522  -11.470  1.919 0.3000000119
58618  38.884  -12.538  2.609 0.3000000119
59520  38.314  -11.938  2.255 0.3000000119
58619  37.944  -12.623  2.521 0.3000000119
58620  36.772  -12.642  2.105 0.4000000060
59556  45.933  -11.480  -1.927 0.3000000119
60506  45.257  -11.074  -2.055 0.3000000119
60513  44.857  -10.372  -2.459 0.3000000119
59553  44.855  -11.515  -1.686 0.3000000119
60498  43.881  -11.036  -1.339 0.3000000119
60488  42.262  -10.853  0.387 0.3000000119
59530  41.229  -11.491  1.620 0.3000000119
60489  41.193  -10.261  0.809 0.3000000119
59519  39.220  -11.865  2.318 0.3000000119
60512  45.473  -10.659  -2.318 0.3000000119
60507  44.472  -10.688  -2.006 0.3000000119
61445  44.080  -9.965  -2.399 0.3000000119
60508  43.527  -10.213  -1.673 0.3000000119
60499  42.898  -10.466  -0.727 0.3000000119
60478  40.586  -10.786  1.493 0.3000000119
119296  39.653  -11.180  1.883 0.3000000119
59532  38.585  -11.336  1.819 0.3000000119
61453  44.474  -9.591  -2.916 0.3000000119
61446  43.182  -9.481  -2.114 0.3000000119
61437  42.571  -9.663  -1.210 0.3000000119
60500  41.800  -9.797  -0.151 0.3000000119
60490  40.174  -9.994  1.081 0.3000000119
125901  41.774  -9.172  -0.894 0.4000000060
61454  43.686  -9.336  -2.752 0.3000000119
62376  42.835  -8.762  -2.689 0.4000000060
43429  35.565  -28.307  7.035 1.0000000000
121252  35.723  -28.571  5.550 1.0000000000
42411  34.359  -29.234  7.386 0.8999999762
52129  38.204  -19.591  2.279 0.6999999881
53030  37.530  -18.433  1.915 0.8000000119
53933  37.836  -17.100  2.407 0.8000000119
33809  44.445  -38.466  4.135 0.6000000238
33801  43.594  -38.320  4.692 0.6000000238
36640  42.046  -36.254  6.655 0.6000000238
31815  45.468  -41.156  5.718 0.5000000000
32813  44.542  -39.857  6.524 0.5000000000
36652  45.110  -35.672  4.761 0.6000000238
37678  45.535  -34.817  4.942 0.5000000000
35645  46.488  -36.980  5.433 0.4000000060
35658  47.260  -36.673  3.965 0.5000000000
34717  45.093  -37.759  6.437 0.4000000060
38565  40.864  -34.021  9.865 0.6999999881
37584  36.842  -34.289  11.397 0.8999999762
39490  42.367  -32.500  10.530 0.6999999881
36663  47.755  -34.641  3.646 0.5000000000
36636  47.527  -35.366  5.214 0.5000000000
34701  44.512  -37.304  7.092 0.4000000060
38528  38.405  -33.669  11.986 0.8000000119
39491  41.630  -32.786  10.836 0.6999999881
38618  48.011  -32.860  3.316 0.4000000060
40460  46.327  -31.642  7.224 0.4000000060
39557  47.949  -31.664  4.538 0.4000000060
42410  35.130  -28.862  7.637 1.0000000000
40442  45.798  -31.435  8.165 0.5000000000
40443  45.030  -31.605  8.852 0.5000000000
123501  34.595  -28.808  5.440 1.0000000000
41383  44.327  -30.142  11.447 0.6999999881
43439  36.090  -28.219  6.359 1.0000000000
43487  37.156  -29.654  2.657 1.0000000000
43410  40.167  -28.237  8.593 0.8000000119
41482  40.090  -31.573  2.941 1.0000000000
41474  41.002  -31.667  3.537 1.0000000000
42448  39.275  -30.549  4.605 1.0000000000
45468  42.735  -26.805  7.638 0.6999999881
43473  42.304  -30.393  2.791 0.8000000119
44539  39.981  -27.400  2.907 1.0000000000
45520  39.268  -26.803  2.658 1.0000000000
44509  40.438  -27.339  4.163 1.0000000000
46415  42.651  -25.640  8.901 0.6999999881
46464  47.766  -25.305  2.824 0.4000000060
45506  31.949  -27.154  4.494 1.0000000000
48503  46.896  -24.080  3.022 0.4000000060
46449  47.470  -25.671  3.322 0.4000000060
47478  46.902  -25.459  2.540 0.5000000000
46465  47.345  -25.804  2.849 0.5000000000
52067  43.871  -19.382  8.765 0.4000000060
51184  44.325  -20.089  8.425 0.4000000060
48506  37.880  -23.355  2.476 1.0000000000
48486  45.114  -24.150  4.528 0.5000000000
52130  36.744  -19.229  2.126 0.8000000119
52069  41.741  -19.786  8.452 0.5000000000
48430  42.130  -23.304  7.504 0.5000000000
48432  40.679  -23.069  7.552 0.5000000000
47431  39.360  -24.029  6.567 0.6999999881
49453  39.724  -22.292  7.265 0.6000000238
51207  39.739  -20.877  6.559 0.5000000000
50329  39.388  -21.540  6.076 0.5000000000
114879  38.520  -19.024  2.041 0.6999999881
116751  39.463  -18.555  1.897 0.6999999881
54819  39.527  -16.773  2.122 0.6000000238
34680  37.181  -37.783  9.766 0.5000000000
34681  36.458  -37.511  9.610 0.5000000000
35619  35.878  -36.962  9.298 0.5000000000
32804  37.282  -39.773  7.541 0.5000000000
33773  36.548  -38.810  8.298 0.5000000000
32794  38.386  -39.418  8.195 0.5000000000
33772  37.226  -38.913  8.703 0.5000000000
33770  39.071  -38.885  8.312 0.5000000000
33783  40.481  -38.648  7.173 0.4000000060
34705  39.758  -38.045  8.176 0.5000000000
33797  41.105  -38.567  6.647 0.4000000060
34704  40.377  -37.955  7.568 0.5000000000
33796  41.754  -38.533  6.140 0.5000000000
34720  40.919  -37.844  7.008 0.5000000000
41465  29.320  -30.331  5.462 0.6999999881
40477  28.879  -30.912  5.924 0.6999999881
41463  30.873  -30.141  5.653 0.8000000119
42425  31.615  -29.948  5.831 0.8000000119
41455  31.221  -30.466  6.499 0.8000000119
42424  32.336  -29.672  6.073 0.8999999762
42439  29.754  -29.767  4.918 0.6999999881
42437  31.365  -29.670  4.909 0.8999999762
42436  32.087  -29.622  5.075 0.8999999762
43465  30.234  -28.774  4.087 0.6000000238
42457  30.277  -29.315  4.384 0.8000000119
42455  32.064  -29.495  4.320 0.8999999762
114337  32.540  -29.520  4.352 0.8999999762
42454  33.279  -29.649  3.951 0.8999999762
111830  45.878  -24.270  12.465 0.5000000000
46373  44.816  -25.286  12.718 0.5000000000
125238  43.993  -25.079  12.647 0.5000000000
45423  45.456  -26.812  12.645 0.6000000238
108664  44.748  -26.241  12.833 0.5000000000
45424  43.945  -26.584  13.046 0.5000000000
44447  45.323  -27.634  12.439 0.6000000238
129205  29.652  -28.402  4.214 0.6000000238
43482  30.969  -28.497  3.888 0.8999999762
42456  31.504  -29.355  4.137 0.8999999762
109262  30.912  -29.452  4.436 0.8999999762
43480  32.307  -29.165  3.650 0.8999999762
43479  33.162  -29.364  3.594 0.8999999762
43478  33.906  -29.490  3.364 0.8999999762
48364  44.781  -23.381  11.618 0.5000000000
48384  43.920  -23.609  11.273 0.5000000000
48363  45.679  -23.068  11.456 0.5000000000
47354  44.348  -24.508  12.470 0.5000000000
48345  44.029  -23.882  12.033 0.5000000000
48362  46.218  -23.354  11.819 0.5000000000
47353  45.188  -24.432  12.518 0.5000000000
44526  31.418  -27.808  4.010 0.8999999762
121599  30.198  -28.045  4.083 0.6999999881
44546  31.820  -28.587  3.717 0.8999999762
44545  32.561  -28.737  3.550 0.8999999762
44544  33.278  -28.849  3.405 0.8999999762
48382  45.204  -22.821  10.286 0.5000000000
48401  43.923  -23.616  10.316 0.5000000000
49397  45.910  -22.633  10.660 0.5000000000
49376  46.455  -22.880  11.284 0.5000000000
117866  32.122  -27.975  3.837 0.8999999762
44525  32.774  -28.042  3.781 0.8999999762
44524  33.524  -27.889  3.890 0.8999999762
48400  44.615  -23.269  9.814 0.5000000000
48399  45.303  -22.957  9.398 0.5000000000
48412  45.567  -23.234  8.542 0.5000000000
49416  45.771  -22.572  9.888 0.5000000000
48411  46.319  -22.885  8.271 0.4000000060
119848  30.184  -25.313  5.562 0.6000000238
117849  29.893  -24.439  5.630 0.6000000238
123651  31.605  -25.112  5.772 0.8000000119
47446  30.774  -24.869  5.726 0.6999999881
112608  30.078  -23.558  5.438 0.6999999881
49494  29.832  -22.836  5.052 0.6999999881
49511  29.577  -22.116  4.471 0.6999999881
117850  31.343  -24.437  5.765 0.8000000119
113787  31.437  -23.668  5.632 0.6999999881
49493  30.712  -23.030  5.315 0.6999999881
49510  30.405  -22.253  4.694 0.6999999881
49509  31.760  -22.170  4.835 0.6999999881
50361  31.085  -21.734  4.258 0.6999999881
48470  33.505  -23.494  5.702 0.8000000119
49490  33.093  -22.648  5.312 0.8000000119
47444  33.289  -24.480  5.955 0.8000000119
50360  32.018  -21.628  4.173 0.6999999881
49508  32.565  -22.083  4.801 0.6999999881
49507  33.418  -22.080  4.755 0.8000000119
48469  34.533  -23.613  5.638 0.8000000119
50359  32.891  -21.547  4.175 0.6999999881
50358  33.814  -21.525  4.196 0.8000000119
51265  33.018  -20.170  2.637 0.6000000238
120183  34.745  -22.414  4.823 0.8000000119
49506  34.174  -22.093  4.669 0.8000000119
126067  34.288  -20.381  2.893 0.6000000238
119947  34.340  -19.294  2.441 0.6000000238
53043  33.957  -18.524  2.437 0.6000000238
50377  34.325  -20.943  3.507 0.8000000119
53042  34.977  -18.687  2.555 0.6000000238
122539  34.764  -18.111  2.643 0.6000000238
51264  34.713  -19.944  2.627 0.6999999881
53934  35.164  -17.422  2.824 0.6000000238
118842  35.850  -18.143  3.318 0.6000000238
54811  35.957  -16.771  3.173 0.6000000238
52132  35.258  -19.371  2.497 0.6999999881
53032  36.778  -18.218  3.922 0.6999999881
32824  41.760  -40.173  5.916 0.4000000060
33771  38.186  -38.851  8.804 0.5000000000
42434  33.534  -29.557  4.415 0.8999999762
49429  46.852  -22.416  8.916 0.3000000119
47445  32.173  -24.326  5.870 0.8000000119
32795  37.654  -39.431  8.232 0.5000000000
33784  39.818  -38.758  7.702 0.5000000000
42438  30.557  -29.773  4.972 0.8000000119
108698  45.620  -25.967  12.739 0.5000000000
113607  32.166  -23.395  5.606 0.8000000119
49492  31.568  -22.831  5.338 0.6999999881
49489  34.086  -22.724  5.252 0.8000000119
50379  32.368  -21.141  3.504 0.6999999881
51247  33.542  -20.533  2.958 0.6999999881
41413  46.547  -30.258  8.694 0.4000000060
128108  47.489  -29.396  9.072 0.4000000060
42380  46.787  -29.554  9.313 0.4000000060
42351  45.633  -29.118  11.031 0.5000000000
108459  47.159  -29.106  9.915 0.4000000060
42379  47.908  -29.287  9.160 0.4000000060
43370  45.968  -27.957  11.954 0.5000000000
42367  46.580  -28.726  10.881 0.5000000000
42366  47.227  -28.822  10.739 0.4000000060
112759  46.304  -29.319  10.166 0.4000000060
42365  47.904  -29.285  10.344 0.4000000060
42350  47.736  -29.033  11.320 0.4000000060
42364  48.817  -29.818  10.506 0.4000000060
126079  46.489  -28.293  11.597 0.5000000000
43385  48.047  -28.842  12.060 0.4000000060
42349  48.505  -29.491  11.482 0.4000000060
42327  50.499  -29.295  12.593 0.4000000060
42328  49.822  -29.587  12.327 0.4000000060
121192  51.069  -29.647  12.568 0.4000000060
41382  49.930  -30.264  11.701 0.4000000060
44446  46.091  -27.311  12.335 0.5000000000
43369  46.797  -27.787  12.110 0.5000000000
46366  54.556  -25.600  12.162 0.3000000119
43386  47.197  -28.466  11.570 0.4000000060
45414  54.716  -26.498  12.377 0.3000000119
42329  48.996  -29.081  12.294 0.4000000060
116686  53.632  -27.826  12.556 0.3000000119
118417  52.710  -28.083  12.682 0.3000000119
43365  52.083  -28.783  12.800 0.3000000119
115811  51.329  -28.457  12.714 0.4000000060
43366  49.826  -28.847  12.599 0.4000000060
117841  51.203  -29.080  12.746 0.4000000060
45422  46.251  -26.603  12.583 0.4000000060
45421  47.038  -26.569  12.608 0.4000000060
44444  48.138  -27.519  12.562 0.4000000060
44445  47.370  -27.317  12.469 0.4000000060
46384  54.471  -24.901  11.662 0.3000000119
46385  53.262  -25.282  11.230 0.3000000119
46367  53.830  -26.043  12.215 0.3000000119
45415  53.028  -26.438  12.222 0.3000000119
45416  52.179  -26.787  12.320 0.3000000119
45417  51.292  -27.048  12.432 0.4000000060
44441  50.912  -27.875  12.634 0.4000000060
110743  53.738  -26.869  12.421 0.3000000119
44439  52.860  -27.281  12.517 0.3000000119
44440  51.915  -27.767  12.636 0.3000000119
47368  50.872  -25.028  11.280 0.3000000119
47369  49.940  -24.809  11.612 0.3000000119
46368  49.779  -26.137  12.341 0.4000000060
46388  49.545  -25.387  12.113 0.4000000060
129299  49.140  -25.920  12.434 0.4000000060
112860  47.825  -26.725  12.653 0.4000000060
46386  52.546  -25.353  11.104 0.3000000119
110886  51.693  -25.561  11.436 0.3000000119
115586  51.030  -25.752  11.783 0.3000000119
45418  50.632  -26.410  12.263 0.4000000060
45419  49.100  -26.648  12.579 0.4000000060
124108  48.489  -26.944  12.647 0.4000000060
45436  52.369  -25.996  11.815 0.3000000119
45437  51.548  -26.248  12.028 0.3000000119
108811  50.508  -27.279  12.526 0.4000000060
111342  49.826  -27.016  12.544 0.4000000060
44443  49.020  -27.573  12.631 0.4000000060
44442  49.964  -27.967  12.652 0.4000000060
123241  49.242  -28.382  12.561 0.4000000060
48361  47.028  -23.462  11.770 0.4000000060
47371  47.800  -24.070  12.019 0.4000000060
47351  47.014  -24.281  12.321 0.4000000060
46372  45.889  -25.049  12.661 0.4000000060
47385  49.409  -24.060  11.405 0.3000000119
107271  48.621  -24.020  11.712 0.4000000060
107361  47.616  -24.870  12.451 0.4000000060
108699  46.521  -25.841  12.688 0.4000000060
47370  49.142  -24.696  11.915 0.4000000060
46369  48.808  -25.348  12.327 0.4000000060
46371  47.483  -25.802  12.654 0.4000000060
50380  31.496  -21.190  3.522 0.6000000238
50381  30.678  -21.198  3.546 0.6000000238
52133  32.831  -19.517  2.447 0.5000000000
51266  32.302  -20.098  2.597 0.5000000000
114072  32.928  -18.671  2.368 0.5000000000
53936  33.316  -17.980  2.411 0.5000000000
122973  34.095  -16.954  2.529 0.5000000000
54822  34.705  -16.419  2.611 0.5000000000
115849  35.326  -15.790  2.689 0.4000000060
60492  38.172  -10.346  0.651 0.3000000119
61432  37.557  -10.048  -0.118 0.3000000119
60493  37.006  -10.601  0.054 0.3000000119
61429  40.641  -9.528  0.385 0.3000000119
61430  39.592  -9.493  0.513 0.3000000119
60491  39.161  -10.040  1.004 0.3000000119
61431  38.557  -9.718  0.319 0.3000000119
116573  37.046  -9.811  -0.739 0.3000000119
60501  36.343  -10.206  -0.716 0.3000000119
118169  35.934  -9.666  -1.287 0.3000000119
61438  40.971  -9.056  -0.373 0.3000000119
61439  40.007  -8.936  -0.054 0.3000000119
61440  38.956  -9.129  -0.136 0.3000000119
61441  37.948  -9.498  -0.398 0.3000000119
62364  37.205  -9.347  -1.063 0.3000000119
61442  34.762  -9.397  -1.249 0.3000000119
61443  34.478  -9.044  -1.075 0.3000000119
61447  42.249  -8.937  -1.688 0.3000000119
62361  40.375  -8.586  -0.681 0.3000000119
62362  39.372  -8.501  -0.756 0.3000000119
62363  38.215  -8.899  -0.814 0.3000000119
62370  37.360  -8.740  -1.466 0.3000000119
61450  34.659  -8.953  -1.403 0.3000000119
62367  41.749  -8.229  -2.109 0.3000000119
63256  40.912  -7.714  -1.989 0.3000000119
116989  40.301  -8.081  -1.318 0.3000000119
62369  38.395  -8.288  -1.355 0.3000000119
62371  36.257  -8.560  -1.987 0.3000000119
62378  35.157  -8.163  -2.135 0.3000000119
63262  41.525  -7.699  -2.608 0.3000000119
63257  39.844  -7.409  -1.920 0.3000000119
62368  39.315  -7.948  -1.388 0.3000000119
113092  38.638  -7.616  -1.840 0.3000000119
63267  36.127  -7.855  -2.440 0.3000000119
63263  40.784  -7.187  -2.653 0.3000000119
63264  38.951  -7.042  -2.345 0.3000000119
63265  37.886  -7.297  -2.392 0.3000000119
128346  39.841  -6.881  -2.489 0.3000000119
64086  39.301  -6.465  -2.785 0.3000000119
64095  39.887  -5.877  -3.348 0.3000000119
42348  49.203  -29.976  11.321 0.4000000060
41428  47.139  -30.318  7.941 0.4000000060
42394  48.011  -29.498  8.298 0.4000000060
42377  49.353  -29.927  9.549 0.4000000060
42378  48.597  -29.477  9.378 0.4000000060
41361  51.367  -30.247  12.368 0.4000000060
41381  50.881  -30.669  11.831 0.4000000060
41398  49.589  -30.332  10.665 0.4000000060
45413  55.864  -26.533  12.293 0.3000000119
44437  55.463  -27.431  12.304 0.3000000119
119128  54.630  -28.014  12.427 0.3000000119
43363  54.057  -28.658  12.525 0.3000000119
42325  52.658  -29.587  12.668 0.3000000119
42326  51.754  -29.630  12.668 0.3000000119
124418  55.297  -25.872  12.307 0.3000000119
47367  53.760  -24.819  11.008 0.3000000119
47383  51.754  -24.926  10.734 0.3000000119
46398  53.082  -25.074  10.707 0.3000000119
49395  47.312  -22.453  10.370 0.4000000060
48360  48.018  -23.265  11.386 0.4000000060
48359  48.843  -23.491  11.219 0.4000000060
47384  50.216  -24.179  11.016 0.3000000119
109016  51.036  -24.305  10.553 0.3000000119
49396  46.681  -22.564  10.667 0.4000000060
50362  30.180  -21.620  4.068 0.6000000238
62377  42.280  -8.042  -3.034 0.3000000119
63271  41.781  -7.443  -3.296 0.3000000119
111784  41.244  -6.850  -3.455 0.3000000119
64085  40.327  -6.554  -3.027 0.3000000119
125214  41.548  -6.570  -4.071 0.3000000119
126660  55.041  -24.464  11.600 0.3000000119
43367  48.495  -28.300  12.440 0.4000000060
45435  53.147  -25.741  11.738 0.3000000119
128737  41.058  -8.103  -1.624 0.3000000119
61449  35.277  -8.981  -1.695 0.3000000119
63258  37.396  -8.003  -2.012 0.3000000119
63266  36.918  -7.466  -2.557 0.3000000119
64094  40.874  -6.250  -3.705 0.3000000119
41427  47.872  -29.931  7.518 0.3000000119
126144  33.082  -34.251  7.761 0.6000000238
37660  32.277  -34.320  7.699 0.6999999881
36629  31.866  -35.081  7.479 0.6999999881
108072  48.600  -29.451  8.325 0.3000000119
35633  44.953  -36.319  7.261 0.3000000119
38604  30.147  -33.422  7.494 0.6999999881
40470  48.259  -31.385  4.893 0.3000000119
38603  30.957  -33.463  7.645 0.6999999881
37661  31.267  -34.337  7.591 0.6999999881
40458  48.453  -30.795  5.567 0.3000000119
38602  31.854  -33.527  7.772 0.6999999881
41443  48.537  -30.238  6.296 0.3000000119
42392  49.887  -29.522  7.610 0.3000000119
42408  49.625  -29.525  6.818 0.3000000119
42409  48.827  -29.642  7.065 0.3000000119
126238  50.621  -30.334  8.695 0.3000000119
41426  50.000  -29.842  8.573 0.3000000119
107330  49.258  -29.534  8.505 0.3000000119
37667  48.550  -33.321  4.136 0.4000000060
39548  30.527  -31.968  7.370 0.6999999881
39556  48.618  -31.829  4.206 0.3000000119
120046  30.576  -32.813  7.549 0.6999999881
39547  31.456  -32.592  7.692 0.6999999881
40469  49.298  -30.517  5.424 0.3000000119
41442  49.315  -30.014  5.776 0.3000000119
42415  49.962  -29.683  6.014 0.3000000119
41411  51.333  -30.564  8.163 0.3000000119
36635  47.951  -34.301  5.473 0.4000000060
40464  29.693  -31.933  7.073 0.6999999881
38609  48.808  -32.236  4.367 0.3000000119
39555  49.101  -31.124  4.938 0.3000000119
40468  49.683  -30.289  5.476 0.3000000119
40463  31.510  -31.584  7.482 0.6999999881
41412  50.123  -30.438  9.656 0.3000000119
40426  50.958  -30.970  9.615 0.3000000119
40471  30.860  -31.091  7.025 0.6999999881
39541  49.135  -31.519  4.910 0.3000000119
40440  49.837  -31.244  6.454 0.3000000119
40457  49.407  -30.602  5.395 0.3000000119
41447  31.717  -30.812  7.216 0.6999999881
40395  51.340  -31.231  11.220 0.3000000119
39540  49.291  -31.220  5.561 0.3000000119
41454  32.014  -30.190  6.709 0.6999999881
40396  50.493  -30.868  10.836 0.3000000119
49394  48.111  -22.426  10.174 0.3000000119
36627  33.899  -35.335  7.456 0.5000000000
35653  31.931  -36.308  6.664 0.6999999881
36628  32.906  -35.054  7.546 0.6000000238
36642  32.328  -35.754  7.214 0.6000000238
37662  29.729  -34.234  7.303 0.6999999881
39549  29.852  -32.622  7.339 0.6999999881
36618  46.751  -34.996  6.568 0.3000000119
40473  29.253  -31.467  6.544 0.6999999881
37651  47.389  -33.961  6.767 0.4000000060
37650  48.429  -33.272  5.468 0.4000000060
41457  29.655  -30.805  6.079 0.6999999881
38596  48.288  -32.721  6.757 0.3000000119
39524  47.595  -32.423  8.706 0.3000000119
41444  47.605  -30.590  6.937 0.3000000119
41456  30.431  -30.667  6.276 0.6999999881
38578  48.814  -31.891  7.148 0.3000000119
117621  36.160  -38.215  8.458 0.5000000000
115447  35.546  -36.521  7.846 0.5000000000
34707  35.524  -36.959  7.103 0.5000000000
34690  36.012  -37.674  8.915 0.4000000060
113673  31.822  -40.516  4.426 0.4000000060
30876  31.311  -42.005  5.860 0.5000000000
35620  35.605  -36.247  8.596 0.4000000060
122487  35.709  -37.015  8.550 0.5000000000
36625  35.368  -35.605  7.901 0.5000000000
28985  30.034  -43.334  6.314 0.4000000060
116949  29.599  -44.162  6.326 0.4000000060
30892  31.636  -41.279  5.140 0.5000000000
36626  34.806  -35.497  7.542 0.4000000060
28986  29.139  -43.336  6.118 0.4000000060
28118  29.125  -44.907  6.171 0.4000000060
29915  29.528  -42.402  5.830 0.4000000060
31838  30.959  -40.773  4.699 0.5000000000
30877  30.295  -41.797  5.629 0.4000000060
128018  31.667  -39.746  3.994 0.5000000000
34746  32.001  -37.552  4.273 0.4000000060
36641  33.211  -35.864  7.244 0.5000000000
35663  32.658  -36.735  6.107 0.4000000060
34733  32.177  -37.125  5.144 0.4000000060
125629  32.698  -36.264  6.885 0.4000000060
28119  28.176  -44.815  5.970 0.4000000060
28989  25.655  -43.626  5.627 0.4000000060
30878  29.520  -41.606  5.275 0.4000000060
30882  25.582  -41.640  4.878 0.4000000060
31839  30.306  -40.370  4.368 0.5000000000
30897  26.242  -41.053  4.505 0.4000000060
32834  30.465  -39.690  4.156 0.5000000000
33817  26.634  -38.808  4.414 0.4000000060
31843  25.971  -40.387  4.387 0.4000000060
118444  31.109  -39.171  3.944 0.5000000000
33813  30.851  -38.444  4.090 0.5000000000
34750  26.551  -37.952  4.519 0.4000000060
34751  25.615  -37.818  4.664 0.4000000060
33812  31.601  -38.273  3.929 0.5000000000
34734  31.140  -37.178  4.934 0.6000000238
35664  31.564  -36.735  5.850 0.6000000238
113888  26.301  -44.258  5.666 0.4000000060
121687  26.094  -42.918  5.457 0.4000000060
122587  28.404  -43.413  5.923 0.4000000060
30881  26.607  -41.647  4.878 0.4000000060
32835  29.672  -39.887  4.271 0.5000000000
30894  29.158  -41.124  4.712 0.4000000060
114827  30.174  -38.982  4.166 0.5000000000
127825  27.246  -39.010  4.407 0.4000000060
121424  26.755  -40.472  4.406 0.4000000060
117474  30.314  -38.079  4.306 0.5000000000
128180  30.494  -37.496  4.607 0.5000000000
35682  26.375  -37.085  4.701 0.4000000060
35665  30.588  -36.655  5.684 0.6000000238
35654  31.004  -36.268  6.466 0.6000000238
28988  26.814  -43.453  5.617 0.4000000060
30879  28.646  -41.794  5.250 0.4000000060
29918  26.981  -42.446  5.360 0.4000000060
30880  27.615  -41.669  4.995 0.4000000060
31841  28.042  -40.487  4.446 0.4000000060
33814  29.502  -38.352  4.381 0.5000000000
33816  27.878  -38.862  4.433 0.4000000060
35681  27.209  -37.323  4.606 0.4000000060
36643  31.428  -35.715  7.064 0.6000000238
35655  30.218  -36.175  6.253 0.6000000238
114057  27.731  -43.945  5.895 0.4000000060
28987  27.763  -43.020  5.679 0.4000000060
30895  28.269  -41.094  4.611 0.4000000060
30896  27.291  -40.967  4.497 0.4000000060
114056  29.235  -39.232  4.333 0.5000000000
127165  29.018  -39.826  4.330 0.5000000000
32836  28.330  -39.659  4.377 0.5000000000
33815  28.647  -38.652  4.421 0.5000000000
120154  28.137  -38.165  4.462 0.5000000000
121955  29.754  -37.547  4.587 0.5000000000
34748  28.814  -37.690  4.541 0.5000000000
120153  27.383  -38.216  4.450 0.4000000060
34735  30.138  -37.002  5.003 0.6000000238
35668  27.122  -36.434  4.889 0.5000000000
121551  30.469  -34.735  7.327 0.6000000238
36644  30.493  -35.559  6.863 0.6000000238
35656  29.611  -36.422  5.623 0.6000000238
35679  29.251  -36.945  4.907 0.5000000000
34749  27.964  -37.505  4.570 0.5000000000
36645  29.542  -35.663  6.389 0.6000000238
36653  28.959  -35.949  5.808 0.6000000238
35680  28.425  -36.927  4.789 0.5000000000
37670  29.851  -35.047  6.998 0.6000000238
39560  28.052  -32.481  6.592 0.5000000000
38614  27.688  -33.358  6.630 0.5000000000
38613  28.462  -33.261  6.969 0.6000000238
127662  28.139  -33.943  6.779 0.6000000238
118107  27.479  -34.295  6.368 0.5000000000
37679  27.049  -35.021  5.759 0.5000000000
36654  28.291  -35.818  5.581 0.5000000000
35667  27.983  -36.353  5.070 0.5000000000
36655  27.510  -35.727  5.380 0.5000000000
122028  26.686  -35.651  5.268 0.5000000000
40474  28.438  -31.616  6.341 0.5000000000
41466  28.637  -30.408  5.476 0.5000000000
39559  28.967  -32.356  6.949 0.6000000238
37672  28.347  -34.625  6.560 0.6000000238
36647  27.866  -35.164  6.004 0.5000000000
38612  29.307  -33.329  7.279 0.6000000238
117127  28.821  -34.066  7.063 0.6000000238
35650  35.174  -36.792  6.599 0.4000000060
35638  34.139  -36.044  7.228 0.4000000060
37657  35.084  -34.838  7.866 0.5000000000
35637  35.114  -36.261  7.283 0.4000000060
37671  29.144  -34.861  6.798 0.6000000238
33785  36.100  -38.395  7.676 0.5000000000
34722  35.541  -37.309  6.171 0.5000000000
34691  35.767  -37.512  7.945 0.5000000000
32833  31.046  -40.071  4.169 0.5000000000
29916  28.580  -42.688  5.707 0.4000000060
30898  25.212  -41.082  4.597 0.4000000060
121724  25.975  -38.548  4.488 0.4000000060
29917  27.932  -42.310  5.401 0.4000000060
128867  27.018  -44.095  5.723 0.4000000060
36646  28.671  -35.372  6.217 0.6000000238
29919  25.056  -42.133  5.281 0.3000000119
33818  25.188  -38.751  4.559 0.3000000119
31844  24.963  -40.355  4.486 0.3000000119
33819  24.249  -38.990  4.669 0.3000000119
121677  23.844  -39.697  4.696 0.3000000119
29905  45.598  -42.722  4.167 0.5000000000
29921  44.974  -43.825  4.337 0.6000000238
30853  42.680  -42.268  7.471 0.5000000000
30861  45.102  -43.374  5.542 0.5000000000
30862  44.402  -42.512  6.419 0.5000000000
30870  44.323  -43.486  4.333 0.6000000238
30885  46.063  -41.910  3.724 0.5000000000
30893  30.081  -41.102  4.856 0.5000000000
30900  46.044  -41.315  3.498 0.6999999881
31831  46.352  -40.253  3.749 0.6000000238
31832  46.246  -41.157  3.728 0.5000000000
31834  44.511  -41.410  4.105 0.5000000000
31840  28.867  -40.414  4.423 0.5000000000
31842  27.457  -40.148  4.383 0.4000000060
32811  45.956  -39.431  5.307 0.5000000000
32820  46.537  -39.311  3.895 0.5000000000
32821  46.430  -39.524  4.521 0.5000000000
32837  27.538  -39.481  4.398 0.4000000060
32838  25.769  -39.451  4.400 0.4000000060
32839  24.689  -39.597  4.531 0.3000000119
32842  46.287  -39.527  3.618 0.6000000238
32843  46.082  -39.584  3.433 0.6000000238
33760  36.658  -38.300  9.116 0.5000000000
33794  44.558  -38.244  6.724 0.3000000119
33807  46.698  -38.286  3.904 0.5000000000
33808  45.268  -38.659  3.608 0.6999999881
33823  46.227  -38.921  3.527 0.6000000238
34679  37.999  -37.742  9.832 0.6000000238
34689  39.024  -38.163  8.855 0.5000000000
34716  45.888  -37.732  5.691 0.4000000060
34718  42.194  -37.273  5.987 0.6000000238
34727  42.585  -37.737  5.528 0.6000000238
34739  45.852  -37.567  3.553 0.6000000238
34741  44.015  -37.652  4.533 0.6000000238
34747  31.066  -37.795  4.309 0.5000000000
34756  46.293  -38.185  3.538 0.6000000238
34757  45.722  -38.153  3.508 0.6000000238
35591  37.094  -36.697  10.540 0.6000000238
35605  39.223  -36.492  9.825 0.6999999881
35635  41.560  -36.354  7.085 0.6000000238
35648  42.391  -36.621  6.142 0.6000000238
35666  28.750  -36.403  5.277 0.6000000238
35687  46.563  -37.533  3.648 0.6000000238
36567  38.232  -35.729  11.065 0.6999999881
36587  40.158  -35.374  9.419 0.8000000119
36603  40.855  -35.860  8.177 0.6000000238
36630  31.081  -35.111  7.335 0.6000000238
36662  48.018  -34.346  3.564 0.5000000000
37601  39.460  -34.676  10.862 0.8000000119
37637  42.935  -34.087  7.954 0.6999999881
37658  34.586  -34.215  7.920 0.6999999881
37675  48.209  -33.610  3.454 0.5000000000
37685  47.999  -33.856  3.355 0.5000000000
38506  38.739  -32.908  12.275 0.8000000119
38530  36.580  -33.342  11.283 0.8999999762
38545  40.524  -33.694  10.660 0.6999999881
38584  41.888  -34.049  8.873 0.6999999881
38626  48.062  -33.293  3.270 0.5000000000
39452  39.917  -32.005  12.561 0.8000000119
39469  42.033  -32.119  11.439 0.6999999881
39492  36.146  -32.674  10.620 0.8999999762
39493  35.772  -32.192  9.950 0.8999999762
39543  46.006  -32.272  6.838 0.4000000060
39565  47.892  -32.239  3.901 0.4000000060
40377  41.105  -31.043  12.849 0.8000000119
40380  38.661  -31.632  12.541 0.8000000119
40381  38.044  -31.788  12.379 0.8000000119
40397  43.218  -31.167  11.542 0.6000000238
40413  44.086  -31.334  10.361 0.6000000238
40472  30.044  -31.317  6.746 0.6999999881
40484  41.336  -31.780  3.131 1.0000000000
41362  50.569  -30.009  12.328 0.4000000060
41364  42.303  -30.171  12.956 0.6999999881
41386  38.374  -30.398  12.224 0.8000000119
41388  37.027  -30.969  11.289 0.8000000119
41399  45.141  -30.341  10.288 0.6000000238
41403  36.690  -30.602  10.604 0.8000000119
41453  49.877  -29.957  5.541 0.3000000119
41462  40.223  -31.033  4.373 1.0000000000
41464  30.107  -30.273  5.531 0.8000000119
41475  40.097  -31.524  3.382 1.0000000000
41478  36.802  -30.620  3.093 1.0000000000
41479  42.405  -31.441  2.997 0.6999999881
41480  41.567  -31.628  2.929 1.0000000000
41481  40.689  -31.487  2.776 1.0000000000
41483  38.519  -31.017  2.896 1.0000000000
41484  37.616  -30.856  2.978 1.0000000000
42335  39.985  -29.802  12.841 0.8000000119
42393  49.231  -29.458  7.670 0.3000000119
42395  47.291  -29.761  8.503 0.4000000060
42407  50.345  -29.587  6.604 0.3000000119
42416  49.524  -29.759  6.143 0.3000000119
42427  44.460  -29.919  3.514 0.6999999881
42462  43.673  -30.453  2.988 0.6999999881
42468  33.950  -29.650  3.558 0.8999999762
42469  32.600  -29.498  3.911 0.8999999762
42470  32.053  -29.361  3.894 0.8999999762
42472  39.464  -30.267  2.407 1.0000000000
43352  42.880  -28.055  13.298 0.6999999881
43364  53.110  -28.741  12.696 0.3000000119
43368  47.665  -28.089  12.289 0.4000000060
43372  43.530  -28.272  13.067 0.6999999881
43388  39.510  -28.526  11.941 0.8000000119
43394  39.225  -28.353  10.965 0.6999999881
43396  37.975  -28.915  10.235 0.6999999881
43413  37.509  -28.455  8.547 0.8999999762
43425  39.514  -28.487  8.328 0.8999999762
43430  34.721  -28.597  6.788 0.8999999762
43441  34.291  -28.674  5.926 1.0000000000
43455  45.402  -28.806  2.871 0.6999999881
43462  35.334  -30.223  3.999 1.0000000000
43464  30.913  -29.104  4.015 0.8999999762
43471  44.534  -29.562  2.823 0.6999999881
43481  31.600  -29.062  3.761 0.8999999762
43484  39.630  -28.560  2.350 1.0000000000
44438  54.424  -27.310  12.437 0.3000000119
44450  42.317  -27.804  13.201 0.6000000238
44452  40.788  -27.564  12.417 0.6999999881
44476  39.873  -27.904  9.805 0.6999999881
44501  43.691  -27.728  6.158 0.6999999881
44508  41.208  -27.425  4.719 0.8000000119
44527  30.748  -27.721  4.138 0.8999999762
44536  45.806  -28.027  2.784 0.6999999881
45420  48.412  -26.134  12.604 0.4000000060
45427  41.489  -26.503  12.235 0.6000000238
45476  40.803  -26.149  5.879 0.8000000119
45496  46.193  -27.435  3.695 0.6999999881
45499  42.938  -27.479  4.498 0.6999999881
45523  46.453  -26.774  2.687 0.6000000238
46370  48.144  -25.365  12.498 0.4000000060
46374  43.998  -25.760  12.832 0.5000000000
46387  50.324  -25.569  11.914 0.4000000060
46400  41.721  -25.697  11.161 0.6000000238
46420  45.094  -25.064  6.860 0.6000000238
46443  33.702  -25.387  5.787 0.8999999762
46454  39.123  -26.011  3.835 1.0000000000
46472  47.153  -25.805  2.664 0.4000000060
47350  48.377  -24.703  12.202 0.4000000060
47352  46.397  -24.487  12.472 0.4000000060
47355  43.053  -24.982  12.316 0.6000000238
47386  43.289  -24.077  10.779 0.6000000238
47387  42.746  -24.612  11.202 0.6000000238
47410  43.726  -24.570  8.847 0.6999999881
47427  43.259  -24.329  6.290 0.5000000000
47441  35.701  -24.536  5.380 1.0000000000
47442  34.873  -24.504  5.772 0.8999999762
47470  46.720  -24.744  2.715 0.5000000000
47471  46.216  -25.128  2.817 0.6000000238
47473  37.721  -24.395  2.595 1.0000000000
48342  46.347  -23.868  12.235 0.5000000000
48343  45.539  -23.670  12.160 0.5000000000
48344  44.726  -23.885  12.242 0.5000000000
48381  48.575  -22.907  10.741 0.4000000060
48383  44.569  -23.186  10.752 0.5000000000
48413  44.835  -23.547  8.872 0.5000000000
48429  43.031  -23.117  7.326 0.5000000000
48431  41.379  -23.451  7.512 0.5000000000
48446  47.480  -23.433  6.266 0.3000000119
48451  39.360  -23.080  6.824 0.6999999881
48463  45.356  -23.441  4.984 0.4000000060
48471  32.772  -23.775  5.793 0.8000000119
48472  30.692  -24.007  5.669 0.6999999881
49374  47.859  -22.688  10.786 0.4000000060
49375  47.238  -22.789  11.095 0.4000000060
49415  46.541  -22.398  9.884 0.4000000060
49430  46.024  -22.634  9.134 0.5000000000
49433  41.510  -22.113  8.125 0.5000000000
49491  32.306  -22.667  5.317 0.8000000119
50308  45.264  -21.271  7.277 0.4000000060
50311  40.849  -21.826  8.030 0.5000000000
50313  39.595  -21.572  7.007 0.5000000000
50327  46.144  -21.601  6.218 0.4000000060
50343  47.411  -21.317  5.219 0.3000000119
50378  33.257  -21.066  3.509 0.6999999881
51186  41.737  -20.733  8.430 0.5000000000
51195  44.820  -20.725  7.914 0.4000000060
51206  40.160  -20.350  7.100 0.4000000060
51234  40.191  -20.366  4.897 0.6000000238
51248  32.720  -20.628  2.978 0.6999999881
51249  31.879  -20.642  2.990 0.6000000238
52066  44.762  -19.298  8.498 0.4000000060
52126  41.240  -19.380  2.445 0.6999999881
52131  35.983  -19.363  2.507 0.8000000119
52957  44.175  -18.040  9.154 0.4000000060
52971  44.377  -18.687  8.835 0.4000000060
52987  46.258  -18.826  7.752 0.3000000119
52988  45.812  -18.360  8.244 0.3000000119
52989  41.055  -18.609  7.487 0.4000000060
52999  41.029  -18.066  6.517 0.4000000060
53022  41.022  -19.138  4.714 0.5000000000
53041  35.845  -18.832  2.796 0.6999999881
53851  44.808  -17.468  9.056 0.4000000060
53867  45.370  -17.912  8.639 0.3000000119
53868  42.441  -17.327  8.818 0.4000000060
53922  37.292  -17.791  3.400 0.8000000119
53931  39.890  -17.738  1.814 0.6999999881
53935  34.045  -17.685  2.517 0.5000000000
53943  43.867  -17.707  1.868 0.3000000119
53944  43.460  -18.085  1.797 0.5000000000
53945  42.618  -18.139  1.623 0.5000000000
54755  46.194  -16.091  8.371 0.3000000119
54817  41.642  -15.991  1.685 0.4000000060
54831  42.046  -17.084  1.455 0.4000000060
55700  45.517  -15.642  8.851 0.3000000119
55702  42.216  -15.725  8.419 0.3000000119
55782  45.431  -16.167  0.633 0.3000000119
55783  44.929  -16.407  0.642 0.3000000119
56730  43.318  -14.654  3.154 0.3000000119
56746  45.647  -15.518  1.099 0.3000000119
56749  41.719  -14.517  1.770 0.4000000060
57682  42.792  -13.987  3.756 0.3000000119
57710  46.454  -13.490  -1.200 0.3000000119
57711  46.332  -13.617  -1.118 0.3000000119
58627  41.679  -12.256  1.609 0.3000000119
58634  46.828  -12.849  -0.824 0.3000000119
58644  46.592  -12.976  -1.218 0.3000000119
58645  46.362  -13.055  -1.337 0.3000000119
59545  46.980  -11.880  -1.120 0.3000000119
59551  46.171  -12.227  -1.670 0.3000000119
59554  46.610  -11.182  -1.912 0.3000000119
60504  46.773  -11.163  -1.550 0.3000000119
61448  36.429  -9.130  -1.549 0.3000000119
62360  41.215  -8.555  -1.195 0.3000000119
108626  46.825  -25.053  12.600 0.4000000060
109328  41.260  -28.573  7.194 0.8000000119
109949  39.258  -31.364  3.062 1.0000000000
110196  38.495  -23.996  3.199 1.0000000000
110593  43.530  -24.632  12.289 0.6000000238
110651  53.809  -25.359  11.714 0.3000000119
110835  41.535  -17.407  5.189 0.4000000060
111664  37.630  -28.704  5.887 1.0000000000
112327  33.081  -30.112  7.284 0.8000000119
113017  45.205  -22.902  11.003 0.5000000000
113415  44.642  -27.114  12.844 0.5000000000
113547  47.373  -35.783  3.828 0.6000000238
113924  50.597  -28.613  12.678 0.4000000060
113958  38.464  -15.625  2.910 0.6000000238
114707  28.702  -44.110  6.182 0.4000000060
115578  42.855  -31.054  4.025 0.8000000119
116020  30.843  -41.359  5.291 0.5000000000
116194  41.075  -29.867  5.864 0.8999999762
117420  38.329  -24.921  2.688 1.0000000000
117832  30.501  -34.046  7.528 0.6999999881
117857  45.661  -39.402  3.464 0.6999999881
117892  42.592  -18.755  8.824 0.4000000060
118310  39.345  -13.985  2.923 0.3000000119
118415  33.540  -19.206  2.406 0.6000000238
118568  41.951  -39.259  5.911 0.5000000000
119148  40.743  -37.303  7.390 0.6000000238
119718  39.714  -12.511  2.540 0.3000000119
120066  39.690  -19.489  2.293 0.6999999881
120105  25.896  -42.264  5.229 0.4000000060
120151  45.986  -28.453  11.429 0.5000000000
120812  40.364  -18.552  1.889 0.6000000238
121131  29.609  -40.605  4.478 0.5000000000
121133  33.742  -19.905  2.551 0.6000000238
121765  26.778  -39.688  4.366 0.4000000060
121938  45.850  -13.552  -1.219 0.3000000119
122197  27.754  -36.883  4.748 0.5000000000
122465  37.140  -32.128  11.740 0.8000000119
122488  35.178  -30.083  8.609 1.0000000000
122983  44.731  -36.491  4.537 0.6999999881
123059  36.299  -19.855  2.593 0.8000000119
123153  23.997  -40.317  4.676 0.3000000119
123699  35.711  -34.438  9.593 0.8999999762
124259  38.007  -23.013  2.433 1.0000000000
124997  46.722  -27.127  12.453 0.4000000060
125425  44.082  -30.105  2.865 0.6999999881
125585  49.277  -29.722  11.896 0.4000000060
125706  43.525  -17.856  9.229 0.4000000060
125774  39.382  -21.537  4.025 0.6999999881
126538  40.111  -13.088  2.615 0.3000000119
126596  51.075  -31.225  10.584 0.3000000119
126796  41.341  -13.791  2.098 0.3000000119
126832  47.086  -36.922  4.535 0.4000000060
127067  41.491  -10.957  1.153 0.3000000119
127716  32.757  -23.174  5.566 0.8000000119
127772  31.094  -22.352  4.918 0.6999999881
127943  32.414  -19.022  2.372 0.5000000000
127963  28.872  -27.450  4.558 0.6000000238
127992  47.084  -25.745  2.590 0.5000000000
128306  44.486  -15.180  2.169 0.4000000060
128547  43.301  -26.934  13.161 0.6999999881
128627  37.613  -17.767  2.118 0.8000000119
128696  44.205  -16.428  0.701 0.3000000119
128734  38.763  -30.685  2.620 1.0000000000
129134  32.425  -27.537  4.199 1.0000000000
129300  45.543  -11.802  -1.732 0.3000000119
