#!ascii label  , from subject sub-10 vox2ras=TkReg
420
9084  39.080  -65.896  20.165 13.0000000000
15162  38.717  -58.497  15.674 13.0000000000
14305  40.696  -59.612  20.266 13.0000000000
13561  33.821  -59.873  17.177 13.0000000000
118523  41.307  -62.975  15.195 13.0000000000
11970  36.080  -61.921  22.902 13.0000000000
11217  41.941  -62.700  19.911 13.0000000000
12013  40.371  -62.002  18.179 13.0000000000
10473  41.621  -64.209  17.384 13.0000000000
12733  39.471  -61.318  25.663 13.0000000000
14337  36.125  -59.332  15.968 13.0000000000
19617  37.195  -53.957  16.833 13.0000000000
9112  37.653  -66.039  17.066 13.0000000000
15108  36.531  -58.646  20.941 13.0000000000
15121  32.925  -59.018  19.176 13.0000000000
12777  36.916  -60.914  19.252 13.0000000000
11254  36.670  -63.343  16.879 13.0000000000
12069  37.951  -62.359  14.114 13.0000000000
115813  39.165  -65.464  14.589 13.0000000000
11318  40.591  -63.207  12.258 13.0000000000
14265  39.418  -59.468  23.749 13.0000000000
12747  40.317  -61.288  22.351 13.0000000000
11220  38.123  -63.427  20.322 13.0000000000
127485  32.500  -62.582  23.331 13.0000000000
11223  34.515  -63.724  20.628 13.0000000000
9076  37.236  -66.405  21.115 13.0000000000
11231  40.913  -63.913  19.799 13.0000000000
10464  41.811  -63.752  18.622 13.0000000000
9774  40.054  -65.281  18.854 13.0000000000
15164  37.126  -59.210  15.857 13.0000000000
109114  38.184  -55.895  16.479 13.0000000000
122297  39.209  -57.262  16.494 13.0000000000
15085  38.551  -58.840  21.212 13.0000000000
14308  37.325  -59.392  20.044 13.0000000000
13528  38.918  -60.230  19.649 13.0000000000
11251  40.942  -62.695  16.548 13.0000000000
12030  38.418  -62.971  17.623 13.0000000000
11268  38.497  -63.406  15.995 13.0000000000
12055  37.275  -62.976  14.882 13.0000000000
11293  39.742  -62.737  14.140 13.0000000000
9121  37.739  -66.085  15.940 13.0000000000
9127  37.637  -67.174  14.331 13.0000000000
14245  37.226  -59.327  25.709 13.0000000000
14267  37.633  -59.427  24.118 13.0000000000
14256  39.472  -59.688  24.819 13.0000000000
12740  37.326  -61.680  24.209 13.0000000000
12742  39.449  -61.281  24.175 13.0000000000
12749  38.093  -61.544  22.764 13.0000000000
11978  39.167  -62.009  20.980 13.0000000000
12758  36.961  -62.344  21.171 13.0000000000
11165  30.722  -63.166  24.076 13.0000000000
9763  35.660  -65.383  20.542 13.0000000000
14321  33.456  -59.617  18.361 13.0000000000
12760  42.427  -60.847  20.522 13.0000000000
110695  40.727  -60.626  19.249 13.0000000000
120830  42.308  -61.898  18.489 13.0000000000
11249  42.149  -62.877  17.387 13.0000000000
10477  41.864  -63.463  15.944 13.0000000000
11945  37.323  -62.136  25.860 13.0000000000
11955  35.862  -62.129  24.499 13.0000000000
116978  34.827  -59.994  16.340 13.0000000000
122523  35.169  -56.742  16.339 13.0000000000
16748  36.160  -56.409  16.293 13.0000000000
18642  38.491  -54.455  16.569 13.0000000000
8410  38.092  -67.483  20.050 13.0000000000
9092  38.726  -66.201  18.789 13.0000000000
15111  32.663  -58.574  20.668 13.0000000000
14294  34.798  -59.228  20.147 13.0000000000
13532  34.714  -60.188  19.176 13.0000000000
12797  35.065  -61.620  18.280 13.0000000000
12794  39.278  -61.726  18.575 13.0000000000
12016  36.603  -62.471  18.239 13.0000000000
12034  34.784  -62.010  16.989 13.0000000000
12057  35.694  -62.195  15.889 13.0000000000
13569  36.462  -60.820  15.416 13.0000000000
9779  39.228  -65.411  17.363 13.0000000000
9783  40.954  -64.603  15.822 13.0000000000
9795  41.068  -64.407  14.790 13.0000000000
9137  39.228  -65.831  13.072 13.0000000000
9807  40.412  -64.683  13.599 13.0000000000
11291  41.063  -63.308  13.844 13.0000000000
12067  40.297  -62.452  13.245 13.0000000000
12830  39.325  -60.990  12.391 13.0000000000
15077  37.713  -59.016  22.507 13.0000000000
14270  40.246  -59.187  22.031 13.0000000000
121308  40.258  -60.386  24.728 13.0000000000
14263  40.941  -60.118  23.294 13.0000000000
13500  41.745  -59.956  21.921 13.0000000000
12762  40.844  -61.978  20.933 13.0000000000
11219  40.342  -63.278  20.210 13.0000000000
10456  38.883  -64.475  20.274 13.0000000000
11966  34.416  -62.375  23.345 13.0000000000
11194  31.113  -63.465  22.283 13.0000000000
11973  33.292  -62.731  22.038 13.0000000000
11982  35.138  -62.620  21.629 13.0000000000
117843  35.985  -63.705  20.448 13.0000000000
112201  37.158  -64.798  20.446 13.0000000000
9074  38.471  -66.417  20.663 13.0000000000
7700  37.679  -68.046  20.774 13.0000000000
10466  40.393  -64.659  19.631 13.0000000000
9769  40.644  -64.783  19.041 13.0000000000
9770  39.861  -65.210  19.564 13.0000000000
15163  38.029  -58.891  15.760 13.0000000000
15146  38.406  -58.311  16.219 13.0000000000
15933  38.830  -57.736  16.403 13.0000000000
14291  39.025  -59.125  20.635 13.0000000000
14307  38.399  -59.479  20.117 13.0000000000
14306  39.549  -59.561  20.196 13.0000000000
11266  41.574  -62.920  15.829 13.0000000000
11267  40.340  -62.972  15.656 13.0000000000
11281  39.127  -63.182  15.018 13.0000000000
11280  40.643  -62.898  14.712 13.0000000000
9122  37.473  -67.021  15.268 13.0000000000
15039  37.577  -58.734  27.484 13.0000000000
14235  38.072  -59.052  26.866 13.0000000000
14236  37.410  -59.031  26.451 13.0000000000
125909  38.184  -59.494  25.059 13.0000000000
14243  39.144  -59.629  25.749 13.0000000000
12744  37.116  -61.684  23.153 13.0000000000
12743  38.219  -61.509  23.748 13.0000000000
127294  37.329  -61.716  22.464 13.0000000000
12757  37.622  -61.848  21.802 13.0000000000
12750  36.672  -61.961  22.122 13.0000000000
14328  33.468  -59.414  17.726 13.0000000000
15937  33.883  -57.519  16.778 13.0000000000
11988  42.458  -61.493  20.152 13.0000000000
12771  42.492  -61.186  19.779 13.0000000000
11229  42.285  -62.553  19.457 13.0000000000
10469  41.404  -64.294  18.407 13.0000000000
10468  42.020  -63.554  17.756 13.0000000000
10472  42.010  -63.340  16.666 13.0000000000
10478  41.719  -64.088  16.321 13.0000000000
11946  36.431  -62.259  25.410 13.0000000000
11947  35.437  -62.560  25.170 13.0000000000
15148  35.706  -58.563  16.203 13.0000000000
15936  35.380  -57.725  16.303 13.0000000000
15935  36.403  -57.948  16.335 13.0000000000
17654  38.854  -55.375  16.511 13.0000000000
122580  38.097  -55.042  16.399 13.0000000000
18641  39.417  -54.681  16.628 13.0000000000
119608  39.639  -53.643  17.311 13.0000000000
110416  37.837  -67.667  19.147 13.0000000000
7034  35.801  -69.969  17.397 13.0000000000
15088  35.195  -58.682  21.640 13.0000000000
15109  34.628  -58.843  20.796 13.0000000000
121764  35.678  -58.652  21.028 13.0000000000
13530  36.645  -60.090  19.616 13.0000000000
14309  36.283  -59.418  19.964 13.0000000000
13540  36.075  -60.763  19.240 13.0000000000
13541  35.261  -60.904  18.919 13.0000000000
12796  36.037  -61.610  18.748 13.0000000000
12792  41.268  -61.263  18.671 13.0000000000
12793  40.024  -61.250  18.838 13.0000000000
11253  37.810  -63.396  16.918 13.0000000000
12015  37.764  -62.493  18.236 13.0000000000
12031  37.181  -63.094  17.655 13.0000000000
12017  35.607  -62.319  18.038 13.0000000000
11255  35.856  -63.061  16.750 13.0000000000
12044  35.364  -62.459  16.548 13.0000000000
124782  35.857  -62.832  16.142 13.0000000000
12070  37.099  -62.166  14.677 13.0000000000
13576  37.173  -61.206  14.686 13.0000000000
13568  37.344  -60.380  14.872 13.0000000000
12822  37.953  -61.355  13.736 13.0000000000
9102  37.961  -66.550  18.039 13.0000000000
9101  38.417  -65.868  17.839 13.0000000000
126600  38.361  -65.700  17.223 13.0000000000
114267  38.736  -65.518  15.563 13.0000000000
9790  40.018  -65.009  15.231 13.0000000000
9796  40.183  -64.916  14.378 13.0000000000
9138  38.611  -66.538  12.887 13.0000000000
9149  39.336  -65.839  12.054 13.0000000000
10513  40.107  -64.439  11.936 13.0000000000
10501  40.335  -64.548  12.662 13.0000000000
10512  40.588  -63.829  12.400 13.0000000000
10500  40.841  -63.904  13.220 13.0000000000
11303  40.786  -63.215  12.895 13.0000000000
11304  40.678  -62.756  13.163 13.0000000000
12098  40.514  -62.620  12.479 13.0000000000
118303  38.751  -60.320  12.723 13.0000000000
14266  38.194  -59.300  23.450 13.0000000000
14272  38.715  -59.193  22.899 13.0000000000
15076  38.628  -58.962  22.128 13.0000000000
14271  39.683  -59.265  22.736 13.0000000000
12737  40.131  -60.775  25.172 13.0000000000
108755  40.141  -61.080  23.454 13.0000000000
13498  40.702  -60.473  23.527 13.0000000000
12746  40.848  -60.802  22.944 13.0000000000
111144  41.240  -60.357  22.674 13.0000000000
108026  41.249  -60.964  22.242 13.0000000000
12754  41.664  -61.341  21.361 13.0000000000
116414  40.912  -61.452  21.684 13.0000000000
11992  38.508  -62.547  20.626 13.0000000000
11991  39.780  -62.447  20.596 13.0000000000
111659  39.223  -63.318  20.269 13.0000000000
11957  33.515  -62.517  23.787 13.0000000000
10448  30.445  -63.828  22.783 13.0000000000
10447  30.825  -64.202  22.015 13.0000000000
10460  33.367  -64.306  20.639 13.0000000000
11206  33.199  -63.593  21.011 13.0000000000
11205  34.044  -63.331  20.993 13.0000000000
11983  34.357  -62.892  21.428 13.0000000000
11996  34.810  -63.159  21.011 13.0000000000
11995  35.595  -63.012  20.887 13.0000000000
11222  35.197  -63.559  20.631 13.0000000000
9077  36.232  -66.320  20.975 13.0000000000
9762  36.683  -65.567  20.679 13.0000000000
127143  38.221  -65.930  20.908 13.0000000000
9075  38.055  -66.381  21.025 13.0000000000
8403  38.111  -67.120  20.922 13.0000000000
116540  36.589  -69.919  21.767 13.0000000000
118082  32.762  -58.753  19.823 13.0000000000
17657  35.558  -55.756  16.412 13.0000000000
11218  41.342  -63.087  20.022 13.0000000000
11230  41.862  -63.356  19.329 13.0000000000
10465  41.218  -64.231  19.181 13.0000000000
9773  40.726  -64.764  18.177 13.0000000000
127478  37.107  -57.816  16.432 13.0000000000
15147  37.403  -58.423  16.264 13.0000000000
16747  38.415  -56.928  16.560 13.0000000000
16746  39.107  -56.477  16.562 13.0000000000
6405  35.746  -70.940  17.855 13.0000000000
15107  37.482  -58.703  20.974 13.0000000000
14293  36.924  -58.942  20.441 13.0000000000
14292  37.949  -59.005  20.514 13.0000000000
13529  37.684  -60.131  19.656 13.0000000000
121937  41.391  -62.429  17.350 13.0000000000
12029  39.855  -62.649  17.508 13.0000000000
11252  39.267  -63.154  16.808 13.0000000000
11269  37.228  -63.459  16.134 13.0000000000
11282  37.763  -63.332  15.346 13.0000000000
11294  38.324  -62.941  14.479 13.0000000000
9113  37.337  -66.946  16.275 13.0000000000
9126  38.123  -66.221  14.764 13.0000000000
12112  40.394  -62.773  11.911 13.0000000000
112198  36.178  -58.300  26.816 13.0000000000
14257  36.984  -59.452  24.792 13.0000000000
122342  36.776  -59.402  24.020 13.0000000000
122503  38.596  -59.462  24.223 13.0000000000
12739  38.526  -61.522  24.798 13.0000000000
12738  39.747  -61.152  24.881 13.0000000000
110826  39.025  -61.411  23.391 13.0000000000
12748  39.207  -61.444  22.666 13.0000000000
12756  39.261  -61.665  21.757 13.0000000000
118424  38.489  -61.627  22.059 13.0000000000
11979  38.432  -61.941  21.294 13.0000000000
11993  37.433  -62.797  20.594 13.0000000000
11959  31.998  -62.699  24.062 13.0000000000
9764  34.635  -65.235  20.479 13.0000000000
10458  35.160  -64.341  20.409 13.0000000000
9078  35.173  -66.185  20.822 13.0000000000
14288  41.672  -59.830  20.389 13.0000000000
13526  41.262  -60.099  19.752 13.0000000000
13525  42.090  -60.332  19.850 13.0000000000
12791  42.137  -61.354  18.762 13.0000000000
12012  41.872  -61.975  18.063 13.0000000000
11238  42.291  -62.994  18.348 13.0000000000
12011  42.176  -62.438  18.034 13.0000000000
12028  42.013  -62.572  17.418 13.0000000000
11250  41.889  -62.843  16.643 13.0000000000
11265  41.887  -63.127  16.050 13.0000000000
11279  41.614  -63.297  15.433 13.0000000000
14233  39.691  -59.871  26.491 13.0000000000
12730  38.915  -61.752  26.348 13.0000000000
12734  38.209  -61.741  25.760 13.0000000000
12735  37.350  -61.804  25.131 13.0000000000
11954  36.624  -61.884  24.622 13.0000000000
11964  36.386  -61.856  23.826 13.0000000000
14339  34.270  -59.356  16.604 13.0000000000
125486  34.511  -57.596  16.477 13.0000000000
15149  34.760  -58.468  16.367 13.0000000000
17656  36.490  -55.497  16.325 13.0000000000
109410  37.297  -56.378  16.411 13.0000000000
17655  37.402  -55.268  16.348 13.0000000000
18643  37.653  -54.463  16.523 13.0000000000
121827  38.826  -66.321  19.605 13.0000000000
9083  39.350  -65.750  19.328 13.0000000000
8416  38.294  -66.956  19.161 13.0000000000
8417  37.677  -67.394  18.286 13.0000000000
15110  33.487  -58.919  20.389 13.0000000000
121317  35.777  -58.972  20.433 13.0000000000
14310  35.227  -59.562  19.825 13.0000000000
14311  34.175  -59.583  19.552 13.0000000000
14320  33.924  -60.000  18.765 13.0000000000
13542  34.419  -60.775  18.352 13.0000000000
13549  34.147  -60.660  17.383 13.0000000000
13527  40.159  -60.062  19.747 13.0000000000
12775  38.997  -61.120  19.078 13.0000000000
12776  37.984  -61.000  19.226 13.0000000000
12014  38.957  -62.365  18.171 13.0000000000
12795  38.332  -61.755  18.682 13.0000000000
111147  37.243  -61.726  18.760 13.0000000000
12804  34.563  -61.464  17.605 13.0000000000
12811  34.556  -61.209  16.841 13.0000000000
13559  34.944  -60.788  16.281 13.0000000000
14351  35.649  -60.201  15.935 13.0000000000
12056  36.422  -62.758  15.491 13.0000000000
12817  36.359  -61.775  15.329 13.0000000000
14350  36.716  -59.968  15.575 13.0000000000
14349  37.689  -59.596  15.150 13.0000000000
9775  39.303  -65.593  18.414 13.0000000000
119240  40.004  -65.192  18.021 13.0000000000
9778  40.594  -64.802  17.069 13.0000000000
9785  38.471  -65.596  16.579 13.0000000000
9784  39.695  -65.169  16.276 13.0000000000
10483  41.648  -63.867  15.452 13.0000000000
109126  41.394  -63.617  14.717 13.0000000000
9139  37.876  -67.285  13.378 13.0000000000
109132  38.137  -66.670  13.866 13.0000000000
9797  38.730  -66.013  13.840 13.0000000000
9808  39.797  -65.257  12.888 13.0000000000
121089  39.565  -65.383  13.757 13.0000000000
127019  40.753  -64.511  14.212 13.0000000000
10490  41.098  -64.040  14.044 13.0000000000
107540  41.267  -63.183  14.652 13.0000000000
11292  40.824  -62.879  13.934 13.0000000000
12068  39.054  -62.351  13.600 13.0000000000
12079  40.271  -62.190  12.516 13.0000000000
12080  39.790  -61.754  12.681 13.0000000000
12081  38.773  -61.646  13.316 13.0000000000
13575  37.931  -60.442  13.855 13.0000000000
15078  36.485  -58.917  22.572 13.0000000000
15087  37.040  -58.725  21.685 13.0000000000
15086  37.870  -58.795  21.657 13.0000000000
15084  39.655  -59.039  21.282 13.0000000000
14275  40.653  -59.276  21.406 13.0000000000
120880  40.127  -60.056  24.975 13.0000000000
14255  40.217  -59.911  24.376 13.0000000000
108477  40.272  -60.752  24.369 13.0000000000
13496  40.497  -60.266  24.006 13.0000000000
14264  40.475  -59.778  23.600 13.0000000000
120865  40.774  -59.641  22.803 13.0000000000
14269  41.118  -59.541  22.086 13.0000000000
14274  41.893  -59.760  21.065 13.0000000000
13503  42.199  -60.302  21.204 13.0000000000
12761  42.199  -61.485  20.696 13.0000000000
11990  41.710  -62.199  20.497 13.0000000000
12755  40.037  -61.756  21.312 13.0000000000
111876  40.816  -62.618  20.462 13.0000000000
123399  39.885  -64.296  20.087 13.0000000000
9759  39.662  -65.133  20.039 13.0000000000
11134  35.520  -63.794  26.463 13.0000000000
11148  35.008  -63.182  25.712 13.0000000000
11956  34.989  -62.377  24.298 13.0000000000
11965  35.480  -62.119  23.582 13.0000000000
11971  35.187  -62.268  22.623 13.0000000000
11181  30.876  -63.108  23.190 13.0000000000
11975  31.674  -62.874  22.654 13.0000000000
11208  31.504  -63.880  21.594 13.0000000000
11193  31.896  -63.227  21.859 13.0000000000
11967  33.400  -62.526  22.799 13.0000000000
11972  34.190  -62.551  22.157 13.0000000000
122030  35.819  -62.214  22.124 13.0000000000
11981  36.090  -62.496  21.381 13.0000000000
11994  36.476  -62.922  20.689 13.0000000000
11221  37.040  -63.684  20.358 13.0000000000
10457  36.171  -64.656  20.399 13.0000000000
127654  36.553  -64.198  20.353 13.0000000000
117037  37.879  -64.330  20.304 13.0000000000
9761  38.249  -65.311  20.568 13.0000000000
114894  38.565  -65.972  20.718 13.0000000000
8409  38.522  -66.727  20.150 13.0000000000
122446  37.473  -68.587  20.425 13.0000000000
7683  37.231  -68.326  21.544 13.0000000000
16749  34.268  -56.844  16.636 13.0000000000
6404  36.247  -70.289  18.217 13.0000000000
9760  39.058  -65.415  20.363 13.0000000000
10453  31.350  -64.550  21.570 13.0000000000
10459  34.167  -64.388  20.460 13.0000000000
11207  32.282  -63.709  21.264 13.0000000000
11270  36.387  -63.250  16.149 13.0000000000
11283  36.920  -63.274  15.584 13.0000000000
11968  31.622  -62.743  23.412 13.0000000000
11974  32.546  -62.769  22.321 13.0000000000
11980  37.743  -62.264  20.971 13.0000000000
11984  33.629  -62.986  21.498 13.0000000000
11985  32.771  -63.122  21.614 13.0000000000
11989  42.292  -62.101  20.114 13.0000000000
11999  42.480  -61.852  19.560 13.0000000000
12010  42.421  -62.284  18.785 13.0000000000
12032  36.130  -62.952  17.527 13.0000000000
12033  35.381  -62.563  17.290 13.0000000000
12099  40.235  -62.022  12.079 13.0000000000
12753  42.211  -60.928  21.211 13.0000000000
12772  42.329  -60.936  19.429 13.0000000000
12773  41.755  -60.717  19.250 13.0000000000
12774  39.740  -60.649  19.342 13.0000000000
12790  42.421  -61.574  19.096 13.0000000000
12803  35.007  -62.069  17.683 13.0000000000
12810  35.082  -61.672  16.336 13.0000000000
12818  35.645  -61.244  15.826 13.0000000000
12831  38.702  -61.048  13.058 13.0000000000
13504  41.758  -60.611  21.777 13.0000000000
13512  42.222  -60.220  20.502 13.0000000000
13524  42.408  -60.654  20.000 13.0000000000
13531  35.672  -60.137  19.479 13.0000000000
13550  33.745  -60.117  17.946 13.0000000000
13560  34.335  -60.336  16.727 13.0000000000
14289  41.168  -59.452  20.888 13.0000000000
14290  40.131  -59.261  20.758 13.0000000000
14338  35.178  -59.298  16.211 13.0000000000
15045  36.571  -58.858  26.302 13.0000000000
15075  39.340  -59.007  21.846 13.0000000000
15150  33.880  -58.362  16.779 13.0000000000
15934  37.785  -57.609  16.491 13.0000000000
18644  36.798  -54.613  16.513 13.0000000000
18645  35.923  -54.859  16.591 13.0000000000
19615  38.998  -53.864  16.868 13.0000000000
19616  38.044  -53.876  16.807 13.0000000000
116387  33.834  -63.822  20.680 13.0000000000
118689  33.669  -59.150  17.120 13.0000000000
119844  36.771  -57.209  16.412 13.0000000000
120445  37.660  -65.776  20.844 13.0000000000
122667  35.934  -57.166  16.299 13.0000000000
122978  41.387  -59.561  21.466 13.0000000000
123743  36.561  -58.716  16.148 13.0000000000
124975  41.321  -59.942  22.648 13.0000000000
127331  31.282  -62.849  23.855 13.0000000000
128553  39.436  -64.940  20.227 13.0000000000
129075  42.336  -62.834  18.967 13.0000000000
