# sub-02 hemi-L FacesvsAllnoFace_scaled Cluster_34
14
42223 -57.907000 -35.350000 0.294000 1
43107 -56.740000 -34.664000 -0.126000 1
43108 -58.160000 -34.497000 0.377000 1
44014 -55.917000 -33.714000 -0.024000 1
44015 -58.377000 -33.642000 0.497000 1
44987 -55.676000 -32.879000 0.219000 1
44988 -58.494000 -32.727000 0.607000 1
45966 -58.559000 -31.789000 0.715000 1
96966 -57.120000 -33.022000 0.221000 1
97976 -57.282000 -33.887000 0.134000 1
100627 -57.618000 -31.027000 0.422000 1
109652 -54.844000 -33.274000 0.084000 1
112358 -57.474000 -32.087000 0.369000 1
114197 -55.324000 -34.477000 -0.267000 1
