# sub-02 hemi-L FacesvsAllnoFace_scaled Cluster_47
18
56506 -39.222000 -18.583000 9.115000 1
57320 -39.252000 -17.761000 8.845000 1
58116 -37.508000 -16.669000 9.673000 1
58117 -38.350000 -16.561000 9.223000 1
58118 -38.772000 -17.178000 9.065000 1
58133 -38.630000 -15.943000 8.809000 1
58134 -39.351000 -17.016000 8.524000 1
58135 -39.868000 -16.842000 7.938000 1
58148 -39.834000 -16.144000 7.592000 1
59007 -37.921000 -15.879000 9.329000 1
59019 -38.961000 -15.422000 8.392000 1
59854 -38.290000 -14.333000 8.609000 1
59855 -38.895000 -14.684000 8.205000 1
60675 -38.686000 -13.854000 8.097000 1
98202 -37.384000 -15.202000 9.418000 1
99119 -39.339000 -16.159000 8.271000 1
111723 -38.278000 -15.100000 8.884000 1
112846 -38.901000 -16.571000 8.769000 1
