# sub-02 hemi-L LimbsvsAllnoLimbs_scaled Cluster_0
22
5786 -16.910000 -78.618000 -3.515000 1
6462 -17.299000 -77.797000 -3.056000 1
6480 -16.599000 -77.880000 -3.670000 1
7173 -17.154000 -76.924000 -3.487000 1
7190 -16.660000 -76.587000 -4.070000 1
7907 -18.844000 -75.498000 -3.186000 1
7921 -17.348000 -75.848000 -3.968000 1
7922 -18.326000 -75.230000 -3.665000 1
7923 -18.947000 -74.806000 -3.213000 1
7939 -16.399000 -75.970000 -4.650000 1
7958 -16.342000 -75.121000 -5.312000 1
8741 -18.498000 -73.985000 -2.419000 1
8751 -18.618000 -74.193000 -3.154000 1
8760 -18.328000 -74.391000 -3.735000 1
8776 -17.099000 -74.441000 -4.917000 1
8777 -17.754000 -74.827000 -4.241000 1
8790 -16.462000 -74.235000 -5.777000 1
9591 -18.043000 -73.614000 -3.073000 1
9597 -18.008000 -73.643000 -3.658000 1
9610 -17.700000 -73.784000 -4.425000 1
98000 -18.543000 -74.084000 -1.475000 1
109235 -17.020000 -75.251000 -4.581000 1
