# sub-02 hemi-L FacesvsAllnoFace_scaled Cluster_13
21
15566 -35.266000 -66.240000 2.917000 1
16366 -33.740000 -65.233000 4.029000 1
16375 -33.785000 -65.917000 3.604000 1
16376 -34.542000 -65.299000 3.733000 1
16377 -35.353000 -65.626000 3.376000 1
16378 -36.912000 -65.366000 3.544000 1
16394 -36.150000 -65.928000 3.018000 1
16395 -37.167000 -65.933000 2.969000 1
17178 -34.300000 -64.579000 4.330000 1
17179 -36.173000 -64.330000 4.551000 1
17188 -35.562000 -64.920000 3.964000 1
17189 -36.574000 -64.830000 4.066000 1
17971 -35.332000 -63.314000 5.480000 1
17972 -36.191000 -63.210000 5.448000 1
17983 -34.818000 -63.870000 4.898000 1
17984 -35.763000 -63.817000 5.012000 1
17985 -36.629000 -63.716000 4.976000 1
100540 -34.559000 -66.124000 3.209000 1
103309 -35.264000 -64.369000 4.474000 1
107836 -36.115000 -65.332000 3.597000 1
114232 -34.903000 -64.774000 4.096000 1
