# sub-02 hemi-R FacesvsAllnoFace_scaled Cluster_29
21
25215 38.871000 -52.854000 -2.294000 1
25222 39.403000 -52.239000 -2.847000 1
26155 38.948000 -52.255000 -2.852000 1
26166 40.160000 -51.201000 -4.220000 1
27107 38.556000 -50.078000 -3.289000 1
27113 39.785000 -50.786000 -4.474000 1
27114 40.595000 -50.364000 -4.876000 1
27993 37.439000 -48.585000 -1.030000 1
28005 37.891000 -49.008000 -2.384000 1
28010 39.013000 -49.872000 -3.960000 1
28011 38.170000 -48.628000 -3.213000 1
28016 38.662000 -48.705000 -3.990000 1
28019 39.578000 -48.809000 -4.676000 1
28914 37.358000 -47.167000 -2.037000 1
28919 37.651000 -47.468000 -2.980000 1
100588 40.029000 -51.638000 -3.649000 1
101869 37.493000 -48.126000 -1.747000 1
107410 37.655000 -48.016000 -2.492000 1
108285 39.650000 -49.768000 -4.569000 1
113530 37.606000 -48.766000 -1.667000 1
114192 40.215000 -49.921000 -5.020000 1
