# sub-02 hemi-L RWvsPER_scaled Cluster_10
58
15482 -31.518000 -65.773000 8.261000 1
15483 -32.359000 -66.139000 8.432000 1
15484 -33.246000 -66.370000 8.259000 1
15497 -31.789000 -66.064000 7.506000 1
15498 -32.692000 -66.494000 7.511000 1
15515 -31.873000 -66.115000 6.595000 1
15516 -32.524000 -66.607000 6.674000 1
15532 -31.925000 -65.925000 5.876000 1
16315 -30.545000 -64.844000 9.330000 1
16316 -31.062000 -65.339000 9.602000 1
16317 -31.957000 -65.591000 9.968000 1
16326 -30.567000 -64.724000 8.619000 1
16327 -30.937000 -65.315000 8.636000 1
16328 -31.682000 -65.708000 9.048000 1
16338 -30.731000 -64.954000 7.990000 1
16339 -31.179000 -65.472000 7.790000 1
16346 -31.385000 -65.548000 7.052000 1
16353 -31.620000 -65.441000 6.312000 1
16354 -31.993000 -65.246000 5.554000 1
17135 -30.246000 -64.133000 9.076000 1
17145 -30.520000 -64.274000 8.187000 1
17152 -30.828000 -64.500000 7.507000 1
17153 -31.224000 -64.814000 6.798000 1
17161 -31.615000 -64.796000 6.110000 1
17170 -32.538000 -64.604000 5.148000 1
17942 -30.371000 -63.498000 8.463000 1
17948 -30.676000 -63.733000 7.707000 1
17949 -31.080000 -63.947000 7.050000 1
17957 -31.541000 -64.087000 6.370000 1
17958 -32.179000 -63.491000 6.084000 1
17959 -33.047000 -63.125000 5.971000 1
17968 -31.989000 -64.328000 5.713000 1
17969 -33.494000 -63.539000 5.440000 1
18729 -30.372000 -62.627000 8.829000 1
18730 -30.926000 -62.328000 8.249000 1
18739 -30.627000 -62.997000 7.945000 1
18740 -31.224000 -62.693000 7.555000 1
18741 -32.127000 -62.383000 7.262000 1
18742 -33.106000 -62.153000 7.166000 1
18751 -31.605000 -63.178000 6.818000 1
18752 -32.563000 -62.749000 6.579000 1
18753 -33.548000 -62.538000 6.566000 1
18764 -33.993000 -62.963000 6.003000 1
19567 -30.795000 -61.948000 8.890000 1
19568 -31.469000 -61.662000 8.620000 1
19569 -32.340000 -61.390000 8.397000 1
19570 -33.228000 -61.162000 8.227000 1
19584 -31.774000 -62.032000 7.960000 1
19585 -32.708000 -61.776000 7.779000 1
19586 -33.587000 -61.560000 7.649000 1
96114 -33.336000 -66.122000 9.008000 1
98622 -32.604000 -65.915000 9.435000 1
105227 -30.983000 -63.293000 7.381000 1
107463 -31.002000 -65.090000 7.404000 1
108270 -32.673000 -63.823000 5.502000 1
112871 -33.434000 -65.952000 9.839000 1
114769 -32.156000 -66.371000 7.050000 1
115262 -33.115000 -64.103000 5.027000 1
