# sub-02 hemi-L FacesvsAllnoFace_scaled Cluster_2
23
7078 -15.431000 -75.971000 3.155000 1
7102 -16.235000 -76.901000 2.020000 1
7832 -15.943000 -75.708000 3.441000 1
7833 -16.525000 -75.136000 3.452000 1
7840 -16.733000 -75.821000 3.217000 1
7841 -17.402000 -75.293000 2.966000 1
8641 -15.997000 -73.783000 4.228000 1
8656 -16.305000 -74.332000 3.843000 1
8657 -16.953000 -74.430000 3.222000 1
8671 -17.484000 -74.486000 2.539000 1
9494 -16.132000 -73.076000 4.380000 1
9495 -16.680000 -72.833000 4.284000 1
9504 -16.493000 -73.492000 4.061000 1
10366 -15.679000 -72.527000 4.380000 1
10367 -16.430000 -72.263000 4.579000 1
10368 -17.252000 -72.301000 4.467000 1
10383 -15.363000 -71.921000 4.179000 1
10384 -17.817000 -72.457000 3.692000 1
11278 -15.339000 -71.257000 3.714000 1
12162 -15.882000 -70.543000 3.834000 1
97691 -16.271000 -76.333000 2.883000 1
99938 -15.847000 -75.027000 3.740000 1
104296 -17.093000 -73.015000 3.714000 1
