# sub-02 hemi-R FacesvsAllnoFace_scaled Cluster_14
66
10459 41.306000 -68.901000 14.095000 1
11248 41.869000 -68.277000 15.820000 1
11249 41.421000 -68.765000 15.155000 1
11260 41.728000 -68.286000 13.282000 1
11989 42.978000 -67.082000 16.597000 1
12000 43.139000 -66.881000 15.477000 1
12001 42.394000 -67.723000 16.249000 1
12013 42.489000 -67.527000 14.181000 1
12030 42.351000 -67.652000 13.357000 1
12031 41.892000 -68.186000 14.094000 1
12043 42.816000 -67.170000 12.728000 1
12044 42.135000 -67.726000 12.639000 1
12045 42.550000 -67.284000 12.077000 1
12046 41.898000 -67.632000 12.058000 1
12047 41.128000 -67.630000 11.701000 1
12052 40.507000 -67.164000 11.046000 1
12787 43.599000 -66.379000 16.904000 1
12804 43.852000 -66.132000 15.819000 1
12819 43.997000 -66.052000 14.757000 1
12820 43.163000 -66.843000 14.441000 1
12834 43.943000 -66.151000 13.789000 1
12835 43.055000 -66.966000 13.512000 1
12838 43.729000 -66.349000 12.818000 1
12839 43.160000 -66.837000 12.196000 1
12841 43.802000 -66.276000 11.962000 1
12842 43.027000 -66.813000 11.591000 1
12843 42.135000 -67.189000 11.404000 1
12844 41.348000 -67.103000 11.055000 1
12848 43.690000 -66.245000 11.190000 1
12849 42.819000 -66.650000 10.851000 1
12850 41.900000 -66.744000 10.614000 1
12851 40.950000 -66.674000 10.480000 1
12861 42.534000 -66.296000 10.056000 1
12862 41.502000 -66.242000 9.860000 1
13518 45.305000 -64.619000 18.510000 1
13519 44.239000 -65.709000 19.224000 1
13535 45.147000 -64.809000 16.970000 1
13536 44.387000 -65.545000 18.051000 1
13552 44.565000 -65.431000 16.263000 1
13563 45.004000 -65.086000 15.101000 1
13568 44.958000 -65.199000 14.090000 1
13571 45.499000 -64.305000 12.912000 1
13572 44.854000 -65.314000 13.253000 1
13575 45.511000 -64.451000 12.280000 1
13576 44.727000 -65.428000 12.477000 1
13578 45.366000 -64.692000 11.450000 1
13579 44.601000 -65.523000 11.685000 1
13583 44.439000 -65.598000 10.820000 1
13590 45.191000 -64.835000 10.479000 1
13600 43.967000 -65.280000 8.882000 1
14383 45.963000 -64.014000 10.984000 1
14396 45.882000 -64.014000 10.196000 1
14397 45.109000 -64.762000 9.340000 1
14409 46.355000 -63.352000 8.929000 1
14410 45.695000 -64.084000 8.391000 1
14411 44.584000 -64.685000 8.213000 1
14423 46.472000 -63.241000 8.033000 1
15332 46.691000 -62.457000 7.563000 1
96285 42.504000 -67.524000 15.138000 1
103566 44.185000 -65.727000 17.195000 1
105964 40.009000 -66.693000 10.419000 1
107068 45.884000 -63.930000 9.359000 1
111403 41.673000 -68.483000 16.811000 1
111564 40.881000 -69.415000 14.934000 1
114385 45.234000 -64.744000 17.723000 1
115017 42.020000 -68.023000 14.834000 1
