#!ascii label , from subject sub-03 vox2ras=TkReg lh ROI=pOTS-words coords=white drawn-with=delineation-helper-0.1.0
50
21108  -48.553  -59.059  1.386 0.0000000000
21886  -45.688  -58.849  3.772 0.0000000000
21898  -48.545  -58.287  1.686 0.0000000000
21909  -48.778  -58.372  0.897 0.0000000000
22715  -43.801  -57.625  4.580 0.0000000000
22717  -45.169  -58.023  3.884 0.0000000000
22723  -46.649  -56.899  3.310 0.0000000000
22743  -48.719  -57.580  1.307 0.0000000000
23519  -42.499  -56.084  4.978 0.0000000000
23527  -43.223  -56.019  4.498 0.0000000000
23528  -43.939  -55.874  4.217 0.0000000000
23535  -47.346  -55.768  3.473 0.0000000000
23536  -48.082  -55.596  3.068 0.0000000000
23537  -48.320  -56.352  2.526 0.0000000000
23547  -48.551  -56.261  2.075 0.0000000000
23559  -48.589  -56.699  1.307 0.0000000000
24331  -42.195  -55.229  5.254 0.0000000000
24339  -42.952  -55.250  4.776 0.0000000000
24340  -43.752  -55.325  4.535 0.0000000000
24342  -46.154  -55.068  4.383 0.0000000000
24343  -47.222  -54.536  4.389 0.0000000000
24344  -47.579  -54.297  4.131 0.0000000000
24354  -46.631  -55.458  3.883 0.0000000000
24355  -47.796  -54.861  3.600 0.0000000000
24370  -48.094  -55.245  2.377 0.0000000000
24371  -48.279  -55.661  2.508 0.0000000000
24385  -48.419  -55.883  1.789 0.0000000000
25062  -44.383  -53.617  6.288 0.0000000000
25073  -44.416  -54.235  5.504 0.0000000000
25090  -46.966  -54.192  4.947 0.0000000000
25105  -46.456  -53.301  4.031 0.0000000000
25107  -47.816  -54.637  2.995 0.0000000000
25122  -47.583  -54.944  1.965 0.0000000000
25835  -46.340  -52.643  4.815 0.0000000000
25836  -47.075  -52.925  4.962 0.0000000000
25837  -47.257  -53.398  4.888 0.0000000000
25851  -47.247  -53.565  4.364 0.0000000000
25866  -46.934  -53.861  3.469 0.0000000000
105839  -47.494  -55.189  4.093 0.0000000000
106267  -43.809  -56.647  4.336 0.0000000000
106279  -48.029  -54.980  3.117 0.0000000000
107856  -46.088  -57.892  3.471 0.0000000000
109609  -47.710  -56.603  2.984 0.0000000000
110397  -45.449  -55.810  3.818 0.0000000000
111619  -48.661  -56.952  2.027 0.0000000000
111748  -47.503  -53.807  3.605 0.0000000000
115280  -43.624  -54.771  4.895 0.0000000000
115336  -45.956  -53.910  3.132 0.0000000000
115530  -43.101  -54.430  5.426 0.0000000000
119464  -48.544  -57.672  2.029 0.0000000000
