#!ascii label , from subject sub-03 vox2ras=TkReg lh ROI=PON-words coords=white drawn-with=delineation-helper-0.1.0
183
12174  -48.196  -71.222  0.165 0.0000000000
12833  -48.506  -70.013  1.127 0.0000000000
12847  -48.160  -70.618  0.848 0.0000000000
12862  -48.796  -70.510  0.198 0.0000000000
12863  -49.038  -69.889  0.392 0.0000000000
12877  -48.310  -70.707  -1.295 0.0000000000
12878  -48.520  -70.824  -0.808 0.0000000000
12879  -48.863  -70.288  -0.157 0.0000000000
13553  -47.315  -68.936  1.500 0.0000000000
13554  -48.215  -68.887  1.478 0.0000000000
13555  -48.953  -68.908  1.323 0.0000000000
13572  -49.164  -69.250  0.715 0.0000000000
13580  -44.412  -69.055  -0.923 0.0000000000
13581  -45.255  -69.332  -0.924 0.0000000000
13582  -46.436  -69.612  -0.898 0.0000000000
13583  -48.571  -70.343  -0.592 0.0000000000
13584  -49.026  -69.547  0.325 0.0000000000
13585  -49.164  -68.926  0.576 0.0000000000
13595  -44.034  -68.965  -1.531 0.0000000000
13596  -44.852  -69.318  -1.406 0.0000000000
13597  -46.033  -69.700  -1.554 0.0000000000
13598  -47.478  -70.165  -1.496 0.0000000000
13608  -44.542  -69.073  -2.257 0.0000000000
13609  -45.339  -69.316  -2.486 0.0000000000
13610  -46.298  -69.554  -2.910 0.0000000000
13611  -47.260  -70.153  -2.620 0.0000000000
14356  -42.262  -68.475  2.486 0.0000000000
14357  -42.858  -68.703  2.234 0.0000000000
14358  -43.442  -68.182  2.020 0.0000000000
14359  -44.860  -68.383  1.624 0.0000000000
14360  -45.778  -68.304  1.553 0.0000000000
14361  -46.718  -68.206  1.539 0.0000000000
14362  -47.784  -68.057  1.559 0.0000000000
14363  -48.660  -68.215  1.464 0.0000000000
14364  -49.100  -68.280  1.305 0.0000000000
14386  -43.656  -68.696  -0.919 0.0000000000
14387  -44.872  -68.828  -0.592 0.0000000000
14388  -45.798  -69.059  -0.566 0.0000000000
14389  -47.159  -69.167  -0.458 0.0000000000
14390  -48.360  -68.846  -0.118 0.0000000000
14391  -48.973  -68.743  0.306 0.0000000000
14392  -49.205  -68.315  0.589 0.0000000000
14395  -42.393  -67.902  -2.339 0.0000000000
14396  -43.146  -68.481  -1.740 0.0000000000
14402  -44.905  -68.476  -3.546 0.0000000000
14403  -45.700  -68.871  -3.828 0.0000000000
14417  -43.406  -67.684  -3.439 0.0000000000
14418  -44.255  -67.731  -4.162 0.0000000000
15133  -42.521  -67.319  2.488 0.0000000000
15134  -43.308  -67.443  2.185 0.0000000000
15135  -44.217  -67.677  1.821 0.0000000000
15136  -45.253  -67.550  1.652 0.0000000000
15137  -46.154  -67.557  1.579 0.0000000000
15138  -47.101  -67.407  1.582 0.0000000000
15139  -48.451  -67.599  1.522 0.0000000000
15140  -49.182  -66.874  1.274 0.0000000000
15160  -42.751  -67.726  -0.556 0.0000000000
15161  -43.657  -68.027  -0.468 0.0000000000
15162  -44.576  -68.054  -0.358 0.0000000000
15163  -45.486  -68.190  -0.314 0.0000000000
15164  -47.521  -67.957  -0.202 0.0000000000
15165  -48.340  -67.110  -0.253 0.0000000000
15166  -48.954  -67.236  -0.017 0.0000000000
15167  -49.104  -67.761  0.352 0.0000000000
15171  -40.906  -67.329  -2.074 0.0000000000
15172  -41.643  -67.729  -1.584 0.0000000000
15173  -42.350  -68.157  -1.172 0.0000000000
15174  -43.006  -68.360  -0.824 0.0000000000
15180  -41.273  -66.592  -3.694 0.0000000000
15181  -41.772  -67.287  -2.920 0.0000000000
15182  -42.761  -67.020  -3.953 0.0000000000
15192  -42.131  -66.694  -4.257 0.0000000000
15193  -43.409  -67.308  -4.584 0.0000000000
15883  -42.259  -66.627  2.675 0.0000000000
15884  -43.061  -66.698  2.372 0.0000000000
15885  -43.922  -66.834  2.054 0.0000000000
15886  -45.411  -66.821  1.721 0.0000000000
15887  -46.378  -66.803  1.635 0.0000000000
15888  -47.622  -66.605  1.606 0.0000000000
15889  -48.370  -66.192  1.508 0.0000000000
15890  -48.861  -66.238  1.372 0.0000000000
15891  -49.144  -66.232  1.243 0.0000000000
15900  -49.350  -66.458  1.076 0.0000000000
15915  -41.461  -66.772  -0.510 0.0000000000
15916  -42.443  -66.772  -0.410 0.0000000000
15917  -43.562  -66.878  -0.387 0.0000000000
15918  -44.613  -66.490  -0.462 0.0000000000
15919  -47.102  -65.999  -0.556 0.0000000000
15920  -48.190  -66.297  -0.408 0.0000000000
15921  -48.898  -66.589  -0.144 0.0000000000
15931  -40.729  -66.783  -0.712 0.0000000000
15932  -41.879  -67.539  -0.720 0.0000000000
15941  -40.167  -66.593  -2.773 0.0000000000
15952  -42.605  -66.875  -4.818 0.0000000000
16661  -43.654  -65.958  2.283 0.0000000000
16662  -44.445  -65.373  2.153 0.0000000000
16663  -47.204  -65.232  1.770 0.0000000000
16664  -47.823  -65.731  1.642 0.0000000000
16665  -48.542  -65.597  1.433 0.0000000000
16666  -48.961  -65.860  1.285 0.0000000000
16675  -48.916  -65.403  1.192 0.0000000000
16676  -49.198  -65.910  1.094 0.0000000000
16689  -49.343  -66.110  0.783 0.0000000000
16701  -40.993  -65.921  -0.409 0.0000000000
16702  -42.133  -65.466  -0.479 0.0000000000
16703  -43.203  -65.699  -0.520 0.0000000000
16704  -44.174  -65.707  -0.595 0.0000000000
16705  -45.174  -65.627  -0.674 0.0000000000
16706  -46.201  -65.283  -0.795 0.0000000000
16707  -47.224  -64.815  -0.856 0.0000000000
16720  -40.043  -66.294  -0.749 0.0000000000
17392  -43.442  -64.624  2.556 0.0000000000
17393  -44.213  -64.618  2.376 0.0000000000
17394  -46.170  -64.364  2.150 0.0000000000
17395  -47.698  -63.844  2.065 0.0000000000
17396  -48.343  -64.308  1.558 0.0000000000
17431  -42.403  -64.326  -0.668 0.0000000000
17432  -43.179  -64.455  -0.824 0.0000000000
17433  -44.615  -64.785  -0.957 0.0000000000
17434  -45.484  -64.671  -1.063 0.0000000000
17442  -44.127  -64.049  -1.225 0.0000000000
17444  -45.693  -63.846  -1.434 0.0000000000
18085  -43.304  -63.284  3.003 0.0000000000
18086  -44.185  -63.147  2.804 0.0000000000
18100  -43.814  -63.923  2.615 0.0000000000
18101  -44.694  -63.837  2.498 0.0000000000
18102  -45.757  -63.677  2.440 0.0000000000
18103  -47.050  -63.166  2.484 0.0000000000
18126  -44.163  -63.321  -1.246 0.0000000000
18132  -44.840  -63.523  -1.420 0.0000000000
18783  -44.545  -62.392  3.197 0.0000000000
18784  -45.505  -62.218  3.206 0.0000000000
18797  -45.113  -62.984  2.734 0.0000000000
18821  -44.247  -62.822  -1.138 0.0000000000
18822  -45.041  -62.447  -1.316 0.0000000000
18828  -44.876  -62.928  -1.458 0.0000000000
18829  -45.747  -62.540  -1.585 0.0000000000
99462  -47.007  -64.526  1.998 0.0000000000
99610  -48.141  -65.474  -0.487 0.0000000000
100142  -42.930  -63.739  -0.806 0.0000000000
100363  -46.171  -62.815  2.741 0.0000000000
100481  -47.533  -66.883  -0.376 0.0000000000
101200  -46.439  -67.229  -0.327 0.0000000000
101351  -45.211  -67.114  -0.366 0.0000000000
102222  -44.306  -67.333  -0.378 0.0000000000
103723  -46.194  -65.179  1.860 0.0000000000
103724  -46.847  -65.942  1.687 0.0000000000
104502  -41.057  -67.381  -1.038 0.0000000000
104646  -48.543  -64.970  1.416 0.0000000000
104791  -46.694  -63.811  2.312 0.0000000000
105051  -46.400  -68.367  -0.303 0.0000000000
105092  -45.774  -66.090  1.748 0.0000000000
105093  -44.719  -66.240  1.929 0.0000000000
105271  -45.232  -64.656  2.159 0.0000000000
105476  -43.849  -64.865  -0.845 0.0000000000
106444  -47.970  -64.859  1.720 0.0000000000
107015  -43.744  -65.191  2.377 0.0000000000
107265  -48.978  -67.610  1.408 0.0000000000
107513  -48.870  -69.657  -0.114 0.0000000000
108404  -48.623  -67.923  0.014 0.0000000000
108614  -45.890  -66.235  -0.515 0.0000000000
109572  -42.722  -67.995  2.323 0.0000000000
109662  -43.788  -62.611  3.200 0.0000000000
109995  -48.650  -70.814  -0.326 0.0000000000
110076  -44.015  -68.460  -2.786 0.0000000000
110285  -46.277  -64.506  -1.151 0.0000000000
110442  -47.917  -69.600  1.413 0.0000000000
110464  -47.780  -69.997  -0.871 0.0000000000
110693  -42.023  -67.902  2.589 0.0000000000
111121  -48.585  -66.904  1.490 0.0000000000
111526  -48.301  -69.631  -0.476 0.0000000000
112705  -45.250  -65.514  1.928 0.0000000000
113039  -47.942  -67.301  1.586 0.0000000000
113326  -44.693  -67.022  1.827 0.0000000000
113934  -40.336  -66.997  -1.395 0.0000000000
114098  -44.187  -68.575  -0.628 0.0000000000
114985  -45.773  -67.179  1.632 0.0000000000
115387  -48.601  -69.455  1.301 0.0000000000
115550  -45.726  -62.040  -1.472 0.0000000000
115869  -45.432  -63.124  -1.591 0.0000000000
115928  -43.577  -63.685  -1.041 0.0000000000
116071  -45.226  -66.344  -0.498 0.0000000000
117588  -46.415  -63.346  2.509 0.0000000000
