#!ascii label , from subject sub-02 vox2ras=TkReg lh ROI=IOG-words coords=white drawn-with=delineation-helper-0.1.0
28
3353  -18.996  -82.069  0.375 0.0000000000
3364  -18.466  -82.688  -0.913 0.0000000000
3365  -18.998  -82.187  -0.554 0.0000000000
3923  -19.375  -81.413  0.631 0.0000000000
3932  -19.299  -81.612  -0.642 0.0000000000
4492  -19.612  -80.404  -0.125 0.0000000000
4498  -19.459  -81.027  -0.957 0.0000000000
5159  -23.397  -79.490  -5.443 0.0000000000
5160  -24.276  -79.426  -5.428 0.0000000000
5174  -21.872  -79.326  -6.181 0.0000000000
5175  -22.941  -79.611  -6.429 0.0000000000
5176  -23.959  -79.618  -6.289 0.0000000000
5189  -22.106  -79.399  -7.117 0.0000000000
5190  -22.933  -79.721  -7.373 0.0000000000
5191  -23.700  -79.724  -7.201 0.0000000000
7963  -24.597  -75.321  -5.283 0.0000000000
7983  -23.711  -75.557  -6.414 0.0000000000
10548  -24.469  -72.055  -9.046 0.0000000000
10558  -23.795  -72.929  -10.023 0.0000000000
97861  -24.342  -75.482  -6.062 0.0000000000
98231  -23.427  -79.798  -8.105 0.0000000000
98235  -22.328  -79.472  -8.119 0.0000000000
98707  -19.471  -81.143  -0.083 0.0000000000
100508  -24.514  -72.593  -9.925 0.0000000000
100870  -19.255  -81.711  -0.077 0.0000000000
102166  -23.295  -75.611  -7.046 0.0000000000
108844  -23.623  -75.473  -5.768 0.0000000000
112222  -21.525  -79.274  -7.675 0.0000000000
