# sub-08 hemi-R LimbsvsAllnoLimbsnoCS_scaled Cluster_12
48
11746 35.941000 -80.981000 -6.869000 1
11747 34.914000 -80.928000 -6.573000 1
12703 37.534000 -79.425000 -6.466000 1
12704 36.677000 -79.248000 -6.262000 1
12705 35.649000 -79.401000 -6.238000 1
12706 34.677000 -79.272000 -6.033000 1
12729 37.729000 -79.812000 -6.923000 1
12730 36.458000 -80.210000 -6.667000 1
12731 35.307000 -80.138000 -6.429000 1
12732 34.265000 -80.110000 -6.274000 1
13772 38.562000 -78.515000 -5.992000 1
13773 37.452000 -78.812000 -5.990000 1
13774 35.681000 -78.700000 -5.926000 1
13775 34.862000 -78.542000 -5.755000 1
13776 34.035000 -78.603000 -5.601000 1
13795 38.138000 -79.098000 -6.466000 1
14824 39.332000 -77.223000 -4.233000 1
14839 39.505000 -77.297000 -4.569000 1
14840 38.951000 -77.571000 -4.619000 1
14841 38.065000 -77.777000 -4.985000 1
14842 36.914000 -77.470000 -5.141000 1
14843 35.815000 -77.313000 -5.217000 1
14844 34.793000 -77.218000 -5.172000 1
14860 38.711000 -78.075000 -5.354000 1
14861 38.139000 -78.469000 -5.694000 1
14862 37.446000 -78.182000 -5.484000 1
14863 35.318000 -77.957000 -5.550000 1
14864 34.381000 -77.912000 -5.403000 1
15829 39.749000 -76.940000 -3.784000 1
15831 38.138000 -76.481000 -4.002000 1
15840 38.358000 -77.172000 -4.433000 1
15841 37.388000 -76.780000 -4.520000 1
15842 36.252000 -76.620000 -4.740000 1
15843 35.223000 -76.522000 -4.796000 1
15844 34.247000 -76.536000 -4.696000 1
16768 37.820000 -75.671000 -3.554000 1
16769 36.925000 -75.379000 -3.669000 1
16770 36.031000 -75.244000 -3.779000 1
16771 35.105000 -75.163000 -3.829000 1
16786 37.364000 -76.008000 -4.011000 1
16787 36.594000 -75.925000 -4.218000 1
16788 35.636000 -75.831000 -4.321000 1
16789 34.667000 -75.809000 -4.309000 1
17736 36.445000 -74.721000 -3.242000 1
126412 37.251000 -79.914000 -6.702000 1
137342 36.473000 -78.233000 -5.660000 1
137691 39.166000 -77.762000 -5.087000 1
149380 35.193000 -78.954000 -5.995000 1
