# sub-08 hemi-R FacesvsAllnoFacenoCS_scaled Cluster_19
96
29150 37.556000 -62.991000 -10.703000 1
29160 38.454000 -63.219000 -11.232000 1
29179 37.876000 -63.746000 -11.530000 1
30289 38.271000 -62.557000 -10.634000 1
30290 36.979000 -62.476000 -10.443000 1
30291 36.327000 -62.465000 -10.603000 1
30301 41.119000 -62.150000 -11.928000 1
30302 39.205000 -62.655000 -11.102000 1
31393 40.483000 -61.233000 -10.678000 1
31394 39.702000 -61.770000 -10.666000 1
31395 38.590000 -61.861000 -10.361000 1
31396 36.758000 -61.767000 -10.467000 1
31397 36.047000 -61.923000 -10.752000 1
31405 41.355000 -61.395000 -11.409000 1
31406 40.605000 -61.791000 -11.255000 1
31407 36.207000 -61.303000 -11.191000 1
32534 40.449000 -59.912000 -9.914000 1
32535 39.723000 -60.025000 -9.860000 1
32536 39.126000 -59.832000 -9.961000 1
32543 42.020000 -60.214000 -10.771000 1
32544 40.162000 -60.581000 -10.158000 1
32545 39.307000 -60.468000 -9.963000 1
32546 38.532000 -60.434000 -10.098000 1
32547 37.729000 -60.517000 -10.503000 1
32548 36.879000 -60.878000 -10.863000 1
32560 42.567000 -60.618000 -11.553000 1
32561 41.860000 -60.817000 -11.252000 1
32562 37.193000 -60.274000 -11.751000 1
32563 36.486000 -60.674000 -12.208000 1
32579 37.229000 -60.453000 -14.053000 1
32580 36.257000 -60.922000 -13.870000 1
32581 35.587000 -61.263000 -13.560000 1
33683 41.844000 -58.797000 -9.790000 1
33684 40.530000 -59.094000 -9.706000 1
33685 39.780000 -59.406000 -9.827000 1
33695 43.099000 -59.270000 -10.653000 1
33696 42.290000 -59.471000 -10.383000 1
33697 41.351000 -59.580000 -10.030000 1
33698 39.289000 -59.208000 -10.098000 1
33715 42.836000 -59.965000 -11.121000 1
33716 38.228000 -59.393000 -11.707000 1
33717 37.765000 -59.855000 -11.235000 1
33733 38.379000 -59.558000 -13.483000 1
33734 37.703000 -59.831000 -12.702000 1
34772 42.350000 -58.060000 -9.602000 1
34773 41.472000 -58.151000 -9.568000 1
34774 40.704000 -58.263000 -9.666000 1
34775 39.978000 -58.741000 -9.833000 1
34785 44.266000 -58.176000 -10.586000 1
34786 43.256000 -58.523000 -10.173000 1
34787 42.561000 -58.828000 -10.049000 1
34788 40.165000 -58.089000 -9.923000 1
34789 39.522000 -58.536000 -10.295000 1
34790 38.783000 -58.923000 -10.846000 1
34806 43.922000 -58.979000 -11.066000 1
34807 39.257000 -58.355000 -11.468000 1
34808 38.758000 -58.911000 -12.382000 1
34825 39.398000 -58.468000 -13.034000 1
35801 43.448000 -56.862000 -9.376000 1
35802 42.517000 -57.088000 -9.401000 1
35803 41.752000 -57.441000 -9.508000 1
35804 41.179000 -57.708000 -9.600000 1
35805 40.775000 -57.613000 -9.767000 1
35818 43.309000 -57.701000 -9.681000 1
35819 40.366000 -57.453000 -10.333000 1
35820 39.769000 -57.865000 -10.734000 1
35836 40.348000 -57.353000 -12.364000 1
35837 39.748000 -57.823000 -11.977000 1
35849 40.703000 -57.553000 -13.793000 1
35850 40.081000 -58.025000 -13.419000 1
36901 41.935000 -56.622000 -9.485000 1
36902 41.413000 -56.680000 -9.740000 1
36903 41.331000 -57.180000 -9.649000 1
36921 41.213000 -56.330000 -10.406000 1
36922 40.875000 -56.964000 -9.991000 1
36937 41.396000 -56.051000 -11.948000 1
36938 40.638000 -56.813000 -11.193000 1
36949 41.664000 -56.306000 -13.797000 1
36950 40.963000 -56.791000 -12.896000 1
38075 41.653000 -56.169000 -9.751000 1
38095 41.693000 -55.538000 -10.498000 1
38108 41.979000 -55.266000 -12.016000 1
38118 42.062000 -55.648000 -13.428000 1
39242 42.102000 -54.877000 -10.970000 1
39255 42.535000 -54.605000 -12.267000 1
126529 40.257000 -62.407000 -11.530000 1
130598 38.918000 -61.098000 -10.068000 1
135408 41.120000 -60.572000 -10.553000 1
138727 37.617000 -61.997000 -10.289000 1
140300 38.068000 -61.167000 -10.126000 1
144433 37.407000 -61.270000 -10.357000 1
144514 39.730000 -61.051000 -10.255000 1
145189 44.144000 -57.441000 -9.878000 1
147016 38.459000 -59.747000 -10.436000 1
147098 41.155000 -58.757000 -9.658000 1
147349 40.135000 -57.418000 -11.232000 1
