# sub-08 hemi-R LimbsvsAllnoLimbsnoCS_scaled Cluster_9
18
7789 36.282000 -85.193000 16.665000 1
7790 35.952000 -85.646000 17.023000 1
8607 36.951000 -84.621000 16.220000 1
8608 35.066000 -83.659000 16.703000 1
9517 36.995000 -83.785000 16.302000 1
9518 34.674000 -82.633000 16.511000 1
9534 38.221000 -83.262000 15.191000 1
9535 37.645000 -83.653000 15.726000 1
10447 35.587000 -81.475000 15.986000 1
10457 38.942000 -82.799000 15.137000 1
10458 38.054000 -82.754000 15.584000 1
125433 35.720000 -82.538000 16.264000 1
131454 36.290000 -84.290000 16.586000 1
134246 37.449000 -84.216000 15.976000 1
134278 36.425000 -85.042000 16.632000 1
143380 34.397000 -81.489000 16.357000 1
145815 38.535000 -82.089000 15.418000 1
150849 36.678000 -84.925000 16.356000 1
