# sub-08 hemi-L FacesvsAllnoFace_scaled Cluster_29
107
53587 -41.779000 -40.303000 -20.368000 1
54600 -41.851000 -39.492000 -20.345000 1
54601 -42.514000 -39.167000 -21.050000 1
54606 -43.193000 -39.590000 -21.845000 1
55660 -43.242000 -38.849000 -21.778000 1
55665 -44.856000 -38.473000 -22.673000 1
56628 -43.290000 -37.951000 -21.701000 1
57557 -39.041000 -36.283000 -15.123000 1
57558 -39.895000 -36.192000 -14.828000 1
57571 -38.864000 -36.180000 -16.167000 1
57572 -39.606000 -36.423000 -15.810000 1
57583 -38.559000 -35.816000 -17.340000 1
57584 -39.329000 -36.282000 -16.904000 1
57585 -41.038000 -36.291000 -16.949000 1
57595 -40.065000 -36.413000 -18.557000 1
57596 -41.054000 -36.380000 -17.926000 1
57601 -38.660000 -36.417000 -18.535000 1
57602 -39.429000 -36.631000 -19.031000 1
57603 -40.193000 -36.571000 -19.218000 1
57604 -40.849000 -36.388000 -18.933000 1
57609 -40.945000 -36.611000 -19.612000 1
57610 -41.989000 -36.138000 -19.947000 1
57618 -42.594000 -36.526000 -20.821000 1
57619 -43.485000 -36.138000 -21.360000 1
57626 -43.349000 -36.991000 -21.572000 1
57633 -44.938000 -37.049000 -22.350000 1
58581 -38.952000 -35.113000 -12.728000 1
58582 -39.825000 -35.059000 -12.733000 1
58583 -40.620000 -34.728000 -13.029000 1
58598 -37.351000 -34.516000 -14.288000 1
58599 -38.695000 -35.531000 -13.601000 1
58600 -39.458000 -35.517000 -13.381000 1
58601 -40.217000 -35.322000 -13.486000 1
58612 -37.709000 -35.172000 -16.134000 1
58613 -38.424000 -35.781000 -14.591000 1
58614 -39.229000 -35.966000 -14.185000 1
58615 -40.475000 -35.539000 -14.323000 1
58616 -41.168000 -35.078000 -14.729000 1
58626 -37.533000 -34.998000 -17.229000 1
58627 -38.192000 -35.543000 -16.719000 1
58628 -40.671000 -35.786000 -15.174000 1
58629 -41.365000 -35.333000 -15.594000 1
58637 -37.860000 -35.399000 -17.589000 1
58638 -40.880000 -36.073000 -16.039000 1
58639 -41.531000 -35.626000 -16.482000 1
58640 -42.189000 -35.122000 -16.960000 1
58647 -41.715000 -36.066000 -18.402000 1
58648 -42.349000 -35.367000 -17.944000 1
58653 -41.566000 -36.227000 -19.245000 1
58654 -42.436000 -35.639000 -19.063000 1
58661 -42.752000 -35.475000 -20.004000 1
58668 -42.825000 -35.826000 -20.609000 1
59488 -38.953000 -34.155000 -11.800000 1
59489 -39.700000 -34.188000 -11.681000 1
59503 -38.356000 -34.432000 -12.499000 1
59504 -39.435000 -34.629000 -12.196000 1
59505 -40.271000 -34.433000 -12.136000 1
59506 -41.068000 -34.144000 -12.640000 1
59521 -37.673000 -34.360000 -13.173000 1
59522 -38.134000 -35.004000 -13.267000 1
59523 -41.303000 -34.247000 -13.504000 1
59536 -40.909000 -34.887000 -13.887000 1
59537 -41.498000 -34.333000 -14.335000 1
59547 -41.789000 -34.379000 -15.227000 1
59558 -41.954000 -34.809000 -16.109000 1
59559 -42.388000 -34.371000 -16.628000 1
59565 -42.736000 -34.292000 -17.544000 1
59572 -42.965000 -34.723000 -18.614000 1
59573 -43.450000 -34.086000 -19.307000 1
59581 -43.195000 -34.828000 -19.626000 1
60457 -39.268000 -32.917000 -10.844000 1
60458 -40.074000 -33.182000 -10.688000 1
60475 -38.756000 -33.335000 -11.422000 1
60476 -39.524000 -33.637000 -11.253000 1
60477 -40.339000 -33.748000 -11.360000 1
60478 -41.150000 -33.446000 -11.452000 1
60491 -37.645000 -33.723000 -12.695000 1
60492 -38.226000 -33.624000 -11.999000 1
60493 -40.860000 -33.936000 -11.900000 1
60494 -41.459000 -33.551000 -12.294000 1
60509 -37.153000 -33.738000 -13.595000 1
60520 -36.819000 -33.595000 -14.583000 1
60549 -43.313000 -33.680000 -18.566000 1
61476 -37.661000 -32.926000 -12.275000 1
61477 -38.547000 -32.492000 -11.255000 1
61507 -37.068000 -32.955000 -13.114000 1
127078 -40.251000 -36.444000 -16.593000 1
127290 -39.872000 -35.756000 -14.002000 1
127552 -38.911000 -36.040000 -17.995000 1
128023 -39.714000 -36.368000 -17.711000 1
128731 -41.659000 -33.584000 -13.174000 1
129217 -41.670000 -35.864000 -17.411000 1
130373 -41.922000 -40.832000 -20.720000 1
130646 -40.495000 -36.437000 -17.520000 1
132635 -43.038000 -32.963000 -17.708000 1
137588 -38.391000 -35.859000 -15.603000 1
139778 -44.358000 -37.593000 -22.317000 1
141206 -37.708000 -35.251000 -14.937000 1
141465 -37.808000 -32.092000 -11.817000 1
141737 -42.518000 -40.210000 -21.280000 1
142536 -38.022000 -35.322000 -14.031000 1
143441 -42.224000 -36.302000 -20.382000 1
143801 -39.268000 -36.331000 -18.475000 1
148158 -38.921000 -34.619000 -12.268000 1
148838 -38.166000 -32.908000 -11.713000 1
149475 -40.271000 -36.281000 -15.642000 1
149868 -38.037000 -35.591000 -15.249000 1
