# sub-08 hemi-L LimbsvsAllnoLimbsnoCS_scaled Cluster_13
189
22762 -41.248000 -71.225000 -20.185000 1
22767 -40.772000 -71.771000 -20.214000 1
22768 -41.316000 -71.540000 -20.935000 1
23729 -38.063000 -70.034000 -16.918000 1
23730 -38.798000 -70.093000 -16.829000 1
23763 -41.115000 -70.328000 -18.790000 1
23772 -40.794000 -70.956000 -19.067000 1
23773 -41.396000 -70.616000 -19.645000 1
23778 -41.763000 -70.640000 -20.630000 1
24710 -38.651000 -69.083000 -15.944000 1
24711 -39.407000 -68.993000 -15.933000 1
24726 -37.779000 -69.332000 -16.677000 1
24727 -38.412000 -69.557000 -16.448000 1
24728 -39.127000 -69.560000 -16.345000 1
24729 -39.778000 -69.294000 -16.452000 1
24740 -37.549000 -69.698000 -17.292000 1
24741 -39.678000 -69.868000 -16.976000 1
24742 -41.029000 -69.270000 -17.742000 1
24754 -40.716000 -70.032000 -18.082000 1
24755 -41.419000 -69.503000 -18.503000 1
24756 -42.080000 -68.923000 -18.982000 1
24766 -41.761000 -69.725000 -19.291000 1
24767 -42.330000 -69.055000 -19.798000 1
24773 -42.056000 -69.861000 -20.132000 1
24774 -42.516000 -69.177000 -20.611000 1
25662 -38.053000 -68.452000 -15.732000 1
25663 -38.932000 -68.527000 -15.472000 1
25664 -39.797000 -68.345000 -15.632000 1
25685 -37.623000 -68.608000 -16.393000 1
25686 -38.059000 -69.044000 -16.179000 1
25687 -40.171000 -68.733000 -16.239000 1
25688 -40.813000 -68.412000 -16.630000 1
25705 -37.332000 -68.826000 -17.166000 1
25706 -40.479000 -69.127000 -16.961000 1
25707 -42.073000 -68.036000 -17.908000 1
25724 -37.103000 -68.687000 -18.023000 1
25725 -41.720000 -68.717000 -18.194000 1
25726 -42.371000 -68.220000 -18.662000 1
25739 -42.625000 -68.315000 -19.471000 1
25747 -37.170000 -68.430000 -20.622000 1
25754 -37.389000 -68.636000 -22.146000 1
26586 -37.760000 -67.602000 -15.514000 1
26601 -37.346000 -67.992000 -16.702000 1
26602 -40.597000 -68.041000 -16.025000 1
26604 -42.122000 -67.200000 -16.967000 1
26612 -37.196000 -68.041000 -17.536000 1
26613 -41.856000 -67.746000 -17.308000 1
26614 -42.407000 -67.449000 -17.635000 1
26615 -42.910000 -67.187000 -17.958000 1
26623 -37.158000 -67.988000 -18.331000 1
26624 -42.657000 -67.641000 -18.312000 1
26625 -43.230000 -67.258000 -18.566000 1
26635 -37.334000 -67.449000 -19.111000 1
26636 -42.933000 -67.742000 -19.049000 1
26644 -37.447000 -67.639000 -20.662000 1
26654 -38.166000 -66.804000 -22.327000 1
27597 -37.380000 -67.138000 -16.133000 1
27599 -42.529000 -66.572000 -16.583000 1
27600 -43.372000 -66.283000 -16.922000 1
27601 -44.027000 -65.832000 -16.860000 1
27609 -37.271000 -67.305000 -17.139000 1
27610 -42.787000 -66.879000 -17.343000 1
27611 -43.491000 -66.742000 -17.906000 1
27612 -44.083000 -66.205000 -17.472000 1
27619 -37.524000 -66.603000 -18.707000 1
27620 -43.919000 -66.866000 -18.868000 1
27621 -44.711000 -66.373000 -18.746000 1
27622 -45.363000 -66.095000 -19.528000 1
27632 -37.662000 -66.553000 -19.738000 1
27633 -37.986000 -65.821000 -19.898000 1
27643 -37.695000 -66.857000 -20.620000 1
27644 -37.975000 -66.094000 -20.519000 1
27648 -37.735000 -67.241000 -21.431000 1
27649 -38.045000 -66.414000 -21.319000 1
27656 -38.426000 -65.921000 -21.914000 1
28717 -44.085000 -65.107000 -15.802000 1
28726 -42.947000 -65.950000 -16.120000 1
28727 -43.686000 -65.643000 -16.300000 1
28728 -44.424000 -65.424000 -16.453000 1
28729 -45.228000 -65.292000 -16.712000 1
28736 -44.664000 -65.749000 -17.140000 1
28737 -45.447000 -65.635000 -17.546000 1
28738 -46.234000 -65.457000 -18.114000 1
28748 -37.664000 -65.863000 -18.288000 1
28749 -38.051000 -65.211000 -18.792000 1
28750 -44.787000 -66.109000 -17.901000 1
28751 -45.470000 -65.901000 -18.480000 1
28752 -46.165000 -65.543000 -19.149000 1
28760 -37.833000 -65.875000 -19.187000 1
28761 -38.225000 -65.273000 -19.594000 1
28769 -38.307000 -65.414000 -20.340000 1
28775 -38.680000 -65.230000 -21.631000 1
29838 -43.308000 -64.375000 -14.545000 1
29839 -44.101000 -64.099000 -14.715000 1
29847 -43.698000 -64.725000 -15.183000 1
29848 -44.477000 -64.497000 -15.372000 1
29849 -45.254000 -64.320000 -15.597000 1
29857 -44.855000 -64.891000 -16.018000 1
29858 -45.658000 -64.717000 -16.249000 1
29859 -46.431000 -64.419000 -16.390000 1
29860 -46.993000 -64.613000 -17.158000 1
29874 -46.171000 -65.109000 -17.090000 1
29875 -46.816000 -65.028000 -17.809000 1
29876 -47.426000 -64.577000 -18.049000 1
29888 -38.282000 -64.559000 -18.409000 1
29889 -46.942000 -64.967000 -18.819000 1
29890 -47.549000 -64.339000 -18.974000 1
29898 -38.503000 -64.617000 -19.213000 1
29899 -38.973000 -64.077000 -19.651000 1
29910 -38.616000 -64.737000 -20.035000 1
29911 -39.074000 -64.230000 -20.541000 1
29919 -38.647000 -64.928000 -20.864000 1
29920 -39.109000 -64.492000 -21.543000 1
30957 -43.654000 -63.710000 -14.100000 1
30966 -44.897000 -63.869000 -14.963000 1
30967 -45.682000 -63.731000 -15.275000 1
30968 -46.523000 -63.679000 -15.733000 1
30969 -47.329000 -63.296000 -16.060000 1
30980 -48.688000 -62.789000 -17.353000 1
30992 -48.069000 -63.890000 -18.453000 1
30993 -48.647000 -63.138000 -18.367000 1
31004 -48.437000 -63.233000 -19.520000 1
32010 -47.159000 -62.018000 -15.157000 1
32018 -46.867000 -62.831000 -15.380000 1
32019 -47.562000 -62.544000 -15.774000 1
32020 -48.095000 -62.279000 -16.106000 1
32028 -48.060000 -62.955000 -16.512000 1
32029 -48.500000 -62.353000 -16.627000 1
32037 -49.108000 -62.437000 -18.257000 1
32046 -48.902000 -62.607000 -19.443000 1
32047 -49.368000 -61.960000 -19.231000 1
33111 -47.463000 -61.214000 -15.066000 1
33112 -47.817000 -61.796000 -15.616000 1
33120 -48.491000 -61.644000 -16.219000 1
33121 -49.078000 -61.086000 -16.732000 1
33130 -49.050000 -61.946000 -17.225000 1
33131 -49.448000 -61.198000 -17.672000 1
33142 -49.660000 -61.256000 -18.820000 1
34108 -47.751000 -60.299000 -15.051000 1
34126 -48.611000 -60.873000 -16.088000 1
34127 -49.419000 -60.423000 -17.219000 1
34135 -49.775000 -60.543000 -18.244000 1
34143 -50.057000 -60.661000 -19.447000 1
35058 -48.269000 -59.495000 -15.377000 1
35072 -48.822000 -59.558000 -16.070000 1
35073 -49.330000 -59.629000 -16.836000 1
35085 -49.742000 -59.756000 -17.762000 1
35086 -50.144000 -59.169000 -18.343000 1
35100 -50.184000 -59.940000 -18.821000 1
35101 -50.488000 -59.314000 -19.462000 1
35979 -48.701000 -58.776000 -15.743000 1
35996 -49.211000 -58.846000 -16.461000 1
35997 -49.493000 -58.108000 -16.858000 1
36014 -49.878000 -58.129000 -17.554000 1
36015 -50.363000 -57.806000 -18.337000 1
37015 -49.068000 -58.071000 -16.094000 1
37043 -50.818000 -57.113000 -19.138000 1
38072 -51.369000 -56.470000 -19.873000 1
124424 -41.348000 -68.430000 -17.335000 1
124748 -44.192000 -66.479000 -18.179000 1
125423 -47.146000 -64.004000 -16.507000 1
125458 -37.439000 -68.055000 -21.405000 1
125619 -37.187000 -68.021000 -19.861000 1
125921 -50.468000 -58.572000 -18.961000 1
126486 -48.233000 -63.500000 -17.404000 1
126712 -37.214000 -69.351000 -17.772000 1
126856 -44.516000 -66.622000 -19.590000 1
127726 -47.665000 -64.107000 -17.335000 1
133124 -48.109000 -61.028000 -15.576000 1
133483 -38.341000 -65.657000 -21.097000 1
133925 -40.795000 -71.354000 -19.611000 1
134585 -49.679000 -58.874000 -17.377000 1
134754 -39.293000 -63.548000 -19.271000 1
135488 -50.847000 -57.926000 -19.651000 1
137047 -37.272000 -67.329000 -18.088000 1
137253 -38.721000 -65.455000 -22.279000 1
137578 -42.812000 -68.427000 -20.319000 1
137970 -48.421000 -60.270000 -15.725000 1
139176 -37.397000 -66.586000 -17.731000 1
140201 -48.958000 -60.305000 -16.409000 1
141422 -37.520000 -67.975000 -16.057000 1
142422 -37.201000 -68.719000 -21.303000 1
142543 -47.705000 -63.603000 -16.716000 1
142995 -40.389000 -69.756000 -17.472000 1
143337 -47.186000 -60.714000 -14.596000 1
143387 -37.442000 -67.285000 -20.013000 1
144788 -49.394000 -61.799000 -18.184000 1
147767 -45.935000 -64.204000 -15.808000 1
149159 -50.123000 -58.515000 -18.053000 1
