#!ascii label , from subject sub-08 vox2ras=TkReg lh ROI=IOG-words coords=white drawn-with=delineation-helper-0.1.0
96
11191  -29.322  -83.027  -19.633 0.0000000000
11192  -30.061  -83.079  -19.679 0.0000000000
11193  -30.982  -83.074  -19.785 0.0000000000
11208  -30.193  -83.460  -20.599 0.0000000000
12051  -29.218  -82.134  -18.481 0.0000000000
12052  -29.984  -82.008  -18.601 0.0000000000
12064  -29.732  -82.590  -18.960 0.0000000000
12065  -30.676  -82.330  -19.141 0.0000000000
12066  -31.531  -82.386  -19.627 0.0000000000
12103  -23.421  -82.012  -22.920 0.0000000000
12914  -28.670  -81.492  -18.274 0.0000000000
12915  -29.667  -81.254  -18.395 0.0000000000
12916  -30.572  -81.427  -18.719 0.0000000000
12917  -31.139  -80.657  -18.768 0.0000000000
12927  -31.648  -81.445  -19.318 0.0000000000
12952  -22.885  -80.593  -22.746 0.0000000000
12953  -23.135  -81.214  -22.358 0.0000000000
12958  -22.912  -81.153  -23.159 0.0000000000
12959  -23.197  -81.779  -23.817 0.0000000000
12961  -22.651  -81.046  -23.962 0.0000000000
12971  -22.369  -80.955  -24.765 0.0000000000
12972  -22.604  -81.468  -25.551 0.0000000000
12990  -29.297  -81.218  -27.808 0.0000000000
13799  -27.365  -80.871  -18.350 0.0000000000
13800  -28.179  -80.769  -18.316 0.0000000000
13801  -29.032  -80.549  -18.366 0.0000000000
13802  -30.632  -79.965  -18.500 0.0000000000
13815  -32.173  -80.496  -19.156 0.0000000000
13841  -22.813  -79.976  -22.848 0.0000000000
13842  -23.143  -80.520  -22.140 0.0000000000
13846  -22.622  -80.420  -23.414 0.0000000000
13852  -21.768  -79.836  -25.593 0.0000000000
13853  -22.330  -80.340  -24.273 0.0000000000
13868  -21.936  -80.330  -25.201 0.0000000000
13869  -28.199  -80.510  -26.303 0.0000000000
13870  -28.793  -80.768  -26.163 0.0000000000
13871  -29.604  -80.978  -26.118 0.0000000000
13888  -27.777  -80.319  -26.935 0.0000000000
13889  -28.542  -80.807  -27.219 0.0000000000
13890  -29.245  -81.253  -26.994 0.0000000000
14730  -27.752  -80.142  -18.657 0.0000000000
14731  -28.132  -79.422  -19.086 0.0000000000
14732  -29.354  -79.645  -18.566 0.0000000000
14733  -30.156  -79.337  -18.499 0.0000000000
14753  -27.744  -79.191  -19.863 0.0000000000
14777  -23.292  -79.445  -22.766 0.0000000000
14778  -24.114  -79.124  -22.512 0.0000000000
14788  -22.497  -79.807  -23.800 0.0000000000
14789  -23.171  -78.964  -23.654 0.0000000000
14791  -25.483  -79.052  -23.363 0.0000000000
14810  -22.062  -79.357  -25.535 0.0000000000
14811  -22.147  -79.772  -24.743 0.0000000000
14812  -25.685  -78.919  -24.923 0.0000000000
14813  -26.451  -79.357  -24.608 0.0000000000
14828  -25.531  -78.873  -25.762 0.0000000000
14829  -26.315  -79.329  -25.765 0.0000000000
14830  -27.707  -80.197  -26.002 0.0000000000
14837  -25.714  -79.016  -26.698 0.0000000000
14838  -26.475  -79.444  -27.081 0.0000000000
14839  -27.230  -79.889  -27.555 0.0000000000
15760  -28.959  -79.092  -18.883 0.0000000000
15761  -29.755  -78.780  -18.710 0.0000000000
15762  -30.549  -78.464  -18.490 0.0000000000
15776  -28.671  -78.804  -19.519 0.0000000000
15777  -29.491  -78.296  -19.209 0.0000000000
15790  -27.930  -78.958  -20.723 0.0000000000
15791  -28.486  -78.632  -20.305 0.0000000000
15792  -29.110  -78.216  -19.947 0.0000000000
15807  -28.551  -78.626  -21.279 0.0000000000
15808  -29.390  -78.131  -21.328 0.0000000000
15820  -23.761  -78.914  -23.157 0.0000000000
15833  -22.604  -79.216  -24.402 0.0000000000
15834  -23.903  -78.625  -23.912 0.0000000000
15835  -24.917  -78.712  -24.215 0.0000000000
15848  -23.202  -78.669  -24.618 0.0000000000
15849  -24.066  -78.493  -24.922 0.0000000000
15850  -24.907  -78.629  -25.324 0.0000000000
15854  -22.586  -78.846  -25.576 0.0000000000
15855  -23.352  -78.543  -25.823 0.0000000000
16859  -30.228  -77.963  -18.769 0.0000000000
16873  -30.110  -77.570  -19.333 0.0000000000
16889  -29.544  -77.827  -20.514 0.0000000000
125328  -23.755  -79.557  -21.910 0.0000000000
125787  -25.826  -79.035  -24.109 0.0000000000
126010  -23.274  -79.978  -22.053 0.0000000000
130438  -27.124  -79.853  -26.401 0.0000000000
130469  -28.563  -79.914  -18.598 0.0000000000
133868  -29.829  -80.233  -18.432 0.0000000000
134580  -30.344  -80.707  -18.523 0.0000000000
134800  -31.085  -79.088  -18.361 0.0000000000
144079  -31.546  -79.897  -18.645 0.0000000000
145495  -22.804  -79.456  -23.444 0.0000000000
146195  -29.005  -78.259  -20.682 0.0000000000
147040  -22.134  -80.882  -25.302 0.0000000000
147995  -29.631  -77.792  -19.783 0.0000000000
149091  -29.696  -81.393  -26.857 0.0000000000
