#!ascii label , from subject sub-08 vox2ras=TkReg lh ROI=mOTS-words coords=white drawn-with=delineation-helper-0.1.0
23
46804  -50.198  -48.120  -16.522 0.0000000000
46811  -50.613  -48.112  -17.141 0.0000000000
46812  -51.008  -48.261  -17.581 0.0000000000
46819  -50.893  -48.048  -17.772 0.0000000000
46820  -51.438  -48.035  -18.358 0.0000000000
46830  -51.925  -47.904  -19.390 0.0000000000
46834  -55.119  -47.647  -20.611 0.0000000000
46838  -52.263  -47.532  -20.379 0.0000000000
46841  -54.566  -47.776  -21.309 0.0000000000
46842  -55.312  -47.689  -21.583 0.0000000000
46850  -53.905  -47.466  -22.262 0.0000000000
46851  -54.585  -47.609  -22.205 0.0000000000
46852  -55.481  -47.496  -22.471 0.0000000000
46853  -56.244  -47.209  -22.563 0.0000000000
46858  -54.326  -47.229  -22.730 0.0000000000
46859  -54.961  -47.264  -23.033 0.0000000000
46860  -55.652  -47.176  -23.006 0.0000000000
47732  -51.480  -47.316  -19.216 0.0000000000
47744  -51.804  -47.257  -20.009 0.0000000000
47755  -51.923  -46.789  -20.945 0.0000000000
48703  -50.917  -45.305  -20.962 0.0000000000
48704  -51.423  -46.311  -20.187 0.0000000000
49688  -50.468  -44.633  -20.339 0.0000000000
