# sub-08 hemi-L CSvsAllnoletterstring_scaled Cluster_24
16
44166 -63.540000 -50.864000 -13.342000 1
45072 -63.067000 -49.987000 -12.959000 1
45920 -62.043000 -48.882000 -12.463000 1
45921 -63.380000 -49.125000 -12.604000 1
45922 -64.504000 -49.167000 -12.417000 1
46764 -62.197000 -47.303000 -12.650000 1
46765 -63.526000 -48.137000 -12.505000 1
47666 -62.862000 -46.746000 -12.903000 1
47683 -62.412000 -46.400000 -13.578000 1
47684 -63.724000 -46.219000 -13.596000 1
47693 -62.009000 -46.256000 -14.543000 1
47694 -63.296000 -46.144000 -14.581000 1
137297 -64.664000 -46.052000 -13.246000 1
139961 -62.430000 -48.209000 -12.483000 1
141252 -63.488000 -47.234000 -12.642000 1
149496 -63.994000 -50.554000 -13.218000 1
