# sub-08 hemi-L FacesvsAllnoFacenoCS_scaled Cluster_9
85
19952 -39.240000 -74.050000 -27.453000 1
20905 -40.206000 -73.485000 -22.402000 1
20917 -40.262000 -73.676000 -23.219000 1
20930 -40.379000 -73.638000 -24.140000 1
20943 -40.486000 -73.285000 -25.307000 1
20949 -39.935000 -73.417000 -27.103000 1
21843 -40.737000 -72.790000 -22.136000 1
21844 -41.270000 -72.431000 -22.901000 1
21854 -40.772000 -73.102000 -22.979000 1
21855 -41.163000 -72.683000 -23.718000 1
21865 -40.888000 -72.956000 -24.466000 1
21866 -41.439000 -72.164000 -24.781000 1
21873 -40.796000 -72.582000 -26.304000 1
21874 -41.350000 -72.026000 -26.059000 1
21880 -40.590000 -72.793000 -27.125000 1
22762 -41.248000 -71.225000 -20.185000 1
22767 -40.772000 -71.771000 -20.214000 1
22768 -41.316000 -71.540000 -20.935000 1
22774 -41.553000 -71.594000 -21.854000 1
22781 -41.749000 -71.613000 -22.784000 1
22782 -42.267000 -70.835000 -22.885000 1
22792 -41.645000 -71.944000 -23.731000 1
22793 -42.218000 -71.125000 -23.806000 1
22803 -41.935000 -71.501000 -24.572000 1
22811 -41.955000 -71.342000 -25.713000 1
23772 -40.794000 -70.956000 -19.067000 1
23773 -41.396000 -70.616000 -19.645000 1
23778 -41.763000 -70.640000 -20.630000 1
23779 -42.280000 -69.941000 -20.901000 1
23784 -41.912000 -70.843000 -21.505000 1
23785 -42.361000 -70.116000 -21.561000 1
23791 -41.970000 -71.086000 -22.233000 1
23792 -42.325000 -70.465000 -22.204000 1
23800 -42.592000 -70.335000 -23.578000 1
24756 -42.080000 -68.923000 -18.982000 1
24766 -41.761000 -69.725000 -19.291000 1
24767 -42.330000 -69.055000 -19.798000 1
24773 -42.056000 -69.861000 -20.132000 1
24774 -42.516000 -69.177000 -20.611000 1
24782 -42.651000 -69.336000 -21.404000 1
24790 -42.740000 -69.594000 -22.302000 1
24791 -43.282000 -68.826000 -22.922000 1
24796 -42.935000 -69.592000 -23.318000 1
24797 -43.426000 -68.958000 -23.961000 1
24805 -43.019000 -69.737000 -24.389000 1
25726 -42.371000 -68.220000 -18.662000 1
25739 -42.625000 -68.315000 -19.471000 1
25740 -43.264000 -67.709000 -19.948000 1
25748 -42.935000 -68.587000 -21.142000 1
25749 -43.310000 -67.910000 -20.939000 1
25755 -43.103000 -68.727000 -21.971000 1
25756 -43.350000 -68.140000 -21.653000 1
25766 -44.343000 -67.822000 -23.992000 1
26625 -43.230000 -67.258000 -18.566000 1
26636 -42.933000 -67.742000 -19.049000 1
26637 -43.895000 -67.109000 -19.794000 1
26638 -44.361000 -66.800000 -20.308000 1
26645 -44.645000 -66.603000 -21.039000 1
26648 -43.791000 -67.570000 -21.779000 1
26649 -44.400000 -66.913000 -21.801000 1
26655 -43.633000 -67.957000 -22.501000 1
26656 -44.167000 -67.329000 -22.531000 1
26663 -43.749000 -68.186000 -23.561000 1
27620 -43.919000 -66.866000 -18.868000 1
27621 -44.711000 -66.373000 -18.746000 1
27622 -45.363000 -66.095000 -19.528000 1
27634 -44.952000 -66.391000 -20.318000 1
27664 -44.715000 -67.187000 -23.417000 1
124748 -44.192000 -66.479000 -18.179000 1
126856 -44.516000 -66.622000 -19.590000 1
129663 -40.993000 -72.581000 -25.385000 1
131317 -40.714000 -73.239000 -23.672000 1
132641 -42.572000 -70.181000 -22.837000 1
132793 -43.922000 -67.213000 -20.805000 1
134019 -43.938000 -68.439000 -24.486000 1
135280 -45.523000 -65.953000 -20.419000 1
136984 -43.450000 -67.350000 -19.247000 1
137353 -45.325000 -66.112000 -21.082000 1
137578 -42.812000 -68.427000 -20.319000 1
137905 -42.598000 -70.443000 -24.383000 1
141237 -41.293000 -72.160000 -22.222000 1
143832 -42.097000 -70.399000 -21.144000 1
146408 -44.075000 -67.619000 -23.247000 1
148775 -43.847000 -67.611000 -22.266000 1
149458 -40.362000 -73.143000 -26.401000 1
