# sub-08 hemi-L FacesvsAllnoFacenoCS_scaled Cluster_15
145
25662 -38.053000 -68.452000 -15.732000 1
25663 -38.932000 -68.527000 -15.472000 1
25664 -39.797000 -68.345000 -15.632000 1
25685 -37.623000 -68.608000 -16.393000 1
25760 -37.691000 -68.409000 -23.158000 1
26578 -38.078000 -67.215000 -14.879000 1
26579 -38.844000 -67.351000 -14.637000 1
26580 -39.736000 -67.236000 -14.709000 1
26586 -37.760000 -67.602000 -15.514000 1
26587 -38.466000 -67.874000 -15.173000 1
26588 -39.332000 -67.886000 -15.085000 1
26589 -40.214000 -67.655000 -15.343000 1
26601 -37.346000 -67.992000 -16.702000 1
26602 -40.597000 -68.041000 -16.025000 1
26612 -37.196000 -68.041000 -17.536000 1
26653 -37.732000 -67.762000 -22.276000 1
26654 -38.166000 -66.804000 -22.327000 1
26662 -38.131000 -67.512000 -23.229000 1
27573 -37.538000 -66.039000 -14.869000 1
27574 -38.444000 -66.725000 -14.373000 1
27575 -39.258000 -66.731000 -14.221000 1
27584 -37.626000 -66.839000 -15.264000 1
27585 -40.637000 -66.959000 -15.030000 1
27597 -37.380000 -67.138000 -16.133000 1
27609 -37.271000 -67.305000 -17.139000 1
27632 -37.662000 -66.553000 -19.738000 1
27633 -37.986000 -65.821000 -19.898000 1
27643 -37.695000 -66.857000 -20.620000 1
27644 -37.975000 -66.094000 -20.519000 1
27648 -37.735000 -67.241000 -21.431000 1
27649 -38.045000 -66.414000 -21.319000 1
27656 -38.426000 -65.921000 -21.914000 1
27663 -38.708000 -66.385000 -23.962000 1
28725 -37.442000 -65.303000 -16.446000 1
28735 -37.472000 -65.808000 -17.261000 1
28748 -37.664000 -65.863000 -18.288000 1
28749 -38.051000 -65.211000 -18.792000 1
28761 -38.225000 -65.273000 -19.594000 1
28769 -38.307000 -65.414000 -20.340000 1
28775 -38.680000 -65.230000 -21.631000 1
28776 -38.949000 -64.974000 -22.150000 1
28781 -39.016000 -65.188000 -22.877000 1
28785 -39.143000 -65.537000 -23.980000 1
29855 -37.413000 -64.784000 -15.711000 1
29856 -37.737000 -64.397000 -16.673000 1
29873 -38.033000 -64.489000 -17.616000 1
29887 -37.832000 -65.146000 -17.949000 1
29888 -38.282000 -64.559000 -18.409000 1
29898 -38.503000 -64.617000 -19.213000 1
29899 -38.973000 -64.077000 -19.651000 1
29910 -38.616000 -64.737000 -20.035000 1
29911 -39.074000 -64.230000 -20.541000 1
29919 -38.647000 -64.928000 -20.864000 1
29920 -39.109000 -64.492000 -21.543000 1
29925 -39.318000 -64.531000 -22.506000 1
29928 -39.465000 -64.666000 -23.501000 1
29929 -39.956000 -64.025000 -24.065000 1
29933 -39.621000 -64.740000 -24.520000 1
30991 -38.785000 -63.451000 -17.958000 1
31001 -38.803000 -63.922000 -18.742000 1
31002 -39.312000 -63.210000 -18.598000 1
31010 -39.561000 -63.481000 -20.087000 1
31011 -40.193000 -62.741000 -19.966000 1
31015 -39.583000 -63.715000 -21.118000 1
31016 -40.102000 -63.013000 -20.811000 1
31022 -39.640000 -63.863000 -22.087000 1
31023 -40.097000 -63.192000 -21.746000 1
31025 -39.740000 -63.957000 -23.056000 1
31026 -40.167000 -63.350000 -22.707000 1
32027 -38.984000 -62.385000 -16.836000 1
32034 -38.639000 -63.108000 -17.164000 1
32035 -39.339000 -62.681000 -17.770000 1
32036 -40.145000 -62.083000 -17.996000 1
32044 -39.873000 -62.586000 -18.580000 1
32045 -40.466000 -62.103000 -18.628000 1
32052 -39.743000 -62.988000 -19.293000 1
32053 -40.356000 -62.395000 -19.226000 1
32054 -41.500000 -61.646000 -19.803000 1
32062 -40.670000 -62.355000 -20.593000 1
32063 -41.204000 -61.869000 -20.404000 1
32069 -40.619000 -62.513000 -21.469000 1
32070 -41.223000 -61.889000 -21.190000 1
32073 -40.638000 -62.671000 -22.439000 1
32074 -41.222000 -61.984000 -22.181000 1
32077 -40.687000 -62.894000 -23.450000 1
33110 -39.060000 -61.354000 -15.537000 1
33117 -38.580000 -62.238000 -15.871000 1
33118 -39.376000 -61.658000 -16.399000 1
33119 -40.198000 -61.222000 -16.811000 1
33127 -39.738000 -61.904000 -17.242000 1
33128 -40.580000 -61.476000 -17.559000 1
33129 -41.378000 -61.155000 -17.876000 1
33139 -40.885000 -61.650000 -18.281000 1
33140 -41.617000 -61.354000 -18.589000 1
33141 -42.321000 -61.095000 -18.968000 1
33151 -41.069000 -61.819000 -19.067000 1
33152 -41.767000 -61.442000 -19.200000 1
33153 -42.227000 -61.193000 -19.755000 1
33161 -41.963000 -61.409000 -20.706000 1
33162 -42.804000 -60.825000 -20.493000 1
33169 -41.973000 -61.395000 -21.898000 1
33173 -42.677000 -60.686000 -22.787000 1
34123 -39.834000 -60.906000 -16.043000 1
34124 -40.644000 -60.521000 -16.476000 1
34125 -41.419000 -60.217000 -16.853000 1
34132 -41.025000 -60.860000 -17.180000 1
34133 -41.791000 -60.566000 -17.544000 1
34134 -42.554000 -60.307000 -17.915000 1
34141 -42.112000 -60.865000 -18.246000 1
34142 -42.863000 -60.569000 -18.683000 1
34151 -43.015000 -60.687000 -19.610000 1
34152 -43.755000 -60.175000 -20.168000 1
34159 -43.587000 -60.265000 -21.153000 1
35069 -41.029000 -59.823000 -16.182000 1
35070 -41.727000 -59.517000 -16.585000 1
35071 -42.410000 -59.223000 -16.968000 1
35082 -42.135000 -59.924000 -17.247000 1
35083 -42.870000 -59.625000 -17.633000 1
35097 -43.319000 -59.968000 -18.360000 1
35112 -44.472000 -59.562000 -19.948000 1
125147 -43.656000 -60.166000 -19.220000 1
125458 -37.439000 -68.055000 -21.405000 1
127373 -38.431000 -64.034000 -18.033000 1
129591 -37.335000 -66.159000 -16.292000 1
131712 -38.273000 -63.821000 -17.346000 1
133483 -38.341000 -65.657000 -21.097000 1
134037 -38.428000 -66.787000 -23.298000 1
134754 -39.293000 -63.548000 -19.271000 1
135688 -38.619000 -65.995000 -22.934000 1
136818 -42.778000 -60.790000 -21.579000 1
137047 -37.272000 -67.329000 -18.088000 1
137253 -38.721000 -65.455000 -22.279000 1
137267 -40.245000 -63.509000 -23.568000 1
138823 -41.258000 -62.174000 -23.206000 1
139176 -37.397000 -66.586000 -17.731000 1
140411 -40.819000 -62.130000 -19.829000 1
141422 -37.520000 -67.975000 -16.057000 1
142422 -37.201000 -68.719000 -21.303000 1
143387 -37.442000 -67.285000 -20.013000 1
144585 -37.312000 -66.609000 -16.888000 1
146345 -37.852000 -66.606000 -14.699000 1
148127 -43.308000 -60.525000 -20.330000 1
148585 -37.684000 -65.026000 -17.195000 1
149705 -37.424000 -68.905000 -22.783000 1
150294 -37.439000 -66.380000 -15.594000 1
