# sub-08 hemi-L LimbsvsAllnoLimbsnoCS_scaled Cluster_24
56
42085 -50.200000 -52.004000 -9.889000 1
43116 -50.089000 -50.910000 -8.887000 1
43126 -49.789000 -51.629000 -9.213000 1
43127 -50.517000 -51.317000 -9.496000 1
43143 -52.401000 -51.188000 -10.614000 1
44106 -49.604000 -50.417000 -8.451000 1
44107 -50.297000 -50.107000 -8.709000 1
44108 -50.905000 -49.844000 -8.959000 1
44118 -50.771000 -50.544000 -9.204000 1
44119 -51.557000 -50.088000 -9.414000 1
44120 -52.459000 -49.936000 -9.770000 1
44121 -53.133000 -49.884000 -10.081000 1
44133 -52.030000 -50.719000 -9.998000 1
44134 -52.788000 -50.499000 -10.299000 1
45029 -51.288000 -49.244000 -9.053000 1
45038 -52.083000 -49.237000 -9.440000 1
45039 -53.054000 -49.157000 -9.762000 1
45871 -50.943000 -48.569000 -8.896000 1
45884 -51.638000 -48.502000 -9.202000 1
45885 -52.483000 -48.411000 -9.489000 1
45886 -53.339000 -48.251000 -9.758000 1
45887 -54.017000 -48.065000 -10.032000 1
45898 -53.926000 -48.763000 -10.033000 1
46699 -51.031000 -47.825000 -9.096000 1
46715 -50.165000 -47.233000 -9.269000 1
46716 -51.893000 -47.670000 -9.407000 1
46717 -52.772000 -47.556000 -9.675000 1
46718 -53.605000 -47.472000 -9.997000 1
46733 -53.852000 -46.795000 -10.407000 1
46734 -54.496000 -47.470000 -10.357000 1
47604 -50.428000 -46.508000 -9.970000 1
47605 -52.163000 -46.914000 -9.763000 1
47606 -53.041000 -46.859000 -10.041000 1
47619 -49.367000 -46.713000 -10.586000 1
47620 -50.225000 -46.266000 -10.839000 1
47621 -50.987000 -46.212000 -10.468000 1
47622 -52.448000 -46.341000 -10.387000 1
47623 -53.949000 -46.147000 -10.950000 1
47624 -54.650000 -46.653000 -10.767000 1
47636 -49.411000 -46.725000 -11.484000 1
47637 -50.229000 -46.295000 -11.694000 1
47638 -54.710000 -46.170000 -11.246000 1
47639 -55.384000 -46.435000 -11.208000 1
48579 -51.668000 -46.042000 -10.667000 1
48580 -52.301000 -45.861000 -10.946000 1
48594 -50.945000 -45.944000 -11.099000 1
48595 -51.659000 -45.774000 -11.390000 1
48598 -54.364000 -45.812000 -11.655000 1
48599 -55.154000 -45.904000 -11.749000 1
48615 -50.937000 -45.901000 -11.794000 1
128430 -49.702000 -49.596000 -8.406000 1
137647 -48.758000 -47.143000 -11.351000 1
138205 -51.211000 -47.023000 -9.517000 1
140825 -51.498000 -46.463000 -10.070000 1
142734 -53.280000 -46.407000 -10.528000 1
146291 -49.557000 -46.802000 -9.802000 1
