# sub-08 hemi-L LimbsvsAllnoLimbs_scaled Cluster_9
83
19795 -46.257000 -74.203000 -14.011000 1
19796 -47.069000 -74.231000 -14.151000 1
19807 -45.575000 -74.177000 -14.381000 1
19808 -46.384000 -74.375000 -14.685000 1
19809 -47.357000 -74.385000 -14.969000 1
19810 -48.459000 -74.058000 -15.339000 1
19819 -45.660000 -74.307000 -15.218000 1
19820 -46.611000 -74.415000 -15.544000 1
19821 -47.655000 -74.253000 -15.881000 1
19832 -45.911000 -74.285000 -16.097000 1
19833 -46.948000 -74.227000 -16.426000 1
20810 -44.252000 -73.540000 -14.533000 1
20811 -44.881000 -74.010000 -14.873000 1
20824 -43.753000 -73.081000 -14.984000 1
20825 -44.326000 -73.554000 -15.360000 1
20826 -45.010000 -74.024000 -15.730000 1
20837 -44.502000 -73.467000 -16.201000 1
20838 -45.268000 -73.837000 -16.610000 1
20839 -46.297000 -73.957000 -16.991000 1
20851 -44.756000 -73.273000 -17.097000 1
20852 -45.603000 -73.558000 -17.536000 1
20853 -46.722000 -73.609000 -17.985000 1
20865 -45.038000 -73.031000 -18.135000 1
21779 -43.584000 -72.475000 -15.370000 1
21780 -43.929000 -73.029000 -15.801000 1
21789 -43.792000 -72.374000 -16.187000 1
21790 -44.192000 -72.859000 -16.621000 1
21798 -43.986000 -72.213000 -16.998000 1
21799 -44.417000 -72.621000 -17.504000 1
21807 -44.522000 -72.280000 -18.447000 1
21808 -45.220000 -72.678000 -19.132000 1
21816 -44.638000 -72.038000 -19.459000 1
22716 -43.594000 -71.752000 -15.732000 1
22728 -43.823000 -71.626000 -16.495000 1
22729 -44.204000 -70.746000 -16.628000 1
22743 -44.058000 -71.447000 -17.252000 1
22754 -44.341000 -71.620000 -18.828000 1
22763 -44.439000 -71.310000 -19.640000 1
23718 -44.240000 -70.395000 -15.822000 1
23731 -43.833000 -71.104000 -16.006000 1
23749 -44.297000 -70.716000 -17.438000 1
23764 -44.316000 -70.763000 -18.942000 1
24714 -46.009000 -68.903000 -16.066000 1
24730 -44.746000 -69.916000 -16.342000 1
24731 -45.432000 -69.327000 -16.185000 1
24743 -44.657000 -70.052000 -17.122000 1
24744 -45.173000 -69.396000 -17.489000 1
24745 -45.918000 -68.891000 -16.878000 1
24757 -44.518000 -70.125000 -18.107000 1
24758 -45.241000 -69.244000 -18.368000 1
24768 -44.749000 -69.838000 -19.194000 1
25667 -47.129000 -68.177000 -15.763000 1
25689 -46.581000 -68.528000 -16.273000 1
25690 -47.305000 -68.147000 -16.548000 1
25691 -48.083000 -67.788000 -16.832000 1
25708 -45.746000 -68.860000 -17.771000 1
25709 -46.487000 -68.501000 -17.677000 1
25710 -47.436000 -68.092000 -17.522000 1
25711 -48.427000 -67.702000 -17.693000 1
25727 -47.069000 -68.296000 -18.497000 1
26593 -49.215000 -67.261000 -15.770000 1
26594 -49.901000 -67.024000 -16.189000 1
26605 -48.930000 -67.502000 -17.018000 1
26606 -50.505000 -66.702000 -16.686000 1
26616 -49.337000 -67.384000 -17.863000 1
27588 -49.815000 -66.837000 -15.394000 1
27589 -50.528000 -66.560000 -15.839000 1
125122 -45.953000 -73.357000 -18.461000 1
126309 -46.100000 -68.679000 -18.472000 1
128012 -46.736000 -68.414000 -16.968000 1
128768 -44.866000 -69.630000 -15.657000 1
134144 -47.588000 -73.781000 -17.393000 1
134260 -49.806000 -67.187000 -17.066000 1
135120 -48.641000 -67.549000 -16.249000 1
136847 -44.200000 -71.226000 -18.107000 1
139005 -45.184000 -69.488000 -16.779000 1
141098 -44.521000 -70.565000 -19.653000 1
144363 -49.305000 -67.324000 -16.446000 1
144990 -44.136000 -71.999000 -17.797000 1
146894 -44.265000 -71.816000 -18.300000 1
147153 -49.911000 -67.126000 -17.706000 1
147983 -47.924000 -73.966000 -16.672000 1
148587 -45.532000 -73.056000 -18.726000 1
