# sub-08 hemi-L FacesvsAllnoFacenoCS_scaled Cluster_3
122
13760 -19.245000 -80.265000 -15.410000 1
13762 -20.911000 -80.099000 -15.789000 1
13775 -20.978000 -80.205000 -16.553000 1
13790 -20.048000 -80.476000 -16.907000 1
13796 -19.144000 -80.324000 -18.517000 1
13797 -19.735000 -80.165000 -17.857000 1
13811 -18.275000 -80.016000 -19.678000 1
14684 -17.907000 -79.871000 -15.243000 1
14685 -18.762000 -79.728000 -15.218000 1
14686 -19.630000 -79.659000 -15.252000 1
14687 -20.503000 -79.596000 -15.364000 1
14688 -21.422000 -79.525000 -15.505000 1
14689 -22.300000 -79.346000 -15.707000 1
14690 -23.043000 -79.062000 -15.934000 1
14702 -21.887000 -79.879000 -16.241000 1
14703 -22.638000 -79.461000 -16.289000 1
14704 -23.177000 -79.150000 -16.692000 1
14715 -20.710000 -80.025000 -17.463000 1
14716 -21.752000 -79.918000 -17.184000 1
14717 -22.568000 -79.610000 -16.960000 1
14725 -19.518000 -79.744000 -18.680000 1
14726 -20.448000 -79.694000 -18.318000 1
14727 -21.495000 -79.667000 -18.092000 1
14728 -22.375000 -79.481000 -17.852000 1
14738 -18.815000 -79.871000 -19.151000 1
14739 -20.423000 -79.359000 -19.141000 1
14740 -21.248000 -79.390000 -18.805000 1
14748 -18.327000 -79.594000 -20.267000 1
14750 -19.454000 -79.393000 -19.442000 1
15704 -17.311000 -79.247000 -15.499000 1
15705 -17.592000 -78.587000 -15.644000 1
15706 -19.146000 -78.945000 -15.173000 1
15707 -21.796000 -78.860000 -15.213000 1
15708 -22.608000 -78.681000 -15.396000 1
15709 -23.234000 -78.476000 -15.618000 1
15723 -15.870000 -78.855000 -16.447000 1
15724 -16.753000 -78.499000 -16.044000 1
15725 -17.502000 -77.921000 -16.120000 1
15726 -23.620000 -78.421000 -16.306000 1
15742 -15.378000 -78.402000 -17.002000 1
15743 -16.034000 -78.013000 -16.758000 1
15757 -22.068000 -79.209000 -18.719000 1
15773 -20.419000 -78.943000 -19.970000 1
16806 -18.396000 -78.178000 -15.672000 1
16807 -20.549000 -77.268000 -15.402000 1
16808 -21.217000 -78.125000 -15.156000 1
16809 -22.119000 -78.076000 -14.998000 1
16825 -16.840000 -77.657000 -16.651000 1
16826 -18.163000 -77.330000 -16.429000 1
16842 -16.353000 -77.270000 -17.324000 1
16843 -17.152000 -77.008000 -17.210000 1
17820 -21.245000 -76.315000 -14.628000 1
17833 -21.476000 -77.213000 -14.875000 1
17844 -17.839000 -76.766000 -16.990000 1
17845 -18.552000 -76.615000 -16.655000 1
18780 -22.065000 -75.218000 -13.764000 1
18790 -21.670000 -75.801000 -14.127000 1
18819 -17.380000 -75.002000 -17.699000 1
19791 -21.636000 -74.526000 -13.834000 1
19792 -22.468000 -74.531000 -13.659000 1
19803 -20.770000 -74.627000 -14.286000 1
19826 -17.435000 -73.743000 -16.358000 1
19838 -16.771000 -74.321000 -17.805000 1
19839 -17.205000 -74.339000 -17.123000 1
19851 -16.712000 -74.844000 -18.451000 1
20789 -22.059000 -73.833000 -13.764000 1
20790 -22.900000 -73.830000 -13.657000 1
20791 -23.794000 -73.854000 -13.706000 1
20802 -20.438000 -73.630000 -14.508000 1
20803 -21.268000 -73.788000 -14.087000 1
20804 -22.472000 -73.184000 -13.938000 1
20805 -23.321000 -73.144000 -13.852000 1
20818 -18.826000 -73.212000 -15.380000 1
20820 -20.319000 -72.840000 -14.864000 1
20831 -16.360000 -72.932000 -17.116000 1
20832 -16.916000 -73.033000 -16.534000 1
20833 -18.169000 -73.437000 -15.701000 1
20846 -16.250000 -73.578000 -17.829000 1
20847 -16.762000 -73.666000 -17.039000 1
21752 -24.203000 -73.131000 -13.875000 1
21760 -21.138000 -72.910000 -14.544000 1
21761 -22.019000 -72.659000 -14.434000 1
21762 -22.842000 -72.540000 -14.315000 1
21763 -23.693000 -72.465000 -14.224000 1
21771 -19.152000 -72.675000 -15.462000 1
21772 -19.878000 -72.312000 -15.528000 1
21773 -20.777000 -72.275000 -15.309000 1
21774 -21.578000 -72.179000 -15.086000 1
21775 -22.381000 -72.047000 -14.892000 1
21783 -16.821000 -72.338000 -16.741000 1
21784 -17.596000 -72.636000 -16.171000 1
21785 -18.485000 -72.611000 -15.739000 1
21786 -19.074000 -72.046000 -15.996000 1
22698 -23.224000 -71.903000 -14.753000 1
22706 -20.487000 -71.843000 -15.998000 1
22707 -21.263000 -71.721000 -16.028000 1
22720 -17.440000 -71.744000 -16.751000 1
22721 -18.253000 -71.939000 -16.340000 1
22722 -19.863000 -71.652000 -16.640000 1
22723 -20.661000 -71.592000 -16.715000 1
22724 -22.127000 -71.406000 -16.546000 1
22735 -18.143000 -71.310000 -17.237000 1
22736 -19.576000 -71.200000 -17.792000 1
22737 -20.434000 -71.304000 -17.701000 1
125669 -20.269000 -78.205000 -15.318000 1
125763 -19.523000 -80.894000 -17.414000 1
125976 -22.733000 -71.585000 -15.541000 1
131569 -20.915000 -78.984000 -15.131000 1
132405 -18.162000 -79.100000 -15.289000 1
132845 -20.045000 -79.075000 -15.127000 1
133272 -22.005000 -71.750000 -15.584000 1
133494 -21.254000 -71.410000 -17.234000 1
133858 -20.947000 -75.552000 -14.449000 1
134583 -18.954000 -71.524000 -16.910000 1
136047 -16.304000 -74.194000 -18.592000 1
139916 -21.391000 -75.150000 -14.014000 1
140711 -18.808000 -71.066000 -17.793000 1
144384 -19.388000 -78.082000 -15.520000 1
146040 -17.503000 -77.331000 -16.702000 1
147007 -19.718000 -78.622000 -15.253000 1
147888 -21.777000 -73.261000 -14.101000 1
150051 -18.729000 -79.577000 -19.707000 1
