# sub-08 hemi-L RWvsAllnoletterstring_scaled Cluster_2
43
11191 -29.322000 -83.027000 -19.633000 1
11192 -30.061000 -83.079000 -19.679000 1
11193 -30.982000 -83.074000 -19.785000 1
11208 -30.193000 -83.460000 -20.599000 1
12051 -29.218000 -82.134000 -18.481000 1
12052 -29.984000 -82.008000 -18.601000 1
12064 -29.732000 -82.590000 -18.960000 1
12065 -30.676000 -82.330000 -19.141000 1
12066 -31.531000 -82.386000 -19.627000 1
12914 -28.670000 -81.492000 -18.274000 1
12915 -29.667000 -81.254000 -18.395000 1
12916 -30.572000 -81.427000 -18.719000 1
12917 -31.139000 -80.657000 -18.768000 1
12927 -31.648000 -81.445000 -19.318000 1
13800 -28.179000 -80.769000 -18.316000 1
13801 -29.032000 -80.549000 -18.366000 1
13802 -30.632000 -79.965000 -18.500000 1
13815 -32.173000 -80.496000 -19.156000 1
14730 -27.752000 -80.142000 -18.657000 1
14731 -28.132000 -79.422000 -19.086000 1
14732 -29.354000 -79.645000 -18.566000 1
14733 -30.156000 -79.337000 -18.499000 1
14753 -27.744000 -79.191000 -19.863000 1
15760 -28.959000 -79.092000 -18.883000 1
15761 -29.755000 -78.780000 -18.710000 1
15762 -30.549000 -78.464000 -18.490000 1
15776 -28.671000 -78.804000 -19.519000 1
15777 -29.491000 -78.296000 -19.209000 1
15790 -27.930000 -78.958000 -20.723000 1
15791 -28.486000 -78.632000 -20.305000 1
15792 -29.110000 -78.216000 -19.947000 1
15807 -28.551000 -78.626000 -21.279000 1
15808 -29.390000 -78.131000 -21.328000 1
16859 -30.228000 -77.963000 -18.769000 1
16873 -30.110000 -77.570000 -19.333000 1
16889 -29.544000 -77.827000 -20.514000 1
130469 -28.563000 -79.914000 -18.598000 1
133868 -29.829000 -80.233000 -18.432000 1
134580 -30.344000 -80.707000 -18.523000 1
134800 -31.085000 -79.088000 -18.361000 1
144079 -31.546000 -79.897000 -18.645000 1
146195 -29.005000 -78.259000 -20.682000 1
147995 -29.631000 -77.792000 -19.783000 1
