# sub-08 hemi-R LimbsvsAllnoLimbsnoCS_scaled Cluster_27
18
34799 19.399000 -58.346000 -10.460000 1
35812 18.558000 -57.212000 -9.859000 1
36912 18.911000 -56.287000 -9.598000 1
36932 19.632000 -56.875000 -9.928000 1
38086 19.204000 -55.424000 -9.387000 1
38087 18.133000 -55.603000 -9.345000 1
38088 17.174000 -55.801000 -9.122000 1
38089 16.705000 -56.071000 -8.781000 1
39214 17.840000 -54.258000 -8.767000 1
39235 18.476000 -54.808000 -9.118000 1
39236 17.129000 -54.477000 -8.551000 1
39237 16.790000 -54.635000 -8.331000 1
40299 17.203000 -53.730000 -8.457000 1
40318 16.752000 -53.990000 -8.252000 1
129883 16.950000 -55.210000 -8.629000 1
131856 18.390000 -58.600000 -10.402000 1
133550 18.757000 -57.932000 -10.235000 1
137678 17.544000 -55.013000 -8.963000 1
