# sub-08 hemi-L FacesvsAllnoFacenoCS_scaled Cluster_21
22
43162 -39.948000 -51.034000 -12.067000 1
43163 -40.378000 -51.607000 -12.541000 1
43180 -40.572000 -51.409000 -13.332000 1
43197 -40.748000 -51.175000 -14.121000 1
44159 -40.150000 -50.835000 -12.810000 1
44172 -39.878000 -49.943000 -12.994000 1
44173 -40.345000 -50.572000 -13.562000 1
44179 -40.503000 -50.221000 -14.391000 1
44180 -40.949000 -50.940000 -14.930000 1
44186 -40.745000 -50.191000 -15.136000 1
45078 -39.662000 -49.050000 -12.701000 1
45079 -39.951000 -49.156000 -13.482000 1
45085 -40.292000 -49.294000 -14.203000 1
45088 -40.562000 -49.479000 -14.940000 1
45919 -39.569000 -48.296000 -12.416000 1
45927 -39.791000 -48.375000 -13.181000 1
46756 -39.592000 -47.611000 -12.154000 1
46757 -39.893000 -47.143000 -12.704000 1
46774 -39.726000 -47.787000 -12.827000 1
47655 -40.146000 -46.391000 -12.423000 1
143847 -39.804000 -50.386000 -12.317000 1
145460 -40.197000 -49.829000 -13.729000 1
