#!ascii label  , from subject sub-03 vox2ras=TkReg aparc.a2009s=S_occipital_ant
701
9970  34.543  -72.972  14.954 0.0000000000
9971  33.281  -73.032  15.186 0.0000000000
9981  35.440  -73.026  14.202 0.0000000000
9982  33.931  -73.486  14.125 0.0000000000
9983  32.886  -73.289  14.413 0.0000000000
9994  34.797  -73.547  13.421 0.0000000000
9995  33.742  -73.688  13.306 0.0000000000
9996  32.967  -73.493  13.549 0.0000000000
10000  36.159  -73.697  11.798 0.0000000000
10001  34.928  -73.947  11.944 0.0000000000
10002  34.174  -73.822  12.552 0.0000000000
10003  33.137  -73.555  12.725 0.0000000000
10008  36.458  -73.849  11.019 0.0000000000
10009  35.048  -73.932  11.159 0.0000000000
10010  34.072  -73.795  11.605 0.0000000000
10011  33.383  -73.560  12.040 0.0000000000
10016  35.473  -73.714  10.190 0.0000000000
10017  34.270  -73.522  10.738 0.0000000000
10030  35.621  -73.330  9.311 0.0000000000
10654  35.421  -72.278  19.179 0.0000000000
10666  34.859  -72.287  18.581 0.0000000000
10667  34.417  -72.260  17.988 0.0000000000
10676  35.222  -72.369  17.313 0.0000000000
10677  34.076  -72.302  17.242 0.0000000000
10678  32.957  -72.130  17.112 0.0000000000
10685  35.024  -72.394  16.440 0.0000000000
10686  33.602  -72.407  16.453 0.0000000000
10687  32.373  -72.326  16.224 0.0000000000
10688  31.628  -72.339  15.553 0.0000000000
10695  35.506  -72.501  15.590 0.0000000000
10696  34.149  -72.642  15.757 0.0000000000
10705  32.026  -72.888  14.481 0.0000000000
10706  31.481  -72.417  14.780 0.0000000000
10711  32.115  -72.998  13.656 0.0000000000
10712  31.408  -72.179  13.745 0.0000000000
10717  32.353  -73.037  12.818 0.0000000000
10718  31.811  -72.440  12.988 0.0000000000
10722  33.314  -73.114  11.272 0.0000000000
10723  32.728  -73.034  12.060 0.0000000000
10729  34.610  -73.213  9.894 0.0000000000
10730  33.792  -72.762  10.382 0.0000000000
10745  35.033  -72.670  9.187 0.0000000000
10746  34.312  -72.461  9.770 0.0000000000
10769  35.721  -71.918  8.464 0.0000000000
11360  35.335  -71.252  21.102 0.0000000000
11376  34.588  -71.131  20.899 0.0000000000
11377  34.043  -71.385  20.335 0.0000000000
11386  35.555  -72.101  19.977 0.0000000000
11387  34.716  -71.894  19.776 0.0000000000
11388  33.905  -71.781  19.475 0.0000000000
11389  32.249  -71.283  19.097 0.0000000000
11390  31.250  -70.896  18.693 0.0000000000
11395  34.529  -72.108  19.158 0.0000000000
11396  33.927  -72.051  18.687 0.0000000000
11397  32.751  -71.700  18.417 0.0000000000
11398  31.839  -71.389  18.196 0.0000000000
11399  30.889  -71.025  17.877 0.0000000000
11405  33.395  -72.027  17.967 0.0000000000
11406  32.385  -71.787  17.676 0.0000000000
11407  31.467  -71.491  17.412 0.0000000000
11408  30.611  -71.134  17.087 0.0000000000
11416  31.927  -71.872  16.895 0.0000000000
11417  30.486  -71.254  16.337 0.0000000000
11422  30.965  -71.958  15.182 0.0000000000
11423  30.451  -71.307  15.518 0.0000000000
11427  31.002  -71.871  14.418 0.0000000000
11428  30.578  -71.266  14.668 0.0000000000
11431  30.877  -71.341  13.920 0.0000000000
11436  32.134  -72.169  12.186 0.0000000000
11437  31.605  -71.638  12.805 0.0000000000
11443  33.139  -71.968  10.859 0.0000000000
11444  32.698  -72.354  11.544 0.0000000000
11451  33.906  -71.672  10.091 0.0000000000
11466  35.306  -70.908  8.994 0.0000000000
11467  34.708  -71.789  9.370 0.0000000000
11484  33.103  -71.203  7.806 0.0000000000
11485  32.293  -71.462  8.294 0.0000000000
12013  34.740  -70.737  21.474 0.0000000000
12014  33.427  -70.056  21.704 0.0000000000
12015  32.998  -70.356  21.106 0.0000000000
12021  33.878  -70.713  21.124 0.0000000000
12022  32.577  -70.675  20.530 0.0000000000
12023  32.046  -70.846  19.947 0.0000000000
12030  33.027  -71.354  19.904 0.0000000000
12031  31.471  -70.747  19.406 0.0000000000
12032  30.675  -70.371  19.194 0.0000000000
12038  30.321  -70.489  18.350 0.0000000000
12039  29.594  -69.949  17.970 0.0000000000
12046  30.054  -70.579  17.513 0.0000000000
12052  29.936  -70.625  16.683 0.0000000000
12053  29.557  -70.006  16.330 0.0000000000
12058  29.935  -70.645  15.882 0.0000000000
12059  29.678  -69.983  15.609 0.0000000000
12062  30.066  -70.502  15.002 0.0000000000
12063  29.848  -69.734  15.030 0.0000000000
12066  30.942  -70.607  13.494 0.0000000000
12067  30.508  -70.565  14.182 0.0000000000
12072  31.991  -71.037  12.096 0.0000000000
12073  31.491  -70.604  12.789 0.0000000000
12081  33.107  -70.562  11.140 0.0000000000
12082  32.616  -70.330  11.651 0.0000000000
12092  34.138  -70.564  10.213 0.0000000000
12093  33.724  -70.049  10.759 0.0000000000
12109  35.533  -70.100  9.081 0.0000000000
12110  34.828  -70.261  9.669 0.0000000000
12111  32.240  -69.920  8.980 0.0000000000
12112  31.315  -70.401  9.383 0.0000000000
12126  33.379  -70.465  7.891 0.0000000000
12127  32.640  -70.638  8.392 0.0000000000
12128  31.825  -70.887  8.819 0.0000000000
12139  34.003  -70.781  7.174 0.0000000000
12703  32.624  -69.687  21.602 0.0000000000
12704  31.851  -69.362  21.372 0.0000000000
12709  32.213  -70.084  21.036 0.0000000000
12710  31.479  -69.786  20.774 0.0000000000
12711  30.697  -69.422  20.415 0.0000000000
12716  31.156  -70.254  20.052 0.0000000000
12717  30.211  -69.714  19.663 0.0000000000
12718  29.456  -69.122  19.137 0.0000000000
12729  29.827  -69.879  18.799 0.0000000000
12730  29.348  -69.332  18.379 0.0000000000
12742  29.225  -69.236  17.664 0.0000000000
12751  29.452  -69.494  16.028 0.0000000000
12756  29.635  -69.285  15.450 0.0000000000
12759  30.197  -69.776  14.428 0.0000000000
12760  30.692  -69.810  13.744 0.0000000000
12764  32.088  -70.035  12.198 0.0000000000
12765  31.666  -69.580  12.730 0.0000000000
12773  33.250  -69.676  11.323 0.0000000000
12784  34.498  -69.610  10.276 0.0000000000
12803  35.293  -69.572  9.546 0.0000000000
12804  32.255  -68.930  9.371 0.0000000000
12805  31.491  -69.531  9.609 0.0000000000
12817  34.475  -68.952  7.309 0.0000000000
12818  32.972  -69.164  8.728 0.0000000000
12826  35.282  -69.237  6.041 0.0000000000
12827  34.126  -69.837  7.391 0.0000000000
13399  31.497  -68.564  21.577 0.0000000000
13400  30.501  -67.861  20.827 0.0000000000
13406  31.151  -69.044  21.036 0.0000000000
13407  30.507  -68.618  20.651 0.0000000000
13408  29.908  -68.073  20.240 0.0000000000
13415  29.903  -68.903  20.007 0.0000000000
13416  29.342  -68.248  19.406 0.0000000000
13422  29.103  -68.486  18.385 0.0000000000
13435  29.150  -68.452  17.403 0.0000000000
13448  29.403  -68.829  16.013 0.0000000000
13453  29.805  -68.537  15.344 0.0000000000
13455  30.328  -68.171  14.595 0.0000000000
13456  29.958  -69.066  14.768 0.0000000000
13460  31.479  -68.191  13.301 0.0000000000
13461  30.903  -68.164  13.812 0.0000000000
13471  33.008  -67.777  12.226 0.0000000000
13472  32.622  -68.640  12.188 0.0000000000
13473  31.929  -68.627  12.737 0.0000000000
13481  34.156  -68.207  11.181 0.0000000000
13482  33.338  -68.637  11.610 0.0000000000
13483  32.702  -69.426  11.859 0.0000000000
13490  35.404  -68.398  10.053 0.0000000000
13491  34.620  -68.723  10.546 0.0000000000
13492  33.934  -69.154  10.959 0.0000000000
13493  31.493  -68.644  9.969 0.0000000000
13512  35.833  -68.910  9.278 0.0000000000
13513  35.093  -69.056  10.010 0.0000000000
13514  33.066  -68.361  9.077 0.0000000000
13515  32.299  -67.977  9.708 0.0000000000
13529  34.723  -68.198  7.408 0.0000000000
13530  33.758  -68.650  8.273 0.0000000000
13547  35.519  -68.440  6.041 0.0000000000
14118  31.041  -67.676  21.506 0.0000000000
14124  30.060  -67.406  20.426 0.0000000000
14130  29.964  -66.674  20.222 0.0000000000
14131  29.542  -67.398  19.761 0.0000000000
14139  29.144  -67.512  18.833 0.0000000000
14152  29.172  -67.642  17.939 0.0000000000
14163  30.168  -67.279  16.457 0.0000000000
14164  29.518  -67.657  17.016 0.0000000000
14178  42.106  -68.092  14.900 0.0000000000
14179  41.539  -68.043  14.919 0.0000000000
14180  35.196  -67.705  15.117 0.0000000000
14181  30.486  -67.331  15.831 0.0000000000
14182  29.695  -67.966  16.036 0.0000000000
14187  41.781  -68.043  14.319 0.0000000000
14188  40.783  -67.812  13.923 0.0000000000
14189  39.363  -67.624  14.014 0.0000000000
14190  37.197  -67.804  14.132 0.0000000000
14191  36.343  -67.779  14.323 0.0000000000
14192  35.626  -67.795  14.841 0.0000000000
14193  35.103  -67.681  15.032 0.0000000000
14194  31.359  -67.035  14.940 0.0000000000
14195  31.006  -67.459  14.333 0.0000000000
14202  42.084  -67.957  13.935 0.0000000000
14203  41.589  -67.948  13.608 0.0000000000
14204  39.628  -67.739  13.143 0.0000000000
14205  38.213  -67.701  13.491 0.0000000000
14206  36.974  -67.757  13.736 0.0000000000
14207  35.893  -67.699  14.159 0.0000000000
14208  35.089  -67.564  14.631 0.0000000000
14209  32.216  -66.924  13.590 0.0000000000
14210  31.497  -67.479  13.697 0.0000000000
14218  41.765  -67.624  11.891 0.0000000000
14219  41.190  -67.801  12.020 0.0000000000
14220  40.007  -67.728  12.228 0.0000000000
14221  38.919  -67.458  12.115 0.0000000000
14222  37.977  -67.621  12.987 0.0000000000
14223  33.366  -66.755  12.648 0.0000000000
14224  32.620  -67.172  12.865 0.0000000000
14225  31.995  -67.689  13.070 0.0000000000
14227  41.935  -67.300  11.257 0.0000000000
14228  41.524  -67.572  11.178 0.0000000000
14229  40.767  -67.682  11.248 0.0000000000
14230  39.917  -67.562  11.480 0.0000000000
14231  35.243  -66.859  11.075 0.0000000000
14232  34.479  -67.149  11.454 0.0000000000
14233  33.705  -67.460  11.821 0.0000000000
14244  41.325  -67.400  10.354 0.0000000000
14245  36.698  -67.046  9.545 0.0000000000
14246  35.752  -67.509  10.251 0.0000000000
14247  34.893  -67.850  10.761 0.0000000000
14248  33.040  -66.797  9.930 0.0000000000
14249  32.017  -67.404  10.219 0.0000000000
14261  38.485  -67.228  7.020 0.0000000000
14262  37.520  -67.473  7.772 0.0000000000
14263  36.442  -68.060  8.928 0.0000000000
14264  34.236  -67.210  8.725 0.0000000000
14265  33.246  -67.475  9.386 0.0000000000
14266  32.572  -67.277  9.930 0.0000000000
14272  38.616  -67.333  5.435 0.0000000000
14273  36.033  -67.010  6.358 0.0000000000
14274  34.966  -67.499  7.615 0.0000000000
14275  33.955  -67.906  8.498 0.0000000000
14286  35.809  -67.674  6.057 0.0000000000
14836  30.762  -66.712  21.636 0.0000000000
14843  30.450  -65.929  21.288 0.0000000000
14852  29.957  -65.926  19.661 0.0000000000
14853  29.504  -66.668  19.247 0.0000000000
14863  29.915  -65.956  18.658 0.0000000000
14864  29.432  -66.849  18.352 0.0000000000
14879  30.724  -66.101  17.407 0.0000000000
14880  29.957  -66.374  17.817 0.0000000000
14881  29.576  -67.062  17.651 0.0000000000
14895  39.724  -66.836  15.933 0.0000000000
14896  33.057  -66.048  16.165 0.0000000000
14897  32.613  -66.416  16.106 0.0000000000
14898  31.346  -66.421  16.762 0.0000000000
14912  42.326  -67.870  15.388 0.0000000000
14913  41.971  -68.164  15.997 0.0000000000
14914  40.751  -67.719  15.463 0.0000000000
14915  38.476  -66.592  15.286 0.0000000000
14916  37.149  -66.877  15.110 0.0000000000
14917  36.082  -67.254  15.195 0.0000000000
14918  35.373  -67.541  15.187 0.0000000000
14919  34.737  -67.340  15.207 0.0000000000
14920  33.213  -66.584  15.603 0.0000000000
14921  32.545  -66.636  15.718 0.0000000000
14922  31.504  -66.887  15.747 0.0000000000
14923  31.046  -66.854  16.377 0.0000000000
14931  42.443  -67.625  14.335 0.0000000000
14932  40.339  -67.650  14.634 0.0000000000
14933  39.265  -67.198  14.852 0.0000000000
14934  37.694  -67.299  14.567 0.0000000000
14935  36.515  -67.604  14.656 0.0000000000
14936  34.328  -67.340  14.987 0.0000000000
14937  33.521  -66.964  14.869 0.0000000000
14938  32.678  -66.739  15.164 0.0000000000
14939  31.981  -66.762  15.278 0.0000000000
14943  42.335  -67.458  13.283 0.0000000000
14944  37.170  -67.335  13.100 0.0000000000
14945  36.274  -66.904  13.332 0.0000000000
14946  35.250  -66.591  13.553 0.0000000000
14947  34.323  -66.631  13.990 0.0000000000
14948  33.512  -66.515  14.164 0.0000000000
14949  32.695  -66.583  14.299 0.0000000000
14950  31.818  -66.839  14.427 0.0000000000
14952  42.129  -67.365  12.220 0.0000000000
14953  37.746  -66.735  12.330 0.0000000000
14954  36.811  -66.081  12.542 0.0000000000
14955  34.789  -65.902  12.696 0.0000000000
14956  33.936  -66.178  13.217 0.0000000000
14957  32.987  -66.506  13.428 0.0000000000
14961  40.373  -67.363  10.412 0.0000000000
14962  39.348  -67.208  11.225 0.0000000000
14963  38.338  -66.441  11.465 0.0000000000
14964  36.368  -65.798  11.418 0.0000000000
14965  34.936  -66.173  11.857 0.0000000000
14966  34.172  -66.455  12.293 0.0000000000
14979  41.958  -66.941  10.480 0.0000000000
14980  41.587  -66.943  9.806 0.0000000000
14981  41.154  -67.009  9.338 0.0000000000
14982  40.090  -66.795  9.100 0.0000000000
14983  38.122  -66.311  9.438 0.0000000000
14984  37.105  -66.098  10.325 0.0000000000
14985  36.062  -66.474  10.679 0.0000000000
14986  34.291  -66.159  9.495 0.0000000000
14987  33.539  -66.232  10.016 0.0000000000
15002  41.294  -66.463  8.842 0.0000000000
15003  40.826  -66.467  8.232 0.0000000000
15004  40.090  -66.536  7.716 0.0000000000
15005  38.977  -66.744  7.660 0.0000000000
15006  37.759  -66.755  8.742 0.0000000000
15007  35.229  -66.148  8.606 0.0000000000
15008  34.503  -66.637  8.934 0.0000000000
15009  33.758  -66.748  9.443 0.0000000000
15020  40.262  -66.172  7.271 0.0000000000
15021  39.562  -66.434  6.585 0.0000000000
15022  39.192  -66.945  5.883 0.0000000000
15023  37.031  -66.131  6.382 0.0000000000
15024  36.114  -66.411  7.077 0.0000000000
15025  35.170  -66.854  8.011 0.0000000000
15039  39.567  -66.252  6.433 0.0000000000
15040  39.182  -66.661  5.861 0.0000000000
15041  38.978  -66.813  5.559 0.0000000000
15042  37.356  -66.783  5.311 0.0000000000
15602  30.233  -65.242  20.075 0.0000000000
15615  30.270  -65.253  19.247 0.0000000000
15625  30.495  -65.236  18.415 0.0000000000
15642  31.434  -65.756  17.160 0.0000000000
15643  30.888  -65.379  17.729 0.0000000000
15652  38.236  -65.444  16.338 0.0000000000
15653  32.628  -65.874  16.459 0.0000000000
15654  32.072  -66.192  16.616 0.0000000000
15669  42.436  -67.063  15.682 0.0000000000
15670  37.824  -65.933  15.669 0.0000000000
15671  36.642  -66.020  15.502 0.0000000000
15672  35.564  -66.796  15.431 0.0000000000
15673  34.880  -66.227  15.569 0.0000000000
15684  42.658  -66.755  14.643 0.0000000000
15685  42.342  -65.548  13.986 0.0000000000
15687  42.598  -66.759  13.644 0.0000000000
15688  42.066  -66.191  13.045 0.0000000000
15689  41.065  -65.667  12.521 0.0000000000
15695  42.404  -66.898  12.600 0.0000000000
15696  41.874  -66.308  11.976 0.0000000000
15697  40.797  -65.376  11.554 0.0000000000
15698  37.376  -65.852  11.758 0.0000000000
15709  42.204  -66.936  11.488 0.0000000000
15710  39.039  -66.583  10.467 0.0000000000
15711  37.964  -65.867  10.948 0.0000000000
15712  35.646  -65.749  12.233 0.0000000000
15731  41.694  -66.238  9.577 0.0000000000
15732  39.146  -66.514  8.738 0.0000000000
15733  37.718  -65.921  10.505 0.0000000000
15734  37.175  -65.735  11.254 0.0000000000
15735  34.042  -65.605  10.138 0.0000000000
15736  33.263  -65.693  10.552 0.0000000000
15748  40.916  -66.087  7.951 0.0000000000
15749  36.470  -65.168  8.291 0.0000000000
15750  35.645  -65.505  8.810 0.0000000000
15751  34.862  -65.524  9.517 0.0000000000
15764  40.535  -65.666  7.731 0.0000000000
15765  40.330  -66.048  7.220 0.0000000000
15766  38.397  -65.697  6.342 0.0000000000
15767  37.311  -65.634  6.901 0.0000000000
15768  36.230  -65.799  7.731 0.0000000000
15780  39.048  -66.375  5.723 0.0000000000
15781  38.200  -66.362  5.608 0.0000000000
16368  30.174  -64.555  20.437 0.0000000000
16385  30.362  -64.563  19.664 0.0000000000
16401  30.582  -64.567  18.870 0.0000000000
16418  32.055  -64.039  17.094 0.0000000000
16419  31.469  -64.849  17.477 0.0000000000
16420  30.934  -64.623  18.100 0.0000000000
16431  42.039  -65.771  15.877 0.0000000000
16432  41.445  -64.458  16.071 0.0000000000
16435  36.995  -64.228  16.366 0.0000000000
16436  33.174  -65.388  16.189 0.0000000000
16437  32.053  -65.299  16.917 0.0000000000
16451  42.370  -65.606  14.959 0.0000000000
16452  41.768  -64.548  15.246 0.0000000000
16453  37.392  -65.068  15.962 0.0000000000
16454  36.479  -64.765  15.762 0.0000000000
16455  35.090  -64.954  15.612 0.0000000000
16456  34.309  -65.488  15.701 0.0000000000
16457  33.780  -64.873  15.884 0.0000000000
16471  41.105  -64.674  14.111 0.0000000000
16472  39.794  -64.716  13.446 0.0000000000
16473  39.003  -64.210  13.639 0.0000000000
16481  40.911  -65.376  13.231 0.0000000000
16482  39.984  -65.102  12.634 0.0000000000
16483  39.134  -64.402  12.837 0.0000000000
16491  39.696  -64.459  11.903 0.0000000000
16504  41.321  -65.186  10.199 0.0000000000
16505  34.096  -63.831  11.297 0.0000000000
16506  33.452  -64.332  11.377 0.0000000000
16519  40.676  -64.291  9.722 0.0000000000
16520  36.112  -63.923  9.885 0.0000000000
16521  35.141  -64.198  10.394 0.0000000000
16522  34.292  -64.331  10.867 0.0000000000
16523  33.767  -65.009  10.750 0.0000000000
16536  41.413  -65.956  8.699 0.0000000000
16537  40.901  -65.223  8.592 0.0000000000
16538  39.970  -64.711  8.301 0.0000000000
16539  38.916  -64.390  8.199 0.0000000000
16540  36.773  -64.417  8.895 0.0000000000
16541  35.606  -64.803  9.489 0.0000000000
16554  39.671  -65.458  7.225 0.0000000000
16555  38.578  -65.069  7.261 0.0000000000
16556  37.568  -64.973  7.624 0.0000000000
16569  39.162  -65.789  6.304 0.0000000000
17251  30.544  -63.857  19.248 0.0000000000
17277  31.392  -63.914  17.796 0.0000000000
17284  40.785  -63.368  16.478 0.0000000000
17287  35.460  -62.995  16.354 0.0000000000
17288  34.527  -63.208  16.095 0.0000000000
17289  33.622  -63.250  16.257 0.0000000000
17290  32.827  -63.575  16.567 0.0000000000
17305  41.089  -63.655  15.581 0.0000000000
17306  40.381  -63.353  15.302 0.0000000000
17307  39.215  -63.231  14.992 0.0000000000
17308  36.139  -63.744  16.116 0.0000000000
17309  35.266  -63.880  15.804 0.0000000000
17310  34.478  -64.349  15.755 0.0000000000
17323  41.171  -64.017  14.864 0.0000000000
17324  39.831  -64.033  14.401 0.0000000000
17325  38.654  -63.633  14.168 0.0000000000
17328  38.455  -63.544  13.179 0.0000000000
17340  39.819  -63.339  11.107 0.0000000000
17341  39.083  -63.236  11.895 0.0000000000
17342  33.090  -63.074  12.251 0.0000000000
17360  39.947  -63.305  10.510 0.0000000000
17361  39.427  -62.571  11.079 0.0000000000
17362  35.130  -62.974  11.093 0.0000000000
17363  34.362  -63.221  11.420 0.0000000000
17364  33.616  -63.514  11.700 0.0000000000
17380  39.851  -63.428  9.882 0.0000000000
17381  38.984  -62.998  9.933 0.0000000000
17382  37.882  -62.739  10.094 0.0000000000
17383  36.597  -63.070  10.221 0.0000000000
17384  35.579  -63.416  10.566 0.0000000000
17385  34.746  -63.669  10.962 0.0000000000
17399  40.185  -64.220  9.155 0.0000000000
17400  39.368  -63.825  9.149 0.0000000000
17401  38.337  -63.585  9.223 0.0000000000
17402  37.237  -63.587  9.444 0.0000000000
18191  32.371  -62.736  17.027 0.0000000000
18200  40.399  -62.502  16.509 0.0000000000
18201  39.992  -62.134  16.243 0.0000000000
18203  34.900  -62.317  16.580 0.0000000000
18204  34.095  -62.346  16.455 0.0000000000
18205  33.237  -62.497  16.608 0.0000000000
18218  40.489  -62.850  15.897 0.0000000000
18219  39.771  -62.609  15.680 0.0000000000
18220  38.667  -62.470  15.359 0.0000000000
18221  37.884  -62.295  14.957 0.0000000000
18236  38.266  -62.905  14.615 0.0000000000
18237  37.649  -62.310  14.041 0.0000000000
18244  38.023  -62.548  13.151 0.0000000000
18245  37.846  -61.561  13.077 0.0000000000
18246  32.118  -61.811  13.251 0.0000000000
18257  38.500  -61.615  12.273 0.0000000000
18258  38.212  -60.839  12.295 0.0000000000
18259  34.334  -61.852  11.996 0.0000000000
18260  33.403  -62.286  12.387 0.0000000000
18261  32.438  -62.531  12.786 0.0000000000
18274  39.394  -62.697  10.638 0.0000000000
18275  38.929  -61.907  11.206 0.0000000000
18276  38.312  -61.305  11.505 0.0000000000
18277  36.352  -61.728  11.106 0.0000000000
18278  35.475  -62.312  11.185 0.0000000000
18279  34.732  -62.483  11.504 0.0000000000
18280  33.913  -62.751  11.877 0.0000000000
18293  38.171  -61.903  10.820 0.0000000000
18294  37.052  -62.191  10.589 0.0000000000
18295  35.985  -62.593  10.748 0.0000000000
19082  39.676  -61.298  16.640 0.0000000000
19083  38.710  -61.047  16.285 0.0000000000
19105  39.190  -61.855  16.000 0.0000000000
19106  38.001  -61.650  15.568 0.0000000000
19107  37.449  -61.614  14.670 0.0000000000
19116  37.441  -61.422  13.824 0.0000000000
19119  37.764  -60.632  13.107 0.0000000000
19120  33.408  -61.092  12.839 0.0000000000
19121  32.589  -61.182  13.252 0.0000000000
19128  38.547  -61.314  11.781 0.0000000000
19129  35.129  -60.987  11.870 0.0000000000
19130  32.940  -61.767  12.841 0.0000000000
19141  38.210  -60.664  11.957 0.0000000000
19142  37.394  -60.893  11.518 0.0000000000
19143  36.152  -60.961  11.550 0.0000000000
19144  35.326  -61.714  11.497 0.0000000000
19152  37.454  -61.563  11.068 0.0000000000
19936  38.363  -60.137  16.533 0.0000000000
19937  37.435  -60.040  16.077 0.0000000000
19956  37.727  -60.726  15.915 0.0000000000
19957  37.101  -60.271  15.508 0.0000000000
19958  36.842  -60.021  14.636 0.0000000000
19964  37.190  -60.690  14.108 0.0000000000
19966  37.618  -59.906  13.191 0.0000000000
19967  34.685  -59.620  12.892 0.0000000000
19968  33.977  -60.380  12.812 0.0000000000
19969  32.141  -60.598  13.584 0.0000000000
19975  37.832  -60.173  12.521 0.0000000000
19976  37.165  -59.803  12.334 0.0000000000
19977  36.045  -60.270  11.998 0.0000000000
19988  37.698  -60.300  12.050 0.0000000000
19989  36.931  -60.377  11.823 0.0000000000
20876  37.656  -59.358  16.411 0.0000000000
20877  36.863  -59.438  15.614 0.0000000000
20893  36.888  -58.903  14.288 0.0000000000
20896  31.829  -59.153  14.026 0.0000000000
20901  37.552  -59.477  12.900 0.0000000000
20902  37.306  -59.012  13.085 0.0000000000
20903  36.711  -58.717  13.159 0.0000000000
20904  35.415  -58.850  13.144 0.0000000000
20905  33.601  -59.745  13.345 0.0000000000
20913  37.151  -59.181  12.791 0.0000000000
20914  36.054  -59.442  12.546 0.0000000000
21802  38.079  -58.435  16.685 0.0000000000
21803  37.014  -58.565  16.153 0.0000000000
21804  36.754  -57.871  15.853 0.0000000000
21811  36.657  -58.399  15.286 0.0000000000
21817  36.850  -58.128  14.159 0.0000000000
21818  34.054  -57.913  14.119 0.0000000000
21819  33.225  -58.093  14.212 0.0000000000
21820  32.363  -58.253  14.217 0.0000000000
21821  31.536  -58.297  14.074 0.0000000000
21830  36.673  -58.104  13.741 0.0000000000
21831  35.882  -58.135  13.541 0.0000000000
21832  34.715  -58.352  13.645 0.0000000000
21833  33.076  -58.960  13.878 0.0000000000
22711  38.231  -57.454  16.679 0.0000000000
22712  37.281  -57.712  16.330 0.0000000000
22723  36.866  -56.982  15.782 0.0000000000
22734  36.521  -56.809  14.863 0.0000000000
22735  36.022  -56.717  14.456 0.0000000000
22736  35.140  -56.945  14.347 0.0000000000
22737  34.176  -57.199  14.377 0.0000000000
22738  32.748  -57.464  14.320 0.0000000000
22739  31.972  -57.565  14.217 0.0000000000
22748  36.501  -57.534  14.291 0.0000000000
22749  36.032  -57.488  13.993 0.0000000000
22750  35.004  -57.678  13.998 0.0000000000
22751  31.274  -57.558  13.834 0.0000000000
23591  38.475  -56.599  16.565 0.0000000000
23592  37.602  -56.827  16.353 0.0000000000
23605  37.264  -56.300  16.001 0.0000000000
23606  36.854  -56.159  15.363 0.0000000000
23616  36.299  -55.931  14.774 0.0000000000
23617  35.196  -56.145  14.503 0.0000000000
23618  34.268  -56.343  14.467 0.0000000000
23619  33.282  -56.677  14.382 0.0000000000
23620  32.367  -56.833  14.220 0.0000000000
23621  31.703  -56.992  14.002 0.0000000000
23628  31.946  -56.347  13.807 0.0000000000
23629  31.193  -56.778  13.445 0.0000000000
23637  30.973  -56.327  12.711 0.0000000000
24342  38.655  -55.757  16.328 0.0000000000
24343  37.852  -56.017  16.248 0.0000000000
24352  38.047  -55.126  15.920 0.0000000000
24353  37.357  -55.641  15.703 0.0000000000
24354  36.850  -55.423  15.125 0.0000000000
24361  36.267  -55.030  14.718 0.0000000000
24362  35.479  -55.389  14.518 0.0000000000
24363  34.505  -55.491  14.383 0.0000000000
24364  33.611  -55.740  14.266 0.0000000000
24365  32.742  -56.061  14.100 0.0000000000
24372  33.158  -55.345  13.757 0.0000000000
24373  32.330  -55.648  13.496 0.0000000000
24374  31.559  -55.946  13.160 0.0000000000
24382  32.012  -55.333  12.739 0.0000000000
24383  31.375  -55.652  12.311 0.0000000000
25109  38.850  -55.053  16.026 0.0000000000
25117  38.604  -54.382  15.638 0.0000000000
25118  37.869  -54.325  15.398 0.0000000000
25119  36.854  -54.756  14.952 0.0000000000
25126  37.245  -54.121  14.967 0.0000000000
25127  36.482  -54.250  14.566 0.0000000000
25128  35.607  -54.462  14.287 0.0000000000
25129  34.048  -54.897  14.034 0.0000000000
25139  34.859  -54.386  13.886 0.0000000000
25140  34.290  -54.345  13.400 0.0000000000
25141  33.518  -54.718  13.318 0.0000000000
25142  32.727  -55.023  13.065 0.0000000000
25154  33.961  -54.287  12.124 0.0000000000
25155  33.175  -54.583  12.393 0.0000000000
25156  32.437  -54.900  12.330 0.0000000000
25157  31.855  -55.049  11.897 0.0000000000
25181  33.384  -54.418  11.429 0.0000000000
25182  32.524  -54.652  11.513 0.0000000000
25966  39.136  -53.704  15.334 0.0000000000
25967  38.281  -53.655  15.148 0.0000000000
25976  38.823  -53.131  14.838 0.0000000000
25977  37.650  -53.402  14.660 0.0000000000
25978  36.870  -53.548  14.338 0.0000000000
25979  36.080  -53.713  14.035 0.0000000000
25990  37.296  -53.022  14.080 0.0000000000
25991  36.642  -53.109  13.530 0.0000000000
25992  35.751  -53.540  13.387 0.0000000000
25993  35.005  -53.892  13.337 0.0000000000
26014  36.647  -52.972  12.722 0.0000000000
26015  35.339  -53.604  12.674 0.0000000000
26016  34.512  -54.017  12.750 0.0000000000
26036  36.056  -53.342  12.293 0.0000000000
26037  34.706  -53.972  11.993 0.0000000000
26765  39.171  -52.714  14.360 0.0000000000
26766  38.563  -52.814  14.403 0.0000000000
26767  37.963  -52.777  14.172 0.0000000000
26781  38.644  -52.532  13.925 0.0000000000
26782  37.483  -52.740  13.583 0.0000000000
26783  37.162  -52.715  13.067 0.0000000000
100076  31.670  -60.018  13.803 0.0000000000
100738  36.552  -65.682  12.020 0.0000000000
100858  33.128  -72.664  15.840 0.0000000000
100970  33.217  -71.703  19.013 0.0000000000
101380  33.054  -60.498  13.296 0.0000000000
101489  34.610  -64.927  10.254 0.0000000000
101621  33.160  -69.894  8.325 0.0000000000
101650  31.221  -71.917  16.115 0.0000000000
101658  33.889  -66.539  15.584 0.0000000000
101698  32.308  -72.749  15.331 0.0000000000
101901  38.575  -62.541  12.365 0.0000000000
102190  34.846  -54.879  14.256 0.0000000000
102301  33.874  -54.357  12.826 0.0000000000
102835  37.372  -54.897  15.374 0.0000000000
103046  31.971  -66.591  16.244 0.0000000000
103254  37.193  -60.917  15.118 0.0000000000
103297  30.703  -67.407  15.060 0.0000000000
103748  37.874  -64.259  8.399 0.0000000000
103814  33.304  -64.297  16.205 0.0000000000
104008  41.830  -67.823  12.839 0.0000000000
104039  30.270  -65.236  20.888 0.0000000000
104052  36.619  -57.564  14.976 0.0000000000
104151  33.307  -70.912  20.596 0.0000000000
104153  35.858  -73.482  12.704 0.0000000000
104662  34.985  -60.274  12.349 0.0000000000
104730  34.230  -61.035  12.361 0.0000000000
104775  29.263  -69.226  16.738 0.0000000000
105253  41.871  -64.756  14.618 0.0000000000
105329  35.284  -72.375  17.971 0.0000000000
105481  38.247  -53.113  14.665 0.0000000000
105598  33.834  -66.958  15.274 0.0000000000
105658  33.662  -61.620  12.481 0.0000000000
105719  36.069  -53.247  12.939 0.0000000000
105824  32.219  -69.263  12.323 0.0000000000
105995  32.619  -71.372  11.473 0.0000000000
106358  30.448  -67.119  20.920 0.0000000000
106429  40.433  -64.230  10.766 0.0000000000
106433  30.462  -68.966  14.051 0.0000000000
107033  38.689  -66.071  15.995 0.0000000000
107453  38.348  -67.080  5.246 0.0000000000
107818  30.909  -63.842  18.510 0.0000000000
107874  35.927  -65.879  12.713 0.0000000000
107986  38.549  -66.237  9.918 0.0000000000
108049  33.472  -70.969  10.669 0.0000000000
108059  34.156  -70.329  21.769 0.0000000000
108189  34.214  -59.026  13.443 0.0000000000
108245  31.153  -69.019  13.330 0.0000000000
108326  29.499  -69.952  17.128 0.0000000000
108666  30.339  -66.825  17.056 0.0000000000
109297  31.739  -63.201  17.497 0.0000000000
109419  32.654  -64.777  16.560 0.0000000000
109644  32.547  -59.834  13.683 0.0000000000
109984  31.165  -69.921  13.186 0.0000000000
110353  38.914  -61.970  11.616 0.0000000000
110448  40.869  -67.869  12.929 0.0000000000
110513  38.900  -67.668  12.750 0.0000000000
110726  35.000  -71.565  20.457 0.0000000000
111036  41.790  -66.237  10.788 0.0000000000
111096  38.115  -52.557  13.573 0.0000000000
111155  35.433  -53.933  13.804 0.0000000000
111167  35.755  -64.516  15.688 0.0000000000
111230  36.176  -73.058  13.566 0.0000000000
111499  30.240  -65.907  20.486 0.0000000000
111833  37.011  -58.689  13.524 0.0000000000
112112  35.605  -66.080  11.450 0.0000000000
112280  38.761  -62.351  10.556 0.0000000000
112326  34.670  -66.046  13.208 0.0000000000
112354  35.745  -65.531  15.575 0.0000000000
112522  33.904  -63.934  15.945 0.0000000000
112582  33.253  -66.712  15.390 0.0000000000
112648  38.253  -67.547  14.155 0.0000000000
113364  35.445  -53.735  11.802 0.0000000000
113563  33.632  -65.830  15.892 0.0000000000
114521  35.224  -65.862  12.872 0.0000000000
114604  33.838  -58.487  13.851 0.0000000000
114788  41.338  -65.370  9.265 0.0000000000
115769  37.294  -59.310  13.457 0.0000000000
116080  30.355  -65.757  17.961 0.0000000000
116288  32.429  -67.990  12.559 0.0000000000
116545  32.925  -66.288  10.373 0.0000000000
116887  31.128  -71.594  16.785 0.0000000000
117099  29.332  -68.424  16.633 0.0000000000
117220  34.530  -71.013  9.691 0.0000000000
117470  41.726  -67.252  10.561 0.0000000000
117714  38.042  -63.096  13.851 0.0000000000
118067  31.667  -67.912  10.162 0.0000000000
118911  37.749  -53.856  15.088 0.0000000000
119173  33.652  -69.301  8.087 0.0000000000
119267  33.332  -71.889  18.529 0.0000000000
119355  33.468  -57.464  14.344 0.0000000000
119656  30.951  -68.361  21.145 0.0000000000
119816  33.037  -71.202  11.024 0.0000000000
119837  31.221  -71.304  13.310 0.0000000000
119958  31.863  -61.213  13.496 0.0000000000
120103  33.615  -73.241  14.699 0.0000000000
120178  31.880  -70.364  20.502 0.0000000000
120223  30.400  -66.458  20.892 0.0000000000
120401  30.099  -67.872  15.317 0.0000000000
120469  37.217  -59.932  13.816 0.0000000000
120477  32.579  -73.043  14.890 0.0000000000
120949  35.764  -56.046  14.579 0.0000000000
