#!ascii label , from subject sub-03 lh ROI=pOTS-words contrast=RWvsAllNotext clusters=18,19,24 source=alex_WordClusters.csv
227
12862  -48.796000  -70.510000  0.198000 1
12863  -49.038000  -69.889000  0.392000 1
12878  -48.520000  -70.824000  -0.808000 1
12879  -48.863000  -70.288000  -0.157000 1
13572  -49.164000  -69.250000  0.715000 1
13580  -44.412000  -69.055000  -0.923000 1
13581  -45.255000  -69.332000  -0.924000 1
13582  -46.436000  -69.612000  -0.898000 1
13583  -48.571000  -70.343000  -0.592000 1
13584  -49.026000  -69.547000  0.325000 1
13595  -44.034000  -68.965000  -1.531000 1
13596  -44.852000  -69.318000  -1.406000 1
13597  -46.033000  -69.700000  -1.554000 1
13598  -47.478000  -70.165000  -1.496000 1
13608  -44.542000  -69.073000  -2.257000 1
13609  -45.339000  -69.316000  -2.486000 1
13610  -46.298000  -69.554000  -2.910000 1
14386  -43.656000  -68.696000  -0.919000 1
14387  -44.872000  -68.828000  -0.592000 1
14388  -45.798000  -69.059000  -0.566000 1
14389  -47.159000  -69.167000  -0.458000 1
14390  -48.360000  -68.846000  -0.118000 1
14395  -42.393000  -67.902000  -2.339000 1
14396  -43.146000  -68.481000  -1.740000 1
14402  -44.905000  -68.476000  -3.546000 1
14403  -45.700000  -68.871000  -3.828000 1
14417  -43.406000  -67.684000  -3.439000 1
14418  -44.255000  -67.731000  -4.162000 1
15160  -42.751000  -67.726000  -0.556000 1
15161  -43.657000  -68.027000  -0.468000 1
15162  -44.576000  -68.054000  -0.358000 1
15163  -45.486000  -68.190000  -0.314000 1
15164  -47.521000  -67.957000  -0.202000 1
15165  -48.340000  -67.110000  -0.253000 1
15171  -40.906000  -67.329000  -2.074000 1
15172  -41.643000  -67.729000  -1.584000 1
15173  -42.350000  -68.157000  -1.172000 1
15174  -43.006000  -68.360000  -0.824000 1
15180  -41.273000  -66.592000  -3.694000 1
15181  -41.772000  -67.287000  -2.920000 1
15182  -42.761000  -67.020000  -3.953000 1
15192  -42.131000  -66.694000  -4.257000 1
15193  -43.409000  -67.308000  -4.584000 1
15915  -41.461000  -66.772000  -0.510000 1
15916  -42.443000  -66.772000  -0.410000 1
15917  -43.562000  -66.878000  -0.387000 1
15918  -44.613000  -66.490000  -0.462000 1
15919  -47.102000  -65.999000  -0.556000 1
15920  -48.190000  -66.297000  -0.408000 1
15931  -40.729000  -66.783000  -0.712000 1
15932  -41.879000  -67.539000  -0.720000 1
15941  -40.167000  -66.593000  -2.773000 1
15952  -42.605000  -66.875000  -4.818000 1
16701  -40.993000  -65.921000  -0.409000 1
16702  -42.133000  -65.466000  -0.479000 1
16703  -43.203000  -65.699000  -0.520000 1
16704  -44.174000  -65.707000  -0.595000 1
17432  -43.179000  -64.455000  -0.824000 1
17442  -44.127000  -64.049000  -1.225000 1
18126  -44.163000  -63.321000  -1.246000 1
18132  -44.840000  -63.523000  -1.420000 1
18828  -44.876000  -62.928000  -1.458000 1
100142  -42.930000  -63.739000  -0.806000 1
100481  -47.533000  -66.883000  -0.376000 1
101200  -46.439000  -67.229000  -0.327000 1
101351  -45.211000  -67.114000  -0.366000 1
102222  -44.306000  -67.333000  -0.378000 1
104502  -41.057000  -67.381000  -1.038000 1
105051  -46.400000  -68.367000  -0.303000 1
105476  -43.849000  -64.865000  -0.845000 1
107513  -48.870000  -69.657000  -0.114000 1
108614  -45.890000  -66.235000  -0.515000 1
110076  -44.015000  -68.460000  -2.786000 1
110464  -47.780000  -69.997000  -0.871000 1
111526  -48.301000  -69.631000  -0.476000 1
113934  -40.336000  -66.997000  -1.395000 1
114098  -44.187000  -68.575000  -0.628000 1
115869  -45.432000  -63.124000  -1.591000 1
115928  -43.577000  -63.685000  -1.041000 1
116071  -45.226000  -66.344000  -0.498000 1
13547  -42.219000  -69.257000  2.527000 1
13553  -47.315000  -68.936000  1.500000 1
13554  -48.215000  -68.887000  1.478000 1
14356  -42.262000  -68.475000  2.486000 1
14357  -42.858000  -68.703000  2.234000 1
14358  -43.442000  -68.182000  2.020000 1
14360  -45.778000  -68.304000  1.553000 1
14361  -46.718000  -68.206000  1.539000 1
14362  -47.784000  -68.057000  1.559000 1
14363  -48.660000  -68.215000  1.464000 1
15133  -42.521000  -67.319000  2.488000 1
15134  -43.308000  -67.443000  2.185000 1
15135  -44.217000  -67.677000  1.821000 1
15136  -45.253000  -67.550000  1.652000 1
15138  -47.101000  -67.407000  1.582000 1
15139  -48.451000  -67.599000  1.522000 1
15140  -49.182000  -66.874000  1.274000 1
15883  -42.259000  -66.627000  2.675000 1
15884  -43.061000  -66.698000  2.372000 1
15885  -43.922000  -66.834000  2.054000 1
15886  -45.411000  -66.821000  1.721000 1
15887  -46.378000  -66.803000  1.635000 1
15888  -47.622000  -66.605000  1.606000 1
15889  -48.370000  -66.192000  1.508000 1
15890  -48.861000  -66.238000  1.372000 1
15891  -49.144000  -66.232000  1.243000 1
15900  -49.350000  -66.458000  1.076000 1
16663  -47.204000  -65.232000  1.770000 1
16664  -47.823000  -65.731000  1.642000 1
16665  -48.542000  -65.597000  1.433000 1
16666  -48.961000  -65.860000  1.285000 1
16675  -48.916000  -65.403000  1.192000 1
17392  -43.442000  -64.624000  2.556000 1
17393  -44.213000  -64.618000  2.376000 1
17394  -46.170000  -64.364000  2.150000 1
17395  -47.698000  -63.844000  2.065000 1
17396  -48.343000  -64.308000  1.558000 1
18085  -43.304000  -63.284000  3.003000 1
18086  -44.185000  -63.147000  2.804000 1
18100  -43.814000  -63.923000  2.615000 1
18101  -44.694000  -63.837000  2.498000 1
18102  -45.757000  -63.677000  2.440000 1
18783  -44.545000  -62.392000  3.197000 1
18784  -45.505000  -62.218000  3.206000 1
18797  -45.113000  -62.984000  2.734000 1
99462  -47.007000  -64.526000  1.998000 1
100363  -46.171000  -62.815000  2.741000 1
103723  -46.194000  -65.179000  1.860000 1
103724  -46.847000  -65.942000  1.687000 1
104646  -48.543000  -64.970000  1.416000 1
104791  -46.694000  -63.811000  2.312000 1
105092  -45.774000  -66.090000  1.748000 1
105093  -44.719000  -66.240000  1.929000 1
105271  -45.232000  -64.656000  2.159000 1
106444  -47.970000  -64.859000  1.720000 1
107265  -48.978000  -67.610000  1.408000 1
109572  -42.722000  -67.995000  2.323000 1
109662  -43.788000  -62.611000  3.200000 1
110693  -42.023000  -67.902000  2.589000 1
111121  -48.585000  -66.904000  1.490000 1
112705  -45.250000  -65.514000  1.928000 1
113039  -47.942000  -67.301000  1.586000 1
113326  -44.693000  -67.022000  1.827000 1
117588  -46.415000  -63.346000  2.509000 1
21108  -48.553000  -59.059000  1.386000 1
21879  -44.812000  -58.795000  4.298000 1
21886  -45.688000  -58.849000  3.772000 1
21898  -48.545000  -58.287000  1.686000 1
22714  -42.987000  -57.031000  4.881000 1
22715  -43.801000  -57.625000  4.580000 1
22716  -44.602000  -57.190000  4.004000 1
22717  -45.169000  -58.023000  3.884000 1
22722  -45.575000  -57.118000  3.582000 1
22723  -46.649000  -56.899000  3.310000 1
22724  -48.047000  -57.421000  2.523000 1
22743  -48.719000  -57.580000  1.307000 1
23518  -41.829000  -56.089000  5.546000 1
23519  -42.499000  -56.084000  4.978000 1
23527  -43.223000  -56.019000  4.498000 1
23528  -43.939000  -55.874000  4.217000 1
23529  -44.552000  -56.167000  3.904000 1
23533  -45.194000  -56.474000  3.699000 1
23534  -46.070000  -56.252000  3.576000 1
23535  -47.346000  -55.768000  3.473000 1
23536  -48.082000  -55.596000  3.068000 1
23537  -48.320000  -56.352000  2.526000 1
23547  -48.551000  -56.261000  2.075000 1
23559  -48.589000  -56.699000  1.307000 1
24331  -42.195000  -55.229000  5.254000 1
24339  -42.952000  -55.250000  4.776000 1
24340  -43.752000  -55.325000  4.535000 1
24341  -44.777000  -55.399000  4.297000 1
24342  -46.154000  -55.068000  4.383000 1
24343  -47.222000  -54.536000  4.389000 1
24344  -47.579000  -54.297000  4.131000 1
24354  -46.631000  -55.458000  3.883000 1
24355  -47.796000  -54.861000  3.600000 1
24370  -48.094000  -55.245000  2.377000 1
24371  -48.279000  -55.661000  2.508000 1
24384  -47.941000  -55.548000  1.359000 1
24385  -48.419000  -55.883000  1.789000 1
24392  -46.690000  -55.793000  -0.163000 1
25061  -43.034000  -53.689000  6.272000 1
25062  -44.383000  -53.617000  6.288000 1
25073  -44.416000  -54.235000  5.504000 1
25074  -45.722000  -54.092000  5.585000 1
25076  -47.162000  -53.416000  5.249000 1
25088  -44.547000  -54.722000  4.824000 1
25089  -45.804000  -54.581000  4.879000 1
25090  -46.966000  -54.192000  4.947000 1
25091  -47.402000  -53.804000  4.659000 1
25104  -45.094000  -53.814000  3.230000 1
25105  -46.456000  -53.301000  4.031000 1
25107  -47.816000  -54.637000  2.995000 1
25120  -46.166000  -54.358000  2.467000 1
25121  -47.257000  -54.418000  2.711000 1
25122  -47.583000  -54.944000  1.965000 1
25136  -46.523000  -54.858000  1.464000 1
25796  -42.269000  -53.097000  7.401000 1
25808  -43.340000  -53.079000  7.224000 1
25835  -46.340000  -52.643000  4.815000 1
25836  -47.075000  -52.925000  4.962000 1
25837  -47.257000  -53.398000  4.888000 1
25850  -45.185000  -53.140000  3.918000 1
25851  -47.247000  -53.565000  4.364000 1
25866  -46.934000  -53.861000  3.469000 1
26633  -46.246000  -52.155000  5.586000 1
100889  -47.066000  -57.679000  3.057000 1
102458  -46.688000  -53.874000  5.456000 1
105759  -46.212000  -59.143000  3.542000 1
105839  -47.494000  -55.189000  4.093000 1
106267  -43.809000  -56.647000  4.336000 1
106279  -48.029000  -54.980000  3.117000 1
107391  -42.225000  -56.919000  5.502000 1
107856  -46.088000  -57.892000  3.471000 1
108847  -44.466000  -58.080000  4.341000 1
109609  -47.710000  -56.603000  2.984000 1
110397  -45.449000  -55.810000  3.818000 1
111619  -48.661000  -56.952000  2.027000 1
111748  -47.503000  -53.807000  3.605000 1
114187  -46.758000  -52.509000  5.570000 1
114482  -47.636000  -54.444000  3.706000 1
115280  -43.624000  -54.771000  4.895000 1
115336  -45.956000  -53.910000  3.132000 1
115530  -43.101000  -54.430000  5.426000 1
118472  -46.335000  -55.330000  0.442000 1
119464  -48.544000  -57.672000  2.029000 1
