# sub-01 hemi-L LimbsvsAllnoLimbsnoCS_scaled Cluster_5
74
13149 -49.661000 -59.817000 8.241000 1
13159 -48.745000 -60.224000 7.927000 1
14056 -49.418000 -59.546000 12.480000 1
14057 -50.520000 -59.362000 12.423000 1
14086 -51.221000 -58.602000 10.557000 1
14098 -51.184000 -58.479000 9.625000 1
14111 -50.756000 -59.220000 8.532000 1
14112 -51.115000 -58.469000 8.744000 1
14122 -49.319000 -59.760000 7.295000 1
14124 -51.064000 -58.547000 8.123000 1
14141 -51.021000 -58.334000 7.416000 1
15021 -51.167000 -57.626000 15.761000 1
15034 -51.182000 -58.187000 14.857000 1
15051 -51.167000 -58.582000 13.920000 1
15071 -50.415000 -59.213000 13.229000 1
15093 -51.401000 -58.240000 11.847000 1
15112 -51.185000 -58.154000 10.295000 1
15113 -51.309000 -58.289000 11.055000 1
15128 -50.937000 -58.201000 8.815000 1
15148 -51.130000 -58.088000 7.951000 1
15984 -51.003000 -57.170000 16.763000 1
15985 -51.452000 -57.020000 16.131000 1
15993 -51.388000 -57.384000 15.424000 1
16002 -50.955000 -57.040000 14.228000 1
16016 -48.246000 -56.842000 12.474000 1
16018 -50.945000 -57.461000 13.095000 1
16019 -51.445000 -57.926000 12.810000 1
16030 -46.657000 -56.865000 11.369000 1
16031 -47.512000 -56.948000 11.687000 1
16032 -49.743000 -57.287000 12.253000 1
16033 -51.057000 -57.799000 11.859000 1
16046 -45.895000 -57.077000 9.674000 1
16050 -50.930000 -57.876000 10.760000 1
16051 -51.274000 -58.149000 11.114000 1
16062 -46.623000 -57.319000 9.417000 1
16063 -47.767000 -57.624000 9.081000 1
16065 -50.747000 -57.948000 9.774000 1
16072 -46.113000 -56.845000 8.225000 1
16073 -46.763000 -57.278000 8.608000 1
16090 -50.955000 -57.849000 7.511000 1
16102 -50.934000 -57.685000 6.342000 1
16987 -47.153000 -56.321000 14.696000 1
16988 -48.649000 -56.246000 15.094000 1
16989 -50.371000 -56.296000 15.811000 1
16990 -51.176000 -56.795000 15.383000 1
17002 -46.647000 -56.426000 13.728000 1
17003 -47.886000 -56.435000 14.033000 1
17021 -45.350000 -56.475000 12.615000 1
17064 -46.756000 -56.947000 7.965000 1
107458 -47.255000 -57.425000 9.940000 1
107739 -47.333000 -56.540000 13.083000 1
107740 -46.275000 -56.512000 12.845000 1
108003 -45.998000 -56.608000 11.979000 1
108038 -45.881000 -56.189000 16.576000 1
109784 -51.273000 -56.715000 16.247000 1
113098 -48.518000 -57.227000 11.559000 1
113293 -47.919000 -56.098000 15.762000 1
113294 -46.409000 -56.297000 15.437000 1
113295 -45.284000 -56.397000 15.362000 1
115606 -49.648000 -56.541000 14.440000 1
117597 -51.103000 -57.847000 7.089000 1
118493 -51.391000 -57.662000 13.922000 1
118626 -51.043000 -59.103000 9.196000 1
119005 -48.484000 -56.622000 13.424000 1
119563 -49.835000 -57.535000 11.273000 1
119965 -45.768000 -56.768000 11.113000 1
120073 -48.302000 -57.587000 10.067000 1
122361 -45.656000 -56.424000 13.514000 1
122599 -49.392000 -55.981000 16.112000 1
123266 -48.705000 -57.465000 10.825000 1
124877 -50.925000 -56.707000 16.923000 1
124989 -51.531000 -57.058000 15.776000 1
125100 -46.042000 -56.379000 14.387000 1
125638 -45.089000 -56.422000 14.299000 1
