# sub-01 hemi-R RWvsAllNotext_scaled Cluster_14
18
5150 26.607000 -71.052000 -14.167000 1
5161 26.859000 -71.430000 -14.694000 1
5162 25.993000 -71.184000 -15.151000 1
5163 24.998000 -70.616000 -15.469000 1
5171 25.159000 -71.184000 -16.036000 1
5172 24.266000 -70.783000 -16.287000 1
5181 25.101000 -71.118000 -16.548000 1
5182 24.459000 -71.004000 -16.688000 1
5183 23.660000 -70.801000 -17.238000 1
5191 24.990000 -70.976000 -17.169000 1
5192 24.311000 -70.933000 -17.259000 1
5948 25.676000 -70.455000 -14.556000 1
5966 23.369000 -70.352000 -16.397000 1
5978 22.905000 -70.272000 -17.383000 1
5991 26.526000 -69.908000 -17.298000 1
5992 25.485000 -70.216000 -17.636000 1
5995 22.697000 -69.632000 -18.485000 1
120812 22.572000 -69.765000 -16.413000 1
