# sub-01 hemi-R RWvsFF_scaled Cluster_121
12
63935 49.771000 -10.614000 -3.623000 1
63939 50.145000 -10.576000 -4.417000 1
64779 50.035000 -9.172000 -2.223000 1
64798 50.360000 -9.924000 -1.964000 1
64799 49.716000 -9.290000 -2.735000 1
64810 49.661000 -9.815000 -3.279000 1
64820 49.747000 -9.975000 -4.029000 1
65711 49.555000 -8.897000 -3.284000 1
118288 49.648000 -9.248000 -3.997000 1
118928 49.912000 -9.943000 -2.528000 1
122505 49.852000 -8.835000 -4.520000 1
125702 51.040000 -9.979000 -1.550000 1
