# sub-01 hemi-L CSvsAllNotext_scaled Cluster_36
12
47115 -53.984000 -25.266000 9.065000 1
47116 -54.875000 -25.429000 9.007000 1
47132 -53.731000 -25.162000 8.357000 1
47133 -54.410000 -25.371000 8.333000 1
47134 -55.282000 -25.469000 8.236000 1
47147 -53.976000 -25.069000 7.678000 1
47148 -54.764000 -25.249000 7.541000 1
48166 -53.660000 -24.529000 7.137000 1
48167 -54.329000 -24.706000 6.907000 1
48176 -53.917000 -23.936000 6.471000 1
49174 -53.627000 -22.811000 6.127000 1
112078 -53.167000 -24.719000 7.850000 1
