# sub-01 hemi-L FacesvsAllnoFace_scaled Cluster_40
18
51716 -38.437000 -20.126000 9.817000 1
51721 -37.996000 -20.628000 9.421000 1
52668 -38.477000 -19.431000 10.070000 1
52679 -37.925000 -19.716000 9.630000 1
53627 -37.854000 -18.104000 9.934000 1
53628 -38.409000 -18.599000 10.221000 1
53663 -37.720000 -18.197000 7.145000 1
54652 -38.277000 -17.896000 10.276000 1
54653 -39.494000 -17.435000 10.549000 1
54665 -37.467000 -17.451000 9.393000 1
54671 -37.398000 -17.135000 8.386000 1
55571 -38.139000 -16.540000 10.356000 1
106328 -37.505000 -19.957000 9.081000 1
112530 -37.199000 -19.958000 8.250000 1
116795 -38.955000 -18.099000 10.473000 1
116949 -37.544000 -17.672000 7.707000 1
117881 -38.581000 -17.323000 10.441000 1
119094 -37.877000 -17.314000 10.125000 1
