# sub-01 hemi-L CSvsAllNotext_scaled Cluster_5
102
11433 -31.907000 -62.072000 -5.043000 1
11449 -31.632000 -62.066000 -5.853000 1
11450 -32.547000 -62.390000 -5.718000 1
11454 -36.741000 -62.449000 -5.424000 1
11463 -31.444000 -61.940000 -6.708000 1
11464 -32.814000 -62.457000 -6.566000 1
11465 -33.695000 -62.524000 -6.677000 1
11466 -34.549000 -62.533000 -6.809000 1
11472 -32.182000 -62.269000 -7.147000 1
11473 -33.132000 -62.413000 -7.426000 1
11474 -34.616000 -62.472000 -7.583000 1
11475 -35.323000 -62.513000 -7.143000 1
11476 -36.108000 -62.482000 -7.438000 1
11477 -37.000000 -62.447000 -7.595000 1
11478 -37.957000 -62.417000 -7.692000 1
11479 -38.970000 -62.420000 -7.782000 1
11487 -32.420000 -62.112000 -7.934000 1
11488 -33.110000 -62.189000 -8.251000 1
11489 -34.517000 -62.342000 -8.257000 1
11491 -36.418000 -62.359000 -8.266000 1
11492 -37.379000 -62.295000 -8.386000 1
11493 -38.364000 -62.242000 -8.470000 1
11494 -39.403000 -62.239000 -8.544000 1
11505 -35.838000 -62.130000 -8.962000 1
11506 -36.816000 -62.063000 -9.044000 1
11507 -37.793000 -61.965000 -9.139000 1
11508 -38.839000 -61.898000 -9.202000 1
12375 -33.066000 -60.997000 -1.688000 1
12395 -31.709000 -61.038000 -3.203000 1
12396 -32.418000 -61.578000 -3.447000 1
12405 -30.835000 -61.027000 -4.698000 1
12406 -31.454000 -61.490000 -4.473000 1
12414 -30.590000 -61.041000 -5.446000 1
12415 -30.915000 -61.538000 -6.065000 1
12419 -30.656000 -61.206000 -6.970000 1
12423 -31.528000 -61.656000 -7.710000 1
12427 -32.033000 -60.677000 -9.046000 1
12428 -32.914000 -61.717000 -8.852000 1
12429 -33.852000 -62.080000 -8.762000 1
12439 -32.755000 -61.017000 -9.376000 1
12440 -33.541000 -61.421000 -9.445000 1
12442 -36.284000 -61.661000 -9.664000 1
12443 -37.217000 -61.599000 -9.733000 1
12445 -39.465000 -61.478000 -9.875000 1
12457 -35.877000 -61.182000 -10.292000 1
12458 -36.707000 -61.220000 -10.283000 1
13273 -31.838000 -60.131000 -1.771000 1
13274 -32.543000 -60.462000 -1.280000 1
13284 -31.746000 -60.554000 -2.512000 1
13285 -32.350000 -60.766000 -2.008000 1
13296 -30.955000 -60.091000 -3.857000 1
13297 -31.195000 -60.856000 -3.909000 1
13305 -30.815000 -60.444000 -4.387000 1
13312 -30.294000 -60.364000 -5.735000 1
13316 -30.217000 -60.337000 -6.539000 1
13320 -30.373000 -60.054000 -7.402000 1
13321 -30.892000 -60.657000 -7.960000 1
13326 -31.288000 -59.967000 -8.711000 1
14220 -31.904000 -58.930000 -0.914000 1
14235 -31.717000 -59.288000 -1.655000 1
14236 -32.106000 -59.743000 -1.050000 1
14251 -31.452000 -59.626000 -2.542000 1
14266 -31.210000 -59.662000 -3.370000 1
14282 -30.718000 -59.891000 -4.554000 1
14296 -30.419000 -59.567000 -5.383000 1
14303 -30.056000 -59.603000 -6.143000 1
15242 -32.158000 -58.253000 -1.835000 1
15253 -31.735000 -58.809000 -2.241000 1
15254 -32.129000 -58.356000 -2.758000 1
15266 -32.332000 -58.479000 -3.840000 1
15280 -30.916000 -59.196000 -4.881000 1
15281 -31.136000 -59.476000 -4.073000 1
15282 -32.246000 -58.242000 -5.046000 1
15299 -30.542000 -58.582000 -5.507000 1
15300 -31.277000 -58.407000 -5.159000 1
16202 -32.694000 -57.778000 -2.290000 1
16215 -32.894000 -57.951000 -3.256000 1
106272 -31.735000 -61.402000 -3.823000 1
106874 -37.138000 -62.480000 -6.169000 1
106875 -36.262000 -62.510000 -6.143000 1
107354 -31.184000 -61.580000 -5.246000 1
107402 -31.304000 -60.328000 -3.183000 1
107624 -31.645000 -58.769000 -4.453000 1
107673 -32.187000 -61.555000 -8.504000 1
107747 -37.546000 -62.477000 -6.908000 1
107748 -36.648000 -62.495000 -6.831000 1
107749 -35.926000 -62.517000 -6.753000 1
107978 -33.986000 -62.496000 -7.291000 1
111369 -30.426000 -60.986000 -6.143000 1
112068 -32.284000 -61.151000 -2.665000 1
112748 -33.862000 -62.389000 -7.949000 1
113030 -34.327000 -61.715000 -9.400000 1
113040 -30.018000 -59.481000 -6.916000 1
115448 -32.084000 -62.307000 -6.399000 1
116855 -39.993000 -61.916000 -9.231000 1
119341 -30.561000 -60.408000 -5.007000 1
122220 -31.512000 -60.994000 -8.452000 1
122736 -31.546000 -58.988000 -3.302000 1
127348 -32.805000 -61.190000 -2.253000 1
127946 -32.462000 -61.293000 -8.963000 1
128359 -32.645000 -61.941000 -8.396000 1
128500 -31.895000 -58.683000 -1.496000 1
