# sub-01 hemi-L RWvsAllNotext_scaled Cluster_11
11
20084 -28.709000 -53.238000 -9.657000 1
20100 -28.283000 -53.345000 -10.382000 1
20101 -29.023000 -53.066000 -10.303000 1
20120 -28.278000 -52.976000 -11.322000 1
21005 -27.869000 -52.514000 -12.252000 1
21006 -28.645000 -52.540000 -11.946000 1
21007 -30.104000 -52.194000 -12.370000 1
21013 -28.719000 -52.369000 -12.688000 1
110414 -26.981000 -52.583000 -12.086000 1
122018 -29.502000 -52.241000 -12.781000 1
125760 -28.691000 -53.082000 -10.794000 1
