# sub-01 hemi-L RWvsPER_scaled Cluster_29
58
34627 -54.398000 -38.594000 1.074000 1
34643 -56.031000 -38.332000 -0.342000 1
34644 -56.810000 -38.587000 -1.828000 1
34660 -57.648000 -39.175000 -4.194000 1
35659 -53.931000 -36.503000 0.384000 1
35660 -54.545000 -37.760000 0.870000 1
35672 -56.313000 -37.727000 -1.085000 1
35673 -57.180000 -38.139000 -3.106000 1
35682 -58.254000 -38.477000 -4.393000 1
36658 -51.371000 -35.768000 0.670000 1
36659 -52.289000 -36.083000 0.731000 1
36660 -53.186000 -36.343000 0.611000 1
36661 -54.604000 -37.001000 0.319000 1
36673 -53.593000 -35.858000 -0.112000 1
36674 -54.452000 -36.264000 -0.314000 1
36675 -55.530000 -36.883000 -0.760000 1
36676 -56.511000 -37.315000 -2.012000 1
36684 -55.053000 -35.994000 -1.250000 1
36685 -56.130000 -36.603000 -2.100000 1
36686 -57.280000 -37.534000 -3.941000 1
36694 -56.571000 -36.584000 -3.460000 1
36695 -57.583000 -37.240000 -4.836000 1
36705 -57.569000 -36.850000 -5.006000 1
37572 -51.864000 -35.330000 0.038000 1
37573 -52.728000 -35.588000 0.002000 1
37586 -52.148000 -34.821000 -0.643000 1
37587 -53.055000 -35.101000 -0.776000 1
37588 -54.043000 -35.460000 -0.896000 1
37596 -54.569000 -35.158000 -1.756000 1
37597 -55.586000 -35.802000 -2.335000 1
37603 -56.154000 -35.771000 -3.561000 1
37604 -56.776000 -35.992000 -4.779000 1
38533 -51.452000 -34.116000 -1.065000 1
38534 -52.416000 -34.307000 -1.338000 1
38541 -52.863000 -33.879000 -1.858000 1
38542 -53.463000 -34.575000 -1.544000 1
38543 -55.158000 -34.877000 -2.794000 1
38547 -54.512000 -33.909000 -2.850000 1
38548 -55.290000 -34.267000 -3.477000 1
38549 -55.964000 -35.010000 -4.107000 1
38558 -55.854000 -34.115000 -4.395000 1
38559 -56.755000 -35.030000 -5.072000 1
39420 -52.183000 -33.700000 -1.433000 1
39424 -52.879000 -33.257000 -1.874000 1
39425 -53.546000 -33.566000 -2.329000 1
39432 -53.534000 -32.851000 -2.368000 1
39433 -54.187000 -33.070000 -2.919000 1
39434 -55.053000 -33.489000 -3.529000 1
39439 -54.846000 -32.635000 -3.546000 1
39440 -55.624000 -33.105000 -4.327000 1
39441 -56.579000 -33.642000 -5.106000 1
40436 -54.201000 -32.385000 -2.854000 1
40445 -55.411000 -32.291000 -4.209000 1
108115 -54.884000 -31.770000 -3.562000 1
114822 -53.709000 -37.146000 1.043000 1
115310 -54.107000 -34.337000 -2.162000 1
122136 -56.901000 -36.569000 -4.517000 1
125823 -53.414000 -34.085000 -2.027000 1
