# sub-01 hemi-R LimbsvsAllnoLimbsnoCS_scaled Cluster_16
133
11463 37.390000 -63.055000 -1.169000 1
11464 35.795000 -62.878000 -0.705000 1
11475 36.800000 -63.302000 -1.835000 1
11476 35.694000 -63.103000 -1.594000 1
11491 37.469000 -63.449000 -2.641000 1
11492 36.202000 -63.296000 -2.460000 1
11501 36.805000 -63.344000 -3.273000 1
11502 35.721000 -63.102000 -3.010000 1
11511 37.590000 -63.297000 -4.182000 1
12549 34.946000 -62.808000 -0.979000 1
12550 34.225000 -62.488000 -1.276000 1
12551 33.698000 -61.949000 -1.488000 1
12561 35.255000 -62.992000 -2.291000 1
12562 34.391000 -62.377000 -2.177000 1
12563 33.837000 -61.636000 -2.160000 1
12571 36.201000 -63.007000 -3.773000 1
12572 35.299000 -62.580000 -3.467000 1
12573 34.573000 -62.055000 -3.065000 1
12585 37.751000 -63.063000 -5.054000 1
12586 36.600000 -62.731000 -4.593000 1
12587 35.669000 -62.354000 -4.235000 1
12602 37.977000 -62.762000 -5.845000 1
12603 36.894000 -62.366000 -5.370000 1
12620 37.212000 -61.930000 -6.132000 1
13538 32.345000 -61.420000 1.920000 1
13539 31.944000 -60.870000 1.570000 1
13572 34.136000 -61.317000 -2.844000 1
13573 33.659000 -61.012000 -2.277000 1
13576 34.976000 -61.834000 -3.872000 1
13577 34.568000 -61.393000 -3.490000 1
13590 35.998000 -62.014000 -4.977000 1
13591 35.416000 -61.526000 -4.552000 1
13601 36.359000 -61.556000 -5.571000 1
13602 35.792000 -61.334000 -5.112000 1
13609 37.558000 -61.477000 -6.844000 1
14450 31.620000 -60.299000 2.140000 1
14491 34.007000 -60.445000 -2.709000 1
14492 33.530000 -60.450000 -1.952000 1
14500 34.915000 -60.179000 -3.902000 1
14501 34.455000 -60.741000 -3.429000 1
14517 34.909000 -60.975000 -4.127000 1
14523 36.062000 -60.845000 -5.469000 1
14524 35.509000 -60.735000 -4.771000 1
14533 37.327000 -60.705000 -6.903000 1
14534 36.694000 -61.012000 -6.229000 1
14543 38.438000 -59.947000 -8.132000 1
14555 38.979000 -60.523000 -8.835000 1
15502 31.789000 -59.440000 2.059000 1
15530 33.103000 -59.299000 0.158000 1
15542 33.943000 -59.200000 -0.867000 1
15557 35.133000 -59.105000 -2.371000 1
15558 34.358000 -59.296000 -1.729000 1
15559 33.485000 -59.849000 -1.443000 1
15566 34.978000 -59.556000 -3.241000 1
15567 34.388000 -59.705000 -2.639000 1
15568 33.827000 -59.890000 -2.165000 1
15581 36.175000 -59.382000 -4.468000 1
15582 35.558000 -59.466000 -3.842000 1
15583 34.485000 -60.115000 -3.255000 1
15604 35.485000 -60.027000 -4.474000 1
15616 37.334000 -59.365000 -6.160000 1
15617 36.695000 -59.621000 -5.554000 1
15618 36.020000 -60.053000 -5.141000 1
15629 37.482000 -59.882000 -6.891000 1
15630 36.888000 -60.150000 -6.312000 1
15640 38.721000 -59.223000 -7.995000 1
15641 38.066000 -59.582000 -7.433000 1
15653 39.271000 -59.649000 -8.951000 1
15669 39.659000 -60.211000 -9.871000 1
16584 32.663000 -58.174000 2.405000 1
16585 31.993000 -58.732000 2.447000 1
16607 34.754000 -58.242000 1.275000 1
16608 33.811000 -58.321000 1.461000 1
16609 32.421000 -58.829000 1.828000 1
16626 33.946000 -58.662000 0.582000 1
16627 32.939000 -58.901000 1.055000 1
16645 34.457000 -58.803000 -0.126000 1
16646 33.723000 -59.112000 -0.179000 1
16661 35.367000 -58.804000 -1.446000 1
16662 34.806000 -58.832000 -0.849000 1
16670 37.327000 -58.723000 -2.885000 1
16671 36.567000 -58.710000 -2.868000 1
16672 35.748000 -58.971000 -3.022000 1
16686 38.101000 -58.856000 -3.006000 1
16687 37.531000 -58.654000 -3.645000 1
16688 36.291000 -58.925000 -3.640000 1
16708 39.122000 -58.554000 -4.764000 1
16709 38.422000 -58.658000 -3.972000 1
16710 37.560000 -58.675000 -4.490000 1
16730 39.010000 -58.422000 -5.472000 1
16731 38.303000 -58.519000 -5.106000 1
16732 37.978000 -58.715000 -5.995000 1
16733 37.405000 -58.936000 -5.367000 1
16744 40.397000 -58.360000 -6.865000 1
16745 39.468000 -58.421000 -7.065000 1
16746 38.636000 -58.605000 -6.664000 1
16747 37.896000 -59.124000 -6.754000 1
16761 40.271000 -58.525000 -8.395000 1
16762 39.091000 -58.683000 -7.656000 1
16763 38.382000 -58.976000 -7.298000 1
16775 40.958000 -58.732000 -10.310000 1
16776 39.676000 -58.900000 -8.925000 1
17722 32.915000 -57.110000 3.307000 1
17747 33.296000 -57.553000 2.718000 1
17767 33.613000 -57.991000 2.130000 1
107767 36.128000 -58.687000 -2.025000 1
108961 37.075000 -58.784000 -2.124000 1
109241 38.612000 -59.122000 -2.226000 1
109442 41.597000 -58.445000 -9.952000 1
109976 37.910000 -60.434000 -7.596000 1
111076 36.430000 -60.350000 -5.761000 1
112105 32.566000 -57.690000 3.025000 1
113271 36.870000 -58.774000 -4.095000 1
115820 36.259000 -58.710000 -0.955000 1
117532 31.902000 -60.108000 1.348000 1
120495 32.233000 -59.416000 1.343000 1
122124 37.837000 -61.137000 -7.428000 1
122197 37.838000 -58.980000 -2.187000 1
122217 36.736000 -62.817000 -0.497000 1
122541 36.835000 -59.127000 -4.841000 1
122710 35.196000 -60.480000 -4.328000 1
122796 38.652000 -58.489000 -5.853000 1
124206 34.859000 -62.814000 -1.665000 1
124218 35.616000 -58.672000 -0.688000 1
124257 34.984000 -62.704000 -2.808000 1
124912 33.080000 -58.425000 1.765000 1
125463 36.915000 -58.680000 -3.433000 1
125497 41.539000 -58.376000 -8.638000 1
125866 36.432000 -63.068000 -1.151000 1
126765 37.610000 -58.924000 -1.521000 1
127317 38.399000 -60.498000 -8.127000 1
128534 36.407000 -59.539000 -5.016000 1
129184 34.215000 -61.868000 -2.560000 1
