# sub-01 hemi-R FacesvsAllnoFacenoCS_scaled Cluster_42
20
54030 29.835000 -21.864000 -6.386000 1
55004 30.677000 -20.622000 -6.269000 1
55012 30.600000 -19.844000 -6.664000 1
55993 31.732000 -19.336000 -5.919000 1
56003 31.153000 -19.280000 -6.581000 1
56004 29.964000 -19.677000 -7.189000 1
56009 29.930000 -18.957000 -7.679000 1
56011 28.498000 -19.347000 -7.715000 1
56849 31.644000 -18.665000 -6.551000 1
56854 31.516000 -18.109000 -7.247000 1
56855 31.123000 -18.710000 -7.065000 1
56856 30.583000 -19.141000 -7.181000 1
56862 30.672000 -18.344000 -7.682000 1
56863 29.142000 -18.698000 -7.918000 1
57696 30.265000 -17.672000 -8.118000 1
58523 30.610000 -16.826000 -8.219000 1
116842 29.499000 -20.991000 -6.728000 1
118829 29.874000 -18.317000 -7.980000 1
122788 30.037000 -20.397000 -6.728000 1
128643 30.153000 -21.074000 -6.418000 1
