# sub-01 hemi-R RWvsSC_scaled Cluster_10
143
3070 23.784000 -74.049000 -12.683000 1
3071 23.388000 -74.146000 -13.066000 1
3072 22.729000 -73.805000 -13.428000 1
3078 22.139000 -74.049000 -13.825000 1
3079 20.701000 -74.141000 -14.382000 1
3081 18.495000 -73.605000 -14.429000 1
3729 23.167000 -72.761000 -12.195000 1
3730 22.529000 -72.462000 -12.401000 1
3735 23.216000 -73.458000 -12.841000 1
3736 22.387000 -72.907000 -13.052000 1
3737 21.094000 -72.430000 -13.005000 1
3738 19.548000 -72.578000 -13.262000 1
3739 18.029000 -72.203000 -12.861000 1
3744 21.819000 -73.232000 -13.484000 1
3745 20.350000 -73.285000 -13.824000 1
3746 18.835000 -72.880000 -13.567000 1
4427 20.839000 -71.199000 -11.732000 1
4428 19.895000 -71.175000 -11.843000 1
4429 18.962000 -71.118000 -11.829000 1
4430 18.136000 -71.060000 -11.832000 1
4432 21.308000 -71.922000 -12.417000 1
4433 20.476000 -71.781000 -12.432000 1
4434 19.496000 -71.823000 -12.514000 1
4435 18.495000 -71.624000 -12.356000 1
4436 17.439000 -71.413000 -12.247000 1
5118 20.770000 -70.449000 -10.957000 1
5119 19.926000 -70.041000 -10.873000 1
5125 19.405000 -70.508000 -11.345000 1
5126 18.323000 -70.359000 -11.315000 1
5127 17.418000 -70.607000 -11.626000 1
5128 16.517000 -69.912000 -11.542000 1
5138 16.691000 -70.783000 -11.935000 1
5150 26.607000 -71.052000 -14.167000 1
5161 26.859000 -71.430000 -14.694000 1
5162 25.993000 -71.184000 -15.151000 1
5163 24.998000 -70.616000 -15.469000 1
5171 25.159000 -71.184000 -16.036000 1
5172 24.266000 -70.783000 -16.287000 1
5173 17.554000 -70.062000 -15.953000 1
5181 25.101000 -71.118000 -16.548000 1
5182 24.459000 -71.004000 -16.688000 1
5183 23.660000 -70.801000 -17.238000 1
5191 24.990000 -70.976000 -17.169000 1
5192 24.311000 -70.933000 -17.259000 1
5901 18.587000 -68.702000 -10.393000 1
5902 17.579000 -68.348000 -10.748000 1
5911 18.960000 -69.733000 -10.809000 1
5912 17.902000 -69.361000 -10.796000 1
5913 16.957000 -69.054000 -11.059000 1
5914 16.212000 -68.953000 -11.567000 1
5934 26.161000 -70.310000 -13.568000 1
5935 25.371000 -69.610000 -14.015000 1
5948 25.676000 -70.455000 -14.556000 1
5949 24.683000 -69.608000 -14.770000 1
5950 23.172000 -69.557000 -15.470000 1
5951 17.707000 -69.348000 -15.178000 1
5965 24.081000 -70.066000 -15.596000 1
5966 23.369000 -70.352000 -16.397000 1
5968 17.239000 -69.811000 -15.268000 1
5978 22.905000 -70.272000 -17.383000 1
5990 27.628000 -69.583000 -17.044000 1
5991 26.526000 -69.908000 -17.298000 1
5992 25.485000 -70.216000 -17.636000 1
5993 24.463000 -70.517000 -17.948000 1
5994 23.141000 -70.389000 -18.070000 1
5995 22.697000 -69.632000 -18.485000 1
6738 18.173000 -67.795000 -10.531000 1
6746 16.873000 -68.210000 -11.324000 1
6747 16.272000 -68.466000 -11.785000 1
6754 25.905000 -69.235000 -12.143000 1
6756 16.869000 -68.041000 -12.469000 1
6757 16.186000 -68.410000 -12.313000 1
6771 25.603000 -69.417000 -13.137000 1
6772 24.676000 -68.767000 -13.858000 1
6773 23.707000 -68.191000 -13.955000 1
6774 22.047000 -68.167000 -14.037000 1
6775 21.193000 -68.091000 -13.829000 1
6776 20.503000 -68.023000 -13.663000 1
6777 19.745000 -68.284000 -13.848000 1
6778 18.880000 -68.268000 -13.613000 1
6779 17.437000 -68.457000 -13.372000 1
6780 16.416000 -68.556000 -13.074000 1
6787 23.869000 -68.927000 -14.665000 1
6788 22.809000 -68.649000 -14.612000 1
6789 21.330000 -68.453000 -14.521000 1
6790 20.532000 -68.294000 -14.401000 1
6791 19.651000 -68.123000 -14.861000 1
6792 19.079000 -68.438000 -14.448000 1
6793 17.831000 -68.977000 -14.553000 1
6800 22.211000 -69.198000 -15.429000 1
6801 21.545000 -68.622000 -15.367000 1
6802 20.799000 -68.133000 -15.336000 1
6803 19.071000 -68.011000 -15.461000 1
6804 18.088000 -68.762000 -15.768000 1
6810 22.286000 -69.328000 -17.661000 1
6811 21.299000 -67.977000 -18.257000 1
7662 17.727000 -67.529000 -10.979000 1
7671 17.850000 -67.320000 -11.412000 1
7672 17.239000 -67.718000 -11.443000 1
7673 16.684000 -67.975000 -11.796000 1
7681 23.456000 -67.129000 -12.132000 1
7682 22.702000 -67.103000 -12.714000 1
7683 21.439000 -67.106000 -12.787000 1
7684 20.640000 -67.028000 -12.586000 1
7685 19.100000 -67.215000 -12.402000 1
7686 18.093000 -67.295000 -12.096000 1
7687 17.308000 -67.576000 -11.916000 1
7700 24.254000 -68.070000 -13.294000 1
7701 23.454000 -67.576000 -13.159000 1
7702 22.508000 -67.543000 -13.382000 1
7703 21.713000 -67.597000 -13.390000 1
7704 20.927000 -67.575000 -13.220000 1
7705 20.025000 -67.598000 -13.023000 1
7706 18.528000 -67.760000 -12.868000 1
7707 17.688000 -67.804000 -12.645000 1
7720 20.181000 -67.823000 -15.462000 1
7735 21.040000 -67.813000 -16.547000 1
7736 19.978000 -67.169000 -16.861000 1
7737 19.149000 -67.251000 -16.529000 1
8676 22.567000 -66.730000 -12.121000 1
8677 21.994000 -66.785000 -12.423000 1
8681 18.608000 -66.933000 -11.541000 1
108500 21.940000 -72.243000 -12.544000 1
112658 21.366000 -73.797000 -13.984000 1
114048 18.389000 -68.673000 -14.004000 1
115856 19.895000 -66.936000 -12.343000 1
115921 22.936000 -67.928000 -13.874000 1
117633 18.164000 -68.172000 -13.298000 1
117928 21.884000 -68.904000 -16.467000 1
118231 23.647000 -70.546000 -18.086000 1
118450 17.409000 -69.867000 -11.233000 1
118514 21.925000 -68.713000 -14.746000 1
119361 18.868000 -72.216000 -12.871000 1
119687 20.318000 -72.452000 -13.103000 1
119977 21.705000 -72.497000 -12.915000 1
120239 18.596000 -68.458000 -15.359000 1
120812 22.572000 -69.765000 -16.413000 1
122289 21.011000 -73.023000 -13.556000 1
122846 23.964000 -69.470000 -15.135000 1
123664 22.079000 -67.175000 -12.953000 1
126114 19.272000 -67.861000 -13.164000 1
128333 20.196000 -70.647000 -11.361000 1
128805 19.586000 -73.101000 -13.743000 1
