# sub-01 hemi-R LimbsvsAllnoLimbsnoCS_scaled Cluster_56
12
48190 28.710000 -26.569000 -9.309000 1
48199 29.219000 -27.039000 -9.751000 1
48209 30.703000 -27.082000 -10.589000 1
48210 29.774000 -26.827000 -10.249000 1
48217 32.406000 -26.922000 -11.300000 1
49207 27.748000 -25.944000 -8.403000 1
49217 28.246000 -26.126000 -8.968000 1
50232 28.741000 -25.786000 -9.127000 1
50233 28.146000 -25.924000 -8.871000 1
50244 29.180000 -25.929000 -9.752000 1
50245 28.653000 -26.093000 -9.379000 1
119580 31.595000 -27.014000 -10.961000 1
