# sub-01 hemi-R LimbsvsAllnoLimbsnoCS_scaled Cluster_58
21
52195 34.067000 -23.054000 -4.815000 1
52196 33.285000 -23.307000 -5.091000 1
52210 35.298000 -22.750000 -6.348000 1
52211 33.981000 -23.570000 -5.520000 1
52230 34.573000 -23.388000 -6.390000 1
53081 35.445000 -22.376000 -4.973000 1
53082 33.419000 -22.698000 -4.678000 1
53083 32.703000 -22.680000 -4.942000 1
53105 34.855000 -22.982000 -5.436000 1
53976 34.304000 -21.362000 -3.837000 1
53997 34.931000 -22.008000 -4.256000 1
53998 33.451000 -21.286000 -4.121000 1
53999 33.033000 -21.999000 -4.516000 1
54019 32.263000 -21.847000 -5.004000 1
54989 33.104000 -20.394000 -4.192000 1
54990 32.570000 -21.024000 -4.646000 1
55975 32.840000 -19.549000 -4.490000 1
55992 32.297000 -19.400000 -5.189000 1
110567 33.960000 -22.214000 -4.308000 1
120821 31.907000 -21.126000 -5.229000 1
122067 34.663000 -22.620000 -4.680000 1
