# sub-01 hemi-L LimbsvsAllnoLimbsnoCS_scaled Cluster_19
52
28704 -39.228000 -44.487000 -6.563000 1
28705 -40.037000 -44.376000 -6.736000 1
28718 -39.462000 -44.593000 -7.400000 1
28719 -40.341000 -44.605000 -7.508000 1
28720 -41.249000 -44.511000 -7.547000 1
28721 -42.175000 -44.259000 -7.637000 1
28731 -39.103000 -44.633000 -9.005000 1
28732 -40.689000 -44.894000 -8.315000 1
28733 -41.685000 -44.846000 -8.313000 1
29719 -40.522000 -43.880000 -6.213000 1
29720 -41.607000 -43.183000 -6.427000 1
29726 -40.831000 -44.210000 -6.859000 1
29727 -41.663000 -43.856000 -6.913000 1
29728 -42.439000 -43.404000 -7.224000 1
29729 -43.135000 -43.014000 -7.675000 1
29733 -43.029000 -43.829000 -7.937000 1
30705 -41.647000 -42.320000 -6.173000 1
30706 -42.152000 -42.770000 -6.719000 1
30714 -42.694000 -42.439000 -7.282000 1
31696 -42.721000 -41.484000 -7.472000 1
31697 -43.152000 -41.120000 -8.034000 1
32696 -41.594000 -40.303000 -5.361000 1
32713 -42.671000 -40.484000 -7.666000 1
33700 -41.573000 -39.617000 -4.660000 1
33706 -42.405000 -39.575000 -7.441000 1
34683 -41.543000 -38.282000 -3.978000 1
34688 -41.743000 -38.270000 -5.019000 1
34689 -41.975000 -37.975000 -5.820000 1
34695 -41.878000 -38.730000 -6.056000 1
34696 -42.215000 -38.045000 -6.649000 1
34700 -42.638000 -38.103000 -7.352000 1
35714 -41.648000 -37.548000 -4.297000 1
35718 -41.962000 -37.461000 -5.181000 1
35719 -42.319000 -37.377000 -6.075000 1
35723 -42.635000 -37.374000 -6.975000 1
36719 -42.708000 -36.682000 -6.399000 1
37626 -42.922000 -35.270000 -5.762000 1
37631 -43.109000 -35.956000 -6.547000 1
106366 -39.749000 -44.755000 -8.262000 1
108495 -38.852000 -44.581000 -8.132000 1
110141 -41.496000 -40.979000 -5.151000 1
111952 -41.642000 -40.907000 -5.863000 1
114072 -42.235000 -41.046000 -6.969000 1
114192 -42.255000 -41.918000 -6.774000 1
116423 -41.590000 -38.846000 -4.522000 1
116467 -43.340000 -42.079000 -7.998000 1
116842 -42.218000 -38.784000 -7.110000 1
117308 -42.113000 -40.260000 -6.956000 1
117590 -41.647000 -39.002000 -5.206000 1
124855 -42.700000 -36.046000 -5.859000 1
127474 -41.998000 -43.326000 -6.770000 1
128363 -41.112000 -43.660000 -6.433000 1
