# sub-01 hemi-R RWvsSC_scaled Cluster_69
12
53953 43.319000 -21.210000 -1.342000 1
54944 43.448000 -20.473000 -1.346000 1
54954 44.799000 -20.140000 -2.806000 1
54955 44.334000 -20.802000 -2.295000 1
55938 43.638000 -19.705000 -1.452000 1
55947 44.620000 -19.290000 -2.597000 1
56807 44.457000 -18.349000 -2.357000 1
56817 44.859000 -17.953000 -3.053000 1
57648 44.801000 -17.148000 -3.147000 1
119707 44.253000 -19.892000 -2.143000 1
120143 44.974000 -18.729000 -3.098000 1
125159 45.319000 -18.278000 -3.528000 1
