# sub-01 hemi-L RWvsAllNotext_scaled Cluster_55
15
65260 -40.287000 -5.071000 8.615000 1
65270 -39.536000 -5.430000 7.474000 1
66108 -39.877000 -4.840000 8.066000 1
66109 -40.383000 -4.315000 8.408000 1
66110 -41.096000 -4.112000 8.809000 1
66123 -39.643000 -4.395000 7.200000 1
66144 -39.268000 -4.528000 6.167000 1
66957 -40.119000 -3.666000 7.795000 1
66969 -40.128000 -2.879000 7.312000 1
66985 -39.480000 -3.765000 6.382000 1
109143 -39.783000 -3.506000 7.045000 1
120040 -40.726000 -3.506000 8.350000 1
122317 -38.997000 -5.162000 5.877000 1
123734 -40.526000 -2.981000 7.910000 1
128380 -39.958000 -4.280000 7.923000 1
