# sub-01 hemi-L FacesvsAllnoFace_scaled Cluster_17
23
18253 -25.222000 -55.122000 -14.308000 1
19195 -25.425000 -53.728000 -12.798000 1
19205 -25.782000 -54.461000 -13.871000 1
20084 -28.709000 -53.238000 -9.657000 1
20100 -28.283000 -53.345000 -10.382000 1
20101 -29.023000 -53.066000 -10.303000 1
20114 -22.514000 -52.756000 -10.616000 1
20115 -23.379000 -52.850000 -10.924000 1
20116 -24.456000 -53.042000 -11.277000 1
20117 -25.419000 -52.914000 -11.750000 1
20118 -26.192000 -52.692000 -11.937000 1
20119 -26.862000 -53.114000 -11.308000 1
20120 -28.278000 -52.976000 -11.322000 1
20131 -25.769000 -52.964000 -12.304000 1
20132 -26.514000 -52.828000 -12.533000 1
20144 -26.136000 -53.482000 -13.117000 1
20145 -26.848000 -53.226000 -13.338000 1
20998 -29.743000 -52.689000 -10.448000 1
21006 -28.645000 -52.540000 -11.946000 1
106630 -27.685000 -53.268000 -10.959000 1
110414 -26.981000 -52.583000 -12.086000 1
123664 -27.522000 -52.856000 -11.617000 1
125760 -28.691000 -53.082000 -10.794000 1
