# sub-01 hemi-R LimbsvsAllnoLimbsnoCS_scaled Cluster_32
12
25283 50.183000 -51.061000 3.768000 1
26229 50.818000 -50.137000 3.505000 1
26232 46.992000 -49.411000 4.235000 1
27180 49.380000 -48.254000 3.695000 1
27181 48.406000 -48.187000 3.875000 1
107918 51.331000 -47.086000 2.510000 1
110546 47.421000 -48.077000 3.896000 1
113182 51.122000 -49.151000 3.315000 1
114730 47.750000 -48.833000 4.114000 1
114731 48.811000 -49.110000 4.036000 1
122155 50.502000 -48.181000 3.369000 1
125163 51.200000 -47.768000 2.884000 1
