# sub-01 hemi-L RWvsSC_scaled Cluster_10
13
17102 -46.096000 -55.886000 5.529000 1
17110 -43.962000 -56.085000 4.037000 1
17111 -44.714000 -56.123000 4.477000 1
17112 -45.552000 -56.249000 4.649000 1
17122 -43.992000 -56.330000 3.160000 1
17123 -44.501000 -56.391000 3.758000 1
17124 -45.645000 -56.875000 3.407000 1
17139 -44.591000 -56.669000 2.468000 1
18067 -45.265000 -55.866000 5.130000 1
109216 -44.834000 -56.686000 3.233000 1
111455 -45.163000 -56.539000 3.939000 1
123703 -45.970000 -56.622000 4.131000 1
127588 -46.281000 -56.329000 4.793000 1
