#!ascii label , from subject sub-11 vox2ras=TkReg lh ROI=IOG-words coords=white drawn-with=delineation-helper-0.1.0
72
12546  -34.276  -70.215  -1.209 0.0000000000
12561  -33.620  -70.628  -2.055 0.0000000000
12570  -31.080  -69.833  -2.644 0.0000000000
12574  -34.374  -70.209  -2.401 0.0000000000
13420  -29.912  -69.480  -1.129 0.0000000000
13421  -35.252  -69.678  -0.802 0.0000000000
13422  -35.831  -69.533  -1.530 0.0000000000
13423  -36.345  -69.220  -1.592 0.0000000000
13424  -37.479  -68.686  -0.822 0.0000000000
13439  -30.337  -69.958  -2.032 0.0000000000
13440  -30.839  -69.245  -2.175 0.0000000000
13441  -35.199  -69.907  -1.911 0.0000000000
13442  -35.770  -69.459  -2.154 0.0000000000
13443  -36.206  -69.114  -2.054 0.0000000000
13444  -36.797  -68.894  -1.445 0.0000000000
13459  -32.490  -69.689  -3.193 0.0000000000
13476  -33.197  -69.281  -3.373 0.0000000000
14270  -30.519  -69.069  -1.527 0.0000000000
14271  -31.047  -68.569  -1.178 0.0000000000
14272  -37.987  -68.465  -0.724 0.0000000000
14273  -38.828  -68.394  -0.428 0.0000000000
14292  -31.334  -68.898  -2.471 0.0000000000
14293  -31.904  -68.344  -2.667 0.0000000000
14294  -36.636  -68.700  -1.829 0.0000000000
14295  -37.433  -68.468  -1.211 0.0000000000
14296  -38.231  -68.237  -0.851 0.0000000000
15104  -32.583  -67.407  3.574 0.0000000000
15105  -33.396  -67.136  3.837 0.0000000000
15125  -34.289  -66.581  1.842 0.0000000000
15139  -33.530  -67.226  1.629 0.0000000000
15149  -34.030  -66.692  0.851 0.0000000000
15159  -31.824  -68.065  -0.880 0.0000000000
15160  -32.734  -66.843  -1.360 0.0000000000
15161  -38.926  -67.916  -0.714 0.0000000000
15177  -31.598  -68.191  -2.009 0.0000000000
15178  -32.274  -67.507  -2.348 0.0000000000
15179  -32.527  -66.551  -2.105 0.0000000000
15180  -36.472  -68.181  -2.219 0.0000000000
15181  -37.147  -68.089  -1.670 0.0000000000
15182  -38.034  -67.797  -1.159 0.0000000000
15958  -34.545  -66.088  1.235 0.0000000000
15974  -33.420  -66.654  -0.401 0.0000000000
15975  -34.162  -66.019  0.271 0.0000000000
15992  -37.987  -66.740  -0.994 0.0000000000
15993  -38.773  -67.121  -0.717 0.0000000000
16012  -32.698  -66.784  -2.384 0.0000000000
16013  -32.878  -65.715  -2.100 0.0000000000
16015  -36.770  -67.476  -1.915 0.0000000000
16016  -37.370  -67.184  -1.492 0.0000000000
16820  -34.680  -65.560  2.606 0.0000000000
16832  -34.669  -65.416  1.694 0.0000000000
16846  -33.857  -65.159  -0.159 0.0000000000
17720  -34.651  -64.732  2.274 0.0000000000
17730  -34.452  -64.527  1.217 0.0000000000
18594  -34.458  -64.094  2.913 0.0000000000
18605  -34.091  -63.222  2.642 0.0000000000
18606  -34.354  -63.837  1.894 0.0000000000
18611  -33.934  -62.910  1.575 0.0000000000
113815  -31.798  -70.156  -2.932 0.0000000000
113819  -33.209  -67.347  2.944 0.0000000000
114319  -33.163  -67.346  0.522 0.0000000000
117041  -32.608  -67.581  2.120 0.0000000000
117044  -34.407  -65.326  0.725 0.0000000000
120480  -36.953  -69.016  -0.920 0.0000000000
121032  -31.074  -68.787  -1.924 0.0000000000
121823  -36.179  -69.301  -0.611 0.0000000000
125416  -32.641  -67.459  -0.565 0.0000000000
127196  -32.221  -67.443  -1.665 0.0000000000
128429  -34.647  -66.051  2.048 0.0000000000
130686  -32.637  -67.617  1.241 0.0000000000
133980  -38.545  -66.281  -0.687 0.0000000000
135103  -33.350  -67.315  2.307 0.0000000000
