#!ascii label , from subject sub-11 vox2ras=TkReg lh ROI=pOTS-words coords=white drawn-with=delineation-helper-0.1.0
93
26001  -44.970  -54.281  9.251 0.0000000000
26754  -42.896  -52.895  10.229 0.0000000000
26755  -43.756  -53.198  10.800 0.0000000000
26765  -43.329  -53.273  9.682 0.0000000000
26766  -44.082  -53.693  10.122 0.0000000000
26778  -43.822  -53.563  9.074 0.0000000000
26779  -44.464  -53.781  8.630 0.0000000000
26780  -45.179  -54.096  8.270 0.0000000000
26788  -44.762  -53.438  7.821 0.0000000000
26789  -45.550  -53.679  7.448 0.0000000000
27493  -42.447  -52.422  10.627 0.0000000000
27494  -43.349  -52.658  11.348 0.0000000000
27516  -42.768  -52.655  9.278 0.0000000000
27517  -43.325  -52.897  8.729 0.0000000000
27518  -44.004  -53.093  8.146 0.0000000000
27526  -43.552  -52.440  8.115 0.0000000000
27527  -44.064  -52.339  7.576 0.0000000000
27528  -45.160  -52.961  7.107 0.0000000000
27538  -44.722  -52.277  7.010 0.0000000000
27539  -45.641  -52.258  6.371 0.0000000000
28285  -40.774  -50.904  11.393 0.0000000000
28295  -41.143  -51.261  10.715 0.0000000000
28296  -41.810  -51.896  10.943 0.0000000000
28302  -41.742  -51.182  9.306 0.0000000000
28303  -41.899  -52.013  9.946 0.0000000000
28317  -42.291  -51.953  9.163 0.0000000000
28318  -42.930  -52.043  8.449 0.0000000000
28328  -43.548  -51.776  7.743 0.0000000000
28329  -44.243  -51.526  7.091 0.0000000000
28338  -44.955  -51.676  6.562 0.0000000000
28339  -45.615  -51.303  6.004 0.0000000000
28349  -46.427  -50.790  5.484 0.0000000000
29173  -40.661  -50.513  10.527 0.0000000000
29174  -41.164  -50.806  9.895 0.0000000000
29182  -40.873  -50.022  9.771 0.0000000000
29183  -41.487  -50.239  9.254 0.0000000000
29196  -42.056  -50.378  8.695 0.0000000000
29197  -42.701  -50.364  8.136 0.0000000000
29198  -43.062  -51.143  7.931 0.0000000000
29210  -43.427  -50.269  7.513 0.0000000000
29211  -44.145  -50.563  6.938 0.0000000000
29221  -44.858  -50.905  6.427 0.0000000000
29222  -45.688  -50.385  5.778 0.0000000000
29234  -46.684  -49.971  5.034 0.0000000000
29235  -47.237  -49.783  4.247 0.0000000000
30080  -40.055  -50.012  11.260 0.0000000000
30101  -40.705  -49.249  9.833 0.0000000000
30102  -41.360  -49.408  9.281 0.0000000000
30114  -41.833  -49.663  8.813 0.0000000000
30115  -42.393  -49.580  8.385 0.0000000000
30123  -43.010  -49.524  7.837 0.0000000000
30124  -43.562  -49.422  7.404 0.0000000000
30125  -44.076  -49.645  6.949 0.0000000000
30133  -44.933  -49.805  6.274 0.0000000000
30134  -46.000  -49.395  5.440 0.0000000000
30148  -46.717  -49.146  4.572 0.0000000000
31080  -41.259  -48.552  9.418 0.0000000000
31093  -42.024  -48.735  8.714 0.0000000000
31094  -43.107  -47.919  8.016 0.0000000000
31102  -42.744  -48.797  8.148 0.0000000000
31103  -43.461  -48.648  7.574 0.0000000000
31104  -44.251  -48.109  6.989 0.0000000000
31114  -45.107  -47.558  6.217 0.0000000000
31115  -45.722  -47.749  5.365 0.0000000000
31122  -46.072  -47.775  4.434 0.0000000000
32031  -41.835  -47.762  9.105 0.0000000000
32045  -42.502  -47.798  8.560 0.0000000000
32046  -43.184  -47.024  8.344 0.0000000000
32047  -43.820  -47.004  7.721 0.0000000000
32056  -44.576  -46.957  6.949 0.0000000000
32057  -45.300  -46.372  5.949 0.0000000000
32070  -45.518  -46.911  5.444 0.0000000000
32077  -45.642  -46.992  4.715 0.0000000000
32895  -44.487  -46.065  7.326 0.0000000000
32896  -44.957  -45.787  6.474 0.0000000000
32907  -45.085  -45.625  5.599 0.0000000000
32908  -45.383  -46.203  5.043 0.0000000000
115335  -44.678  -48.742  6.477 0.0000000000
115652  -45.488  -48.724  5.772 0.0000000000
117354  -40.124  -49.169  10.478 0.0000000000
117442  -44.379  -53.951  9.469 0.0000000000
118068  -42.409  -51.201  8.562 0.0000000000
119636  -43.809  -47.749  7.479 0.0000000000
123679  -41.482  -51.498  10.134 0.0000000000
125202  -43.973  -48.927  7.085 0.0000000000
125205  -40.436  -49.803  10.341 0.0000000000
125351  -42.391  -52.445  9.805 0.0000000000
125387  -43.644  -51.072  7.423 0.0000000000
125897  -46.280  -48.453  4.939 0.0000000000
129391  -41.419  -51.422  11.481 0.0000000000
132053  -45.260  -48.192  5.994 0.0000000000
133646  -42.582  -48.325  8.368 0.0000000000
136049  -44.521  -52.824  7.518 0.0000000000
