#!ascii label , from subject sub-11 vox2ras=TkReg lh ROI=PON-words coords=white drawn-with=delineation-helper-0.1.0
98
19386  -47.579  -62.441  6.829 0.0000000000
19393  -46.925  -62.838  5.612 0.0000000000
19403  -46.483  -62.745  4.797 0.0000000000
20154  -47.531  -61.859  6.834 0.0000000000
20168  -40.366  -61.051  6.364 0.0000000000
20169  -41.274  -61.139  6.277 0.0000000000
20170  -42.228  -61.219  6.186 0.0000000000
20171  -43.293  -61.285  6.050 0.0000000000
20174  -47.145  -62.316  6.023 0.0000000000
20185  -38.899  -61.342  5.059 0.0000000000
20186  -39.827  -61.338  5.562 0.0000000000
20187  -40.852  -61.373  5.466 0.0000000000
20188  -41.788  -61.404  5.293 0.0000000000
20189  -42.794  -61.419  5.096 0.0000000000
20190  -43.926  -61.400  4.847 0.0000000000
20192  -46.206  -61.900  4.599 0.0000000000
20193  -46.598  -62.373  5.075 0.0000000000
20206  -42.342  -61.416  4.207 0.0000000000
20207  -43.344  -61.388  4.023 0.0000000000
20209  -46.208  -62.288  4.275 0.0000000000
20228  -44.540  -61.573  2.897 0.0000000000
20984  -47.425  -60.500  7.817 0.0000000000
20985  -48.355  -60.723  8.199 0.0000000000
20990  -39.386  -60.025  7.112 0.0000000000
20991  -40.379  -60.022  7.263 0.0000000000
20992  -41.260  -60.084  7.339 0.0000000000
20993  -42.160  -60.174  7.406 0.0000000000
20994  -43.096  -60.257  7.489 0.0000000000
20995  -44.747  -60.548  7.334 0.0000000000
21007  -39.470  -60.800  6.507 0.0000000000
21008  -40.830  -60.605  6.917 0.0000000000
21009  -41.721  -60.699  6.921 0.0000000000
21010  -42.697  -60.802  6.926 0.0000000000
21011  -43.865  -60.868  6.913 0.0000000000
21012  -45.122  -61.116  6.506 0.0000000000
21013  -46.884  -61.616  6.330 0.0000000000
21027  -38.173  -60.930  5.707 0.0000000000
21778  -45.658  -59.584  8.071 0.0000000000
21789  -39.158  -59.060  7.204 0.0000000000
21790  -40.005  -59.245  7.314 0.0000000000
21791  -40.872  -59.314  7.399 0.0000000000
21792  -41.719  -59.400  7.504 0.0000000000
21793  -42.580  -59.455  7.640 0.0000000000
21794  -43.505  -59.507  7.797 0.0000000000
21795  -44.581  -59.724  7.901 0.0000000000
21805  -38.455  -59.528  6.916 0.0000000000
22593  -38.960  -58.259  7.246 0.0000000000
22594  -39.762  -58.433  7.310 0.0000000000
22595  -40.553  -58.511  7.358 0.0000000000
22596  -42.998  -58.547  7.576 0.0000000000
22597  -44.065  -58.702  7.885 0.0000000000
22598  -45.084  -58.744  8.118 0.0000000000
22610  -37.666  -58.919  6.687 0.0000000000
23466  -42.946  -57.605  7.078 0.0000000000
23467  -43.799  -57.860  7.377 0.0000000000
23468  -44.701  -57.994  7.684 0.0000000000
23485  -42.266  -57.228  6.972 0.0000000000
23486  -43.028  -56.973  6.657 0.0000000000
23487  -43.701  -57.150  6.700 0.0000000000
23488  -44.659  -57.292  6.942 0.0000000000
23489  -45.780  -57.195  7.039 0.0000000000
24318  -42.793  -56.356  6.541 0.0000000000
24319  -43.593  -56.475  6.258 0.0000000000
24320  -44.436  -56.638  6.191 0.0000000000
24321  -45.413  -56.694  6.198 0.0000000000
24341  -44.222  -55.989  5.637 0.0000000000
24342  -45.146  -56.149  5.516 0.0000000000
24343  -46.175  -56.253  5.464 0.0000000000
25206  -43.440  -55.744  5.879 0.0000000000
25213  -43.172  -55.067  5.371 0.0000000000
25214  -43.909  -55.360  5.139 0.0000000000
25215  -44.820  -55.523  4.893 0.0000000000
25216  -45.860  -55.751  4.867 0.0000000000
25224  -44.248  -55.096  4.522 0.0000000000
25225  -44.800  -55.060  4.288 0.0000000000
25226  -45.560  -55.248  4.311 0.0000000000
113023  -41.018  -57.854  7.298 0.0000000000
113596  -38.478  -60.426  6.500 0.0000000000
115406  -46.602  -61.876  5.454 0.0000000000
115942  -37.779  -59.813  6.552 0.0000000000
116049  -40.070  -60.505  6.896 0.0000000000
116803  -47.916  -61.383  7.555 0.0000000000
116927  -41.421  -58.502  7.398 0.0000000000
117965  -41.389  -61.443  4.395 0.0000000000
120029  -42.911  -61.360  3.308 0.0000000000
120387  -40.297  -57.863  7.344 0.0000000000
120965  -45.305  -61.738  3.431 0.0000000000
123099  -42.151  -58.776  7.533 0.0000000000
124142  -45.401  -60.244  7.668 0.0000000000
126349  -41.474  -57.242  7.179 0.0000000000
126371  -42.192  -58.054  7.277 0.0000000000
128734  -38.918  -61.091  5.986 0.0000000000
131206  -41.650  -57.754  7.242 0.0000000000
131597  -43.922  -60.241  7.566 0.0000000000
132395  -38.457  -58.770  7.039 0.0000000000
134314  -40.565  -61.451  4.659 0.0000000000
134407  -45.893  -61.901  3.924 0.0000000000
135108  -45.162  -57.588  7.410 0.0000000000
