# sub-07 hemi-L FacesvsAllnoFacenoCS_scaled Cluster_21
59
22430 -46.451000 -61.405000 -15.786000 1
22431 -47.226000 -61.524000 -15.800000 1
22432 -47.979000 -61.473000 -16.014000 1
22439 -46.017000 -61.576000 -16.701000 1
22440 -46.649000 -62.247000 -16.769000 1
22447 -44.700000 -61.069000 -17.292000 1
23372 -45.902000 -60.225000 -14.269000 1
23373 -46.703000 -60.191000 -14.380000 1
23374 -47.547000 -59.951000 -14.768000 1
23379 -45.369000 -60.372000 -15.152000 1
23380 -45.797000 -60.671000 -14.903000 1
23381 -46.479000 -60.843000 -14.922000 1
23382 -47.345000 -60.781000 -15.195000 1
23383 -48.326000 -60.637000 -15.866000 1
23388 -45.103000 -60.216000 -16.314000 1
23389 -45.693000 -60.892000 -15.813000 1
23395 -44.767000 -60.393000 -16.999000 1
23396 -45.259000 -60.976000 -16.984000 1
24335 -45.063000 -59.134000 -13.289000 1
24336 -45.583000 -59.201000 -13.172000 1
24337 -46.427000 -59.045000 -13.290000 1
24343 -44.960000 -59.346000 -14.002000 1
24344 -45.439000 -59.592000 -13.775000 1
24345 -46.135000 -59.698000 -13.704000 1
24346 -46.980000 -59.476000 -13.971000 1
24347 -47.653000 -59.212000 -14.413000 1
24352 -45.012000 -59.821000 -15.090000 1
24353 -45.370000 -60.007000 -14.454000 1
24354 -48.242000 -59.524000 -15.176000 1
24359 -44.857000 -59.249000 -16.313000 1
24360 -48.965000 -59.885000 -16.256000 1
24365 -44.311000 -59.163000 -16.972000 1
24366 -44.611000 -59.597000 -16.785000 1
25319 -44.749000 -58.723000 -13.044000 1
25320 -45.075000 -58.805000 -12.651000 1
25321 -45.846000 -58.715000 -12.604000 1
25322 -46.758000 -58.336000 -12.889000 1
25330 -44.663000 -58.728000 -14.073000 1
25331 -47.373000 -58.644000 -13.718000 1
25332 -48.147000 -58.666000 -14.556000 1
25336 -44.771000 -58.994000 -15.172000 1
25337 -48.798000 -58.904000 -15.528000 1
25343 -45.005000 -58.188000 -16.557000 1
25348 -44.721000 -58.569000 -16.832000 1
26295 -47.181000 -57.629000 -12.496000 1
26296 -47.990000 -57.258000 -13.119000 1
26304 -44.451000 -58.052000 -13.621000 1
26305 -47.465000 -57.920000 -13.233000 1
26306 -48.030000 -57.936000 -13.895000 1
26311 -44.796000 -57.885000 -15.273000 1
26312 -48.713000 -57.935000 -14.839000 1
26320 -45.134000 -57.176000 -16.718000 1
26325 -45.039000 -57.690000 -17.022000 1
27262 -44.797000 -55.834000 -14.566000 1
27263 -48.579000 -56.656000 -13.651000 1
27276 -44.909000 -55.483000 -16.053000 1
103303 -45.035000 -56.365000 -16.444000 1
103325 -44.752000 -56.942000 -14.730000 1
109236 -48.433000 -57.349000 -13.992000 1
