# sub-07 hemi-L FacesvsAllnoFace_scaled Cluster_14
47
12329 -47.765000 -71.587000 1.717000 1
12339 -46.836000 -71.960000 1.226000 1
12340 -48.289000 -71.563000 0.672000 1
12341 -49.538000 -71.427000 0.160000 1
12346 -46.404000 -72.130000 0.399000 1
12347 -47.625000 -71.800000 0.122000 1
13173 -47.061000 -70.827000 3.081000 1
13174 -48.096000 -71.006000 3.086000 1
13175 -49.566000 -70.868000 2.443000 1
13191 -45.119000 -71.257000 2.124000 1
13192 -46.652000 -71.608000 2.191000 1
13193 -48.640000 -71.255000 2.110000 1
13194 -50.146000 -71.092000 1.287000 1
13205 -45.779000 -71.746000 1.870000 1
14109 -48.456000 -70.049000 4.033000 1
14110 -49.428000 -70.175000 4.151000 1
14124 -46.707000 -70.174000 3.214000 1
14125 -47.678000 -70.289000 3.589000 1
14126 -48.845000 -70.582000 3.549000 1
14143 -45.473000 -70.668000 2.492000 1
14144 -46.254000 -70.712000 2.809000 1
15027 -47.926000 -69.496000 3.959000 1
15028 -48.779000 -69.428000 4.481000 1
15036 -46.424000 -69.385000 3.030000 1
15037 -47.149000 -69.483000 3.501000 1
15048 -45.143000 -69.969000 2.413000 1
15049 -45.908000 -70.033000 2.803000 1
15883 -48.171000 -68.790000 4.164000 1
15890 -46.873000 -68.811000 3.220000 1
15891 -47.548000 -68.629000 3.631000 1
15892 -48.211000 -68.051000 3.994000 1
15897 -46.437000 -68.630000 2.679000 1
15898 -47.062000 -68.172000 3.025000 1
15915 -46.041000 -68.367000 1.926000 1
16696 -47.805000 -67.801000 3.322000 1
16697 -48.612000 -67.417000 3.614000 1
16704 -46.788000 -68.002000 2.201000 1
16705 -47.549000 -67.624000 2.496000 1
16706 -48.377000 -67.244000 2.787000 1
16718 -46.599000 -67.831000 1.268000 1
104782 -47.396000 -71.328000 2.590000 1
106912 -45.918000 -71.230000 2.438000 1
109753 -48.451000 -71.589000 -0.700000 1
114685 -45.684000 -69.174000 2.439000 1
115743 -46.602000 -71.169000 2.681000 1
117036 -45.700000 -72.124000 1.094000 1
122012 -45.670000 -72.195000 0.536000 1
