# sub-07 hemi-L FacesvsAllnoFacenoCS_scaled Cluster_27
39
38590 -45.486000 -45.056000 -8.292000 1
38601 -44.880000 -45.417000 -9.258000 1
38602 -45.272000 -45.250000 -9.214000 1
39454 -45.576000 -43.911000 -7.687000 1
39460 -45.700000 -44.525000 -8.808000 1
39462 -45.457000 -44.798000 -9.767000 1
40481 -45.502000 -42.760000 -7.044000 1
40487 -46.252000 -43.294000 -9.785000 1
40489 -45.793000 -44.277000 -10.371000 1
40490 -46.298000 -43.434000 -10.759000 1
40492 -46.181000 -43.502000 -11.898000 1
41474 -45.597000 -41.862000 -6.399000 1
41475 -46.104000 -41.317000 -6.812000 1
41482 -45.817000 -42.027000 -7.458000 1
41483 -46.353000 -41.506000 -7.841000 1
41486 -46.193000 -42.402000 -8.657000 1
41487 -46.575000 -42.206000 -9.662000 1
41491 -46.794000 -42.371000 -10.823000 1
41492 -47.341000 -41.953000 -10.888000 1
41493 -48.951000 -41.937000 -10.467000 1
41497 -46.882000 -42.475000 -12.137000 1
41498 -48.092000 -42.111000 -12.422000 1
41499 -49.500000 -42.417000 -12.079000 1
42320 -46.727000 -40.935000 -6.113000 1
42333 -46.917000 -40.985000 -7.206000 1
42334 -47.983000 -40.878000 -6.982000 1
42344 -46.884000 -41.242000 -8.336000 1
42345 -47.798000 -41.112000 -7.885000 1
42351 -46.950000 -41.595000 -9.519000 1
42352 -47.617000 -41.297000 -8.888000 1
42353 -48.696000 -41.380000 -8.588000 1
42360 -47.728000 -41.558000 -9.947000 1
104299 -48.171000 -41.879000 -11.088000 1
107211 -45.813000 -43.180000 -8.126000 1
107287 -45.986000 -43.943000 -9.319000 1
115610 -46.608000 -41.648000 -8.725000 1
116132 -47.439000 -40.796000 -6.380000 1
117629 -45.132000 -45.076000 -9.804000 1
120686 -48.458000 -41.515000 -9.397000 1
