# sub-07 hemi-L RWvsSC_scaled Cluster_10
12
15921 -38.749000 -68.260000 -0.018000 1
15933 -38.602000 -68.698000 -0.432000 1
16728 -39.079000 -67.477000 0.210000 1
16729 -40.011000 -67.688000 0.478000 1
16741 -37.625000 -67.483000 -0.389000 1
16742 -38.372000 -66.969000 -0.062000 1
17654 -39.032000 -66.652000 0.083000 1
17656 -40.683000 -67.023000 0.316000 1
17666 -38.595000 -66.165000 -0.235000 1
110764 -39.498000 -65.950000 -0.205000 1
112741 -38.088000 -68.222000 -0.420000 1
118118 -38.359000 -67.676000 -0.086000 1
