# sub-07 hemi-L LimbsvsAllnoLimbsnoCS_scaled Cluster_33
13
54506 -60.477000 -26.655000 -2.157000 1
55420 -60.241000 -26.130000 -1.665000 1
55433 -61.287000 -26.419000 -2.321000 1
56318 -60.454000 -25.473000 -0.653000 1
56336 -60.543000 -25.614000 -1.321000 1
56337 -61.140000 -25.288000 -1.615000 1
56354 -60.817000 -25.918000 -1.970000 1
56355 -61.522000 -25.665000 -2.179000 1
57230 -61.029000 -24.928000 -0.316000 1
57259 -60.971000 -24.996000 -0.998000 1
57260 -61.643000 -24.342000 -0.678000 1
57277 -61.587000 -24.641000 -1.330000 1
57292 -61.678000 -25.016000 -1.892000 1
