# sub-07 hemi-L FacesvsAllnoFacenoCS_scaled Cluster_20
55
21477 -39.940000 -62.001000 -16.697000 1
21484 -40.375000 -62.853000 -17.304000 1
21485 -41.975000 -62.983000 -17.259000 1
22415 -37.692000 -60.678000 -13.438000 1
22420 -36.834000 -60.947000 -13.946000 1
22421 -38.306000 -60.590000 -14.002000 1
22422 -39.013000 -60.633000 -14.376000 1
22426 -37.090000 -61.030000 -14.924000 1
22427 -38.129000 -60.825000 -15.026000 1
22428 -39.189000 -60.897000 -15.259000 1
22429 -40.047000 -60.893000 -15.405000 1
22435 -39.542000 -61.376000 -16.057000 1
22436 -40.344000 -61.332000 -16.147000 1
22437 -41.136000 -61.291000 -16.322000 1
22438 -42.007000 -61.218000 -16.625000 1
22443 -40.733000 -61.961000 -16.790000 1
22444 -41.579000 -61.996000 -16.907000 1
22445 -42.602000 -62.029000 -16.986000 1
23363 -38.596000 -60.571000 -13.072000 1
23369 -39.013000 -60.552000 -13.634000 1
23370 -39.536000 -60.454000 -13.803000 1
23371 -40.070000 -60.215000 -13.590000 1
23376 -39.883000 -60.561000 -14.496000 1
23377 -40.463000 -60.440000 -14.997000 1
23378 -41.127000 -60.047000 -15.250000 1
23385 -40.765000 -60.764000 -15.658000 1
23386 -41.528000 -60.582000 -16.063000 1
24341 -40.427000 -59.697000 -13.391000 1
24342 -40.787000 -59.293000 -13.954000 1
24350 -40.564000 -59.985000 -14.292000 1
24351 -41.149000 -59.304000 -14.645000 1
24357 -41.708000 -59.228000 -15.515000 1
25328 -40.766000 -58.727000 -13.361000 1
25329 -41.130000 -58.540000 -14.199000 1
25335 -41.578000 -58.435000 -15.000000 1
26302 -41.151000 -57.711000 -13.818000 1
26310 -42.074000 -56.591000 -15.142000 1
26317 -42.021000 -57.438000 -15.369000 1
27267 -41.761000 -56.172000 -14.472000 1
27268 -42.607000 -55.797000 -15.440000 1
28227 -41.848000 -55.318000 -14.061000 1
28228 -42.895000 -54.293000 -14.846000 1
28232 -42.397000 -55.272000 -14.921000 1
29250 -42.409000 -53.347000 -13.329000 1
29258 -42.146000 -54.431000 -13.625000 1
105466 -41.580000 -57.092000 -14.501000 1
110291 -39.237000 -62.037000 -16.603000 1
111309 -39.523000 -60.367000 -12.969000 1
111310 -42.950000 -61.126000 -16.935000 1
111871 -41.163000 -62.711000 -17.247000 1
112472 -37.571000 -60.737000 -14.308000 1
112902 -41.855000 -59.901000 -15.961000 1
113040 -41.457000 -57.822000 -14.548000 1
119128 -41.347000 -56.882000 -13.872000 1
120304 -42.947000 -53.529000 -14.301000 1
