# sub-07 hemi-L CSvsAllNotext_scaled Cluster_21
78
50946 -44.984000 -30.427000 -3.065000 1
50989 -42.429000 -31.588000 -5.636000 1
51805 -43.754000 -30.394000 -2.787000 1
51806 -44.390000 -30.196000 -2.650000 1
51807 -45.137000 -29.749000 -2.790000 1
51815 -42.845000 -30.367000 -3.764000 1
51817 -45.778000 -29.338000 -3.537000 1
51827 -42.654000 -30.599000 -4.644000 1
51845 -42.491000 -30.817000 -5.364000 1
51858 -42.143000 -30.479000 -6.053000 1
52666 -44.214000 -28.894000 -1.865000 1
52687 -42.899000 -29.260000 -2.724000 1
52688 -43.693000 -29.663000 -2.365000 1
52689 -44.772000 -29.402000 -2.355000 1
52690 -45.819000 -28.609000 -3.161000 1
52696 -42.674000 -29.569000 -3.592000 1
52697 -43.176000 -30.065000 -2.985000 1
52706 -42.519000 -29.789000 -4.565000 1
52721 -42.389000 -30.043000 -5.451000 1
52734 -42.147000 -29.434000 -6.193000 1
53569 -42.915000 -27.979000 -1.780000 1
53570 -43.669000 -28.193000 -1.512000 1
53571 -44.832000 -28.061000 -1.634000 1
53597 -42.674000 -28.309000 -2.562000 1
53598 -43.225000 -28.772000 -2.065000 1
53599 -45.323000 -28.472000 -2.307000 1
53610 -42.545000 -28.730000 -3.466000 1
53616 -42.443000 -28.941000 -4.459000 1
53628 -42.381000 -28.257000 -5.361000 1
53636 -42.183000 -28.432000 -6.429000 1
54455 -42.983000 -26.798000 -1.071000 1
54456 -43.561000 -26.984000 -0.981000 1
54470 -43.238000 -27.482000 -1.289000 1
54471 -44.249000 -27.403000 -1.162000 1
54472 -45.496000 -27.094000 -1.710000 1
54500 -42.632000 -27.573000 -2.171000 1
54522 -42.454000 -27.971000 -3.472000 1
54526 -42.419000 -27.520000 -5.104000 1
54537 -42.368000 -27.404000 -6.215000 1
55396 -42.868000 -26.051000 -0.864000 1
55397 -43.452000 -26.362000 -0.767000 1
55398 -44.243000 -26.621000 -0.855000 1
55412 -42.648000 -26.380000 -1.416000 1
55413 -45.011000 -26.719000 -1.167000 1
55430 -42.448000 -26.706000 -2.328000 1
55448 -42.371000 -26.526000 -3.459000 1
55456 -42.437000 -26.178000 -4.477000 1
55465 -42.471000 -26.617000 -5.425000 1
56309 -42.830000 -25.354000 -0.706000 1
56310 -43.352000 -25.584000 -0.586000 1
56349 -42.325000 -25.785000 -2.014000 1
56367 -42.388000 -25.049000 -3.777000 1
56382 -42.558000 -25.184000 -4.704000 1
57223 -42.623000 -23.979000 -0.404000 1
57243 -42.072000 -23.942000 -0.872000 1
57244 -42.540000 -24.703000 -0.753000 1
57245 -43.164000 -24.714000 -0.398000 1
57268 -41.915000 -23.786000 -1.789000 1
57269 -42.181000 -24.626000 -1.328000 1
57285 -42.190000 -23.977000 -2.886000 1
57303 -42.507000 -24.170000 -3.805000 1
58252 -42.172000 -23.290000 -0.485000 1
58292 -42.189000 -23.154000 -2.809000 1
104653 -42.380000 -25.759000 -3.879000 1
105347 -42.400000 -27.197000 -4.166000 1
107696 -42.222000 -24.944000 -2.766000 1
109562 -42.441000 -27.409000 -2.986000 1
109628 -42.811000 -31.375000 -4.753000 1
112015 -42.290000 -25.817000 -3.022000 1
112021 -42.425000 -28.107000 -4.331000 1
112588 -42.549000 -25.747000 -5.300000 1
112920 -42.366000 -29.149000 -5.476000 1
113468 -41.727000 -23.053000 -1.076000 1
113512 -42.660000 -24.415000 -4.465000 1
115005 -42.766000 -27.205000 -1.597000 1
119517 -42.076000 -24.525000 -2.084000 1
120146 -42.226000 -25.113000 -1.807000 1
120519 -41.804000 -22.998000 -1.930000 1
