# sub-07 hemi-R FacesvsAllnoFace_scaled Cluster_12
31
9785 27.195000 -72.911000 -9.212000 1
9806 29.765000 -72.495000 -10.805000 1
9807 28.866000 -72.281000 -10.939000 1
9808 28.075000 -71.931000 -10.753000 1
10595 27.184000 -71.413000 -8.032000 1
10596 26.843000 -72.357000 -8.585000 1
10613 27.159000 -71.495000 -8.973000 1
10614 27.059000 -72.163000 -9.363000 1
10627 27.271000 -71.606000 -9.646000 1
10639 29.302000 -71.853000 -11.531000 1
10640 28.586000 -71.517000 -11.306000 1
10648 29.039000 -71.187000 -11.970000 1
11481 27.659000 -71.350000 -10.256000 1
11491 29.204000 -70.516000 -11.745000 1
11492 28.574000 -70.867000 -11.274000 1
11493 28.122000 -71.190000 -10.862000 1
11501 29.709000 -70.777000 -12.507000 1
11508 30.272000 -70.427000 -12.905000 1
12351 29.803000 -70.063000 -12.119000 1
12358 30.374000 -69.587000 -12.475000 1
12359 30.074000 -70.238000 -12.800000 1
12368 30.478000 -69.869000 -13.330000 1
12375 30.941000 -69.661000 -13.865000 1
13223 30.851000 -68.934000 -12.848000 1
13229 30.900000 -69.081000 -13.921000 1
13233 31.197000 -69.194000 -14.333000 1
14060 31.696000 -67.475000 -13.212000 1
14948 31.825000 -66.487000 -13.230000 1
110220 29.300000 -72.823000 -10.364000 1
115685 31.351000 -68.234000 -13.083000 1
116055 31.280000 -68.266000 -13.917000 1
