# sub-07 hemi-R LimbsvsAllnoLimbs_scaled Cluster_29
22
31188 25.636000 -50.527000 -8.473000 1
31202 25.365000 -50.625000 -8.859000 1
32188 25.978000 -49.084000 -7.591000 1
32200 25.582000 -49.747000 -7.985000 1
32210 25.195000 -49.876000 -8.754000 1
33184 26.497000 -48.344000 -7.393000 1
33185 25.340000 -48.378000 -7.559000 1
33193 24.722000 -48.435000 -7.924000 1
33200 24.768000 -48.482000 -8.322000 1
34197 25.728000 -47.594000 -7.243000 1
34213 24.574000 -47.790000 -7.996000 1
35212 26.760000 -46.041000 -6.539000 1
35213 26.178000 -46.800000 -6.832000 1
36199 27.401000 -45.455000 -6.250000 1
36200 25.601000 -45.938000 -6.690000 1
36201 24.996000 -45.744000 -7.009000 1
37214 27.045000 -44.823000 -5.926000 1
106632 25.190000 -46.737000 -7.225000 1
108210 26.991000 -47.565000 -7.157000 1
110659 24.943000 -49.205000 -8.278000 1
112177 27.424000 -46.777000 -6.837000 1
114752 25.280000 -49.923000 -8.522000 1
