# sub-07 hemi-R CSvsAllNotext_scaled Cluster_20
14
21968 48.138000 -59.596000 -16.018000 1
22985 48.818000 -58.897000 -15.704000 1
24048 49.351000 -58.053000 -15.776000 1
24054 49.791000 -57.280000 -15.890000 1
24055 48.815000 -57.425000 -16.681000 1
24066 48.041000 -57.696000 -17.485000 1
25108 50.197000 -56.518000 -16.030000 1
25109 49.180000 -56.571000 -16.666000 1
25118 48.343000 -56.743000 -17.494000 1
26053 49.487000 -55.678000 -16.705000 1
26054 48.680000 -55.910000 -17.337000 1
118934 48.678000 -59.392000 -15.337000 1
120082 48.420000 -58.335000 -16.737000 1
121140 47.923000 -59.166000 -16.782000 1
