# sub-07 hemi-L CSvsAllNotext_scaled Cluster_7
14
16728 -39.079000 -67.477000 0.210000 1
16742 -38.372000 -66.969000 -0.062000 1
17654 -39.032000 -66.652000 0.083000 1
17656 -40.683000 -67.023000 0.316000 1
17666 -38.595000 -66.165000 -0.235000 1
17667 -40.473000 -66.206000 -0.142000 1
18586 -39.499000 -65.179000 -0.828000 1
18587 -40.296000 -65.502000 -0.713000 1
18588 -41.169000 -65.798000 -0.747000 1
104387 -40.900000 -65.235000 -1.392000 1
107371 -38.883000 -65.514000 -0.541000 1
110764 -39.498000 -65.950000 -0.205000 1
112741 -38.088000 -68.222000 -0.420000 1
118118 -38.359000 -67.676000 -0.086000 1
