# sub-07 hemi-R CSvsAllNotext_scaled Cluster_30
17
44148 27.575000 -37.887000 -6.424000 1
44149 26.460000 -37.984000 -6.303000 1
44150 25.346000 -37.738000 -6.458000 1
44171 27.029000 -37.171000 -6.809000 1
45148 25.858000 -37.107000 -6.784000 1
45149 24.828000 -37.174000 -6.890000 1
45165 27.598000 -36.453000 -7.203000 1
45166 26.577000 -36.289000 -7.229000 1
45167 25.388000 -36.322000 -7.241000 1
46181 28.143000 -35.729000 -7.358000 1
46182 26.043000 -35.440000 -7.386000 1
47195 26.313000 -34.529000 -7.446000 1
105234 27.230000 -34.329000 -7.434000 1
109256 26.947000 -35.109000 -7.415000 1
109952 27.757000 -34.990000 -7.414000 1
114937 27.327000 -35.710000 -7.378000 1
120582 26.751000 -35.647000 -7.380000 1
