# sub-07 hemi-R LimbsvsAllnoLimbs_scaled Cluster_24
28
23994 29.060000 -57.223000 -8.429000 1
24003 28.502000 -58.004000 -10.219000 1
24011 28.408000 -57.836000 -11.210000 1
25073 28.882000 -57.314000 -9.497000 1
25079 28.859000 -57.432000 -10.738000 1
25082 29.359000 -56.915000 -11.302000 1
25083 29.080000 -57.294000 -11.781000 1
25089 29.578000 -56.831000 -12.230000 1
26025 29.928000 -56.528000 -12.083000 1
26032 29.886000 -56.523000 -12.611000 1
26985 30.218000 -54.136000 -10.595000 1
26986 30.097000 -55.529000 -11.569000 1
26995 30.795000 -55.027000 -12.530000 1
26996 30.289000 -56.006000 -12.762000 1
27963 34.016000 -53.893000 -8.909000 1
27977 33.346000 -53.667000 -9.397000 1
27978 31.566000 -53.435000 -10.657000 1
27991 31.760000 -53.738000 -12.116000 1
27992 30.967000 -53.869000 -11.317000 1
29039 35.132000 -53.074000 -8.548000 1
29040 34.397000 -53.563000 -8.900000 1
29055 34.486000 -52.666000 -8.984000 1
29056 33.802000 -53.401000 -9.529000 1
29057 32.506000 -53.435000 -9.940000 1
30134 34.065000 -51.581000 -9.152000 1
31211 33.677000 -50.590000 -9.497000 1
111265 33.213000 -53.458000 -10.289000 1
124368 32.582000 -53.416000 -10.794000 1
