# sub-07 hemi-L CSvsAllNotext_scaled Cluster_13
21
36880 -29.277000 -46.086000 -4.324000 1
36898 -29.516000 -46.795000 -4.561000 1
37737 -28.873000 -45.324000 -4.008000 1
37763 -29.408000 -45.288000 -5.921000 1
37764 -30.386000 -45.179000 -6.508000 1
38523 -28.348000 -44.422000 -3.824000 1
38537 -27.698000 -43.885000 -4.239000 1
38538 -28.243000 -44.753000 -4.543000 1
38549 -27.930000 -44.092000 -5.004000 1
38550 -28.617000 -44.959000 -5.295000 1
38551 -30.108000 -43.877000 -6.068000 1
38552 -32.085000 -44.200000 -6.749000 1
38562 -31.469000 -44.928000 -6.827000 1
38563 -32.332000 -44.755000 -7.084000 1
39405 -27.522000 -43.215000 -4.503000 1
39420 -28.027000 -43.310000 -5.165000 1
39422 -30.717000 -42.973000 -5.549000 1
106899 -31.359000 -43.678000 -6.097000 1
109351 -28.875000 -44.269000 -5.708000 1
114258 -30.878000 -44.419000 -6.481000 1
120035 -29.866000 -44.646000 -6.248000 1
