#!ascii label  , from subject sub-04 vox2ras=TkReg
491
16516  -16.457  -63.581  2.914 0.6999999881
16515  -14.941  -63.263  2.296 0.6000000238
16522  -14.398  -63.377  1.625 0.6000000238
16543  -14.840  -63.251  0.317 0.4000000060
18037  -17.882  -61.702  9.599 0.6999999881
18050  -17.194  -61.065  9.066 0.6999999881
18051  -17.879  -61.753  8.780 0.6999999881
18049  -16.909  -60.762  8.197 0.6000000238
18068  -17.946  -61.886  8.076 0.6999999881
98382  -17.250  -61.334  8.247 0.6000000238
17251  -18.509  -62.362  7.423 0.6000000238
18067  -17.517  -61.707  7.510 0.6000000238
96927  -18.145  -62.458  5.818 0.6000000238
97139  -16.978  -61.526  6.893 0.6000000238
18081  -16.033  -60.959  6.215 0.5000000000
17267  -16.832  -62.098  5.116 0.5000000000
109931  -16.289  -61.517  5.687 0.5000000000
18101  -15.181  -61.423  4.381 0.6000000238
17289  -16.581  -62.929  3.455 0.6000000238
18110  -14.735  -61.803  3.535 0.6000000238
18109  -14.155  -62.036  2.737 0.6000000238
17287  -14.215  -62.728  2.180 0.6000000238
18036  -17.367  -61.122  9.994 0.6000000238
18967  -17.068  -60.373  8.758 0.6000000238
19879  -16.811  -60.187  7.987 0.6000000238
18979  -16.568  -60.551  7.453 0.6000000238
19899  -16.215  -59.847  6.568 0.6000000238
18082  -16.374  -60.982  6.939 0.6000000238
19898  -15.788  -59.920  5.846 0.6000000238
19000  -15.383  -60.312  5.254 0.6000000238
17277  -15.992  -61.764  4.802 0.6000000238
18092  -15.586  -61.020  5.341 0.6999999881
19012  -14.940  -60.661  4.597 0.6000000238
18100  -14.470  -61.074  3.864 0.6000000238
17308  -13.681  -62.267  1.310 0.5000000000
17309  -13.940  -62.820  0.948 0.5000000000
18952  -17.251  -60.495  9.588 0.6000000238
19861  -17.402  -59.864  9.237 0.6000000238
19890  -17.805  -59.282  8.135 0.6000000238
19889  -17.175  -59.539  7.595 0.6000000238
19900  -16.809  -59.476  6.738 0.6000000238
20776  -17.681  -58.989  6.750 0.6000000238
102003  -17.284  -58.957  6.109 0.6000000238
19909  -16.526  -59.284  5.823 0.6000000238
18990  -16.159  -60.370  6.640 0.6000000238
19908  -15.354  -59.727  5.017 0.6999999881
113838  -14.130  -61.441  3.199 0.6000000238
18108  -13.668  -61.402  2.430 0.6000000238
18144  -14.626  -61.925  0.573 0.4000000060
19862  -18.061  -59.462  9.646 0.6000000238
19881  -17.948  -59.367  8.826 0.6000000238
20793  -18.122  -58.417  5.879 0.5000000000
21644  -17.877  -57.885  5.083 0.6000000238
100421  -16.658  -58.705  5.060 0.6999999881
20810  -14.598  -58.589  3.859 0.6000000238
19922  -14.996  -59.317  4.447 0.6000000238
18999  -14.814  -59.990  4.632 0.6000000238
19011  -14.246  -60.243  3.893 0.6000000238
19023  -13.616  -60.006  3.074 0.6000000238
19041  -13.680  -60.172  1.720 0.6000000238
112248  -13.587  -61.712  1.704 0.6000000238
19042  -15.014  -60.484  1.052 0.4000000060
19052  -14.264  -61.210  0.906 0.5000000000
19851  -18.324  -59.444  10.573 0.5000000000
20759  -18.741  -58.982  9.213 0.6000000238
99288  -18.652  -58.813  8.278 0.6000000238
20768  -19.028  -58.462  7.422 0.6000000238
20767  -18.150  -58.919  7.488 0.5000000000
20778  -19.259  -58.105  6.770 0.5000000000
21628  -18.999  -57.967  6.095 0.5000000000
21665  -18.255  -57.124  4.946 0.6000000238
22448  -17.839  -56.538  4.666 0.6000000238
21664  -17.488  -57.297  4.667 0.6999999881
20812  -16.277  -58.307  4.638 0.6999999881
20791  -15.919  -59.167  5.046 0.6999999881
21643  -15.087  -56.926  4.023 0.6000000238
20790  -15.432  -59.253  4.719 0.6999999881
21661  -14.911  -57.790  3.942 0.6000000238
115021  -14.479  -57.885  3.571 0.6000000238
19921  -14.430  -59.474  3.989 0.6000000238
19937  -13.726  -59.323  3.153 0.6000000238
19946  -13.618  -59.377  2.682 0.6000000238
102528  -14.179  -60.319  1.340 0.5000000000
20745  -19.444  -58.593  9.825 0.6000000238
20760  -19.450  -58.462  8.840 0.6000000238
103769  -19.422  -58.323  8.054 0.5000000000
21616  -19.750  -57.812  7.405 0.6000000238
22420  -19.824  -56.923  6.124 0.5000000000
21646  -19.286  -57.250  5.766 0.6000000238
22434  -19.444  -56.326  5.556 0.5000000000
21645  -18.602  -57.607  5.474 0.6000000238
109567  -18.853  -56.938  5.315 0.5000000000
22449  -18.571  -56.402  5.004 0.5000000000
23208  -17.413  -55.881  4.565 0.5000000000
22447  -16.976  -56.614  4.474 0.6000000238
107731  -16.137  -54.969  4.522 0.5000000000
22433  -16.338  -55.811  4.443 0.5000000000
22432  -16.012  -56.756  4.333 0.6000000238
21662  -15.714  -57.641  4.311 0.6999999881
23192  -15.377  -55.240  4.303 0.4000000060
22446  -14.669  -56.227  3.615 0.5000000000
104216  -14.429  -57.160  3.406 0.6000000238
22459  -14.383  -56.316  3.138 0.5000000000
23228  -14.497  -55.405  2.900 0.5000000000
21676  -13.960  -58.057  2.818 0.6000000238
104930  -15.427  -58.996  1.439 0.5000000000
21677  -14.115  -57.206  2.993 0.6000000238
21684  -14.134  -58.309  2.325 0.6000000238
20843  -14.473  -58.746  1.772 0.6000000238
99805  -20.052  -57.957  9.331 0.5000000000
21604  -19.976  -57.874  8.405 0.5000000000
21630  -20.257  -56.966  6.885 0.5000000000
115971  -20.089  -56.394  6.251 0.4000000060
23195  -18.806  -55.586  5.006 0.4000000060
23194  -17.976  -55.297  4.670 0.5000000000
23955  -17.816  -54.439  4.645 0.5000000000
24702  -15.393  -53.604  4.431 0.4000000060
23953  -15.406  -54.451  4.414 0.4000000060
23952  -14.681  -53.952  4.147 0.5000000000
105457  -14.746  -55.445  3.879 0.5000000000
23970  -14.507  -54.327  3.888 0.5000000000
23207  -14.483  -54.960  3.586 0.5000000000
115805  -14.393  -54.986  3.232 0.5000000000
21696  -15.553  -57.619  1.760 0.5000000000
112959  -15.182  -58.303  1.681 0.5000000000
21685  -14.264  -57.461  2.688 0.6000000238
101615  -14.628  -57.884  2.111 0.5000000000
114724  -18.542  -54.878  4.820 0.4000000060
24705  -18.292  -53.720  4.647 0.5000000000
24704  -17.422  -53.603  4.584 0.5000000000
25484  -16.517  -52.453  4.545 0.5000000000
24719  -14.598  -53.022  4.089 0.4000000060
24740  -14.547  -53.775  3.525 0.5000000000
22470  -15.829  -55.884  2.145 0.5000000000
21697  -16.581  -57.264  1.597 0.3000000119
24741  -14.612  -52.908  3.702 0.5000000000
113846  -14.756  -54.920  2.735 0.5000000000
22469  -14.859  -56.111  2.451 0.5000000000
106691  -17.260  -52.912  4.551 0.4000000060
105065  -15.470  -52.737  4.437 0.4000000060
26222  -16.599  -51.544  4.524 0.4000000060
26234  -14.820  -51.253  3.852 0.4000000060
25504  -14.648  -52.284  3.934 0.4000000060
25512  -14.828  -52.093  3.662 0.5000000000
23230  -16.783  -55.418  2.153 0.4000000060
23241  -16.822  -56.072  1.835 0.4000000060
23990  -14.915  -54.234  2.891 0.5000000000
103877  -14.914  -53.478  3.118 0.5000000000
23991  -15.852  -53.788  2.687 0.5000000000
112714  -14.982  -55.437  2.508 0.5000000000
26971  -15.198  -50.279  3.935 0.4000000060
26242  -14.606  -51.534  3.948 0.4000000060
23992  -16.878  -54.579  2.421 0.4000000060
23229  -15.679  -54.897  2.492 0.5000000000
27719  -15.273  -50.146  3.831 0.4000000060
24743  -17.210  -53.753  2.501 0.4000000060
24744  -18.293  -53.814  2.288 0.3000000119
26252  -15.103  -51.359  3.589 0.5000000000
25513  -15.803  -51.935  2.914 0.5000000000
99837  -16.482  -52.895  2.642 0.5000000000
27728  -15.469  -49.405  3.687 0.4000000060
25514  -17.131  -52.175  2.514 0.3000000119
98802  -17.719  -52.997  2.433 0.3000000119
26991  -15.389  -50.675  3.449 0.4000000060
26992  -16.160  -50.557  2.895 0.4000000060
26253  -15.769  -51.150  3.026 0.5000000000
110555  -16.784  -51.293  2.629 0.5000000000
28465  -15.625  -48.627  3.569 0.4000000060
25515  -18.207  -52.275  2.341 0.3000000119
101173  -15.700  -49.958  3.279 0.4000000060
98220  -17.198  -50.489  2.589 0.4000000060
29240  -15.731  -47.852  3.514 0.5000000000
115460  -17.742  -51.082  2.448 0.3000000119
113025  -18.568  -51.475  2.305 0.4000000060
26994  -19.318  -50.128  2.308 0.4000000060
26255  -19.272  -50.926  2.225 0.4000000060
28466  -16.207  -48.389  3.023 0.4000000060
27730  -17.564  -49.690  2.566 0.5000000000
26993  -18.328  -50.471  2.401 0.4000000060
98008  -16.842  -49.013  2.729 0.5000000000
98009  -16.530  -49.814  2.794 0.5000000000
97630  -17.837  -48.827  2.568 0.5000000000
27731  -18.578  -49.503  2.461 0.4000000060
27732  -19.582  -49.291  2.374 0.4000000060
27001  -19.923  -50.601  2.169 0.3000000119
29241  -16.420  -47.527  3.002 0.5000000000
28467  -17.114  -48.183  2.715 0.5000000000
29243  -18.930  -47.735  2.605 0.4000000060
29244  -19.645  -47.520  2.641 0.3000000119
30907  -16.464  -46.048  3.410 0.5000000000
99647  -18.812  -48.608  2.525 0.4000000060
28468  -19.869  -48.349  2.468 0.4000000060
27733  -20.662  -49.207  2.234 0.3000000119
30071  -16.358  -46.797  3.236 0.5000000000
97280  -18.046  -47.977  2.596 0.5000000000
101102  -16.849  -47.086  2.873 0.5000000000
30073  -19.022  -46.889  2.771 0.4000000060
30074  -19.979  -46.998  2.777 0.4000000060
105837  -16.039  -44.532  3.969 0.5000000000
29245  -20.461  -47.714  2.564 0.3000000119
30908  -17.614  -45.939  3.166 0.5000000000
110648  -18.191  -46.522  2.868 0.5000000000
99405  -18.155  -47.178  2.677 0.5000000000
29242  -17.328  -47.418  2.727 0.5000000000
30055  -19.508  -46.408  2.996 0.4000000060
31726  -18.542  -44.630  3.570 0.5000000000
30056  -20.302  -46.403  3.063 0.3000000119
31725  -17.262  -44.493  3.638 0.5000000000
97404  -15.786  -63.027  2.883 0.6000000238
16542  -14.413  -63.338  0.688 0.5000000000
18083  -17.141  -61.939  6.012 0.6000000238
20792  -17.293  -58.565  5.391 0.6999999881
19033  -13.503  -60.074  2.278 0.6000000238
21663  -16.626  -57.463  4.492 0.6999999881
20842  -13.914  -58.920  1.994 0.6000000238
22431  -15.304  -56.073  4.150 0.5000000000
21660  -14.087  -58.039  3.205 0.6000000238
23193  -17.044  -55.101  4.586 0.5000000000
23954  -16.514  -54.213  4.577 0.5000000000
22468  -14.384  -56.400  2.883 0.5000000000
21686  -14.761  -56.992  2.339 0.5000000000
25497  -14.896  -52.088  4.166 0.4000000060
24729  -14.486  -53.091  3.940 0.5000000000
25483  -15.686  -52.026  4.468 0.4000000060
30892  -16.729  -45.231  3.509 0.5000000000
30893  -18.004  -45.248  3.350 0.5000000000
101186  -18.630  -70.830  8.887 0.5000000000
11340  -20.597  -70.338  8.429 0.5000000000
11339  -19.529  -70.441  8.642 0.5000000000
13537  -21.799  -67.863  7.168 0.5000000000
12116  -21.937  -69.554  8.090 0.5000000000
12106  -21.085  -69.578  8.351 0.4000000060
11338  -18.531  -70.121  8.809 0.5000000000
12105  -20.113  -69.668  8.457 0.6000000238
12829  -19.476  -69.267  8.124 0.6000000238
12843  -21.155  -68.392  7.690 0.5000000000
12830  -20.608  -69.001  8.169 0.5000000000
114364  -20.860  -67.840  4.375 0.4000000060
12817  -17.613  -68.247  9.260 0.6999999881
12094  -17.577  -68.974  9.178 0.6999999881
12828  -18.238  -69.297  8.171 0.6999999881
12858  -18.913  -68.676  6.976 0.5000000000
12841  -18.452  -69.049  7.613 0.6999999881
116498  -20.199  -67.755  5.741 0.5000000000
13555  -20.267  -67.906  6.448 0.5000000000
117079  -19.480  -68.165  2.807 0.5000000000
108561  -20.758  -67.616  5.076 0.5000000000
103927  -16.282  -67.048  9.849 0.5000000000
13509  -16.852  -67.813  9.901 0.6999999881
13510  -17.503  -67.605  9.557 0.6999999881
12815  -16.651  -68.773  9.971 0.6999999881
13511  -17.969  -67.434  9.166 0.6999999881
12103  -17.992  -69.481  8.654 0.6000000238
13553  -17.860  -68.550  6.446 0.6999999881
12857  -17.728  -68.711  7.199 0.6000000238
13579  -18.362  -68.066  4.663 0.5000000000
13554  -18.959  -68.384  6.069 0.6000000238
13569  -18.020  -68.471  5.655 0.6000000238
101320  -19.181  -67.905  3.624 0.5000000000
13616  -18.578  -67.839  1.419 0.5000000000
14244  -17.053  -66.768  9.867 0.5000000000
101034  -17.875  -66.695  9.586 0.6999999881
13523  -17.904  -67.862  8.449 0.6999999881
14275  -18.719  -66.339  7.750 0.6999999881
14246  -18.592  -66.572  8.893 0.6999999881
12840  -17.800  -68.624  7.890 0.8000000119
109675  -17.903  -67.310  7.465 0.6999999881
106571  -17.410  -68.350  6.013 0.6000000238
14302  -17.176  -67.804  5.954 0.6999999881
13578  -17.528  -67.926  4.462 0.6999999881
13568  -17.422  -68.127  5.359 0.6000000238
13602  -18.196  -67.867  2.368 0.6000000238
104190  -18.241  -67.936  3.845 0.6000000238
13615  -17.618  -67.513  1.450 0.6000000238
15014  -16.402  -65.784  9.968 0.5000000000
14997  -17.916  -65.317  10.267 0.6000000238
109470  -17.445  -65.918  9.937 0.5000000000
15015  -18.522  -65.566  9.724 0.6000000238
15016  -19.228  -65.656  8.914 0.6999999881
15037  -19.118  -65.544  7.206 0.6999999881
15025  -19.469  -65.356  8.159 0.6000000238
14291  -18.107  -66.656  7.010 0.6999999881
14290  -17.390  -68.045  6.738 0.6999999881
13588  -16.860  -67.330  3.336 0.6999999881
13601  -17.272  -67.564  2.480 0.6999999881
13600  -16.635  -67.171  2.652 0.6999999881
14996  -17.041  -65.390  10.443 0.5000000000
14998  -18.576  -64.957  10.139 0.6000000238
15731  -19.141  -65.068  9.556 0.6000000238
101342  -19.595  -64.816  8.912 0.6000000238
15049  -18.588  -65.714  6.437 0.8000000119
15762  -18.953  -64.975  5.951 0.5000000000
16489  -19.579  -63.885  6.752 0.6000000238
15058  -17.413  -66.422  5.059 0.6999999881
15070  -18.106  -65.176  4.745 0.6999999881
14321  -16.474  -66.605  2.993 0.6999999881
15083  -16.711  -65.996  3.454 0.6999999881
13629  -16.955  -66.975  1.103 0.5000000000
14344  -16.293  -66.581  1.598 0.6999999881
14361  -16.063  -65.601  0.471 0.5000000000
14981  -16.622  -64.953  11.040 0.5000000000
15714  -18.328  -63.830  10.989 0.5000000000
16449  -18.777  -63.208  10.458 0.6000000238
15722  -18.175  -64.550  10.682 0.6000000238
16461  -19.280  -63.650  9.773 0.6000000238
16470  -19.564  -63.665  9.042 0.6000000238
17241  -19.218  -62.914  8.742 0.6000000238
116961  -19.560  -63.466  8.330 0.6000000238
17252  -19.259  -62.914  7.898 0.6000000238
16507  -18.522  -63.990  4.644 0.6000000238
16497  -18.930  -63.607  5.426 0.5000000000
15775  -17.063  -64.950  3.321 0.6000000238
15769  -17.805  -64.496  3.981 0.6000000238
15082  -16.323  -65.518  2.706 0.6000000238
15799  -14.981  -64.641  1.004 0.5000000000
15713  -17.665  -64.187  11.343 0.5000000000
16441  -18.153  -63.107  11.278 0.6000000238
17231  -18.593  -62.328  9.193 0.6000000238
16488  -19.209  -63.347  6.196 0.5000000000
17250  -17.847  -62.100  6.688 0.5000000000
17290  -17.249  -62.940  3.883 0.4000000060
17278  -17.493  -62.640  4.555 0.5000000000
17268  -17.621  -62.379  5.264 0.5000000000
15090  -15.857  -64.862  2.245 0.6000000238
16439  -17.123  -63.772  12.019 0.5000000000
113693  -17.777  -63.594  11.510 0.6000000238
17222  -18.193  -62.428  10.833 0.6000000238
102128  -18.489  -62.360  10.029 0.6000000238
107999  -16.642  -62.415  4.264 0.5000000000
15701  -16.338  -64.198  12.234 0.5000000000
16440  -17.542  -63.055  11.885 0.5000000000
17212  -17.698  -62.404  11.490 0.6000000238
113814  -15.796  -63.955  12.692 0.5000000000
16431  -16.891  -62.995  12.451 0.5000000000
17201  -17.163  -62.301  12.125 0.6000000238
18025  -17.840  -61.740  10.402 0.6000000238
16416  -15.074  -63.239  13.298 0.5000000000
17200  -16.210  -62.883  12.935 0.5000000000
18010  -17.312  -61.523  11.620 0.6000000238
18024  -17.429  -61.218  10.798 0.6000000238
17186  -15.536  -62.719  13.269 0.5000000000
17996  -16.819  -61.513  12.396 0.5000000000
17982  -15.369  -61.886  13.446 0.5000000000
18942  -17.382  -60.570  10.435 0.5000000000
17995  -16.153  -61.483  13.087 0.5000000000
17981  -14.578  -61.838  13.539 0.5000000000
104187  -15.535  -61.135  13.460 0.5000000000
18915  -17.108  -60.792  12.083 0.5000000000
18928  -17.373  -60.684  11.298 0.4000000060
18903  -15.254  -60.523  13.594 0.5000000000
18914  -16.621  -60.739  12.770 0.5000000000
19831  -17.579  -60.005  11.915 0.4000000060
19850  -17.656  -60.022  10.966 0.4000000060
18904  -16.004  -60.604  13.345 0.4000000060
19817  -17.422  -59.571  12.654 0.4000000060
20716  -18.900  -58.930  11.309 0.4000000060
16517  -17.208  -63.737  3.389 0.6000000238
15785  -15.245  -64.684  1.610 0.5000000000
15817  -15.480  -64.206  0.109 0.4000000060
17264  -19.323  -63.065  7.018 0.6000000238
19832  -18.173  -59.510  11.446 0.4000000060
20730  -19.055  -58.943  10.487 0.4000000060
13535  -17.655  -68.078  7.595 0.6999999881
15059  -18.139  -65.791  5.627 0.6999999881
14322  -16.805  -66.805  3.868 0.6999999881
14301  -17.196  -67.462  5.320 0.6999999881
16498  -19.264  -64.174  5.997 0.6000000238
16479  -19.649  -63.657  7.605 0.6000000238
14333  -16.300  -66.709  2.278 0.6999999881
15069  -17.229  -65.865  4.179 0.6999999881
15089  -15.702  -65.565  1.999 0.6000000238
14343  -15.847  -65.891  1.215 0.6000000238
10602  -18.382  -71.550  8.743 0.5000000000
10603  -19.231  -71.282  8.579 0.5000000000
12104  -19.047  -69.738  8.467 0.5000000000
12816  -17.268  -68.473  9.609 0.6999999881
12827  -17.791  -68.608  8.742 0.6999999881
12842  -19.941  -68.755  7.659 0.6000000238
12844  -22.015  -68.358  7.632 0.5000000000
13536  -20.656  -68.089  7.160 0.5000000000
13556  -21.271  -67.659  6.656 0.5000000000
13567  -17.184  -67.709  4.848 0.6999999881
13570  -19.378  -67.943  5.218 0.5000000000
13571  -21.122  -67.510  5.953 0.5000000000
13577  -17.104  -67.489  4.176 0.6999999881
13580  -19.986  -67.779  4.232 0.5000000000
13589  -18.675  -67.965  3.019 0.6000000238
13614  -16.723  -67.214  1.964 0.6999999881
13630  -17.772  -67.178  0.510 0.6000000238
14245  -18.418  -66.328  9.350 0.6999999881
14256  -18.947  -66.161  8.445 0.6999999881
14274  -18.293  -67.088  8.156 0.6999999881
14310  -17.034  -67.046  4.631 0.6999999881
14320  -16.081  -66.194  2.355 0.6000000238
14332  -15.889  -66.103  1.866 0.6999999881
14362  -16.463  -66.310  0.770 0.5000000000
14379  -16.754  -65.924  -0.017 0.5000000000
14982  -17.397  -64.800  10.899 0.5000000000
15048  -17.564  -66.907  6.276 0.6999999881
15104  -15.516  -65.355  1.407 0.6000000238
15119  -15.438  -65.175  0.811 0.6000000238
15126  -15.730  -64.906  0.196 0.4000000060
15127  -16.375  -65.293  -0.085 0.5000000000
15712  -16.908  -64.453  11.603 0.5000000000
15723  -18.955  -64.227  10.237 0.6000000238
15732  -19.475  -64.266  9.434 0.6000000238
15739  -19.761  -64.249  8.354 0.6000000238
15749  -19.637  -64.573  7.416 0.6000000238
15755  -19.320  -64.777  6.586 0.6000000238
15761  -18.753  -64.593  5.360 0.5000000000
15774  -16.532  -64.384  2.755 0.6000000238
15786  -15.724  -63.949  2.303 0.6000000238
15798  -14.601  -64.041  1.205 0.5000000000
15807  -14.601  -63.967  0.797 0.5000000000
15808  -15.111  -64.445  0.556 0.5000000000
15816  -14.873  -63.816  0.385 0.4000000060
16429  -15.678  -63.417  13.019 0.5000000000
16430  -16.358  -63.561  12.585 0.5000000000
16460  -19.126  -62.977  9.571 0.6000000238
16506  -17.883  -63.378  4.151 0.4000000060
16523  -14.899  -63.902  1.768 0.6000000238
16532  -14.213  -63.428  1.058 0.6000000238
17185  -14.798  -62.561  13.457 0.5000000000
17187  -15.985  -62.247  13.132 0.5000000000
17221  -17.712  -61.835  11.050 0.6000000238
17240  -18.603  -62.354  8.356 0.6999999881
17263  -18.723  -62.665  6.451 0.6000000238
17269  -18.368  -62.930  4.973 0.5000000000
17286  -13.724  -62.201  1.964 0.6000000238
17288  -15.683  -62.242  3.776 0.6000000238
17298  -13.944  -62.817  1.476 0.5000000000
17323  -13.847  -62.249  0.870 0.5000000000
17324  -14.322  -62.597  0.608 0.4000000060
17325  -15.051  -62.567  0.336 0.4000000060
18066  -16.783  -61.124  7.607 0.6000000238
18099  -13.844  -60.808  3.204 0.6000000238
18115  -13.507  -60.924  1.821 0.6000000238
18127  -13.691  -61.605  1.136 0.5000000000
18143  -14.041  -61.930  0.728 0.5000000000
18989  -15.791  -60.517  5.898 0.6000000238
19816  -16.620  -59.875  13.176 0.4000000060
19880  -17.244  -59.773  8.453 0.6000000238
19888  -16.429  -59.986  7.271 0.6000000238
19920  -13.967  -59.612  3.530 0.6000000238
19953  -13.648  -59.429  2.048 0.6000000238
19954  -14.007  -59.506  1.692 0.6000000238
19955  -14.779  -59.629  1.395 0.5000000000
20744  -18.762  -59.108  9.947 0.6000000238
20777  -18.579  -58.495  6.709 0.5000000000
20809  -14.024  -58.958  3.430 0.6000000238
20811  -15.412  -58.605  4.406 0.6999999881
20813  -17.104  -58.083  4.770 0.6999999881
20826  -13.746  -58.713  2.992 0.6000000238
20835  -13.794  -58.780  2.470 0.6000000238
21629  -19.607  -57.514  6.460 0.5000000000
22479  -15.616  -56.713  1.965 0.5000000000
22480  -16.451  -56.516  1.790 0.4000000060
23191  -14.725  -54.703  4.088 0.5000000000
23209  -18.145  -55.937  4.723 0.5000000000
23217  -14.420  -55.542  3.158 0.5000000000
23979  -14.476  -54.423  3.582 0.5000000000
23989  -14.493  -54.656  3.130 0.5000000000
24703  -16.418  -53.265  4.561 0.5000000000
24728  -14.502  -53.721  3.918 0.5000000000
24742  -15.270  -52.812  3.048 0.5000000000
26254  -17.715  -51.663  2.434 0.4000000060
26982  -14.799  -50.857  3.932 0.4000000060
27729  -15.971  -49.198  3.138 0.4000000060
30072  -17.298  -46.692  2.919 0.5000000000
98948  -14.910  -62.520  2.929 0.6000000238
99033  -13.563  -60.632  2.539 0.6000000238
99509  -17.583  -59.946  10.071 0.6000000238
101276  -17.603  -67.757  3.428 0.6000000238
101382  -17.221  -66.593  0.266 0.5000000000
101687  -19.452  -51.620  2.107 0.4000000060
102040  -14.852  -61.191  13.622 0.5000000000
102098  -17.105  -60.205  12.538 0.5000000000
105366  -17.326  -66.948  5.718 0.6999999881
105385  -16.535  -62.239  12.692 0.5000000000
105895  -18.761  -62.941  5.726 0.5000000000
108833  -14.508  -55.632  3.411 0.5000000000
108923  -21.547  -68.875  8.077 0.4000000060
109181  -18.880  -65.848  9.274 0.6999999881
110950  -13.795  -60.867  1.351 0.6000000238
113683  -19.691  -64.240  8.940 0.6000000238
114463  -15.320  -49.628  3.954 0.4000000060
115815  -17.898  -67.757  1.929 0.6000000238
115881  -18.077  -65.945  9.752 0.5000000000
116489  -15.265  -63.699  0.144 0.4000000060
116599  -22.250  -68.917  7.865 0.5000000000
116999  -16.493  -61.369  6.397 0.5000000000
